tradingdate,tradingtime,symbol,lastprice,buyprice01,sellprice01
2025-08-01,2025-08-01 09:29:00.000,MO2508-C-7500,2.0,1.0,3.6
2025-08-01,2025-08-01 09:30:00.500,MO2508-C-7500,2.0,1.0,3.6
2025-08-01,2025-08-01 09:30:01.000,MO2508-C-7500,2.0,1.0,3.6
2025-08-01,2025-08-01 09:30:01.500,MO2508-C-7500,2.0,1.0,3.6
2025-08-01,2025-08-01 09:30:02.000,MO2508-C-7500,2.0,1.0,3.6
2025-08-01,2025-08-01 09:30:03.500,MO2508-C-7500,2.0,1.0,3.6
2025-08-01,2025-08-01 09:30:04.500,MO2508-C-7500,2.0,1.0,3.6
2025-08-01,2025-08-01 09:30:05.000,MO2508-C-7500,2.0,1.2,3.4
2025-08-01,2025-08-01 09:30:10.500,MO2508-C-7500,2.0,1.2,3.4
2025-08-01,2025-08-01 09:30:11.000,MO2508-C-7500,2.0,1.4,3.4
2025-08-01,2025-08-01 09:30:11.500,MO2508-C-7500,2.0,1.6,3.4
2025-08-01,2025-08-01 09:30:12.000,MO2508-C-7500,2.0,1.8,3.2
2025-08-01,2025-08-01 09:30:12.500,MO2508-C-7500,2.0,1.8,3.0
2025-08-01,2025-08-01 09:30:13.000,MO2508-C-7500,2.0,2.0,2.8
2025-08-01,2025-08-01 09:30:13.500,MO2508-C-7500,2.0,2.0,2.6
2025-08-01,2025-08-01 09:30:14.000,MO2508-C-7500,2.0,2.0,2.6
2025-08-01,2025-08-01 09:30:14.500,MO2508-C-7500,2.0,2.0,2.6
2025-08-01,2025-08-01 09:30:15.000,MO2508-C-7500,2.0,2.0,2.6
2025-08-01,2025-08-01 09:30:15.500,MO2508-C-7500,2.0,2.0,2.6
2025-08-01,2025-08-01 09:30:16.000,MO2508-C-7500,2.0,2.0,2.4
2025-08-01,2025-08-01 09:30:16.500,MO2508-C-7500,2.0,2.0,2.2
2025-08-01,2025-08-01 09:30:17.000,MO2508-C-7500,2.0,2.0,2.2
2025-08-01,2025-08-01 09:30:17.500,MO2508-C-7500,2.0,2.0,2.2
2025-08-01,2025-08-01 09:30:18.000,MO2508-C-7500,2.0,2.0,2.2
2025-08-01,2025-08-01 09:30:18.500,MO2508-C-7500,2.0,2.0,2.2
2025-08-01,2025-08-01 09:30:19.500,MO2508-C-7500,2.0,2.0,2.2
2025-08-01,2025-08-01 09:30:20.000,MO2508-C-7500,2.0,2.0,2.2
2025-08-01,2025-08-01 09:30:21.000,MO2508-C-7500,2.0,2.0,2.2
2025-08-01,2025-08-01 09:30:22.000,MO2508-C-7500,2.0,2.0,2.2
2025-08-01,2025-08-01 09:30:22.500,MO2508-C-7500,2.0,2.0,2.2
2025-08-01,2025-08-01 09:30:23.000,MO2508-C-7500,2.0,2.0,2.2
2025-08-01,2025-08-01 09:30:23.500,MO2508-C-7500,2.0,2.0,2.2
2025-08-01,2025-08-01 09:30:24.000,MO2508-C-7500,2.0,1.8,2.2
2025-08-01,2025-08-01 09:30:24.500,MO2508-C-7500,2.0,1.8,2.2
2025-08-01,2025-08-01 09:30:26.000,MO2508-C-7500,2.0,1.8,2.2
2025-08-01,2025-08-01 09:30:26.500,MO2508-C-7500,2.0,1.8,2.2
2025-08-01,2025-08-01 09:30:27.000,MO2508-C-7500,2.0,1.8,2.2
2025-08-01,2025-08-01 09:30:28.500,MO2508-C-7500,2.0,1.8,2.2
2025-08-01,2025-08-01 09:30:29.000,MO2508-C-7500,2.0,1.8,2.2
2025-08-01,2025-08-01 09:30:29.500,MO2508-C-7500,2.0,1.8,2.2
2025-08-01,2025-08-01 09:30:30.000,MO2508-C-7500,2.0,1.8,2.2
2025-08-01,2025-08-01 09:30:30.500,MO2508-C-7500,2.0,1.8,2.2
2025-08-01,2025-08-01 09:30:34.500,MO2508-C-7500,2.0,1.8,2.2
2025-08-01,2025-08-01 09:30:35.000,MO2508-C-7500,2.0,2.0,2.2
2025-08-01,2025-08-01 09:30:35.500,MO2508-C-7500,2.0,2.0,2.2
2025-08-01,2025-08-01 09:30:38.000,MO2508-C-7500,2.0,2.0,2.2
2025-08-01,2025-08-01 09:30:38.500,MO2508-C-7500,2.0,2.0,2.2
2025-08-01,2025-08-01 09:30:40.500,MO2508-C-7500,2.0,2.0,2.2
2025-08-01,2025-08-01 09:30:42.000,MO2508-C-7500,2.0,1.8,2.2
2025-08-01,2025-08-01 09:30:42.500,MO2508-C-7500,2.0,1.8,2.2
2025-08-01,2025-08-01 09:30:45.500,MO2508-C-7500,2.0,1.8,2.2
2025-08-01,2025-08-01 09:30:48.500,MO2508-C-7500,2.0,1.8,2.2
2025-08-01,2025-08-01 09:30:49.000,MO2508-C-7500,2.0,1.8,2.2
2025-08-01,2025-08-01 09:30:49.500,MO2508-C-7500,2.0,1.8,2.2
2025-08-01,2025-08-01 09:30:50.000,MO2508-C-7500,2.0,1.8,2.2
2025-08-01,2025-08-01 09:30:50.500,MO2508-C-7500,2.0,1.8,2.2
2025-08-01,2025-08-01 09:30:51.000,MO2508-C-7500,2.0,1.8,2.2
2025-08-01,2025-08-01 09:30:51.500,MO2508-C-7500,2.0,1.8,2.2
2025-08-01,2025-08-01 09:30:52.000,MO2508-C-7500,2.0,1.8,2.2
2025-08-01,2025-08-01 09:30:52.500,MO2508-C-7500,2.0,1.8,2.2
2025-08-01,2025-08-01 09:30:53.000,MO2508-C-7500,2.0,1.8,2.2
2025-08-01,2025-08-01 09:30:53.500,MO2508-C-7500,2.0,1.8,2.2
2025-08-01,2025-08-01 09:30:54.000,MO2508-C-7500,2.0,1.8,2.2
2025-08-01,2025-08-01 09:30:54.500,MO2508-C-7500,2.0,1.8,2.2
2025-08-01,2025-08-01 09:30:55.000,MO2508-C-7500,2.0,1.8,2.2
2025-08-01,2025-08-01 09:30:55.500,MO2508-C-7500,2.0,1.8,2.2
2025-08-01,2025-08-01 09:30:56.000,MO2508-C-7500,2.0,1.8,2.2
2025-08-01,2025-08-01 09:30:56.500,MO2508-C-7500,2.0,1.8,2.2
2025-08-01,2025-08-01 09:30:57.000,MO2508-C-7500,2.0,1.8,2.2
2025-08-01,2025-08-01 09:30:57.500,MO2508-C-7500,2.0,1.8,2.2
2025-08-01,2025-08-01 09:30:58.000,MO2508-C-7500,2.0,1.8,2.2
2025-08-01,2025-08-01 09:30:58.500,MO2508-C-7500,2.0,1.8,2.2
2025-08-01,2025-08-01 09:30:59.000,MO2508-C-7500,2.0,1.8,2.2
2025-08-01,2025-08-01 09:30:59.500,MO2508-C-7500,2.0,1.8,2.2
2025-08-01,2025-08-01 09:31:00.000,MO2508-C-7500,2.0,1.8,2.2
2025-08-01,2025-08-01 09:31:00.500,MO2508-C-7500,2.0,1.8,2.2
2025-08-01,2025-08-01 09:31:01.000,MO2508-C-7500,2.0,1.8,2.2
2025-08-01,2025-08-01 09:31:01.500,MO2508-C-7500,2.0,1.8,2.2
2025-08-01,2025-08-01 09:31:03.000,MO2508-C-7500,2.0,1.8,2.2
2025-08-01,2025-08-01 09:31:03.500,MO2508-C-7500,2.0,1.8,2.2
2025-08-01,2025-08-01 09:31:04.000,MO2508-C-7500,2.0,1.8,2.2
2025-08-01,2025-08-01 09:31:07.500,MO2508-C-7500,2.0,1.8,2.2
2025-08-01,2025-08-01 09:31:08.500,MO2508-C-7500,2.0,1.8,2.2
2025-08-01,2025-08-01 09:31:11.000,MO2508-C-7500,2.0,1.8,2.2
2025-08-01,2025-08-01 09:31:11.500,MO2508-C-7500,2.0,1.8,2.2
2025-08-01,2025-08-01 09:31:12.000,MO2508-C-7500,2.0,1.8,2.2
2025-08-01,2025-08-01 09:31:12.500,MO2508-C-7500,2.0,1.8,2.2
2025-08-01,2025-08-01 09:31:13.000,MO2508-C-7500,2.0,1.8,2.2
2025-08-01,2025-08-01 09:31:13.500,MO2508-C-7500,2.0,1.8,2.2
2025-08-01,2025-08-01 09:31:14.000,MO2508-C-7500,2.0,1.8,2.2
2025-08-01,2025-08-01 09:31:16.500,MO2508-C-7500,2.0,1.8,2.2
2025-08-01,2025-08-01 09:31:21.000,MO2508-C-7500,2.0,1.8,2.2
2025-08-01,2025-08-01 09:31:21.500,MO2508-C-7500,2.0,1.8,2.2
2025-08-01,2025-08-01 09:31:22.500,MO2508-C-7500,2.0,1.8,2.2
2025-08-01,2025-08-01 09:31:24.500,MO2508-C-7500,2.0,1.8,2.2
2025-08-01,2025-08-01 09:31:31.500,MO2508-C-7500,2.0,1.8,2.2
2025-08-01,2025-08-01 09:31:32.500,MO2508-C-7500,2.0,1.8,2.2
2025-08-01,2025-08-01 09:31:37.500,MO2508-C-7500,2.0,1.8,2.2
2025-08-01,2025-08-01 09:31:44.000,MO2508-C-7500,2.0,1.8,2.2
2025-08-01,2025-08-01 09:31:52.000,MO2508-C-7500,2.0,1.8,2.2
2025-08-01,2025-08-01 09:31:54.000,MO2508-C-7500,2.0,1.8,2.2
2025-08-01,2025-08-01 09:31:56.500,MO2508-C-7500,2.0,1.8,2.2
2025-08-01,2025-08-01 09:31:57.500,MO2508-C-7500,2.0,1.8,2.2
2025-08-01,2025-08-01 09:31:58.500,MO2508-C-7500,2.0,1.8,2.2
2025-08-01,2025-08-01 09:31:59.500,MO2508-C-7500,2.0,1.8,2.2
2025-08-01,2025-08-01 09:32:05.000,MO2508-C-7500,2.0,1.8,2.2
2025-08-01,2025-08-01 09:32:06.000,MO2508-C-7500,2.0,1.8,2.2
2025-08-01,2025-08-01 09:32:06.500,MO2508-C-7500,2.0,1.8,2.2
2025-08-01,2025-08-01 09:32:07.500,MO2508-C-7500,2.0,1.8,2.2
2025-08-01,2025-08-01 09:32:09.500,MO2508-C-7500,2.0,1.8,2.2
2025-08-01,2025-08-01 09:32:10.000,MO2508-C-7500,2.0,1.8,2.2
2025-08-01,2025-08-01 09:32:11.000,MO2508-C-7500,2.0,1.8,2.2
2025-08-01,2025-08-01 09:32:12.000,MO2508-C-7500,2.0,1.8,2.2
2025-08-01,2025-08-01 09:32:13.000,MO2508-C-7500,2.0,1.8,2.2
2025-08-01,2025-08-01 09:32:14.000,MO2508-C-7500,2.0,1.8,2.2
2025-08-01,2025-08-01 09:32:18.500,MO2508-C-7500,2.0,1.8,2.2
2025-08-01,2025-08-01 09:32:19.000,MO2508-C-7500,2.0,1.8,2.2
2025-08-01,2025-08-01 09:32:20.000,MO2508-C-7500,2.0,1.8,2.2
2025-08-01,2025-08-01 09:32:25.000,MO2508-C-7500,2.0,1.8,2.2
2025-08-01,2025-08-01 09:32:26.500,MO2508-C-7500,2.0,1.8,2.2
2025-08-01,2025-08-01 09:32:27.000,MO2508-C-7500,2.0,1.8,2.2
2025-08-01,2025-08-01 09:32:33.000,MO2508-C-7500,2.0,1.8,2.2
2025-08-01,2025-08-01 09:32:35.500,MO2508-C-7500,2.0,1.8,2.2
2025-08-01,2025-08-01 09:32:37.500,MO2508-C-7500,2.0,1.8,2.2
2025-08-01,2025-08-01 09:32:43.000,MO2508-C-7500,2.0,1.8,2.2
2025-08-01,2025-08-01 09:32:44.000,MO2508-C-7500,2.0,1.8,2.2
2025-08-01,2025-08-01 09:32:45.000,MO2508-C-7500,2.0,1.8,2.2
2025-08-01,2025-08-01 09:32:47.500,MO2508-C-7500,2.0,1.8,2.2
2025-08-01,2025-08-01 09:32:55.000,MO2508-C-7500,2.0,1.8,2.2
2025-08-01,2025-08-01 09:33:02.000,MO2508-C-7500,2.0,1.8,2.2
2025-08-01,2025-08-01 09:33:02.500,MO2508-C-7500,2.0,1.8,2.2
2025-08-01,2025-08-01 09:33:03.000,MO2508-C-7500,2.0,1.8,2.2
2025-08-01,2025-08-01 09:33:03.500,MO2508-C-7500,2.0,1.8,2.2
2025-08-01,2025-08-01 09:33:04.000,MO2508-C-7500,2.0,1.8,2.2
2025-08-01,2025-08-01 09:33:05.000,MO2508-C-7500,2.0,1.8,2.0
2025-08-01,2025-08-01 09:33:05.500,MO2508-C-7500,2.0,1.8,2.0
2025-08-01,2025-08-01 09:33:06.000,MO2508-C-7500,2.0,1.8,2.0
2025-08-01,2025-08-01 09:33:07.000,MO2508-C-7500,2.0,1.8,2.0
2025-08-01,2025-08-01 09:33:07.500,MO2508-C-7500,2.0,1.8,2.0
2025-08-01,2025-08-01 09:33:10.500,MO2508-C-7500,2.0,1.8,2.0
2025-08-01,2025-08-01 09:33:12.500,MO2508-C-7500,2.0,1.8,2.0
2025-08-01,2025-08-01 09:33:15.500,MO2508-C-7500,2.0,1.8,2.0
2025-08-01,2025-08-01 09:33:16.500,MO2508-C-7500,2.0,1.8,2.0
2025-08-01,2025-08-01 09:33:22.500,MO2508-C-7500,2.0,1.8,2.0
2025-08-01,2025-08-01 09:33:31.000,MO2508-C-7500,2.0,1.8,2.0
2025-08-01,2025-08-01 09:33:32.000,MO2508-C-7500,2.0,1.8,2.0
2025-08-01,2025-08-01 09:33:33.000,MO2508-C-7500,2.0,1.8,2.0
2025-08-01,2025-08-01 09:33:34.500,MO2508-C-7500,2.0,1.8,2.2
2025-08-01,2025-08-01 09:33:35.000,MO2508-C-7500,2.0,1.8,2.2
2025-08-01,2025-08-01 09:33:35.500,MO2508-C-7500,2.0,1.8,2.2
2025-08-01,2025-08-01 09:33:36.000,MO2508-C-7500,2.0,1.8,2.2
2025-08-01,2025-08-01 09:33:37.500,MO2508-C-7500,2.0,1.8,2.2
2025-08-01,2025-08-01 09:33:41.000,MO2508-C-7500,2.0,1.8,2.2
2025-08-01,2025-08-01 09:33:42.000,MO2508-C-7500,2.0,1.8,2.2
2025-08-01,2025-08-01 09:34:03.000,MO2508-C-7500,2.0,1.8,2.2
2025-08-01,2025-08-01 09:34:04.000,MO2508-C-7500,2.0,1.8,2.2
2025-08-01,2025-08-01 09:34:04.500,MO2508-C-7500,2.0,1.8,2.2
2025-08-01,2025-08-01 09:34:05.000,MO2508-C-7500,2.0,1.8,2.2
2025-08-01,2025-08-01 09:34:05.500,MO2508-C-7500,2.0,1.8,2.2
2025-08-01,2025-08-01 09:34:08.000,MO2508-C-7500,2.0,1.8,2.2
2025-08-01,2025-08-01 09:34:09.500,MO2508-C-7500,2.0,1.8,2.2
2025-08-01,2025-08-01 09:34:15.500,MO2508-C-7500,2.0,1.8,2.2
2025-08-01,2025-08-01 09:34:16.000,MO2508-C-7500,2.0,1.8,2.2
2025-08-01,2025-08-01 09:34:20.500,MO2508-C-7500,2.0,1.8,2.2
2025-08-01,2025-08-01 09:34:24.000,MO2508-C-7500,2.0,1.8,2.2
2025-08-01,2025-08-01 09:34:37.000,MO2508-C-7500,2.0,1.8,2.2
2025-08-01,2025-08-01 09:34:39.000,MO2508-C-7500,2.0,1.8,2.2
2025-08-01,2025-08-01 09:34:43.000,MO2508-C-7500,2.0,1.8,2.2
2025-08-01,2025-08-01 09:34:45.000,MO2508-C-7500,2.0,1.8,2.2
2025-08-01,2025-08-01 09:34:48.000,MO2508-C-7500,2.0,1.8,2.2
2025-08-01,2025-08-01 09:34:49.000,MO2508-C-7500,2.0,1.8,2.2
2025-08-01,2025-08-01 09:34:52.000,MO2508-C-7500,2.0,1.8,2.0
2025-08-01,2025-08-01 09:34:52.500,MO2508-C-7500,2.0,1.8,2.0
2025-08-01,2025-08-01 09:34:53.500,MO2508-C-7500,2.0,1.8,2.0
2025-08-01,2025-08-01 09:34:55.000,MO2508-C-7500,2.0,1.8,2.0
2025-08-01,2025-08-01 09:34:55.500,MO2508-C-7500,2.0,1.8,2.0
2025-08-01,2025-08-01 09:34:56.000,MO2508-C-7500,2.0,1.8,2.0
2025-08-01,2025-08-01 09:34:57.500,MO2508-C-7500,2.0,1.8,2.0
2025-08-01,2025-08-01 09:35:02.500,MO2508-C-7500,2.0,1.8,2.0
2025-08-01,2025-08-01 09:35:03.000,MO2508-C-7500,2.0,1.8,2.0
2025-08-01,2025-08-01 09:35:04.500,MO2508-C-7500,2.0,1.8,2.2
2025-08-01,2025-08-01 09:35:05.000,MO2508-C-7500,2.0,1.8,2.2
2025-08-01,2025-08-01 09:35:05.500,MO2508-C-7500,2.0,1.8,2.2
2025-08-01,2025-08-01 09:35:06.000,MO2508-C-7500,2.0,1.8,2.2
2025-08-01,2025-08-01 09:35:06.500,MO2508-C-7500,2.0,1.8,2.2
2025-08-01,2025-08-01 09:35:08.000,MO2508-C-7500,2.0,1.8,2.2
2025-08-01,2025-08-01 09:35:08.500,MO2508-C-7500,2.0,1.8,2.2
2025-08-01,2025-08-01 09:35:09.000,MO2508-C-7500,2.0,1.8,2.2
2025-08-01,2025-08-01 09:35:11.000,MO2508-C-7500,2.0,1.8,2.2
2025-08-01,2025-08-01 09:35:11.500,MO2508-C-7500,2.0,1.8,2.2
2025-08-01,2025-08-01 09:35:12.500,MO2508-C-7500,2.0,1.8,2.2
2025-08-01,2025-08-01 09:35:13.500,MO2508-C-7500,2.0,1.8,2.2
2025-08-01,2025-08-01 09:35:19.500,MO2508-C-7500,2.0,1.8,2.2
2025-08-01,2025-08-01 09:35:20.000,MO2508-C-7500,2.0,1.8,2.0
2025-08-01,2025-08-01 09:35:21.500,MO2508-C-7500,2.0,1.8,2.2
2025-08-01,2025-08-01 09:35:22.000,MO2508-C-7500,2.0,1.8,2.2
2025-08-01,2025-08-01 09:35:27.500,MO2508-C-7500,2.0,1.8,2.2
2025-08-01,2025-08-01 09:35:34.500,MO2508-C-7500,2.0,1.8,2.2
2025-08-01,2025-08-01 09:35:35.500,MO2508-C-7500,2.0,1.8,2.2
2025-08-01,2025-08-01 09:35:36.000,MO2508-C-7500,2.0,1.8,2.2
2025-08-01,2025-08-01 09:35:36.500,MO2508-C-7500,2.0,1.8,2.2
2025-08-01,2025-08-01 09:35:37.000,MO2508-C-7500,2.0,1.8,2.2
2025-08-01,2025-08-01 09:35:40.000,MO2508-C-7500,2.0,1.8,2.2
2025-08-01,2025-08-01 09:35:51.500,MO2508-C-7500,2.0,1.8,2.2
2025-08-01,2025-08-01 09:35:56.500,MO2508-C-7500,2.0,1.8,2.2
2025-08-01,2025-08-01 09:35:57.500,MO2508-C-7500,2.0,1.8,2.2
2025-08-01,2025-08-01 09:36:00.000,MO2508-C-7500,2.0,1.8,2.2
2025-08-01,2025-08-01 09:36:00.500,MO2508-C-7500,2.0,1.8,2.2
2025-08-01,2025-08-01 09:36:01.500,MO2508-C-7500,2.0,1.8,2.2
2025-08-01,2025-08-01 09:36:02.000,MO2508-C-7500,2.0,1.8,2.2
2025-08-01,2025-08-01 09:36:03.000,MO2508-C-7500,2.0,1.8,2.2
2025-08-01,2025-08-01 09:36:03.500,MO2508-C-7500,2.0,1.8,2.2
2025-08-01,2025-08-01 09:36:05.000,MO2508-C-7500,2.0,1.8,2.2
2025-08-01,2025-08-01 09:36:05.500,MO2508-C-7500,2.0,1.8,2.2
2025-08-01,2025-08-01 09:36:06.000,MO2508-C-7500,2.0,1.8,2.2
2025-08-01,2025-08-01 09:36:06.500,MO2508-C-7500,2.0,1.8,2.2
2025-08-01,2025-08-01 09:36:07.000,MO2508-C-7500,2.0,1.8,2.2
2025-08-01,2025-08-01 09:36:09.000,MO2508-C-7500,2.0,1.8,2.2
2025-08-01,2025-08-01 09:36:12.000,MO2508-C-7500,2.0,1.8,2.2
2025-08-01,2025-08-01 09:36:12.500,MO2508-C-7500,2.0,1.8,2.2
2025-08-01,2025-08-01 09:36:14.000,MO2508-C-7500,2.0,1.8,2.2
2025-08-01,2025-08-01 09:36:14.500,MO2508-C-7500,2.0,1.8,2.2
2025-08-01,2025-08-01 09:36:15.500,MO2508-C-7500,2.0,1.8,2.2
2025-08-01,2025-08-01 09:36:16.000,MO2508-C-7500,2.0,1.8,2.2
2025-08-01,2025-08-01 09:36:16.500,MO2508-C-7500,2.0,1.8,2.2
2025-08-01,2025-08-01 09:36:17.000,MO2508-C-7500,2.0,1.8,2.2
2025-08-01,2025-08-01 09:36:17.500,MO2508-C-7500,2.0,1.8,2.2
2025-08-01,2025-08-01 09:36:19.500,MO2508-C-7500,2.0,1.8,2.2
2025-08-01,2025-08-01 09:36:20.500,MO2508-C-7500,2.0,1.8,2.2
2025-08-01,2025-08-01 09:36:25.000,MO2508-C-7500,2.0,1.8,2.2
2025-08-01,2025-08-01 09:36:27.000,MO2508-C-7500,2.0,1.8,2.2
2025-08-01,2025-08-01 09:36:27.500,MO2508-C-7500,2.0,1.8,2.2
2025-08-01,2025-08-01 09:36:34.500,MO2508-C-7500,2.0,1.8,2.2
2025-08-01,2025-08-01 09:36:36.000,MO2508-C-7500,2.0,1.8,2.2
2025-08-01,2025-08-01 09:36:36.500,MO2508-C-7500,2.0,1.8,2.2
2025-08-01,2025-08-01 09:36:37.000,MO2508-C-7500,2.0,1.8,2.2
2025-08-01,2025-08-01 09:36:38.500,MO2508-C-7500,2.0,1.8,2.2
2025-08-01,2025-08-01 09:36:39.000,MO2508-C-7500,2.0,1.8,2.2
2025-08-01,2025-08-01 09:36:41.000,MO2508-C-7500,2.0,1.8,2.2
2025-08-01,2025-08-01 09:36:41.500,MO2508-C-7500,2.0,1.8,2.0
2025-08-01,2025-08-01 09:36:42.500,MO2508-C-7500,2.0,1.8,2.0
2025-08-01,2025-08-01 09:36:43.500,MO2508-C-7500,2.0,1.8,2.0
2025-08-01,2025-08-01 09:36:45.000,MO2508-C-7500,2.0,1.8,2.0
2025-08-01,2025-08-01 09:36:45.500,MO2508-C-7500,2.0,1.8,2.0
2025-08-01,2025-08-01 09:36:46.000,MO2508-C-7500,2.0,1.8,2.0
2025-08-01,2025-08-01 09:36:46.500,MO2508-C-7500,2.0,1.8,2.0
2025-08-01,2025-08-01 09:36:47.000,MO2508-C-7500,2.0,1.8,2.2
2025-08-01,2025-08-01 09:36:57.500,MO2508-C-7500,2.0,1.8,2.2
2025-08-01,2025-08-01 09:36:58.000,MO2508-C-7500,2.0,1.8,2.2
2025-08-01,2025-08-01 09:36:58.500,MO2508-C-7500,2.0,1.8,2.2
2025-08-01,2025-08-01 09:37:02.000,MO2508-C-7500,2.0,1.8,2.2
2025-08-01,2025-08-01 09:37:05.000,MO2508-C-7500,2.0,1.8,2.2
2025-08-01,2025-08-01 09:37:06.000,MO2508-C-7500,2.0,1.8,2.2
2025-08-01,2025-08-01 09:37:06.500,MO2508-C-7500,2.0,1.8,2.2
2025-08-01,2025-08-01 09:37:07.000,MO2508-C-7500,2.0,1.8,2.2
2025-08-01,2025-08-01 09:37:12.500,MO2508-C-7500,2.0,1.8,2.2
2025-08-01,2025-08-01 09:37:13.000,MO2508-C-7500,2.0,1.8,2.2
2025-08-01,2025-08-01 09:37:14.000,MO2508-C-7500,2.0,1.8,2.2
2025-08-01,2025-08-01 09:37:20.000,MO2508-C-7500,2.0,1.8,2.2
2025-08-01,2025-08-01 09:37:20.500,MO2508-C-7500,2.0,1.8,2.2
2025-08-01,2025-08-01 09:37:21.000,MO2508-C-7500,2.0,1.8,2.2
2025-08-01,2025-08-01 09:37:23.500,MO2508-C-7500,2.0,1.8,2.2
2025-08-01,2025-08-01 09:37:26.000,MO2508-C-7500,2.0,1.8,2.2
2025-08-01,2025-08-01 09:37:26.500,MO2508-C-7500,2.0,2.0,2.2
2025-08-01,2025-08-01 09:37:27.000,MO2508-C-7500,2.0,2.0,2.2
2025-08-01,2025-08-01 09:37:27.500,MO2508-C-7500,2.2,2.0,2.2
2025-08-01,2025-08-01 09:37:31.000,MO2508-C-7500,2.2,2.0,2.2
2025-08-01,2025-08-01 09:37:31.500,MO2508-C-7500,2.2,2.0,2.2
2025-08-01,2025-08-01 09:37:33.500,MO2508-C-7500,2.2,2.0,2.2
2025-08-01,2025-08-01 09:37:34.000,MO2508-C-7500,2.2,2.0,2.2
2025-08-01,2025-08-01 09:37:36.500,MO2508-C-7500,2.2,2.0,2.2
2025-08-01,2025-08-01 09:37:37.000,MO2508-C-7500,2.2,2.0,2.2
2025-08-01,2025-08-01 09:37:37.500,MO2508-C-7500,2.2,2.0,2.2
2025-08-01,2025-08-01 09:37:38.000,MO2508-C-7500,2.2,2.0,2.2
2025-08-01,2025-08-01 09:37:50.500,MO2508-C-7500,2.2,2.0,2.2
2025-08-01,2025-08-01 09:38:06.500,MO2508-C-7500,2.2,2.0,2.2
2025-08-01,2025-08-01 09:38:07.000,MO2508-C-7500,2.2,2.0,2.2
2025-08-01,2025-08-01 09:38:11.500,MO2508-C-7500,2.2,2.0,2.2
2025-08-01,2025-08-01 09:38:12.000,MO2508-C-7500,2.2,2.0,2.2
2025-08-01,2025-08-01 09:38:21.500,MO2508-C-7500,2.2,2.0,2.2
2025-08-01,2025-08-01 09:38:36.500,MO2508-C-7500,2.2,2.0,2.2
2025-08-01,2025-08-01 09:38:37.000,MO2508-C-7500,2.2,2.0,2.2
2025-08-01,2025-08-01 09:38:43.500,MO2508-C-7500,2.2,2.0,2.2
2025-08-01,2025-08-01 09:38:44.000,MO2508-C-7500,2.2,2.0,2.2
2025-08-01,2025-08-01 09:38:44.500,MO2508-C-7500,2.2,2.0,2.2
2025-08-01,2025-08-01 09:38:46.000,MO2508-C-7500,2.2,2.0,2.2
2025-08-01,2025-08-01 09:38:54.500,MO2508-C-7500,2.2,2.0,2.2
2025-08-01,2025-08-01 09:38:55.000,MO2508-C-7500,2.2,2.0,2.2
2025-08-01,2025-08-01 09:38:56.500,MO2508-C-7500,2.2,2.0,2.2
2025-08-01,2025-08-01 09:39:03.500,MO2508-C-7500,2.2,2.0,2.2
2025-08-01,2025-08-01 09:39:05.000,MO2508-C-7500,2.2,2.0,2.2
2025-08-01,2025-08-01 09:39:06.500,MO2508-C-7500,2.2,2.0,2.2
2025-08-01,2025-08-01 09:39:07.000,MO2508-C-7500,2.2,2.0,2.2
2025-08-01,2025-08-01 09:39:15.000,MO2508-C-7500,2.2,2.0,2.2
2025-08-01,2025-08-01 09:39:17.000,MO2508-C-7500,2.2,2.0,2.2
2025-08-01,2025-08-01 09:39:18.500,MO2508-C-7500,2.2,2.0,2.2
2025-08-01,2025-08-01 09:39:36.500,MO2508-C-7500,2.2,2.0,2.2
2025-08-01,2025-08-01 09:39:37.000,MO2508-C-7500,2.2,2.0,2.2
2025-08-01,2025-08-01 09:39:48.000,MO2508-C-7500,2.0,2.0,2.2
2025-08-01,2025-08-01 09:39:48.500,MO2508-C-7500,2.0,2.0,2.2
2025-08-01,2025-08-01 09:39:52.500,MO2508-C-7500,2.0,2.0,2.2
2025-08-01,2025-08-01 09:39:53.000,MO2508-C-7500,2.0,2.0,2.2
2025-08-01,2025-08-01 09:39:53.500,MO2508-C-7500,2.0,2.0,2.2
2025-08-01,2025-08-01 09:39:54.000,MO2508-C-7500,2.0,2.0,2.2
2025-08-01,2025-08-01 09:39:55.500,MO2508-C-7500,2.0,2.0,2.2
2025-08-01,2025-08-01 09:39:56.000,MO2508-C-7500,2.0,2.0,2.2
2025-08-01,2025-08-01 09:39:56.500,MO2508-C-7500,2.0,2.0,2.2
2025-08-01,2025-08-01 09:39:57.000,MO2508-C-7500,2.0,2.0,2.2
2025-08-01,2025-08-01 09:39:58.000,MO2508-C-7500,2.0,2.0,2.2
2025-08-01,2025-08-01 09:40:01.500,MO2508-C-7500,2.0,2.0,2.2
2025-08-01,2025-08-01 09:40:02.000,MO2508-C-7500,2.0,2.0,2.2
2025-08-01,2025-08-01 09:40:02.500,MO2508-C-7500,2.0,2.0,2.2
2025-08-01,2025-08-01 09:40:03.000,MO2508-C-7500,2.0,2.0,2.2
2025-08-01,2025-08-01 09:40:03.500,MO2508-C-7500,2.0,2.0,2.2
2025-08-01,2025-08-01 09:40:04.000,MO2508-C-7500,2.0,2.0,2.2
2025-08-01,2025-08-01 09:40:06.500,MO2508-C-7500,2.0,2.0,2.2
2025-08-01,2025-08-01 09:40:07.000,MO2508-C-7500,2.0,2.0,2.2
2025-08-01,2025-08-01 09:40:07.500,MO2508-C-7500,2.0,2.0,2.2
2025-08-01,2025-08-01 09:40:08.000,MO2508-C-7500,2.0,2.0,2.2
2025-08-01,2025-08-01 09:40:09.000,MO2508-C-7500,2.0,2.0,2.2
2025-08-01,2025-08-01 09:40:14.500,MO2508-C-7500,2.0,2.0,2.2
2025-08-01,2025-08-01 09:40:15.000,MO2508-C-7500,2.0,2.0,2.2
2025-08-01,2025-08-01 09:40:16.000,MO2508-C-7500,2.0,2.0,2.2
2025-08-01,2025-08-01 09:40:24.000,MO2508-C-7500,2.0,2.0,2.2
2025-08-01,2025-08-01 09:40:36.500,MO2508-C-7500,2.0,2.0,2.2
2025-08-01,2025-08-01 09:40:37.000,MO2508-C-7500,2.0,2.0,2.2
2025-08-01,2025-08-01 09:40:37.500,MO2508-C-7500,2.0,2.0,2.2
2025-08-01,2025-08-01 09:40:38.500,MO2508-C-7500,2.0,2.0,2.2
2025-08-01,2025-08-01 09:40:39.000,MO2508-C-7500,2.0,2.0,2.2
2025-08-01,2025-08-01 09:40:39.500,MO2508-C-7500,2.0,2.0,2.2
2025-08-01,2025-08-01 09:40:40.000,MO2508-C-7500,2.0,2.0,2.2
2025-08-01,2025-08-01 09:40:46.000,MO2508-C-7500,2.0,2.0,2.2
2025-08-01,2025-08-01 09:40:46.500,MO2508-C-7500,2.0,2.0,2.2
2025-08-01,2025-08-01 09:40:47.000,MO2508-C-7500,2.0,2.0,2.2
2025-08-01,2025-08-01 09:40:47.500,MO2508-C-7500,2.0,2.0,2.2
2025-08-01,2025-08-01 09:40:48.000,MO2508-C-7500,2.0,2.0,2.2
2025-08-01,2025-08-01 09:41:06.500,MO2508-C-7500,2.0,2.0,2.2
2025-08-01,2025-08-01 09:41:07.000,MO2508-C-7500,2.0,2.0,2.2
2025-08-01,2025-08-01 09:41:07.500,MO2508-C-7500,2.0,2.0,2.2
2025-08-01,2025-08-01 09:41:08.000,MO2508-C-7500,2.0,2.0,2.2
2025-08-01,2025-08-01 09:41:16.000,MO2508-C-7500,2.0,2.0,2.2
2025-08-01,2025-08-01 09:41:16.500,MO2508-C-7500,2.0,2.0,2.2
2025-08-01,2025-08-01 09:41:17.000,MO2508-C-7500,2.0,2.0,2.2
2025-08-01,2025-08-01 09:41:18.500,MO2508-C-7500,2.0,2.0,2.2
2025-08-01,2025-08-01 09:41:21.000,MO2508-C-7500,2.0,2.0,2.2
2025-08-01,2025-08-01 09:41:22.500,MO2508-C-7500,2.0,2.0,2.2
2025-08-01,2025-08-01 09:41:23.000,MO2508-C-7500,2.0,2.0,2.2
2025-08-01,2025-08-01 09:41:23.500,MO2508-C-7500,2.0,2.0,2.2
2025-08-01,2025-08-01 09:41:24.000,MO2508-C-7500,2.0,2.0,2.2
2025-08-01,2025-08-01 09:41:31.500,MO2508-C-7500,2.0,2.0,2.2
2025-08-01,2025-08-01 09:41:32.500,MO2508-C-7500,2.0,2.0,2.2
2025-08-01,2025-08-01 09:41:33.000,MO2508-C-7500,2.0,2.0,2.2
2025-08-01,2025-08-01 09:41:35.000,MO2508-C-7500,2.0,2.0,2.2
2025-08-01,2025-08-01 09:41:36.000,MO2508-C-7500,2.0,2.0,2.2
2025-08-01,2025-08-01 09:41:36.500,MO2508-C-7500,2.0,2.0,2.2
2025-08-01,2025-08-01 09:41:37.000,MO2508-C-7500,2.0,2.0,2.2
2025-08-01,2025-08-01 09:41:37.500,MO2508-C-7500,2.0,2.0,2.2
2025-08-01,2025-08-01 09:41:38.000,MO2508-C-7500,2.0,2.0,2.2
2025-08-01,2025-08-01 09:41:40.000,MO2508-C-7500,2.0,2.0,2.2
2025-08-01,2025-08-01 09:41:42.000,MO2508-C-7500,2.0,2.0,2.2
2025-08-01,2025-08-01 09:41:43.000,MO2508-C-7500,2.0,2.0,2.2
2025-08-01,2025-08-01 09:41:49.500,MO2508-C-7500,2.0,2.0,2.2
2025-08-01,2025-08-01 09:41:50.000,MO2508-C-7500,2.0,2.0,2.2
2025-08-01,2025-08-01 09:41:51.000,MO2508-C-7500,2.0,2.0,2.2
2025-08-01,2025-08-01 09:41:52.500,MO2508-C-7500,2.0,2.0,2.2
2025-08-01,2025-08-01 09:41:58.000,MO2508-C-7500,2.0,2.0,2.2
2025-08-01,2025-08-01 09:42:00.000,MO2508-C-7500,2.0,2.0,2.2
2025-08-01,2025-08-01 09:42:01.000,MO2508-C-7500,2.0,2.0,2.2
2025-08-01,2025-08-01 09:42:02.500,MO2508-C-7500,2.0,2.0,2.2
2025-08-01,2025-08-01 09:42:03.500,MO2508-C-7500,2.0,2.0,2.2
2025-08-01,2025-08-01 09:42:05.000,MO2508-C-7500,2.0,2.0,2.2
2025-08-01,2025-08-01 09:42:06.500,MO2508-C-7500,2.0,2.0,2.2
2025-08-01,2025-08-01 09:42:07.000,MO2508-C-7500,2.0,2.0,2.2
2025-08-01,2025-08-01 09:42:16.500,MO2508-C-7500,2.0,2.0,2.2
2025-08-01,2025-08-01 09:42:22.000,MO2508-C-7500,2.0,2.0,2.2
2025-08-01,2025-08-01 09:42:23.000,MO2508-C-7500,2.0,2.0,2.2
2025-08-01,2025-08-01 09:42:28.000,MO2508-C-7500,2.0,2.0,2.2
2025-08-01,2025-08-01 09:42:29.000,MO2508-C-7500,2.0,2.0,2.2
2025-08-01,2025-08-01 09:42:31.000,MO2508-C-7500,2.0,2.0,2.2
2025-08-01,2025-08-01 09:42:33.000,MO2508-C-7500,2.0,2.0,2.2
2025-08-01,2025-08-01 09:42:34.000,MO2508-C-7500,2.0,2.0,2.2
2025-08-01,2025-08-01 09:42:35.000,MO2508-C-7500,2.0,2.0,2.2
2025-08-01,2025-08-01 09:42:36.000,MO2508-C-7500,2.0,2.0,2.2
2025-08-01,2025-08-01 09:42:36.500,MO2508-C-7500,2.0,2.0,2.2
2025-08-01,2025-08-01 09:42:37.000,MO2508-C-7500,2.0,2.0,2.2
2025-08-01,2025-08-01 09:42:38.000,MO2508-C-7500,2.0,2.0,2.2
2025-08-01,2025-08-01 09:42:39.000,MO2508-C-7500,2.0,2.0,2.2
2025-08-01,2025-08-01 09:42:41.000,MO2508-C-7500,2.0,2.0,2.2
2025-08-01,2025-08-01 09:42:41.500,MO2508-C-7500,2.0,2.0,2.2
2025-08-01,2025-08-01 09:42:42.000,MO2508-C-7500,2.0,2.0,2.2
2025-08-01,2025-08-01 09:42:48.000,MO2508-C-7500,2.0,2.0,2.2
2025-08-01,2025-08-01 09:42:49.000,MO2508-C-7500,2.0,2.0,2.2
2025-08-01,2025-08-01 09:42:50.000,MO2508-C-7500,2.0,2.0,2.2
2025-08-01,2025-08-01 09:42:59.500,MO2508-C-7500,2.0,2.0,2.2
2025-08-01,2025-08-01 09:43:00.000,MO2508-C-7500,2.0,2.0,2.2
2025-08-01,2025-08-01 09:43:01.000,MO2508-C-7500,2.0,2.0,2.2
2025-08-01,2025-08-01 09:43:01.500,MO2508-C-7500,2.0,2.0,2.2
2025-08-01,2025-08-01 09:43:02.000,MO2508-C-7500,2.0,2.0,2.2
2025-08-01,2025-08-01 09:43:02.500,MO2508-C-7500,2.0,2.0,2.2
2025-08-01,2025-08-01 09:43:03.000,MO2508-C-7500,2.0,2.0,2.2
2025-08-01,2025-08-01 09:43:04.500,MO2508-C-7500,2.0,2.0,2.2
2025-08-01,2025-08-01 09:43:05.500,MO2508-C-7500,2.0,2.0,2.2
2025-08-01,2025-08-01 09:43:06.500,MO2508-C-7500,2.0,2.0,2.2
2025-08-01,2025-08-01 09:43:07.000,MO2508-C-7500,2.0,2.0,2.2
2025-08-01,2025-08-01 09:43:08.500,MO2508-C-7500,2.0,2.0,2.2
2025-08-01,2025-08-01 09:43:09.500,MO2508-C-7500,2.0,2.0,2.2
2025-08-01,2025-08-01 09:43:10.000,MO2508-C-7500,2.0,2.0,2.2
2025-08-01,2025-08-01 09:43:10.500,MO2508-C-7500,2.0,2.0,2.2
2025-08-01,2025-08-01 09:43:11.000,MO2508-C-7500,2.0,1.8,2.2
2025-08-01,2025-08-01 09:43:11.500,MO2508-C-7500,2.0,1.8,2.2
2025-08-01,2025-08-01 09:43:12.000,MO2508-C-7500,2.0,1.8,2.2
2025-08-01,2025-08-01 09:43:12.500,MO2508-C-7500,2.0,1.8,2.2
2025-08-01,2025-08-01 09:43:13.000,MO2508-C-7500,2.0,1.8,2.2
2025-08-01,2025-08-01 09:43:13.500,MO2508-C-7500,2.0,1.8,2.2
2025-08-01,2025-08-01 09:43:14.000,MO2508-C-7500,2.0,1.8,2.2
2025-08-01,2025-08-01 09:43:14.500,MO2508-C-7500,2.0,1.8,2.2
2025-08-01,2025-08-01 09:43:15.000,MO2508-C-7500,2.0,1.8,2.2
2025-08-01,2025-08-01 09:43:16.000,MO2508-C-7500,2.0,1.8,2.2
2025-08-01,2025-08-01 09:43:16.500,MO2508-C-7500,2.0,2.0,2.2
2025-08-01,2025-08-01 09:43:17.000,MO2508-C-7500,2.0,2.0,2.2
2025-08-01,2025-08-01 09:43:18.000,MO2508-C-7500,2.0,2.0,2.2
2025-08-01,2025-08-01 09:43:18.500,MO2508-C-7500,2.0,2.0,2.2
2025-08-01,2025-08-01 09:43:21.000,MO2508-C-7500,2.0,2.0,2.2
2025-08-01,2025-08-01 09:43:21.500,MO2508-C-7500,2.0,2.0,2.2
2025-08-01,2025-08-01 09:43:31.500,MO2508-C-7500,2.0,2.0,2.2
2025-08-01,2025-08-01 09:43:32.000,MO2508-C-7500,2.0,2.0,2.2
2025-08-01,2025-08-01 09:43:32.500,MO2508-C-7500,2.0,2.0,2.2
2025-08-01,2025-08-01 09:43:36.500,MO2508-C-7500,2.0,2.0,2.2
2025-08-01,2025-08-01 09:43:37.000,MO2508-C-7500,2.0,2.0,2.2
2025-08-01,2025-08-01 09:43:39.000,MO2508-C-7500,2.0,2.0,2.2
2025-08-01,2025-08-01 09:43:39.500,MO2508-C-7500,2.0,2.0,2.2
2025-08-01,2025-08-01 09:43:47.500,MO2508-C-7500,2.0,2.0,2.2
2025-08-01,2025-08-01 09:44:07.000,MO2508-C-7500,2.0,2.0,2.2
2025-08-01,2025-08-01 09:44:08.500,MO2508-C-7500,2.0,2.0,2.2
2025-08-01,2025-08-01 09:44:09.000,MO2508-C-7500,2.0,2.0,2.2
2025-08-01,2025-08-01 09:44:09.500,MO2508-C-7500,2.0,2.0,2.2
2025-08-01,2025-08-01 09:44:10.000,MO2508-C-7500,2.0,2.0,2.2
2025-08-01,2025-08-01 09:44:12.500,MO2508-C-7500,2.0,2.0,2.2
2025-08-01,2025-08-01 09:44:22.000,MO2508-C-7500,2.0,2.0,2.2
2025-08-01,2025-08-01 09:44:23.000,MO2508-C-7500,2.0,2.0,2.2
2025-08-01,2025-08-01 09:44:26.000,MO2508-C-7500,2.0,2.0,2.2
2025-08-01,2025-08-01 09:44:30.000,MO2508-C-7500,2.0,2.0,2.2
2025-08-01,2025-08-01 09:44:33.000,MO2508-C-7500,2.0,2.0,2.2
2025-08-01,2025-08-01 09:44:36.500,MO2508-C-7500,2.0,2.0,2.2
2025-08-01,2025-08-01 09:44:37.000,MO2508-C-7500,2.0,2.0,2.2
2025-08-01,2025-08-01 09:44:40.000,MO2508-C-7500,2.0,2.0,2.2
2025-08-01,2025-08-01 09:44:43.500,MO2508-C-7500,2.0,2.0,2.2
2025-08-01,2025-08-01 09:44:44.000,MO2508-C-7500,2.0,2.0,2.2
2025-08-01,2025-08-01 09:44:48.500,MO2508-C-7500,2.0,2.0,2.2
2025-08-01,2025-08-01 09:44:49.000,MO2508-C-7500,2.0,2.0,2.2
2025-08-01,2025-08-01 09:44:49.500,MO2508-C-7500,2.0,2.0,2.2
2025-08-01,2025-08-01 09:44:50.000,MO2508-C-7500,2.0,2.0,2.2
2025-08-01,2025-08-01 09:44:51.500,MO2508-C-7500,2.0,2.0,2.2
2025-08-01,2025-08-01 09:44:52.000,MO2508-C-7500,2.0,2.0,2.2
2025-08-01,2025-08-01 09:45:04.500,MO2508-C-7500,2.0,2.0,2.2
2025-08-01,2025-08-01 09:45:05.500,MO2508-C-7500,2.0,2.0,2.2
2025-08-01,2025-08-01 09:45:06.000,MO2508-C-7500,2.0,2.0,2.2
2025-08-01,2025-08-01 09:45:06.500,MO2508-C-7500,2.0,2.0,2.2
2025-08-01,2025-08-01 09:45:07.000,MO2508-C-7500,2.0,2.0,2.2
2025-08-01,2025-08-01 09:45:11.000,MO2508-C-7500,2.0,2.0,2.2
2025-08-01,2025-08-01 09:45:11.500,MO2508-C-7500,2.0,2.0,2.2
2025-08-01,2025-08-01 09:45:12.500,MO2508-C-7500,2.0,2.0,2.2
2025-08-01,2025-08-01 09:45:14.000,MO2508-C-7500,2.0,2.0,2.2
2025-08-01,2025-08-01 09:45:15.000,MO2508-C-7500,2.0,2.0,2.2
2025-08-01,2025-08-01 09:45:15.500,MO2508-C-7500,2.0,2.0,2.2
2025-08-01,2025-08-01 09:45:21.000,MO2508-C-7500,2.0,2.0,2.2
2025-08-01,2025-08-01 09:45:23.000,MO2508-C-7500,2.0,2.0,2.2
2025-08-01,2025-08-01 09:45:24.000,MO2508-C-7500,2.0,2.0,2.2
2025-08-01,2025-08-01 09:45:24.500,MO2508-C-7500,2.0,2.0,2.2
2025-08-01,2025-08-01 09:45:25.000,MO2508-C-7500,2.0,2.0,2.2
2025-08-01,2025-08-01 09:45:32.500,MO2508-C-7500,2.0,2.0,2.2
2025-08-01,2025-08-01 09:45:33.000,MO2508-C-7500,2.0,2.0,2.2
2025-08-01,2025-08-01 09:45:35.000,MO2508-C-7500,2.0,2.0,2.2
2025-08-01,2025-08-01 09:45:36.500,MO2508-C-7500,2.0,2.0,2.2
2025-08-01,2025-08-01 09:45:37.000,MO2508-C-7500,2.0,2.0,2.2
2025-08-01,2025-08-01 09:45:43.000,MO2508-C-7500,2.0,2.0,2.2
2025-08-01,2025-08-01 09:45:44.000,MO2508-C-7500,2.0,2.0,2.2
2025-08-01,2025-08-01 09:45:46.500,MO2508-C-7500,2.0,2.0,2.2
2025-08-01,2025-08-01 09:45:54.500,MO2508-C-7500,2.0,2.0,2.2
2025-08-01,2025-08-01 09:45:58.500,MO2508-C-7500,2.0,2.0,2.2
2025-08-01,2025-08-01 09:46:04.000,MO2508-C-7500,2.0,2.0,2.2
2025-08-01,2025-08-01 09:46:06.500,MO2508-C-7500,2.0,2.0,2.2
2025-08-01,2025-08-01 09:46:07.000,MO2508-C-7500,2.0,2.0,2.2
2025-08-01,2025-08-01 09:46:08.000,MO2508-C-7500,2.0,2.0,2.2
2025-08-01,2025-08-01 09:46:08.500,MO2508-C-7500,2.0,2.0,2.2
2025-08-01,2025-08-01 09:46:09.000,MO2508-C-7500,2.0,2.0,2.2
2025-08-01,2025-08-01 09:46:09.500,MO2508-C-7500,2.0,2.0,2.2
2025-08-01,2025-08-01 09:46:22.000,MO2508-C-7500,2.0,2.0,2.2
2025-08-01,2025-08-01 09:46:22.500,MO2508-C-7500,2.0,2.0,2.2
2025-08-01,2025-08-01 09:46:34.500,MO2508-C-7500,2.0,2.0,2.2
2025-08-01,2025-08-01 09:46:36.500,MO2508-C-7500,2.0,2.0,2.2
2025-08-01,2025-08-01 09:46:37.000,MO2508-C-7500,2.0,2.0,2.2
2025-08-01,2025-08-01 09:46:37.500,MO2508-C-7500,2.0,2.0,2.2
2025-08-01,2025-08-01 09:46:42.000,MO2508-C-7500,2.0,2.0,2.2
2025-08-01,2025-08-01 09:46:42.500,MO2508-C-7500,2.0,2.0,2.2
2025-08-01,2025-08-01 09:46:43.000,MO2508-C-7500,2.0,2.0,2.2
2025-08-01,2025-08-01 09:46:43.500,MO2508-C-7500,2.0,2.0,2.2
2025-08-01,2025-08-01 09:46:46.000,MO2508-C-7500,2.0,2.0,2.2
2025-08-01,2025-08-01 09:46:46.500,MO2508-C-7500,2.0,2.0,2.2
2025-08-01,2025-08-01 09:46:47.000,MO2508-C-7500,2.0,2.0,2.2
2025-08-01,2025-08-01 09:46:47.500,MO2508-C-7500,2.0,2.0,2.2
2025-08-01,2025-08-01 09:46:48.000,MO2508-C-7500,2.0,2.0,2.2
2025-08-01,2025-08-01 09:46:48.500,MO2508-C-7500,2.0,2.0,2.2
2025-08-01,2025-08-01 09:46:59.500,MO2508-C-7500,2.0,2.0,2.2
2025-08-01,2025-08-01 09:47:01.000,MO2508-C-7500,2.0,2.0,2.2
2025-08-01,2025-08-01 09:47:01.500,MO2508-C-7500,2.0,2.0,2.2
2025-08-01,2025-08-01 09:47:06.500,MO2508-C-7500,2.0,2.0,2.2
2025-08-01,2025-08-01 09:47:07.000,MO2508-C-7500,2.0,2.0,2.2
2025-08-01,2025-08-01 09:47:07.500,MO2508-C-7500,2.0,2.0,2.2
2025-08-01,2025-08-01 09:47:08.000,MO2508-C-7500,2.0,2.0,2.2
2025-08-01,2025-08-01 09:47:29.000,MO2508-C-7500,2.0,2.0,2.2
2025-08-01,2025-08-01 09:47:29.500,MO2508-C-7500,2.0,2.0,2.2
2025-08-01,2025-08-01 09:47:36.500,MO2508-C-7500,2.0,2.0,2.2
2025-08-01,2025-08-01 09:47:37.000,MO2508-C-7500,2.0,2.0,2.2
2025-08-01,2025-08-01 09:47:37.500,MO2508-C-7500,2.0,2.0,2.2
2025-08-01,2025-08-01 09:47:40.500,MO2508-C-7500,2.0,2.0,2.2
2025-08-01,2025-08-01 09:47:41.000,MO2508-C-7500,2.0,2.0,2.2
2025-08-01,2025-08-01 09:47:57.500,MO2508-C-7500,2.0,2.0,2.2
2025-08-01,2025-08-01 09:48:00.500,MO2508-C-7500,2.0,2.0,2.2
2025-08-01,2025-08-01 09:48:03.000,MO2508-C-7500,2.0,2.0,2.2
2025-08-01,2025-08-01 09:48:03.500,MO2508-C-7500,2.0,2.0,2.2
2025-08-01,2025-08-01 09:48:04.000,MO2508-C-7500,2.0,2.0,2.2
2025-08-01,2025-08-01 09:48:05.000,MO2508-C-7500,2.0,2.0,2.2
2025-08-01,2025-08-01 09:48:05.500,MO2508-C-7500,2.0,2.0,2.2
2025-08-01,2025-08-01 09:48:06.000,MO2508-C-7500,2.0,2.0,2.2
2025-08-01,2025-08-01 09:48:06.500,MO2508-C-7500,2.0,2.0,2.2
2025-08-01,2025-08-01 09:48:07.000,MO2508-C-7500,2.0,2.0,2.2
2025-08-01,2025-08-01 09:48:07.500,MO2508-C-7500,2.0,2.0,2.2
2025-08-01,2025-08-01 09:48:08.000,MO2508-C-7500,2.0,2.0,2.2
2025-08-01,2025-08-01 09:48:15.000,MO2508-C-7500,2.0,2.0,2.2
2025-08-01,2025-08-01 09:48:18.000,MO2508-C-7500,2.0,2.0,2.2
2025-08-01,2025-08-01 09:48:18.500,MO2508-C-7500,2.0,2.0,2.2
2025-08-01,2025-08-01 09:48:22.000,MO2508-C-7500,2.0,2.0,2.2
2025-08-01,2025-08-01 09:48:23.500,MO2508-C-7500,2.0,2.0,2.2
2025-08-01,2025-08-01 09:48:26.000,MO2508-C-7500,2.0,2.0,2.2
2025-08-01,2025-08-01 09:48:26.500,MO2508-C-7500,2.0,2.0,2.2
2025-08-01,2025-08-01 09:48:29.500,MO2508-C-7500,2.0,2.0,2.2
2025-08-01,2025-08-01 09:48:30.500,MO2508-C-7500,2.0,2.0,2.2
2025-08-01,2025-08-01 09:48:31.000,MO2508-C-7500,2.0,2.0,2.2
2025-08-01,2025-08-01 09:48:32.500,MO2508-C-7500,2.0,2.0,2.2
2025-08-01,2025-08-01 09:48:33.000,MO2508-C-7500,2.0,2.0,2.2
2025-08-01,2025-08-01 09:48:35.000,MO2508-C-7500,2.0,2.0,2.2
2025-08-01,2025-08-01 09:48:36.500,MO2508-C-7500,2.0,2.0,2.2
2025-08-01,2025-08-01 09:48:37.000,MO2508-C-7500,2.0,2.0,2.2
2025-08-01,2025-08-01 09:48:38.500,MO2508-C-7500,2.0,2.0,2.2
2025-08-01,2025-08-01 09:48:43.500,MO2508-C-7500,2.0,2.0,2.2
2025-08-01,2025-08-01 09:48:47.000,MO2508-C-7500,2.0,2.0,2.2
2025-08-01,2025-08-01 09:48:57.500,MO2508-C-7500,2.0,2.0,2.2
2025-08-01,2025-08-01 09:48:58.000,MO2508-C-7500,2.0,1.8,2.2
2025-08-01,2025-08-01 09:48:58.500,MO2508-C-7500,2.0,1.8,2.0
2025-08-01,2025-08-01 09:48:59.000,MO2508-C-7500,2.0,1.8,2.0
2025-08-01,2025-08-01 09:48:59.500,MO2508-C-7500,2.0,1.8,2.0
2025-08-01,2025-08-01 09:49:00.000,MO2508-C-7500,2.0,1.8,2.0
2025-08-01,2025-08-01 09:49:00.500,MO2508-C-7500,2.0,1.8,2.0
2025-08-01,2025-08-01 09:49:01.000,MO2508-C-7500,2.0,1.8,2.0
2025-08-01,2025-08-01 09:49:03.000,MO2508-C-7500,2.0,1.8,2.0
2025-08-01,2025-08-01 09:49:06.500,MO2508-C-7500,2.0,1.8,2.0
2025-08-01,2025-08-01 09:49:07.000,MO2508-C-7500,2.0,1.8,2.0
2025-08-01,2025-08-01 09:49:08.000,MO2508-C-7500,2.0,1.8,2.0
2025-08-01,2025-08-01 09:49:10.000,MO2508-C-7500,2.0,1.8,2.0
2025-08-01,2025-08-01 09:49:10.500,MO2508-C-7500,2.0,1.8,2.0
2025-08-01,2025-08-01 09:49:15.000,MO2508-C-7500,2.0,1.8,2.0
2025-08-01,2025-08-01 09:49:16.000,MO2508-C-7500,2.0,1.8,2.0
2025-08-01,2025-08-01 09:49:17.000,MO2508-C-7500,2.0,1.8,2.0
2025-08-01,2025-08-01 09:49:24.500,MO2508-C-7500,2.0,1.8,2.0
2025-08-01,2025-08-01 09:49:25.000,MO2508-C-7500,2.0,1.8,2.0
2025-08-01,2025-08-01 09:49:27.000,MO2508-C-7500,2.0,1.8,2.0
2025-08-01,2025-08-01 09:49:28.000,MO2508-C-7500,2.0,1.8,2.0
2025-08-01,2025-08-01 09:49:28.500,MO2508-C-7500,2.0,1.8,2.0
2025-08-01,2025-08-01 09:49:29.000,MO2508-C-7500,2.0,1.8,2.0
2025-08-01,2025-08-01 09:49:32.000,MO2508-C-7500,2.0,1.8,2.0
2025-08-01,2025-08-01 09:49:32.500,MO2508-C-7500,2.0,1.8,2.0
2025-08-01,2025-08-01 09:49:33.500,MO2508-C-7500,2.0,1.8,2.0
2025-08-01,2025-08-01 09:49:36.500,MO2508-C-7500,2.0,1.8,2.0
2025-08-01,2025-08-01 09:49:37.000,MO2508-C-7500,2.0,1.8,2.0
2025-08-01,2025-08-01 09:49:51.500,MO2508-C-7500,2.0,1.8,2.0
2025-08-01,2025-08-01 09:49:52.500,MO2508-C-7500,2.0,1.8,2.2
2025-08-01,2025-08-01 09:49:53.000,MO2508-C-7500,2.0,1.8,2.2
2025-08-01,2025-08-01 09:49:56.000,MO2508-C-7500,2.0,1.8,2.2
2025-08-01,2025-08-01 09:50:05.500,MO2508-C-7500,2.0,1.8,2.2
2025-08-01,2025-08-01 09:50:06.000,MO2508-C-7500,2.0,1.8,2.2
2025-08-01,2025-08-01 09:50:06.500,MO2508-C-7500,2.0,1.8,2.2
2025-08-01,2025-08-01 09:50:07.000,MO2508-C-7500,2.0,1.8,2.2
2025-08-01,2025-08-01 09:50:08.000,MO2508-C-7500,2.0,1.8,2.0
2025-08-01,2025-08-01 09:50:08.500,MO2508-C-7500,2.0,1.8,2.0
2025-08-01,2025-08-01 09:50:10.000,MO2508-C-7500,2.0,1.8,2.0
2025-08-01,2025-08-01 09:50:11.000,MO2508-C-7500,2.0,1.8,2.0
2025-08-01,2025-08-01 09:50:11.500,MO2508-C-7500,2.0,1.8,2.2
2025-08-01,2025-08-01 09:50:12.000,MO2508-C-7500,2.0,2.0,2.2
2025-08-01,2025-08-01 09:50:12.500,MO2508-C-7500,2.0,2.0,2.2
2025-08-01,2025-08-01 09:50:15.000,MO2508-C-7500,2.0,2.0,2.2
2025-08-01,2025-08-01 09:50:15.500,MO2508-C-7500,2.0,2.0,2.2
2025-08-01,2025-08-01 09:50:16.000,MO2508-C-7500,2.0,2.0,2.2
2025-08-01,2025-08-01 09:50:19.000,MO2508-C-7500,2.0,2.0,2.2
2025-08-01,2025-08-01 09:50:20.000,MO2508-C-7500,2.0,2.0,2.2
2025-08-01,2025-08-01 09:50:22.500,MO2508-C-7500,2.0,2.0,2.2
2025-08-01,2025-08-01 09:50:23.000,MO2508-C-7500,2.0,2.0,2.2
2025-08-01,2025-08-01 09:50:23.500,MO2508-C-7500,2.0,2.0,2.2
2025-08-01,2025-08-01 09:50:33.000,MO2508-C-7500,2.0,2.0,2.2
2025-08-01,2025-08-01 09:50:36.500,MO2508-C-7500,2.0,2.0,2.2
2025-08-01,2025-08-01 09:50:37.000,MO2508-C-7500,2.0,2.0,2.2
2025-08-01,2025-08-01 09:50:38.000,MO2508-C-7500,2.0,2.0,2.2
2025-08-01,2025-08-01 09:50:38.500,MO2508-C-7500,2.0,2.0,2.2
2025-08-01,2025-08-01 09:50:56.500,MO2508-C-7500,2.0,2.0,2.2
2025-08-01,2025-08-01 09:50:57.000,MO2508-C-7500,2.0,2.0,2.2
2025-08-01,2025-08-01 09:51:06.500,MO2508-C-7500,2.0,2.0,2.2
2025-08-01,2025-08-01 09:51:07.000,MO2508-C-7500,2.0,2.0,2.2
2025-08-01,2025-08-01 09:51:07.500,MO2508-C-7500,2.0,2.0,2.2
2025-08-01,2025-08-01 09:51:08.000,MO2508-C-7500,2.0,2.0,2.2
2025-08-01,2025-08-01 09:51:11.500,MO2508-C-7500,2.0,2.0,2.2
2025-08-01,2025-08-01 09:51:12.000,MO2508-C-7500,2.0,2.0,2.2
2025-08-01,2025-08-01 09:51:17.000,MO2508-C-7500,2.0,2.0,2.2
2025-08-01,2025-08-01 09:51:17.500,MO2508-C-7500,2.0,2.0,2.2
2025-08-01,2025-08-01 09:51:18.500,MO2508-C-7500,2.0,2.0,2.2
2025-08-01,2025-08-01 09:51:19.000,MO2508-C-7500,2.0,2.0,2.2
2025-08-01,2025-08-01 09:51:23.000,MO2508-C-7500,2.0,2.0,2.2
2025-08-01,2025-08-01 09:51:23.500,MO2508-C-7500,2.0,2.0,2.2
2025-08-01,2025-08-01 09:51:24.000,MO2508-C-7500,2.0,2.0,2.2
2025-08-01,2025-08-01 09:51:25.000,MO2508-C-7500,2.0,2.0,2.2
2025-08-01,2025-08-01 09:51:25.500,MO2508-C-7500,2.0,2.0,2.2
2025-08-01,2025-08-01 09:51:26.000,MO2508-C-7500,2.0,2.0,2.2
2025-08-01,2025-08-01 09:51:36.000,MO2508-C-7500,2.0,2.0,2.2
2025-08-01,2025-08-01 09:51:36.500,MO2508-C-7500,2.0,2.0,2.2
2025-08-01,2025-08-01 09:51:37.000,MO2508-C-7500,2.0,2.0,2.2
2025-08-01,2025-08-01 09:51:37.500,MO2508-C-7500,2.0,2.0,2.2
2025-08-01,2025-08-01 09:51:38.000,MO2508-C-7500,2.0,2.0,2.2
2025-08-01,2025-08-01 09:52:04.000,MO2508-C-7500,2.0,2.0,2.2
2025-08-01,2025-08-01 09:52:06.500,MO2508-C-7500,2.0,2.0,2.2
2025-08-01,2025-08-01 09:52:07.000,MO2508-C-7500,2.0,2.0,2.2
2025-08-01,2025-08-01 09:52:07.500,MO2508-C-7500,2.0,2.0,2.2
2025-08-01,2025-08-01 09:52:11.000,MO2508-C-7500,2.0,2.0,2.2
2025-08-01,2025-08-01 09:52:13.500,MO2508-C-7500,2.0,2.0,2.2
2025-08-01,2025-08-01 09:52:14.000,MO2508-C-7500,2.0,2.0,2.2
2025-08-01,2025-08-01 09:52:15.000,MO2508-C-7500,2.0,2.0,2.2
2025-08-01,2025-08-01 09:52:15.500,MO2508-C-7500,2.0,2.0,2.2
2025-08-01,2025-08-01 09:52:16.500,MO2508-C-7500,2.0,2.0,2.2
2025-08-01,2025-08-01 09:52:18.000,MO2508-C-7500,2.0,2.0,2.2
2025-08-01,2025-08-01 09:52:33.500,MO2508-C-7500,2.0,2.0,2.2
2025-08-01,2025-08-01 09:52:34.500,MO2508-C-7500,2.0,2.0,2.2
2025-08-01,2025-08-01 09:52:36.500,MO2508-C-7500,2.0,2.0,2.2
2025-08-01,2025-08-01 09:52:37.000,MO2508-C-7500,2.0,2.0,2.2
2025-08-01,2025-08-01 09:52:43.500,MO2508-C-7500,2.0,2.0,2.2
2025-08-01,2025-08-01 09:52:44.500,MO2508-C-7500,2.0,2.0,2.2
2025-08-01,2025-08-01 09:52:49.500,MO2508-C-7500,2.0,2.0,2.2
2025-08-01,2025-08-01 09:52:50.000,MO2508-C-7500,2.0,2.0,2.2
2025-08-01,2025-08-01 09:52:50.500,MO2508-C-7500,2.0,2.0,2.2
2025-08-01,2025-08-01 09:52:51.000,MO2508-C-7500,2.0,2.0,2.2
2025-08-01,2025-08-01 09:53:06.500,MO2508-C-7500,2.0,2.0,2.2
2025-08-01,2025-08-01 09:53:07.000,MO2508-C-7500,2.0,2.0,2.2
2025-08-01,2025-08-01 09:53:13.500,MO2508-C-7500,2.0,2.0,2.2
2025-08-01,2025-08-01 09:53:15.000,MO2508-C-7500,2.0,2.0,2.2
2025-08-01,2025-08-01 09:53:18.500,MO2508-C-7500,2.0,2.0,2.2
2025-08-01,2025-08-01 09:53:19.500,MO2508-C-7500,2.0,2.0,2.2
2025-08-01,2025-08-01 09:53:22.500,MO2508-C-7500,2.0,2.0,2.2
2025-08-01,2025-08-01 09:53:24.500,MO2508-C-7500,2.0,2.0,2.2
2025-08-01,2025-08-01 09:53:30.000,MO2508-C-7500,2.0,2.0,2.2
2025-08-01,2025-08-01 09:53:36.500,MO2508-C-7500,2.0,2.0,2.2
2025-08-01,2025-08-01 09:53:37.000,MO2508-C-7500,2.0,2.0,2.2
2025-08-01,2025-08-01 09:53:37.500,MO2508-C-7500,2.0,2.0,2.2
2025-08-01,2025-08-01 09:53:40.000,MO2508-C-7500,2.0,2.0,2.2
2025-08-01,2025-08-01 09:53:40.500,MO2508-C-7500,2.0,2.0,2.2
2025-08-01,2025-08-01 09:53:41.000,MO2508-C-7500,2.0,2.0,2.2
2025-08-01,2025-08-01 09:53:43.500,MO2508-C-7500,2.0,2.0,2.2
2025-08-01,2025-08-01 09:53:53.500,MO2508-C-7500,2.0,2.0,2.2
2025-08-01,2025-08-01 09:53:55.500,MO2508-C-7500,2.0,2.0,2.2
2025-08-01,2025-08-01 09:54:02.000,MO2508-C-7500,2.0,2.0,2.2
2025-08-01,2025-08-01 09:54:02.500,MO2508-C-7500,2.0,2.0,2.2
2025-08-01,2025-08-01 09:54:05.000,MO2508-C-7500,2.0,2.0,2.2
2025-08-01,2025-08-01 09:54:06.500,MO2508-C-7500,2.0,2.0,2.2
2025-08-01,2025-08-01 09:54:07.000,MO2508-C-7500,2.0,2.0,2.2
2025-08-01,2025-08-01 09:54:08.000,MO2508-C-7500,2.0,2.0,2.2
2025-08-01,2025-08-01 09:54:10.000,MO2508-C-7500,2.0,2.0,2.2
2025-08-01,2025-08-01 09:54:11.500,MO2508-C-7500,2.0,2.0,2.2
2025-08-01,2025-08-01 09:54:12.000,MO2508-C-7500,2.0,2.0,2.2
2025-08-01,2025-08-01 09:54:12.500,MO2508-C-7500,2.0,2.0,2.2
2025-08-01,2025-08-01 09:54:13.000,MO2508-C-7500,2.0,2.0,2.2
2025-08-01,2025-08-01 09:54:14.000,MO2508-C-7500,2.0,2.0,2.2
2025-08-01,2025-08-01 09:54:14.500,MO2508-C-7500,2.0,2.0,2.2
2025-08-01,2025-08-01 09:54:29.500,MO2508-C-7500,2.0,2.0,2.2
2025-08-01,2025-08-01 09:54:30.500,MO2508-C-7500,2.0,2.0,2.2
2025-08-01,2025-08-01 09:54:32.000,MO2508-C-7500,2.0,2.0,2.2
2025-08-01,2025-08-01 09:54:34.500,MO2508-C-7500,2.0,2.0,2.2
2025-08-01,2025-08-01 09:54:36.500,MO2508-C-7500,2.0,2.0,2.2
2025-08-01,2025-08-01 09:54:37.000,MO2508-C-7500,2.0,2.0,2.2
2025-08-01,2025-08-01 09:54:41.500,MO2508-C-7500,2.0,2.0,2.2
2025-08-01,2025-08-01 09:54:57.000,MO2508-C-7500,2.0,2.0,2.2
2025-08-01,2025-08-01 09:54:57.500,MO2508-C-7500,2.0,2.0,2.2
2025-08-01,2025-08-01 09:54:58.500,MO2508-C-7500,2.0,2.0,2.2
2025-08-01,2025-08-01 09:54:59.000,MO2508-C-7500,2.0,2.0,2.2
2025-08-01,2025-08-01 09:55:00.500,MO2508-C-7500,2.0,2.0,2.2
2025-08-01,2025-08-01 09:55:01.500,MO2508-C-7500,2.0,2.0,2.2
2025-08-01,2025-08-01 09:55:02.500,MO2508-C-7500,2.0,2.0,2.2
2025-08-01,2025-08-01 09:55:03.000,MO2508-C-7500,2.0,2.0,2.2
2025-08-01,2025-08-01 09:55:03.500,MO2508-C-7500,2.0,2.0,2.2
2025-08-01,2025-08-01 09:55:04.500,MO2508-C-7500,2.0,2.0,2.2
2025-08-01,2025-08-01 09:55:05.000,MO2508-C-7500,2.0,2.0,2.2
2025-08-01,2025-08-01 09:55:06.500,MO2508-C-7500,2.0,2.0,2.2
2025-08-01,2025-08-01 09:55:07.000,MO2508-C-7500,2.0,2.0,2.2
2025-08-01,2025-08-01 09:55:07.500,MO2508-C-7500,2.0,2.0,2.2
2025-08-01,2025-08-01 09:55:17.000,MO2508-C-7500,2.0,2.0,2.2
2025-08-01,2025-08-01 09:55:17.500,MO2508-C-7500,2.0,2.0,2.2
2025-08-01,2025-08-01 09:55:21.500,MO2508-C-7500,2.0,2.0,2.2
2025-08-01,2025-08-01 09:55:22.500,MO2508-C-7500,2.0,2.0,2.2
2025-08-01,2025-08-01 09:55:34.500,MO2508-C-7500,2.0,2.0,2.2
2025-08-01,2025-08-01 09:55:35.500,MO2508-C-7500,2.0,2.0,2.2
2025-08-01,2025-08-01 09:55:36.500,MO2508-C-7500,2.0,2.0,2.2
2025-08-01,2025-08-01 09:55:37.000,MO2508-C-7500,2.0,2.0,2.2
2025-08-01,2025-08-01 09:55:37.500,MO2508-C-7500,2.0,2.0,2.2
2025-08-01,2025-08-01 09:55:42.000,MO2508-C-7500,2.0,2.0,2.2
2025-08-01,2025-08-01 09:55:42.500,MO2508-C-7500,2.0,2.0,2.2
2025-08-01,2025-08-01 09:55:47.000,MO2508-C-7500,2.0,2.0,2.2
2025-08-01,2025-08-01 09:55:50.000,MO2508-C-7500,2.0,2.0,2.2
2025-08-01,2025-08-01 09:56:01.500,MO2508-C-7500,2.0,2.0,2.2
2025-08-01,2025-08-01 09:56:02.000,MO2508-C-7500,2.0,2.0,2.2
2025-08-01,2025-08-01 09:56:03.000,MO2508-C-7500,2.0,2.0,2.2
2025-08-01,2025-08-01 09:56:06.500,MO2508-C-7500,2.0,2.0,2.2
2025-08-01,2025-08-01 09:56:07.000,MO2508-C-7500,2.0,2.0,2.2
2025-08-01,2025-08-01 09:56:19.000,MO2508-C-7500,2.0,2.0,2.2
2025-08-01,2025-08-01 09:56:19.500,MO2508-C-7500,2.0,2.0,2.2
2025-08-01,2025-08-01 09:56:23.000,MO2508-C-7500,2.0,2.0,2.2
2025-08-01,2025-08-01 09:56:36.500,MO2508-C-7500,2.0,2.0,2.2
2025-08-01,2025-08-01 09:56:37.000,MO2508-C-7500,2.0,2.0,2.2
2025-08-01,2025-08-01 09:56:54.000,MO2508-C-7500,2.0,2.0,2.2
2025-08-01,2025-08-01 09:56:54.500,MO2508-C-7500,2.0,2.0,2.2
2025-08-01,2025-08-01 09:56:56.500,MO2508-C-7500,2.0,2.0,2.2
2025-08-01,2025-08-01 09:57:06.500,MO2508-C-7500,2.0,2.0,2.2
2025-08-01,2025-08-01 09:57:07.000,MO2508-C-7500,2.0,2.0,2.2
2025-08-01,2025-08-01 09:57:22.000,MO2508-C-7500,2.0,2.0,2.2
2025-08-01,2025-08-01 09:57:22.500,MO2508-C-7500,2.0,2.0,2.2
2025-08-01,2025-08-01 09:57:32.500,MO2508-C-7500,2.0,2.0,2.2
2025-08-01,2025-08-01 09:57:33.500,MO2508-C-7500,2.0,2.0,2.2
2025-08-01,2025-08-01 09:57:36.500,MO2508-C-7500,2.0,2.0,2.2
2025-08-01,2025-08-01 09:57:37.000,MO2508-C-7500,2.0,2.0,2.2
2025-08-01,2025-08-01 09:57:39.000,MO2508-C-7500,2.0,2.0,2.2
2025-08-01,2025-08-01 09:57:44.000,MO2508-C-7500,2.0,2.0,2.2
2025-08-01,2025-08-01 09:57:45.000,MO2508-C-7500,2.0,2.0,2.2
2025-08-01,2025-08-01 09:57:46.500,MO2508-C-7500,2.0,2.0,2.2
2025-08-01,2025-08-01 09:57:47.500,MO2508-C-7500,2.0,2.0,2.2
2025-08-01,2025-08-01 09:57:48.000,MO2508-C-7500,2.0,2.0,2.2
2025-08-01,2025-08-01 09:57:51.500,MO2508-C-7500,2.0,2.0,2.2
2025-08-01,2025-08-01 09:57:52.000,MO2508-C-7500,2.0,2.0,2.2
2025-08-01,2025-08-01 09:57:55.500,MO2508-C-7500,2.0,2.0,2.2
2025-08-01,2025-08-01 09:58:03.500,MO2508-C-7500,2.0,2.0,2.2
2025-08-01,2025-08-01 09:58:04.000,MO2508-C-7500,2.0,2.0,2.2
2025-08-01,2025-08-01 09:58:04.500,MO2508-C-7500,2.0,2.0,2.2
2025-08-01,2025-08-01 09:58:05.000,MO2508-C-7500,2.0,2.0,2.2
2025-08-01,2025-08-01 09:58:06.000,MO2508-C-7500,2.0,2.0,2.2
2025-08-01,2025-08-01 09:58:06.500,MO2508-C-7500,2.0,2.0,2.2
2025-08-01,2025-08-01 09:58:07.000,MO2508-C-7500,2.0,2.0,2.2
2025-08-01,2025-08-01 09:58:11.500,MO2508-C-7500,2.0,2.0,2.2
2025-08-01,2025-08-01 09:58:12.000,MO2508-C-7500,2.0,2.0,2.2
2025-08-01,2025-08-01 09:58:17.500,MO2508-C-7500,2.0,2.0,2.2
2025-08-01,2025-08-01 09:58:23.500,MO2508-C-7500,2.0,2.0,2.2
2025-08-01,2025-08-01 09:58:25.500,MO2508-C-7500,2.0,2.0,2.2
2025-08-01,2025-08-01 09:58:36.500,MO2508-C-7500,2.0,2.0,2.2
2025-08-01,2025-08-01 09:58:37.000,MO2508-C-7500,2.0,2.0,2.2
2025-08-01,2025-08-01 09:58:41.500,MO2508-C-7500,2.0,2.0,2.2
2025-08-01,2025-08-01 09:58:42.000,MO2508-C-7500,2.0,2.0,2.2
2025-08-01,2025-08-01 09:59:03.000,MO2508-C-7500,2.0,2.0,2.2
2025-08-01,2025-08-01 09:59:06.500,MO2508-C-7500,2.0,2.0,2.2
2025-08-01,2025-08-01 09:59:07.000,MO2508-C-7500,2.0,2.0,2.2
2025-08-01,2025-08-01 09:59:08.000,MO2508-C-7500,2.0,2.0,2.2
2025-08-01,2025-08-01 09:59:09.000,MO2508-C-7500,2.0,2.0,2.2
2025-08-01,2025-08-01 09:59:13.500,MO2508-C-7500,2.0,2.0,2.2
2025-08-01,2025-08-01 09:59:28.500,MO2508-C-7500,2.0,2.0,2.2
2025-08-01,2025-08-01 09:59:36.500,MO2508-C-7500,2.0,2.0,2.2
2025-08-01,2025-08-01 09:59:37.000,MO2508-C-7500,2.0,2.0,2.2
2025-08-01,2025-08-01 10:00:03.500,MO2508-C-7500,2.0,2.0,2.2
2025-08-01,2025-08-01 10:00:06.500,MO2508-C-7500,2.0,2.0,2.2
2025-08-01,2025-08-01 10:00:07.000,MO2508-C-7500,2.0,2.0,2.2
2025-08-01,2025-08-01 10:00:08.500,MO2508-C-7500,2.0,2.0,2.2
2025-08-01,2025-08-01 10:00:09.000,MO2508-C-7500,2.0,2.0,2.2
2025-08-01,2025-08-01 10:00:09.500,MO2508-C-7500,2.0,2.0,2.2
2025-08-01,2025-08-01 10:00:36.500,MO2508-C-7500,2.0,2.0,2.2
2025-08-01,2025-08-01 10:00:37.000,MO2508-C-7500,2.0,2.0,2.2
2025-08-01,2025-08-01 10:00:39.000,MO2508-C-7500,2.0,2.0,2.2
2025-08-01,2025-08-01 10:00:39.500,MO2508-C-7500,2.0,2.0,2.2
2025-08-01,2025-08-01 10:00:42.500,MO2508-C-7500,2.0,2.0,2.2
2025-08-01,2025-08-01 10:00:43.000,MO2508-C-7500,2.0,2.0,2.2
2025-08-01,2025-08-01 10:00:48.000,MO2508-C-7500,2.0,2.0,2.2
2025-08-01,2025-08-01 10:00:48.500,MO2508-C-7500,2.0,2.0,2.2
2025-08-01,2025-08-01 10:00:49.500,MO2508-C-7500,2.0,2.0,2.2
2025-08-01,2025-08-01 10:01:06.500,MO2508-C-7500,2.0,2.0,2.2
2025-08-01,2025-08-01 10:01:07.000,MO2508-C-7500,2.0,2.0,2.2
2025-08-01,2025-08-01 10:01:08.000,MO2508-C-7500,2.0,2.0,2.2
2025-08-01,2025-08-01 10:01:08.500,MO2508-C-7500,2.0,2.0,2.2
2025-08-01,2025-08-01 10:01:13.500,MO2508-C-7500,2.0,2.0,2.2
2025-08-01,2025-08-01 10:01:16.500,MO2508-C-7500,2.0,2.0,2.2
2025-08-01,2025-08-01 10:01:22.500,MO2508-C-7500,2.0,2.0,2.2
2025-08-01,2025-08-01 10:01:23.000,MO2508-C-7500,2.0,2.0,2.2
2025-08-01,2025-08-01 10:01:25.500,MO2508-C-7500,2.0,2.0,2.2
2025-08-01,2025-08-01 10:01:26.000,MO2508-C-7500,2.0,2.0,2.2
2025-08-01,2025-08-01 10:01:26.500,MO2508-C-7500,2.0,2.0,2.2
2025-08-01,2025-08-01 10:01:27.500,MO2508-C-7500,2.0,2.0,2.2
2025-08-01,2025-08-01 10:01:28.000,MO2508-C-7500,2.0,2.0,2.2
2025-08-01,2025-08-01 10:01:32.000,MO2508-C-7500,2.0,2.0,2.2
2025-08-01,2025-08-01 10:01:32.500,MO2508-C-7500,2.0,2.0,2.2
2025-08-01,2025-08-01 10:01:36.500,MO2508-C-7500,2.0,2.0,2.2
2025-08-01,2025-08-01 10:01:37.000,MO2508-C-7500,2.0,2.0,2.2
2025-08-01,2025-08-01 10:01:47.500,MO2508-C-7500,2.0,2.0,2.2
2025-08-01,2025-08-01 10:01:48.000,MO2508-C-7500,2.0,2.0,2.2
2025-08-01,2025-08-01 10:01:52.500,MO2508-C-7500,2.0,2.0,2.2
2025-08-01,2025-08-01 10:01:54.500,MO2508-C-7500,2.0,2.0,2.2
2025-08-01,2025-08-01 10:01:55.500,MO2508-C-7500,2.0,2.0,2.2
2025-08-01,2025-08-01 10:01:59.500,MO2508-C-7500,2.0,2.0,2.2
2025-08-01,2025-08-01 10:02:06.500,MO2508-C-7500,2.0,2.0,2.2
2025-08-01,2025-08-01 10:02:07.000,MO2508-C-7500,2.0,2.0,2.2
2025-08-01,2025-08-01 10:02:09.000,MO2508-C-7500,2.0,2.0,2.2
2025-08-01,2025-08-01 10:02:09.500,MO2508-C-7500,2.0,2.0,2.2
2025-08-01,2025-08-01 10:02:16.500,MO2508-C-7500,2.0,2.0,2.2
2025-08-01,2025-08-01 10:02:17.500,MO2508-C-7500,2.0,2.0,2.2
2025-08-01,2025-08-01 10:02:20.500,MO2508-C-7500,2.0,2.0,2.2
2025-08-01,2025-08-01 10:02:21.500,MO2508-C-7500,2.0,2.0,2.2
2025-08-01,2025-08-01 10:02:22.500,MO2508-C-7500,2.0,2.0,2.2
2025-08-01,2025-08-01 10:02:25.000,MO2508-C-7500,2.0,2.0,2.2
2025-08-01,2025-08-01 10:02:28.000,MO2508-C-7500,2.0,2.0,2.2
2025-08-01,2025-08-01 10:02:30.500,MO2508-C-7500,2.0,2.0,2.2
2025-08-01,2025-08-01 10:02:31.500,MO2508-C-7500,2.0,2.0,2.2
2025-08-01,2025-08-01 10:02:34.500,MO2508-C-7500,2.0,2.0,2.2
2025-08-01,2025-08-01 10:02:35.500,MO2508-C-7500,2.0,2.0,2.2
2025-08-01,2025-08-01 10:02:36.500,MO2508-C-7500,2.0,2.0,2.2
2025-08-01,2025-08-01 10:02:37.000,MO2508-C-7500,2.0,2.0,2.2
2025-08-01,2025-08-01 10:02:37.500,MO2508-C-7500,2.0,2.0,2.2
2025-08-01,2025-08-01 10:02:38.500,MO2508-C-7500,2.0,2.0,2.2
2025-08-01,2025-08-01 10:02:40.500,MO2508-C-7500,2.0,2.0,2.2
2025-08-01,2025-08-01 10:02:49.500,MO2508-C-7500,2.0,2.0,2.2
2025-08-01,2025-08-01 10:02:51.500,MO2508-C-7500,2.0,2.0,2.2
2025-08-01,2025-08-01 10:02:53.500,MO2508-C-7500,2.0,2.0,2.2
2025-08-01,2025-08-01 10:02:54.500,MO2508-C-7500,2.0,2.0,2.2
2025-08-01,2025-08-01 10:02:55.500,MO2508-C-7500,2.0,2.0,2.2
2025-08-01,2025-08-01 10:03:06.500,MO2508-C-7500,2.0,2.0,2.2
2025-08-01,2025-08-01 10:03:07.000,MO2508-C-7500,2.0,2.0,2.2
2025-08-01,2025-08-01 10:03:07.500,MO2508-C-7500,2.0,2.0,2.2
2025-08-01,2025-08-01 10:03:15.500,MO2508-C-7500,2.0,2.0,2.2
2025-08-01,2025-08-01 10:03:17.500,MO2508-C-7500,2.0,2.0,2.2
2025-08-01,2025-08-01 10:03:19.500,MO2508-C-7500,2.0,2.0,2.2
2025-08-01,2025-08-01 10:03:20.500,MO2508-C-7500,2.0,2.0,2.2
2025-08-01,2025-08-01 10:03:21.500,MO2508-C-7500,2.0,2.0,2.2
2025-08-01,2025-08-01 10:03:23.500,MO2508-C-7500,2.0,2.0,2.2
2025-08-01,2025-08-01 10:03:24.500,MO2508-C-7500,2.0,2.0,2.2
2025-08-01,2025-08-01 10:03:31.000,MO2508-C-7500,2.0,2.0,2.2
2025-08-01,2025-08-01 10:03:36.500,MO2508-C-7500,2.0,2.0,2.2
2025-08-01,2025-08-01 10:03:37.000,MO2508-C-7500,2.0,2.0,2.2
2025-08-01,2025-08-01 10:03:37.500,MO2508-C-7500,2.0,2.0,2.2
2025-08-01,2025-08-01 10:03:43.500,MO2508-C-7500,2.0,2.0,2.2
2025-08-01,2025-08-01 10:04:00.500,MO2508-C-7500,2.0,2.0,2.2
2025-08-01,2025-08-01 10:04:03.500,MO2508-C-7500,2.0,2.0,2.2
2025-08-01,2025-08-01 10:04:05.500,MO2508-C-7500,2.0,2.0,2.2
2025-08-01,2025-08-01 10:04:06.500,MO2508-C-7500,2.0,2.0,2.2
2025-08-01,2025-08-01 10:04:07.000,MO2508-C-7500,2.0,2.0,2.2
2025-08-01,2025-08-01 10:04:08.500,MO2508-C-7500,2.0,2.0,2.2
2025-08-01,2025-08-01 10:04:09.500,MO2508-C-7500,2.0,2.0,2.2
2025-08-01,2025-08-01 10:04:11.500,MO2508-C-7500,2.0,2.0,2.2
2025-08-01,2025-08-01 10:04:12.000,MO2508-C-7500,2.0,2.0,2.2
2025-08-01,2025-08-01 10:04:17.500,MO2508-C-7500,2.0,2.0,2.2
2025-08-01,2025-08-01 10:04:18.500,MO2508-C-7500,2.0,2.0,2.2
2025-08-01,2025-08-01 10:04:19.000,MO2508-C-7500,2.0,2.0,2.2
2025-08-01,2025-08-01 10:04:19.500,MO2508-C-7500,2.0,2.0,2.2
2025-08-01,2025-08-01 10:04:20.500,MO2508-C-7500,2.0,2.0,2.2
2025-08-01,2025-08-01 10:04:21.500,MO2508-C-7500,2.0,2.0,2.2
2025-08-01,2025-08-01 10:04:24.000,MO2508-C-7500,2.0,2.0,2.2
2025-08-01,2025-08-01 10:04:27.000,MO2508-C-7500,2.0,2.0,2.2
2025-08-01,2025-08-01 10:04:36.500,MO2508-C-7500,2.0,2.0,2.2
2025-08-01,2025-08-01 10:04:37.000,MO2508-C-7500,2.0,2.0,2.2
2025-08-01,2025-08-01 10:04:37.500,MO2508-C-7500,2.0,2.0,2.2
2025-08-01,2025-08-01 10:04:54.000,MO2508-C-7500,2.0,2.0,2.2
2025-08-01,2025-08-01 10:04:54.500,MO2508-C-7500,2.0,2.0,2.2
2025-08-01,2025-08-01 10:04:55.500,MO2508-C-7500,2.0,2.0,2.2
2025-08-01,2025-08-01 10:04:56.000,MO2508-C-7500,2.0,2.0,2.2
2025-08-01,2025-08-01 10:04:56.500,MO2508-C-7500,2.0,2.0,2.2
2025-08-01,2025-08-01 10:05:02.500,MO2508-C-7500,2.0,2.0,2.2
2025-08-01,2025-08-01 10:05:03.000,MO2508-C-7500,2.0,2.0,2.2
2025-08-01,2025-08-01 10:05:06.500,MO2508-C-7500,2.0,2.0,2.2
2025-08-01,2025-08-01 10:05:07.000,MO2508-C-7500,2.0,2.0,2.2
2025-08-01,2025-08-01 10:05:14.500,MO2508-C-7500,2.0,2.0,2.2
2025-08-01,2025-08-01 10:05:15.000,MO2508-C-7500,2.0,2.0,2.2
2025-08-01,2025-08-01 10:05:15.500,MO2508-C-7500,2.0,2.0,2.2
2025-08-01,2025-08-01 10:05:18.500,MO2508-C-7500,2.0,2.0,2.2
2025-08-01,2025-08-01 10:05:19.000,MO2508-C-7500,2.0,2.0,2.2
2025-08-01,2025-08-01 10:05:19.500,MO2508-C-7500,2.0,2.0,2.2
2025-08-01,2025-08-01 10:05:20.000,MO2508-C-7500,2.0,2.0,2.2
2025-08-01,2025-08-01 10:05:20.500,MO2508-C-7500,2.0,2.0,2.2
2025-08-01,2025-08-01 10:05:22.500,MO2508-C-7500,2.0,2.0,2.2
2025-08-01,2025-08-01 10:05:23.000,MO2508-C-7500,2.0,2.0,2.2
2025-08-01,2025-08-01 10:05:26.500,MO2508-C-7500,2.0,2.0,2.2
2025-08-01,2025-08-01 10:05:27.000,MO2508-C-7500,2.0,2.0,2.2
2025-08-01,2025-08-01 10:05:36.500,MO2508-C-7500,2.0,2.0,2.2
2025-08-01,2025-08-01 10:05:37.000,MO2508-C-7500,2.0,2.0,2.2
2025-08-01,2025-08-01 10:05:37.500,MO2508-C-7500,2.0,2.0,2.2
2025-08-01,2025-08-01 10:05:41.500,MO2508-C-7500,2.0,2.0,2.2
2025-08-01,2025-08-01 10:05:42.500,MO2508-C-7500,2.0,2.0,2.2
2025-08-01,2025-08-01 10:05:44.000,MO2508-C-7500,2.0,2.0,2.2
2025-08-01,2025-08-01 10:05:44.500,MO2508-C-7500,2.0,2.0,2.2
2025-08-01,2025-08-01 10:05:46.500,MO2508-C-7500,2.0,2.0,2.2
2025-08-01,2025-08-01 10:05:50.500,MO2508-C-7500,2.0,2.0,2.2
2025-08-01,2025-08-01 10:05:51.000,MO2508-C-7500,2.0,2.0,2.2
2025-08-01,2025-08-01 10:05:51.500,MO2508-C-7500,2.0,2.0,2.2
2025-08-01,2025-08-01 10:05:52.500,MO2508-C-7500,2.0,2.0,2.2
2025-08-01,2025-08-01 10:05:53.500,MO2508-C-7500,2.0,2.0,2.2
2025-08-01,2025-08-01 10:05:54.000,MO2508-C-7500,2.0,2.0,2.2
2025-08-01,2025-08-01 10:05:57.500,MO2508-C-7500,2.0,2.0,2.2
2025-08-01,2025-08-01 10:05:59.000,MO2508-C-7500,2.0,2.0,2.2
2025-08-01,2025-08-01 10:06:01.500,MO2508-C-7500,2.0,2.0,2.2
2025-08-01,2025-08-01 10:06:02.000,MO2508-C-7500,2.0,2.0,2.2
2025-08-01,2025-08-01 10:06:02.500,MO2508-C-7500,2.0,2.0,2.2
2025-08-01,2025-08-01 10:06:03.000,MO2508-C-7500,2.0,2.0,2.2
2025-08-01,2025-08-01 10:06:03.500,MO2508-C-7500,2.0,2.0,2.2
2025-08-01,2025-08-01 10:06:04.000,MO2508-C-7500,2.0,2.0,2.2
2025-08-01,2025-08-01 10:06:04.500,MO2508-C-7500,2.0,2.0,2.2
2025-08-01,2025-08-01 10:06:05.000,MO2508-C-7500,2.0,2.0,2.2
2025-08-01,2025-08-01 10:06:05.500,MO2508-C-7500,2.0,2.0,2.2
2025-08-01,2025-08-01 10:06:06.000,MO2508-C-7500,2.0,2.0,2.2
2025-08-01,2025-08-01 10:06:06.500,MO2508-C-7500,2.0,2.0,2.2
2025-08-01,2025-08-01 10:06:07.000,MO2508-C-7500,2.0,2.0,2.2
2025-08-01,2025-08-01 10:06:07.500,MO2508-C-7500,2.0,2.0,2.2
2025-08-01,2025-08-01 10:06:10.500,MO2508-C-7500,2.0,2.0,2.2
2025-08-01,2025-08-01 10:06:11.000,MO2508-C-7500,2.0,2.0,2.2
2025-08-01,2025-08-01 10:06:11.500,MO2508-C-7500,2.0,2.0,2.2
2025-08-01,2025-08-01 10:06:12.000,MO2508-C-7500,2.0,2.0,2.2
2025-08-01,2025-08-01 10:06:13.000,MO2508-C-7500,2.0,2.0,2.2
2025-08-01,2025-08-01 10:06:15.500,MO2508-C-7500,2.0,2.0,2.2
2025-08-01,2025-08-01 10:06:16.000,MO2508-C-7500,2.0,2.0,2.2
2025-08-01,2025-08-01 10:06:17.000,MO2508-C-7500,2.0,2.0,2.2
2025-08-01,2025-08-01 10:06:29.500,MO2508-C-7500,2.0,2.0,2.2
2025-08-01,2025-08-01 10:06:30.000,MO2508-C-7500,2.0,2.0,2.2
2025-08-01,2025-08-01 10:06:30.500,MO2508-C-7500,2.0,2.0,2.2
2025-08-01,2025-08-01 10:06:31.000,MO2508-C-7500,2.0,2.0,2.2
2025-08-01,2025-08-01 10:06:36.500,MO2508-C-7500,2.0,2.0,2.2
2025-08-01,2025-08-01 10:06:37.000,MO2508-C-7500,2.0,2.0,2.2
2025-08-01,2025-08-01 10:06:37.500,MO2508-C-7500,2.0,2.0,2.2
2025-08-01,2025-08-01 10:06:44.500,MO2508-C-7500,2.0,2.0,2.2
2025-08-01,2025-08-01 10:06:45.000,MO2508-C-7500,2.0,2.0,2.2
2025-08-01,2025-08-01 10:06:45.500,MO2508-C-7500,2.0,2.0,2.2
2025-08-01,2025-08-01 10:06:59.500,MO2508-C-7500,2.0,2.0,2.2
2025-08-01,2025-08-01 10:07:00.000,MO2508-C-7500,2.0,2.0,2.2
2025-08-01,2025-08-01 10:07:06.500,MO2508-C-7500,2.0,2.0,2.2
2025-08-01,2025-08-01 10:07:07.000,MO2508-C-7500,2.0,2.0,2.2
2025-08-01,2025-08-01 10:07:07.500,MO2508-C-7500,2.0,2.0,2.2
2025-08-01,2025-08-01 10:07:17.500,MO2508-C-7500,2.0,2.0,2.2
2025-08-01,2025-08-01 10:07:18.500,MO2508-C-7500,2.0,2.0,2.2
2025-08-01,2025-08-01 10:07:28.500,MO2508-C-7500,2.0,2.0,2.2
2025-08-01,2025-08-01 10:07:29.500,MO2508-C-7500,2.0,2.0,2.2
2025-08-01,2025-08-01 10:07:30.000,MO2508-C-7500,2.0,2.0,2.2
2025-08-01,2025-08-01 10:07:31.500,MO2508-C-7500,2.0,2.0,2.2
2025-08-01,2025-08-01 10:07:32.500,MO2508-C-7500,2.0,2.0,2.2
2025-08-01,2025-08-01 10:07:33.000,MO2508-C-7500,2.0,2.0,2.2
2025-08-01,2025-08-01 10:07:36.500,MO2508-C-7500,2.0,2.0,2.2
2025-08-01,2025-08-01 10:07:37.000,MO2508-C-7500,2.0,2.0,2.2
2025-08-01,2025-08-01 10:07:39.000,MO2508-C-7500,2.0,2.0,2.2
2025-08-01,2025-08-01 10:07:39.500,MO2508-C-7500,2.0,2.0,2.2
2025-08-01,2025-08-01 10:07:52.500,MO2508-C-7500,2.0,2.0,2.2
2025-08-01,2025-08-01 10:07:57.000,MO2508-C-7500,2.0,2.0,2.2
2025-08-01,2025-08-01 10:08:06.500,MO2508-C-7500,2.0,2.0,2.2
2025-08-01,2025-08-01 10:08:07.000,MO2508-C-7500,2.0,2.0,2.2
2025-08-01,2025-08-01 10:08:08.500,MO2508-C-7500,2.0,2.0,2.2
2025-08-01,2025-08-01 10:08:09.500,MO2508-C-7500,2.0,2.0,2.2
2025-08-01,2025-08-01 10:08:36.500,MO2508-C-7500,2.0,2.0,2.2
2025-08-01,2025-08-01 10:08:37.000,MO2508-C-7500,2.0,2.0,2.2
2025-08-01,2025-08-01 10:08:39.500,MO2508-C-7500,2.0,2.0,2.2
2025-08-01,2025-08-01 10:08:40.000,MO2508-C-7500,2.0,2.0,2.2
2025-08-01,2025-08-01 10:08:40.500,MO2508-C-7500,2.0,2.0,2.2
2025-08-01,2025-08-01 10:08:41.000,MO2508-C-7500,2.0,2.0,2.2
2025-08-01,2025-08-01 10:08:41.500,MO2508-C-7500,2.0,2.0,2.2
2025-08-01,2025-08-01 10:08:42.000,MO2508-C-7500,2.0,2.0,2.2
2025-08-01,2025-08-01 10:09:04.000,MO2508-C-7500,2.0,2.0,2.2
2025-08-01,2025-08-01 10:09:06.500,MO2508-C-7500,2.0,2.0,2.2
2025-08-01,2025-08-01 10:09:07.000,MO2508-C-7500,2.0,2.0,2.2
2025-08-01,2025-08-01 10:09:36.500,MO2508-C-7500,2.0,2.0,2.2
2025-08-01,2025-08-01 10:09:37.000,MO2508-C-7500,2.0,2.0,2.2
2025-08-01,2025-08-01 10:09:55.000,MO2508-C-7500,2.0,2.0,2.2
2025-08-01,2025-08-01 10:09:55.500,MO2508-C-7500,2.0,2.0,2.2
2025-08-01,2025-08-01 10:10:06.500,MO2508-C-7500,2.0,2.0,2.2
2025-08-01,2025-08-01 10:10:07.000,MO2508-C-7500,2.0,2.0,2.2
2025-08-01,2025-08-01 10:10:17.500,MO2508-C-7500,2.0,2.0,2.2
2025-08-01,2025-08-01 10:10:36.500,MO2508-C-7500,2.0,2.0,2.2
2025-08-01,2025-08-01 10:10:37.000,MO2508-C-7500,2.0,2.0,2.2
2025-08-01,2025-08-01 10:10:37.500,MO2508-C-7500,2.0,2.0,2.2
2025-08-01,2025-08-01 10:10:39.000,MO2508-C-7500,2.0,2.0,2.2
2025-08-01,2025-08-01 10:10:39.500,MO2508-C-7500,2.0,2.0,2.2
2025-08-01,2025-08-01 10:10:41.500,MO2508-C-7500,2.0,2.0,2.2
2025-08-01,2025-08-01 10:11:00.500,MO2508-C-7500,2.0,2.0,2.2
2025-08-01,2025-08-01 10:11:01.000,MO2508-C-7500,2.0,2.0,2.2
2025-08-01,2025-08-01 10:11:06.500,MO2508-C-7500,2.0,2.0,2.2
2025-08-01,2025-08-01 10:11:07.000,MO2508-C-7500,2.0,2.0,2.2
2025-08-01,2025-08-01 10:11:20.500,MO2508-C-7500,2.0,2.0,2.2
2025-08-01,2025-08-01 10:11:36.500,MO2508-C-7500,2.0,2.0,2.2
2025-08-01,2025-08-01 10:11:37.000,MO2508-C-7500,2.0,2.0,2.2
2025-08-01,2025-08-01 10:11:45.500,MO2508-C-7500,2.0,2.0,2.2
2025-08-01,2025-08-01 10:12:05.000,MO2508-C-7500,2.0,2.0,2.2
2025-08-01,2025-08-01 10:12:05.500,MO2508-C-7500,2.0,2.0,2.2
2025-08-01,2025-08-01 10:12:06.500,MO2508-C-7500,2.0,2.0,2.2
2025-08-01,2025-08-01 10:12:07.000,MO2508-C-7500,2.0,2.0,2.2
2025-08-01,2025-08-01 10:12:08.500,MO2508-C-7500,2.0,2.0,2.2
2025-08-01,2025-08-01 10:12:09.000,MO2508-C-7500,2.0,2.0,2.2
2025-08-01,2025-08-01 10:12:20.500,MO2508-C-7500,2.0,2.0,2.2
2025-08-01,2025-08-01 10:12:36.500,MO2508-C-7500,2.0,2.0,2.2
2025-08-01,2025-08-01 10:12:37.000,MO2508-C-7500,2.0,2.0,2.2
2025-08-01,2025-08-01 10:12:38.000,MO2508-C-7500,2.0,2.0,2.2
2025-08-01,2025-08-01 10:12:38.500,MO2508-C-7500,2.0,2.0,2.2
2025-08-01,2025-08-01 10:13:06.500,MO2508-C-7500,2.0,2.0,2.2
2025-08-01,2025-08-01 10:13:07.000,MO2508-C-7500,2.0,2.0,2.2
2025-08-01,2025-08-01 10:13:15.500,MO2508-C-7500,2.0,2.0,2.2
2025-08-01,2025-08-01 10:13:18.500,MO2508-C-7500,2.0,2.0,2.2
2025-08-01,2025-08-01 10:13:19.000,MO2508-C-7500,2.0,2.0,2.2
2025-08-01,2025-08-01 10:13:36.500,MO2508-C-7500,2.0,2.0,2.2
2025-08-01,2025-08-01 10:13:37.000,MO2508-C-7500,2.0,2.0,2.2
2025-08-01,2025-08-01 10:14:06.500,MO2508-C-7500,2.0,2.0,2.2
2025-08-01,2025-08-01 10:14:07.000,MO2508-C-7500,2.0,2.0,2.2
2025-08-01,2025-08-01 10:14:36.500,MO2508-C-7500,2.0,2.0,2.2
2025-08-01,2025-08-01 10:14:37.000,MO2508-C-7500,2.0,2.0,2.2
2025-08-01,2025-08-01 10:15:06.500,MO2508-C-7500,2.0,2.0,2.2
2025-08-01,2025-08-01 10:15:07.000,MO2508-C-7500,2.0,2.0,2.2
2025-08-01,2025-08-01 10:15:07.500,MO2508-C-7500,2.0,2.0,2.2
2025-08-01,2025-08-01 10:15:16.500,MO2508-C-7500,2.0,2.0,2.2
2025-08-01,2025-08-01 10:15:36.500,MO2508-C-7500,2.0,2.0,2.2
2025-08-01,2025-08-01 10:15:37.000,MO2508-C-7500,2.0,2.0,2.2
2025-08-01,2025-08-01 10:15:42.500,MO2508-C-7500,2.0,2.0,2.2
2025-08-01,2025-08-01 10:16:06.500,MO2508-C-7500,2.0,2.0,2.2
2025-08-01,2025-08-01 10:16:07.000,MO2508-C-7500,2.0,2.0,2.2
2025-08-01,2025-08-01 10:16:09.000,MO2508-C-7500,2.0,2.0,2.2
2025-08-01,2025-08-01 10:16:09.500,MO2508-C-7500,2.0,2.0,2.2
2025-08-01,2025-08-01 10:16:10.500,MO2508-C-7500,2.0,2.0,2.2
2025-08-01,2025-08-01 10:16:36.500,MO2508-C-7500,2.0,2.0,2.2
2025-08-01,2025-08-01 10:16:37.000,MO2508-C-7500,2.0,2.0,2.2
2025-08-01,2025-08-01 10:16:38.000,MO2508-C-7500,2.0,2.0,2.2
2025-08-01,2025-08-01 10:17:05.500,MO2508-C-7500,2.0,2.0,2.2
2025-08-01,2025-08-01 10:17:06.000,MO2508-C-7500,2.0,2.0,2.2
2025-08-01,2025-08-01 10:17:06.500,MO2508-C-7500,2.0,2.0,2.2
2025-08-01,2025-08-01 10:17:07.000,MO2508-C-7500,2.0,2.0,2.2
2025-08-01,2025-08-01 10:17:18.000,MO2508-C-7500,2.0,2.0,2.2
2025-08-01,2025-08-01 10:17:18.500,MO2508-C-7500,2.0,2.0,2.2
2025-08-01,2025-08-01 10:17:36.500,MO2508-C-7500,2.0,2.0,2.2
2025-08-01,2025-08-01 10:17:37.000,MO2508-C-7500,2.0,2.0,2.2
2025-08-01,2025-08-01 10:17:39.500,MO2508-C-7500,2.0,2.0,2.2
2025-08-01,2025-08-01 10:17:40.500,MO2508-C-7500,2.0,2.0,2.2
2025-08-01,2025-08-01 10:17:46.500,MO2508-C-7500,2.0,2.0,2.2
2025-08-01,2025-08-01 10:17:51.500,MO2508-C-7500,2.0,2.0,2.2
2025-08-01,2025-08-01 10:17:52.000,MO2508-C-7500,2.0,2.0,2.2
2025-08-01,2025-08-01 10:17:52.500,MO2508-C-7500,2.0,2.0,2.2
2025-08-01,2025-08-01 10:18:06.500,MO2508-C-7500,2.0,2.0,2.2
2025-08-01,2025-08-01 10:18:07.000,MO2508-C-7500,2.0,2.0,2.2
2025-08-01,2025-08-01 10:18:27.500,MO2508-C-7500,2.0,2.0,2.2
2025-08-01,2025-08-01 10:18:28.000,MO2508-C-7500,2.0,2.0,2.2
2025-08-01,2025-08-01 10:18:36.500,MO2508-C-7500,2.0,2.0,2.2
2025-08-01,2025-08-01 10:18:37.000,MO2508-C-7500,2.0,2.0,2.2
2025-08-01,2025-08-01 10:18:46.000,MO2508-C-7500,2.0,2.0,2.2
2025-08-01,2025-08-01 10:18:59.000,MO2508-C-7500,2.0,2.0,2.2
2025-08-01,2025-08-01 10:19:06.500,MO2508-C-7500,2.0,2.0,2.2
2025-08-01,2025-08-01 10:19:07.000,MO2508-C-7500,2.0,2.0,2.2
2025-08-01,2025-08-01 10:19:19.000,MO2508-C-7500,2.0,2.0,2.2
2025-08-01,2025-08-01 10:19:33.500,MO2508-C-7500,2.0,2.0,2.2
2025-08-01,2025-08-01 10:19:36.500,MO2508-C-7500,2.0,2.0,2.2
2025-08-01,2025-08-01 10:19:37.000,MO2508-C-7500,2.0,2.0,2.2
2025-08-01,2025-08-01 10:19:38.500,MO2508-C-7500,2.0,2.0,2.2
2025-08-01,2025-08-01 10:19:39.500,MO2508-C-7500,2.0,2.0,2.2
2025-08-01,2025-08-01 10:19:49.500,MO2508-C-7500,2.0,2.0,2.2
2025-08-01,2025-08-01 10:20:01.500,MO2508-C-7500,2.0,2.0,2.2
2025-08-01,2025-08-01 10:20:02.000,MO2508-C-7500,2.0,2.0,2.2
2025-08-01,2025-08-01 10:20:02.500,MO2508-C-7500,2.0,2.0,2.2
2025-08-01,2025-08-01 10:20:06.500,MO2508-C-7500,2.0,2.0,2.2
2025-08-01,2025-08-01 10:20:07.000,MO2508-C-7500,2.0,2.0,2.2
2025-08-01,2025-08-01 10:20:26.500,MO2508-C-7500,2.0,2.0,2.2
2025-08-01,2025-08-01 10:20:27.500,MO2508-C-7500,2.0,2.0,2.2
2025-08-01,2025-08-01 10:20:28.500,MO2508-C-7500,2.0,2.0,2.2
2025-08-01,2025-08-01 10:20:29.500,MO2508-C-7500,2.0,2.0,2.2
2025-08-01,2025-08-01 10:20:36.500,MO2508-C-7500,2.0,2.0,2.2
2025-08-01,2025-08-01 10:20:37.000,MO2508-C-7500,2.0,2.0,2.2
2025-08-01,2025-08-01 10:20:51.500,MO2508-C-7500,2.0,2.0,2.2
2025-08-01,2025-08-01 10:20:52.500,MO2508-C-7500,2.0,2.0,2.2
2025-08-01,2025-08-01 10:21:06.500,MO2508-C-7500,2.0,2.0,2.2
2025-08-01,2025-08-01 10:21:07.000,MO2508-C-7500,2.0,2.0,2.2
2025-08-01,2025-08-01 10:21:08.000,MO2508-C-7500,2.0,2.0,2.2
2025-08-01,2025-08-01 10:21:36.500,MO2508-C-7500,2.0,2.0,2.2
2025-08-01,2025-08-01 10:21:37.000,MO2508-C-7500,2.0,2.0,2.2
2025-08-01,2025-08-01 10:21:42.500,MO2508-C-7500,2.0,2.0,2.2
2025-08-01,2025-08-01 10:21:50.500,MO2508-C-7500,2.0,2.0,2.2
2025-08-01,2025-08-01 10:21:51.000,MO2508-C-7500,2.0,2.0,2.2
2025-08-01,2025-08-01 10:21:52.500,MO2508-C-7500,2.0,2.0,2.2
2025-08-01,2025-08-01 10:22:06.500,MO2508-C-7500,2.0,2.0,2.2
2025-08-01,2025-08-01 10:22:07.000,MO2508-C-7500,2.0,2.0,2.2
2025-08-01,2025-08-01 10:22:07.500,MO2508-C-7500,2.0,2.0,2.2
2025-08-01,2025-08-01 10:22:12.000,MO2508-C-7500,2.0,2.0,2.2
2025-08-01,2025-08-01 10:22:27.000,MO2508-C-7500,2.0,2.0,2.2
2025-08-01,2025-08-01 10:22:28.500,MO2508-C-7500,2.0,2.0,2.2
2025-08-01,2025-08-01 10:22:32.000,MO2508-C-7500,2.0,2.0,2.2
2025-08-01,2025-08-01 10:22:32.500,MO2508-C-7500,2.0,2.0,2.2
2025-08-01,2025-08-01 10:22:36.500,MO2508-C-7500,2.0,2.0,2.2
2025-08-01,2025-08-01 10:22:37.000,MO2508-C-7500,2.0,2.0,2.2
2025-08-01,2025-08-01 10:22:37.500,MO2508-C-7500,2.0,2.0,2.2
2025-08-01,2025-08-01 10:22:47.500,MO2508-C-7500,2.0,2.0,2.2
2025-08-01,2025-08-01 10:22:50.000,MO2508-C-7500,2.0,2.0,2.2
2025-08-01,2025-08-01 10:22:52.000,MO2508-C-7500,2.0,2.0,2.2
2025-08-01,2025-08-01 10:23:06.500,MO2508-C-7500,2.0,2.0,2.2
2025-08-01,2025-08-01 10:23:07.000,MO2508-C-7500,2.0,2.0,2.2
2025-08-01,2025-08-01 10:23:09.000,MO2508-C-7500,2.0,2.0,2.2
2025-08-01,2025-08-01 10:23:23.000,MO2508-C-7500,2.0,2.0,2.2
2025-08-01,2025-08-01 10:23:23.500,MO2508-C-7500,2.0,2.0,2.2
2025-08-01,2025-08-01 10:23:36.500,MO2508-C-7500,2.0,2.0,2.2
2025-08-01,2025-08-01 10:23:37.000,MO2508-C-7500,2.0,2.0,2.2
2025-08-01,2025-08-01 10:23:38.000,MO2508-C-7500,2.0,2.0,2.2
2025-08-01,2025-08-01 10:23:39.000,MO2508-C-7500,2.0,2.0,2.2
2025-08-01,2025-08-01 10:24:05.000,MO2508-C-7500,2.0,2.0,2.2
2025-08-01,2025-08-01 10:24:05.500,MO2508-C-7500,2.0,2.0,2.2
2025-08-01,2025-08-01 10:24:06.500,MO2508-C-7500,2.0,2.0,2.2
2025-08-01,2025-08-01 10:24:07.000,MO2508-C-7500,2.0,2.0,2.2
2025-08-01,2025-08-01 10:24:09.500,MO2508-C-7500,2.0,2.0,2.2
2025-08-01,2025-08-01 10:24:10.500,MO2508-C-7500,2.0,2.0,2.2
2025-08-01,2025-08-01 10:24:11.500,MO2508-C-7500,2.0,2.0,2.2
2025-08-01,2025-08-01 10:24:12.500,MO2508-C-7500,2.0,2.0,2.2
2025-08-01,2025-08-01 10:24:15.500,MO2508-C-7500,2.0,2.0,2.2
2025-08-01,2025-08-01 10:24:16.500,MO2508-C-7500,2.0,2.0,2.2
2025-08-01,2025-08-01 10:24:18.500,MO2508-C-7500,2.0,2.0,2.2
2025-08-01,2025-08-01 10:24:19.500,MO2508-C-7500,2.0,2.0,2.2
2025-08-01,2025-08-01 10:24:27.500,MO2508-C-7500,2.0,2.0,2.2
2025-08-01,2025-08-01 10:24:28.500,MO2508-C-7500,2.0,2.0,2.2
2025-08-01,2025-08-01 10:24:29.500,MO2508-C-7500,2.0,2.0,2.2
2025-08-01,2025-08-01 10:24:30.500,MO2508-C-7500,2.0,2.0,2.2
2025-08-01,2025-08-01 10:24:31.500,MO2508-C-7500,2.0,2.0,2.2
2025-08-01,2025-08-01 10:24:32.000,MO2508-C-7500,2.0,2.0,2.2
2025-08-01,2025-08-01 10:24:32.500,MO2508-C-7500,2.0,2.0,2.2
2025-08-01,2025-08-01 10:24:33.000,MO2508-C-7500,2.0,2.0,2.2
2025-08-01,2025-08-01 10:24:33.500,MO2508-C-7500,2.0,2.0,2.2
2025-08-01,2025-08-01 10:24:34.000,MO2508-C-7500,2.0,2.0,2.2
2025-08-01,2025-08-01 10:24:34.500,MO2508-C-7500,2.0,2.0,2.2
2025-08-01,2025-08-01 10:24:36.500,MO2508-C-7500,2.0,2.0,2.2
2025-08-01,2025-08-01 10:24:37.000,MO2508-C-7500,2.0,2.0,2.2
2025-08-01,2025-08-01 10:24:40.000,MO2508-C-7500,2.0,2.0,2.2
2025-08-01,2025-08-01 10:24:41.000,MO2508-C-7500,2.0,2.0,2.2
2025-08-01,2025-08-01 10:24:41.500,MO2508-C-7500,2.0,2.0,2.2
2025-08-01,2025-08-01 10:24:51.000,MO2508-C-7500,2.0,2.0,2.2
2025-08-01,2025-08-01 10:24:52.500,MO2508-C-7500,2.0,2.0,2.2
2025-08-01,2025-08-01 10:25:02.500,MO2508-C-7500,2.0,2.0,2.2
2025-08-01,2025-08-01 10:25:03.000,MO2508-C-7500,2.0,2.0,2.2
2025-08-01,2025-08-01 10:25:03.500,MO2508-C-7500,2.0,2.0,2.2
2025-08-01,2025-08-01 10:25:06.500,MO2508-C-7500,2.0,2.0,2.2
2025-08-01,2025-08-01 10:25:07.000,MO2508-C-7500,2.0,2.0,2.2
2025-08-01,2025-08-01 10:25:10.000,MO2508-C-7500,2.0,2.0,2.2
2025-08-01,2025-08-01 10:25:30.000,MO2508-C-7500,2.0,2.0,2.2
2025-08-01,2025-08-01 10:25:30.500,MO2508-C-7500,2.0,2.0,2.2
2025-08-01,2025-08-01 10:25:36.500,MO2508-C-7500,2.0,2.0,2.2
2025-08-01,2025-08-01 10:25:37.000,MO2508-C-7500,2.0,2.0,2.2
2025-08-01,2025-08-01 10:25:50.500,MO2508-C-7500,2.0,2.0,2.2
2025-08-01,2025-08-01 10:26:06.500,MO2508-C-7500,2.0,2.0,2.2
2025-08-01,2025-08-01 10:26:07.000,MO2508-C-7500,2.0,2.0,2.2
2025-08-01,2025-08-01 10:26:08.500,MO2508-C-7500,2.0,2.0,2.2
2025-08-01,2025-08-01 10:26:11.000,MO2508-C-7500,2.0,2.0,2.2
2025-08-01,2025-08-01 10:26:11.500,MO2508-C-7500,2.0,2.0,2.2
2025-08-01,2025-08-01 10:26:15.500,MO2508-C-7500,2.0,2.0,2.2
2025-08-01,2025-08-01 10:26:16.000,MO2508-C-7500,2.0,2.0,2.2
2025-08-01,2025-08-01 10:26:16.500,MO2508-C-7500,2.0,2.0,2.2
2025-08-01,2025-08-01 10:26:19.000,MO2508-C-7500,2.0,2.0,2.2
2025-08-01,2025-08-01 10:26:19.500,MO2508-C-7500,2.0,2.0,2.2
2025-08-01,2025-08-01 10:26:22.500,MO2508-C-7500,2.0,2.0,2.2
2025-08-01,2025-08-01 10:26:36.500,MO2508-C-7500,2.0,2.0,2.2
2025-08-01,2025-08-01 10:26:37.000,MO2508-C-7500,2.0,2.0,2.2
2025-08-01,2025-08-01 10:26:46.000,MO2508-C-7500,2.0,2.0,2.2
2025-08-01,2025-08-01 10:26:46.500,MO2508-C-7500,2.0,2.0,2.2
2025-08-01,2025-08-01 10:26:47.000,MO2508-C-7500,2.0,2.0,2.2
2025-08-01,2025-08-01 10:26:56.500,MO2508-C-7500,2.0,2.0,2.2
2025-08-01,2025-08-01 10:27:06.500,MO2508-C-7500,2.0,2.0,2.2
2025-08-01,2025-08-01 10:27:07.000,MO2508-C-7500,2.0,2.0,2.2
2025-08-01,2025-08-01 10:27:18.000,MO2508-C-7500,2.0,2.0,2.2
2025-08-01,2025-08-01 10:27:18.500,MO2508-C-7500,2.0,2.0,2.2
2025-08-01,2025-08-01 10:27:36.500,MO2508-C-7500,2.0,2.0,2.2
2025-08-01,2025-08-01 10:27:37.000,MO2508-C-7500,2.0,2.0,2.2
2025-08-01,2025-08-01 10:27:42.500,MO2508-C-7500,2.0,2.0,2.2
2025-08-01,2025-08-01 10:28:06.500,MO2508-C-7500,2.0,2.0,2.2
2025-08-01,2025-08-01 10:28:07.000,MO2508-C-7500,2.0,2.0,2.2
2025-08-01,2025-08-01 10:28:19.000,MO2508-C-7500,2.0,2.0,2.2
2025-08-01,2025-08-01 10:28:23.500,MO2508-C-7500,2.0,2.0,2.2
2025-08-01,2025-08-01 10:28:36.500,MO2508-C-7500,2.0,2.0,2.2
2025-08-01,2025-08-01 10:28:37.000,MO2508-C-7500,2.0,2.0,2.2
2025-08-01,2025-08-01 10:29:06.500,MO2508-C-7500,2.0,2.0,2.2
2025-08-01,2025-08-01 10:29:07.000,MO2508-C-7500,2.0,2.0,2.2
2025-08-01,2025-08-01 10:29:36.500,MO2508-C-7500,2.0,2.0,2.2
2025-08-01,2025-08-01 10:29:37.000,MO2508-C-7500,2.0,2.0,2.2
2025-08-01,2025-08-01 10:30:06.500,MO2508-C-7500,2.0,2.0,2.2
2025-08-01,2025-08-01 10:30:07.000,MO2508-C-7500,2.0,2.0,2.2
2025-08-01,2025-08-01 10:30:36.500,MO2508-C-7500,2.0,2.0,2.2
2025-08-01,2025-08-01 10:30:37.000,MO2508-C-7500,2.0,2.0,2.2
2025-08-01,2025-08-01 10:30:50.500,MO2508-C-7500,2.0,2.0,2.2
2025-08-01,2025-08-01 10:31:06.500,MO2508-C-7500,2.0,2.0,2.2
2025-08-01,2025-08-01 10:31:07.000,MO2508-C-7500,2.0,2.0,2.2
2025-08-01,2025-08-01 10:31:15.500,MO2508-C-7500,2.0,2.0,2.2
2025-08-01,2025-08-01 10:31:16.000,MO2508-C-7500,2.0,2.0,2.2
2025-08-01,2025-08-01 10:31:16.500,MO2508-C-7500,2.0,2.0,2.2
2025-08-01,2025-08-01 10:31:17.000,MO2508-C-7500,2.0,2.0,2.2
2025-08-01,2025-08-01 10:31:17.500,MO2508-C-7500,2.0,2.0,2.2
2025-08-01,2025-08-01 10:31:36.500,MO2508-C-7500,2.0,2.0,2.2
2025-08-01,2025-08-01 10:31:37.000,MO2508-C-7500,2.0,2.0,2.2
2025-08-01,2025-08-01 10:31:47.500,MO2508-C-7500,2.0,2.0,2.2
2025-08-01,2025-08-01 10:31:48.000,MO2508-C-7500,2.0,2.0,2.2
2025-08-01,2025-08-01 10:31:48.500,MO2508-C-7500,2.0,2.0,2.2
2025-08-01,2025-08-01 10:31:52.000,MO2508-C-7500,2.0,2.0,2.2
2025-08-01,2025-08-01 10:31:53.500,MO2508-C-7500,2.0,2.0,2.2
2025-08-01,2025-08-01 10:31:54.000,MO2508-C-7500,2.0,2.0,2.2
2025-08-01,2025-08-01 10:31:54.500,MO2508-C-7500,2.0,2.0,2.2
2025-08-01,2025-08-01 10:31:56.000,MO2508-C-7500,2.0,2.0,2.2
2025-08-01,2025-08-01 10:32:06.500,MO2508-C-7500,2.0,2.0,2.2
2025-08-01,2025-08-01 10:32:07.000,MO2508-C-7500,2.0,2.0,2.2
2025-08-01,2025-08-01 10:32:21.000,MO2508-C-7500,2.0,2.0,2.2
2025-08-01,2025-08-01 10:32:21.500,MO2508-C-7500,2.0,2.0,2.2
2025-08-01,2025-08-01 10:32:36.500,MO2508-C-7500,2.0,2.0,2.2
2025-08-01,2025-08-01 10:32:37.000,MO2508-C-7500,2.0,2.0,2.2
2025-08-01,2025-08-01 10:32:56.000,MO2508-C-7500,2.0,2.0,2.2
2025-08-01,2025-08-01 10:32:59.500,MO2508-C-7500,2.0,2.0,2.2
2025-08-01,2025-08-01 10:33:00.000,MO2508-C-7500,2.0,2.0,2.2
2025-08-01,2025-08-01 10:33:00.500,MO2508-C-7500,2.0,2.0,2.2
2025-08-01,2025-08-01 10:33:03.000,MO2508-C-7500,2.0,2.0,2.2
2025-08-01,2025-08-01 10:33:03.500,MO2508-C-7500,2.0,2.0,2.2
2025-08-01,2025-08-01 10:33:05.500,MO2508-C-7500,2.0,2.0,2.2
2025-08-01,2025-08-01 10:33:06.500,MO2508-C-7500,2.0,2.0,2.2
2025-08-01,2025-08-01 10:33:07.000,MO2508-C-7500,2.0,2.0,2.2
2025-08-01,2025-08-01 10:33:09.500,MO2508-C-7500,2.0,2.0,2.2
2025-08-01,2025-08-01 10:33:10.500,MO2508-C-7500,2.0,2.0,2.2
2025-08-01,2025-08-01 10:33:12.500,MO2508-C-7500,2.0,2.0,2.2
2025-08-01,2025-08-01 10:33:14.000,MO2508-C-7500,2.0,2.0,2.2
2025-08-01,2025-08-01 10:33:14.500,MO2508-C-7500,2.0,2.0,2.2
2025-08-01,2025-08-01 10:33:15.000,MO2508-C-7500,2.0,2.0,2.2
2025-08-01,2025-08-01 10:33:16.000,MO2508-C-7500,2.0,2.0,2.2
2025-08-01,2025-08-01 10:33:20.500,MO2508-C-7500,2.0,2.0,2.2
2025-08-01,2025-08-01 10:33:27.500,MO2508-C-7500,2.0,2.0,2.2
2025-08-01,2025-08-01 10:33:28.000,MO2508-C-7500,2.0,2.0,2.2
2025-08-01,2025-08-01 10:33:28.500,MO2508-C-7500,2.0,2.0,2.2
2025-08-01,2025-08-01 10:33:29.500,MO2508-C-7500,2.0,2.0,2.2
2025-08-01,2025-08-01 10:33:33.000,MO2508-C-7500,2.0,2.0,2.2
2025-08-01,2025-08-01 10:33:35.500,MO2508-C-7500,2.0,2.0,2.2
2025-08-01,2025-08-01 10:33:36.000,MO2508-C-7500,2.0,2.0,2.2
2025-08-01,2025-08-01 10:33:36.500,MO2508-C-7500,2.0,2.0,2.2
2025-08-01,2025-08-01 10:33:37.000,MO2508-C-7500,2.0,2.0,2.2
2025-08-01,2025-08-01 10:33:57.000,MO2508-C-7500,2.0,2.0,2.2
2025-08-01,2025-08-01 10:34:02.500,MO2508-C-7500,2.0,2.0,2.2
2025-08-01,2025-08-01 10:34:06.500,MO2508-C-7500,2.0,2.0,2.2
2025-08-01,2025-08-01 10:34:07.000,MO2508-C-7500,2.0,2.0,2.2
2025-08-01,2025-08-01 10:34:07.500,MO2508-C-7500,2.0,2.0,2.2
2025-08-01,2025-08-01 10:34:11.000,MO2508-C-7500,2.0,2.0,2.2
2025-08-01,2025-08-01 10:34:20.000,MO2508-C-7500,2.0,2.0,2.2
2025-08-01,2025-08-01 10:34:20.500,MO2508-C-7500,2.0,2.0,2.2
2025-08-01,2025-08-01 10:34:21.000,MO2508-C-7500,2.0,2.0,2.2
2025-08-01,2025-08-01 10:34:36.500,MO2508-C-7500,2.0,2.0,2.2
2025-08-01,2025-08-01 10:34:37.000,MO2508-C-7500,2.0,2.0,2.2
2025-08-01,2025-08-01 10:34:43.500,MO2508-C-7500,2.0,2.0,2.2
2025-08-01,2025-08-01 10:34:44.000,MO2508-C-7500,2.0,2.0,2.2
2025-08-01,2025-08-01 10:34:55.000,MO2508-C-7500,2.0,2.0,2.2
2025-08-01,2025-08-01 10:35:06.500,MO2508-C-7500,2.0,2.0,2.2
2025-08-01,2025-08-01 10:35:07.000,MO2508-C-7500,2.0,2.0,2.2
2025-08-01,2025-08-01 10:35:28.500,MO2508-C-7500,2.0,2.0,2.2
2025-08-01,2025-08-01 10:35:31.000,MO2508-C-7500,2.0,2.0,2.2
2025-08-01,2025-08-01 10:35:31.500,MO2508-C-7500,2.0,2.0,2.2
2025-08-01,2025-08-01 10:35:36.500,MO2508-C-7500,2.0,2.0,2.2
2025-08-01,2025-08-01 10:35:37.000,MO2508-C-7500,2.0,2.0,2.2
2025-08-01,2025-08-01 10:36:06.000,MO2508-C-7500,2.0,2.0,2.2
2025-08-01,2025-08-01 10:36:06.500,MO2508-C-7500,2.0,2.0,2.2
2025-08-01,2025-08-01 10:36:07.000,MO2508-C-7500,2.0,2.0,2.2
2025-08-01,2025-08-01 10:36:16.500,MO2508-C-7500,2.0,2.0,2.2
2025-08-01,2025-08-01 10:36:17.000,MO2508-C-7500,2.0,2.0,2.2
2025-08-01,2025-08-01 10:36:17.500,MO2508-C-7500,2.0,2.0,2.2
2025-08-01,2025-08-01 10:36:31.000,MO2508-C-7500,2.0,2.0,2.2
2025-08-01,2025-08-01 10:36:36.500,MO2508-C-7500,2.0,2.0,2.2
2025-08-01,2025-08-01 10:36:37.000,MO2508-C-7500,2.0,2.0,2.2
2025-08-01,2025-08-01 10:37:06.500,MO2508-C-7500,2.0,2.0,2.2
2025-08-01,2025-08-01 10:37:07.000,MO2508-C-7500,2.0,2.0,2.2
2025-08-01,2025-08-01 10:37:36.500,MO2508-C-7500,2.0,2.0,2.2
2025-08-01,2025-08-01 10:37:37.000,MO2508-C-7500,2.0,2.0,2.2
2025-08-01,2025-08-01 10:37:48.500,MO2508-C-7500,2.0,2.0,2.2
2025-08-01,2025-08-01 10:38:06.500,MO2508-C-7500,2.0,2.0,2.2
2025-08-01,2025-08-01 10:38:07.000,MO2508-C-7500,2.0,2.0,2.2
2025-08-01,2025-08-01 10:38:22.500,MO2508-C-7500,2.0,2.0,2.2
2025-08-01,2025-08-01 10:38:36.500,MO2508-C-7500,2.0,2.0,2.2
2025-08-01,2025-08-01 10:38:37.000,MO2508-C-7500,2.0,2.0,2.2
2025-08-01,2025-08-01 10:39:06.500,MO2508-C-7500,2.0,2.0,2.2
2025-08-01,2025-08-01 10:39:07.000,MO2508-C-7500,2.0,2.0,2.2
2025-08-01,2025-08-01 10:39:11.000,MO2508-C-7500,2.0,2.0,2.2
2025-08-01,2025-08-01 10:39:36.500,MO2508-C-7500,2.0,2.0,2.2
2025-08-01,2025-08-01 10:39:37.000,MO2508-C-7500,2.0,2.0,2.2
2025-08-01,2025-08-01 10:40:05.000,MO2508-C-7500,2.0,2.0,2.2
2025-08-01,2025-08-01 10:40:06.500,MO2508-C-7500,2.0,2.0,2.2
2025-08-01,2025-08-01 10:40:07.000,MO2508-C-7500,2.0,2.0,2.2
2025-08-01,2025-08-01 10:40:07.500,MO2508-C-7500,2.0,2.0,2.2
2025-08-01,2025-08-01 10:40:24.000,MO2508-C-7500,2.0,2.0,2.2
2025-08-01,2025-08-01 10:40:31.500,MO2508-C-7500,2.0,2.0,2.2
2025-08-01,2025-08-01 10:40:33.000,MO2508-C-7500,2.0,2.0,2.2
2025-08-01,2025-08-01 10:40:36.500,MO2508-C-7500,2.0,2.0,2.2
2025-08-01,2025-08-01 10:40:37.000,MO2508-C-7500,2.0,2.0,2.2
2025-08-01,2025-08-01 10:40:41.000,MO2508-C-7500,2.0,2.0,2.2
2025-08-01,2025-08-01 10:40:49.500,MO2508-C-7500,2.0,2.0,2.2
2025-08-01,2025-08-01 10:40:59.000,MO2508-C-7500,2.0,2.0,2.2
2025-08-01,2025-08-01 10:41:00.500,MO2508-C-7500,2.0,2.0,2.2
2025-08-01,2025-08-01 10:41:01.000,MO2508-C-7500,2.0,2.0,2.2
2025-08-01,2025-08-01 10:41:06.500,MO2508-C-7500,2.0,2.0,2.2
2025-08-01,2025-08-01 10:41:07.000,MO2508-C-7500,2.0,2.0,2.2
2025-08-01,2025-08-01 10:41:16.000,MO2508-C-7500,2.0,2.0,2.2
2025-08-01,2025-08-01 10:41:17.000,MO2508-C-7500,2.0,2.0,2.2
2025-08-01,2025-08-01 10:41:36.500,MO2508-C-7500,2.0,2.0,2.2
2025-08-01,2025-08-01 10:41:37.000,MO2508-C-7500,2.0,2.0,2.2
2025-08-01,2025-08-01 10:41:49.000,MO2508-C-7500,2.0,2.0,2.2
2025-08-01,2025-08-01 10:41:56.000,MO2508-C-7500,2.0,2.0,2.2
2025-08-01,2025-08-01 10:41:56.500,MO2508-C-7500,2.0,2.0,2.2
2025-08-01,2025-08-01 10:41:57.000,MO2508-C-7500,2.0,2.0,2.2
2025-08-01,2025-08-01 10:41:57.500,MO2508-C-7500,2.0,2.0,2.2
2025-08-01,2025-08-01 10:42:04.000,MO2508-C-7500,2.0,2.0,2.2
2025-08-01,2025-08-01 10:42:06.500,MO2508-C-7500,2.0,2.0,2.2
2025-08-01,2025-08-01 10:42:07.000,MO2508-C-7500,2.0,2.0,2.2
2025-08-01,2025-08-01 10:42:15.000,MO2508-C-7500,2.0,2.0,2.2
2025-08-01,2025-08-01 10:42:24.500,MO2508-C-7500,2.0,2.0,2.2
2025-08-01,2025-08-01 10:42:33.000,MO2508-C-7500,2.0,2.0,2.2
2025-08-01,2025-08-01 10:42:36.500,MO2508-C-7500,2.0,2.0,2.2
2025-08-01,2025-08-01 10:42:37.000,MO2508-C-7500,2.0,2.0,2.2
2025-08-01,2025-08-01 10:42:43.500,MO2508-C-7500,2.0,2.0,2.2
2025-08-01,2025-08-01 10:42:54.000,MO2508-C-7500,2.0,2.0,2.2
2025-08-01,2025-08-01 10:42:54.500,MO2508-C-7500,2.0,2.0,2.2
2025-08-01,2025-08-01 10:43:06.500,MO2508-C-7500,2.0,2.0,2.2
2025-08-01,2025-08-01 10:43:07.000,MO2508-C-7500,2.0,2.0,2.2
2025-08-01,2025-08-01 10:43:07.500,MO2508-C-7500,2.0,2.0,2.2
2025-08-01,2025-08-01 10:43:09.500,MO2508-C-7500,2.0,2.0,2.2
2025-08-01,2025-08-01 10:43:10.000,MO2508-C-7500,2.0,2.0,2.2
2025-08-01,2025-08-01 10:43:12.500,MO2508-C-7500,2.0,2.0,2.2
2025-08-01,2025-08-01 10:43:17.500,MO2508-C-7500,2.0,2.0,2.2
2025-08-01,2025-08-01 10:43:18.500,MO2508-C-7500,2.0,2.0,2.2
2025-08-01,2025-08-01 10:43:26.000,MO2508-C-7500,2.0,2.0,2.2
2025-08-01,2025-08-01 10:43:29.000,MO2508-C-7500,2.0,2.0,2.2
2025-08-01,2025-08-01 10:43:35.000,MO2508-C-7500,2.0,2.0,2.2
2025-08-01,2025-08-01 10:43:35.500,MO2508-C-7500,2.0,2.0,2.2
2025-08-01,2025-08-01 10:43:36.500,MO2508-C-7500,2.0,2.0,2.2
2025-08-01,2025-08-01 10:43:37.000,MO2508-C-7500,2.0,2.0,2.2
2025-08-01,2025-08-01 10:43:54.500,MO2508-C-7500,2.0,2.0,2.2
2025-08-01,2025-08-01 10:43:57.000,MO2508-C-7500,2.0,2.0,2.2
2025-08-01,2025-08-01 10:44:01.000,MO2508-C-7500,2.0,2.0,2.2
2025-08-01,2025-08-01 10:44:04.000,MO2508-C-7500,2.0,2.0,2.2
2025-08-01,2025-08-01 10:44:06.500,MO2508-C-7500,2.0,2.0,2.2
2025-08-01,2025-08-01 10:44:07.000,MO2508-C-7500,2.0,2.0,2.2
2025-08-01,2025-08-01 10:44:23.000,MO2508-C-7500,2.0,2.0,2.2
2025-08-01,2025-08-01 10:44:27.000,MO2508-C-7500,2.0,2.0,2.2
2025-08-01,2025-08-01 10:44:28.000,MO2508-C-7500,2.0,2.0,2.2
2025-08-01,2025-08-01 10:44:36.500,MO2508-C-7500,2.0,2.0,2.2
2025-08-01,2025-08-01 10:44:37.000,MO2508-C-7500,2.0,2.0,2.2
2025-08-01,2025-08-01 10:45:06.500,MO2508-C-7500,2.0,2.0,2.2
2025-08-01,2025-08-01 10:45:07.000,MO2508-C-7500,2.0,2.0,2.2
2025-08-01,2025-08-01 10:45:36.500,MO2508-C-7500,2.0,2.0,2.2
2025-08-01,2025-08-01 10:45:37.000,MO2508-C-7500,2.0,2.0,2.2
2025-08-01,2025-08-01 10:45:54.500,MO2508-C-7500,2.0,2.0,2.2
2025-08-01,2025-08-01 10:46:06.500,MO2508-C-7500,2.0,2.0,2.2
2025-08-01,2025-08-01 10:46:07.000,MO2508-C-7500,2.0,2.0,2.2
2025-08-01,2025-08-01 10:46:36.500,MO2508-C-7500,2.0,2.0,2.2
2025-08-01,2025-08-01 10:46:37.000,MO2508-C-7500,2.0,2.0,2.2
2025-08-01,2025-08-01 10:47:05.500,MO2508-C-7500,2.0,2.0,2.2
2025-08-01,2025-08-01 10:47:06.000,MO2508-C-7500,2.0,2.0,2.2
2025-08-01,2025-08-01 10:47:06.500,MO2508-C-7500,2.0,2.0,2.2
2025-08-01,2025-08-01 10:47:07.000,MO2508-C-7500,2.0,2.0,2.2
2025-08-01,2025-08-01 10:47:14.500,MO2508-C-7500,2.0,2.0,2.2
2025-08-01,2025-08-01 10:47:23.000,MO2508-C-7500,2.0,1.8,2.2
2025-08-01,2025-08-01 10:47:23.500,MO2508-C-7500,2.0,1.8,2.0
2025-08-01,2025-08-01 10:47:24.000,MO2508-C-7500,2.0,1.8,2.0
2025-08-01,2025-08-01 10:47:24.500,MO2508-C-7500,2.0,1.8,2.0
2025-08-01,2025-08-01 10:47:25.000,MO2508-C-7500,2.0,1.8,2.0
2025-08-01,2025-08-01 10:47:34.000,MO2508-C-7500,2.0,1.8,2.0
2025-08-01,2025-08-01 10:47:34.500,MO2508-C-7500,2.0,1.8,2.0
2025-08-01,2025-08-01 10:47:36.500,MO2508-C-7500,2.0,1.8,2.0
2025-08-01,2025-08-01 10:47:37.000,MO2508-C-7500,2.0,1.8,2.0
2025-08-01,2025-08-01 10:47:37.500,MO2508-C-7500,2.0,1.8,2.0
2025-08-01,2025-08-01 10:47:40.000,MO2508-C-7500,2.0,1.8,2.0
2025-08-01,2025-08-01 10:47:52.000,MO2508-C-7500,2.0,1.8,2.0
2025-08-01,2025-08-01 10:48:06.500,MO2508-C-7500,2.0,1.8,2.0
2025-08-01,2025-08-01 10:48:07.000,MO2508-C-7500,2.0,1.8,2.0
2025-08-01,2025-08-01 10:48:15.500,MO2508-C-7500,2.0,1.8,2.0
2025-08-01,2025-08-01 10:48:21.000,MO2508-C-7500,2.0,1.8,2.0
2025-08-01,2025-08-01 10:48:26.500,MO2508-C-7500,2.0,1.8,2.0
2025-08-01,2025-08-01 10:48:27.000,MO2508-C-7500,2.0,1.8,2.0
2025-08-01,2025-08-01 10:48:33.500,MO2508-C-7500,2.0,1.8,2.0
2025-08-01,2025-08-01 10:48:36.500,MO2508-C-7500,2.0,1.8,2.0
2025-08-01,2025-08-01 10:48:37.000,MO2508-C-7500,2.0,1.8,2.0
2025-08-01,2025-08-01 10:49:06.000,MO2508-C-7500,2.0,1.8,2.0
2025-08-01,2025-08-01 10:49:06.500,MO2508-C-7500,2.0,1.8,2.0
2025-08-01,2025-08-01 10:49:07.000,MO2508-C-7500,2.0,1.8,2.0
2025-08-01,2025-08-01 10:49:24.000,MO2508-C-7500,2.0,1.8,2.0
2025-08-01,2025-08-01 10:49:35.500,MO2508-C-7500,2.0,1.8,2.0
2025-08-01,2025-08-01 10:49:36.500,MO2508-C-7500,2.0,1.8,2.0
2025-08-01,2025-08-01 10:49:37.000,MO2508-C-7500,2.0,1.8,2.0
2025-08-01,2025-08-01 10:49:38.500,MO2508-C-7500,2.0,1.8,2.0
2025-08-01,2025-08-01 10:49:42.000,MO2508-C-7500,2.0,1.8,2.0
2025-08-01,2025-08-01 10:49:42.500,MO2508-C-7500,2.0,1.8,2.0
2025-08-01,2025-08-01 10:50:01.000,MO2508-C-7500,2.0,1.8,2.0
2025-08-01,2025-08-01 10:50:06.500,MO2508-C-7500,2.0,1.8,2.0
2025-08-01,2025-08-01 10:50:07.000,MO2508-C-7500,2.0,1.8,2.0
2025-08-01,2025-08-01 10:50:13.000,MO2508-C-7500,2.0,1.8,2.0
2025-08-01,2025-08-01 10:50:17.500,MO2508-C-7500,2.0,1.8,2.0
2025-08-01,2025-08-01 10:50:18.000,MO2508-C-7500,2.0,1.8,2.0
2025-08-01,2025-08-01 10:50:18.500,MO2508-C-7500,2.0,1.8,2.0
2025-08-01,2025-08-01 10:50:36.500,MO2508-C-7500,2.0,1.8,2.0
2025-08-01,2025-08-01 10:50:37.000,MO2508-C-7500,2.0,1.8,2.0
2025-08-01,2025-08-01 10:50:44.500,MO2508-C-7500,2.0,1.8,2.0
2025-08-01,2025-08-01 10:50:56.000,MO2508-C-7500,2.0,1.8,2.0
2025-08-01,2025-08-01 10:50:56.500,MO2508-C-7500,2.0,1.8,2.0
2025-08-01,2025-08-01 10:50:57.000,MO2508-C-7500,2.0,1.8,2.0
2025-08-01,2025-08-01 10:51:06.500,MO2508-C-7500,2.0,1.8,2.0
2025-08-01,2025-08-01 10:51:07.000,MO2508-C-7500,2.0,1.8,2.0
2025-08-01,2025-08-01 10:51:08.000,MO2508-C-7500,2.0,1.8,2.0
2025-08-01,2025-08-01 10:51:08.500,MO2508-C-7500,2.0,1.8,2.0
2025-08-01,2025-08-01 10:51:09.000,MO2508-C-7500,2.0,1.8,2.0
2025-08-01,2025-08-01 10:51:36.500,MO2508-C-7500,2.0,1.8,2.0
2025-08-01,2025-08-01 10:51:37.000,MO2508-C-7500,2.0,1.8,2.0
2025-08-01,2025-08-01 10:51:39.500,MO2508-C-7500,2.0,1.8,2.0
2025-08-01,2025-08-01 10:51:40.500,MO2508-C-7500,2.0,1.8,2.0
2025-08-01,2025-08-01 10:52:03.000,MO2508-C-7500,2.0,1.8,2.0
2025-08-01,2025-08-01 10:52:05.500,MO2508-C-7500,2.0,1.8,2.0
2025-08-01,2025-08-01 10:52:06.500,MO2508-C-7500,2.0,1.8,2.0
2025-08-01,2025-08-01 10:52:07.000,MO2508-C-7500,2.0,1.8,2.0
2025-08-01,2025-08-01 10:52:10.500,MO2508-C-7500,2.0,1.8,2.0
2025-08-01,2025-08-01 10:52:13.000,MO2508-C-7500,2.0,1.8,2.0
2025-08-01,2025-08-01 10:52:13.500,MO2508-C-7500,2.0,1.8,2.0
2025-08-01,2025-08-01 10:52:18.000,MO2508-C-7500,2.0,1.8,2.0
2025-08-01,2025-08-01 10:52:33.000,MO2508-C-7500,2.0,1.8,2.0
2025-08-01,2025-08-01 10:52:36.500,MO2508-C-7500,2.0,1.8,2.0
2025-08-01,2025-08-01 10:52:37.000,MO2508-C-7500,2.0,1.8,2.0
2025-08-01,2025-08-01 10:53:01.500,MO2508-C-7500,2.0,1.8,2.0
2025-08-01,2025-08-01 10:53:02.500,MO2508-C-7500,2.0,1.8,2.0
2025-08-01,2025-08-01 10:53:06.500,MO2508-C-7500,2.0,1.8,2.0
2025-08-01,2025-08-01 10:53:07.000,MO2508-C-7500,2.0,1.8,2.0
2025-08-01,2025-08-01 10:53:27.500,MO2508-C-7500,2.0,1.8,2.0
2025-08-01,2025-08-01 10:53:28.500,MO2508-C-7500,2.0,1.8,2.0
2025-08-01,2025-08-01 10:53:36.500,MO2508-C-7500,2.0,1.8,2.0
2025-08-01,2025-08-01 10:53:37.000,MO2508-C-7500,2.0,1.8,2.0
2025-08-01,2025-08-01 10:53:59.000,MO2508-C-7500,2.0,1.8,2.0
2025-08-01,2025-08-01 10:53:59.500,MO2508-C-7500,2.0,1.8,2.0
2025-08-01,2025-08-01 10:54:06.500,MO2508-C-7500,2.0,1.8,2.0
2025-08-01,2025-08-01 10:54:07.000,MO2508-C-7500,2.0,1.8,2.0
2025-08-01,2025-08-01 10:54:13.500,MO2508-C-7500,2.0,1.8,2.0
2025-08-01,2025-08-01 10:54:14.000,MO2508-C-7500,2.0,1.8,2.0
2025-08-01,2025-08-01 10:54:14.500,MO2508-C-7500,2.0,1.8,2.0
2025-08-01,2025-08-01 10:54:15.000,MO2508-C-7500,2.0,1.8,2.0
2025-08-01,2025-08-01 10:54:24.500,MO2508-C-7500,2.0,1.8,2.0
2025-08-01,2025-08-01 10:54:25.500,MO2508-C-7500,2.0,1.8,2.0
2025-08-01,2025-08-01 10:54:36.500,MO2508-C-7500,2.0,1.8,2.0
2025-08-01,2025-08-01 10:54:37.000,MO2508-C-7500,2.0,1.8,2.0
2025-08-01,2025-08-01 10:54:44.000,MO2508-C-7500,2.0,1.8,2.0
2025-08-01,2025-08-01 10:55:06.500,MO2508-C-7500,2.0,1.8,2.0
2025-08-01,2025-08-01 10:55:07.000,MO2508-C-7500,2.0,1.8,2.0
2025-08-01,2025-08-01 10:55:09.000,MO2508-C-7500,2.0,1.8,2.0
2025-08-01,2025-08-01 10:55:20.000,MO2508-C-7500,2.0,1.8,2.0
2025-08-01,2025-08-01 10:55:23.000,MO2508-C-7500,2.0,1.8,2.0
2025-08-01,2025-08-01 10:55:30.000,MO2508-C-7500,2.0,1.8,2.0
2025-08-01,2025-08-01 10:55:32.000,MO2508-C-7500,2.0,1.8,2.0
2025-08-01,2025-08-01 10:55:36.500,MO2508-C-7500,2.0,1.8,2.0
2025-08-01,2025-08-01 10:55:37.000,MO2508-C-7500,2.0,1.8,2.0
2025-08-01,2025-08-01 10:55:41.500,MO2508-C-7500,2.0,1.8,2.0
2025-08-01,2025-08-01 10:55:50.000,MO2508-C-7500,2.0,1.8,2.0
2025-08-01,2025-08-01 10:55:58.000,MO2508-C-7500,2.0,1.8,2.0
2025-08-01,2025-08-01 10:56:06.000,MO2508-C-7500,2.0,1.8,2.0
2025-08-01,2025-08-01 10:56:06.500,MO2508-C-7500,2.0,1.8,2.0
2025-08-01,2025-08-01 10:56:07.000,MO2508-C-7500,2.0,1.8,2.0
2025-08-01,2025-08-01 10:56:26.500,MO2508-C-7500,2.0,1.8,2.0
2025-08-01,2025-08-01 10:56:36.500,MO2508-C-7500,2.0,1.8,2.0
2025-08-01,2025-08-01 10:56:37.000,MO2508-C-7500,2.0,1.8,2.0
2025-08-01,2025-08-01 10:56:46.000,MO2508-C-7500,2.0,1.8,2.0
2025-08-01,2025-08-01 10:56:46.500,MO2508-C-7500,2.0,1.8,2.0
2025-08-01,2025-08-01 10:56:47.000,MO2508-C-7500,2.0,1.8,2.0
2025-08-01,2025-08-01 10:57:06.500,MO2508-C-7500,2.0,1.8,2.0
2025-08-01,2025-08-01 10:57:07.000,MO2508-C-7500,2.0,1.8,2.0
2025-08-01,2025-08-01 10:57:36.500,MO2508-C-7500,2.0,1.8,2.0
2025-08-01,2025-08-01 10:57:37.000,MO2508-C-7500,2.0,1.8,2.0
2025-08-01,2025-08-01 10:57:51.000,MO2508-C-7500,2.0,1.8,2.0
2025-08-01,2025-08-01 10:57:51.500,MO2508-C-7500,2.0,1.8,2.0
2025-08-01,2025-08-01 10:57:56.500,MO2508-C-7500,2.0,1.8,2.0
2025-08-01,2025-08-01 10:57:57.500,MO2508-C-7500,2.0,1.8,2.0
2025-08-01,2025-08-01 10:58:06.500,MO2508-C-7500,2.0,1.8,2.0
2025-08-01,2025-08-01 10:58:07.000,MO2508-C-7500,2.0,1.8,2.0
2025-08-01,2025-08-01 10:58:19.000,MO2508-C-7500,2.0,1.8,2.0
2025-08-01,2025-08-01 10:58:20.000,MO2508-C-7500,2.0,1.8,2.0
2025-08-01,2025-08-01 10:58:36.500,MO2508-C-7500,2.0,1.8,2.0
2025-08-01,2025-08-01 10:58:37.000,MO2508-C-7500,2.0,1.8,2.0
2025-08-01,2025-08-01 10:58:37.500,MO2508-C-7500,2.0,1.8,2.0
2025-08-01,2025-08-01 10:58:39.000,MO2508-C-7500,2.0,1.8,2.0
2025-08-01,2025-08-01 10:59:01.500,MO2508-C-7500,2.0,1.8,2.0
2025-08-01,2025-08-01 10:59:06.500,MO2508-C-7500,2.0,1.8,2.0
2025-08-01,2025-08-01 10:59:07.000,MO2508-C-7500,2.0,1.8,2.0
2025-08-01,2025-08-01 10:59:12.000,MO2508-C-7500,2.0,1.8,2.0
2025-08-01,2025-08-01 10:59:20.000,MO2508-C-7500,2.0,1.8,2.0
2025-08-01,2025-08-01 10:59:36.500,MO2508-C-7500,2.0,1.8,2.0
2025-08-01,2025-08-01 10:59:37.000,MO2508-C-7500,2.0,1.8,2.0
2025-08-01,2025-08-01 11:00:06.500,MO2508-C-7500,2.0,1.8,2.0
2025-08-01,2025-08-01 11:00:07.000,MO2508-C-7500,2.0,1.8,2.0
2025-08-01,2025-08-01 11:00:07.500,MO2508-C-7500,2.0,1.8,2.0
2025-08-01,2025-08-01 11:00:35.500,MO2508-C-7500,2.0,1.8,2.0
2025-08-01,2025-08-01 11:00:36.500,MO2508-C-7500,2.0,1.8,2.0
2025-08-01,2025-08-01 11:00:37.000,MO2508-C-7500,2.0,1.8,2.0
2025-08-01,2025-08-01 11:00:38.500,MO2508-C-7500,2.0,1.8,2.0
2025-08-01,2025-08-01 11:00:40.500,MO2508-C-7500,2.0,1.8,2.0
2025-08-01,2025-08-01 11:01:03.000,MO2508-C-7500,2.0,1.8,2.0
2025-08-01,2025-08-01 11:01:06.500,MO2508-C-7500,2.0,1.8,2.0
2025-08-01,2025-08-01 11:01:07.000,MO2508-C-7500,2.0,1.8,2.0
2025-08-01,2025-08-01 11:01:09.500,MO2508-C-7500,2.0,1.8,2.0
2025-08-01,2025-08-01 11:01:17.000,MO2508-C-7500,2.0,1.8,2.0
2025-08-01,2025-08-01 11:01:21.500,MO2508-C-7500,2.0,1.8,2.0
2025-08-01,2025-08-01 11:01:32.000,MO2508-C-7500,2.0,1.8,2.0
2025-08-01,2025-08-01 11:01:34.000,MO2508-C-7500,2.0,1.8,2.0
2025-08-01,2025-08-01 11:01:34.500,MO2508-C-7500,2.0,1.8,2.0
2025-08-01,2025-08-01 11:01:35.500,MO2508-C-7500,2.0,1.8,2.0
2025-08-01,2025-08-01 11:01:36.500,MO2508-C-7500,2.0,1.8,2.0
2025-08-01,2025-08-01 11:01:37.000,MO2508-C-7500,2.0,1.8,2.0
2025-08-01,2025-08-01 11:01:57.000,MO2508-C-7500,2.0,1.8,2.0
2025-08-01,2025-08-01 11:01:58.000,MO2508-C-7500,2.0,1.8,2.0
2025-08-01,2025-08-01 11:02:01.000,MO2508-C-7500,2.0,1.8,2.0
2025-08-01,2025-08-01 11:02:06.500,MO2508-C-7500,2.0,1.8,2.0
2025-08-01,2025-08-01 11:02:07.000,MO2508-C-7500,2.0,1.8,2.0
2025-08-01,2025-08-01 11:02:09.000,MO2508-C-7500,2.0,1.8,2.0
2025-08-01,2025-08-01 11:02:34.000,MO2508-C-7500,2.0,1.8,2.0
2025-08-01,2025-08-01 11:02:34.500,MO2508-C-7500,2.0,1.8,2.0
2025-08-01,2025-08-01 11:02:36.500,MO2508-C-7500,2.0,1.8,2.0
2025-08-01,2025-08-01 11:02:37.000,MO2508-C-7500,2.0,1.8,2.0
2025-08-01,2025-08-01 11:02:54.000,MO2508-C-7500,2.0,1.8,2.0
2025-08-01,2025-08-01 11:03:06.500,MO2508-C-7500,2.0,1.8,2.0
2025-08-01,2025-08-01 11:03:07.000,MO2508-C-7500,2.0,1.8,2.0
2025-08-01,2025-08-01 11:03:08.500,MO2508-C-7500,2.0,1.8,2.0
2025-08-01,2025-08-01 11:03:16.000,MO2508-C-7500,2.0,1.8,2.0
2025-08-01,2025-08-01 11:03:27.500,MO2508-C-7500,2.0,1.8,2.0
2025-08-01,2025-08-01 11:03:36.500,MO2508-C-7500,2.0,1.8,2.0
2025-08-01,2025-08-01 11:03:37.000,MO2508-C-7500,2.0,1.8,2.0
2025-08-01,2025-08-01 11:03:37.500,MO2508-C-7500,2.0,1.8,2.0
2025-08-01,2025-08-01 11:03:59.500,MO2508-C-7500,2.0,1.8,2.0
2025-08-01,2025-08-01 11:04:06.500,MO2508-C-7500,2.0,1.8,2.0
2025-08-01,2025-08-01 11:04:07.000,MO2508-C-7500,2.0,1.8,2.0
2025-08-01,2025-08-01 11:04:13.000,MO2508-C-7500,2.0,1.8,2.0
2025-08-01,2025-08-01 11:04:26.000,MO2508-C-7500,2.0,1.8,2.0
2025-08-01,2025-08-01 11:04:27.500,MO2508-C-7500,2.0,1.8,2.0
2025-08-01,2025-08-01 11:04:33.500,MO2508-C-7500,2.0,1.8,2.0
2025-08-01,2025-08-01 11:04:34.000,MO2508-C-7500,2.0,1.8,2.0
2025-08-01,2025-08-01 11:04:36.500,MO2508-C-7500,2.0,1.8,2.0
2025-08-01,2025-08-01 11:04:37.000,MO2508-C-7500,2.0,1.8,2.0
2025-08-01,2025-08-01 11:04:40.500,MO2508-C-7500,2.0,1.8,2.0
2025-08-01,2025-08-01 11:04:41.000,MO2508-C-7500,2.0,1.8,2.0
2025-08-01,2025-08-01 11:04:41.500,MO2508-C-7500,2.0,1.8,2.0
2025-08-01,2025-08-01 11:04:55.000,MO2508-C-7500,2.0,1.8,2.0
2025-08-01,2025-08-01 11:05:03.000,MO2508-C-7500,2.0,1.8,2.0
2025-08-01,2025-08-01 11:05:06.000,MO2508-C-7500,2.0,1.8,2.0
2025-08-01,2025-08-01 11:05:06.500,MO2508-C-7500,2.0,1.8,2.0
2025-08-01,2025-08-01 11:05:07.000,MO2508-C-7500,2.0,1.8,2.0
2025-08-01,2025-08-01 11:05:11.500,MO2508-C-7500,2.0,1.8,2.0
2025-08-01,2025-08-01 11:05:12.000,MO2508-C-7500,2.0,1.8,2.0
2025-08-01,2025-08-01 11:05:25.500,MO2508-C-7500,2.0,1.8,2.0
2025-08-01,2025-08-01 11:05:27.000,MO2508-C-7500,2.0,1.8,2.0
2025-08-01,2025-08-01 11:05:31.000,MO2508-C-7500,2.0,1.8,2.0
2025-08-01,2025-08-01 11:05:35.500,MO2508-C-7500,2.0,1.8,2.0
2025-08-01,2025-08-01 11:05:36.500,MO2508-C-7500,2.0,1.8,2.0
2025-08-01,2025-08-01 11:05:37.000,MO2508-C-7500,2.0,1.8,2.0
2025-08-01,2025-08-01 11:05:43.000,MO2508-C-7500,2.0,1.8,2.0
2025-08-01,2025-08-01 11:05:43.500,MO2508-C-7500,2.0,1.8,2.0
2025-08-01,2025-08-01 11:05:44.000,MO2508-C-7500,2.0,1.8,2.0
2025-08-01,2025-08-01 11:05:46.500,MO2508-C-7500,2.0,1.8,2.0
2025-08-01,2025-08-01 11:05:48.000,MO2508-C-7500,2.0,1.8,2.0
2025-08-01,2025-08-01 11:05:51.500,MO2508-C-7500,2.0,1.8,2.0
2025-08-01,2025-08-01 11:05:53.500,MO2508-C-7500,2.0,1.8,2.0
2025-08-01,2025-08-01 11:05:58.500,MO2508-C-7500,2.0,1.8,2.0
2025-08-01,2025-08-01 11:05:59.500,MO2508-C-7500,2.0,1.8,2.0
2025-08-01,2025-08-01 11:06:06.500,MO2508-C-7500,2.0,1.8,2.0
2025-08-01,2025-08-01 11:06:07.000,MO2508-C-7500,2.0,1.8,2.0
2025-08-01,2025-08-01 11:06:09.500,MO2508-C-7500,2.0,1.8,2.0
2025-08-01,2025-08-01 11:06:11.500,MO2508-C-7500,2.0,1.8,2.0
2025-08-01,2025-08-01 11:06:36.500,MO2508-C-7500,2.0,1.8,2.0
2025-08-01,2025-08-01 11:06:37.000,MO2508-C-7500,2.0,1.8,2.0
2025-08-01,2025-08-01 11:06:54.000,MO2508-C-7500,2.0,1.8,2.0
2025-08-01,2025-08-01 11:07:06.500,MO2508-C-7500,2.0,1.8,2.0
2025-08-01,2025-08-01 11:07:07.000,MO2508-C-7500,2.0,1.8,2.0
2025-08-01,2025-08-01 11:07:36.500,MO2508-C-7500,2.0,1.8,2.0
2025-08-01,2025-08-01 11:07:37.000,MO2508-C-7500,2.0,1.8,2.0
2025-08-01,2025-08-01 11:07:49.500,MO2508-C-7500,2.0,1.8,2.0
2025-08-01,2025-08-01 11:07:50.500,MO2508-C-7500,2.0,1.8,2.0
2025-08-01,2025-08-01 11:07:54.500,MO2508-C-7500,2.0,1.8,2.0
2025-08-01,2025-08-01 11:07:58.500,MO2508-C-7500,2.0,1.8,2.0
2025-08-01,2025-08-01 11:08:06.500,MO2508-C-7500,2.0,1.8,2.0
2025-08-01,2025-08-01 11:08:07.000,MO2508-C-7500,2.0,1.8,2.0
2025-08-01,2025-08-01 11:08:16.500,MO2508-C-7500,2.0,1.8,2.0
2025-08-01,2025-08-01 11:08:28.500,MO2508-C-7500,2.0,1.8,2.0
2025-08-01,2025-08-01 11:08:29.000,MO2508-C-7500,2.0,1.8,2.0
2025-08-01,2025-08-01 11:08:35.500,MO2508-C-7500,2.0,1.8,2.0
2025-08-01,2025-08-01 11:08:36.500,MO2508-C-7500,2.0,1.8,2.0
2025-08-01,2025-08-01 11:08:37.000,MO2508-C-7500,2.0,1.8,2.0
2025-08-01,2025-08-01 11:08:37.500,MO2508-C-7500,2.0,1.8,2.0
2025-08-01,2025-08-01 11:08:38.000,MO2508-C-7500,2.0,1.8,2.0
2025-08-01,2025-08-01 11:08:42.000,MO2508-C-7500,2.0,1.8,2.0
2025-08-01,2025-08-01 11:08:45.000,MO2508-C-7500,2.0,1.8,2.0
2025-08-01,2025-08-01 11:08:51.500,MO2508-C-7500,2.0,1.8,2.0
2025-08-01,2025-08-01 11:08:52.000,MO2508-C-7500,2.0,1.8,2.0
2025-08-01,2025-08-01 11:09:06.500,MO2508-C-7500,2.0,1.8,2.0
2025-08-01,2025-08-01 11:09:07.000,MO2508-C-7500,2.0,1.8,2.0
2025-08-01,2025-08-01 11:09:26.500,MO2508-C-7500,2.0,1.8,2.0
2025-08-01,2025-08-01 11:09:36.500,MO2508-C-7500,2.0,1.8,2.0
2025-08-01,2025-08-01 11:09:37.000,MO2508-C-7500,2.0,1.8,2.0
2025-08-01,2025-08-01 11:09:58.500,MO2508-C-7500,2.0,1.8,2.0
2025-08-01,2025-08-01 11:10:06.500,MO2508-C-7500,2.0,1.8,2.0
2025-08-01,2025-08-01 11:10:07.000,MO2508-C-7500,2.0,1.8,2.0
2025-08-01,2025-08-01 11:10:23.500,MO2508-C-7500,2.0,1.8,2.0
2025-08-01,2025-08-01 11:10:30.000,MO2508-C-7500,2.0,1.8,2.0
2025-08-01,2025-08-01 11:10:36.500,MO2508-C-7500,2.0,1.8,2.0
2025-08-01,2025-08-01 11:10:37.000,MO2508-C-7500,2.0,1.8,2.0
2025-08-01,2025-08-01 11:10:38.000,MO2508-C-7500,2.0,1.8,2.0
2025-08-01,2025-08-01 11:10:38.500,MO2508-C-7500,2.0,1.8,2.0
2025-08-01,2025-08-01 11:10:50.000,MO2508-C-7500,2.0,1.8,2.0
2025-08-01,2025-08-01 11:10:55.000,MO2508-C-7500,2.0,1.8,2.0
2025-08-01,2025-08-01 11:11:06.500,MO2508-C-7500,2.0,1.8,2.0
2025-08-01,2025-08-01 11:11:07.000,MO2508-C-7500,2.0,1.8,2.0
2025-08-01,2025-08-01 11:11:22.000,MO2508-C-7500,2.0,1.8,2.0
2025-08-01,2025-08-01 11:11:36.500,MO2508-C-7500,2.0,1.8,2.0
2025-08-01,2025-08-01 11:11:37.000,MO2508-C-7500,2.0,1.8,2.0
2025-08-01,2025-08-01 11:11:49.000,MO2508-C-7500,2.0,1.8,2.0
2025-08-01,2025-08-01 11:12:06.500,MO2508-C-7500,2.0,1.8,2.0
2025-08-01,2025-08-01 11:12:07.000,MO2508-C-7500,2.0,1.8,2.0
2025-08-01,2025-08-01 11:12:07.500,MO2508-C-7500,2.0,1.8,2.0
2025-08-01,2025-08-01 11:12:36.500,MO2508-C-7500,2.0,1.8,2.0
2025-08-01,2025-08-01 11:12:37.000,MO2508-C-7500,2.0,1.8,2.0
2025-08-01,2025-08-01 11:12:37.500,MO2508-C-7500,2.0,1.8,2.0
2025-08-01,2025-08-01 11:12:42.000,MO2508-C-7500,2.0,1.8,2.0
2025-08-01,2025-08-01 11:12:43.000,MO2508-C-7500,2.0,1.8,2.0
2025-08-01,2025-08-01 11:13:03.500,MO2508-C-7500,2.0,1.8,2.0
2025-08-01,2025-08-01 11:13:04.000,MO2508-C-7500,2.0,1.8,2.0
2025-08-01,2025-08-01 11:13:04.500,MO2508-C-7500,2.0,1.8,2.0
2025-08-01,2025-08-01 11:13:05.000,MO2508-C-7500,2.0,1.8,2.0
2025-08-01,2025-08-01 11:13:05.500,MO2508-C-7500,2.0,1.8,2.0
2025-08-01,2025-08-01 11:13:06.500,MO2508-C-7500,2.0,1.8,2.0
2025-08-01,2025-08-01 11:13:07.000,MO2508-C-7500,2.0,1.8,2.0
2025-08-01,2025-08-01 11:13:07.500,MO2508-C-7500,2.0,1.8,2.0
2025-08-01,2025-08-01 11:13:18.000,MO2508-C-7500,2.0,1.8,2.0
2025-08-01,2025-08-01 11:13:18.500,MO2508-C-7500,2.0,1.8,2.0
2025-08-01,2025-08-01 11:13:19.000,MO2508-C-7500,2.0,1.8,2.0
2025-08-01,2025-08-01 11:13:31.500,MO2508-C-7500,2.0,1.8,2.0
2025-08-01,2025-08-01 11:13:32.000,MO2508-C-7500,2.0,1.8,2.0
2025-08-01,2025-08-01 11:13:36.500,MO2508-C-7500,2.0,1.8,2.0
2025-08-01,2025-08-01 11:13:37.000,MO2508-C-7500,2.0,1.8,2.0
2025-08-01,2025-08-01 11:13:37.500,MO2508-C-7500,2.0,1.8,2.0
2025-08-01,2025-08-01 11:14:06.500,MO2508-C-7500,2.0,1.8,2.0
2025-08-01,2025-08-01 11:14:07.000,MO2508-C-7500,2.0,1.8,2.0
2025-08-01,2025-08-01 11:14:07.500,MO2508-C-7500,2.0,1.8,2.0
2025-08-01,2025-08-01 11:14:19.500,MO2508-C-7500,1.8,1.8,2.0
2025-08-01,2025-08-01 11:14:20.000,MO2508-C-7500,1.8,1.8,2.0
2025-08-01,2025-08-01 11:14:21.000,MO2508-C-7500,1.8,1.8,2.0
2025-08-01,2025-08-01 11:14:36.500,MO2508-C-7500,1.8,1.8,2.0
2025-08-01,2025-08-01 11:14:37.000,MO2508-C-7500,1.8,1.8,2.0
2025-08-01,2025-08-01 11:14:37.500,MO2508-C-7500,1.8,1.8,2.0
2025-08-01,2025-08-01 11:15:06.500,MO2508-C-7500,1.8,1.8,2.0
2025-08-01,2025-08-01 11:15:07.000,MO2508-C-7500,1.8,1.8,2.0
2025-08-01,2025-08-01 11:15:07.500,MO2508-C-7500,1.8,1.8,2.0
2025-08-01,2025-08-01 11:15:18.000,MO2508-C-7500,1.8,1.8,2.0
2025-08-01,2025-08-01 11:15:36.500,MO2508-C-7500,1.8,1.8,2.0
2025-08-01,2025-08-01 11:15:37.000,MO2508-C-7500,1.8,1.8,2.0
2025-08-01,2025-08-01 11:15:37.500,MO2508-C-7500,1.8,1.8,2.0
2025-08-01,2025-08-01 11:15:49.000,MO2508-C-7500,1.8,1.8,2.0
2025-08-01,2025-08-01 11:15:49.500,MO2508-C-7500,1.8,1.8,2.0
2025-08-01,2025-08-01 11:15:50.000,MO2508-C-7500,1.8,1.8,2.0
2025-08-01,2025-08-01 11:15:51.000,MO2508-C-7500,1.8,1.8,2.0
2025-08-01,2025-08-01 11:15:57.500,MO2508-C-7500,1.8,1.8,2.0
2025-08-01,2025-08-01 11:15:58.500,MO2508-C-7500,1.8,1.8,2.0
2025-08-01,2025-08-01 11:16:06.500,MO2508-C-7500,1.8,1.8,2.0
2025-08-01,2025-08-01 11:16:07.000,MO2508-C-7500,1.8,1.8,2.0
2025-08-01,2025-08-01 11:16:07.500,MO2508-C-7500,1.8,1.8,2.0
2025-08-01,2025-08-01 11:16:29.500,MO2508-C-7500,1.8,1.8,2.0
2025-08-01,2025-08-01 11:16:30.000,MO2508-C-7500,1.8,1.8,2.0
2025-08-01,2025-08-01 11:16:30.500,MO2508-C-7500,1.8,1.8,2.0
2025-08-01,2025-08-01 11:16:36.500,MO2508-C-7500,1.8,1.8,2.0
2025-08-01,2025-08-01 11:16:37.000,MO2508-C-7500,1.8,1.8,2.0
2025-08-01,2025-08-01 11:16:37.500,MO2508-C-7500,1.8,1.8,2.0
2025-08-01,2025-08-01 11:16:48.500,MO2508-C-7500,1.8,1.8,2.0
2025-08-01,2025-08-01 11:16:49.000,MO2508-C-7500,1.8,1.8,2.0
2025-08-01,2025-08-01 11:16:49.500,MO2508-C-7500,1.8,1.8,2.0
2025-08-01,2025-08-01 11:16:50.000,MO2508-C-7500,1.8,1.8,2.0
2025-08-01,2025-08-01 11:17:01.500,MO2508-C-7500,1.8,1.8,2.0
2025-08-01,2025-08-01 11:17:04.500,MO2508-C-7500,1.8,1.8,2.0
2025-08-01,2025-08-01 11:17:06.500,MO2508-C-7500,1.8,1.8,2.0
2025-08-01,2025-08-01 11:17:07.000,MO2508-C-7500,1.8,1.8,2.0
2025-08-01,2025-08-01 11:17:07.500,MO2508-C-7500,1.8,1.8,2.0
2025-08-01,2025-08-01 11:17:09.500,MO2508-C-7500,1.8,1.8,2.0
2025-08-01,2025-08-01 11:17:10.000,MO2508-C-7500,1.8,1.8,2.0
2025-08-01,2025-08-01 11:17:13.000,MO2508-C-7500,1.8,1.8,2.0
2025-08-01,2025-08-01 11:17:13.500,MO2508-C-7500,1.8,1.8,2.0
2025-08-01,2025-08-01 11:17:14.000,MO2508-C-7500,1.8,1.8,2.0
2025-08-01,2025-08-01 11:17:18.500,MO2508-C-7500,1.8,1.8,2.0
2025-08-01,2025-08-01 11:17:19.500,MO2508-C-7500,1.8,1.8,2.0
2025-08-01,2025-08-01 11:17:20.000,MO2508-C-7500,1.8,1.8,2.0
2025-08-01,2025-08-01 11:17:20.500,MO2508-C-7500,1.8,1.8,2.0
2025-08-01,2025-08-01 11:17:21.000,MO2508-C-7500,1.8,1.8,2.0
2025-08-01,2025-08-01 11:17:21.500,MO2508-C-7500,1.8,1.8,2.0
2025-08-01,2025-08-01 11:17:22.000,MO2508-C-7500,1.8,1.8,2.0
2025-08-01,2025-08-01 11:17:23.000,MO2508-C-7500,1.8,1.8,2.0
2025-08-01,2025-08-01 11:17:23.500,MO2508-C-7500,1.8,1.8,2.0
2025-08-01,2025-08-01 11:17:24.000,MO2508-C-7500,1.8,1.8,2.0
2025-08-01,2025-08-01 11:17:36.000,MO2508-C-7500,1.8,1.8,2.0
2025-08-01,2025-08-01 11:17:36.500,MO2508-C-7500,1.8,1.8,2.0
2025-08-01,2025-08-01 11:17:37.000,MO2508-C-7500,1.8,1.8,2.0
2025-08-01,2025-08-01 11:17:37.500,MO2508-C-7500,1.8,1.8,2.0
2025-08-01,2025-08-01 11:17:41.500,MO2508-C-7500,1.8,1.8,2.0
2025-08-01,2025-08-01 11:17:48.500,MO2508-C-7500,1.8,1.8,2.0
2025-08-01,2025-08-01 11:17:53.000,MO2508-C-7500,1.8,1.8,2.0
2025-08-01,2025-08-01 11:18:01.500,MO2508-C-7500,1.8,1.8,2.0
2025-08-01,2025-08-01 11:18:02.000,MO2508-C-7500,1.8,1.8,2.0
2025-08-01,2025-08-01 11:18:02.500,MO2508-C-7500,1.8,1.8,2.0
2025-08-01,2025-08-01 11:18:06.500,MO2508-C-7500,1.8,1.8,2.0
2025-08-01,2025-08-01 11:18:07.000,MO2508-C-7500,1.8,1.8,2.0
2025-08-01,2025-08-01 11:18:07.500,MO2508-C-7500,1.8,1.8,2.0
2025-08-01,2025-08-01 11:18:36.500,MO2508-C-7500,1.8,1.8,2.0
2025-08-01,2025-08-01 11:18:37.000,MO2508-C-7500,1.8,1.8,2.0
2025-08-01,2025-08-01 11:18:37.500,MO2508-C-7500,1.8,1.8,2.0
2025-08-01,2025-08-01 11:18:47.000,MO2508-C-7500,1.8,1.8,2.0
2025-08-01,2025-08-01 11:18:47.500,MO2508-C-7500,1.8,1.8,2.0
2025-08-01,2025-08-01 11:18:52.500,MO2508-C-7500,1.8,1.8,2.0
2025-08-01,2025-08-01 11:19:01.500,MO2508-C-7500,1.8,1.8,2.0
2025-08-01,2025-08-01 11:19:06.500,MO2508-C-7500,1.8,1.8,2.0
2025-08-01,2025-08-01 11:19:07.000,MO2508-C-7500,1.8,1.8,2.0
2025-08-01,2025-08-01 11:19:07.500,MO2508-C-7500,1.8,1.8,2.0
2025-08-01,2025-08-01 11:19:10.500,MO2508-C-7500,1.8,1.8,2.0
2025-08-01,2025-08-01 11:19:11.000,MO2508-C-7500,1.8,1.8,2.0
2025-08-01,2025-08-01 11:19:36.500,MO2508-C-7500,1.8,1.8,2.0
2025-08-01,2025-08-01 11:19:37.000,MO2508-C-7500,1.8,1.8,2.0
2025-08-01,2025-08-01 11:19:37.500,MO2508-C-7500,1.8,1.8,2.0
2025-08-01,2025-08-01 11:20:06.500,MO2508-C-7500,1.8,1.8,2.0
2025-08-01,2025-08-01 11:20:07.000,MO2508-C-7500,1.8,1.8,2.0
2025-08-01,2025-08-01 11:20:07.500,MO2508-C-7500,1.8,1.8,2.0
2025-08-01,2025-08-01 11:20:16.000,MO2508-C-7500,1.8,1.8,2.0
2025-08-01,2025-08-01 11:20:33.000,MO2508-C-7500,2.0,1.8,2.0
2025-08-01,2025-08-01 11:20:36.500,MO2508-C-7500,2.0,1.8,2.0
2025-08-01,2025-08-01 11:20:37.000,MO2508-C-7500,2.0,1.8,2.0
2025-08-01,2025-08-01 11:20:37.500,MO2508-C-7500,2.0,1.8,2.0
2025-08-01,2025-08-01 11:20:47.000,MO2508-C-7500,2.0,1.8,2.0
2025-08-01,2025-08-01 11:20:49.000,MO2508-C-7500,2.0,1.8,2.0
2025-08-01,2025-08-01 11:20:52.000,MO2508-C-7500,2.0,1.8,2.0
2025-08-01,2025-08-01 11:20:53.000,MO2508-C-7500,2.0,1.8,2.0
2025-08-01,2025-08-01 11:20:55.000,MO2508-C-7500,2.0,1.8,2.0
2025-08-01,2025-08-01 11:20:56.500,MO2508-C-7500,2.0,1.8,2.0
2025-08-01,2025-08-01 11:21:06.500,MO2508-C-7500,2.0,1.8,2.0
2025-08-01,2025-08-01 11:21:07.000,MO2508-C-7500,2.0,1.8,2.0
2025-08-01,2025-08-01 11:21:07.500,MO2508-C-7500,2.0,1.8,2.0
2025-08-01,2025-08-01 11:21:36.500,MO2508-C-7500,2.0,1.8,2.0
2025-08-01,2025-08-01 11:21:37.000,MO2508-C-7500,2.0,1.8,2.0
2025-08-01,2025-08-01 11:21:37.500,MO2508-C-7500,2.0,1.8,2.0
2025-08-01,2025-08-01 11:22:06.500,MO2508-C-7500,2.0,1.8,2.0
2025-08-01,2025-08-01 11:22:07.000,MO2508-C-7500,2.0,1.8,2.0
2025-08-01,2025-08-01 11:22:07.500,MO2508-C-7500,2.0,1.8,2.0
2025-08-01,2025-08-01 11:22:36.500,MO2508-C-7500,2.0,1.8,2.0
2025-08-01,2025-08-01 11:22:37.000,MO2508-C-7500,2.0,1.8,2.0
2025-08-01,2025-08-01 11:22:37.500,MO2508-C-7500,2.0,1.8,2.0
2025-08-01,2025-08-01 11:23:06.500,MO2508-C-7500,2.0,1.8,2.0
2025-08-01,2025-08-01 11:23:07.000,MO2508-C-7500,2.0,1.8,2.0
2025-08-01,2025-08-01 11:23:07.500,MO2508-C-7500,2.0,1.8,2.0
2025-08-01,2025-08-01 11:23:18.000,MO2508-C-7500,2.0,1.8,2.0
2025-08-01,2025-08-01 11:23:18.500,MO2508-C-7500,2.0,1.8,2.0
2025-08-01,2025-08-01 11:23:19.500,MO2508-C-7500,2.0,1.8,2.0
2025-08-01,2025-08-01 11:23:24.000,MO2508-C-7500,2.0,1.8,2.0
2025-08-01,2025-08-01 11:23:26.000,MO2508-C-7500,2.0,1.8,2.0
2025-08-01,2025-08-01 11:23:36.500,MO2508-C-7500,2.0,1.8,2.0
2025-08-01,2025-08-01 11:23:37.000,MO2508-C-7500,2.0,1.8,2.0
2025-08-01,2025-08-01 11:23:37.500,MO2508-C-7500,2.0,1.8,2.0
2025-08-01,2025-08-01 11:23:39.500,MO2508-C-7500,2.0,1.8,2.0
2025-08-01,2025-08-01 11:24:06.500,MO2508-C-7500,2.0,1.8,2.0
2025-08-01,2025-08-01 11:24:07.000,MO2508-C-7500,2.0,1.8,2.0
2025-08-01,2025-08-01 11:24:07.500,MO2508-C-7500,2.0,1.8,2.0
2025-08-01,2025-08-01 11:24:35.500,MO2508-C-7500,2.0,1.8,2.0
2025-08-01,2025-08-01 11:24:36.500,MO2508-C-7500,2.0,1.8,2.0
2025-08-01,2025-08-01 11:24:37.000,MO2508-C-7500,2.0,1.8,2.0
2025-08-01,2025-08-01 11:24:37.500,MO2508-C-7500,2.0,1.8,2.0
2025-08-01,2025-08-01 11:24:46.000,MO2508-C-7500,2.0,1.8,2.0
2025-08-01,2025-08-01 11:25:06.500,MO2508-C-7500,2.0,1.8,2.0
2025-08-01,2025-08-01 11:25:07.000,MO2508-C-7500,2.0,1.8,2.0
2025-08-01,2025-08-01 11:25:07.500,MO2508-C-7500,2.0,1.8,2.0
2025-08-01,2025-08-01 11:25:18.000,MO2508-C-7500,2.0,1.8,2.0
2025-08-01,2025-08-01 11:25:18.500,MO2508-C-7500,2.0,1.8,2.0
2025-08-01,2025-08-01 11:25:22.000,MO2508-C-7500,2.0,1.8,2.0
2025-08-01,2025-08-01 11:25:22.500,MO2508-C-7500,2.0,1.8,2.0
2025-08-01,2025-08-01 11:25:23.000,MO2508-C-7500,2.0,1.8,2.0
2025-08-01,2025-08-01 11:25:24.000,MO2508-C-7500,2.0,1.8,2.0
2025-08-01,2025-08-01 11:25:24.500,MO2508-C-7500,2.0,1.8,2.0
2025-08-01,2025-08-01 11:25:25.000,MO2508-C-7500,2.0,1.8,2.0
2025-08-01,2025-08-01 11:25:25.500,MO2508-C-7500,2.0,1.8,2.0
2025-08-01,2025-08-01 11:25:33.000,MO2508-C-7500,2.0,1.8,2.0
2025-08-01,2025-08-01 11:25:35.000,MO2508-C-7500,2.0,1.8,2.0
2025-08-01,2025-08-01 11:25:36.500,MO2508-C-7500,2.0,1.8,2.0
2025-08-01,2025-08-01 11:25:37.000,MO2508-C-7500,2.0,1.8,2.0
2025-08-01,2025-08-01 11:25:37.500,MO2508-C-7500,2.0,1.8,2.0
2025-08-01,2025-08-01 11:25:41.000,MO2508-C-7500,2.0,1.8,2.0
2025-08-01,2025-08-01 11:25:54.000,MO2508-C-7500,2.0,1.8,2.0
2025-08-01,2025-08-01 11:26:06.500,MO2508-C-7500,2.0,1.8,2.0
2025-08-01,2025-08-01 11:26:07.000,MO2508-C-7500,2.0,1.8,2.0
2025-08-01,2025-08-01 11:26:07.500,MO2508-C-7500,2.0,1.8,2.0
2025-08-01,2025-08-01 11:26:36.500,MO2508-C-7500,2.0,1.8,2.0
2025-08-01,2025-08-01 11:26:37.000,MO2508-C-7500,2.0,1.8,2.0
2025-08-01,2025-08-01 11:26:37.500,MO2508-C-7500,2.0,1.8,2.0
2025-08-01,2025-08-01 11:27:05.000,MO2508-C-7500,2.0,1.8,2.0
2025-08-01,2025-08-01 11:27:05.500,MO2508-C-7500,2.0,1.8,2.0
2025-08-01,2025-08-01 11:27:06.000,MO2508-C-7500,2.0,1.8,2.0
2025-08-01,2025-08-01 11:27:06.500,MO2508-C-7500,2.0,1.8,2.0
2025-08-01,2025-08-01 11:27:07.000,MO2508-C-7500,2.0,1.8,2.0
2025-08-01,2025-08-01 11:27:07.500,MO2508-C-7500,2.0,1.8,2.0
2025-08-01,2025-08-01 11:27:36.500,MO2508-C-7500,2.0,1.8,2.0
2025-08-01,2025-08-01 11:27:37.000,MO2508-C-7500,2.0,1.8,2.0
2025-08-01,2025-08-01 11:27:37.500,MO2508-C-7500,2.0,1.8,2.0
2025-08-01,2025-08-01 11:27:44.000,MO2508-C-7500,2.0,1.8,2.0
2025-08-01,2025-08-01 11:27:54.000,MO2508-C-7500,2.0,1.8,2.0
2025-08-01,2025-08-01 11:27:54.500,MO2508-C-7500,2.0,1.8,2.0
2025-08-01,2025-08-01 11:27:55.000,MO2508-C-7500,2.0,1.8,2.0
2025-08-01,2025-08-01 11:27:55.500,MO2508-C-7500,2.0,1.8,2.0
2025-08-01,2025-08-01 11:27:58.500,MO2508-C-7500,2.0,1.8,2.0
2025-08-01,2025-08-01 11:28:06.500,MO2508-C-7500,2.0,1.8,2.0
2025-08-01,2025-08-01 11:28:07.000,MO2508-C-7500,2.0,1.8,2.0
2025-08-01,2025-08-01 11:28:26.500,MO2508-C-7500,2.0,1.8,2.0
2025-08-01,2025-08-01 11:28:27.000,MO2508-C-7500,2.0,1.8,2.0
2025-08-01,2025-08-01 11:28:29.000,MO2508-C-7500,2.0,1.8,2.0
2025-08-01,2025-08-01 11:28:31.500,MO2508-C-7500,2.0,1.8,2.0
2025-08-01,2025-08-01 11:28:36.500,MO2508-C-7500,2.0,1.8,2.0
2025-08-01,2025-08-01 11:28:37.000,MO2508-C-7500,2.0,1.8,2.0
2025-08-01,2025-08-01 11:28:46.000,MO2508-C-7500,2.0,1.8,2.0
2025-08-01,2025-08-01 11:28:48.500,MO2508-C-7500,2.0,1.8,2.0
2025-08-01,2025-08-01 11:28:49.000,MO2508-C-7500,2.0,1.8,2.0
2025-08-01,2025-08-01 11:29:06.000,MO2508-C-7500,2.0,1.8,2.0
2025-08-01,2025-08-01 11:29:06.500,MO2508-C-7500,2.0,1.8,2.0
2025-08-01,2025-08-01 11:29:07.000,MO2508-C-7500,2.0,1.8,2.0
2025-08-01,2025-08-01 11:29:10.000,MO2508-C-7500,2.0,1.8,2.0
2025-08-01,2025-08-01 11:29:10.500,MO2508-C-7500,2.0,1.8,2.0
2025-08-01,2025-08-01 11:29:11.000,MO2508-C-7500,2.0,1.8,2.0
2025-08-01,2025-08-01 11:29:16.500,MO2508-C-7500,2.0,1.8,2.0
2025-08-01,2025-08-01 11:29:20.500,MO2508-C-7500,2.0,1.8,2.0
2025-08-01,2025-08-01 11:29:21.500,MO2508-C-7500,2.0,1.8,2.0
2025-08-01,2025-08-01 11:29:30.500,MO2508-C-7500,2.0,1.8,2.0
2025-08-01,2025-08-01 11:29:31.000,MO2508-C-7500,2.0,1.8,2.2
2025-08-01,2025-08-01 11:29:31.500,MO2508-C-7500,2.0,1.8,2.2
2025-08-01,2025-08-01 11:29:33.000,MO2508-C-7500,2.0,1.8,2.2
2025-08-01,2025-08-01 11:29:34.000,MO2508-C-7500,2.0,1.8,2.2
2025-08-01,2025-08-01 11:29:35.500,MO2508-C-7500,2.0,1.8,2.2
2025-08-01,2025-08-01 11:29:36.000,MO2508-C-7500,2.0,1.8,2.2
2025-08-01,2025-08-01 11:29:36.500,MO2508-C-7500,2.0,1.8,2.2
2025-08-01,2025-08-01 11:29:37.000,MO2508-C-7500,2.0,1.8,2.2
2025-08-01,2025-08-01 11:29:39.000,MO2508-C-7500,2.0,1.8,2.2
2025-08-01,2025-08-01 11:29:39.500,MO2508-C-7500,2.0,1.8,2.2
2025-08-01,2025-08-01 11:29:40.500,MO2508-C-7500,2.0,1.8,2.2
2025-08-01,2025-08-01 11:29:41.000,MO2508-C-7500,2.0,1.8,2.2
2025-08-01,2025-08-01 11:29:42.000,MO2508-C-7500,2.0,1.8,2.2
2025-08-01,2025-08-01 11:29:45.500,MO2508-C-7500,2.0,1.8,2.2
2025-08-01,2025-08-01 11:29:46.000,MO2508-C-7500,2.0,1.8,2.2
2025-08-01,2025-08-01 11:29:46.500,MO2508-C-7500,2.0,1.8,2.2
2025-08-01,2025-08-01 11:29:47.000,MO2508-C-7500,2.0,1.8,2.2
2025-08-01,2025-08-01 11:29:47.500,MO2508-C-7500,2.0,1.8,2.2
2025-08-01,2025-08-01 11:29:48.000,MO2508-C-7500,2.0,1.8,2.2
2025-08-01,2025-08-01 11:29:48.500,MO2508-C-7500,2.0,1.8,2.2
2025-08-01,2025-08-01 11:29:52.500,MO2508-C-7500,2.0,1.8,2.2
2025-08-01,2025-08-01 11:30:00.000,MO2508-C-7500,2.0,1.8,2.2
2025-08-01,2025-08-01 13:00:01.000,MO2508-C-7500,2.0,1.8,2.2
2025-08-01,2025-08-01 13:00:01.500,MO2508-C-7500,2.0,1.8,2.0
2025-08-01,2025-08-01 13:00:02.500,MO2508-C-7500,2.0,1.8,2.0
2025-08-01,2025-08-01 13:00:03.000,MO2508-C-7500,2.0,1.8,2.2
2025-08-01,2025-08-01 13:00:03.500,MO2508-C-7500,2.0,1.8,2.0
2025-08-01,2025-08-01 13:00:04.000,MO2508-C-7500,2.0,1.8,2.0
2025-08-01,2025-08-01 13:00:05.000,MO2508-C-7500,2.0,1.8,2.0
2025-08-01,2025-08-01 13:00:09.500,MO2508-C-7500,2.0,1.8,2.0
2025-08-01,2025-08-01 13:00:10.500,MO2508-C-7500,2.0,1.8,2.0
2025-08-01,2025-08-01 13:00:11.000,MO2508-C-7500,2.0,1.8,2.0
2025-08-01,2025-08-01 13:00:11.500,MO2508-C-7500,2.0,1.8,2.0
2025-08-01,2025-08-01 13:00:12.500,MO2508-C-7500,2.0,1.8,2.0
2025-08-01,2025-08-01 13:00:13.000,MO2508-C-7500,2.0,1.8,2.0
2025-08-01,2025-08-01 13:00:13.500,MO2508-C-7500,2.0,1.8,2.0
2025-08-01,2025-08-01 13:00:14.000,MO2508-C-7500,2.0,1.8,2.0
2025-08-01,2025-08-01 13:00:14.500,MO2508-C-7500,2.0,1.8,2.0
2025-08-01,2025-08-01 13:00:15.000,MO2508-C-7500,2.0,1.8,2.0
2025-08-01,2025-08-01 13:00:16.000,MO2508-C-7500,2.0,1.8,2.0
2025-08-01,2025-08-01 13:00:16.500,MO2508-C-7500,2.0,1.8,2.0
2025-08-01,2025-08-01 13:00:20.500,MO2508-C-7500,2.0,1.8,2.0
2025-08-01,2025-08-01 13:00:21.500,MO2508-C-7500,2.0,1.8,2.0
2025-08-01,2025-08-01 13:00:22.000,MO2508-C-7500,2.0,1.8,2.0
2025-08-01,2025-08-01 13:00:22.500,MO2508-C-7500,2.0,1.8,2.0
2025-08-01,2025-08-01 13:00:23.500,MO2508-C-7500,2.0,1.8,2.0
2025-08-01,2025-08-01 13:00:24.000,MO2508-C-7500,2.0,1.8,2.0
2025-08-01,2025-08-01 13:00:26.500,MO2508-C-7500,2.0,1.8,2.0
2025-08-01,2025-08-01 13:00:33.000,MO2508-C-7500,2.0,1.8,2.0
2025-08-01,2025-08-01 13:00:34.500,MO2508-C-7500,2.0,1.8,2.0
2025-08-01,2025-08-01 13:00:35.000,MO2508-C-7500,2.0,1.8,2.0
2025-08-01,2025-08-01 13:00:36.500,MO2508-C-7500,2.0,1.8,2.0
2025-08-01,2025-08-01 13:00:37.000,MO2508-C-7500,2.0,1.8,2.0
2025-08-01,2025-08-01 13:00:37.500,MO2508-C-7500,2.0,1.8,2.0
2025-08-01,2025-08-01 13:00:39.500,MO2508-C-7500,2.0,1.8,2.0
2025-08-01,2025-08-01 13:00:43.000,MO2508-C-7500,2.0,1.8,2.0
2025-08-01,2025-08-01 13:00:43.500,MO2508-C-7500,2.0,1.8,2.0
2025-08-01,2025-08-01 13:00:44.000,MO2508-C-7500,2.0,1.8,2.0
2025-08-01,2025-08-01 13:00:44.500,MO2508-C-7500,2.0,1.8,2.0
2025-08-01,2025-08-01 13:00:45.500,MO2508-C-7500,2.0,1.8,2.0
2025-08-01,2025-08-01 13:00:51.000,MO2508-C-7500,2.0,1.8,2.0
2025-08-01,2025-08-01 13:00:52.000,MO2508-C-7500,2.0,1.8,2.0
2025-08-01,2025-08-01 13:01:05.500,MO2508-C-7500,2.0,1.8,2.0
2025-08-01,2025-08-01 13:01:06.000,MO2508-C-7500,2.0,1.8,2.0
2025-08-01,2025-08-01 13:01:06.500,MO2508-C-7500,2.0,1.8,2.0
2025-08-01,2025-08-01 13:01:07.000,MO2508-C-7500,2.0,1.8,2.0
2025-08-01,2025-08-01 13:01:11.000,MO2508-C-7500,2.0,1.8,2.0
2025-08-01,2025-08-01 13:01:12.000,MO2508-C-7500,2.0,1.8,2.0
2025-08-01,2025-08-01 13:01:26.000,MO2508-C-7500,2.0,1.8,2.0
2025-08-01,2025-08-01 13:01:36.500,MO2508-C-7500,2.0,1.8,2.0
2025-08-01,2025-08-01 13:01:37.000,MO2508-C-7500,2.0,1.8,2.0
2025-08-01,2025-08-01 13:01:43.500,MO2508-C-7500,2.0,1.8,2.0
2025-08-01,2025-08-01 13:01:44.000,MO2508-C-7500,2.0,1.8,2.0
2025-08-01,2025-08-01 13:01:45.000,MO2508-C-7500,2.0,1.8,2.0
2025-08-01,2025-08-01 13:01:45.500,MO2508-C-7500,2.0,1.8,2.0
2025-08-01,2025-08-01 13:01:52.000,MO2508-C-7500,2.0,1.8,2.0
2025-08-01,2025-08-01 13:01:58.500,MO2508-C-7500,2.0,1.8,2.0
2025-08-01,2025-08-01 13:02:01.000,MO2508-C-7500,2.0,1.8,2.0
2025-08-01,2025-08-01 13:02:02.000,MO2508-C-7500,2.0,1.8,2.0
2025-08-01,2025-08-01 13:02:06.500,MO2508-C-7500,2.0,1.8,2.0
2025-08-01,2025-08-01 13:02:07.000,MO2508-C-7500,2.0,1.8,2.0
2025-08-01,2025-08-01 13:02:09.000,MO2508-C-7500,2.0,1.8,2.0
2025-08-01,2025-08-01 13:02:12.000,MO2508-C-7500,2.0,1.8,2.0
2025-08-01,2025-08-01 13:02:12.500,MO2508-C-7500,2.0,1.8,2.0
2025-08-01,2025-08-01 13:02:13.000,MO2508-C-7500,2.0,1.8,2.0
2025-08-01,2025-08-01 13:02:13.500,MO2508-C-7500,2.0,1.8,2.0
2025-08-01,2025-08-01 13:02:14.000,MO2508-C-7500,2.0,1.8,2.0
2025-08-01,2025-08-01 13:02:14.500,MO2508-C-7500,2.0,1.8,2.0
2025-08-01,2025-08-01 13:02:15.000,MO2508-C-7500,2.0,1.8,2.0
2025-08-01,2025-08-01 13:02:15.500,MO2508-C-7500,2.0,1.8,2.0
2025-08-01,2025-08-01 13:02:16.500,MO2508-C-7500,2.0,1.8,2.0
2025-08-01,2025-08-01 13:02:17.000,MO2508-C-7500,2.0,1.8,2.0
2025-08-01,2025-08-01 13:02:32.000,MO2508-C-7500,2.0,1.8,2.0
2025-08-01,2025-08-01 13:02:34.500,MO2508-C-7500,2.0,1.8,2.0
2025-08-01,2025-08-01 13:02:36.500,MO2508-C-7500,2.0,1.8,2.0
2025-08-01,2025-08-01 13:02:37.000,MO2508-C-7500,2.0,1.8,2.0
2025-08-01,2025-08-01 13:02:40.000,MO2508-C-7500,2.0,1.8,2.0
2025-08-01,2025-08-01 13:02:41.000,MO2508-C-7500,2.0,1.8,2.0
2025-08-01,2025-08-01 13:02:44.500,MO2508-C-7500,2.0,1.8,2.0
2025-08-01,2025-08-01 13:02:52.000,MO2508-C-7500,2.0,1.8,2.0
2025-08-01,2025-08-01 13:02:52.500,MO2508-C-7500,2.0,1.8,2.0
2025-08-01,2025-08-01 13:02:53.000,MO2508-C-7500,2.0,1.8,2.0
2025-08-01,2025-08-01 13:02:53.500,MO2508-C-7500,2.0,1.8,2.0
2025-08-01,2025-08-01 13:02:54.000,MO2508-C-7500,2.0,1.8,2.0
2025-08-01,2025-08-01 13:02:54.500,MO2508-C-7500,2.0,1.8,2.0
2025-08-01,2025-08-01 13:02:55.000,MO2508-C-7500,2.0,1.8,2.0
2025-08-01,2025-08-01 13:03:01.500,MO2508-C-7500,2.0,1.8,2.0
2025-08-01,2025-08-01 13:03:02.000,MO2508-C-7500,2.0,1.8,2.0
2025-08-01,2025-08-01 13:03:06.500,MO2508-C-7500,2.0,1.8,2.0
2025-08-01,2025-08-01 13:03:07.000,MO2508-C-7500,2.0,1.8,2.0
2025-08-01,2025-08-01 13:03:13.500,MO2508-C-7500,2.0,1.8,2.0
2025-08-01,2025-08-01 13:03:15.500,MO2508-C-7500,2.0,1.8,2.0
2025-08-01,2025-08-01 13:03:17.500,MO2508-C-7500,2.0,1.8,2.0
2025-08-01,2025-08-01 13:03:36.500,MO2508-C-7500,2.0,1.8,2.0
2025-08-01,2025-08-01 13:03:37.000,MO2508-C-7500,2.0,1.8,2.0
2025-08-01,2025-08-01 13:03:54.000,MO2508-C-7500,2.0,1.8,2.0
2025-08-01,2025-08-01 13:03:57.000,MO2508-C-7500,2.0,1.8,2.0
2025-08-01,2025-08-01 13:03:58.000,MO2508-C-7500,2.0,1.8,2.0
2025-08-01,2025-08-01 13:04:00.000,MO2508-C-7500,2.0,1.8,2.0
2025-08-01,2025-08-01 13:04:02.500,MO2508-C-7500,2.0,1.8,2.0
2025-08-01,2025-08-01 13:04:06.500,MO2508-C-7500,2.0,1.8,2.0
2025-08-01,2025-08-01 13:04:07.000,MO2508-C-7500,2.0,1.8,2.0
2025-08-01,2025-08-01 13:04:10.000,MO2508-C-7500,2.0,1.8,2.0
2025-08-01,2025-08-01 13:04:10.500,MO2508-C-7500,2.0,1.8,2.0
2025-08-01,2025-08-01 13:04:11.500,MO2508-C-7500,2.0,1.8,2.0
2025-08-01,2025-08-01 13:04:22.500,MO2508-C-7500,2.0,1.8,2.0
2025-08-01,2025-08-01 13:04:23.500,MO2508-C-7500,2.0,1.8,2.0
2025-08-01,2025-08-01 13:04:25.500,MO2508-C-7500,2.0,1.8,2.0
2025-08-01,2025-08-01 13:04:36.500,MO2508-C-7500,2.0,1.8,2.0
2025-08-01,2025-08-01 13:04:37.000,MO2508-C-7500,2.0,1.8,2.0
2025-08-01,2025-08-01 13:04:45.500,MO2508-C-7500,2.0,1.8,2.0
2025-08-01,2025-08-01 13:04:46.500,MO2508-C-7500,2.0,1.8,2.0
2025-08-01,2025-08-01 13:04:49.000,MO2508-C-7500,2.0,1.8,2.0
2025-08-01,2025-08-01 13:04:52.500,MO2508-C-7500,2.0,1.8,2.0
2025-08-01,2025-08-01 13:04:56.500,MO2508-C-7500,2.0,1.8,2.0
2025-08-01,2025-08-01 13:05:02.000,MO2508-C-7500,2.0,1.8,2.0
2025-08-01,2025-08-01 13:05:05.000,MO2508-C-7500,2.0,1.8,2.0
2025-08-01,2025-08-01 13:05:06.500,MO2508-C-7500,2.0,1.8,2.0
2025-08-01,2025-08-01 13:05:07.000,MO2508-C-7500,2.0,1.8,2.0
2025-08-01,2025-08-01 13:05:11.500,MO2508-C-7500,2.0,1.8,2.0
2025-08-01,2025-08-01 13:05:14.000,MO2508-C-7500,2.0,1.8,2.0
2025-08-01,2025-08-01 13:05:19.500,MO2508-C-7500,2.0,1.8,2.0
2025-08-01,2025-08-01 13:05:28.000,MO2508-C-7500,2.0,1.8,2.0
2025-08-01,2025-08-01 13:05:29.000,MO2508-C-7500,2.0,1.8,2.0
2025-08-01,2025-08-01 13:05:36.500,MO2508-C-7500,2.0,1.8,2.0
2025-08-01,2025-08-01 13:05:37.000,MO2508-C-7500,2.0,1.8,2.0
2025-08-01,2025-08-01 13:06:01.500,MO2508-C-7500,2.0,1.8,2.0
2025-08-01,2025-08-01 13:06:06.500,MO2508-C-7500,2.0,1.8,2.0
2025-08-01,2025-08-01 13:06:07.000,MO2508-C-7500,2.0,1.8,2.0
2025-08-01,2025-08-01 13:06:12.000,MO2508-C-7500,2.0,1.8,2.0
2025-08-01,2025-08-01 13:06:13.000,MO2508-C-7500,2.0,1.8,2.0
2025-08-01,2025-08-01 13:06:36.500,MO2508-C-7500,2.0,1.8,2.0
2025-08-01,2025-08-01 13:06:37.000,MO2508-C-7500,2.0,1.8,2.0
2025-08-01,2025-08-01 13:07:03.000,MO2508-C-7500,2.0,1.8,2.0
2025-08-01,2025-08-01 13:07:05.000,MO2508-C-7500,2.0,1.8,2.0
2025-08-01,2025-08-01 13:07:06.000,MO2508-C-7500,2.0,1.8,2.0
2025-08-01,2025-08-01 13:07:06.500,MO2508-C-7500,2.0,1.8,2.0
2025-08-01,2025-08-01 13:07:07.000,MO2508-C-7500,2.0,1.8,2.0
2025-08-01,2025-08-01 13:07:17.500,MO2508-C-7500,2.0,1.8,2.0
2025-08-01,2025-08-01 13:07:36.500,MO2508-C-7500,2.0,1.8,2.0
2025-08-01,2025-08-01 13:07:37.000,MO2508-C-7500,2.0,1.8,2.0
2025-08-01,2025-08-01 13:07:44.500,MO2508-C-7500,2.0,1.8,2.0
2025-08-01,2025-08-01 13:07:45.000,MO2508-C-7500,2.0,1.8,2.0
2025-08-01,2025-08-01 13:07:49.500,MO2508-C-7500,2.0,1.8,2.0
2025-08-01,2025-08-01 13:07:50.000,MO2508-C-7500,2.0,1.8,2.0
2025-08-01,2025-08-01 13:07:54.500,MO2508-C-7500,2.0,1.8,2.0
2025-08-01,2025-08-01 13:07:55.000,MO2508-C-7500,2.0,1.8,2.0
2025-08-01,2025-08-01 13:07:59.000,MO2508-C-7500,2.0,1.8,2.0
2025-08-01,2025-08-01 13:07:59.500,MO2508-C-7500,2.0,1.8,2.0
2025-08-01,2025-08-01 13:08:06.500,MO2508-C-7500,2.0,1.8,2.0
2025-08-01,2025-08-01 13:08:07.000,MO2508-C-7500,2.0,1.8,2.0
2025-08-01,2025-08-01 13:08:14.000,MO2508-C-7500,2.0,1.8,2.0
2025-08-01,2025-08-01 13:08:18.000,MO2508-C-7500,2.0,1.8,2.0
2025-08-01,2025-08-01 13:08:27.000,MO2508-C-7500,2.0,1.8,2.0
2025-08-01,2025-08-01 13:08:27.500,MO2508-C-7500,2.0,1.8,2.0
2025-08-01,2025-08-01 13:08:28.000,MO2508-C-7500,2.0,1.8,2.0
2025-08-01,2025-08-01 13:08:33.500,MO2508-C-7500,2.0,1.8,2.0
2025-08-01,2025-08-01 13:08:36.500,MO2508-C-7500,2.0,1.8,2.0
2025-08-01,2025-08-01 13:08:37.000,MO2508-C-7500,2.0,1.8,2.0
2025-08-01,2025-08-01 13:08:58.000,MO2508-C-7500,2.0,1.8,2.0
2025-08-01,2025-08-01 13:09:06.500,MO2508-C-7500,2.0,1.8,2.0
2025-08-01,2025-08-01 13:09:07.000,MO2508-C-7500,2.0,1.8,2.0
2025-08-01,2025-08-01 13:09:28.500,MO2508-C-7500,2.0,1.8,2.0
2025-08-01,2025-08-01 13:09:29.000,MO2508-C-7500,2.0,1.8,2.0
2025-08-01,2025-08-01 13:09:36.500,MO2508-C-7500,2.0,1.8,2.0
2025-08-01,2025-08-01 13:09:37.000,MO2508-C-7500,2.0,1.8,2.0
2025-08-01,2025-08-01 13:10:06.500,MO2508-C-7500,2.0,1.8,2.0
2025-08-01,2025-08-01 13:10:07.000,MO2508-C-7500,2.0,1.8,2.0
2025-08-01,2025-08-01 13:10:08.000,MO2508-C-7500,2.0,1.8,2.0
2025-08-01,2025-08-01 13:10:09.000,MO2508-C-7500,2.0,1.8,2.0
2025-08-01,2025-08-01 13:10:11.500,MO2508-C-7500,2.0,1.8,2.0
2025-08-01,2025-08-01 13:10:12.000,MO2508-C-7500,2.0,1.8,2.0
2025-08-01,2025-08-01 13:10:12.500,MO2508-C-7500,2.0,1.8,2.0
2025-08-01,2025-08-01 13:10:13.000,MO2508-C-7500,2.0,1.8,2.0
2025-08-01,2025-08-01 13:10:14.000,MO2508-C-7500,2.0,1.8,2.0
2025-08-01,2025-08-01 13:10:23.500,MO2508-C-7500,2.0,1.8,2.0
2025-08-01,2025-08-01 13:10:30.500,MO2508-C-7500,2.0,1.8,2.0
2025-08-01,2025-08-01 13:10:31.000,MO2508-C-7500,2.0,1.8,2.0
2025-08-01,2025-08-01 13:10:31.500,MO2508-C-7500,2.0,1.8,2.0
2025-08-01,2025-08-01 13:10:36.000,MO2508-C-7500,2.0,1.8,2.0
2025-08-01,2025-08-01 13:10:36.500,MO2508-C-7500,2.0,1.8,2.0
2025-08-01,2025-08-01 13:10:37.000,MO2508-C-7500,2.0,1.8,2.0
2025-08-01,2025-08-01 13:10:44.500,MO2508-C-7500,2.0,1.8,2.0
2025-08-01,2025-08-01 13:10:45.000,MO2508-C-7500,2.0,1.8,2.0
2025-08-01,2025-08-01 13:10:48.500,MO2508-C-7500,2.0,1.8,2.0
2025-08-01,2025-08-01 13:10:54.500,MO2508-C-7500,1.8,1.8,2.0
2025-08-01,2025-08-01 13:10:56.000,MO2508-C-7500,1.8,1.8,2.0
2025-08-01,2025-08-01 13:11:06.500,MO2508-C-7500,1.8,1.8,2.0
2025-08-01,2025-08-01 13:11:07.000,MO2508-C-7500,1.8,1.8,2.0
2025-08-01,2025-08-01 13:11:09.500,MO2508-C-7500,1.8,1.8,2.0
2025-08-01,2025-08-01 13:11:26.000,MO2508-C-7500,1.8,1.8,2.0
2025-08-01,2025-08-01 13:11:34.500,MO2508-C-7500,1.8,1.8,2.0
2025-08-01,2025-08-01 13:11:36.500,MO2508-C-7500,1.8,1.8,2.0
2025-08-01,2025-08-01 13:11:37.000,MO2508-C-7500,1.8,1.8,2.0
2025-08-01,2025-08-01 13:11:49.000,MO2508-C-7500,1.8,1.8,2.0
2025-08-01,2025-08-01 13:11:49.500,MO2508-C-7500,1.8,1.8,2.0
2025-08-01,2025-08-01 13:12:00.000,MO2508-C-7500,1.8,1.8,2.0
2025-08-01,2025-08-01 13:12:02.500,MO2508-C-7500,1.8,1.8,2.0
2025-08-01,2025-08-01 13:12:06.500,MO2508-C-7500,1.8,1.8,2.0
2025-08-01,2025-08-01 13:12:07.000,MO2508-C-7500,1.8,1.8,2.0
2025-08-01,2025-08-01 13:12:16.500,MO2508-C-7500,1.8,1.8,2.0
2025-08-01,2025-08-01 13:12:17.000,MO2508-C-7500,1.8,1.8,2.0
2025-08-01,2025-08-01 13:12:17.500,MO2508-C-7500,1.8,1.8,2.0
2025-08-01,2025-08-01 13:12:19.500,MO2508-C-7500,1.8,1.8,2.0
2025-08-01,2025-08-01 13:12:22.000,MO2508-C-7500,1.8,1.8,2.0
2025-08-01,2025-08-01 13:12:23.000,MO2508-C-7500,1.8,1.8,2.0
2025-08-01,2025-08-01 13:12:36.500,MO2508-C-7500,1.8,1.8,2.0
2025-08-01,2025-08-01 13:12:37.000,MO2508-C-7500,1.8,1.8,2.0
2025-08-01,2025-08-01 13:13:01.500,MO2508-C-7500,1.8,1.8,2.0
2025-08-01,2025-08-01 13:13:02.000,MO2508-C-7500,1.8,1.8,2.0
2025-08-01,2025-08-01 13:13:02.500,MO2508-C-7500,1.8,1.8,2.0
2025-08-01,2025-08-01 13:13:04.000,MO2508-C-7500,1.8,1.8,2.0
2025-08-01,2025-08-01 13:13:06.500,MO2508-C-7500,1.8,1.8,2.0
2025-08-01,2025-08-01 13:13:07.000,MO2508-C-7500,1.8,1.8,2.0
2025-08-01,2025-08-01 13:13:10.500,MO2508-C-7500,1.8,1.8,2.0
2025-08-01,2025-08-01 13:13:16.000,MO2508-C-7500,1.8,1.8,2.0
2025-08-01,2025-08-01 13:13:28.000,MO2508-C-7500,1.8,1.8,2.0
2025-08-01,2025-08-01 13:13:34.000,MO2508-C-7500,1.8,1.8,2.0
2025-08-01,2025-08-01 13:13:34.500,MO2508-C-7500,1.8,1.8,2.0
2025-08-01,2025-08-01 13:13:36.000,MO2508-C-7500,1.8,1.8,2.0
2025-08-01,2025-08-01 13:13:36.500,MO2508-C-7500,1.8,1.8,2.0
2025-08-01,2025-08-01 13:13:37.000,MO2508-C-7500,1.8,1.8,2.0
2025-08-01,2025-08-01 13:13:41.500,MO2508-C-7500,1.8,1.8,2.0
2025-08-01,2025-08-01 13:13:42.000,MO2508-C-7500,1.8,1.8,2.0
2025-08-01,2025-08-01 13:13:44.500,MO2508-C-7500,1.8,1.8,2.0
2025-08-01,2025-08-01 13:13:50.000,MO2508-C-7500,1.8,1.8,2.0
2025-08-01,2025-08-01 13:13:50.500,MO2508-C-7500,1.8,1.8,2.0
2025-08-01,2025-08-01 13:13:51.000,MO2508-C-7500,1.8,1.8,2.0
2025-08-01,2025-08-01 13:14:06.500,MO2508-C-7500,1.8,1.8,2.0
2025-08-01,2025-08-01 13:14:07.000,MO2508-C-7500,1.8,1.8,2.0
2025-08-01,2025-08-01 13:14:22.500,MO2508-C-7500,1.8,1.8,2.0
2025-08-01,2025-08-01 13:14:23.000,MO2508-C-7500,1.8,1.8,2.0
2025-08-01,2025-08-01 13:14:23.500,MO2508-C-7500,1.8,1.8,2.0
2025-08-01,2025-08-01 13:14:33.500,MO2508-C-7500,1.8,1.8,2.0
2025-08-01,2025-08-01 13:14:35.000,MO2508-C-7500,1.8,1.8,2.0
2025-08-01,2025-08-01 13:14:36.500,MO2508-C-7500,1.8,1.8,2.0
2025-08-01,2025-08-01 13:14:37.000,MO2508-C-7500,1.8,1.8,2.0
2025-08-01,2025-08-01 13:14:43.000,MO2508-C-7500,1.8,1.8,2.0
2025-08-01,2025-08-01 13:14:43.500,MO2508-C-7500,1.8,1.8,2.0
2025-08-01,2025-08-01 13:14:48.000,MO2508-C-7500,1.8,1.8,2.0
2025-08-01,2025-08-01 13:14:48.500,MO2508-C-7500,1.8,1.8,2.0
2025-08-01,2025-08-01 13:14:51.000,MO2508-C-7500,1.8,1.8,2.0
2025-08-01,2025-08-01 13:14:51.500,MO2508-C-7500,1.8,1.8,2.0
2025-08-01,2025-08-01 13:15:01.000,MO2508-C-7500,1.8,1.8,2.0
2025-08-01,2025-08-01 13:15:01.500,MO2508-C-7500,1.8,1.8,2.0
2025-08-01,2025-08-01 13:15:02.000,MO2508-C-7500,1.8,1.8,2.0
2025-08-01,2025-08-01 13:15:06.500,MO2508-C-7500,1.8,1.8,2.0
2025-08-01,2025-08-01 13:15:07.000,MO2508-C-7500,1.8,1.8,2.0
2025-08-01,2025-08-01 13:15:26.500,MO2508-C-7500,1.8,1.8,2.0
2025-08-01,2025-08-01 13:15:27.000,MO2508-C-7500,1.8,1.8,2.0
2025-08-01,2025-08-01 13:15:27.500,MO2508-C-7500,1.8,1.8,2.0
2025-08-01,2025-08-01 13:15:28.000,MO2508-C-7500,1.8,1.8,2.0
2025-08-01,2025-08-01 13:15:36.500,MO2508-C-7500,1.8,1.8,2.0
2025-08-01,2025-08-01 13:15:37.000,MO2508-C-7500,1.8,1.8,2.0
2025-08-01,2025-08-01 13:15:43.000,MO2508-C-7500,1.8,1.8,2.0
2025-08-01,2025-08-01 13:15:54.500,MO2508-C-7500,1.8,1.8,2.0
2025-08-01,2025-08-01 13:15:55.500,MO2508-C-7500,1.8,1.8,2.0
2025-08-01,2025-08-01 13:15:56.000,MO2508-C-7500,1.8,1.8,2.0
2025-08-01,2025-08-01 13:15:57.500,MO2508-C-7500,2.0,1.8,2.0
2025-08-01,2025-08-01 13:15:58.500,MO2508-C-7500,2.0,1.8,2.0
2025-08-01,2025-08-01 13:16:03.500,MO2508-C-7500,2.0,1.8,2.0
2025-08-01,2025-08-01 13:16:04.500,MO2508-C-7500,2.0,1.8,2.0
2025-08-01,2025-08-01 13:16:05.000,MO2508-C-7500,2.0,1.8,2.0
2025-08-01,2025-08-01 13:16:06.500,MO2508-C-7500,2.0,1.8,2.0
2025-08-01,2025-08-01 13:16:07.000,MO2508-C-7500,2.0,1.8,2.0
2025-08-01,2025-08-01 13:16:36.500,MO2508-C-7500,2.0,1.8,2.0
2025-08-01,2025-08-01 13:16:37.000,MO2508-C-7500,2.0,1.8,2.0
2025-08-01,2025-08-01 13:16:45.000,MO2508-C-7500,2.0,1.8,2.0
2025-08-01,2025-08-01 13:16:46.000,MO2508-C-7500,2.0,1.8,2.0
2025-08-01,2025-08-01 13:17:05.500,MO2508-C-7500,2.0,1.8,2.0
2025-08-01,2025-08-01 13:17:06.000,MO2508-C-7500,2.0,1.8,2.0
2025-08-01,2025-08-01 13:17:06.500,MO2508-C-7500,2.0,1.8,2.0
2025-08-01,2025-08-01 13:17:07.000,MO2508-C-7500,2.0,1.8,2.0
2025-08-01,2025-08-01 13:17:17.000,MO2508-C-7500,2.0,1.8,2.0
2025-08-01,2025-08-01 13:17:17.500,MO2508-C-7500,2.0,1.8,2.0
2025-08-01,2025-08-01 13:17:18.000,MO2508-C-7500,2.0,1.8,2.0
2025-08-01,2025-08-01 13:17:18.500,MO2508-C-7500,2.0,1.8,2.0
2025-08-01,2025-08-01 13:17:19.000,MO2508-C-7500,2.0,1.8,2.0
2025-08-01,2025-08-01 13:17:25.500,MO2508-C-7500,2.0,1.8,2.0
2025-08-01,2025-08-01 13:17:28.500,MO2508-C-7500,2.0,1.8,2.0
2025-08-01,2025-08-01 13:17:29.500,MO2508-C-7500,2.0,1.8,2.0
2025-08-01,2025-08-01 13:17:36.000,MO2508-C-7500,2.0,1.8,2.0
2025-08-01,2025-08-01 13:17:36.500,MO2508-C-7500,2.0,1.8,2.0
2025-08-01,2025-08-01 13:17:37.000,MO2508-C-7500,2.0,1.8,2.0
2025-08-01,2025-08-01 13:17:39.000,MO2508-C-7500,2.0,1.8,2.0
2025-08-01,2025-08-01 13:17:39.500,MO2508-C-7500,2.0,1.8,2.0
2025-08-01,2025-08-01 13:17:40.000,MO2508-C-7500,2.0,1.8,2.0
2025-08-01,2025-08-01 13:17:42.000,MO2508-C-7500,2.0,1.8,2.0
2025-08-01,2025-08-01 13:17:48.000,MO2508-C-7500,2.0,1.8,2.0
2025-08-01,2025-08-01 13:17:49.500,MO2508-C-7500,2.0,1.8,2.0
2025-08-01,2025-08-01 13:17:53.500,MO2508-C-7500,2.0,1.8,2.0
2025-08-01,2025-08-01 13:17:54.000,MO2508-C-7500,2.0,1.8,2.0
2025-08-01,2025-08-01 13:17:55.000,MO2508-C-7500,2.0,1.8,2.0
2025-08-01,2025-08-01 13:17:57.000,MO2508-C-7500,2.0,1.8,2.0
2025-08-01,2025-08-01 13:17:57.500,MO2508-C-7500,2.0,1.8,2.0
2025-08-01,2025-08-01 13:18:01.000,MO2508-C-7500,2.0,1.8,2.0
2025-08-01,2025-08-01 13:18:06.500,MO2508-C-7500,2.0,1.8,2.0
2025-08-01,2025-08-01 13:18:07.000,MO2508-C-7500,2.0,1.8,2.0
2025-08-01,2025-08-01 13:18:36.500,MO2508-C-7500,2.0,1.8,2.0
2025-08-01,2025-08-01 13:18:37.000,MO2508-C-7500,2.0,1.8,2.0
2025-08-01,2025-08-01 13:18:44.500,MO2508-C-7500,2.0,1.8,2.0
2025-08-01,2025-08-01 13:18:45.000,MO2508-C-7500,2.0,1.8,2.0
2025-08-01,2025-08-01 13:19:03.500,MO2508-C-7500,2.0,1.8,2.0
2025-08-01,2025-08-01 13:19:04.500,MO2508-C-7500,2.0,1.8,2.0
2025-08-01,2025-08-01 13:19:06.500,MO2508-C-7500,2.0,1.8,2.0
2025-08-01,2025-08-01 13:19:07.000,MO2508-C-7500,2.0,1.8,2.0
2025-08-01,2025-08-01 13:19:09.000,MO2508-C-7500,2.0,1.8,2.0
2025-08-01,2025-08-01 13:19:09.500,MO2508-C-7500,2.0,1.8,2.0
2025-08-01,2025-08-01 13:19:36.500,MO2508-C-7500,2.0,1.8,2.0
2025-08-01,2025-08-01 13:19:37.000,MO2508-C-7500,2.0,1.8,2.0
2025-08-01,2025-08-01 13:20:06.500,MO2508-C-7500,2.0,1.8,2.0
2025-08-01,2025-08-01 13:20:07.000,MO2508-C-7500,2.0,1.8,2.0
2025-08-01,2025-08-01 13:20:08.000,MO2508-C-7500,2.0,1.8,2.0
2025-08-01,2025-08-01 13:20:36.500,MO2508-C-7500,2.0,1.8,2.0
2025-08-01,2025-08-01 13:20:37.000,MO2508-C-7500,2.0,1.8,2.0
2025-08-01,2025-08-01 13:20:58.000,MO2508-C-7500,2.0,1.8,2.0
2025-08-01,2025-08-01 13:21:01.000,MO2508-C-7500,2.0,1.8,2.0
2025-08-01,2025-08-01 13:21:02.000,MO2508-C-7500,2.0,1.8,2.0
2025-08-01,2025-08-01 13:21:05.500,MO2508-C-7500,2.0,1.8,2.0
2025-08-01,2025-08-01 13:21:06.500,MO2508-C-7500,2.0,1.8,2.0
2025-08-01,2025-08-01 13:21:07.000,MO2508-C-7500,2.0,1.8,2.0
2025-08-01,2025-08-01 13:21:12.500,MO2508-C-7500,2.0,1.8,2.0
2025-08-01,2025-08-01 13:21:15.000,MO2508-C-7500,2.0,1.8,2.0
2025-08-01,2025-08-01 13:21:36.500,MO2508-C-7500,2.0,1.8,2.0
2025-08-01,2025-08-01 13:21:37.000,MO2508-C-7500,2.0,1.8,2.0
2025-08-01,2025-08-01 13:21:38.000,MO2508-C-7500,2.0,1.8,2.0
2025-08-01,2025-08-01 13:21:39.000,MO2508-C-7500,2.0,1.8,2.0
2025-08-01,2025-08-01 13:21:40.000,MO2508-C-7500,2.0,1.8,2.0
2025-08-01,2025-08-01 13:21:41.000,MO2508-C-7500,2.0,1.8,2.0
2025-08-01,2025-08-01 13:21:43.000,MO2508-C-7500,2.0,1.8,2.0
2025-08-01,2025-08-01 13:21:49.000,MO2508-C-7500,2.0,1.8,2.0
2025-08-01,2025-08-01 13:21:59.500,MO2508-C-7500,2.0,1.8,2.0
2025-08-01,2025-08-01 13:22:03.500,MO2508-C-7500,2.0,1.8,2.0
2025-08-01,2025-08-01 13:22:04.000,MO2508-C-7500,2.0,1.8,2.0
2025-08-01,2025-08-01 13:22:05.000,MO2508-C-7500,2.0,1.8,2.0
2025-08-01,2025-08-01 13:22:06.000,MO2508-C-7500,2.0,1.8,2.0
2025-08-01,2025-08-01 13:22:06.500,MO2508-C-7500,2.0,1.8,2.0
2025-08-01,2025-08-01 13:22:07.000,MO2508-C-7500,2.0,1.8,2.0
2025-08-01,2025-08-01 13:22:08.000,MO2508-C-7500,2.0,1.8,2.0
2025-08-01,2025-08-01 13:22:12.000,MO2508-C-7500,2.0,1.8,2.0
2025-08-01,2025-08-01 13:22:13.000,MO2508-C-7500,2.0,1.8,2.0
2025-08-01,2025-08-01 13:22:15.500,MO2508-C-7500,2.0,1.8,2.0
2025-08-01,2025-08-01 13:22:16.000,MO2508-C-7500,2.0,1.8,2.0
2025-08-01,2025-08-01 13:22:17.000,MO2508-C-7500,2.0,1.8,2.0
2025-08-01,2025-08-01 13:22:17.500,MO2508-C-7500,2.0,1.8,2.0
2025-08-01,2025-08-01 13:22:36.000,MO2508-C-7500,2.0,1.8,2.0
2025-08-01,2025-08-01 13:22:36.500,MO2508-C-7500,2.0,1.8,2.0
2025-08-01,2025-08-01 13:22:37.000,MO2508-C-7500,2.0,1.8,2.0
2025-08-01,2025-08-01 13:23:06.500,MO2508-C-7500,2.0,1.8,2.0
2025-08-01,2025-08-01 13:23:07.000,MO2508-C-7500,2.0,1.8,2.0
2025-08-01,2025-08-01 13:23:10.500,MO2508-C-7500,2.0,1.8,2.0
2025-08-01,2025-08-01 13:23:11.000,MO2508-C-7500,2.0,1.8,2.0
2025-08-01,2025-08-01 13:23:36.500,MO2508-C-7500,2.0,1.8,2.0
2025-08-01,2025-08-01 13:23:37.000,MO2508-C-7500,2.0,1.8,2.0
2025-08-01,2025-08-01 13:24:06.500,MO2508-C-7500,2.0,1.8,2.0
2025-08-01,2025-08-01 13:24:07.000,MO2508-C-7500,2.0,1.8,2.0
2025-08-01,2025-08-01 13:24:11.000,MO2508-C-7500,2.0,1.8,2.0
2025-08-01,2025-08-01 13:24:13.000,MO2508-C-7500,2.0,1.8,2.0
2025-08-01,2025-08-01 13:24:15.000,MO2508-C-7500,2.0,1.8,2.0
2025-08-01,2025-08-01 13:24:16.000,MO2508-C-7500,2.0,1.8,2.0
2025-08-01,2025-08-01 13:24:26.500,MO2508-C-7500,2.0,1.8,2.0
2025-08-01,2025-08-01 13:24:27.000,MO2508-C-7500,2.0,1.8,2.0
2025-08-01,2025-08-01 13:24:28.000,MO2508-C-7500,2.0,1.8,2.0
2025-08-01,2025-08-01 13:24:30.000,MO2508-C-7500,2.0,1.8,2.0
2025-08-01,2025-08-01 13:24:32.000,MO2508-C-7500,2.0,1.8,2.0
2025-08-01,2025-08-01 13:24:33.000,MO2508-C-7500,2.0,1.8,2.0
2025-08-01,2025-08-01 13:24:34.000,MO2508-C-7500,2.0,1.8,2.0
2025-08-01,2025-08-01 13:24:35.000,MO2508-C-7500,2.0,1.8,2.0
2025-08-01,2025-08-01 13:24:36.500,MO2508-C-7500,2.0,1.8,2.0
2025-08-01,2025-08-01 13:24:37.000,MO2508-C-7500,2.0,1.8,2.0
2025-08-01,2025-08-01 13:24:39.000,MO2508-C-7500,2.0,1.8,2.0
2025-08-01,2025-08-01 13:24:40.000,MO2508-C-7500,2.0,1.8,2.0
2025-08-01,2025-08-01 13:24:42.000,MO2508-C-7500,2.0,1.8,2.0
2025-08-01,2025-08-01 13:24:48.000,MO2508-C-7500,2.0,1.8,2.0
2025-08-01,2025-08-01 13:24:49.000,MO2508-C-7500,2.0,1.8,2.0
2025-08-01,2025-08-01 13:24:52.000,MO2508-C-7500,2.0,1.8,2.0
2025-08-01,2025-08-01 13:24:57.000,MO2508-C-7500,2.0,1.8,2.0
2025-08-01,2025-08-01 13:24:58.000,MO2508-C-7500,2.0,1.8,2.0
2025-08-01,2025-08-01 13:25:01.000,MO2508-C-7500,2.0,1.8,2.0
2025-08-01,2025-08-01 13:25:03.000,MO2508-C-7500,2.0,1.8,2.0
2025-08-01,2025-08-01 13:25:06.500,MO2508-C-7500,2.0,1.8,2.0
2025-08-01,2025-08-01 13:25:07.000,MO2508-C-7500,2.0,1.8,2.0
2025-08-01,2025-08-01 13:25:36.500,MO2508-C-7500,2.0,1.8,2.0
2025-08-01,2025-08-01 13:25:37.000,MO2508-C-7500,2.0,1.8,2.0
2025-08-01,2025-08-01 13:25:48.000,MO2508-C-7500,2.0,1.8,2.0
2025-08-01,2025-08-01 13:25:49.000,MO2508-C-7500,2.0,1.8,2.0
2025-08-01,2025-08-01 13:25:49.500,MO2508-C-7500,2.0,1.8,2.0
2025-08-01,2025-08-01 13:26:06.500,MO2508-C-7500,2.0,1.8,2.0
2025-08-01,2025-08-01 13:26:07.000,MO2508-C-7500,2.0,1.8,2.0
2025-08-01,2025-08-01 13:26:09.000,MO2508-C-7500,2.0,1.8,2.0
2025-08-01,2025-08-01 13:26:10.000,MO2508-C-7500,2.0,1.8,2.0
2025-08-01,2025-08-01 13:26:16.500,MO2508-C-7500,2.0,1.8,2.0
2025-08-01,2025-08-01 13:26:17.000,MO2508-C-7500,2.0,1.8,2.0
2025-08-01,2025-08-01 13:26:22.000,MO2508-C-7500,2.0,1.8,2.0
2025-08-01,2025-08-01 13:26:23.000,MO2508-C-7500,2.0,1.8,2.0
2025-08-01,2025-08-01 13:26:25.000,MO2508-C-7500,2.0,1.8,2.0
2025-08-01,2025-08-01 13:26:26.000,MO2508-C-7500,2.0,1.8,2.0
2025-08-01,2025-08-01 13:26:29.500,MO2508-C-7500,2.0,1.8,2.0
2025-08-01,2025-08-01 13:26:36.000,MO2508-C-7500,2.0,1.8,2.0
2025-08-01,2025-08-01 13:26:36.500,MO2508-C-7500,2.0,1.8,2.0
2025-08-01,2025-08-01 13:26:37.000,MO2508-C-7500,2.0,1.8,2.0
2025-08-01,2025-08-01 13:26:46.000,MO2508-C-7500,2.0,1.8,2.0
2025-08-01,2025-08-01 13:26:50.000,MO2508-C-7500,2.0,1.8,2.0
2025-08-01,2025-08-01 13:26:56.000,MO2508-C-7500,2.0,1.8,2.0
2025-08-01,2025-08-01 13:26:57.000,MO2508-C-7500,2.0,1.8,2.0
2025-08-01,2025-08-01 13:27:06.500,MO2508-C-7500,2.0,1.8,2.0
2025-08-01,2025-08-01 13:27:07.000,MO2508-C-7500,2.0,1.8,2.0
2025-08-01,2025-08-01 13:27:15.000,MO2508-C-7500,2.0,1.8,2.0
2025-08-01,2025-08-01 13:27:16.000,MO2508-C-7500,2.0,1.8,2.0
2025-08-01,2025-08-01 13:27:18.000,MO2508-C-7500,2.0,1.8,2.0
2025-08-01,2025-08-01 13:27:19.000,MO2508-C-7500,2.0,1.8,2.0
2025-08-01,2025-08-01 13:27:19.500,MO2508-C-7500,2.0,1.8,2.0
2025-08-01,2025-08-01 13:27:20.000,MO2508-C-7500,2.0,1.8,2.0
2025-08-01,2025-08-01 13:27:36.500,MO2508-C-7500,2.0,1.8,2.0
2025-08-01,2025-08-01 13:27:37.000,MO2508-C-7500,2.0,1.8,2.0
2025-08-01,2025-08-01 13:27:43.000,MO2508-C-7500,1.8,1.8,2.0
2025-08-01,2025-08-01 13:27:43.500,MO2508-C-7500,1.8,1.8,2.0
2025-08-01,2025-08-01 13:27:44.000,MO2508-C-7500,1.8,1.8,2.0
2025-08-01,2025-08-01 13:27:48.500,MO2508-C-7500,1.8,1.8,2.0
2025-08-01,2025-08-01 13:27:49.000,MO2508-C-7500,1.8,1.8,2.0
2025-08-01,2025-08-01 13:27:50.000,MO2508-C-7500,1.8,1.8,2.0
2025-08-01,2025-08-01 13:27:54.000,MO2508-C-7500,1.8,1.8,2.0
2025-08-01,2025-08-01 13:28:06.500,MO2508-C-7500,1.8,1.8,2.0
2025-08-01,2025-08-01 13:28:07.000,MO2508-C-7500,1.8,1.8,2.0
2025-08-01,2025-08-01 13:28:10.500,MO2508-C-7500,1.8,1.8,2.0
2025-08-01,2025-08-01 13:28:11.000,MO2508-C-7500,1.8,1.8,2.0
2025-08-01,2025-08-01 13:28:12.000,MO2508-C-7500,1.8,1.8,2.0
2025-08-01,2025-08-01 13:28:12.500,MO2508-C-7500,1.8,1.8,2.0
2025-08-01,2025-08-01 13:28:28.000,MO2508-C-7500,1.8,1.8,2.0
2025-08-01,2025-08-01 13:28:29.000,MO2508-C-7500,1.8,1.8,2.0
2025-08-01,2025-08-01 13:28:32.500,MO2508-C-7500,1.8,1.8,2.0
2025-08-01,2025-08-01 13:28:35.000,MO2508-C-7500,1.8,1.8,2.0
2025-08-01,2025-08-01 13:28:36.500,MO2508-C-7500,1.8,1.8,2.0
2025-08-01,2025-08-01 13:28:37.000,MO2508-C-7500,1.8,1.8,2.0
2025-08-01,2025-08-01 13:28:54.000,MO2508-C-7500,1.8,1.8,2.0
2025-08-01,2025-08-01 13:28:57.000,MO2508-C-7500,1.8,1.8,2.0
2025-08-01,2025-08-01 13:29:06.500,MO2508-C-7500,1.8,1.8,2.0
2025-08-01,2025-08-01 13:29:07.000,MO2508-C-7500,1.8,1.8,2.0
2025-08-01,2025-08-01 13:29:09.000,MO2508-C-7500,1.8,1.8,2.0
2025-08-01,2025-08-01 13:29:11.000,MO2508-C-7500,1.8,1.8,2.0
2025-08-01,2025-08-01 13:29:35.000,MO2508-C-7500,1.8,1.8,2.0
2025-08-01,2025-08-01 13:29:36.500,MO2508-C-7500,1.8,1.8,2.0
2025-08-01,2025-08-01 13:29:37.000,MO2508-C-7500,1.8,1.8,2.0
2025-08-01,2025-08-01 13:29:37.500,MO2508-C-7500,1.8,1.8,2.0
2025-08-01,2025-08-01 13:29:38.000,MO2508-C-7500,1.8,1.8,2.0
2025-08-01,2025-08-01 13:29:38.500,MO2508-C-7500,1.8,1.8,2.0
2025-08-01,2025-08-01 13:29:41.000,MO2508-C-7500,1.8,1.8,2.0
2025-08-01,2025-08-01 13:29:42.000,MO2508-C-7500,1.8,1.8,2.0
2025-08-01,2025-08-01 13:29:42.500,MO2508-C-7500,1.8,1.8,2.0
2025-08-01,2025-08-01 13:29:43.000,MO2508-C-7500,1.8,1.8,2.0
2025-08-01,2025-08-01 13:29:46.000,MO2508-C-7500,1.8,1.8,2.0
2025-08-01,2025-08-01 13:29:46.500,MO2508-C-7500,1.8,1.8,2.0
2025-08-01,2025-08-01 13:29:50.500,MO2508-C-7500,2.0,1.8,2.0
2025-08-01,2025-08-01 13:29:51.000,MO2508-C-7500,2.0,1.8,2.0
2025-08-01,2025-08-01 13:29:54.000,MO2508-C-7500,2.0,1.8,2.0
2025-08-01,2025-08-01 13:29:54.500,MO2508-C-7500,2.0,1.8,2.0
2025-08-01,2025-08-01 13:29:55.000,MO2508-C-7500,2.0,1.8,2.0
2025-08-01,2025-08-01 13:29:56.000,MO2508-C-7500,2.0,1.8,2.0
2025-08-01,2025-08-01 13:29:56.500,MO2508-C-7500,2.0,1.8,2.0
2025-08-01,2025-08-01 13:29:58.000,MO2508-C-7500,2.0,2.0,2.2
2025-08-01,2025-08-01 13:29:58.500,MO2508-C-7500,2.0,2.0,2.2
2025-08-01,2025-08-01 13:29:59.000,MO2508-C-7500,2.0,2.0,2.2
2025-08-01,2025-08-01 13:29:59.500,MO2508-C-7500,2.0,2.0,2.2
2025-08-01,2025-08-01 13:30:00.500,MO2508-C-7500,2.0,2.0,2.2
2025-08-01,2025-08-01 13:30:01.000,MO2508-C-7500,2.0,2.0,2.2
2025-08-01,2025-08-01 13:30:01.500,MO2508-C-7500,2.2,2.0,2.2
2025-08-01,2025-08-01 13:30:02.000,MO2508-C-7500,2.2,2.0,2.2
2025-08-01,2025-08-01 13:30:02.500,MO2508-C-7500,2.2,2.0,2.2
2025-08-01,2025-08-01 13:30:03.000,MO2508-C-7500,2.2,2.0,2.2
2025-08-01,2025-08-01 13:30:03.500,MO2508-C-7500,2.2,2.0,2.2
2025-08-01,2025-08-01 13:30:04.000,MO2508-C-7500,2.2,2.0,2.2
2025-08-01,2025-08-01 13:30:04.500,MO2508-C-7500,2.2,2.0,2.2
2025-08-01,2025-08-01 13:30:05.000,MO2508-C-7500,2.0,2.0,2.2
2025-08-01,2025-08-01 13:30:05.500,MO2508-C-7500,2.0,2.0,2.2
2025-08-01,2025-08-01 13:30:06.500,MO2508-C-7500,2.0,2.0,2.2
2025-08-01,2025-08-01 13:30:07.000,MO2508-C-7500,2.0,2.0,2.2
2025-08-01,2025-08-01 13:30:09.000,MO2508-C-7500,2.0,2.0,2.2
2025-08-01,2025-08-01 13:30:09.500,MO2508-C-7500,2.0,2.0,2.2
2025-08-01,2025-08-01 13:30:11.500,MO2508-C-7500,2.0,2.0,2.2
2025-08-01,2025-08-01 13:30:12.000,MO2508-C-7500,2.0,2.0,2.2
2025-08-01,2025-08-01 13:30:15.500,MO2508-C-7500,2.0,2.0,2.2
2025-08-01,2025-08-01 13:30:16.000,MO2508-C-7500,2.0,2.0,2.2
2025-08-01,2025-08-01 13:30:31.000,MO2508-C-7500,2.0,2.0,2.2
2025-08-01,2025-08-01 13:30:36.500,MO2508-C-7500,2.0,2.0,2.2
2025-08-01,2025-08-01 13:30:37.000,MO2508-C-7500,2.0,2.0,2.2
2025-08-01,2025-08-01 13:30:40.000,MO2508-C-7500,2.0,2.0,2.2
2025-08-01,2025-08-01 13:30:40.500,MO2508-C-7500,2.0,2.0,2.2
2025-08-01,2025-08-01 13:30:42.000,MO2508-C-7500,2.0,2.0,2.2
2025-08-01,2025-08-01 13:30:46.000,MO2508-C-7500,2.0,2.0,2.2
2025-08-01,2025-08-01 13:30:46.500,MO2508-C-7500,2.0,2.0,2.2
2025-08-01,2025-08-01 13:30:49.500,MO2508-C-7500,2.0,2.0,2.2
2025-08-01,2025-08-01 13:31:06.500,MO2508-C-7500,2.0,2.0,2.2
2025-08-01,2025-08-01 13:31:07.000,MO2508-C-7500,2.0,2.0,2.2
2025-08-01,2025-08-01 13:31:28.000,MO2508-C-7500,2.0,2.0,2.2
2025-08-01,2025-08-01 13:31:28.500,MO2508-C-7500,2.0,2.0,2.2
2025-08-01,2025-08-01 13:31:31.500,MO2508-C-7500,2.0,2.0,2.2
2025-08-01,2025-08-01 13:31:36.500,MO2508-C-7500,2.0,2.0,2.2
2025-08-01,2025-08-01 13:31:37.000,MO2508-C-7500,2.0,2.0,2.2
2025-08-01,2025-08-01 13:32:02.500,MO2508-C-7500,2.0,2.0,2.2
2025-08-01,2025-08-01 13:32:06.500,MO2508-C-7500,2.0,2.0,2.2
2025-08-01,2025-08-01 13:32:07.000,MO2508-C-7500,2.0,2.0,2.2
2025-08-01,2025-08-01 13:32:36.500,MO2508-C-7500,2.0,2.0,2.2
2025-08-01,2025-08-01 13:32:37.000,MO2508-C-7500,2.0,2.0,2.2
2025-08-01,2025-08-01 13:32:59.000,MO2508-C-7500,2.0,2.0,2.2
2025-08-01,2025-08-01 13:33:02.500,MO2508-C-7500,2.0,2.0,2.2
2025-08-01,2025-08-01 13:33:05.500,MO2508-C-7500,2.0,2.0,2.2
2025-08-01,2025-08-01 13:33:06.000,MO2508-C-7500,2.0,2.0,2.2
2025-08-01,2025-08-01 13:33:06.500,MO2508-C-7500,2.0,2.0,2.2
2025-08-01,2025-08-01 13:33:07.000,MO2508-C-7500,2.0,2.0,2.2
2025-08-01,2025-08-01 13:33:29.500,MO2508-C-7500,2.0,2.0,2.2
2025-08-01,2025-08-01 13:33:34.500,MO2508-C-7500,2.0,2.0,2.2
2025-08-01,2025-08-01 13:33:35.000,MO2508-C-7500,2.0,2.0,2.2
2025-08-01,2025-08-01 13:33:35.500,MO2508-C-7500,2.0,2.0,2.2
2025-08-01,2025-08-01 13:33:36.500,MO2508-C-7500,2.0,2.0,2.2
2025-08-01,2025-08-01 13:33:37.000,MO2508-C-7500,2.0,2.0,2.2
2025-08-01,2025-08-01 13:33:52.000,MO2508-C-7500,2.0,2.0,2.2
2025-08-01,2025-08-01 13:33:58.000,MO2508-C-7500,2.0,2.0,2.2
2025-08-01,2025-08-01 13:33:58.500,MO2508-C-7500,2.0,2.0,2.2
2025-08-01,2025-08-01 13:33:59.000,MO2508-C-7500,2.0,2.0,2.2
2025-08-01,2025-08-01 13:34:00.000,MO2508-C-7500,2.0,2.0,2.2
2025-08-01,2025-08-01 13:34:03.000,MO2508-C-7500,2.0,2.0,2.2
2025-08-01,2025-08-01 13:34:06.000,MO2508-C-7500,2.0,2.0,2.2
2025-08-01,2025-08-01 13:34:06.500,MO2508-C-7500,2.0,2.0,2.2
2025-08-01,2025-08-01 13:34:07.000,MO2508-C-7500,2.0,2.0,2.2
2025-08-01,2025-08-01 13:34:07.500,MO2508-C-7500,2.2,2.0,2.2
2025-08-01,2025-08-01 13:34:08.500,MO2508-C-7500,2.2,2.0,2.2
2025-08-01,2025-08-01 13:34:22.000,MO2508-C-7500,2.2,2.0,2.2
2025-08-01,2025-08-01 13:34:23.500,MO2508-C-7500,2.2,2.0,2.2
2025-08-01,2025-08-01 13:34:24.000,MO2508-C-7500,2.2,2.0,2.2
2025-08-01,2025-08-01 13:34:28.500,MO2508-C-7500,2.2,2.0,2.2
2025-08-01,2025-08-01 13:34:29.000,MO2508-C-7500,2.2,2.0,2.2
2025-08-01,2025-08-01 13:34:36.500,MO2508-C-7500,2.2,2.0,2.2
2025-08-01,2025-08-01 13:34:37.000,MO2508-C-7500,2.2,2.0,2.2
2025-08-01,2025-08-01 13:34:37.500,MO2508-C-7500,2.2,2.0,2.2
2025-08-01,2025-08-01 13:34:44.000,MO2508-C-7500,2.2,2.0,2.2
2025-08-01,2025-08-01 13:34:45.000,MO2508-C-7500,2.2,2.0,2.2
2025-08-01,2025-08-01 13:34:45.500,MO2508-C-7500,2.2,2.0,2.2
2025-08-01,2025-08-01 13:35:06.500,MO2508-C-7500,2.2,2.0,2.2
2025-08-01,2025-08-01 13:35:07.000,MO2508-C-7500,2.2,2.0,2.2
2025-08-01,2025-08-01 13:35:11.000,MO2508-C-7500,2.2,2.0,2.2
2025-08-01,2025-08-01 13:35:12.000,MO2508-C-7500,2.2,2.0,2.2
2025-08-01,2025-08-01 13:35:36.500,MO2508-C-7500,2.2,2.0,2.2
2025-08-01,2025-08-01 13:35:37.000,MO2508-C-7500,2.2,2.0,2.2
2025-08-01,2025-08-01 13:35:56.500,MO2508-C-7500,2.2,2.0,2.2
2025-08-01,2025-08-01 13:35:57.000,MO2508-C-7500,2.2,2.0,2.2
2025-08-01,2025-08-01 13:36:03.000,MO2508-C-7500,2.2,2.0,2.2
2025-08-01,2025-08-01 13:36:06.500,MO2508-C-7500,2.2,2.0,2.2
2025-08-01,2025-08-01 13:36:07.000,MO2508-C-7500,2.2,2.0,2.2
2025-08-01,2025-08-01 13:36:10.000,MO2508-C-7500,2.0,2.0,2.2
2025-08-01,2025-08-01 13:36:10.500,MO2508-C-7500,2.0,1.8,2.0
2025-08-01,2025-08-01 13:36:11.000,MO2508-C-7500,2.0,1.8,2.0
2025-08-01,2025-08-01 13:36:11.500,MO2508-C-7500,2.0,1.8,2.0
2025-08-01,2025-08-01 13:36:12.000,MO2508-C-7500,2.0,1.8,2.0
2025-08-01,2025-08-01 13:36:12.500,MO2508-C-7500,2.0,1.8,2.0
2025-08-01,2025-08-01 13:36:13.500,MO2508-C-7500,2.0,1.8,2.0
2025-08-01,2025-08-01 13:36:15.500,MO2508-C-7500,2.0,1.8,2.0
2025-08-01,2025-08-01 13:36:20.000,MO2508-C-7500,2.0,1.8,2.0
2025-08-01,2025-08-01 13:36:20.500,MO2508-C-7500,2.0,1.8,2.0
2025-08-01,2025-08-01 13:36:21.500,MO2508-C-7500,2.0,1.8,2.0
2025-08-01,2025-08-01 13:36:22.000,MO2508-C-7500,2.0,1.8,2.0
2025-08-01,2025-08-01 13:36:31.000,MO2508-C-7500,2.0,1.8,2.0
2025-08-01,2025-08-01 13:36:31.500,MO2508-C-7500,2.0,1.8,2.0
2025-08-01,2025-08-01 13:36:32.000,MO2508-C-7500,2.0,1.8,2.0
2025-08-01,2025-08-01 13:36:36.500,MO2508-C-7500,2.0,1.8,2.0
2025-08-01,2025-08-01 13:36:37.000,MO2508-C-7500,2.0,1.8,2.0
2025-08-01,2025-08-01 13:36:42.000,MO2508-C-7500,2.0,1.8,2.0
2025-08-01,2025-08-01 13:36:44.000,MO2508-C-7500,2.0,1.8,2.0
2025-08-01,2025-08-01 13:36:44.500,MO2508-C-7500,2.0,1.8,2.0
2025-08-01,2025-08-01 13:37:02.500,MO2508-C-7500,2.0,1.8,2.0
2025-08-01,2025-08-01 13:37:03.000,MO2508-C-7500,2.0,1.8,2.0
2025-08-01,2025-08-01 13:37:03.500,MO2508-C-7500,2.0,1.8,2.0
2025-08-01,2025-08-01 13:37:06.000,MO2508-C-7500,2.0,1.8,2.0
2025-08-01,2025-08-01 13:37:06.500,MO2508-C-7500,2.0,1.8,2.0
2025-08-01,2025-08-01 13:37:07.000,MO2508-C-7500,2.0,1.8,2.0
2025-08-01,2025-08-01 13:37:07.500,MO2508-C-7500,2.0,1.8,2.0
2025-08-01,2025-08-01 13:37:10.500,MO2508-C-7500,2.0,1.8,2.0
2025-08-01,2025-08-01 13:37:12.000,MO2508-C-7500,2.0,1.8,2.0
2025-08-01,2025-08-01 13:37:31.000,MO2508-C-7500,2.0,1.8,2.0
2025-08-01,2025-08-01 13:37:33.500,MO2508-C-7500,2.0,1.8,2.0
2025-08-01,2025-08-01 13:37:34.000,MO2508-C-7500,2.0,1.8,2.0
2025-08-01,2025-08-01 13:37:36.500,MO2508-C-7500,2.0,1.8,2.0
2025-08-01,2025-08-01 13:37:37.000,MO2508-C-7500,2.0,1.8,2.0
2025-08-01,2025-08-01 13:37:40.500,MO2508-C-7500,2.0,1.8,2.0
2025-08-01,2025-08-01 13:37:49.500,MO2508-C-7500,2.0,1.8,2.0
2025-08-01,2025-08-01 13:38:00.000,MO2508-C-7500,2.0,1.8,2.0
2025-08-01,2025-08-01 13:38:01.000,MO2508-C-7500,2.0,1.8,2.0
2025-08-01,2025-08-01 13:38:03.000,MO2508-C-7500,2.0,1.8,2.0
2025-08-01,2025-08-01 13:38:04.000,MO2508-C-7500,2.0,1.8,2.0
2025-08-01,2025-08-01 13:38:06.500,MO2508-C-7500,2.0,1.8,2.0
2025-08-01,2025-08-01 13:38:07.000,MO2508-C-7500,2.0,1.8,2.0
2025-08-01,2025-08-01 13:38:08.000,MO2508-C-7500,2.0,1.8,2.0
2025-08-01,2025-08-01 13:38:15.500,MO2508-C-7500,2.0,1.8,2.0
2025-08-01,2025-08-01 13:38:16.000,MO2508-C-7500,2.0,1.8,2.0
2025-08-01,2025-08-01 13:38:16.500,MO2508-C-7500,2.0,1.8,2.0
2025-08-01,2025-08-01 13:38:17.000,MO2508-C-7500,2.0,1.8,2.0
2025-08-01,2025-08-01 13:38:24.500,MO2508-C-7500,2.0,1.8,2.0
2025-08-01,2025-08-01 13:38:31.000,MO2508-C-7500,2.0,1.8,2.0
2025-08-01,2025-08-01 13:38:36.500,MO2508-C-7500,2.0,1.8,2.0
2025-08-01,2025-08-01 13:38:37.000,MO2508-C-7500,2.0,1.8,2.0
2025-08-01,2025-08-01 13:38:48.000,MO2508-C-7500,2.0,1.8,2.0
2025-08-01,2025-08-01 13:38:52.500,MO2508-C-7500,2.0,1.8,2.0
2025-08-01,2025-08-01 13:38:53.500,MO2508-C-7500,2.0,1.8,2.0
2025-08-01,2025-08-01 13:38:57.000,MO2508-C-7500,2.0,1.8,2.0
2025-08-01,2025-08-01 13:38:58.000,MO2508-C-7500,2.0,1.8,2.0
2025-08-01,2025-08-01 13:39:02.500,MO2508-C-7500,2.0,1.8,2.0
2025-08-01,2025-08-01 13:39:04.500,MO2508-C-7500,2.0,1.8,2.0
2025-08-01,2025-08-01 13:39:06.000,MO2508-C-7500,2.0,1.8,2.0
2025-08-01,2025-08-01 13:39:06.500,MO2508-C-7500,2.0,1.8,2.0
2025-08-01,2025-08-01 13:39:07.000,MO2508-C-7500,2.0,1.8,2.0
2025-08-01,2025-08-01 13:39:28.000,MO2508-C-7500,2.0,1.8,2.0
2025-08-01,2025-08-01 13:39:34.000,MO2508-C-7500,2.0,1.8,2.0
2025-08-01,2025-08-01 13:39:35.500,MO2508-C-7500,2.0,1.8,2.0
2025-08-01,2025-08-01 13:39:36.500,MO2508-C-7500,2.0,1.8,2.0
2025-08-01,2025-08-01 13:39:37.000,MO2508-C-7500,2.0,1.8,2.0
2025-08-01,2025-08-01 13:39:42.500,MO2508-C-7500,2.0,1.8,2.0
2025-08-01,2025-08-01 13:40:06.500,MO2508-C-7500,2.0,1.8,2.0
2025-08-01,2025-08-01 13:40:07.000,MO2508-C-7500,2.0,1.8,2.0
2025-08-01,2025-08-01 13:40:09.000,MO2508-C-7500,2.0,1.8,2.0
2025-08-01,2025-08-01 13:40:11.000,MO2508-C-7500,2.0,1.8,2.0
2025-08-01,2025-08-01 13:40:19.500,MO2508-C-7500,2.0,1.8,2.0
2025-08-01,2025-08-01 13:40:20.500,MO2508-C-7500,2.0,1.8,2.0
2025-08-01,2025-08-01 13:40:36.500,MO2508-C-7500,2.0,1.8,2.0
2025-08-01,2025-08-01 13:40:37.000,MO2508-C-7500,2.0,1.8,2.0
2025-08-01,2025-08-01 13:40:37.500,MO2508-C-7500,2.0,1.8,2.0
2025-08-01,2025-08-01 13:40:49.000,MO2508-C-7500,2.0,1.8,2.0
2025-08-01,2025-08-01 13:40:49.500,MO2508-C-7500,2.0,1.8,2.0
2025-08-01,2025-08-01 13:40:53.500,MO2508-C-7500,2.0,1.8,2.0
2025-08-01,2025-08-01 13:40:55.000,MO2508-C-7500,2.0,1.8,2.0
2025-08-01,2025-08-01 13:40:56.000,MO2508-C-7500,2.0,1.8,2.0
2025-08-01,2025-08-01 13:40:57.500,MO2508-C-7500,2.0,1.8,2.0
2025-08-01,2025-08-01 13:41:06.500,MO2508-C-7500,2.0,1.8,2.0
2025-08-01,2025-08-01 13:41:07.000,MO2508-C-7500,2.0,1.8,2.0
2025-08-01,2025-08-01 13:41:09.000,MO2508-C-7500,2.0,1.8,2.0
2025-08-01,2025-08-01 13:41:24.000,MO2508-C-7500,2.0,1.8,2.0
2025-08-01,2025-08-01 13:41:34.000,MO2508-C-7500,2.0,1.8,2.0
2025-08-01,2025-08-01 13:41:35.500,MO2508-C-7500,2.0,1.8,2.0
2025-08-01,2025-08-01 13:41:36.500,MO2508-C-7500,2.0,1.8,2.0
2025-08-01,2025-08-01 13:41:37.000,MO2508-C-7500,2.0,1.8,2.0
2025-08-01,2025-08-01 13:41:40.000,MO2508-C-7500,2.0,1.8,2.0
2025-08-01,2025-08-01 13:41:40.500,MO2508-C-7500,2.0,1.8,2.0
2025-08-01,2025-08-01 13:41:41.000,MO2508-C-7500,2.0,1.8,2.0
2025-08-01,2025-08-01 13:41:57.000,MO2508-C-7500,2.0,1.8,2.0
2025-08-01,2025-08-01 13:42:00.500,MO2508-C-7500,2.0,1.8,2.0
2025-08-01,2025-08-01 13:42:01.500,MO2508-C-7500,2.0,1.8,2.0
2025-08-01,2025-08-01 13:42:10.500,MO2508-C-7500,2.0,1.8,2.0
2025-08-01,2025-08-01 13:42:18.500,MO2508-C-7500,2.0,1.8,2.0
2025-08-01,2025-08-01 13:42:36.000,MO2508-C-7500,2.0,1.8,2.0
2025-08-01,2025-08-01 13:42:36.500,MO2508-C-7500,2.0,1.8,2.0
2025-08-01,2025-08-01 13:42:37.000,MO2508-C-7500,2.0,1.8,2.0
2025-08-01,2025-08-01 13:42:41.000,MO2508-C-7500,2.0,1.8,2.0
2025-08-01,2025-08-01 13:42:52.000,MO2508-C-7500,2.0,1.8,2.0
2025-08-01,2025-08-01 13:42:52.500,MO2508-C-7500,2.0,1.8,2.0
2025-08-01,2025-08-01 13:42:53.000,MO2508-C-7500,2.0,1.8,2.0
2025-08-01,2025-08-01 13:43:06.500,MO2508-C-7500,2.0,1.8,2.0
2025-08-01,2025-08-01 13:43:07.000,MO2508-C-7500,2.0,1.8,2.0
2025-08-01,2025-08-01 13:43:21.000,MO2508-C-7500,2.0,1.8,2.0
2025-08-01,2025-08-01 13:43:21.500,MO2508-C-7500,2.0,1.8,2.0
2025-08-01,2025-08-01 13:43:36.500,MO2508-C-7500,2.0,1.8,2.0
2025-08-01,2025-08-01 13:43:37.000,MO2508-C-7500,2.0,1.8,2.0
2025-08-01,2025-08-01 13:44:06.500,MO2508-C-7500,2.0,1.8,2.0
2025-08-01,2025-08-01 13:44:07.000,MO2508-C-7500,2.0,1.8,2.0
2025-08-01,2025-08-01 13:44:23.000,MO2508-C-7500,2.0,1.8,2.0
2025-08-01,2025-08-01 13:44:34.500,MO2508-C-7500,2.0,1.8,2.0
2025-08-01,2025-08-01 13:44:36.500,MO2508-C-7500,2.0,1.8,2.0
2025-08-01,2025-08-01 13:44:37.000,MO2508-C-7500,2.0,1.8,2.0
2025-08-01,2025-08-01 13:44:39.500,MO2508-C-7500,2.0,1.8,2.0
2025-08-01,2025-08-01 13:44:40.000,MO2508-C-7500,2.0,1.8,2.0
2025-08-01,2025-08-01 13:44:48.500,MO2508-C-7500,2.0,1.8,2.0
2025-08-01,2025-08-01 13:44:49.500,MO2508-C-7500,2.0,1.8,2.0
2025-08-01,2025-08-01 13:44:51.000,MO2508-C-7500,2.0,1.8,2.0
2025-08-01,2025-08-01 13:44:52.000,MO2508-C-7500,2.0,1.8,2.0
2025-08-01,2025-08-01 13:44:53.000,MO2508-C-7500,2.0,1.8,2.0
2025-08-01,2025-08-01 13:44:54.000,MO2508-C-7500,2.0,1.8,2.0
2025-08-01,2025-08-01 13:45:06.500,MO2508-C-7500,2.0,1.8,2.0
2025-08-01,2025-08-01 13:45:07.000,MO2508-C-7500,2.0,1.8,2.0
2025-08-01,2025-08-01 13:45:09.500,MO2508-C-7500,2.0,1.8,2.0
2025-08-01,2025-08-01 13:45:36.500,MO2508-C-7500,2.0,1.8,2.0
2025-08-01,2025-08-01 13:45:37.000,MO2508-C-7500,2.0,1.8,2.0
2025-08-01,2025-08-01 13:45:39.000,MO2508-C-7500,2.0,1.8,2.0
2025-08-01,2025-08-01 13:45:42.000,MO2508-C-7500,2.0,1.8,2.0
2025-08-01,2025-08-01 13:45:46.000,MO2508-C-7500,2.0,1.8,2.0
2025-08-01,2025-08-01 13:45:46.500,MO2508-C-7500,2.0,1.8,2.0
2025-08-01,2025-08-01 13:45:53.000,MO2508-C-7500,2.0,1.8,2.0
2025-08-01,2025-08-01 13:46:06.500,MO2508-C-7500,2.0,1.8,2.0
2025-08-01,2025-08-01 13:46:07.000,MO2508-C-7500,2.0,1.8,2.0
2025-08-01,2025-08-01 13:46:10.500,MO2508-C-7500,2.0,1.8,2.0
2025-08-01,2025-08-01 13:46:11.000,MO2508-C-7500,2.0,1.8,2.0
2025-08-01,2025-08-01 13:46:15.500,MO2508-C-7500,2.0,1.8,2.0
2025-08-01,2025-08-01 13:46:25.000,MO2508-C-7500,2.0,1.8,2.0
2025-08-01,2025-08-01 13:46:26.000,MO2508-C-7500,2.0,1.8,2.0
2025-08-01,2025-08-01 13:46:29.500,MO2508-C-7500,2.0,1.8,2.0
2025-08-01,2025-08-01 13:46:30.000,MO2508-C-7500,2.0,1.8,2.0
2025-08-01,2025-08-01 13:46:36.500,MO2508-C-7500,2.0,1.8,2.0
2025-08-01,2025-08-01 13:46:37.000,MO2508-C-7500,2.0,1.8,2.0
2025-08-01,2025-08-01 13:47:06.500,MO2508-C-7500,2.0,1.8,2.0
2025-08-01,2025-08-01 13:47:07.000,MO2508-C-7500,2.0,1.8,2.0
2025-08-01,2025-08-01 13:47:29.500,MO2508-C-7500,2.0,1.8,2.0
2025-08-01,2025-08-01 13:47:31.500,MO2508-C-7500,2.0,1.8,2.0
2025-08-01,2025-08-01 13:47:32.000,MO2508-C-7500,2.0,1.8,2.0
2025-08-01,2025-08-01 13:47:35.000,MO2508-C-7500,2.0,1.8,2.0
2025-08-01,2025-08-01 13:47:35.500,MO2508-C-7500,2.0,1.8,2.0
2025-08-01,2025-08-01 13:47:36.500,MO2508-C-7500,2.0,1.8,2.0
2025-08-01,2025-08-01 13:47:37.000,MO2508-C-7500,2.0,1.8,2.0
2025-08-01,2025-08-01 13:48:06.500,MO2508-C-7500,2.0,1.8,2.0
2025-08-01,2025-08-01 13:48:07.000,MO2508-C-7500,2.0,1.8,2.0
2025-08-01,2025-08-01 13:48:36.500,MO2508-C-7500,2.0,1.8,2.0
2025-08-01,2025-08-01 13:48:37.000,MO2508-C-7500,2.0,1.8,2.0
2025-08-01,2025-08-01 13:49:06.500,MO2508-C-7500,2.0,1.8,2.0
2025-08-01,2025-08-01 13:49:07.000,MO2508-C-7500,2.0,1.8,2.0
2025-08-01,2025-08-01 13:49:20.500,MO2508-C-7500,2.0,1.8,2.0
2025-08-01,2025-08-01 13:49:35.000,MO2508-C-7500,2.0,1.8,2.0
2025-08-01,2025-08-01 13:49:35.500,MO2508-C-7500,2.0,1.8,2.0
2025-08-01,2025-08-01 13:49:36.000,MO2508-C-7500,2.0,1.8,2.0
2025-08-01,2025-08-01 13:49:36.500,MO2508-C-7500,2.0,1.8,2.0
2025-08-01,2025-08-01 13:49:37.000,MO2508-C-7500,2.0,1.8,2.0
2025-08-01,2025-08-01 13:49:38.500,MO2508-C-7500,2.0,1.8,2.0
2025-08-01,2025-08-01 13:49:39.000,MO2508-C-7500,2.0,1.8,2.0
2025-08-01,2025-08-01 13:49:40.000,MO2508-C-7500,2.0,1.8,2.0
2025-08-01,2025-08-01 13:49:41.000,MO2508-C-7500,2.0,1.8,2.0
2025-08-01,2025-08-01 13:50:05.000,MO2508-C-7500,2.0,1.8,2.0
2025-08-01,2025-08-01 13:50:06.500,MO2508-C-7500,2.0,1.8,2.0
2025-08-01,2025-08-01 13:50:07.000,MO2508-C-7500,2.0,1.8,2.0
2025-08-01,2025-08-01 13:50:36.500,MO2508-C-7500,2.0,1.8,2.0
2025-08-01,2025-08-01 13:50:37.000,MO2508-C-7500,2.0,1.8,2.0
2025-08-01,2025-08-01 13:50:49.000,MO2508-C-7500,2.0,1.8,2.0
2025-08-01,2025-08-01 13:51:04.500,MO2508-C-7500,2.0,1.8,2.0
2025-08-01,2025-08-01 13:51:05.500,MO2508-C-7500,2.0,1.8,2.0
2025-08-01,2025-08-01 13:51:06.500,MO2508-C-7500,2.0,1.8,2.0
2025-08-01,2025-08-01 13:51:07.000,MO2508-C-7500,2.0,1.8,2.0
2025-08-01,2025-08-01 13:51:09.000,MO2508-C-7500,2.0,1.8,2.0
2025-08-01,2025-08-01 13:51:10.000,MO2508-C-7500,2.0,1.8,2.0
2025-08-01,2025-08-01 13:51:10.500,MO2508-C-7500,2.0,1.8,2.0
2025-08-01,2025-08-01 13:51:26.000,MO2508-C-7500,2.0,1.8,2.0
2025-08-01,2025-08-01 13:51:26.500,MO2508-C-7500,2.0,1.8,2.0
2025-08-01,2025-08-01 13:51:36.500,MO2508-C-7500,2.0,1.8,2.0
2025-08-01,2025-08-01 13:51:37.000,MO2508-C-7500,2.0,1.8,2.0
2025-08-01,2025-08-01 13:51:54.500,MO2508-C-7500,2.0,1.8,2.0
2025-08-01,2025-08-01 13:51:55.500,MO2508-C-7500,2.0,1.8,2.0
2025-08-01,2025-08-01 13:51:56.500,MO2508-C-7500,2.0,1.8,2.0
2025-08-01,2025-08-01 13:52:06.500,MO2508-C-7500,2.0,1.8,2.0
2025-08-01,2025-08-01 13:52:07.000,MO2508-C-7500,2.0,1.8,2.0
2025-08-01,2025-08-01 13:52:12.000,MO2508-C-7500,2.0,1.8,2.0
2025-08-01,2025-08-01 13:52:12.500,MO2508-C-7500,2.0,1.8,2.0
2025-08-01,2025-08-01 13:52:17.500,MO2508-C-7500,2.0,1.8,2.0
2025-08-01,2025-08-01 13:52:21.500,MO2508-C-7500,2.0,1.8,2.0
2025-08-01,2025-08-01 13:52:22.500,MO2508-C-7500,2.0,1.8,2.0
2025-08-01,2025-08-01 13:52:23.500,MO2508-C-7500,2.0,1.8,2.0
2025-08-01,2025-08-01 13:52:36.500,MO2508-C-7500,2.0,1.8,2.0
2025-08-01,2025-08-01 13:52:37.000,MO2508-C-7500,2.0,1.8,2.0
2025-08-01,2025-08-01 13:52:41.500,MO2508-C-7500,2.0,1.8,2.0
2025-08-01,2025-08-01 13:52:44.500,MO2508-C-7500,2.0,1.8,2.0
2025-08-01,2025-08-01 13:53:01.000,MO2508-C-7500,2.0,1.8,2.0
2025-08-01,2025-08-01 13:53:06.500,MO2508-C-7500,2.0,1.8,2.0
2025-08-01,2025-08-01 13:53:07.000,MO2508-C-7500,2.0,1.8,2.0
2025-08-01,2025-08-01 13:53:18.000,MO2508-C-7500,2.0,2.0,2.2
2025-08-01,2025-08-01 13:53:18.500,MO2508-C-7500,2.0,2.0,2.2
2025-08-01,2025-08-01 13:53:19.000,MO2508-C-7500,2.0,2.0,2.2
2025-08-01,2025-08-01 13:53:19.500,MO2508-C-7500,2.0,2.0,2.2
2025-08-01,2025-08-01 13:53:20.000,MO2508-C-7500,2.0,2.0,2.2
2025-08-01,2025-08-01 13:53:24.500,MO2508-C-7500,2.0,2.0,2.2
2025-08-01,2025-08-01 13:53:25.000,MO2508-C-7500,2.0,2.0,2.2
2025-08-01,2025-08-01 13:53:26.500,MO2508-C-7500,2.0,2.0,2.2
2025-08-01,2025-08-01 13:53:27.000,MO2508-C-7500,2.0,2.0,2.2
2025-08-01,2025-08-01 13:53:29.000,MO2508-C-7500,2.0,2.0,2.2
2025-08-01,2025-08-01 13:53:29.500,MO2508-C-7500,2.0,2.0,2.2
2025-08-01,2025-08-01 13:53:33.500,MO2508-C-7500,2.0,2.0,2.2
2025-08-01,2025-08-01 13:53:36.500,MO2508-C-7500,2.0,2.0,2.2
2025-08-01,2025-08-01 13:53:37.000,MO2508-C-7500,2.0,2.0,2.2
2025-08-01,2025-08-01 13:53:44.500,MO2508-C-7500,2.0,2.0,2.2
2025-08-01,2025-08-01 13:53:47.500,MO2508-C-7500,2.0,2.0,2.2
2025-08-01,2025-08-01 13:53:48.000,MO2508-C-7500,2.0,2.0,2.2
2025-08-01,2025-08-01 13:53:51.000,MO2508-C-7500,2.0,2.0,2.2
2025-08-01,2025-08-01 13:53:51.500,MO2508-C-7500,2.0,2.0,2.2
2025-08-01,2025-08-01 13:53:59.500,MO2508-C-7500,2.0,2.0,2.2
2025-08-01,2025-08-01 13:54:00.000,MO2508-C-7500,2.0,2.0,2.2
2025-08-01,2025-08-01 13:54:03.500,MO2508-C-7500,2.0,2.0,2.2
2025-08-01,2025-08-01 13:54:04.000,MO2508-C-7500,2.0,2.0,2.2
2025-08-01,2025-08-01 13:54:06.500,MO2508-C-7500,2.0,2.0,2.2
2025-08-01,2025-08-01 13:54:07.000,MO2508-C-7500,2.0,2.0,2.2
2025-08-01,2025-08-01 13:54:08.500,MO2508-C-7500,2.0,2.0,2.2
2025-08-01,2025-08-01 13:54:16.500,MO2508-C-7500,2.0,2.0,2.2
2025-08-01,2025-08-01 13:54:17.500,MO2508-C-7500,2.0,2.0,2.2
2025-08-01,2025-08-01 13:54:18.000,MO2508-C-7500,2.0,2.0,2.2
2025-08-01,2025-08-01 13:54:22.000,MO2508-C-7500,2.0,2.0,2.2
2025-08-01,2025-08-01 13:54:25.000,MO2508-C-7500,2.0,2.0,2.2
2025-08-01,2025-08-01 13:54:26.000,MO2508-C-7500,2.0,2.0,2.2
2025-08-01,2025-08-01 13:54:26.500,MO2508-C-7500,2.0,2.0,2.2
2025-08-01,2025-08-01 13:54:27.000,MO2508-C-7500,2.0,2.0,2.2
2025-08-01,2025-08-01 13:54:27.500,MO2508-C-7500,2.0,2.0,2.2
2025-08-01,2025-08-01 13:54:28.000,MO2508-C-7500,2.0,2.0,2.2
2025-08-01,2025-08-01 13:54:30.000,MO2508-C-7500,2.0,2.0,2.2
2025-08-01,2025-08-01 13:54:30.500,MO2508-C-7500,2.0,2.0,2.2
2025-08-01,2025-08-01 13:54:31.500,MO2508-C-7500,2.0,2.0,2.2
2025-08-01,2025-08-01 13:54:32.500,MO2508-C-7500,2.0,2.0,2.2
2025-08-01,2025-08-01 13:54:36.500,MO2508-C-7500,2.0,2.0,2.2
2025-08-01,2025-08-01 13:54:37.000,MO2508-C-7500,2.0,2.0,2.2
2025-08-01,2025-08-01 13:54:48.500,MO2508-C-7500,2.0,2.0,2.2
2025-08-01,2025-08-01 13:54:49.000,MO2508-C-7500,2.0,2.0,2.2
2025-08-01,2025-08-01 13:54:52.000,MO2508-C-7500,2.0,2.0,2.2
2025-08-01,2025-08-01 13:55:02.500,MO2508-C-7500,2.0,2.0,2.2
2025-08-01,2025-08-01 13:55:03.000,MO2508-C-7500,2.0,2.0,2.2
2025-08-01,2025-08-01 13:55:06.500,MO2508-C-7500,2.0,2.0,2.2
2025-08-01,2025-08-01 13:55:07.000,MO2508-C-7500,2.0,2.0,2.2
2025-08-01,2025-08-01 13:55:10.000,MO2508-C-7500,2.0,2.0,2.2
2025-08-01,2025-08-01 13:55:10.500,MO2508-C-7500,2.0,2.0,2.2
2025-08-01,2025-08-01 13:55:23.500,MO2508-C-7500,2.0,2.0,2.2
2025-08-01,2025-08-01 13:55:24.000,MO2508-C-7500,2.0,2.0,2.2
2025-08-01,2025-08-01 13:55:36.500,MO2508-C-7500,2.0,2.0,2.2
2025-08-01,2025-08-01 13:55:37.000,MO2508-C-7500,2.0,2.0,2.2
2025-08-01,2025-08-01 13:55:42.000,MO2508-C-7500,2.0,2.0,2.2
2025-08-01,2025-08-01 13:55:51.500,MO2508-C-7500,2.0,2.0,2.2
2025-08-01,2025-08-01 13:55:53.000,MO2508-C-7500,2.0,2.0,2.2
2025-08-01,2025-08-01 13:56:06.500,MO2508-C-7500,2.0,2.0,2.2
2025-08-01,2025-08-01 13:56:07.000,MO2508-C-7500,2.0,2.0,2.2
2025-08-01,2025-08-01 13:56:13.000,MO2508-C-7500,2.0,2.0,2.2
2025-08-01,2025-08-01 13:56:24.500,MO2508-C-7500,2.0,2.0,2.2
2025-08-01,2025-08-01 13:56:36.500,MO2508-C-7500,2.0,2.0,2.2
2025-08-01,2025-08-01 13:56:37.000,MO2508-C-7500,2.0,2.0,2.2
2025-08-01,2025-08-01 13:56:39.000,MO2508-C-7500,2.0,2.0,2.2
2025-08-01,2025-08-01 13:56:39.500,MO2508-C-7500,2.0,2.0,2.2
2025-08-01,2025-08-01 13:56:40.000,MO2508-C-7500,2.0,2.0,2.2
2025-08-01,2025-08-01 13:56:42.000,MO2508-C-7500,2.0,2.0,2.2
2025-08-01,2025-08-01 13:56:44.500,MO2508-C-7500,2.0,2.0,2.2
2025-08-01,2025-08-01 13:56:45.000,MO2508-C-7500,2.0,2.0,2.2
2025-08-01,2025-08-01 13:57:01.000,MO2508-C-7500,2.0,2.0,2.2
2025-08-01,2025-08-01 13:57:02.000,MO2508-C-7500,2.0,2.0,2.2
2025-08-01,2025-08-01 13:57:03.500,MO2508-C-7500,2.0,2.0,2.2
2025-08-01,2025-08-01 13:57:04.000,MO2508-C-7500,2.0,2.0,2.2
2025-08-01,2025-08-01 13:57:06.500,MO2508-C-7500,2.0,2.0,2.2
2025-08-01,2025-08-01 13:57:07.000,MO2508-C-7500,2.0,2.0,2.2
2025-08-01,2025-08-01 13:57:09.000,MO2508-C-7500,2.0,2.0,2.2
2025-08-01,2025-08-01 13:57:36.500,MO2508-C-7500,2.0,2.0,2.2
2025-08-01,2025-08-01 13:57:37.000,MO2508-C-7500,2.0,2.0,2.2
2025-08-01,2025-08-01 13:57:42.000,MO2508-C-7500,2.0,2.0,2.2
2025-08-01,2025-08-01 13:57:42.500,MO2508-C-7500,2.0,2.0,2.2
2025-08-01,2025-08-01 13:57:45.500,MO2508-C-7500,2.0,2.0,2.2
2025-08-01,2025-08-01 13:58:00.500,MO2508-C-7500,2.0,2.0,2.2
2025-08-01,2025-08-01 13:58:02.500,MO2508-C-7500,2.0,2.0,2.2
2025-08-01,2025-08-01 13:58:03.000,MO2508-C-7500,2.0,2.0,2.2
2025-08-01,2025-08-01 13:58:04.000,MO2508-C-7500,2.0,1.8,2.2
2025-08-01,2025-08-01 13:58:04.500,MO2508-C-7500,2.0,1.8,2.2
2025-08-01,2025-08-01 13:58:05.500,MO2508-C-7500,2.0,1.8,2.2
2025-08-01,2025-08-01 13:58:06.500,MO2508-C-7500,2.0,1.8,2.2
2025-08-01,2025-08-01 13:58:07.000,MO2508-C-7500,2.0,1.8,2.2
2025-08-01,2025-08-01 13:58:07.500,MO2508-C-7500,2.0,1.8,2.2
2025-08-01,2025-08-01 13:58:15.500,MO2508-C-7500,2.0,1.8,2.2
2025-08-01,2025-08-01 13:58:16.000,MO2508-C-7500,2.0,1.8,2.2
2025-08-01,2025-08-01 13:58:29.500,MO2508-C-7500,2.0,2.0,2.2
2025-08-01,2025-08-01 13:58:30.000,MO2508-C-7500,2.0,2.0,2.2
2025-08-01,2025-08-01 13:58:30.500,MO2508-C-7500,2.2,2.0,2.2
2025-08-01,2025-08-01 13:58:31.000,MO2508-C-7500,2.2,2.0,2.2
2025-08-01,2025-08-01 13:58:31.500,MO2508-C-7500,2.2,2.0,2.2
2025-08-01,2025-08-01 13:58:34.500,MO2508-C-7500,2.2,2.0,2.2
2025-08-01,2025-08-01 13:58:35.500,MO2508-C-7500,2.2,2.0,2.2
2025-08-01,2025-08-01 13:58:36.000,MO2508-C-7500,2.2,2.0,2.2
2025-08-01,2025-08-01 13:58:36.500,MO2508-C-7500,2.2,1.8,2.2
2025-08-01,2025-08-01 13:58:37.000,MO2508-C-7500,2.2,1.8,2.2
2025-08-01,2025-08-01 13:58:56.500,MO2508-C-7500,2.2,1.8,2.2
2025-08-01,2025-08-01 13:59:04.000,MO2508-C-7500,2.2,1.8,2.2
2025-08-01,2025-08-01 13:59:04.500,MO2508-C-7500,2.2,1.8,2.2
2025-08-01,2025-08-01 13:59:06.500,MO2508-C-7500,2.2,1.8,2.2
2025-08-01,2025-08-01 13:59:07.000,MO2508-C-7500,2.2,1.8,2.2
2025-08-01,2025-08-01 13:59:12.500,MO2508-C-7500,2.2,1.8,2.2
2025-08-01,2025-08-01 13:59:19.500,MO2508-C-7500,2.2,1.8,2.2
2025-08-01,2025-08-01 13:59:25.500,MO2508-C-7500,2.2,2.0,2.2
2025-08-01,2025-08-01 13:59:26.000,MO2508-C-7500,2.2,2.0,2.2
2025-08-01,2025-08-01 13:59:26.500,MO2508-C-7500,2.2,2.0,2.2
2025-08-01,2025-08-01 13:59:28.000,MO2508-C-7500,2.2,2.0,2.2
2025-08-01,2025-08-01 13:59:28.500,MO2508-C-7500,2.2,2.0,2.2
2025-08-01,2025-08-01 13:59:29.000,MO2508-C-7500,2.2,2.0,2.2
2025-08-01,2025-08-01 13:59:33.000,MO2508-C-7500,2.2,2.0,2.2
2025-08-01,2025-08-01 13:59:33.500,MO2508-C-7500,2.2,2.0,2.2
2025-08-01,2025-08-01 13:59:36.500,MO2508-C-7500,2.2,2.0,2.2
2025-08-01,2025-08-01 13:59:37.000,MO2508-C-7500,2.2,2.0,2.2
2025-08-01,2025-08-01 13:59:40.000,MO2508-C-7500,2.2,2.0,2.2
2025-08-01,2025-08-01 13:59:40.500,MO2508-C-7500,2.2,1.8,2.2
2025-08-01,2025-08-01 13:59:41.000,MO2508-C-7500,2.2,1.8,2.2
2025-08-01,2025-08-01 13:59:51.500,MO2508-C-7500,2.2,1.8,2.2
2025-08-01,2025-08-01 13:59:52.000,MO2508-C-7500,2.2,1.8,2.2
2025-08-01,2025-08-01 13:59:53.000,MO2508-C-7500,2.2,1.8,2.2
2025-08-01,2025-08-01 14:00:03.000,MO2508-C-7500,2.2,1.8,2.2
2025-08-01,2025-08-01 14:00:06.500,MO2508-C-7500,2.2,1.8,2.2
2025-08-01,2025-08-01 14:00:07.000,MO2508-C-7500,2.2,1.8,2.2
2025-08-01,2025-08-01 14:00:07.500,MO2508-C-7500,2.2,1.8,2.2
2025-08-01,2025-08-01 14:00:08.000,MO2508-C-7500,2.2,1.8,2.2
2025-08-01,2025-08-01 14:00:08.500,MO2508-C-7500,2.2,1.8,2.2
2025-08-01,2025-08-01 14:00:09.000,MO2508-C-7500,2.2,1.8,2.2
2025-08-01,2025-08-01 14:00:16.000,MO2508-C-7500,2.2,1.8,2.2
2025-08-01,2025-08-01 14:00:22.000,MO2508-C-7500,2.2,1.8,2.2
2025-08-01,2025-08-01 14:00:23.000,MO2508-C-7500,2.2,1.8,2.2
2025-08-01,2025-08-01 14:00:31.500,MO2508-C-7500,2.2,1.8,2.2
2025-08-01,2025-08-01 14:00:32.000,MO2508-C-7500,2.2,1.8,2.2
2025-08-01,2025-08-01 14:00:34.000,MO2508-C-7500,2.2,1.8,2.2
2025-08-01,2025-08-01 14:00:36.500,MO2508-C-7500,2.2,1.8,2.2
2025-08-01,2025-08-01 14:00:37.000,MO2508-C-7500,2.2,1.8,2.2
2025-08-01,2025-08-01 14:00:45.000,MO2508-C-7500,2.2,1.8,2.2
2025-08-01,2025-08-01 14:00:48.000,MO2508-C-7500,2.2,1.8,2.2
2025-08-01,2025-08-01 14:00:48.500,MO2508-C-7500,2.2,1.8,2.2
2025-08-01,2025-08-01 14:00:49.000,MO2508-C-7500,2.2,1.8,2.2
2025-08-01,2025-08-01 14:00:49.500,MO2508-C-7500,2.2,1.8,2.2
2025-08-01,2025-08-01 14:00:51.000,MO2508-C-7500,2.2,1.8,2.2
2025-08-01,2025-08-01 14:00:54.500,MO2508-C-7500,2.2,1.8,2.2
2025-08-01,2025-08-01 14:00:55.000,MO2508-C-7500,2.2,1.8,2.2
2025-08-01,2025-08-01 14:00:55.500,MO2508-C-7500,2.2,1.8,2.2
2025-08-01,2025-08-01 14:01:06.500,MO2508-C-7500,2.2,1.8,2.2
2025-08-01,2025-08-01 14:01:07.000,MO2508-C-7500,2.2,1.8,2.2
2025-08-01,2025-08-01 14:01:36.500,MO2508-C-7500,2.2,1.8,2.0
2025-08-01,2025-08-01 14:01:37.000,MO2508-C-7500,2.2,1.8,2.0
2025-08-01,2025-08-01 14:01:37.500,MO2508-C-7500,2.2,1.8,2.0
2025-08-01,2025-08-01 14:02:00.500,MO2508-C-7500,2.2,1.8,2.0
2025-08-01,2025-08-01 14:02:05.000,MO2508-C-7500,2.2,1.8,2.0
2025-08-01,2025-08-01 14:02:06.000,MO2508-C-7500,2.2,1.8,2.0
2025-08-01,2025-08-01 14:02:06.500,MO2508-C-7500,2.2,1.8,2.0
2025-08-01,2025-08-01 14:02:07.000,MO2508-C-7500,2.2,1.8,2.0
2025-08-01,2025-08-01 14:02:10.000,MO2508-C-7500,2.2,1.8,2.0
2025-08-01,2025-08-01 14:02:11.000,MO2508-C-7500,2.2,1.8,2.0
2025-08-01,2025-08-01 14:02:11.500,MO2508-C-7500,2.2,1.8,2.0
2025-08-01,2025-08-01 14:02:17.000,MO2508-C-7500,2.2,1.8,2.0
2025-08-01,2025-08-01 14:02:18.500,MO2508-C-7500,2.2,1.8,2.0
2025-08-01,2025-08-01 14:02:20.000,MO2508-C-7500,2.2,1.8,2.0
2025-08-01,2025-08-01 14:02:36.500,MO2508-C-7500,2.2,1.8,2.0
2025-08-01,2025-08-01 14:02:37.000,MO2508-C-7500,2.2,1.8,2.0
2025-08-01,2025-08-01 14:02:45.500,MO2508-C-7500,2.2,1.8,2.0
2025-08-01,2025-08-01 14:02:47.000,MO2508-C-7500,2.2,1.8,2.0
2025-08-01,2025-08-01 14:02:48.000,MO2508-C-7500,2.2,1.8,2.0
2025-08-01,2025-08-01 14:02:59.500,MO2508-C-7500,2.2,1.8,2.0
2025-08-01,2025-08-01 14:03:01.000,MO2508-C-7500,2.2,1.8,2.0
2025-08-01,2025-08-01 14:03:04.000,MO2508-C-7500,2.2,1.8,2.0
2025-08-01,2025-08-01 14:03:06.500,MO2508-C-7500,2.2,1.8,2.0
2025-08-01,2025-08-01 14:03:07.000,MO2508-C-7500,2.2,1.8,2.0
2025-08-01,2025-08-01 14:03:09.000,MO2508-C-7500,2.2,1.8,2.0
2025-08-01,2025-08-01 14:03:25.000,MO2508-C-7500,2.0,1.8,2.2
2025-08-01,2025-08-01 14:03:25.500,MO2508-C-7500,2.0,1.8,2.2
2025-08-01,2025-08-01 14:03:36.500,MO2508-C-7500,2.0,1.8,2.2
2025-08-01,2025-08-01 14:03:37.000,MO2508-C-7500,2.0,1.8,2.2
2025-08-01,2025-08-01 14:04:06.000,MO2508-C-7500,2.0,1.8,2.2
2025-08-01,2025-08-01 14:04:06.500,MO2508-C-7500,2.0,1.8,2.2
2025-08-01,2025-08-01 14:04:07.000,MO2508-C-7500,2.0,1.8,2.2
2025-08-01,2025-08-01 14:04:09.500,MO2508-C-7500,2.0,1.8,2.2
2025-08-01,2025-08-01 14:04:10.000,MO2508-C-7500,2.0,1.8,2.2
2025-08-01,2025-08-01 14:04:10.500,MO2508-C-7500,2.0,1.8,2.2
2025-08-01,2025-08-01 14:04:12.000,MO2508-C-7500,2.0,1.8,2.2
2025-08-01,2025-08-01 14:04:12.500,MO2508-C-7500,2.0,1.8,2.2
2025-08-01,2025-08-01 14:04:13.000,MO2508-C-7500,2.0,1.8,2.2
2025-08-01,2025-08-01 14:04:35.500,MO2508-C-7500,2.0,1.8,2.2
2025-08-01,2025-08-01 14:04:36.500,MO2508-C-7500,2.0,1.8,2.2
2025-08-01,2025-08-01 14:04:37.000,MO2508-C-7500,2.0,1.8,2.2
2025-08-01,2025-08-01 14:04:42.000,MO2508-C-7500,2.0,1.8,2.2
2025-08-01,2025-08-01 14:05:04.500,MO2508-C-7500,2.0,1.8,2.2
2025-08-01,2025-08-01 14:05:05.000,MO2508-C-7500,2.0,1.8,2.2
2025-08-01,2025-08-01 14:05:06.500,MO2508-C-7500,2.0,1.8,2.2
2025-08-01,2025-08-01 14:05:07.000,MO2508-C-7500,2.0,1.8,2.2
2025-08-01,2025-08-01 14:05:07.500,MO2508-C-7500,2.0,1.8,2.2
2025-08-01,2025-08-01 14:05:08.000,MO2508-C-7500,2.0,1.8,2.2
2025-08-01,2025-08-01 14:05:09.000,MO2508-C-7500,2.0,1.8,2.2
2025-08-01,2025-08-01 14:05:19.500,MO2508-C-7500,2.0,1.8,2.2
2025-08-01,2025-08-01 14:05:20.000,MO2508-C-7500,2.0,1.8,2.2
2025-08-01,2025-08-01 14:05:23.000,MO2508-C-7500,2.0,1.8,2.2
2025-08-01,2025-08-01 14:05:26.000,MO2508-C-7500,2.0,1.8,2.2
2025-08-01,2025-08-01 14:05:28.000,MO2508-C-7500,2.0,1.8,2.2
2025-08-01,2025-08-01 14:05:29.000,MO2508-C-7500,2.0,1.8,2.2
2025-08-01,2025-08-01 14:05:29.500,MO2508-C-7500,2.0,1.8,2.2
2025-08-01,2025-08-01 14:05:36.500,MO2508-C-7500,2.0,1.8,2.2
2025-08-01,2025-08-01 14:05:37.000,MO2508-C-7500,2.0,1.8,2.2
2025-08-01,2025-08-01 14:05:51.500,MO2508-C-7500,2.0,1.8,2.2
2025-08-01,2025-08-01 14:05:52.000,MO2508-C-7500,2.0,1.8,2.2
2025-08-01,2025-08-01 14:05:57.500,MO2508-C-7500,2.0,1.8,2.2
2025-08-01,2025-08-01 14:05:58.000,MO2508-C-7500,2.0,1.8,2.2
2025-08-01,2025-08-01 14:05:58.500,MO2508-C-7500,2.0,1.8,2.2
2025-08-01,2025-08-01 14:06:01.000,MO2508-C-7500,2.0,1.8,2.2
2025-08-01,2025-08-01 14:06:01.500,MO2508-C-7500,2.0,1.8,2.2
2025-08-01,2025-08-01 14:06:06.500,MO2508-C-7500,2.0,1.8,2.2
2025-08-01,2025-08-01 14:06:07.000,MO2508-C-7500,2.0,1.8,2.2
2025-08-01,2025-08-01 14:06:15.000,MO2508-C-7500,2.0,1.8,2.2
2025-08-01,2025-08-01 14:06:36.500,MO2508-C-7500,2.0,1.8,2.2
2025-08-01,2025-08-01 14:06:37.000,MO2508-C-7500,2.0,1.8,2.2
2025-08-01,2025-08-01 14:06:49.500,MO2508-C-7500,2.0,1.8,2.2
2025-08-01,2025-08-01 14:06:50.000,MO2508-C-7500,2.0,1.8,2.2
2025-08-01,2025-08-01 14:06:52.500,MO2508-C-7500,2.0,1.8,2.2
2025-08-01,2025-08-01 14:06:54.500,MO2508-C-7500,2.0,1.8,2.2
2025-08-01,2025-08-01 14:06:55.500,MO2508-C-7500,2.0,1.8,2.2
2025-08-01,2025-08-01 14:07:01.500,MO2508-C-7500,2.0,1.8,2.2
2025-08-01,2025-08-01 14:07:02.500,MO2508-C-7500,2.0,1.8,2.2
2025-08-01,2025-08-01 14:07:03.500,MO2508-C-7500,2.0,1.8,2.2
2025-08-01,2025-08-01 14:07:06.500,MO2508-C-7500,2.0,1.8,2.2
2025-08-01,2025-08-01 14:07:07.000,MO2508-C-7500,2.0,1.8,2.2
2025-08-01,2025-08-01 14:07:07.500,MO2508-C-7500,2.0,1.8,2.2
2025-08-01,2025-08-01 14:07:08.500,MO2508-C-7500,2.0,1.8,2.2
2025-08-01,2025-08-01 14:07:10.000,MO2508-C-7500,2.0,1.8,2.2
2025-08-01,2025-08-01 14:07:11.500,MO2508-C-7500,2.0,2.0,2.2
2025-08-01,2025-08-01 14:07:12.000,MO2508-C-7500,2.0,2.0,2.2
2025-08-01,2025-08-01 14:07:12.500,MO2508-C-7500,2.0,2.0,2.2
2025-08-01,2025-08-01 14:07:19.000,MO2508-C-7500,2.0,2.0,2.2
2025-08-01,2025-08-01 14:07:19.500,MO2508-C-7500,2.0,2.0,2.2
2025-08-01,2025-08-01 14:07:22.500,MO2508-C-7500,2.0,2.0,2.2
2025-08-01,2025-08-01 14:07:23.000,MO2508-C-7500,2.0,1.8,2.2
2025-08-01,2025-08-01 14:07:23.500,MO2508-C-7500,2.0,1.8,2.2
2025-08-01,2025-08-01 14:07:24.500,MO2508-C-7500,2.0,1.8,2.2
2025-08-01,2025-08-01 14:07:34.000,MO2508-C-7500,2.0,1.8,2.2
2025-08-01,2025-08-01 14:07:34.500,MO2508-C-7500,2.0,1.8,2.2
2025-08-01,2025-08-01 14:07:36.500,MO2508-C-7500,2.0,1.8,2.2
2025-08-01,2025-08-01 14:07:37.000,MO2508-C-7500,2.0,1.8,2.2
2025-08-01,2025-08-01 14:07:39.500,MO2508-C-7500,2.0,1.8,2.2
2025-08-01,2025-08-01 14:08:02.000,MO2508-C-7500,2.0,1.8,2.2
2025-08-01,2025-08-01 14:08:06.500,MO2508-C-7500,2.0,1.8,2.2
2025-08-01,2025-08-01 14:08:07.000,MO2508-C-7500,2.0,1.8,2.2
2025-08-01,2025-08-01 14:08:09.000,MO2508-C-7500,2.0,1.8,2.2
2025-08-01,2025-08-01 14:08:09.500,MO2508-C-7500,2.0,1.8,2.2
2025-08-01,2025-08-01 14:08:10.000,MO2508-C-7500,2.0,2.0,2.2
2025-08-01,2025-08-01 14:08:10.500,MO2508-C-7500,2.0,2.0,2.2
2025-08-01,2025-08-01 14:08:13.000,MO2508-C-7500,2.0,2.0,2.2
2025-08-01,2025-08-01 14:08:13.500,MO2508-C-7500,2.0,2.0,2.2
2025-08-01,2025-08-01 14:08:14.000,MO2508-C-7500,2.0,2.0,2.2
2025-08-01,2025-08-01 14:08:19.000,MO2508-C-7500,2.0,2.0,2.2
2025-08-01,2025-08-01 14:08:19.500,MO2508-C-7500,2.0,1.8,2.2
2025-08-01,2025-08-01 14:08:20.000,MO2508-C-7500,2.0,1.8,2.2
2025-08-01,2025-08-01 14:08:21.000,MO2508-C-7500,2.0,1.8,2.2
2025-08-01,2025-08-01 14:08:30.500,MO2508-C-7500,2.0,1.8,2.2
2025-08-01,2025-08-01 14:08:31.000,MO2508-C-7500,2.0,1.8,2.2
2025-08-01,2025-08-01 14:08:36.000,MO2508-C-7500,2.0,1.8,2.0
2025-08-01,2025-08-01 14:08:36.500,MO2508-C-7500,2.0,1.8,2.0
2025-08-01,2025-08-01 14:08:37.000,MO2508-C-7500,2.0,1.8,2.0
2025-08-01,2025-08-01 14:08:43.500,MO2508-C-7500,2.0,1.8,2.0
2025-08-01,2025-08-01 14:08:58.500,MO2508-C-7500,2.0,1.8,2.0
2025-08-01,2025-08-01 14:09:06.500,MO2508-C-7500,2.0,1.8,2.0
2025-08-01,2025-08-01 14:09:07.000,MO2508-C-7500,2.0,1.8,2.0
2025-08-01,2025-08-01 14:09:17.000,MO2508-C-7500,2.0,1.8,2.0
2025-08-01,2025-08-01 14:09:32.000,MO2508-C-7500,2.0,1.8,2.0
2025-08-01,2025-08-01 14:09:36.500,MO2508-C-7500,2.0,1.8,2.0
2025-08-01,2025-08-01 14:09:37.000,MO2508-C-7500,2.0,1.8,2.0
2025-08-01,2025-08-01 14:09:44.000,MO2508-C-7500,2.0,1.8,2.0
2025-08-01,2025-08-01 14:09:47.000,MO2508-C-7500,2.0,1.8,2.0
2025-08-01,2025-08-01 14:09:47.500,MO2508-C-7500,2.0,1.8,2.0
2025-08-01,2025-08-01 14:09:49.500,MO2508-C-7500,2.0,1.8,2.0
2025-08-01,2025-08-01 14:09:50.000,MO2508-C-7500,2.0,1.8,2.0
2025-08-01,2025-08-01 14:09:50.500,MO2508-C-7500,2.0,1.8,2.0
2025-08-01,2025-08-01 14:10:06.500,MO2508-C-7500,2.0,1.8,2.0
2025-08-01,2025-08-01 14:10:07.000,MO2508-C-7500,2.0,1.8,2.0
2025-08-01,2025-08-01 14:10:08.000,MO2508-C-7500,2.0,1.8,2.0
2025-08-01,2025-08-01 14:10:23.000,MO2508-C-7500,2.0,1.8,2.0
2025-08-01,2025-08-01 14:10:23.500,MO2508-C-7500,2.0,1.8,2.0
2025-08-01,2025-08-01 14:10:36.500,MO2508-C-7500,2.0,1.8,2.0
2025-08-01,2025-08-01 14:10:37.000,MO2508-C-7500,2.0,1.8,2.0
2025-08-01,2025-08-01 14:11:04.000,MO2508-C-7500,2.0,1.8,2.0
2025-08-01,2025-08-01 14:11:05.000,MO2508-C-7500,2.0,1.8,2.0
2025-08-01,2025-08-01 14:11:06.500,MO2508-C-7500,2.0,1.8,2.0
2025-08-01,2025-08-01 14:11:07.000,MO2508-C-7500,2.0,1.8,2.0
2025-08-01,2025-08-01 14:11:36.500,MO2508-C-7500,2.0,1.8,2.0
2025-08-01,2025-08-01 14:11:37.000,MO2508-C-7500,2.0,1.8,2.0
2025-08-01,2025-08-01 14:11:49.500,MO2508-C-7500,2.0,1.8,2.0
2025-08-01,2025-08-01 14:12:03.500,MO2508-C-7500,2.0,1.8,2.0
2025-08-01,2025-08-01 14:12:06.500,MO2508-C-7500,2.0,1.8,2.0
2025-08-01,2025-08-01 14:12:07.000,MO2508-C-7500,2.0,1.8,2.0
2025-08-01,2025-08-01 14:12:31.500,MO2508-C-7500,2.0,1.8,2.0
2025-08-01,2025-08-01 14:12:32.500,MO2508-C-7500,2.0,1.8,2.0
2025-08-01,2025-08-01 14:12:36.500,MO2508-C-7500,2.0,1.8,2.0
2025-08-01,2025-08-01 14:12:37.000,MO2508-C-7500,2.0,1.8,2.0
2025-08-01,2025-08-01 14:12:43.500,MO2508-C-7500,2.0,1.8,2.0
2025-08-01,2025-08-01 14:12:44.500,MO2508-C-7500,2.0,1.8,2.0
2025-08-01,2025-08-01 14:13:06.500,MO2508-C-7500,2.0,1.8,2.0
2025-08-01,2025-08-01 14:13:07.000,MO2508-C-7500,2.0,1.8,2.0
2025-08-01,2025-08-01 14:13:27.500,MO2508-C-7500,2.0,2.0,2.2
2025-08-01,2025-08-01 14:13:28.000,MO2508-C-7500,2.0,2.0,2.2
2025-08-01,2025-08-01 14:13:29.000,MO2508-C-7500,2.0,2.0,2.2
2025-08-01,2025-08-01 14:13:29.500,MO2508-C-7500,2.0,2.0,2.2
2025-08-01,2025-08-01 14:13:32.000,MO2508-C-7500,2.0,2.0,2.2
2025-08-01,2025-08-01 14:13:32.500,MO2508-C-7500,2.0,2.0,2.2
2025-08-01,2025-08-01 14:13:36.500,MO2508-C-7500,2.0,2.0,2.2
2025-08-01,2025-08-01 14:13:37.000,MO2508-C-7500,2.0,2.0,2.2
2025-08-01,2025-08-01 14:13:42.500,MO2508-C-7500,2.0,2.0,2.2
2025-08-01,2025-08-01 14:14:03.000,MO2508-C-7500,2.0,2.0,2.2
2025-08-01,2025-08-01 14:14:03.500,MO2508-C-7500,2.0,2.0,2.2
2025-08-01,2025-08-01 14:14:04.000,MO2508-C-7500,2.0,2.0,2.2
2025-08-01,2025-08-01 14:14:06.500,MO2508-C-7500,2.0,2.0,2.2
2025-08-01,2025-08-01 14:14:07.000,MO2508-C-7500,2.0,2.0,2.2
2025-08-01,2025-08-01 14:14:11.500,MO2508-C-7500,2.0,2.0,2.2
2025-08-01,2025-08-01 14:14:12.000,MO2508-C-7500,2.0,2.0,2.2
2025-08-01,2025-08-01 14:14:12.500,MO2508-C-7500,2.0,2.0,2.2
2025-08-01,2025-08-01 14:14:13.000,MO2508-C-7500,2.0,2.0,2.2
2025-08-01,2025-08-01 14:14:14.500,MO2508-C-7500,2.0,2.0,2.2
2025-08-01,2025-08-01 14:14:15.000,MO2508-C-7500,2.0,2.0,2.2
2025-08-01,2025-08-01 14:14:15.500,MO2508-C-7500,2.0,2.0,2.2
2025-08-01,2025-08-01 14:14:16.000,MO2508-C-7500,2.0,2.0,2.2
2025-08-01,2025-08-01 14:14:16.500,MO2508-C-7500,2.0,2.0,2.2
2025-08-01,2025-08-01 14:14:17.000,MO2508-C-7500,2.0,2.0,2.2
2025-08-01,2025-08-01 14:14:17.500,MO2508-C-7500,2.0,2.0,2.2
2025-08-01,2025-08-01 14:14:18.000,MO2508-C-7500,2.0,2.0,2.2
2025-08-01,2025-08-01 14:14:18.500,MO2508-C-7500,2.0,2.0,2.2
2025-08-01,2025-08-01 14:14:19.000,MO2508-C-7500,2.0,2.0,2.2
2025-08-01,2025-08-01 14:14:25.500,MO2508-C-7500,2.0,2.0,2.2
2025-08-01,2025-08-01 14:14:28.500,MO2508-C-7500,2.0,2.0,2.2
2025-08-01,2025-08-01 14:14:30.000,MO2508-C-7500,2.0,2.0,2.2
2025-08-01,2025-08-01 14:14:30.500,MO2508-C-7500,2.0,2.0,2.2
2025-08-01,2025-08-01 14:14:31.000,MO2508-C-7500,2.0,2.0,2.2
2025-08-01,2025-08-01 14:14:36.500,MO2508-C-7500,2.0,2.0,2.2
2025-08-01,2025-08-01 14:14:37.000,MO2508-C-7500,2.0,2.0,2.2
2025-08-01,2025-08-01 14:14:39.500,MO2508-C-7500,2.0,2.0,2.2
2025-08-01,2025-08-01 14:14:40.000,MO2508-C-7500,2.0,2.0,2.2
2025-08-01,2025-08-01 14:15:00.000,MO2508-C-7500,2.0,2.0,2.2
2025-08-01,2025-08-01 14:15:06.500,MO2508-C-7500,2.0,2.0,2.2
2025-08-01,2025-08-01 14:15:07.000,MO2508-C-7500,2.0,2.0,2.2
2025-08-01,2025-08-01 14:15:23.500,MO2508-C-7500,2.0,2.0,2.2
2025-08-01,2025-08-01 14:15:36.500,MO2508-C-7500,2.0,2.0,2.2
2025-08-01,2025-08-01 14:15:37.000,MO2508-C-7500,2.0,2.0,2.2
2025-08-01,2025-08-01 14:15:41.000,MO2508-C-7500,2.0,2.0,2.2
2025-08-01,2025-08-01 14:15:41.500,MO2508-C-7500,2.0,2.0,2.2
2025-08-01,2025-08-01 14:15:42.000,MO2508-C-7500,2.0,2.0,2.2
2025-08-01,2025-08-01 14:15:46.000,MO2508-C-7500,2.0,2.0,2.2
2025-08-01,2025-08-01 14:15:46.500,MO2508-C-7500,2.0,2.0,2.2
2025-08-01,2025-08-01 14:16:06.500,MO2508-C-7500,2.0,2.0,2.2
2025-08-01,2025-08-01 14:16:07.000,MO2508-C-7500,2.0,2.0,2.2
2025-08-01,2025-08-01 14:16:07.500,MO2508-C-7500,2.0,2.0,2.2
2025-08-01,2025-08-01 14:16:08.500,MO2508-C-7500,2.0,2.0,2.2
2025-08-01,2025-08-01 14:16:09.500,MO2508-C-7500,2.0,2.0,2.2
2025-08-01,2025-08-01 14:16:22.000,MO2508-C-7500,2.0,2.0,2.2
2025-08-01,2025-08-01 14:16:22.500,MO2508-C-7500,2.0,2.0,2.2
2025-08-01,2025-08-01 14:16:23.000,MO2508-C-7500,2.0,2.0,2.2
2025-08-01,2025-08-01 14:16:31.000,MO2508-C-7500,2.0,2.0,2.2
2025-08-01,2025-08-01 14:16:31.500,MO2508-C-7500,2.0,2.0,2.2
2025-08-01,2025-08-01 14:16:32.000,MO2508-C-7500,2.0,2.0,2.2
2025-08-01,2025-08-01 14:16:32.500,MO2508-C-7500,2.0,2.0,2.2
2025-08-01,2025-08-01 14:16:36.500,MO2508-C-7500,2.0,2.0,2.2
2025-08-01,2025-08-01 14:16:37.000,MO2508-C-7500,2.0,2.0,2.2
2025-08-01,2025-08-01 14:16:37.500,MO2508-C-7500,2.0,2.0,2.2
2025-08-01,2025-08-01 14:16:42.000,MO2508-C-7500,2.0,2.0,2.2
2025-08-01,2025-08-01 14:16:54.000,MO2508-C-7500,2.0,2.0,2.2
2025-08-01,2025-08-01 14:16:54.500,MO2508-C-7500,2.0,2.0,2.2
2025-08-01,2025-08-01 14:17:00.500,MO2508-C-7500,2.0,2.0,2.2
2025-08-01,2025-08-01 14:17:01.000,MO2508-C-7500,2.0,2.0,2.2
2025-08-01,2025-08-01 14:17:06.500,MO2508-C-7500,2.0,2.0,2.2
2025-08-01,2025-08-01 14:17:07.000,MO2508-C-7500,2.0,2.0,2.2
2025-08-01,2025-08-01 14:17:12.000,MO2508-C-7500,2.0,2.0,2.2
2025-08-01,2025-08-01 14:17:12.500,MO2508-C-7500,2.0,2.0,2.2
2025-08-01,2025-08-01 14:17:13.000,MO2508-C-7500,2.0,2.0,2.2
2025-08-01,2025-08-01 14:17:15.000,MO2508-C-7500,2.0,2.0,2.2
2025-08-01,2025-08-01 14:17:15.500,MO2508-C-7500,2.0,2.0,2.2
2025-08-01,2025-08-01 14:17:26.500,MO2508-C-7500,2.0,2.0,2.2
2025-08-01,2025-08-01 14:17:36.500,MO2508-C-7500,2.0,2.0,2.2
2025-08-01,2025-08-01 14:17:37.000,MO2508-C-7500,2.0,2.0,2.2
2025-08-01,2025-08-01 14:17:37.500,MO2508-C-7500,2.0,2.0,2.2
2025-08-01,2025-08-01 14:17:38.000,MO2508-C-7500,2.0,2.0,2.2
2025-08-01,2025-08-01 14:17:38.500,MO2508-C-7500,2.0,2.0,2.2
2025-08-01,2025-08-01 14:17:43.500,MO2508-C-7500,2.0,2.0,2.2
2025-08-01,2025-08-01 14:17:49.500,MO2508-C-7500,2.0,2.0,2.2
2025-08-01,2025-08-01 14:17:50.000,MO2508-C-7500,2.0,2.0,2.2
2025-08-01,2025-08-01 14:17:50.500,MO2508-C-7500,2.0,2.0,2.2
2025-08-01,2025-08-01 14:17:52.500,MO2508-C-7500,2.0,2.0,2.2
2025-08-01,2025-08-01 14:17:53.000,MO2508-C-7500,2.0,2.0,2.2
2025-08-01,2025-08-01 14:18:06.500,MO2508-C-7500,2.0,2.0,2.2
2025-08-01,2025-08-01 14:18:07.000,MO2508-C-7500,2.0,2.0,2.2
2025-08-01,2025-08-01 14:18:36.500,MO2508-C-7500,2.0,2.0,2.2
2025-08-01,2025-08-01 14:18:37.000,MO2508-C-7500,2.0,2.0,2.2
2025-08-01,2025-08-01 14:18:37.500,MO2508-C-7500,2.0,2.0,2.2
2025-08-01,2025-08-01 14:18:58.500,MO2508-C-7500,2.0,2.0,2.2
2025-08-01,2025-08-01 14:18:59.000,MO2508-C-7500,2.0,2.0,2.2
2025-08-01,2025-08-01 14:19:00.500,MO2508-C-7500,2.0,2.0,2.2
2025-08-01,2025-08-01 14:19:01.000,MO2508-C-7500,2.0,2.0,2.2
2025-08-01,2025-08-01 14:19:01.500,MO2508-C-7500,2.0,2.0,2.2
2025-08-01,2025-08-01 14:19:06.000,MO2508-C-7500,2.0,2.0,2.2
2025-08-01,2025-08-01 14:19:06.500,MO2508-C-7500,2.0,2.0,2.2
2025-08-01,2025-08-01 14:19:07.000,MO2508-C-7500,2.0,2.0,2.2
2025-08-01,2025-08-01 14:19:12.500,MO2508-C-7500,2.0,2.0,2.2
2025-08-01,2025-08-01 14:19:13.000,MO2508-C-7500,2.0,2.0,2.2
2025-08-01,2025-08-01 14:19:14.000,MO2508-C-7500,2.0,2.0,2.2
2025-08-01,2025-08-01 14:19:15.000,MO2508-C-7500,2.0,2.0,2.2
2025-08-01,2025-08-01 14:19:24.000,MO2508-C-7500,2.0,2.0,2.2
2025-08-01,2025-08-01 14:19:32.000,MO2508-C-7500,2.0,2.0,2.2
2025-08-01,2025-08-01 14:19:33.500,MO2508-C-7500,2.0,2.0,2.2
2025-08-01,2025-08-01 14:19:34.500,MO2508-C-7500,2.0,2.0,2.2
2025-08-01,2025-08-01 14:19:36.500,MO2508-C-7500,2.0,2.0,2.2
2025-08-01,2025-08-01 14:19:37.000,MO2508-C-7500,2.0,2.0,2.2
2025-08-01,2025-08-01 14:19:42.000,MO2508-C-7500,2.0,2.0,2.2
2025-08-01,2025-08-01 14:19:42.500,MO2508-C-7500,2.0,2.0,2.2
2025-08-01,2025-08-01 14:19:43.000,MO2508-C-7500,2.0,2.0,2.2
2025-08-01,2025-08-01 14:19:43.500,MO2508-C-7500,2.0,2.0,2.2
2025-08-01,2025-08-01 14:19:44.000,MO2508-C-7500,2.0,2.0,2.2
2025-08-01,2025-08-01 14:19:46.000,MO2508-C-7500,2.0,2.0,2.2
2025-08-01,2025-08-01 14:19:46.500,MO2508-C-7500,2.0,2.0,2.2
2025-08-01,2025-08-01 14:19:47.000,MO2508-C-7500,2.0,2.0,2.2
2025-08-01,2025-08-01 14:20:03.500,MO2508-C-7500,2.0,2.0,2.2
2025-08-01,2025-08-01 14:20:04.000,MO2508-C-7500,2.0,2.0,2.2
2025-08-01,2025-08-01 14:20:06.500,MO2508-C-7500,2.0,2.0,2.2
2025-08-01,2025-08-01 14:20:07.000,MO2508-C-7500,2.0,2.0,2.2
2025-08-01,2025-08-01 14:20:13.000,MO2508-C-7500,2.0,2.0,2.2
2025-08-01,2025-08-01 14:20:13.500,MO2508-C-7500,2.0,2.0,2.2
2025-08-01,2025-08-01 14:20:14.000,MO2508-C-7500,2.0,2.0,2.2
2025-08-01,2025-08-01 14:20:14.500,MO2508-C-7500,2.0,2.0,2.2
2025-08-01,2025-08-01 14:20:15.000,MO2508-C-7500,2.0,2.0,2.2
2025-08-01,2025-08-01 14:20:15.500,MO2508-C-7500,2.0,2.0,2.2
2025-08-01,2025-08-01 14:20:16.000,MO2508-C-7500,2.0,2.0,2.2
2025-08-01,2025-08-01 14:20:16.500,MO2508-C-7500,2.0,2.0,2.2
2025-08-01,2025-08-01 14:20:36.500,MO2508-C-7500,2.0,2.0,2.2
2025-08-01,2025-08-01 14:20:37.000,MO2508-C-7500,2.0,2.0,2.2
2025-08-01,2025-08-01 14:20:51.000,MO2508-C-7500,2.0,2.0,2.2
2025-08-01,2025-08-01 14:20:52.500,MO2508-C-7500,2.0,2.0,2.2
2025-08-01,2025-08-01 14:20:53.000,MO2508-C-7500,2.0,2.0,2.2
2025-08-01,2025-08-01 14:21:00.500,MO2508-C-7500,2.0,2.0,2.2
2025-08-01,2025-08-01 14:21:01.000,MO2508-C-7500,2.0,2.0,2.2
2025-08-01,2025-08-01 14:21:02.000,MO2508-C-7500,2.0,2.0,2.2
2025-08-01,2025-08-01 14:21:06.500,MO2508-C-7500,2.0,2.0,2.2
2025-08-01,2025-08-01 14:21:07.000,MO2508-C-7500,2.0,2.0,2.2
2025-08-01,2025-08-01 14:21:11.500,MO2508-C-7500,2.0,2.0,2.2
2025-08-01,2025-08-01 14:21:12.000,MO2508-C-7500,2.0,2.0,2.2
2025-08-01,2025-08-01 14:21:30.500,MO2508-C-7500,2.0,2.0,2.2
2025-08-01,2025-08-01 14:21:31.000,MO2508-C-7500,2.0,2.0,2.2
2025-08-01,2025-08-01 14:21:31.500,MO2508-C-7500,2.0,2.0,2.2
2025-08-01,2025-08-01 14:21:36.000,MO2508-C-7500,2.0,2.0,2.2
2025-08-01,2025-08-01 14:21:36.500,MO2508-C-7500,2.0,2.0,2.2
2025-08-01,2025-08-01 14:21:37.000,MO2508-C-7500,2.0,2.0,2.2
2025-08-01,2025-08-01 14:21:42.500,MO2508-C-7500,2.2,2.0,2.2
2025-08-01,2025-08-01 14:21:43.000,MO2508-C-7500,2.2,2.0,2.2
2025-08-01,2025-08-01 14:21:47.500,MO2508-C-7500,2.2,2.0,2.2
2025-08-01,2025-08-01 14:21:48.000,MO2508-C-7500,2.2,2.0,2.2
2025-08-01,2025-08-01 14:21:48.500,MO2508-C-7500,2.2,2.0,2.2
2025-08-01,2025-08-01 14:21:49.000,MO2508-C-7500,2.2,2.0,2.2
2025-08-01,2025-08-01 14:22:06.500,MO2508-C-7500,2.2,2.0,2.2
2025-08-01,2025-08-01 14:22:07.000,MO2508-C-7500,2.2,2.0,2.2
2025-08-01,2025-08-01 14:22:11.500,MO2508-C-7500,2.2,2.0,2.2
2025-08-01,2025-08-01 14:22:12.500,MO2508-C-7500,2.2,2.0,2.2
2025-08-01,2025-08-01 14:22:13.000,MO2508-C-7500,2.2,2.0,2.2
2025-08-01,2025-08-01 14:22:13.500,MO2508-C-7500,2.2,2.0,2.2
2025-08-01,2025-08-01 14:22:14.000,MO2508-C-7500,2.2,2.0,2.2
2025-08-01,2025-08-01 14:22:26.500,MO2508-C-7500,2.2,2.0,2.2
2025-08-01,2025-08-01 14:22:27.000,MO2508-C-7500,2.2,2.0,2.2
2025-08-01,2025-08-01 14:22:27.500,MO2508-C-7500,2.2,2.0,2.2
2025-08-01,2025-08-01 14:22:34.500,MO2508-C-7500,2.2,2.0,2.2
2025-08-01,2025-08-01 14:22:36.500,MO2508-C-7500,2.2,2.0,2.2
2025-08-01,2025-08-01 14:22:37.000,MO2508-C-7500,2.2,2.0,2.2
2025-08-01,2025-08-01 14:22:44.000,MO2508-C-7500,2.2,2.0,2.2
2025-08-01,2025-08-01 14:22:44.500,MO2508-C-7500,2.2,2.0,2.2
2025-08-01,2025-08-01 14:22:45.000,MO2508-C-7500,2.2,2.0,2.2
2025-08-01,2025-08-01 14:22:45.500,MO2508-C-7500,2.2,2.0,2.2
2025-08-01,2025-08-01 14:22:46.000,MO2508-C-7500,2.2,2.0,2.2
2025-08-01,2025-08-01 14:22:46.500,MO2508-C-7500,2.2,2.0,2.2
2025-08-01,2025-08-01 14:22:59.000,MO2508-C-7500,2.2,2.0,2.2
2025-08-01,2025-08-01 14:22:59.500,MO2508-C-7500,2.2,2.0,2.2
2025-08-01,2025-08-01 14:23:00.000,MO2508-C-7500,2.2,2.0,2.2
2025-08-01,2025-08-01 14:23:04.500,MO2508-C-7500,2.2,2.0,2.2
2025-08-01,2025-08-01 14:23:05.000,MO2508-C-7500,2.2,2.0,2.2
2025-08-01,2025-08-01 14:23:05.500,MO2508-C-7500,2.2,2.0,2.2
2025-08-01,2025-08-01 14:23:06.000,MO2508-C-7500,2.2,2.0,2.2
2025-08-01,2025-08-01 14:23:06.500,MO2508-C-7500,2.2,2.0,2.2
2025-08-01,2025-08-01 14:23:07.000,MO2508-C-7500,2.2,2.0,2.2
2025-08-01,2025-08-01 14:23:07.500,MO2508-C-7500,2.2,2.0,2.2
2025-08-01,2025-08-01 14:23:08.000,MO2508-C-7500,2.2,2.0,2.2
2025-08-01,2025-08-01 14:23:36.500,MO2508-C-7500,2.2,2.0,2.2
2025-08-01,2025-08-01 14:23:37.000,MO2508-C-7500,2.2,2.0,2.2
2025-08-01,2025-08-01 14:23:48.000,MO2508-C-7500,2.2,2.0,2.2
2025-08-01,2025-08-01 14:23:48.500,MO2508-C-7500,2.2,2.0,2.2
2025-08-01,2025-08-01 14:24:05.000,MO2508-C-7500,2.2,2.2,2.4
2025-08-01,2025-08-01 14:24:05.500,MO2508-C-7500,2.2,2.2,2.4
2025-08-01,2025-08-01 14:24:06.000,MO2508-C-7500,2.2,2.2,2.4
2025-08-01,2025-08-01 14:24:06.500,MO2508-C-7500,2.2,2.2,2.4
2025-08-01,2025-08-01 14:24:07.000,MO2508-C-7500,2.2,2.2,2.4
2025-08-01,2025-08-01 14:24:08.000,MO2508-C-7500,2.2,2.2,2.4
2025-08-01,2025-08-01 14:24:12.000,MO2508-C-7500,2.2,2.2,2.4
2025-08-01,2025-08-01 14:24:12.500,MO2508-C-7500,2.2,2.2,2.4
2025-08-01,2025-08-01 14:24:13.000,MO2508-C-7500,2.2,2.2,2.4
2025-08-01,2025-08-01 14:24:14.000,MO2508-C-7500,2.2,2.2,2.4
2025-08-01,2025-08-01 14:24:14.500,MO2508-C-7500,2.2,2.2,2.4
2025-08-01,2025-08-01 14:24:16.000,MO2508-C-7500,2.2,2.2,2.4
2025-08-01,2025-08-01 14:24:16.500,MO2508-C-7500,2.2,2.2,2.4
2025-08-01,2025-08-01 14:24:17.000,MO2508-C-7500,2.2,2.2,2.4
2025-08-01,2025-08-01 14:24:21.500,MO2508-C-7500,2.2,2.2,2.4
2025-08-01,2025-08-01 14:24:22.000,MO2508-C-7500,2.2,2.2,2.4
2025-08-01,2025-08-01 14:24:25.500,MO2508-C-7500,2.2,2.2,2.4
2025-08-01,2025-08-01 14:24:26.000,MO2508-C-7500,2.2,2.2,2.4
2025-08-01,2025-08-01 14:24:36.500,MO2508-C-7500,2.2,2.2,2.4
2025-08-01,2025-08-01 14:24:37.000,MO2508-C-7500,2.2,2.2,2.4
2025-08-01,2025-08-01 14:24:38.000,MO2508-C-7500,2.2,2.2,2.4
2025-08-01,2025-08-01 14:24:38.500,MO2508-C-7500,2.2,2.2,2.4
2025-08-01,2025-08-01 14:24:40.000,MO2508-C-7500,2.2,2.2,2.4
2025-08-01,2025-08-01 14:24:41.500,MO2508-C-7500,2.2,2.2,2.4
2025-08-01,2025-08-01 14:24:44.500,MO2508-C-7500,2.2,2.2,2.4
2025-08-01,2025-08-01 14:24:45.000,MO2508-C-7500,2.2,2.2,2.4
2025-08-01,2025-08-01 14:24:48.500,MO2508-C-7500,2.2,2.2,2.4
2025-08-01,2025-08-01 14:24:50.000,MO2508-C-7500,2.2,2.2,2.4
2025-08-01,2025-08-01 14:24:51.000,MO2508-C-7500,2.2,2.2,2.4
2025-08-01,2025-08-01 14:25:01.500,MO2508-C-7500,2.2,2.2,2.4
2025-08-01,2025-08-01 14:25:02.000,MO2508-C-7500,2.2,2.2,2.4
2025-08-01,2025-08-01 14:25:06.500,MO2508-C-7500,2.2,2.2,2.4
2025-08-01,2025-08-01 14:25:07.000,MO2508-C-7500,2.2,2.2,2.4
2025-08-01,2025-08-01 14:25:08.000,MO2508-C-7500,2.2,2.2,2.4
2025-08-01,2025-08-01 14:25:20.500,MO2508-C-7500,2.2,2.2,2.4
2025-08-01,2025-08-01 14:25:21.000,MO2508-C-7500,2.2,2.2,2.4
2025-08-01,2025-08-01 14:25:21.500,MO2508-C-7500,2.2,2.2,2.4
2025-08-01,2025-08-01 14:25:22.000,MO2508-C-7500,2.2,2.2,2.4
2025-08-01,2025-08-01 14:25:22.500,MO2508-C-7500,2.2,2.2,2.4
2025-08-01,2025-08-01 14:25:23.500,MO2508-C-7500,2.2,2.2,2.4
2025-08-01,2025-08-01 14:25:24.000,MO2508-C-7500,2.2,2.2,2.4
2025-08-01,2025-08-01 14:25:24.500,MO2508-C-7500,2.2,2.2,2.4
2025-08-01,2025-08-01 14:25:25.500,MO2508-C-7500,2.2,2.2,2.4
2025-08-01,2025-08-01 14:25:26.000,MO2508-C-7500,2.2,2.2,2.4
2025-08-01,2025-08-01 14:25:36.500,MO2508-C-7500,2.2,2.2,2.4
2025-08-01,2025-08-01 14:25:37.000,MO2508-C-7500,2.2,2.2,2.4
2025-08-01,2025-08-01 14:25:41.500,MO2508-C-7500,2.2,2.2,2.4
2025-08-01,2025-08-01 14:25:42.000,MO2508-C-7500,2.2,2.2,2.4
2025-08-01,2025-08-01 14:25:43.500,MO2508-C-7500,2.2,2.2,2.6
2025-08-01,2025-08-01 14:25:44.000,MO2508-C-7500,2.2,2.2,2.6
2025-08-01,2025-08-01 14:25:44.500,MO2508-C-7500,2.2,2.2,2.6
2025-08-01,2025-08-01 14:25:45.000,MO2508-C-7500,2.2,2.2,2.4
2025-08-01,2025-08-01 14:25:45.500,MO2508-C-7500,2.2,2.2,2.4
2025-08-01,2025-08-01 14:25:46.000,MO2508-C-7500,2.2,2.2,2.4
2025-08-01,2025-08-01 14:25:57.000,MO2508-C-7500,2.4,2.2,2.6
2025-08-01,2025-08-01 14:25:57.500,MO2508-C-7500,2.4,2.2,2.6
2025-08-01,2025-08-01 14:25:58.000,MO2508-C-7500,2.4,2.2,2.6
2025-08-01,2025-08-01 14:26:03.000,MO2508-C-7500,2.4,2.2,2.6
2025-08-01,2025-08-01 14:26:06.500,MO2508-C-7500,2.4,2.2,2.6
2025-08-01,2025-08-01 14:26:07.000,MO2508-C-7500,2.4,2.2,2.6
2025-08-01,2025-08-01 14:26:27.000,MO2508-C-7500,2.4,2.2,2.6
2025-08-01,2025-08-01 14:26:27.500,MO2508-C-7500,2.4,2.2,2.6
2025-08-01,2025-08-01 14:26:30.500,MO2508-C-7500,2.4,2.2,2.4
2025-08-01,2025-08-01 14:26:31.000,MO2508-C-7500,2.4,2.2,2.4
2025-08-01,2025-08-01 14:26:31.500,MO2508-C-7500,2.4,2.2,2.4
2025-08-01,2025-08-01 14:26:36.500,MO2508-C-7500,2.4,2.2,2.4
2025-08-01,2025-08-01 14:26:37.000,MO2508-C-7500,2.4,2.2,2.4
2025-08-01,2025-08-01 14:26:38.000,MO2508-C-7500,2.4,2.2,2.4
2025-08-01,2025-08-01 14:26:38.500,MO2508-C-7500,2.4,2.2,2.4
2025-08-01,2025-08-01 14:26:39.000,MO2508-C-7500,2.4,2.2,2.4
2025-08-01,2025-08-01 14:26:40.000,MO2508-C-7500,2.4,2.2,2.4
2025-08-01,2025-08-01 14:27:06.500,MO2508-C-7500,2.4,2.2,2.4
2025-08-01,2025-08-01 14:27:07.000,MO2508-C-7500,2.4,2.2,2.4
2025-08-01,2025-08-01 14:27:12.000,MO2508-C-7500,2.4,2.2,2.4
2025-08-01,2025-08-01 14:27:21.500,MO2508-C-7500,2.4,2.2,2.4
2025-08-01,2025-08-01 14:27:36.500,MO2508-C-7500,2.4,2.2,2.4
2025-08-01,2025-08-01 14:27:37.000,MO2508-C-7500,2.4,2.2,2.4
2025-08-01,2025-08-01 14:28:02.500,MO2508-C-7500,2.4,2.2,2.4
2025-08-01,2025-08-01 14:28:06.500,MO2508-C-7500,2.4,2.2,2.4
2025-08-01,2025-08-01 14:28:07.000,MO2508-C-7500,2.4,2.2,2.4
2025-08-01,2025-08-01 14:28:09.500,MO2508-C-7500,2.4,2.2,2.4
2025-08-01,2025-08-01 14:28:30.500,MO2508-C-7500,2.4,2.2,2.4
2025-08-01,2025-08-01 14:28:36.500,MO2508-C-7500,2.4,2.2,2.4
2025-08-01,2025-08-01 14:28:37.000,MO2508-C-7500,2.4,2.2,2.4
2025-08-01,2025-08-01 14:28:37.500,MO2508-C-7500,2.4,2.2,2.4
2025-08-01,2025-08-01 14:28:38.000,MO2508-C-7500,2.4,2.2,2.4
2025-08-01,2025-08-01 14:28:38.500,MO2508-C-7500,2.4,2.2,2.4
2025-08-01,2025-08-01 14:28:39.000,MO2508-C-7500,2.4,2.2,2.4
2025-08-01,2025-08-01 14:28:39.500,MO2508-C-7500,2.4,2.2,2.4
2025-08-01,2025-08-01 14:28:41.000,MO2508-C-7500,2.4,2.2,2.4
2025-08-01,2025-08-01 14:28:41.500,MO2508-C-7500,2.4,2.2,2.4
2025-08-01,2025-08-01 14:28:58.500,MO2508-C-7500,2.4,2.2,2.4
2025-08-01,2025-08-01 14:28:59.000,MO2508-C-7500,2.4,2.2,2.4
2025-08-01,2025-08-01 14:29:06.500,MO2508-C-7500,2.4,2.2,2.4
2025-08-01,2025-08-01 14:29:07.000,MO2508-C-7500,2.4,2.2,2.4
2025-08-01,2025-08-01 14:29:08.000,MO2508-C-7500,2.4,2.2,2.4
2025-08-01,2025-08-01 14:29:08.500,MO2508-C-7500,2.4,2.2,2.4
2025-08-01,2025-08-01 14:29:09.000,MO2508-C-7500,2.4,2.2,2.4
2025-08-01,2025-08-01 14:29:09.500,MO2508-C-7500,2.4,2.2,2.4
2025-08-01,2025-08-01 14:29:10.000,MO2508-C-7500,2.4,2.2,2.4
2025-08-01,2025-08-01 14:29:28.000,MO2508-C-7500,2.4,2.2,2.4
2025-08-01,2025-08-01 14:29:28.500,MO2508-C-7500,2.4,2.2,2.4
2025-08-01,2025-08-01 14:29:29.000,MO2508-C-7500,2.4,2.2,2.4
2025-08-01,2025-08-01 14:29:29.500,MO2508-C-7500,2.4,2.2,2.4
2025-08-01,2025-08-01 14:29:30.000,MO2508-C-7500,2.4,2.2,2.4
2025-08-01,2025-08-01 14:29:30.500,MO2508-C-7500,2.4,2.2,2.4
2025-08-01,2025-08-01 14:29:31.000,MO2508-C-7500,2.4,2.2,2.4
2025-08-01,2025-08-01 14:29:36.500,MO2508-C-7500,2.4,2.2,2.4
2025-08-01,2025-08-01 14:29:37.000,MO2508-C-7500,2.4,2.2,2.4
2025-08-01,2025-08-01 14:29:38.500,MO2508-C-7500,2.4,2.2,2.4
2025-08-01,2025-08-01 14:29:39.000,MO2508-C-7500,2.4,2.2,2.4
2025-08-01,2025-08-01 14:29:42.500,MO2508-C-7500,2.4,2.2,2.6
2025-08-01,2025-08-01 14:29:43.000,MO2508-C-7500,2.4,2.2,2.6
2025-08-01,2025-08-01 14:29:43.500,MO2508-C-7500,2.4,2.2,2.6
2025-08-01,2025-08-01 14:29:47.000,MO2508-C-7500,2.4,2.2,2.6
2025-08-01,2025-08-01 14:29:48.000,MO2508-C-7500,2.4,2.2,2.6
2025-08-01,2025-08-01 14:29:49.000,MO2508-C-7500,2.4,2.2,2.6
2025-08-01,2025-08-01 14:30:06.500,MO2508-C-7500,2.4,2.2,2.6
2025-08-01,2025-08-01 14:30:07.000,MO2508-C-7500,2.4,2.2,2.6
2025-08-01,2025-08-01 14:30:09.000,MO2508-C-7500,2.4,2.2,2.6
2025-08-01,2025-08-01 14:30:24.000,MO2508-C-7500,2.4,2.2,2.6
2025-08-01,2025-08-01 14:30:29.500,MO2508-C-7500,2.4,2.2,2.6
2025-08-01,2025-08-01 14:30:32.500,MO2508-C-7500,2.4,2.2,2.6
2025-08-01,2025-08-01 14:30:36.500,MO2508-C-7500,2.4,2.2,2.6
2025-08-01,2025-08-01 14:30:37.000,MO2508-C-7500,2.4,2.2,2.6
2025-08-01,2025-08-01 14:30:39.500,MO2508-C-7500,2.4,2.2,2.6
2025-08-01,2025-08-01 14:30:42.000,MO2508-C-7500,2.4,2.2,2.6
2025-08-01,2025-08-01 14:30:42.500,MO2508-C-7500,2.4,2.2,2.6
2025-08-01,2025-08-01 14:30:43.000,MO2508-C-7500,2.4,2.2,2.6
2025-08-01,2025-08-01 14:30:56.500,MO2508-C-7500,2.4,2.2,2.6
2025-08-01,2025-08-01 14:31:01.500,MO2508-C-7500,2.4,2.2,2.6
2025-08-01,2025-08-01 14:31:02.000,MO2508-C-7500,2.4,2.2,2.6
2025-08-01,2025-08-01 14:31:03.000,MO2508-C-7500,2.4,2.2,2.6
2025-08-01,2025-08-01 14:31:06.500,MO2508-C-7500,2.4,2.2,2.6
2025-08-01,2025-08-01 14:31:07.000,MO2508-C-7500,2.4,2.2,2.6
2025-08-01,2025-08-01 14:31:08.000,MO2508-C-7500,2.4,2.2,2.6
2025-08-01,2025-08-01 14:31:09.000,MO2508-C-7500,2.4,2.2,2.6
2025-08-01,2025-08-01 14:31:13.500,MO2508-C-7500,2.4,2.4,2.6
2025-08-01,2025-08-01 14:31:14.000,MO2508-C-7500,2.4,2.4,2.6
2025-08-01,2025-08-01 14:31:14.500,MO2508-C-7500,2.4,2.4,2.6
2025-08-01,2025-08-01 14:31:16.500,MO2508-C-7500,2.4,2.4,2.6
2025-08-01,2025-08-01 14:31:17.000,MO2508-C-7500,2.4,2.4,2.6
2025-08-01,2025-08-01 14:31:19.500,MO2508-C-7500,2.4,2.4,2.6
2025-08-01,2025-08-01 14:31:20.000,MO2508-C-7500,2.4,2.4,2.6
2025-08-01,2025-08-01 14:31:21.000,MO2508-C-7500,2.4,2.4,2.6
2025-08-01,2025-08-01 14:31:22.500,MO2508-C-7500,2.4,2.4,2.6
2025-08-01,2025-08-01 14:31:23.000,MO2508-C-7500,2.4,2.4,2.6
2025-08-01,2025-08-01 14:31:33.000,MO2508-C-7500,2.4,2.4,2.6
2025-08-01,2025-08-01 14:31:36.500,MO2508-C-7500,2.4,2.4,2.6
2025-08-01,2025-08-01 14:31:37.000,MO2508-C-7500,2.4,2.4,2.6
2025-08-01,2025-08-01 14:31:38.500,MO2508-C-7500,2.4,2.4,2.6
2025-08-01,2025-08-01 14:32:02.500,MO2508-C-7500,2.4,2.4,2.6
2025-08-01,2025-08-01 14:32:03.000,MO2508-C-7500,2.4,2.4,2.6
2025-08-01,2025-08-01 14:32:03.500,MO2508-C-7500,2.4,2.4,2.6
2025-08-01,2025-08-01 14:32:05.500,MO2508-C-7500,2.4,2.4,2.6
2025-08-01,2025-08-01 14:32:06.500,MO2508-C-7500,2.4,2.4,2.6
2025-08-01,2025-08-01 14:32:07.000,MO2508-C-7500,2.4,2.4,2.6
2025-08-01,2025-08-01 14:32:09.500,MO2508-C-7500,2.4,2.4,2.6
2025-08-01,2025-08-01 14:32:36.500,MO2508-C-7500,2.4,2.4,2.6
2025-08-01,2025-08-01 14:32:37.000,MO2508-C-7500,2.4,2.4,2.6
2025-08-01,2025-08-01 14:32:42.500,MO2508-C-7500,2.4,2.4,2.6
2025-08-01,2025-08-01 14:33:06.500,MO2508-C-7500,2.4,2.4,2.6
2025-08-01,2025-08-01 14:33:07.000,MO2508-C-7500,2.4,2.4,2.6
2025-08-01,2025-08-01 14:33:36.500,MO2508-C-7500,2.4,2.4,2.6
2025-08-01,2025-08-01 14:33:37.000,MO2508-C-7500,2.4,2.4,2.6
2025-08-01,2025-08-01 14:33:56.500,MO2508-C-7500,2.4,2.4,2.6
2025-08-01,2025-08-01 14:33:59.000,MO2508-C-7500,2.4,2.4,2.6
2025-08-01,2025-08-01 14:34:03.500,MO2508-C-7500,2.4,2.4,2.6
2025-08-01,2025-08-01 14:34:06.500,MO2508-C-7500,2.4,2.4,2.6
2025-08-01,2025-08-01 14:34:07.000,MO2508-C-7500,2.4,2.4,2.6
2025-08-01,2025-08-01 14:34:11.500,MO2508-C-7500,2.4,2.4,2.6
2025-08-01,2025-08-01 14:34:16.000,MO2508-C-7500,2.4,2.4,2.6
2025-08-01,2025-08-01 14:34:17.000,MO2508-C-7500,2.4,2.4,2.6
2025-08-01,2025-08-01 14:34:34.000,MO2508-C-7500,2.4,2.4,2.6
2025-08-01,2025-08-01 14:34:34.500,MO2508-C-7500,2.4,2.4,2.6
2025-08-01,2025-08-01 14:34:35.000,MO2508-C-7500,2.4,2.4,2.6
2025-08-01,2025-08-01 14:34:36.500,MO2508-C-7500,2.4,2.4,2.6
2025-08-01,2025-08-01 14:34:37.000,MO2508-C-7500,2.4,2.4,2.6
2025-08-01,2025-08-01 14:34:42.500,MO2508-C-7500,2.4,2.4,2.6
2025-08-01,2025-08-01 14:34:49.000,MO2508-C-7500,2.4,2.4,2.6
2025-08-01,2025-08-01 14:34:49.500,MO2508-C-7500,2.4,2.4,2.6
2025-08-01,2025-08-01 14:35:06.500,MO2508-C-7500,2.4,2.4,2.6
2025-08-01,2025-08-01 14:35:07.000,MO2508-C-7500,2.4,2.4,2.6
2025-08-01,2025-08-01 14:35:13.500,MO2508-C-7500,2.4,2.4,2.6
2025-08-01,2025-08-01 14:35:26.000,MO2508-C-7500,2.4,2.4,2.6
2025-08-01,2025-08-01 14:35:36.500,MO2508-C-7500,2.4,2.4,2.6
2025-08-01,2025-08-01 14:35:37.000,MO2508-C-7500,2.4,2.4,2.6
2025-08-01,2025-08-01 14:35:38.000,MO2508-C-7500,2.4,2.4,2.6
2025-08-01,2025-08-01 14:35:44.500,MO2508-C-7500,2.4,2.4,2.6
2025-08-01,2025-08-01 14:36:01.000,MO2508-C-7500,2.4,2.4,2.6
2025-08-01,2025-08-01 14:36:01.500,MO2508-C-7500,2.4,2.4,2.6
2025-08-01,2025-08-01 14:36:02.500,MO2508-C-7500,2.4,2.4,2.6
2025-08-01,2025-08-01 14:36:06.500,MO2508-C-7500,2.4,2.4,2.6
2025-08-01,2025-08-01 14:36:07.000,MO2508-C-7500,2.4,2.4,2.6
2025-08-01,2025-08-01 14:36:07.500,MO2508-C-7500,2.4,2.4,2.6
2025-08-01,2025-08-01 14:36:09.000,MO2508-C-7500,2.4,2.4,2.6
2025-08-01,2025-08-01 14:36:11.500,MO2508-C-7500,2.4,2.4,2.6
2025-08-01,2025-08-01 14:36:24.500,MO2508-C-7500,2.4,2.4,2.6
2025-08-01,2025-08-01 14:36:25.000,MO2508-C-7500,2.4,2.4,2.6
2025-08-01,2025-08-01 14:36:26.500,MO2508-C-7500,2.4,2.4,2.6
2025-08-01,2025-08-01 14:36:28.500,MO2508-C-7500,2.4,2.4,2.6
2025-08-01,2025-08-01 14:36:36.500,MO2508-C-7500,2.4,2.4,2.6
2025-08-01,2025-08-01 14:36:37.000,MO2508-C-7500,2.4,2.4,2.6
2025-08-01,2025-08-01 14:36:51.500,MO2508-C-7500,2.4,2.4,2.6
2025-08-01,2025-08-01 14:37:06.500,MO2508-C-7500,2.4,2.4,2.6
2025-08-01,2025-08-01 14:37:07.000,MO2508-C-7500,2.4,2.4,2.6
2025-08-01,2025-08-01 14:37:08.000,MO2508-C-7500,2.4,2.4,2.6
2025-08-01,2025-08-01 14:37:30.000,MO2508-C-7500,2.4,2.4,2.6
2025-08-01,2025-08-01 14:37:36.500,MO2508-C-7500,2.4,2.4,2.6
2025-08-01,2025-08-01 14:37:37.000,MO2508-C-7500,2.4,2.4,2.6
2025-08-01,2025-08-01 14:37:42.000,MO2508-C-7500,2.4,2.4,2.6
2025-08-01,2025-08-01 14:37:42.500,MO2508-C-7500,2.4,2.4,2.6
2025-08-01,2025-08-01 14:37:43.000,MO2508-C-7500,2.4,2.4,2.6
2025-08-01,2025-08-01 14:37:45.000,MO2508-C-7500,2.4,2.4,2.6
2025-08-01,2025-08-01 14:37:58.500,MO2508-C-7500,2.4,2.4,2.6
2025-08-01,2025-08-01 14:37:59.000,MO2508-C-7500,2.4,2.2,2.6
2025-08-01,2025-08-01 14:37:59.500,MO2508-C-7500,2.4,2.2,2.6
2025-08-01,2025-08-01 14:38:00.500,MO2508-C-7500,2.4,2.2,2.6
2025-08-01,2025-08-01 14:38:01.000,MO2508-C-7500,2.4,2.2,2.6
2025-08-01,2025-08-01 14:38:06.500,MO2508-C-7500,2.4,2.2,2.6
2025-08-01,2025-08-01 14:38:07.000,MO2508-C-7500,2.4,2.2,2.6
2025-08-01,2025-08-01 14:38:24.500,MO2508-C-7500,2.4,2.2,2.6
2025-08-01,2025-08-01 14:38:25.000,MO2508-C-7500,2.4,2.2,2.6
2025-08-01,2025-08-01 14:38:25.500,MO2508-C-7500,2.4,2.2,2.6
2025-08-01,2025-08-01 14:38:29.000,MO2508-C-7500,2.4,2.2,2.6
2025-08-01,2025-08-01 14:38:33.000,MO2508-C-7500,2.4,2.2,2.6
2025-08-01,2025-08-01 14:38:36.500,MO2508-C-7500,2.4,2.2,2.6
2025-08-01,2025-08-01 14:38:37.000,MO2508-C-7500,2.4,2.2,2.6
2025-08-01,2025-08-01 14:38:38.000,MO2508-C-7500,2.4,2.2,2.6
2025-08-01,2025-08-01 14:38:43.500,MO2508-C-7500,2.4,2.2,2.6
2025-08-01,2025-08-01 14:39:06.500,MO2508-C-7500,2.4,2.2,2.6
2025-08-01,2025-08-01 14:39:07.000,MO2508-C-7500,2.4,2.2,2.6
2025-08-01,2025-08-01 14:39:12.500,MO2508-C-7500,2.4,2.2,2.6
2025-08-01,2025-08-01 14:39:20.000,MO2508-C-7500,2.4,2.2,2.6
2025-08-01,2025-08-01 14:39:20.500,MO2508-C-7500,2.4,2.2,2.6
2025-08-01,2025-08-01 14:39:21.500,MO2508-C-7500,2.4,2.2,2.6
2025-08-01,2025-08-01 14:39:36.000,MO2508-C-7500,2.4,2.2,2.6
2025-08-01,2025-08-01 14:39:36.500,MO2508-C-7500,2.4,2.2,2.6
2025-08-01,2025-08-01 14:39:37.000,MO2508-C-7500,2.4,2.2,2.6
2025-08-01,2025-08-01 14:39:42.000,MO2508-C-7500,2.4,2.2,2.6
2025-08-01,2025-08-01 14:39:43.500,MO2508-C-7500,2.4,2.2,2.6
2025-08-01,2025-08-01 14:39:44.000,MO2508-C-7500,2.4,2.2,2.6
2025-08-01,2025-08-01 14:39:45.000,MO2508-C-7500,2.4,2.2,2.6
2025-08-01,2025-08-01 14:39:48.500,MO2508-C-7500,2.4,2.2,2.6
2025-08-01,2025-08-01 14:39:49.000,MO2508-C-7500,2.4,2.2,2.6
2025-08-01,2025-08-01 14:39:50.500,MO2508-C-7500,2.4,2.2,2.6
2025-08-01,2025-08-01 14:39:51.000,MO2508-C-7500,2.4,2.2,2.6
2025-08-01,2025-08-01 14:40:05.000,MO2508-C-7500,2.4,2.2,2.6
2025-08-01,2025-08-01 14:40:06.500,MO2508-C-7500,2.4,2.2,2.6
2025-08-01,2025-08-01 14:40:07.000,MO2508-C-7500,2.4,2.2,2.6
2025-08-01,2025-08-01 14:40:15.500,MO2508-C-7500,2.4,2.2,2.6
2025-08-01,2025-08-01 14:40:16.000,MO2508-C-7500,2.4,2.2,2.6
2025-08-01,2025-08-01 14:40:17.000,MO2508-C-7500,2.4,2.2,2.6
2025-08-01,2025-08-01 14:40:23.000,MO2508-C-7500,2.4,2.2,2.6
2025-08-01,2025-08-01 14:40:25.000,MO2508-C-7500,2.4,2.2,2.6
2025-08-01,2025-08-01 14:40:27.000,MO2508-C-7500,2.4,2.2,2.6
2025-08-01,2025-08-01 14:40:36.500,MO2508-C-7500,2.4,2.2,2.6
2025-08-01,2025-08-01 14:40:37.000,MO2508-C-7500,2.4,2.2,2.6
2025-08-01,2025-08-01 14:40:39.000,MO2508-C-7500,2.4,2.2,2.6
2025-08-01,2025-08-01 14:40:39.500,MO2508-C-7500,2.4,2.2,2.4
2025-08-01,2025-08-01 14:40:40.000,MO2508-C-7500,2.4,2.2,2.4
2025-08-01,2025-08-01 14:40:40.500,MO2508-C-7500,2.4,2.2,2.4
2025-08-01,2025-08-01 14:40:41.000,MO2508-C-7500,2.4,2.2,2.4
2025-08-01,2025-08-01 14:41:06.500,MO2508-C-7500,2.4,2.2,2.4
2025-08-01,2025-08-01 14:41:07.000,MO2508-C-7500,2.4,2.2,2.4
2025-08-01,2025-08-01 14:41:14.000,MO2508-C-7500,2.4,2.2,2.4
2025-08-01,2025-08-01 14:41:16.000,MO2508-C-7500,2.4,2.2,2.4
2025-08-01,2025-08-01 14:41:16.500,MO2508-C-7500,2.4,2.2,2.4
2025-08-01,2025-08-01 14:41:29.000,MO2508-C-7500,2.4,2.2,2.4
2025-08-01,2025-08-01 14:41:29.500,MO2508-C-7500,2.4,2.2,2.4
2025-08-01,2025-08-01 14:41:36.500,MO2508-C-7500,2.4,2.2,2.4
2025-08-01,2025-08-01 14:41:37.000,MO2508-C-7500,2.4,2.2,2.4
2025-08-01,2025-08-01 14:41:50.000,MO2508-C-7500,2.4,2.2,2.4
2025-08-01,2025-08-01 14:41:55.000,MO2508-C-7500,2.4,2.2,2.4
2025-08-01,2025-08-01 14:41:55.500,MO2508-C-7500,2.4,2.2,2.4
2025-08-01,2025-08-01 14:41:56.000,MO2508-C-7500,2.4,2.2,2.4
2025-08-01,2025-08-01 14:41:56.500,MO2508-C-7500,2.4,2.2,2.4
2025-08-01,2025-08-01 14:41:57.000,MO2508-C-7500,2.4,2.2,2.4
2025-08-01,2025-08-01 14:42:03.000,MO2508-C-7500,2.4,2.2,2.4
2025-08-01,2025-08-01 14:42:06.000,MO2508-C-7500,2.4,2.2,2.4
2025-08-01,2025-08-01 14:42:06.500,MO2508-C-7500,2.4,2.2,2.4
2025-08-01,2025-08-01 14:42:07.000,MO2508-C-7500,2.4,2.2,2.4
2025-08-01,2025-08-01 14:42:36.500,MO2508-C-7500,2.4,2.2,2.4
2025-08-01,2025-08-01 14:42:37.000,MO2508-C-7500,2.4,2.2,2.4
2025-08-01,2025-08-01 14:42:39.500,MO2508-C-7500,2.4,2.2,2.4
2025-08-01,2025-08-01 14:42:40.000,MO2508-C-7500,2.4,2.2,2.4
2025-08-01,2025-08-01 14:42:40.500,MO2508-C-7500,2.4,2.2,2.4
2025-08-01,2025-08-01 14:42:52.500,MO2508-C-7500,2.4,2.2,2.4
2025-08-01,2025-08-01 14:42:53.000,MO2508-C-7500,2.4,2.2,2.4
2025-08-01,2025-08-01 14:42:53.500,MO2508-C-7500,2.4,2.2,2.4
2025-08-01,2025-08-01 14:43:06.500,MO2508-C-7500,2.4,2.2,2.4
2025-08-01,2025-08-01 14:43:07.000,MO2508-C-7500,2.4,2.2,2.4
2025-08-01,2025-08-01 14:43:36.500,MO2508-C-7500,2.4,2.2,2.4
2025-08-01,2025-08-01 14:43:37.000,MO2508-C-7500,2.4,2.2,2.4
2025-08-01,2025-08-01 14:44:06.500,MO2508-C-7500,2.4,2.2,2.4
2025-08-01,2025-08-01 14:44:07.000,MO2508-C-7500,2.4,2.2,2.4
2025-08-01,2025-08-01 14:44:21.000,MO2508-C-7500,2.4,2.2,2.4
2025-08-01,2025-08-01 14:44:36.500,MO2508-C-7500,2.4,2.2,2.4
2025-08-01,2025-08-01 14:44:37.000,MO2508-C-7500,2.4,2.2,2.4
2025-08-01,2025-08-01 14:44:46.000,MO2508-C-7500,2.4,2.2,2.4
2025-08-01,2025-08-01 14:45:01.500,MO2508-C-7500,2.4,2.2,2.4
2025-08-01,2025-08-01 14:45:02.000,MO2508-C-7500,2.4,2.2,2.4
2025-08-01,2025-08-01 14:45:06.500,MO2508-C-7500,2.4,2.2,2.4
2025-08-01,2025-08-01 14:45:07.000,MO2508-C-7500,2.4,2.2,2.4
2025-08-01,2025-08-01 14:45:13.000,MO2508-C-7500,2.4,2.2,2.4
2025-08-01,2025-08-01 14:45:13.500,MO2508-C-7500,2.4,2.2,2.4
2025-08-01,2025-08-01 14:45:14.000,MO2508-C-7500,2.4,2.2,2.4
2025-08-01,2025-08-01 14:45:36.500,MO2508-C-7500,2.4,2.2,2.4
2025-08-01,2025-08-01 14:45:37.000,MO2508-C-7500,2.4,2.2,2.4
2025-08-01,2025-08-01 14:46:06.500,MO2508-C-7500,2.4,2.2,2.4
2025-08-01,2025-08-01 14:46:07.000,MO2508-C-7500,2.4,2.2,2.4
2025-08-01,2025-08-01 14:46:17.500,MO2508-C-7500,2.4,2.2,2.4
2025-08-01,2025-08-01 14:46:29.000,MO2508-C-7500,2.4,2.2,2.4
2025-08-01,2025-08-01 14:46:30.000,MO2508-C-7500,2.4,2.2,2.4
2025-08-01,2025-08-01 14:46:36.000,MO2508-C-7500,2.4,2.2,2.4
2025-08-01,2025-08-01 14:46:36.500,MO2508-C-7500,2.4,2.2,2.4
2025-08-01,2025-08-01 14:46:37.000,MO2508-C-7500,2.4,2.2,2.4
2025-08-01,2025-08-01 14:46:50.500,MO2508-C-7500,2.4,2.2,2.4
2025-08-01,2025-08-01 14:46:55.500,MO2508-C-7500,2.4,2.2,2.4
2025-08-01,2025-08-01 14:47:06.500,MO2508-C-7500,2.4,2.2,2.4
2025-08-01,2025-08-01 14:47:07.000,MO2508-C-7500,2.4,2.2,2.4
2025-08-01,2025-08-01 14:47:07.500,MO2508-C-7500,2.4,2.2,2.4
2025-08-01,2025-08-01 14:47:36.500,MO2508-C-7500,2.4,2.2,2.4
2025-08-01,2025-08-01 14:47:37.000,MO2508-C-7500,2.4,2.2,2.4
2025-08-01,2025-08-01 14:48:06.500,MO2508-C-7500,2.4,2.2,2.4
2025-08-01,2025-08-01 14:48:07.000,MO2508-C-7500,2.4,2.2,2.4
2025-08-01,2025-08-01 14:48:19.000,MO2508-C-7500,2.4,2.2,2.4
2025-08-01,2025-08-01 14:48:24.000,MO2508-C-7500,2.4,2.2,2.4
2025-08-01,2025-08-01 14:48:25.000,MO2508-C-7500,2.4,2.2,2.4
2025-08-01,2025-08-01 14:48:25.500,MO2508-C-7500,2.4,2.2,2.4
2025-08-01,2025-08-01 14:48:36.500,MO2508-C-7500,2.4,2.2,2.4
2025-08-01,2025-08-01 14:48:37.000,MO2508-C-7500,2.4,2.2,2.4
2025-08-01,2025-08-01 14:48:42.000,MO2508-C-7500,2.4,2.2,2.4
2025-08-01,2025-08-01 14:48:43.000,MO2508-C-7500,2.4,2.2,2.4
2025-08-01,2025-08-01 14:48:45.000,MO2508-C-7500,2.4,2.2,2.4
2025-08-01,2025-08-01 14:48:48.000,MO2508-C-7500,2.4,2.2,2.4
2025-08-01,2025-08-01 14:49:06.000,MO2508-C-7500,2.4,2.2,2.4
2025-08-01,2025-08-01 14:49:06.500,MO2508-C-7500,2.4,2.2,2.4
2025-08-01,2025-08-01 14:49:07.000,MO2508-C-7500,2.4,2.2,2.4
2025-08-01,2025-08-01 14:49:29.000,MO2508-C-7500,2.4,2.2,2.4
2025-08-01,2025-08-01 14:49:32.500,MO2508-C-7500,2.4,2.2,2.4
2025-08-01,2025-08-01 14:49:35.000,MO2508-C-7500,2.4,2.2,2.4
2025-08-01,2025-08-01 14:49:35.500,MO2508-C-7500,2.4,2.2,2.4
2025-08-01,2025-08-01 14:49:36.500,MO2508-C-7500,2.4,2.2,2.4
2025-08-01,2025-08-01 14:49:37.000,MO2508-C-7500,2.4,2.2,2.4
2025-08-01,2025-08-01 14:50:04.500,MO2508-C-7500,2.4,2.2,2.4
2025-08-01,2025-08-01 14:50:05.000,MO2508-C-7500,2.4,2.2,2.4
2025-08-01,2025-08-01 14:50:06.500,MO2508-C-7500,2.4,2.2,2.4
2025-08-01,2025-08-01 14:50:07.000,MO2508-C-7500,2.4,2.2,2.4
2025-08-01,2025-08-01 14:50:31.500,MO2508-C-7500,2.4,2.2,2.4
2025-08-01,2025-08-01 14:50:32.000,MO2508-C-7500,2.4,2.2,2.4
2025-08-01,2025-08-01 14:50:35.000,MO2508-C-7500,2.4,2.2,2.4
2025-08-01,2025-08-01 14:50:36.000,MO2508-C-7500,2.4,2.2,2.4
2025-08-01,2025-08-01 14:50:36.500,MO2508-C-7500,2.4,2.2,2.4
2025-08-01,2025-08-01 14:50:37.000,MO2508-C-7500,2.4,2.2,2.4
2025-08-01,2025-08-01 14:50:40.000,MO2508-C-7500,2.4,2.2,2.4
2025-08-01,2025-08-01 14:50:41.000,MO2508-C-7500,2.4,2.2,2.4
2025-08-01,2025-08-01 14:51:06.500,MO2508-C-7500,2.4,2.2,2.4
2025-08-01,2025-08-01 14:51:07.000,MO2508-C-7500,2.4,2.2,2.4
2025-08-01,2025-08-01 14:51:12.500,MO2508-C-7500,2.4,2.2,2.4
2025-08-01,2025-08-01 14:51:32.000,MO2508-C-7500,2.4,2.2,2.4
2025-08-01,2025-08-01 14:51:33.000,MO2508-C-7500,2.4,2.2,2.4
2025-08-01,2025-08-01 14:51:36.000,MO2508-C-7500,2.4,2.2,2.4
2025-08-01,2025-08-01 14:51:36.500,MO2508-C-7500,2.4,2.2,2.4
2025-08-01,2025-08-01 14:51:37.000,MO2508-C-7500,2.4,2.2,2.4
2025-08-01,2025-08-01 14:51:39.000,MO2508-C-7500,2.4,2.2,2.4
2025-08-01,2025-08-01 14:52:06.500,MO2508-C-7500,2.4,2.2,2.4
2025-08-01,2025-08-01 14:52:07.000,MO2508-C-7500,2.4,2.2,2.4
2025-08-01,2025-08-01 14:52:36.500,MO2508-C-7500,2.4,2.2,2.4
2025-08-01,2025-08-01 14:52:37.000,MO2508-C-7500,2.4,2.2,2.4
2025-08-01,2025-08-01 14:52:50.500,MO2508-C-7500,2.4,2.2,2.4
2025-08-01,2025-08-01 14:52:58.500,MO2508-C-7500,2.4,2.2,2.4
2025-08-01,2025-08-01 14:52:59.000,MO2508-C-7500,2.4,2.2,2.4
2025-08-01,2025-08-01 14:53:05.500,MO2508-C-7500,2.4,2.2,2.4
2025-08-01,2025-08-01 14:53:06.500,MO2508-C-7500,2.4,2.2,2.4
2025-08-01,2025-08-01 14:53:07.000,MO2508-C-7500,2.4,2.2,2.4
2025-08-01,2025-08-01 14:53:07.500,MO2508-C-7500,2.4,2.2,2.4
2025-08-01,2025-08-01 14:53:08.000,MO2508-C-7500,2.4,2.2,2.4
2025-08-01,2025-08-01 14:53:09.500,MO2508-C-7500,2.4,2.2,2.4
2025-08-01,2025-08-01 14:53:11.500,MO2508-C-7500,2.4,2.2,2.4
2025-08-01,2025-08-01 14:53:12.000,MO2508-C-7500,2.4,2.2,2.4
2025-08-01,2025-08-01 14:53:18.000,MO2508-C-7500,2.4,2.2,2.4
2025-08-01,2025-08-01 14:53:19.000,MO2508-C-7500,2.4,2.2,2.4
2025-08-01,2025-08-01 14:53:24.000,MO2508-C-7500,2.4,2.2,2.4
2025-08-01,2025-08-01 14:53:25.000,MO2508-C-7500,2.4,2.2,2.4
2025-08-01,2025-08-01 14:53:36.000,MO2508-C-7500,2.4,2.2,2.4
2025-08-01,2025-08-01 14:53:36.500,MO2508-C-7500,2.4,2.2,2.4
2025-08-01,2025-08-01 14:53:37.000,MO2508-C-7500,2.4,2.2,2.4
2025-08-01,2025-08-01 14:53:37.500,MO2508-C-7500,2.4,2.2,2.4
2025-08-01,2025-08-01 14:53:38.000,MO2508-C-7500,2.4,2.2,2.4
2025-08-01,2025-08-01 14:53:53.000,MO2508-C-7500,2.4,2.2,2.4
2025-08-01,2025-08-01 14:53:56.000,MO2508-C-7500,2.4,2.2,2.4
2025-08-01,2025-08-01 14:53:57.000,MO2508-C-7500,2.4,2.2,2.4
2025-08-01,2025-08-01 14:53:59.000,MO2508-C-7500,2.4,2.2,2.4
2025-08-01,2025-08-01 14:54:00.000,MO2508-C-7500,2.4,2.2,2.4
2025-08-01,2025-08-01 14:54:02.000,MO2508-C-7500,2.4,2.2,2.4
2025-08-01,2025-08-01 14:54:03.000,MO2508-C-7500,2.4,2.2,2.4
2025-08-01,2025-08-01 14:54:05.000,MO2508-C-7500,2.4,2.2,2.4
2025-08-01,2025-08-01 14:54:06.500,MO2508-C-7500,2.4,2.2,2.4
2025-08-01,2025-08-01 14:54:07.000,MO2508-C-7500,2.4,2.2,2.4
2025-08-01,2025-08-01 14:54:07.500,MO2508-C-7500,2.4,2.2,2.4
2025-08-01,2025-08-01 14:54:18.000,MO2508-C-7500,2.4,2.2,2.4
2025-08-01,2025-08-01 14:54:20.500,MO2508-C-7500,2.4,2.2,2.4
2025-08-01,2025-08-01 14:54:30.500,MO2508-C-7500,2.4,2.2,2.4
2025-08-01,2025-08-01 14:54:34.000,MO2508-C-7500,2.4,2.2,2.4
2025-08-01,2025-08-01 14:54:36.500,MO2508-C-7500,2.4,2.2,2.4
2025-08-01,2025-08-01 14:54:37.000,MO2508-C-7500,2.4,2.2,2.4
2025-08-01,2025-08-01 14:54:37.500,MO2508-C-7500,2.4,2.2,2.4
2025-08-01,2025-08-01 14:54:49.000,MO2508-C-7500,2.4,2.2,2.4
2025-08-01,2025-08-01 14:55:01.000,MO2508-C-7500,2.4,2.2,2.4
2025-08-01,2025-08-01 14:55:01.500,MO2508-C-7500,2.4,2.2,2.4
2025-08-01,2025-08-01 14:55:02.000,MO2508-C-7500,2.4,2.2,2.4
2025-08-01,2025-08-01 14:55:06.500,MO2508-C-7500,2.4,2.2,2.4
2025-08-01,2025-08-01 14:55:07.000,MO2508-C-7500,2.4,2.2,2.4
2025-08-01,2025-08-01 14:55:07.500,MO2508-C-7500,2.4,2.2,2.4
2025-08-01,2025-08-01 14:55:09.500,MO2508-C-7500,2.4,2.2,2.4
2025-08-01,2025-08-01 14:55:13.500,MO2508-C-7500,2.4,2.2,2.4
2025-08-01,2025-08-01 14:55:23.000,MO2508-C-7500,2.4,2.2,2.4
2025-08-01,2025-08-01 14:55:36.500,MO2508-C-7500,2.4,2.2,2.4
2025-08-01,2025-08-01 14:55:37.000,MO2508-C-7500,2.4,2.2,2.4
2025-08-01,2025-08-01 14:55:43.000,MO2508-C-7500,2.4,2.2,2.4
2025-08-01,2025-08-01 14:55:51.000,MO2508-C-7500,2.4,2.2,2.4
2025-08-01,2025-08-01 14:55:52.000,MO2508-C-7500,2.4,2.2,2.4
2025-08-01,2025-08-01 14:56:00.500,MO2508-C-7500,2.4,2.2,2.4
2025-08-01,2025-08-01 14:56:06.500,MO2508-C-7500,2.4,2.2,2.4
2025-08-01,2025-08-01 14:56:07.000,MO2508-C-7500,2.4,2.2,2.4
2025-08-01,2025-08-01 14:56:07.500,MO2508-C-7500,2.4,2.2,2.4
2025-08-01,2025-08-01 14:56:10.000,MO2508-C-7500,2.4,2.2,2.4
2025-08-01,2025-08-01 14:56:10.500,MO2508-C-7500,2.4,2.2,2.4
2025-08-01,2025-08-01 14:56:12.000,MO2508-C-7500,2.4,2.2,2.4
2025-08-01,2025-08-01 14:56:33.500,MO2508-C-7500,2.4,2.2,2.4
2025-08-01,2025-08-01 14:56:34.000,MO2508-C-7500,2.4,2.2,2.4
2025-08-01,2025-08-01 14:56:36.000,MO2508-C-7500,2.4,2.2,2.4
2025-08-01,2025-08-01 14:56:36.500,MO2508-C-7500,2.4,2.2,2.4
2025-08-01,2025-08-01 14:56:37.000,MO2508-C-7500,2.4,2.2,2.4
2025-08-01,2025-08-01 14:56:40.500,MO2508-C-7500,2.4,2.2,2.4
2025-08-01,2025-08-01 14:56:46.000,MO2508-C-7500,2.4,2.2,2.4
2025-08-01,2025-08-01 14:56:51.000,MO2508-C-7500,2.4,2.2,2.4
2025-08-01,2025-08-01 14:56:58.000,MO2508-C-7500,2.4,2.2,2.4
2025-08-01,2025-08-01 14:56:59.000,MO2508-C-7500,2.4,2.2,2.4
2025-08-01,2025-08-01 14:56:59.500,MO2508-C-7500,2.4,2.2,2.4
2025-08-01,2025-08-01 15:00:00.000,MO2508-C-7500,2.2,2.0,2.4
2025-08-01,2025-08-01 15:31:25.500,MO2508-C-7500,2.2,2.0,2.4
2025-08-01,2025-08-01 15:37:01.500,MO2508-C-7500,2.2,2.0,2.4
2025-08-04,2025-08-04 09:29:00.200,MO2508-C-7500,2.2,1.0,2.4
2025-08-04,2025-08-04 09:30:00.200,MO2508-C-7500,2.2,1.0,2.4
2025-08-04,2025-08-04 09:30:00.700,MO2508-C-7500,2.2,1.0,2.4
2025-08-04,2025-08-04 09:30:01.200,MO2508-C-7500,2.2,1.0,2.4
2025-08-04,2025-08-04 09:30:01.700,MO2508-C-7500,2.2,1.0,2.4
2025-08-04,2025-08-04 09:30:10.200,MO2508-C-7500,2.2,1.0,2.4
2025-08-04,2025-08-04 09:30:10.700,MO2508-C-7500,2.2,1.0,2.4
2025-08-04,2025-08-04 09:30:11.200,MO2508-C-7500,2.2,1.2,2.4
2025-08-04,2025-08-04 09:30:12.200,MO2508-C-7500,2.2,1.2,2.4
2025-08-04,2025-08-04 09:30:12.700,MO2508-C-7500,2.2,1.2,2.4
2025-08-04,2025-08-04 09:30:14.700,MO2508-C-7500,2.2,1.2,2.4
2025-08-04,2025-08-04 09:30:15.200,MO2508-C-7500,2.2,1.4,2.4
2025-08-04,2025-08-04 09:30:15.700,MO2508-C-7500,2.2,1.4,2.0
2025-08-04,2025-08-04 09:30:16.200,MO2508-C-7500,2.0,1.6,2.0
2025-08-04,2025-08-04 09:30:16.700,MO2508-C-7500,2.0,1.6,2.0
2025-08-04,2025-08-04 09:30:17.700,MO2508-C-7500,2.0,1.6,2.0
2025-08-04,2025-08-04 09:30:18.200,MO2508-C-7500,2.0,1.6,2.0
2025-08-04,2025-08-04 09:30:18.700,MO2508-C-7500,2.0,1.6,2.0
2025-08-04,2025-08-04 09:30:20.700,MO2508-C-7500,2.0,1.6,2.0
2025-08-04,2025-08-04 09:30:21.200,MO2508-C-7500,2.0,1.6,2.0
2025-08-04,2025-08-04 09:30:21.700,MO2508-C-7500,2.0,1.6,2.2
2025-08-04,2025-08-04 09:30:22.200,MO2508-C-7500,2.0,1.8,2.2
2025-08-04,2025-08-04 09:30:22.700,MO2508-C-7500,2.0,1.8,2.4
2025-08-04,2025-08-04 09:30:23.200,MO2508-C-7500,2.0,1.8,2.4
2025-08-04,2025-08-04 09:30:24.200,MO2508-C-7500,2.0,1.8,2.2
2025-08-04,2025-08-04 09:30:26.200,MO2508-C-7500,2.0,1.8,2.2
2025-08-04,2025-08-04 09:30:26.700,MO2508-C-7500,2.0,1.8,2.2
2025-08-04,2025-08-04 09:30:27.200,MO2508-C-7500,2.0,1.8,2.2
2025-08-04,2025-08-04 09:30:28.700,MO2508-C-7500,2.0,1.8,2.2
2025-08-04,2025-08-04 09:30:29.200,MO2508-C-7500,2.0,1.8,2.2
2025-08-04,2025-08-04 09:30:29.700,MO2508-C-7500,2.0,1.8,2.2
2025-08-04,2025-08-04 09:30:31.200,MO2508-C-7500,2.0,1.8,2.2
2025-08-04,2025-08-04 09:30:33.200,MO2508-C-7500,2.0,1.8,2.2
2025-08-04,2025-08-04 09:30:33.700,MO2508-C-7500,2.0,1.8,2.2
2025-08-04,2025-08-04 09:30:34.700,MO2508-C-7500,2.0,1.8,2.2
2025-08-04,2025-08-04 09:30:38.700,MO2508-C-7500,2.0,1.8,2.2
2025-08-04,2025-08-04 09:30:40.200,MO2508-C-7500,2.0,1.8,2.0
2025-08-04,2025-08-04 09:30:40.700,MO2508-C-7500,2.0,1.8,2.0
2025-08-04,2025-08-04 09:30:41.200,MO2508-C-7500,2.0,1.8,2.0
2025-08-04,2025-08-04 09:30:44.200,MO2508-C-7500,2.0,1.8,2.0
2025-08-04,2025-08-04 09:30:44.700,MO2508-C-7500,2.0,1.8,2.0
2025-08-04,2025-08-04 09:30:45.200,MO2508-C-7500,2.0,1.8,2.0
2025-08-04,2025-08-04 09:30:45.700,MO2508-C-7500,2.0,1.8,2.0
2025-08-04,2025-08-04 09:30:47.700,MO2508-C-7500,2.0,1.8,2.0
2025-08-04,2025-08-04 09:30:48.200,MO2508-C-7500,2.0,1.8,2.0
2025-08-04,2025-08-04 09:30:48.700,MO2508-C-7500,2.0,1.8,2.0
2025-08-04,2025-08-04 09:30:50.200,MO2508-C-7500,2.0,1.8,2.0
2025-08-04,2025-08-04 09:30:50.700,MO2508-C-7500,2.0,1.8,2.0
2025-08-04,2025-08-04 09:30:51.200,MO2508-C-7500,2.0,1.8,2.0
2025-08-04,2025-08-04 09:30:51.700,MO2508-C-7500,2.0,1.8,2.0
2025-08-04,2025-08-04 09:30:52.200,MO2508-C-7500,2.0,1.8,2.0
2025-08-04,2025-08-04 09:30:53.700,MO2508-C-7500,2.0,1.8,2.0
2025-08-04,2025-08-04 09:30:54.200,MO2508-C-7500,2.0,1.8,2.0
2025-08-04,2025-08-04 09:30:56.200,MO2508-C-7500,2.0,1.8,2.0
2025-08-04,2025-08-04 09:30:56.700,MO2508-C-7500,2.0,1.8,2.0
2025-08-04,2025-08-04 09:30:57.200,MO2508-C-7500,2.0,1.8,2.0
2025-08-04,2025-08-04 09:30:57.700,MO2508-C-7500,2.0,1.8,2.0
2025-08-04,2025-08-04 09:30:59.700,MO2508-C-7500,1.8,1.8,2.0
2025-08-04,2025-08-04 09:31:00.200,MO2508-C-7500,1.8,1.8,2.0
2025-08-04,2025-08-04 09:31:00.700,MO2508-C-7500,1.8,1.6,2.0
2025-08-04,2025-08-04 09:31:01.200,MO2508-C-7500,1.8,1.6,2.0
2025-08-04,2025-08-04 09:31:01.700,MO2508-C-7500,1.8,1.6,2.0
2025-08-04,2025-08-04 09:31:02.200,MO2508-C-7500,1.8,1.6,2.0
2025-08-04,2025-08-04 09:31:02.700,MO2508-C-7500,1.8,1.6,2.0
2025-08-04,2025-08-04 09:31:03.200,MO2508-C-7500,1.8,1.6,2.0
2025-08-04,2025-08-04 09:31:03.700,MO2508-C-7500,1.8,1.6,2.0
2025-08-04,2025-08-04 09:31:04.200,MO2508-C-7500,1.8,1.6,2.0
2025-08-04,2025-08-04 09:31:04.700,MO2508-C-7500,1.8,1.6,2.0
2025-08-04,2025-08-04 09:31:05.200,MO2508-C-7500,1.8,1.6,2.0
2025-08-04,2025-08-04 09:31:05.700,MO2508-C-7500,1.8,1.6,2.0
2025-08-04,2025-08-04 09:31:08.700,MO2508-C-7500,1.8,1.6,2.0
2025-08-04,2025-08-04 09:31:10.700,MO2508-C-7500,1.8,1.6,2.0
2025-08-04,2025-08-04 09:31:11.200,MO2508-C-7500,1.8,1.6,2.0
2025-08-04,2025-08-04 09:31:11.700,MO2508-C-7500,1.8,1.6,2.0
2025-08-04,2025-08-04 09:31:12.200,MO2508-C-7500,1.8,1.6,2.0
2025-08-04,2025-08-04 09:31:14.200,MO2508-C-7500,1.8,1.6,2.0
2025-08-04,2025-08-04 09:31:14.700,MO2508-C-7500,1.6,1.6,2.0
2025-08-04,2025-08-04 09:31:15.700,MO2508-C-7500,1.6,1.6,2.0
2025-08-04,2025-08-04 09:31:17.200,MO2508-C-7500,1.6,1.6,1.8
2025-08-04,2025-08-04 09:31:17.700,MO2508-C-7500,1.6,1.6,1.8
2025-08-04,2025-08-04 09:31:18.700,MO2508-C-7500,1.6,1.6,1.8
2025-08-04,2025-08-04 09:31:19.700,MO2508-C-7500,1.6,1.6,1.8
2025-08-04,2025-08-04 09:31:21.200,MO2508-C-7500,1.6,1.4,1.8
2025-08-04,2025-08-04 09:31:21.700,MO2508-C-7500,1.6,1.4,1.8
2025-08-04,2025-08-04 09:31:23.200,MO2508-C-7500,1.6,1.4,1.8
2025-08-04,2025-08-04 09:31:23.700,MO2508-C-7500,1.6,1.4,1.8
2025-08-04,2025-08-04 09:31:24.700,MO2508-C-7500,1.6,1.6,1.8
2025-08-04,2025-08-04 09:31:25.200,MO2508-C-7500,1.6,1.6,1.8
2025-08-04,2025-08-04 09:31:25.700,MO2508-C-7500,1.6,1.6,1.8
2025-08-04,2025-08-04 09:31:27.200,MO2508-C-7500,1.6,1.4,1.6
2025-08-04,2025-08-04 09:31:27.700,MO2508-C-7500,1.6,1.4,1.6
2025-08-04,2025-08-04 09:31:28.200,MO2508-C-7500,1.6,1.4,1.6
2025-08-04,2025-08-04 09:31:29.200,MO2508-C-7500,1.6,1.4,1.6
2025-08-04,2025-08-04 09:31:30.200,MO2508-C-7500,1.6,1.4,1.6
2025-08-04,2025-08-04 09:31:31.200,MO2508-C-7500,1.6,1.4,1.6
2025-08-04,2025-08-04 09:31:33.200,MO2508-C-7500,1.6,1.4,1.8
2025-08-04,2025-08-04 09:31:33.700,MO2508-C-7500,1.6,1.4,1.8
2025-08-04,2025-08-04 09:31:34.200,MO2508-C-7500,1.6,1.4,1.8
2025-08-04,2025-08-04 09:31:38.200,MO2508-C-7500,1.6,1.4,1.8
2025-08-04,2025-08-04 09:31:38.700,MO2508-C-7500,1.6,1.4,1.8
2025-08-04,2025-08-04 09:31:39.200,MO2508-C-7500,1.6,1.4,1.8
2025-08-04,2025-08-04 09:31:49.200,MO2508-C-7500,1.6,1.4,1.8
2025-08-04,2025-08-04 09:31:51.200,MO2508-C-7500,1.6,1.4,1.8
2025-08-04,2025-08-04 09:31:51.700,MO2508-C-7500,1.6,1.4,1.8
2025-08-04,2025-08-04 09:31:52.200,MO2508-C-7500,1.6,1.4,1.8
2025-08-04,2025-08-04 09:31:55.700,MO2508-C-7500,1.6,1.4,1.8
2025-08-04,2025-08-04 09:31:56.200,MO2508-C-7500,1.6,1.4,1.8
2025-08-04,2025-08-04 09:31:56.700,MO2508-C-7500,1.6,1.4,1.8
2025-08-04,2025-08-04 09:31:57.700,MO2508-C-7500,1.6,1.4,1.6
2025-08-04,2025-08-04 09:31:58.200,MO2508-C-7500,1.6,1.4,1.6
2025-08-04,2025-08-04 09:31:58.700,MO2508-C-7500,1.6,1.4,1.6
2025-08-04,2025-08-04 09:32:00.200,MO2508-C-7500,1.6,1.4,1.6
2025-08-04,2025-08-04 09:32:03.200,MO2508-C-7500,1.6,1.4,1.6
2025-08-04,2025-08-04 09:32:03.700,MO2508-C-7500,1.6,1.4,1.8
2025-08-04,2025-08-04 09:32:04.200,MO2508-C-7500,1.6,1.4,1.8
2025-08-04,2025-08-04 09:32:05.700,MO2508-C-7500,1.6,1.4,1.8
2025-08-04,2025-08-04 09:32:09.700,MO2508-C-7500,1.6,1.4,1.8
2025-08-04,2025-08-04 09:32:10.700,MO2508-C-7500,1.6,1.4,1.8
2025-08-04,2025-08-04 09:32:12.200,MO2508-C-7500,1.6,1.4,1.8
2025-08-04,2025-08-04 09:32:14.200,MO2508-C-7500,1.6,1.4,1.8
2025-08-04,2025-08-04 09:32:15.700,MO2508-C-7500,1.6,1.4,1.8
2025-08-04,2025-08-04 09:32:17.200,MO2508-C-7500,1.6,1.4,1.8
2025-08-04,2025-08-04 09:32:18.700,MO2508-C-7500,1.6,1.4,1.8
2025-08-04,2025-08-04 09:32:20.200,MO2508-C-7500,1.6,1.4,1.8
2025-08-04,2025-08-04 09:32:20.700,MO2508-C-7500,1.6,1.4,1.8
2025-08-04,2025-08-04 09:32:23.200,MO2508-C-7500,1.6,1.4,1.8
2025-08-04,2025-08-04 09:32:29.200,MO2508-C-7500,1.6,1.4,1.8
2025-08-04,2025-08-04 09:32:30.200,MO2508-C-7500,1.6,1.4,1.6
2025-08-04,2025-08-04 09:32:30.700,MO2508-C-7500,1.6,1.4,1.6
2025-08-04,2025-08-04 09:32:31.700,MO2508-C-7500,1.6,1.4,1.6
2025-08-04,2025-08-04 09:32:32.700,MO2508-C-7500,1.6,1.4,1.6
2025-08-04,2025-08-04 09:32:35.200,MO2508-C-7500,1.6,1.4,1.6
2025-08-04,2025-08-04 09:32:35.700,MO2508-C-7500,1.6,1.4,1.6
2025-08-04,2025-08-04 09:32:40.700,MO2508-C-7500,1.6,1.4,1.6
2025-08-04,2025-08-04 09:32:47.700,MO2508-C-7500,1.6,1.4,1.6
2025-08-04,2025-08-04 09:32:53.200,MO2508-C-7500,1.6,1.4,1.6
2025-08-04,2025-08-04 09:32:54.700,MO2508-C-7500,1.6,1.4,1.6
2025-08-04,2025-08-04 09:32:56.200,MO2508-C-7500,1.6,1.4,1.6
2025-08-04,2025-08-04 09:33:09.200,MO2508-C-7500,1.6,1.4,1.6
2025-08-04,2025-08-04 09:33:15.200,MO2508-C-7500,1.4,1.4,1.6
2025-08-04,2025-08-04 09:33:19.700,MO2508-C-7500,1.4,1.4,1.6
2025-08-04,2025-08-04 09:33:21.700,MO2508-C-7500,1.4,1.4,1.6
2025-08-04,2025-08-04 09:33:22.200,MO2508-C-7500,1.4,1.4,1.6
2025-08-04,2025-08-04 09:33:29.700,MO2508-C-7500,1.4,1.4,1.6
2025-08-04,2025-08-04 09:33:45.200,MO2508-C-7500,1.4,1.4,1.6
2025-08-04,2025-08-04 09:33:47.700,MO2508-C-7500,1.4,1.4,1.6
2025-08-04,2025-08-04 09:33:48.200,MO2508-C-7500,1.4,1.4,1.6
2025-08-04,2025-08-04 09:33:48.700,MO2508-C-7500,1.4,1.4,1.6
2025-08-04,2025-08-04 09:33:51.700,MO2508-C-7500,1.4,1.4,1.6
2025-08-04,2025-08-04 09:33:52.200,MO2508-C-7500,1.4,1.4,1.6
2025-08-04,2025-08-04 09:34:00.700,MO2508-C-7500,1.4,1.4,1.6
2025-08-04,2025-08-04 09:34:05.700,MO2508-C-7500,1.4,1.4,1.6
2025-08-04,2025-08-04 09:34:06.700,MO2508-C-7500,1.4,1.4,1.6
2025-08-04,2025-08-04 09:34:07.200,MO2508-C-7500,1.4,1.4,1.6
2025-08-04,2025-08-04 09:34:08.200,MO2508-C-7500,1.4,1.4,1.6
2025-08-04,2025-08-04 09:34:08.700,MO2508-C-7500,1.4,1.4,1.6
2025-08-04,2025-08-04 09:34:09.200,MO2508-C-7500,1.4,1.4,1.6
2025-08-04,2025-08-04 09:34:10.700,MO2508-C-7500,1.4,1.4,1.6
2025-08-04,2025-08-04 09:34:11.700,MO2508-C-7500,1.4,1.4,1.6
2025-08-04,2025-08-04 09:34:12.200,MO2508-C-7500,1.4,1.4,1.6
2025-08-04,2025-08-04 09:34:14.700,MO2508-C-7500,1.4,1.4,1.6
2025-08-04,2025-08-04 09:34:15.200,MO2508-C-7500,1.4,1.4,1.6
2025-08-04,2025-08-04 09:34:15.700,MO2508-C-7500,1.4,1.4,1.6
2025-08-04,2025-08-04 09:34:16.200,MO2508-C-7500,1.4,1.4,1.6
2025-08-04,2025-08-04 09:34:17.700,MO2508-C-7500,1.4,1.4,1.6
2025-08-04,2025-08-04 09:34:19.200,MO2508-C-7500,1.4,1.4,1.6
2025-08-04,2025-08-04 09:34:19.700,MO2508-C-7500,1.4,1.4,1.6
2025-08-04,2025-08-04 09:34:21.700,MO2508-C-7500,1.4,1.4,1.6
2025-08-04,2025-08-04 09:34:22.200,MO2508-C-7500,1.4,1.4,1.6
2025-08-04,2025-08-04 09:34:50.700,MO2508-C-7500,1.4,1.4,1.6
2025-08-04,2025-08-04 09:34:51.700,MO2508-C-7500,1.4,1.4,1.6
2025-08-04,2025-08-04 09:34:52.200,MO2508-C-7500,1.4,1.4,1.6
2025-08-04,2025-08-04 09:34:53.200,MO2508-C-7500,1.4,1.4,1.6
2025-08-04,2025-08-04 09:34:53.700,MO2508-C-7500,1.4,1.4,1.6
2025-08-04,2025-08-04 09:34:59.200,MO2508-C-7500,1.4,1.4,1.6
2025-08-04,2025-08-04 09:34:59.700,MO2508-C-7500,1.4,1.4,1.6
2025-08-04,2025-08-04 09:35:02.200,MO2508-C-7500,1.4,1.4,1.6
2025-08-04,2025-08-04 09:35:06.200,MO2508-C-7500,1.4,1.4,1.6
2025-08-04,2025-08-04 09:35:08.700,MO2508-C-7500,1.4,1.4,1.6
2025-08-04,2025-08-04 09:35:09.200,MO2508-C-7500,1.4,1.4,1.6
2025-08-04,2025-08-04 09:35:21.700,MO2508-C-7500,1.4,1.4,1.6
2025-08-04,2025-08-04 09:35:22.200,MO2508-C-7500,1.4,1.4,1.6
2025-08-04,2025-08-04 09:35:45.700,MO2508-C-7500,1.4,1.4,1.6
2025-08-04,2025-08-04 09:35:46.200,MO2508-C-7500,1.4,1.4,1.6
2025-08-04,2025-08-04 09:35:47.700,MO2508-C-7500,1.4,1.4,1.6
2025-08-04,2025-08-04 09:35:48.200,MO2508-C-7500,1.4,1.4,1.6
2025-08-04,2025-08-04 09:35:48.700,MO2508-C-7500,1.4,1.4,1.6
2025-08-04,2025-08-04 09:35:49.200,MO2508-C-7500,1.4,1.4,1.6
2025-08-04,2025-08-04 09:35:51.700,MO2508-C-7500,1.4,1.4,1.6
2025-08-04,2025-08-04 09:35:52.200,MO2508-C-7500,1.4,1.4,1.6
2025-08-04,2025-08-04 09:36:03.700,MO2508-C-7500,1.4,1.4,1.6
2025-08-04,2025-08-04 09:36:05.200,MO2508-C-7500,1.4,1.4,1.6
2025-08-04,2025-08-04 09:36:11.700,MO2508-C-7500,1.4,1.4,1.6
2025-08-04,2025-08-04 09:36:12.700,MO2508-C-7500,1.4,1.4,1.6
2025-08-04,2025-08-04 09:36:14.200,MO2508-C-7500,1.6,1.4,1.6
2025-08-04,2025-08-04 09:36:14.700,MO2508-C-7500,1.6,1.4,1.6
2025-08-04,2025-08-04 09:36:15.200,MO2508-C-7500,1.6,1.4,1.6
2025-08-04,2025-08-04 09:36:19.200,MO2508-C-7500,1.6,1.4,1.6
2025-08-04,2025-08-04 09:36:21.200,MO2508-C-7500,1.6,1.4,1.6
2025-08-04,2025-08-04 09:36:21.700,MO2508-C-7500,1.6,1.4,1.6
2025-08-04,2025-08-04 09:36:23.200,MO2508-C-7500,1.6,1.4,1.6
2025-08-04,2025-08-04 09:36:24.200,MO2508-C-7500,1.6,1.4,1.6
2025-08-04,2025-08-04 09:36:24.700,MO2508-C-7500,1.6,1.4,1.6
2025-08-04,2025-08-04 09:36:30.200,MO2508-C-7500,1.6,1.4,1.6
2025-08-04,2025-08-04 09:36:33.200,MO2508-C-7500,1.6,1.4,1.6
2025-08-04,2025-08-04 09:36:33.700,MO2508-C-7500,1.6,1.4,1.6
2025-08-04,2025-08-04 09:36:35.700,MO2508-C-7500,1.6,1.4,1.6
2025-08-04,2025-08-04 09:36:38.700,MO2508-C-7500,1.6,1.4,1.6
2025-08-04,2025-08-04 09:36:41.700,MO2508-C-7500,1.6,1.4,1.6
2025-08-04,2025-08-04 09:36:42.700,MO2508-C-7500,1.6,1.4,1.6
2025-08-04,2025-08-04 09:36:43.200,MO2508-C-7500,1.6,1.4,1.6
2025-08-04,2025-08-04 09:36:45.200,MO2508-C-7500,1.6,1.4,1.6
2025-08-04,2025-08-04 09:36:46.200,MO2508-C-7500,1.6,1.4,1.6
2025-08-04,2025-08-04 09:36:47.700,MO2508-C-7500,1.6,1.4,1.6
2025-08-04,2025-08-04 09:36:51.200,MO2508-C-7500,1.6,1.4,1.6
2025-08-04,2025-08-04 09:36:51.700,MO2508-C-7500,1.6,1.4,1.6
2025-08-04,2025-08-04 09:36:52.200,MO2508-C-7500,1.6,1.4,1.6
2025-08-04,2025-08-04 09:36:52.700,MO2508-C-7500,1.6,1.4,1.6
2025-08-04,2025-08-04 09:36:53.200,MO2508-C-7500,1.6,1.4,1.6
2025-08-04,2025-08-04 09:36:53.700,MO2508-C-7500,1.6,1.4,1.6
2025-08-04,2025-08-04 09:36:54.700,MO2508-C-7500,1.6,1.4,1.6
2025-08-04,2025-08-04 09:36:55.700,MO2508-C-7500,1.6,1.4,1.6
2025-08-04,2025-08-04 09:36:59.700,MO2508-C-7500,1.6,1.4,1.6
2025-08-04,2025-08-04 09:37:00.200,MO2508-C-7500,1.6,1.4,1.6
2025-08-04,2025-08-04 09:37:00.700,MO2508-C-7500,1.6,1.4,1.6
2025-08-04,2025-08-04 09:37:01.200,MO2508-C-7500,1.6,1.4,1.6
2025-08-04,2025-08-04 09:37:04.200,MO2508-C-7500,1.6,1.4,1.6
2025-08-04,2025-08-04 09:37:04.700,MO2508-C-7500,1.6,1.4,1.6
2025-08-04,2025-08-04 09:37:05.200,MO2508-C-7500,1.6,1.4,1.6
2025-08-04,2025-08-04 09:37:06.200,MO2508-C-7500,1.6,1.4,1.6
2025-08-04,2025-08-04 09:37:06.700,MO2508-C-7500,1.6,1.4,1.6
2025-08-04,2025-08-04 09:37:08.200,MO2508-C-7500,1.6,1.4,1.6
2025-08-04,2025-08-04 09:37:08.700,MO2508-C-7500,1.6,1.4,1.6
2025-08-04,2025-08-04 09:37:11.700,MO2508-C-7500,1.6,1.4,1.6
2025-08-04,2025-08-04 09:37:13.200,MO2508-C-7500,1.6,1.4,1.6
2025-08-04,2025-08-04 09:37:13.700,MO2508-C-7500,1.6,1.4,1.6
2025-08-04,2025-08-04 09:37:14.200,MO2508-C-7500,1.6,1.4,1.6
2025-08-04,2025-08-04 09:37:15.200,MO2508-C-7500,1.6,1.4,1.6
2025-08-04,2025-08-04 09:37:15.700,MO2508-C-7500,1.6,1.4,1.6
2025-08-04,2025-08-04 09:37:16.200,MO2508-C-7500,1.6,1.4,1.8
2025-08-04,2025-08-04 09:37:16.700,MO2508-C-7500,1.6,1.4,1.8
2025-08-04,2025-08-04 09:37:18.700,MO2508-C-7500,1.6,1.4,1.8
2025-08-04,2025-08-04 09:37:21.700,MO2508-C-7500,1.6,1.4,1.8
2025-08-04,2025-08-04 09:37:22.200,MO2508-C-7500,1.6,1.4,1.8
2025-08-04,2025-08-04 09:37:26.200,MO2508-C-7500,1.6,1.4,1.8
2025-08-04,2025-08-04 09:37:26.700,MO2508-C-7500,1.6,1.4,1.8
2025-08-04,2025-08-04 09:37:30.700,MO2508-C-7500,1.6,1.4,1.8
2025-08-04,2025-08-04 09:37:31.200,MO2508-C-7500,1.6,1.4,1.8
2025-08-04,2025-08-04 09:37:38.200,MO2508-C-7500,1.6,1.4,1.8
2025-08-04,2025-08-04 09:37:38.700,MO2508-C-7500,1.6,1.4,1.8
2025-08-04,2025-08-04 09:37:39.200,MO2508-C-7500,1.6,1.4,1.8
2025-08-04,2025-08-04 09:37:39.700,MO2508-C-7500,1.6,1.4,1.8
2025-08-04,2025-08-04 09:37:45.200,MO2508-C-7500,1.6,1.4,1.8
2025-08-04,2025-08-04 09:37:45.700,MO2508-C-7500,1.6,1.4,1.8
2025-08-04,2025-08-04 09:37:46.200,MO2508-C-7500,1.6,1.4,1.8
2025-08-04,2025-08-04 09:37:46.700,MO2508-C-7500,1.6,1.4,1.8
2025-08-04,2025-08-04 09:37:51.200,MO2508-C-7500,1.6,1.4,1.8
2025-08-04,2025-08-04 09:37:51.700,MO2508-C-7500,1.6,1.4,1.8
2025-08-04,2025-08-04 09:37:52.200,MO2508-C-7500,1.6,1.4,1.8
2025-08-04,2025-08-04 09:37:52.700,MO2508-C-7500,1.6,1.4,1.8
2025-08-04,2025-08-04 09:38:00.200,MO2508-C-7500,1.6,1.4,1.8
2025-08-04,2025-08-04 09:38:00.700,MO2508-C-7500,1.6,1.4,1.8
2025-08-04,2025-08-04 09:38:01.700,MO2508-C-7500,1.6,1.4,1.8
2025-08-04,2025-08-04 09:38:06.200,MO2508-C-7500,1.6,1.4,1.8
2025-08-04,2025-08-04 09:38:06.700,MO2508-C-7500,1.6,1.4,1.8
2025-08-04,2025-08-04 09:38:10.700,MO2508-C-7500,1.6,1.4,1.8
2025-08-04,2025-08-04 09:38:13.200,MO2508-C-7500,1.6,1.4,1.8
2025-08-04,2025-08-04 09:38:14.700,MO2508-C-7500,1.6,1.4,1.8
2025-08-04,2025-08-04 09:38:21.700,MO2508-C-7500,1.6,1.4,1.8
2025-08-04,2025-08-04 09:38:22.200,MO2508-C-7500,1.6,1.4,1.8
2025-08-04,2025-08-04 09:38:29.200,MO2508-C-7500,1.6,1.4,1.8
2025-08-04,2025-08-04 09:38:30.700,MO2508-C-7500,1.6,1.4,1.8
2025-08-04,2025-08-04 09:38:31.200,MO2508-C-7500,1.6,1.4,1.8
2025-08-04,2025-08-04 09:38:31.700,MO2508-C-7500,1.6,1.4,1.8
2025-08-04,2025-08-04 09:38:32.200,MO2508-C-7500,1.6,1.4,1.8
2025-08-04,2025-08-04 09:38:33.700,MO2508-C-7500,1.6,1.4,1.8
2025-08-04,2025-08-04 09:38:34.200,MO2508-C-7500,1.6,1.4,1.8
2025-08-04,2025-08-04 09:38:34.700,MO2508-C-7500,1.6,1.4,1.8
2025-08-04,2025-08-04 09:38:41.700,MO2508-C-7500,1.6,1.4,1.8
2025-08-04,2025-08-04 09:38:45.200,MO2508-C-7500,1.6,1.4,1.8
2025-08-04,2025-08-04 09:38:46.200,MO2508-C-7500,1.6,1.4,1.8
2025-08-04,2025-08-04 09:38:50.200,MO2508-C-7500,1.6,1.4,1.8
2025-08-04,2025-08-04 09:38:51.200,MO2508-C-7500,1.6,1.4,1.8
2025-08-04,2025-08-04 09:38:51.700,MO2508-C-7500,1.6,1.4,1.8
2025-08-04,2025-08-04 09:38:52.200,MO2508-C-7500,1.6,1.4,1.8
2025-08-04,2025-08-04 09:38:55.200,MO2508-C-7500,1.6,1.4,1.8
2025-08-04,2025-08-04 09:38:59.200,MO2508-C-7500,1.6,1.4,1.8
2025-08-04,2025-08-04 09:38:59.700,MO2508-C-7500,1.6,1.4,1.8
2025-08-04,2025-08-04 09:39:03.700,MO2508-C-7500,1.6,1.4,1.8
2025-08-04,2025-08-04 09:39:08.700,MO2508-C-7500,1.6,1.4,1.8
2025-08-04,2025-08-04 09:39:09.200,MO2508-C-7500,1.6,1.4,1.8
2025-08-04,2025-08-04 09:39:09.700,MO2508-C-7500,1.6,1.4,1.8
2025-08-04,2025-08-04 09:39:10.200,MO2508-C-7500,1.6,1.4,1.8
2025-08-04,2025-08-04 09:39:20.200,MO2508-C-7500,1.6,1.4,1.8
2025-08-04,2025-08-04 09:39:21.700,MO2508-C-7500,1.6,1.4,1.8
2025-08-04,2025-08-04 09:39:22.200,MO2508-C-7500,1.6,1.4,1.8
2025-08-04,2025-08-04 09:39:29.700,MO2508-C-7500,1.6,1.6,1.8
2025-08-04,2025-08-04 09:39:30.200,MO2508-C-7500,1.6,1.6,1.8
2025-08-04,2025-08-04 09:39:30.700,MO2508-C-7500,1.6,1.6,1.8
2025-08-04,2025-08-04 09:39:32.200,MO2508-C-7500,1.6,1.6,1.8
2025-08-04,2025-08-04 09:39:34.200,MO2508-C-7500,1.6,1.6,1.8
2025-08-04,2025-08-04 09:39:35.700,MO2508-C-7500,1.6,1.6,1.8
2025-08-04,2025-08-04 09:39:37.200,MO2508-C-7500,1.6,1.6,1.8
2025-08-04,2025-08-04 09:39:37.700,MO2508-C-7500,1.6,1.6,1.8
2025-08-04,2025-08-04 09:39:38.200,MO2508-C-7500,1.6,1.6,1.8
2025-08-04,2025-08-04 09:39:38.700,MO2508-C-7500,1.6,1.6,1.8
2025-08-04,2025-08-04 09:39:51.700,MO2508-C-7500,1.6,1.6,1.8
2025-08-04,2025-08-04 09:39:52.200,MO2508-C-7500,1.6,1.6,1.8
2025-08-04,2025-08-04 09:39:56.200,MO2508-C-7500,1.6,1.6,1.8
2025-08-04,2025-08-04 09:40:00.200,MO2508-C-7500,1.6,1.6,1.8
2025-08-04,2025-08-04 09:40:06.700,MO2508-C-7500,1.6,1.6,1.8
2025-08-04,2025-08-04 09:40:09.700,MO2508-C-7500,1.6,1.6,1.8
2025-08-04,2025-08-04 09:40:10.200,MO2508-C-7500,1.6,1.6,1.8
2025-08-04,2025-08-04 09:40:12.200,MO2508-C-7500,1.6,1.6,1.8
2025-08-04,2025-08-04 09:40:12.700,MO2508-C-7500,1.6,1.6,1.8
2025-08-04,2025-08-04 09:40:14.700,MO2508-C-7500,1.6,1.6,1.8
2025-08-04,2025-08-04 09:40:21.700,MO2508-C-7500,1.6,1.6,1.8
2025-08-04,2025-08-04 09:40:22.200,MO2508-C-7500,1.6,1.6,1.8
2025-08-04,2025-08-04 09:40:34.700,MO2508-C-7500,1.8,1.6,1.8
2025-08-04,2025-08-04 09:40:35.200,MO2508-C-7500,1.8,1.6,1.8
2025-08-04,2025-08-04 09:40:37.700,MO2508-C-7500,1.8,1.6,1.8
2025-08-04,2025-08-04 09:40:38.700,MO2508-C-7500,1.6,1.6,1.8
2025-08-04,2025-08-04 09:40:49.200,MO2508-C-7500,1.6,1.6,1.8
2025-08-04,2025-08-04 09:40:49.700,MO2508-C-7500,1.6,1.6,1.8
2025-08-04,2025-08-04 09:40:51.700,MO2508-C-7500,1.6,1.6,1.8
2025-08-04,2025-08-04 09:40:52.200,MO2508-C-7500,1.6,1.6,1.8
2025-08-04,2025-08-04 09:41:04.200,MO2508-C-7500,1.8,1.6,1.8
2025-08-04,2025-08-04 09:41:04.700,MO2508-C-7500,1.8,1.6,1.8
2025-08-04,2025-08-04 09:41:05.200,MO2508-C-7500,1.8,1.6,1.8
2025-08-04,2025-08-04 09:41:05.700,MO2508-C-7500,1.8,1.6,1.8
2025-08-04,2025-08-04 09:41:07.200,MO2508-C-7500,1.8,1.6,1.8
2025-08-04,2025-08-04 09:41:08.200,MO2508-C-7500,1.8,1.6,1.8
2025-08-04,2025-08-04 09:41:08.700,MO2508-C-7500,1.8,1.6,1.8
2025-08-04,2025-08-04 09:41:11.200,MO2508-C-7500,1.8,1.6,1.8
2025-08-04,2025-08-04 09:41:13.700,MO2508-C-7500,1.8,1.6,1.8
2025-08-04,2025-08-04 09:41:15.200,MO2508-C-7500,1.8,1.6,1.8
2025-08-04,2025-08-04 09:41:15.700,MO2508-C-7500,1.8,1.6,1.8
2025-08-04,2025-08-04 09:41:16.700,MO2508-C-7500,1.8,1.6,1.8
2025-08-04,2025-08-04 09:41:21.700,MO2508-C-7500,1.8,1.6,1.8
2025-08-04,2025-08-04 09:41:22.200,MO2508-C-7500,1.8,1.6,1.8
2025-08-04,2025-08-04 09:41:23.200,MO2508-C-7500,1.6,1.6,1.8
2025-08-04,2025-08-04 09:41:35.700,MO2508-C-7500,1.6,1.6,1.8
2025-08-04,2025-08-04 09:41:37.200,MO2508-C-7500,1.6,1.6,1.8
2025-08-04,2025-08-04 09:41:38.700,MO2508-C-7500,1.6,1.6,1.8
2025-08-04,2025-08-04 09:41:42.200,MO2508-C-7500,1.6,1.6,1.8
2025-08-04,2025-08-04 09:41:46.700,MO2508-C-7500,1.6,1.6,1.8
2025-08-04,2025-08-04 09:41:47.200,MO2508-C-7500,1.6,1.6,1.8
2025-08-04,2025-08-04 09:41:50.700,MO2508-C-7500,1.6,1.6,1.8
2025-08-04,2025-08-04 09:41:51.700,MO2508-C-7500,1.6,1.6,1.8
2025-08-04,2025-08-04 09:41:52.200,MO2508-C-7500,1.6,1.6,1.8
2025-08-04,2025-08-04 09:41:53.700,MO2508-C-7500,1.6,1.6,1.8
2025-08-04,2025-08-04 09:41:54.200,MO2508-C-7500,1.6,1.6,1.8
2025-08-04,2025-08-04 09:42:03.200,MO2508-C-7500,1.6,1.6,1.8
2025-08-04,2025-08-04 09:42:03.700,MO2508-C-7500,1.6,1.6,1.8
2025-08-04,2025-08-04 09:42:07.700,MO2508-C-7500,1.6,1.6,1.8
2025-08-04,2025-08-04 09:42:08.200,MO2508-C-7500,1.6,1.6,1.8
2025-08-04,2025-08-04 09:42:16.700,MO2508-C-7500,1.6,1.6,1.8
2025-08-04,2025-08-04 09:42:17.700,MO2508-C-7500,1.6,1.6,1.8
2025-08-04,2025-08-04 09:42:18.200,MO2508-C-7500,1.6,1.6,1.8
2025-08-04,2025-08-04 09:42:18.700,MO2508-C-7500,1.6,1.6,1.8
2025-08-04,2025-08-04 09:42:19.700,MO2508-C-7500,1.6,1.6,1.8
2025-08-04,2025-08-04 09:42:21.700,MO2508-C-7500,1.6,1.6,1.8
2025-08-04,2025-08-04 09:42:22.200,MO2508-C-7500,1.6,1.6,1.8
2025-08-04,2025-08-04 09:42:28.200,MO2508-C-7500,1.6,1.6,1.8
2025-08-04,2025-08-04 09:42:32.700,MO2508-C-7500,1.6,1.6,1.8
2025-08-04,2025-08-04 09:42:36.200,MO2508-C-7500,1.6,1.6,1.8
2025-08-04,2025-08-04 09:42:36.700,MO2508-C-7500,1.6,1.6,1.8
2025-08-04,2025-08-04 09:42:37.200,MO2508-C-7500,1.8,1.6,1.8
2025-08-04,2025-08-04 09:42:38.200,MO2508-C-7500,1.8,1.6,1.8
2025-08-04,2025-08-04 09:42:38.700,MO2508-C-7500,1.8,1.6,1.8
2025-08-04,2025-08-04 09:42:40.700,MO2508-C-7500,1.8,1.6,1.8
2025-08-04,2025-08-04 09:42:43.700,MO2508-C-7500,1.8,1.6,1.8
2025-08-04,2025-08-04 09:42:44.700,MO2508-C-7500,1.8,1.6,1.8
2025-08-04,2025-08-04 09:42:49.200,MO2508-C-7500,1.8,1.6,1.8
2025-08-04,2025-08-04 09:42:49.700,MO2508-C-7500,1.8,1.6,1.8
2025-08-04,2025-08-04 09:42:50.200,MO2508-C-7500,1.8,1.6,1.8
2025-08-04,2025-08-04 09:42:51.700,MO2508-C-7500,1.8,1.6,1.8
2025-08-04,2025-08-04 09:42:52.200,MO2508-C-7500,1.8,1.6,1.8
2025-08-04,2025-08-04 09:42:53.200,MO2508-C-7500,1.8,1.6,1.8
2025-08-04,2025-08-04 09:42:53.700,MO2508-C-7500,1.8,1.6,1.8
2025-08-04,2025-08-04 09:42:56.200,MO2508-C-7500,1.8,1.6,1.8
2025-08-04,2025-08-04 09:42:56.700,MO2508-C-7500,1.8,1.6,1.8
2025-08-04,2025-08-04 09:42:58.700,MO2508-C-7500,1.8,1.6,1.8
2025-08-04,2025-08-04 09:42:59.200,MO2508-C-7500,1.8,1.6,1.8
2025-08-04,2025-08-04 09:43:01.200,MO2508-C-7500,1.8,1.6,1.8
2025-08-04,2025-08-04 09:43:03.700,MO2508-C-7500,1.8,1.6,1.8
2025-08-04,2025-08-04 09:43:04.200,MO2508-C-7500,1.8,1.6,1.8
2025-08-04,2025-08-04 09:43:06.700,MO2508-C-7500,1.8,1.6,1.8
2025-08-04,2025-08-04 09:43:09.700,MO2508-C-7500,1.8,1.6,1.8
2025-08-04,2025-08-04 09:43:18.200,MO2508-C-7500,1.8,1.6,1.8
2025-08-04,2025-08-04 09:43:18.700,MO2508-C-7500,1.8,1.6,1.8
2025-08-04,2025-08-04 09:43:19.200,MO2508-C-7500,1.8,1.6,1.8
2025-08-04,2025-08-04 09:43:20.200,MO2508-C-7500,1.8,1.6,1.8
2025-08-04,2025-08-04 09:43:20.700,MO2508-C-7500,1.8,1.6,1.8
2025-08-04,2025-08-04 09:43:21.700,MO2508-C-7500,1.8,1.6,1.8
2025-08-04,2025-08-04 09:43:22.200,MO2508-C-7500,1.8,1.6,1.8
2025-08-04,2025-08-04 09:43:29.200,MO2508-C-7500,1.8,1.6,1.8
2025-08-04,2025-08-04 09:43:30.700,MO2508-C-7500,1.8,1.6,1.8
2025-08-04,2025-08-04 09:43:33.700,MO2508-C-7500,1.8,1.6,1.8
2025-08-04,2025-08-04 09:43:36.700,MO2508-C-7500,1.8,1.6,1.8
2025-08-04,2025-08-04 09:43:38.200,MO2508-C-7500,1.8,1.6,1.8
2025-08-04,2025-08-04 09:43:38.700,MO2508-C-7500,1.8,1.6,1.8
2025-08-04,2025-08-04 09:43:39.200,MO2508-C-7500,1.8,1.6,1.8
2025-08-04,2025-08-04 09:43:41.200,MO2508-C-7500,1.8,1.6,1.8
2025-08-04,2025-08-04 09:43:48.200,MO2508-C-7500,1.8,1.6,1.8
2025-08-04,2025-08-04 09:43:51.700,MO2508-C-7500,1.8,1.6,1.8
2025-08-04,2025-08-04 09:43:52.200,MO2508-C-7500,1.8,1.6,1.8
2025-08-04,2025-08-04 09:43:55.200,MO2508-C-7500,1.8,1.6,1.8
2025-08-04,2025-08-04 09:43:58.200,MO2508-C-7500,1.8,1.6,1.8
2025-08-04,2025-08-04 09:44:00.200,MO2508-C-7500,1.8,1.6,1.8
2025-08-04,2025-08-04 09:44:00.700,MO2508-C-7500,1.8,1.6,1.8
2025-08-04,2025-08-04 09:44:03.200,MO2508-C-7500,1.8,1.6,1.8
2025-08-04,2025-08-04 09:44:04.200,MO2508-C-7500,1.8,1.6,1.8
2025-08-04,2025-08-04 09:44:05.700,MO2508-C-7500,1.8,1.6,1.8
2025-08-04,2025-08-04 09:44:06.700,MO2508-C-7500,1.8,1.6,1.8
2025-08-04,2025-08-04 09:44:07.200,MO2508-C-7500,1.8,1.6,1.8
2025-08-04,2025-08-04 09:44:07.700,MO2508-C-7500,1.8,1.6,1.8
2025-08-04,2025-08-04 09:44:10.700,MO2508-C-7500,1.8,1.6,1.8
2025-08-04,2025-08-04 09:44:12.200,MO2508-C-7500,1.8,1.6,1.8
2025-08-04,2025-08-04 09:44:16.700,MO2508-C-7500,1.8,1.6,1.8
2025-08-04,2025-08-04 09:44:17.200,MO2508-C-7500,1.8,1.6,1.8
2025-08-04,2025-08-04 09:44:18.700,MO2508-C-7500,1.8,1.6,1.8
2025-08-04,2025-08-04 09:44:21.700,MO2508-C-7500,1.8,1.6,1.8
2025-08-04,2025-08-04 09:44:22.200,MO2508-C-7500,1.8,1.6,1.8
2025-08-04,2025-08-04 09:44:24.200,MO2508-C-7500,1.8,1.6,1.8
2025-08-04,2025-08-04 09:44:24.700,MO2508-C-7500,1.8,1.6,1.8
2025-08-04,2025-08-04 09:44:25.200,MO2508-C-7500,1.8,1.6,1.8
2025-08-04,2025-08-04 09:44:37.200,MO2508-C-7500,1.8,1.6,1.8
2025-08-04,2025-08-04 09:44:39.200,MO2508-C-7500,1.8,1.6,1.8
2025-08-04,2025-08-04 09:44:41.200,MO2508-C-7500,1.8,1.6,1.8
2025-08-04,2025-08-04 09:44:43.200,MO2508-C-7500,1.8,1.6,1.8
2025-08-04,2025-08-04 09:44:44.200,MO2508-C-7500,1.8,1.6,1.8
2025-08-04,2025-08-04 09:44:48.200,MO2508-C-7500,1.8,1.6,1.8
2025-08-04,2025-08-04 09:44:51.700,MO2508-C-7500,1.8,1.6,1.8
2025-08-04,2025-08-04 09:44:52.200,MO2508-C-7500,1.8,1.6,1.8
2025-08-04,2025-08-04 09:44:53.200,MO2508-C-7500,1.8,1.6,1.8
2025-08-04,2025-08-04 09:44:56.200,MO2508-C-7500,1.8,1.6,1.8
2025-08-04,2025-08-04 09:44:58.200,MO2508-C-7500,1.8,1.6,1.8
2025-08-04,2025-08-04 09:45:03.200,MO2508-C-7500,1.8,1.6,1.8
2025-08-04,2025-08-04 09:45:03.700,MO2508-C-7500,1.8,1.6,1.8
2025-08-04,2025-08-04 09:45:10.700,MO2508-C-7500,1.8,1.6,1.8
2025-08-04,2025-08-04 09:45:11.200,MO2508-C-7500,1.8,1.6,1.8
2025-08-04,2025-08-04 09:45:14.200,MO2508-C-7500,1.8,1.6,1.8
2025-08-04,2025-08-04 09:45:15.700,MO2508-C-7500,1.8,1.6,1.8
2025-08-04,2025-08-04 09:45:16.700,MO2508-C-7500,1.8,1.6,1.8
2025-08-04,2025-08-04 09:45:19.700,MO2508-C-7500,1.8,1.6,1.8
2025-08-04,2025-08-04 09:45:21.700,MO2508-C-7500,1.8,1.6,1.8
2025-08-04,2025-08-04 09:45:22.200,MO2508-C-7500,1.8,1.6,1.8
2025-08-04,2025-08-04 09:45:26.200,MO2508-C-7500,1.8,1.6,1.8
2025-08-04,2025-08-04 09:45:26.700,MO2508-C-7500,1.8,1.6,1.8
2025-08-04,2025-08-04 09:45:27.200,MO2508-C-7500,1.8,1.6,1.8
2025-08-04,2025-08-04 09:45:29.200,MO2508-C-7500,1.8,1.6,1.8
2025-08-04,2025-08-04 09:45:35.700,MO2508-C-7500,1.8,1.6,1.8
2025-08-04,2025-08-04 09:45:36.200,MO2508-C-7500,1.8,1.6,1.8
2025-08-04,2025-08-04 09:45:38.200,MO2508-C-7500,1.8,1.6,1.8
2025-08-04,2025-08-04 09:45:42.700,MO2508-C-7500,1.8,1.6,1.8
2025-08-04,2025-08-04 09:45:45.200,MO2508-C-7500,1.8,1.6,1.8
2025-08-04,2025-08-04 09:45:45.700,MO2508-C-7500,1.8,1.6,1.8
2025-08-04,2025-08-04 09:45:47.200,MO2508-C-7500,1.8,1.6,1.8
2025-08-04,2025-08-04 09:45:51.700,MO2508-C-7500,1.8,1.6,1.8
2025-08-04,2025-08-04 09:45:52.200,MO2508-C-7500,1.8,1.6,1.8
2025-08-04,2025-08-04 09:45:59.700,MO2508-C-7500,1.8,1.6,1.8
2025-08-04,2025-08-04 09:46:10.200,MO2508-C-7500,1.8,1.6,1.8
2025-08-04,2025-08-04 09:46:10.700,MO2508-C-7500,1.8,1.6,1.8
2025-08-04,2025-08-04 09:46:14.200,MO2508-C-7500,1.8,1.6,1.8
2025-08-04,2025-08-04 09:46:14.700,MO2508-C-7500,1.8,1.6,1.8
2025-08-04,2025-08-04 09:46:15.700,MO2508-C-7500,1.8,1.6,1.8
2025-08-04,2025-08-04 09:46:21.700,MO2508-C-7500,1.8,1.6,1.8
2025-08-04,2025-08-04 09:46:22.200,MO2508-C-7500,1.8,1.6,1.8
2025-08-04,2025-08-04 09:46:24.200,MO2508-C-7500,1.8,1.6,1.8
2025-08-04,2025-08-04 09:46:24.700,MO2508-C-7500,1.8,1.6,1.8
2025-08-04,2025-08-04 09:46:26.700,MO2508-C-7500,1.8,1.6,1.8
2025-08-04,2025-08-04 09:46:31.200,MO2508-C-7500,1.8,1.6,1.8
2025-08-04,2025-08-04 09:46:34.700,MO2508-C-7500,1.8,1.6,1.8
2025-08-04,2025-08-04 09:46:35.200,MO2508-C-7500,1.8,1.6,1.8
2025-08-04,2025-08-04 09:46:39.200,MO2508-C-7500,1.8,1.6,1.8
2025-08-04,2025-08-04 09:46:41.200,MO2508-C-7500,1.8,1.6,1.8
2025-08-04,2025-08-04 09:46:44.200,MO2508-C-7500,1.8,1.6,1.8
2025-08-04,2025-08-04 09:46:48.200,MO2508-C-7500,1.8,1.6,1.8
2025-08-04,2025-08-04 09:46:51.200,MO2508-C-7500,1.8,1.6,1.8
2025-08-04,2025-08-04 09:46:51.700,MO2508-C-7500,1.8,1.6,1.8
2025-08-04,2025-08-04 09:46:52.200,MO2508-C-7500,1.8,1.6,1.8
2025-08-04,2025-08-04 09:46:53.200,MO2508-C-7500,1.8,1.6,1.8
2025-08-04,2025-08-04 09:46:55.200,MO2508-C-7500,1.8,1.6,1.8
2025-08-04,2025-08-04 09:46:57.200,MO2508-C-7500,1.8,1.6,1.8
2025-08-04,2025-08-04 09:46:59.700,MO2508-C-7500,1.8,1.6,1.8
2025-08-04,2025-08-04 09:47:04.200,MO2508-C-7500,1.8,1.6,1.8
2025-08-04,2025-08-04 09:47:04.700,MO2508-C-7500,1.8,1.6,1.8
2025-08-04,2025-08-04 09:47:06.700,MO2508-C-7500,1.8,1.6,1.8
2025-08-04,2025-08-04 09:47:07.200,MO2508-C-7500,1.8,1.6,1.8
2025-08-04,2025-08-04 09:47:08.200,MO2508-C-7500,1.8,1.6,1.8
2025-08-04,2025-08-04 09:47:08.700,MO2508-C-7500,1.8,1.6,1.8
2025-08-04,2025-08-04 09:47:12.700,MO2508-C-7500,1.8,1.6,1.8
2025-08-04,2025-08-04 09:47:17.200,MO2508-C-7500,1.8,1.6,1.8
2025-08-04,2025-08-04 09:47:20.700,MO2508-C-7500,1.8,1.6,1.8
2025-08-04,2025-08-04 09:47:21.700,MO2508-C-7500,1.8,1.6,1.8
2025-08-04,2025-08-04 09:47:22.200,MO2508-C-7500,1.8,1.6,1.8
2025-08-04,2025-08-04 09:47:28.200,MO2508-C-7500,1.8,1.6,1.8
2025-08-04,2025-08-04 09:47:28.700,MO2508-C-7500,1.8,1.6,1.8
2025-08-04,2025-08-04 09:47:29.200,MO2508-C-7500,1.8,1.6,1.8
2025-08-04,2025-08-04 09:47:42.700,MO2508-C-7500,1.8,1.6,1.8
2025-08-04,2025-08-04 09:47:51.700,MO2508-C-7500,1.8,1.6,1.8
2025-08-04,2025-08-04 09:47:52.200,MO2508-C-7500,1.8,1.6,1.8
2025-08-04,2025-08-04 09:48:21.700,MO2508-C-7500,1.8,1.6,1.8
2025-08-04,2025-08-04 09:48:22.200,MO2508-C-7500,1.8,1.6,1.8
2025-08-04,2025-08-04 09:48:23.200,MO2508-C-7500,1.8,1.6,1.8
2025-08-04,2025-08-04 09:48:46.200,MO2508-C-7500,1.8,1.6,1.8
2025-08-04,2025-08-04 09:48:46.700,MO2508-C-7500,1.8,1.6,1.8
2025-08-04,2025-08-04 09:48:47.200,MO2508-C-7500,1.8,1.6,1.8
2025-08-04,2025-08-04 09:48:50.200,MO2508-C-7500,1.8,1.6,1.8
2025-08-04,2025-08-04 09:48:51.700,MO2508-C-7500,1.8,1.6,1.8
2025-08-04,2025-08-04 09:48:52.200,MO2508-C-7500,1.8,1.6,1.8
2025-08-04,2025-08-04 09:48:56.700,MO2508-C-7500,1.8,1.6,1.8
2025-08-04,2025-08-04 09:48:59.200,MO2508-C-7500,1.8,1.6,1.8
2025-08-04,2025-08-04 09:49:03.200,MO2508-C-7500,1.8,1.6,1.8
2025-08-04,2025-08-04 09:49:03.700,MO2508-C-7500,1.8,1.6,1.8
2025-08-04,2025-08-04 09:49:04.700,MO2508-C-7500,1.8,1.6,1.8
2025-08-04,2025-08-04 09:49:05.200,MO2508-C-7500,1.8,1.6,1.8
2025-08-04,2025-08-04 09:49:09.200,MO2508-C-7500,1.8,1.6,1.8
2025-08-04,2025-08-04 09:49:09.700,MO2508-C-7500,1.8,1.6,1.8
2025-08-04,2025-08-04 09:49:10.700,MO2508-C-7500,1.8,1.6,1.8
2025-08-04,2025-08-04 09:49:11.200,MO2508-C-7500,1.8,1.6,1.8
2025-08-04,2025-08-04 09:49:19.200,MO2508-C-7500,1.8,1.6,1.8
2025-08-04,2025-08-04 09:49:19.700,MO2508-C-7500,1.8,1.6,1.8
2025-08-04,2025-08-04 09:49:20.200,MO2508-C-7500,1.8,1.6,1.8
2025-08-04,2025-08-04 09:49:20.700,MO2508-C-7500,1.8,1.6,1.8
2025-08-04,2025-08-04 09:49:21.200,MO2508-C-7500,1.8,1.6,1.8
2025-08-04,2025-08-04 09:49:21.700,MO2508-C-7500,1.8,1.6,1.8
2025-08-04,2025-08-04 09:49:22.200,MO2508-C-7500,1.8,1.6,1.8
2025-08-04,2025-08-04 09:49:48.700,MO2508-C-7500,1.8,1.6,1.8
2025-08-04,2025-08-04 09:49:51.700,MO2508-C-7500,1.8,1.6,1.8
2025-08-04,2025-08-04 09:49:52.200,MO2508-C-7500,1.8,1.6,1.8
2025-08-04,2025-08-04 09:49:53.200,MO2508-C-7500,1.8,1.6,1.8
2025-08-04,2025-08-04 09:49:56.700,MO2508-C-7500,1.8,1.6,1.8
2025-08-04,2025-08-04 09:49:57.200,MO2508-C-7500,1.8,1.6,1.8
2025-08-04,2025-08-04 09:50:00.200,MO2508-C-7500,1.8,1.6,1.8
2025-08-04,2025-08-04 09:50:01.700,MO2508-C-7500,1.8,1.6,1.8
2025-08-04,2025-08-04 09:50:02.200,MO2508-C-7500,1.8,1.6,1.8
2025-08-04,2025-08-04 09:50:02.700,MO2508-C-7500,1.8,1.6,1.8
2025-08-04,2025-08-04 09:50:07.200,MO2508-C-7500,1.8,1.6,1.8
2025-08-04,2025-08-04 09:50:07.700,MO2508-C-7500,1.8,1.6,1.8
2025-08-04,2025-08-04 09:50:20.200,MO2508-C-7500,1.8,1.6,1.8
2025-08-04,2025-08-04 09:50:21.700,MO2508-C-7500,1.8,1.6,1.8
2025-08-04,2025-08-04 09:50:22.200,MO2508-C-7500,1.8,1.6,1.8
2025-08-04,2025-08-04 09:50:22.700,MO2508-C-7500,1.8,1.6,1.8
2025-08-04,2025-08-04 09:50:27.700,MO2508-C-7500,1.8,1.6,1.8
2025-08-04,2025-08-04 09:50:28.200,MO2508-C-7500,1.8,1.6,1.8
2025-08-04,2025-08-04 09:50:29.200,MO2508-C-7500,1.8,1.6,1.8
2025-08-04,2025-08-04 09:50:35.200,MO2508-C-7500,1.8,1.6,1.8
2025-08-04,2025-08-04 09:50:36.700,MO2508-C-7500,1.8,1.6,1.8
2025-08-04,2025-08-04 09:50:38.700,MO2508-C-7500,1.8,1.6,1.8
2025-08-04,2025-08-04 09:50:39.200,MO2508-C-7500,1.8,1.6,1.8
2025-08-04,2025-08-04 09:50:51.700,MO2508-C-7500,1.8,1.6,1.8
2025-08-04,2025-08-04 09:50:52.200,MO2508-C-7500,1.8,1.6,1.8
2025-08-04,2025-08-04 09:50:52.700,MO2508-C-7500,1.8,1.6,1.8
2025-08-04,2025-08-04 09:50:53.200,MO2508-C-7500,1.8,1.6,1.8
2025-08-04,2025-08-04 09:50:53.700,MO2508-C-7500,1.8,1.6,1.8
2025-08-04,2025-08-04 09:51:02.200,MO2508-C-7500,1.8,1.6,1.8
2025-08-04,2025-08-04 09:51:08.700,MO2508-C-7500,1.8,1.6,1.8
2025-08-04,2025-08-04 09:51:09.200,MO2508-C-7500,1.8,1.6,1.8
2025-08-04,2025-08-04 09:51:09.700,MO2508-C-7500,1.8,1.6,1.8
2025-08-04,2025-08-04 09:51:10.200,MO2508-C-7500,1.8,1.6,1.8
2025-08-04,2025-08-04 09:51:17.700,MO2508-C-7500,1.8,1.6,1.8
2025-08-04,2025-08-04 09:51:19.200,MO2508-C-7500,1.8,1.6,1.8
2025-08-04,2025-08-04 09:51:19.700,MO2508-C-7500,1.8,1.6,1.8
2025-08-04,2025-08-04 09:51:20.200,MO2508-C-7500,1.8,1.6,1.8
2025-08-04,2025-08-04 09:51:21.700,MO2508-C-7500,1.8,1.6,1.8
2025-08-04,2025-08-04 09:51:22.200,MO2508-C-7500,1.8,1.6,1.8
2025-08-04,2025-08-04 09:51:22.700,MO2508-C-7500,1.8,1.6,1.8
2025-08-04,2025-08-04 09:51:24.200,MO2508-C-7500,1.8,1.6,1.8
2025-08-04,2025-08-04 09:51:24.700,MO2508-C-7500,1.8,1.6,1.8
2025-08-04,2025-08-04 09:51:25.700,MO2508-C-7500,1.8,1.6,1.8
2025-08-04,2025-08-04 09:51:27.200,MO2508-C-7500,1.8,1.6,1.8
2025-08-04,2025-08-04 09:51:27.700,MO2508-C-7500,1.8,1.6,1.8
2025-08-04,2025-08-04 09:51:34.700,MO2508-C-7500,1.8,1.6,1.8
2025-08-04,2025-08-04 09:51:35.700,MO2508-C-7500,1.8,1.6,1.8
2025-08-04,2025-08-04 09:51:36.700,MO2508-C-7500,1.8,1.6,1.8
2025-08-04,2025-08-04 09:51:46.200,MO2508-C-7500,1.8,1.6,1.8
2025-08-04,2025-08-04 09:51:48.200,MO2508-C-7500,1.8,1.6,1.8
2025-08-04,2025-08-04 09:51:49.200,MO2508-C-7500,1.8,1.6,1.8
2025-08-04,2025-08-04 09:51:51.700,MO2508-C-7500,1.8,1.6,1.8
2025-08-04,2025-08-04 09:51:52.200,MO2508-C-7500,1.8,1.6,1.8
2025-08-04,2025-08-04 09:51:54.200,MO2508-C-7500,1.8,1.6,1.8
2025-08-04,2025-08-04 09:51:56.200,MO2508-C-7500,1.8,1.6,1.8
2025-08-04,2025-08-04 09:52:00.200,MO2508-C-7500,1.8,1.6,1.8
2025-08-04,2025-08-04 09:52:00.700,MO2508-C-7500,1.8,1.6,1.8
2025-08-04,2025-08-04 09:52:01.200,MO2508-C-7500,1.8,1.6,1.8
2025-08-04,2025-08-04 09:52:01.700,MO2508-C-7500,1.8,1.6,1.8
2025-08-04,2025-08-04 09:52:05.700,MO2508-C-7500,1.8,1.6,1.8
2025-08-04,2025-08-04 09:52:09.200,MO2508-C-7500,1.8,1.6,1.8
2025-08-04,2025-08-04 09:52:12.200,MO2508-C-7500,1.8,1.6,1.8
2025-08-04,2025-08-04 09:52:19.200,MO2508-C-7500,1.8,1.6,1.8
2025-08-04,2025-08-04 09:52:21.700,MO2508-C-7500,1.8,1.6,1.8
2025-08-04,2025-08-04 09:52:22.200,MO2508-C-7500,1.8,1.6,1.8
2025-08-04,2025-08-04 09:52:31.700,MO2508-C-7500,1.8,1.6,1.8
2025-08-04,2025-08-04 09:52:32.200,MO2508-C-7500,1.8,1.6,1.8
2025-08-04,2025-08-04 09:52:34.700,MO2508-C-7500,1.8,1.6,1.8
2025-08-04,2025-08-04 09:52:35.200,MO2508-C-7500,1.8,1.6,1.8
2025-08-04,2025-08-04 09:52:51.700,MO2508-C-7500,1.8,1.6,1.8
2025-08-04,2025-08-04 09:52:52.200,MO2508-C-7500,1.8,1.6,1.8
2025-08-04,2025-08-04 09:53:21.700,MO2508-C-7500,1.8,1.6,1.8
2025-08-04,2025-08-04 09:53:22.200,MO2508-C-7500,1.8,1.6,1.8
2025-08-04,2025-08-04 09:53:51.700,MO2508-C-7500,1.8,1.6,1.8
2025-08-04,2025-08-04 09:53:52.200,MO2508-C-7500,1.8,1.6,1.8
2025-08-04,2025-08-04 09:54:02.700,MO2508-C-7500,1.8,1.6,1.8
2025-08-04,2025-08-04 09:54:03.200,MO2508-C-7500,1.8,1.6,1.8
2025-08-04,2025-08-04 09:54:11.700,MO2508-C-7500,1.8,1.6,1.8
2025-08-04,2025-08-04 09:54:12.200,MO2508-C-7500,1.8,1.6,1.8
2025-08-04,2025-08-04 09:54:13.700,MO2508-C-7500,1.8,1.6,1.8
2025-08-04,2025-08-04 09:54:14.200,MO2508-C-7500,1.8,1.6,1.8
2025-08-04,2025-08-04 09:54:14.700,MO2508-C-7500,1.8,1.6,1.8
2025-08-04,2025-08-04 09:54:15.200,MO2508-C-7500,1.8,1.6,1.8
2025-08-04,2025-08-04 09:54:21.700,MO2508-C-7500,1.8,1.6,1.8
2025-08-04,2025-08-04 09:54:22.200,MO2508-C-7500,1.8,1.6,1.8
2025-08-04,2025-08-04 09:54:26.700,MO2508-C-7500,1.8,1.6,1.8
2025-08-04,2025-08-04 09:54:29.700,MO2508-C-7500,1.8,1.6,1.8
2025-08-04,2025-08-04 09:54:30.200,MO2508-C-7500,1.8,1.6,1.8
2025-08-04,2025-08-04 09:54:31.700,MO2508-C-7500,1.8,1.6,1.8
2025-08-04,2025-08-04 09:54:39.200,MO2508-C-7500,1.8,1.6,1.8
2025-08-04,2025-08-04 09:54:49.200,MO2508-C-7500,1.8,1.6,1.8
2025-08-04,2025-08-04 09:54:49.700,MO2508-C-7500,1.8,1.6,1.8
2025-08-04,2025-08-04 09:54:50.200,MO2508-C-7500,1.8,1.6,1.8
2025-08-04,2025-08-04 09:54:50.700,MO2508-C-7500,1.8,1.6,1.8
2025-08-04,2025-08-04 09:54:51.700,MO2508-C-7500,1.8,1.6,1.8
2025-08-04,2025-08-04 09:54:52.200,MO2508-C-7500,1.8,1.6,1.8
2025-08-04,2025-08-04 09:54:55.700,MO2508-C-7500,1.8,1.6,1.8
2025-08-04,2025-08-04 09:54:56.200,MO2508-C-7500,1.8,1.6,1.8
2025-08-04,2025-08-04 09:54:57.700,MO2508-C-7500,1.8,1.6,1.8
2025-08-04,2025-08-04 09:55:01.200,MO2508-C-7500,1.8,1.6,1.8
2025-08-04,2025-08-04 09:55:04.700,MO2508-C-7500,1.8,1.6,1.8
2025-08-04,2025-08-04 09:55:05.200,MO2508-C-7500,1.8,1.6,1.8
2025-08-04,2025-08-04 09:55:13.700,MO2508-C-7500,1.8,1.6,1.8
2025-08-04,2025-08-04 09:55:14.200,MO2508-C-7500,1.8,1.6,1.8
2025-08-04,2025-08-04 09:55:15.200,MO2508-C-7500,1.8,1.6,1.8
2025-08-04,2025-08-04 09:55:15.700,MO2508-C-7500,1.8,1.6,1.8
2025-08-04,2025-08-04 09:55:19.200,MO2508-C-7500,1.8,1.6,1.8
2025-08-04,2025-08-04 09:55:19.700,MO2508-C-7500,1.8,1.6,1.8
2025-08-04,2025-08-04 09:55:21.700,MO2508-C-7500,1.8,1.6,1.8
2025-08-04,2025-08-04 09:55:22.200,MO2508-C-7500,1.8,1.6,1.8
2025-08-04,2025-08-04 09:55:24.200,MO2508-C-7500,1.8,1.6,1.8
2025-08-04,2025-08-04 09:55:24.700,MO2508-C-7500,1.8,1.6,1.8
2025-08-04,2025-08-04 09:55:25.200,MO2508-C-7500,1.8,1.6,1.8
2025-08-04,2025-08-04 09:55:26.200,MO2508-C-7500,1.8,1.6,1.8
2025-08-04,2025-08-04 09:55:26.700,MO2508-C-7500,1.8,1.6,1.8
2025-08-04,2025-08-04 09:55:33.700,MO2508-C-7500,1.8,1.6,1.8
2025-08-04,2025-08-04 09:55:34.700,MO2508-C-7500,1.8,1.6,1.8
2025-08-04,2025-08-04 09:55:47.700,MO2508-C-7500,1.8,1.6,1.8
2025-08-04,2025-08-04 09:55:48.200,MO2508-C-7500,1.8,1.6,1.8
2025-08-04,2025-08-04 09:55:51.700,MO2508-C-7500,1.8,1.6,1.8
2025-08-04,2025-08-04 09:55:52.200,MO2508-C-7500,1.8,1.6,1.8
2025-08-04,2025-08-04 09:56:00.200,MO2508-C-7500,1.8,1.6,1.8
2025-08-04,2025-08-04 09:56:03.200,MO2508-C-7500,1.8,1.6,1.8
2025-08-04,2025-08-04 09:56:06.200,MO2508-C-7500,1.8,1.6,1.8
2025-08-04,2025-08-04 09:56:06.700,MO2508-C-7500,1.8,1.6,1.8
2025-08-04,2025-08-04 09:56:07.200,MO2508-C-7500,1.8,1.6,1.8
2025-08-04,2025-08-04 09:56:08.200,MO2508-C-7500,1.8,1.6,1.8
2025-08-04,2025-08-04 09:56:14.200,MO2508-C-7500,1.8,1.6,1.8
2025-08-04,2025-08-04 09:56:21.700,MO2508-C-7500,1.8,1.6,1.8
2025-08-04,2025-08-04 09:56:22.200,MO2508-C-7500,1.8,1.6,1.8
2025-08-04,2025-08-04 09:56:22.700,MO2508-C-7500,1.8,1.6,1.8
2025-08-04,2025-08-04 09:56:28.200,MO2508-C-7500,1.8,1.6,1.8
2025-08-04,2025-08-04 09:56:28.700,MO2508-C-7500,1.8,1.6,1.8
2025-08-04,2025-08-04 09:56:32.200,MO2508-C-7500,1.8,1.6,1.8
2025-08-04,2025-08-04 09:56:36.200,MO2508-C-7500,1.8,1.6,1.8
2025-08-04,2025-08-04 09:56:49.200,MO2508-C-7500,1.8,1.6,1.8
2025-08-04,2025-08-04 09:56:51.700,MO2508-C-7500,1.8,1.6,1.8
2025-08-04,2025-08-04 09:56:52.200,MO2508-C-7500,1.8,1.6,1.8
2025-08-04,2025-08-04 09:57:08.700,MO2508-C-7500,1.8,1.6,1.8
2025-08-04,2025-08-04 09:57:12.200,MO2508-C-7500,1.8,1.6,1.8
2025-08-04,2025-08-04 09:57:21.700,MO2508-C-7500,1.8,1.6,1.8
2025-08-04,2025-08-04 09:57:22.200,MO2508-C-7500,1.8,1.6,1.8
2025-08-04,2025-08-04 09:57:38.700,MO2508-C-7500,1.8,1.6,1.8
2025-08-04,2025-08-04 09:57:42.700,MO2508-C-7500,1.8,1.6,1.8
2025-08-04,2025-08-04 09:57:43.200,MO2508-C-7500,1.8,1.6,1.8
2025-08-04,2025-08-04 09:57:43.700,MO2508-C-7500,1.8,1.6,1.8
2025-08-04,2025-08-04 09:57:44.200,MO2508-C-7500,1.8,1.6,1.8
2025-08-04,2025-08-04 09:57:48.700,MO2508-C-7500,1.8,1.6,1.8
2025-08-04,2025-08-04 09:57:51.200,MO2508-C-7500,1.8,1.6,1.8
2025-08-04,2025-08-04 09:57:51.700,MO2508-C-7500,1.8,1.6,1.8
2025-08-04,2025-08-04 09:57:52.200,MO2508-C-7500,1.8,1.6,1.8
2025-08-04,2025-08-04 09:58:05.700,MO2508-C-7500,1.8,1.6,1.8
2025-08-04,2025-08-04 09:58:17.200,MO2508-C-7500,1.8,1.6,1.8
2025-08-04,2025-08-04 09:58:18.200,MO2508-C-7500,1.8,1.6,1.8
2025-08-04,2025-08-04 09:58:19.200,MO2508-C-7500,1.8,1.6,1.8
2025-08-04,2025-08-04 09:58:21.700,MO2508-C-7500,1.8,1.6,1.8
2025-08-04,2025-08-04 09:58:22.200,MO2508-C-7500,1.8,1.6,1.8
2025-08-04,2025-08-04 09:58:25.200,MO2508-C-7500,1.8,1.6,1.8
2025-08-04,2025-08-04 09:58:27.200,MO2508-C-7500,1.8,1.6,1.8
2025-08-04,2025-08-04 09:58:29.200,MO2508-C-7500,1.8,1.6,1.8
2025-08-04,2025-08-04 09:58:31.200,MO2508-C-7500,1.8,1.6,1.8
2025-08-04,2025-08-04 09:58:32.200,MO2508-C-7500,1.8,1.6,1.8
2025-08-04,2025-08-04 09:58:35.200,MO2508-C-7500,1.8,1.6,1.8
2025-08-04,2025-08-04 09:58:36.200,MO2508-C-7500,1.8,1.6,1.8
2025-08-04,2025-08-04 09:58:36.700,MO2508-C-7500,1.8,1.6,1.8
2025-08-04,2025-08-04 09:58:37.700,MO2508-C-7500,1.8,1.6,1.8
2025-08-04,2025-08-04 09:58:39.200,MO2508-C-7500,1.8,1.6,1.8
2025-08-04,2025-08-04 09:58:49.700,MO2508-C-7500,1.8,1.6,1.8
2025-08-04,2025-08-04 09:58:51.700,MO2508-C-7500,1.8,1.6,1.8
2025-08-04,2025-08-04 09:58:52.200,MO2508-C-7500,1.8,1.6,1.8
2025-08-04,2025-08-04 09:59:00.200,MO2508-C-7500,1.8,1.6,1.8
2025-08-04,2025-08-04 09:59:02.200,MO2508-C-7500,1.8,1.6,1.8
2025-08-04,2025-08-04 09:59:07.200,MO2508-C-7500,1.8,1.6,1.8
2025-08-04,2025-08-04 09:59:09.200,MO2508-C-7500,1.8,1.6,1.8
2025-08-04,2025-08-04 09:59:09.700,MO2508-C-7500,1.8,1.6,1.8
2025-08-04,2025-08-04 09:59:11.200,MO2508-C-7500,1.8,1.6,1.8
2025-08-04,2025-08-04 09:59:21.700,MO2508-C-7500,1.8,1.6,1.8
2025-08-04,2025-08-04 09:59:22.200,MO2508-C-7500,1.8,1.6,1.8
2025-08-04,2025-08-04 09:59:42.700,MO2508-C-7500,1.8,1.6,1.8
2025-08-04,2025-08-04 09:59:51.700,MO2508-C-7500,1.8,1.6,1.8
2025-08-04,2025-08-04 09:59:52.200,MO2508-C-7500,1.8,1.6,1.8
2025-08-04,2025-08-04 09:59:54.700,MO2508-C-7500,1.8,1.6,1.8
2025-08-04,2025-08-04 09:59:55.700,MO2508-C-7500,1.8,1.6,1.8
2025-08-04,2025-08-04 09:59:56.700,MO2508-C-7500,1.8,1.6,1.8
2025-08-04,2025-08-04 10:00:01.200,MO2508-C-7500,1.8,1.6,1.8
2025-08-04,2025-08-04 10:00:02.200,MO2508-C-7500,1.8,1.6,1.8
2025-08-04,2025-08-04 10:00:02.700,MO2508-C-7500,1.8,1.6,1.8
2025-08-04,2025-08-04 10:00:04.700,MO2508-C-7500,1.8,1.6,1.8
2025-08-04,2025-08-04 10:00:05.200,MO2508-C-7500,1.8,1.6,1.8
2025-08-04,2025-08-04 10:00:06.200,MO2508-C-7500,1.8,1.6,1.8
2025-08-04,2025-08-04 10:00:12.200,MO2508-C-7500,1.8,1.6,1.8
2025-08-04,2025-08-04 10:00:13.700,MO2508-C-7500,1.8,1.6,1.8
2025-08-04,2025-08-04 10:00:14.200,MO2508-C-7500,1.8,1.6,1.8
2025-08-04,2025-08-04 10:00:18.700,MO2508-C-7500,1.8,1.6,1.8
2025-08-04,2025-08-04 10:00:20.200,MO2508-C-7500,1.8,1.6,1.8
2025-08-04,2025-08-04 10:00:20.700,MO2508-C-7500,1.8,1.6,1.8
2025-08-04,2025-08-04 10:00:21.200,MO2508-C-7500,1.8,1.6,1.8
2025-08-04,2025-08-04 10:00:21.700,MO2508-C-7500,1.8,1.6,1.8
2025-08-04,2025-08-04 10:00:22.200,MO2508-C-7500,1.8,1.6,1.8
2025-08-04,2025-08-04 10:00:24.200,MO2508-C-7500,1.8,1.6,1.8
2025-08-04,2025-08-04 10:00:25.700,MO2508-C-7500,1.8,1.6,1.8
2025-08-04,2025-08-04 10:00:26.700,MO2508-C-7500,1.8,1.6,1.8
2025-08-04,2025-08-04 10:00:27.200,MO2508-C-7500,1.8,1.6,1.8
2025-08-04,2025-08-04 10:00:29.200,MO2508-C-7500,1.8,1.6,1.8
2025-08-04,2025-08-04 10:00:30.200,MO2508-C-7500,1.8,1.6,1.8
2025-08-04,2025-08-04 10:00:33.200,MO2508-C-7500,1.8,1.6,1.8
2025-08-04,2025-08-04 10:00:38.200,MO2508-C-7500,1.8,1.6,1.8
2025-08-04,2025-08-04 10:00:38.700,MO2508-C-7500,1.8,1.6,1.8
2025-08-04,2025-08-04 10:00:39.200,MO2508-C-7500,1.8,1.6,1.8
2025-08-04,2025-08-04 10:00:40.200,MO2508-C-7500,1.8,1.6,1.8
2025-08-04,2025-08-04 10:00:44.200,MO2508-C-7500,1.8,1.6,1.8
2025-08-04,2025-08-04 10:00:51.700,MO2508-C-7500,1.8,1.6,1.8
2025-08-04,2025-08-04 10:00:52.200,MO2508-C-7500,1.8,1.6,1.8
2025-08-04,2025-08-04 10:00:53.200,MO2508-C-7500,1.8,1.6,1.8
2025-08-04,2025-08-04 10:00:56.200,MO2508-C-7500,1.8,1.6,1.8
2025-08-04,2025-08-04 10:00:57.700,MO2508-C-7500,1.8,1.6,1.8
2025-08-04,2025-08-04 10:00:58.700,MO2508-C-7500,1.8,1.6,1.8
2025-08-04,2025-08-04 10:00:59.200,MO2508-C-7500,1.8,1.6,1.8
2025-08-04,2025-08-04 10:01:01.700,MO2508-C-7500,1.8,1.6,1.8
2025-08-04,2025-08-04 10:01:05.200,MO2508-C-7500,1.8,1.6,1.8
2025-08-04,2025-08-04 10:01:07.200,MO2508-C-7500,1.8,1.6,1.8
2025-08-04,2025-08-04 10:01:08.200,MO2508-C-7500,1.8,1.6,1.8
2025-08-04,2025-08-04 10:01:09.700,MO2508-C-7500,1.8,1.6,1.8
2025-08-04,2025-08-04 10:01:14.200,MO2508-C-7500,1.8,1.6,1.8
2025-08-04,2025-08-04 10:01:16.200,MO2508-C-7500,1.8,1.6,1.8
2025-08-04,2025-08-04 10:01:17.200,MO2508-C-7500,1.8,1.6,1.8
2025-08-04,2025-08-04 10:01:21.700,MO2508-C-7500,1.8,1.6,1.8
2025-08-04,2025-08-04 10:01:22.200,MO2508-C-7500,1.8,1.6,1.8
2025-08-04,2025-08-04 10:01:23.200,MO2508-C-7500,1.8,1.6,1.8
2025-08-04,2025-08-04 10:01:24.200,MO2508-C-7500,1.8,1.6,1.8
2025-08-04,2025-08-04 10:01:30.200,MO2508-C-7500,1.8,1.6,1.8
2025-08-04,2025-08-04 10:01:31.200,MO2508-C-7500,1.8,1.6,1.8
2025-08-04,2025-08-04 10:01:33.200,MO2508-C-7500,1.8,1.6,1.8
2025-08-04,2025-08-04 10:01:35.200,MO2508-C-7500,1.8,1.6,1.8
2025-08-04,2025-08-04 10:01:51.700,MO2508-C-7500,1.8,1.6,1.8
2025-08-04,2025-08-04 10:01:52.200,MO2508-C-7500,1.8,1.6,1.8
2025-08-04,2025-08-04 10:02:00.200,MO2508-C-7500,1.8,1.6,1.8
2025-08-04,2025-08-04 10:02:03.700,MO2508-C-7500,1.8,1.6,1.8
2025-08-04,2025-08-04 10:02:04.200,MO2508-C-7500,1.8,1.6,1.8
2025-08-04,2025-08-04 10:02:04.700,MO2508-C-7500,1.8,1.6,1.8
2025-08-04,2025-08-04 10:02:05.700,MO2508-C-7500,1.8,1.6,1.8
2025-08-04,2025-08-04 10:02:10.200,MO2508-C-7500,1.8,1.6,1.8
2025-08-04,2025-08-04 10:02:10.700,MO2508-C-7500,1.8,1.6,1.8
2025-08-04,2025-08-04 10:02:19.200,MO2508-C-7500,1.8,1.6,1.8
2025-08-04,2025-08-04 10:02:21.700,MO2508-C-7500,1.8,1.6,1.8
2025-08-04,2025-08-04 10:02:22.200,MO2508-C-7500,1.8,1.6,1.8
2025-08-04,2025-08-04 10:02:29.700,MO2508-C-7500,1.8,1.6,1.8
2025-08-04,2025-08-04 10:02:30.700,MO2508-C-7500,1.8,1.6,1.8
2025-08-04,2025-08-04 10:02:51.700,MO2508-C-7500,1.8,1.6,1.8
2025-08-04,2025-08-04 10:02:52.200,MO2508-C-7500,1.8,1.6,1.8
2025-08-04,2025-08-04 10:03:21.200,MO2508-C-7500,1.8,1.6,1.8
2025-08-04,2025-08-04 10:03:21.700,MO2508-C-7500,1.8,1.6,1.8
2025-08-04,2025-08-04 10:03:22.200,MO2508-C-7500,1.8,1.6,1.8
2025-08-04,2025-08-04 10:03:51.700,MO2508-C-7500,1.8,1.6,1.8
2025-08-04,2025-08-04 10:03:52.200,MO2508-C-7500,1.8,1.6,1.8
2025-08-04,2025-08-04 10:04:00.200,MO2508-C-7500,1.8,1.6,1.8
2025-08-04,2025-08-04 10:04:01.200,MO2508-C-7500,1.8,1.6,1.8
2025-08-04,2025-08-04 10:04:11.200,MO2508-C-7500,1.8,1.6,1.8
2025-08-04,2025-08-04 10:04:12.200,MO2508-C-7500,1.8,1.6,1.8
2025-08-04,2025-08-04 10:04:21.700,MO2508-C-7500,1.8,1.6,1.8
2025-08-04,2025-08-04 10:04:22.200,MO2508-C-7500,1.8,1.6,1.8
2025-08-04,2025-08-04 10:04:24.200,MO2508-C-7500,1.8,1.6,1.8
2025-08-04,2025-08-04 10:04:25.200,MO2508-C-7500,1.8,1.6,1.8
2025-08-04,2025-08-04 10:04:51.700,MO2508-C-7500,1.8,1.6,1.8
2025-08-04,2025-08-04 10:04:52.200,MO2508-C-7500,1.8,1.6,1.8
2025-08-04,2025-08-04 10:05:13.700,MO2508-C-7500,1.8,1.6,1.8
2025-08-04,2025-08-04 10:05:17.700,MO2508-C-7500,1.8,1.6,1.8
2025-08-04,2025-08-04 10:05:21.700,MO2508-C-7500,1.8,1.6,1.8
2025-08-04,2025-08-04 10:05:22.200,MO2508-C-7500,1.8,1.6,1.8
2025-08-04,2025-08-04 10:05:30.700,MO2508-C-7500,1.8,1.6,1.8
2025-08-04,2025-08-04 10:05:32.200,MO2508-C-7500,1.8,1.6,1.8
2025-08-04,2025-08-04 10:05:33.200,MO2508-C-7500,1.8,1.6,1.8
2025-08-04,2025-08-04 10:05:35.200,MO2508-C-7500,1.8,1.6,1.8
2025-08-04,2025-08-04 10:05:36.200,MO2508-C-7500,1.8,1.6,1.8
2025-08-04,2025-08-04 10:05:37.700,MO2508-C-7500,1.8,1.6,1.8
2025-08-04,2025-08-04 10:05:38.700,MO2508-C-7500,1.8,1.6,1.8
2025-08-04,2025-08-04 10:05:42.200,MO2508-C-7500,1.8,1.6,1.8
2025-08-04,2025-08-04 10:05:43.200,MO2508-C-7500,1.8,1.6,1.8
2025-08-04,2025-08-04 10:05:44.700,MO2508-C-7500,1.8,1.6,1.8
2025-08-04,2025-08-04 10:05:46.200,MO2508-C-7500,1.8,1.6,1.8
2025-08-04,2025-08-04 10:05:47.200,MO2508-C-7500,1.8,1.6,1.8
2025-08-04,2025-08-04 10:05:51.200,MO2508-C-7500,1.8,1.6,1.8
2025-08-04,2025-08-04 10:05:51.700,MO2508-C-7500,1.8,1.6,1.8
2025-08-04,2025-08-04 10:05:52.200,MO2508-C-7500,1.8,1.6,1.8
2025-08-04,2025-08-04 10:05:58.200,MO2508-C-7500,1.8,1.6,1.8
2025-08-04,2025-08-04 10:05:58.700,MO2508-C-7500,1.8,1.6,1.8
2025-08-04,2025-08-04 10:05:59.700,MO2508-C-7500,1.8,1.6,1.8
2025-08-04,2025-08-04 10:06:00.200,MO2508-C-7500,1.8,1.6,1.8
2025-08-04,2025-08-04 10:06:04.200,MO2508-C-7500,1.8,1.6,1.8
2025-08-04,2025-08-04 10:06:11.200,MO2508-C-7500,1.8,1.6,1.8
2025-08-04,2025-08-04 10:06:11.700,MO2508-C-7500,1.8,1.6,1.8
2025-08-04,2025-08-04 10:06:21.700,MO2508-C-7500,1.8,1.6,1.8
2025-08-04,2025-08-04 10:06:22.200,MO2508-C-7500,1.8,1.6,1.8
2025-08-04,2025-08-04 10:06:23.700,MO2508-C-7500,1.6,1.6,1.8
2025-08-04,2025-08-04 10:06:26.200,MO2508-C-7500,1.6,1.6,1.8
2025-08-04,2025-08-04 10:06:28.700,MO2508-C-7500,1.6,1.6,1.8
2025-08-04,2025-08-04 10:06:29.200,MO2508-C-7500,1.6,1.6,1.8
2025-08-04,2025-08-04 10:06:31.200,MO2508-C-7500,1.6,1.6,1.8
2025-08-04,2025-08-04 10:06:37.700,MO2508-C-7500,1.6,1.6,1.8
2025-08-04,2025-08-04 10:06:51.700,MO2508-C-7500,1.6,1.6,1.8
2025-08-04,2025-08-04 10:06:52.200,MO2508-C-7500,1.6,1.6,1.8
2025-08-04,2025-08-04 10:06:52.700,MO2508-C-7500,1.6,1.6,1.8
2025-08-04,2025-08-04 10:07:21.700,MO2508-C-7500,1.6,1.6,1.8
2025-08-04,2025-08-04 10:07:22.200,MO2508-C-7500,1.6,1.6,1.8
2025-08-04,2025-08-04 10:07:29.200,MO2508-C-7500,1.6,1.6,1.8
2025-08-04,2025-08-04 10:07:36.700,MO2508-C-7500,1.8,1.6,1.8
2025-08-04,2025-08-04 10:07:37.200,MO2508-C-7500,1.8,1.6,1.8
2025-08-04,2025-08-04 10:07:38.700,MO2508-C-7500,1.8,1.6,1.8
2025-08-04,2025-08-04 10:07:39.200,MO2508-C-7500,1.8,1.6,1.8
2025-08-04,2025-08-04 10:07:51.700,MO2508-C-7500,1.8,1.6,1.8
2025-08-04,2025-08-04 10:07:52.200,MO2508-C-7500,1.8,1.6,1.8
2025-08-04,2025-08-04 10:07:53.700,MO2508-C-7500,1.8,1.6,1.8
2025-08-04,2025-08-04 10:07:55.700,MO2508-C-7500,1.8,1.6,1.8
2025-08-04,2025-08-04 10:07:56.200,MO2508-C-7500,1.8,1.6,1.8
2025-08-04,2025-08-04 10:07:56.700,MO2508-C-7500,1.8,1.6,1.8
2025-08-04,2025-08-04 10:07:57.200,MO2508-C-7500,1.8,1.6,1.8
2025-08-04,2025-08-04 10:08:21.700,MO2508-C-7500,1.8,1.6,1.8
2025-08-04,2025-08-04 10:08:22.200,MO2508-C-7500,1.8,1.6,1.8
2025-08-04,2025-08-04 10:08:24.200,MO2508-C-7500,1.8,1.6,1.8
2025-08-04,2025-08-04 10:08:51.700,MO2508-C-7500,1.8,1.6,1.8
2025-08-04,2025-08-04 10:08:52.200,MO2508-C-7500,1.8,1.6,1.8
2025-08-04,2025-08-04 10:08:57.700,MO2508-C-7500,1.8,1.6,1.8
2025-08-04,2025-08-04 10:09:00.700,MO2508-C-7500,1.8,1.6,1.8
2025-08-04,2025-08-04 10:09:01.200,MO2508-C-7500,1.8,1.6,1.8
2025-08-04,2025-08-04 10:09:05.700,MO2508-C-7500,1.8,1.6,1.8
2025-08-04,2025-08-04 10:09:13.200,MO2508-C-7500,1.8,1.6,1.8
2025-08-04,2025-08-04 10:09:14.200,MO2508-C-7500,1.8,1.6,1.8
2025-08-04,2025-08-04 10:09:14.700,MO2508-C-7500,1.8,1.6,1.8
2025-08-04,2025-08-04 10:09:18.200,MO2508-C-7500,1.8,1.6,1.8
2025-08-04,2025-08-04 10:09:19.200,MO2508-C-7500,1.8,1.6,1.8
2025-08-04,2025-08-04 10:09:21.700,MO2508-C-7500,1.8,1.6,1.8
2025-08-04,2025-08-04 10:09:22.200,MO2508-C-7500,1.8,1.6,1.8
2025-08-04,2025-08-04 10:09:51.700,MO2508-C-7500,1.8,1.6,1.8
2025-08-04,2025-08-04 10:09:52.200,MO2508-C-7500,1.8,1.6,1.8
2025-08-04,2025-08-04 10:09:59.200,MO2508-C-7500,1.8,1.6,1.8
2025-08-04,2025-08-04 10:10:00.200,MO2508-C-7500,1.8,1.6,1.8
2025-08-04,2025-08-04 10:10:03.700,MO2508-C-7500,1.8,1.6,1.8
2025-08-04,2025-08-04 10:10:11.700,MO2508-C-7500,1.8,1.6,1.8
2025-08-04,2025-08-04 10:10:13.200,MO2508-C-7500,1.8,1.6,1.8
2025-08-04,2025-08-04 10:10:14.200,MO2508-C-7500,1.8,1.6,1.8
2025-08-04,2025-08-04 10:10:17.200,MO2508-C-7500,1.8,1.6,1.8
2025-08-04,2025-08-04 10:10:21.700,MO2508-C-7500,1.8,1.6,1.8
2025-08-04,2025-08-04 10:10:22.200,MO2508-C-7500,1.8,1.6,1.8
2025-08-04,2025-08-04 10:10:26.200,MO2508-C-7500,1.8,1.6,1.8
2025-08-04,2025-08-04 10:10:29.700,MO2508-C-7500,1.8,1.6,1.8
2025-08-04,2025-08-04 10:10:30.200,MO2508-C-7500,1.8,1.6,1.8
2025-08-04,2025-08-04 10:10:45.700,MO2508-C-7500,1.8,1.6,1.8
2025-08-04,2025-08-04 10:10:49.200,MO2508-C-7500,1.8,1.6,1.8
2025-08-04,2025-08-04 10:10:51.700,MO2508-C-7500,1.8,1.6,1.8
2025-08-04,2025-08-04 10:10:52.200,MO2508-C-7500,1.8,1.6,1.8
2025-08-04,2025-08-04 10:11:01.200,MO2508-C-7500,1.8,1.6,1.8
2025-08-04,2025-08-04 10:11:02.200,MO2508-C-7500,1.8,1.6,1.8
2025-08-04,2025-08-04 10:11:10.200,MO2508-C-7500,1.8,1.6,1.8
2025-08-04,2025-08-04 10:11:11.200,MO2508-C-7500,1.8,1.6,1.8
2025-08-04,2025-08-04 10:11:12.200,MO2508-C-7500,1.8,1.6,1.8
2025-08-04,2025-08-04 10:11:14.700,MO2508-C-7500,1.8,1.6,1.8
2025-08-04,2025-08-04 10:11:15.200,MO2508-C-7500,1.8,1.6,1.8
2025-08-04,2025-08-04 10:11:20.200,MO2508-C-7500,1.8,1.6,1.8
2025-08-04,2025-08-04 10:11:20.700,MO2508-C-7500,1.8,1.6,1.8
2025-08-04,2025-08-04 10:11:21.700,MO2508-C-7500,1.8,1.6,1.8
2025-08-04,2025-08-04 10:11:22.200,MO2508-C-7500,1.8,1.6,1.8
2025-08-04,2025-08-04 10:11:33.200,MO2508-C-7500,1.8,1.6,1.8
2025-08-04,2025-08-04 10:11:36.200,MO2508-C-7500,1.8,1.6,1.8
2025-08-04,2025-08-04 10:11:38.200,MO2508-C-7500,1.8,1.6,1.8
2025-08-04,2025-08-04 10:11:42.200,MO2508-C-7500,1.8,1.6,1.8
2025-08-04,2025-08-04 10:11:42.700,MO2508-C-7500,1.8,1.6,1.8
2025-08-04,2025-08-04 10:11:46.200,MO2508-C-7500,1.8,1.6,1.8
2025-08-04,2025-08-04 10:11:48.200,MO2508-C-7500,1.8,1.6,1.8
2025-08-04,2025-08-04 10:11:48.700,MO2508-C-7500,1.8,1.6,1.8
2025-08-04,2025-08-04 10:11:50.200,MO2508-C-7500,1.8,1.6,1.8
2025-08-04,2025-08-04 10:11:51.700,MO2508-C-7500,1.8,1.6,1.8
2025-08-04,2025-08-04 10:11:52.200,MO2508-C-7500,1.8,1.6,1.8
2025-08-04,2025-08-04 10:11:52.700,MO2508-C-7500,1.8,1.6,1.8
2025-08-04,2025-08-04 10:11:57.200,MO2508-C-7500,1.8,1.6,1.8
2025-08-04,2025-08-04 10:12:00.200,MO2508-C-7500,1.8,1.6,1.8
2025-08-04,2025-08-04 10:12:00.700,MO2508-C-7500,1.8,1.6,1.8
2025-08-04,2025-08-04 10:12:02.200,MO2508-C-7500,1.8,1.6,1.8
2025-08-04,2025-08-04 10:12:07.200,MO2508-C-7500,1.8,1.6,1.8
2025-08-04,2025-08-04 10:12:07.700,MO2508-C-7500,1.8,1.6,1.8
2025-08-04,2025-08-04 10:12:08.200,MO2508-C-7500,1.8,1.6,1.8
2025-08-04,2025-08-04 10:12:09.200,MO2508-C-7500,1.8,1.6,1.8
2025-08-04,2025-08-04 10:12:09.700,MO2508-C-7500,1.8,1.6,1.8
2025-08-04,2025-08-04 10:12:10.200,MO2508-C-7500,1.8,1.6,1.8
2025-08-04,2025-08-04 10:12:10.700,MO2508-C-7500,1.8,1.6,1.8
2025-08-04,2025-08-04 10:12:11.200,MO2508-C-7500,1.8,1.6,1.8
2025-08-04,2025-08-04 10:12:11.700,MO2508-C-7500,1.8,1.6,1.8
2025-08-04,2025-08-04 10:12:21.700,MO2508-C-7500,1.8,1.6,1.8
2025-08-04,2025-08-04 10:12:22.200,MO2508-C-7500,1.8,1.6,1.8
2025-08-04,2025-08-04 10:12:22.700,MO2508-C-7500,1.8,1.6,1.8
2025-08-04,2025-08-04 10:12:23.200,MO2508-C-7500,1.8,1.6,1.8
2025-08-04,2025-08-04 10:12:24.200,MO2508-C-7500,1.8,1.6,1.8
2025-08-04,2025-08-04 10:12:27.700,MO2508-C-7500,1.8,1.6,1.8
2025-08-04,2025-08-04 10:12:28.700,MO2508-C-7500,1.8,1.6,1.8
2025-08-04,2025-08-04 10:12:29.700,MO2508-C-7500,1.8,1.6,1.8
2025-08-04,2025-08-04 10:12:30.200,MO2508-C-7500,1.8,1.6,1.8
2025-08-04,2025-08-04 10:12:51.700,MO2508-C-7500,1.8,1.6,1.8
2025-08-04,2025-08-04 10:12:52.200,MO2508-C-7500,1.8,1.6,1.8
2025-08-04,2025-08-04 10:13:07.700,MO2508-C-7500,1.8,1.6,1.8
2025-08-04,2025-08-04 10:13:11.200,MO2508-C-7500,1.8,1.6,1.8
2025-08-04,2025-08-04 10:13:21.700,MO2508-C-7500,1.8,1.6,1.8
2025-08-04,2025-08-04 10:13:22.200,MO2508-C-7500,1.8,1.6,1.8
2025-08-04,2025-08-04 10:13:32.700,MO2508-C-7500,1.8,1.6,1.8
2025-08-04,2025-08-04 10:13:40.200,MO2508-C-7500,1.8,1.6,1.8
2025-08-04,2025-08-04 10:13:42.700,MO2508-C-7500,1.8,1.6,1.8
2025-08-04,2025-08-04 10:13:43.700,MO2508-C-7500,1.8,1.6,1.8
2025-08-04,2025-08-04 10:13:49.200,MO2508-C-7500,1.8,1.6,1.8
2025-08-04,2025-08-04 10:13:51.700,MO2508-C-7500,1.8,1.6,1.8
2025-08-04,2025-08-04 10:13:52.200,MO2508-C-7500,1.8,1.6,1.8
2025-08-04,2025-08-04 10:13:57.700,MO2508-C-7500,1.8,1.6,1.8
2025-08-04,2025-08-04 10:13:58.200,MO2508-C-7500,1.8,1.6,1.8
2025-08-04,2025-08-04 10:14:06.200,MO2508-C-7500,1.8,1.6,1.8
2025-08-04,2025-08-04 10:14:09.700,MO2508-C-7500,1.8,1.6,1.8
2025-08-04,2025-08-04 10:14:14.700,MO2508-C-7500,1.8,1.6,1.8
2025-08-04,2025-08-04 10:14:15.200,MO2508-C-7500,1.8,1.6,1.8
2025-08-04,2025-08-04 10:14:15.700,MO2508-C-7500,1.8,1.6,1.8
2025-08-04,2025-08-04 10:14:19.700,MO2508-C-7500,1.8,1.6,1.8
2025-08-04,2025-08-04 10:14:20.200,MO2508-C-7500,1.8,1.6,1.8
2025-08-04,2025-08-04 10:14:21.200,MO2508-C-7500,1.8,1.6,1.8
2025-08-04,2025-08-04 10:14:21.700,MO2508-C-7500,1.8,1.6,1.8
2025-08-04,2025-08-04 10:14:22.200,MO2508-C-7500,1.8,1.6,1.8
2025-08-04,2025-08-04 10:14:43.200,MO2508-C-7500,1.8,1.6,1.8
2025-08-04,2025-08-04 10:14:45.200,MO2508-C-7500,1.8,1.6,1.8
2025-08-04,2025-08-04 10:14:46.200,MO2508-C-7500,1.8,1.6,1.8
2025-08-04,2025-08-04 10:14:47.200,MO2508-C-7500,1.8,1.6,1.8
2025-08-04,2025-08-04 10:14:51.700,MO2508-C-7500,1.8,1.6,1.8
2025-08-04,2025-08-04 10:14:52.200,MO2508-C-7500,1.8,1.6,1.8
2025-08-04,2025-08-04 10:14:54.200,MO2508-C-7500,1.8,1.6,1.8
2025-08-04,2025-08-04 10:15:21.700,MO2508-C-7500,1.8,1.6,1.8
2025-08-04,2025-08-04 10:15:22.200,MO2508-C-7500,1.8,1.6,1.8
2025-08-04,2025-08-04 10:15:22.700,MO2508-C-7500,1.8,1.6,1.8
2025-08-04,2025-08-04 10:15:34.700,MO2508-C-7500,1.8,1.6,1.8
2025-08-04,2025-08-04 10:15:35.200,MO2508-C-7500,1.8,1.6,1.8
2025-08-04,2025-08-04 10:15:44.700,MO2508-C-7500,1.8,1.6,1.8
2025-08-04,2025-08-04 10:15:45.200,MO2508-C-7500,1.8,1.6,1.8
2025-08-04,2025-08-04 10:15:45.700,MO2508-C-7500,1.8,1.6,1.8
2025-08-04,2025-08-04 10:15:50.700,MO2508-C-7500,1.8,1.6,1.8
2025-08-04,2025-08-04 10:15:51.200,MO2508-C-7500,1.8,1.6,1.8
2025-08-04,2025-08-04 10:15:51.700,MO2508-C-7500,1.8,1.6,1.8
2025-08-04,2025-08-04 10:15:52.200,MO2508-C-7500,1.8,1.6,1.8
2025-08-04,2025-08-04 10:16:02.700,MO2508-C-7500,1.8,1.6,1.8
2025-08-04,2025-08-04 10:16:03.700,MO2508-C-7500,1.8,1.6,1.8
2025-08-04,2025-08-04 10:16:04.200,MO2508-C-7500,1.8,1.6,1.8
2025-08-04,2025-08-04 10:16:04.700,MO2508-C-7500,1.8,1.6,1.8
2025-08-04,2025-08-04 10:16:09.700,MO2508-C-7500,1.8,1.6,1.8
2025-08-04,2025-08-04 10:16:10.200,MO2508-C-7500,1.8,1.6,1.8
2025-08-04,2025-08-04 10:16:10.700,MO2508-C-7500,1.8,1.6,1.8
2025-08-04,2025-08-04 10:16:11.200,MO2508-C-7500,1.8,1.6,1.8
2025-08-04,2025-08-04 10:16:12.700,MO2508-C-7500,1.8,1.6,1.8
2025-08-04,2025-08-04 10:16:13.200,MO2508-C-7500,1.8,1.6,1.8
2025-08-04,2025-08-04 10:16:13.700,MO2508-C-7500,1.8,1.6,1.8
2025-08-04,2025-08-04 10:16:14.200,MO2508-C-7500,1.8,1.6,1.8
2025-08-04,2025-08-04 10:16:21.700,MO2508-C-7500,1.8,1.6,1.8
2025-08-04,2025-08-04 10:16:22.200,MO2508-C-7500,1.8,1.6,1.8
2025-08-04,2025-08-04 10:16:22.700,MO2508-C-7500,1.8,1.6,1.8
2025-08-04,2025-08-04 10:16:23.200,MO2508-C-7500,1.8,1.6,1.8
2025-08-04,2025-08-04 10:16:38.700,MO2508-C-7500,1.8,1.6,1.8
2025-08-04,2025-08-04 10:16:39.200,MO2508-C-7500,1.8,1.6,1.8
2025-08-04,2025-08-04 10:16:39.700,MO2508-C-7500,1.8,1.6,1.8
2025-08-04,2025-08-04 10:16:41.200,MO2508-C-7500,1.8,1.6,1.8
2025-08-04,2025-08-04 10:16:41.700,MO2508-C-7500,1.8,1.6,1.8
2025-08-04,2025-08-04 10:16:51.700,MO2508-C-7500,1.8,1.6,1.8
2025-08-04,2025-08-04 10:16:52.200,MO2508-C-7500,1.8,1.6,1.8
2025-08-04,2025-08-04 10:16:52.700,MO2508-C-7500,1.8,1.6,1.8
2025-08-04,2025-08-04 10:17:06.700,MO2508-C-7500,1.8,1.6,1.8
2025-08-04,2025-08-04 10:17:07.200,MO2508-C-7500,1.8,1.6,1.8
2025-08-04,2025-08-04 10:17:07.700,MO2508-C-7500,1.8,1.6,1.8
2025-08-04,2025-08-04 10:17:08.200,MO2508-C-7500,1.8,1.6,1.8
2025-08-04,2025-08-04 10:17:08.700,MO2508-C-7500,1.8,1.6,1.8
2025-08-04,2025-08-04 10:17:09.200,MO2508-C-7500,1.8,1.6,1.8
2025-08-04,2025-08-04 10:17:09.700,MO2508-C-7500,1.8,1.6,1.8
2025-08-04,2025-08-04 10:17:10.200,MO2508-C-7500,1.8,1.6,1.8
2025-08-04,2025-08-04 10:17:10.700,MO2508-C-7500,1.8,1.6,1.8
2025-08-04,2025-08-04 10:17:11.700,MO2508-C-7500,1.8,1.6,1.8
2025-08-04,2025-08-04 10:17:12.200,MO2508-C-7500,1.8,1.6,1.8
2025-08-04,2025-08-04 10:17:12.700,MO2508-C-7500,1.8,1.6,1.8
2025-08-04,2025-08-04 10:17:13.200,MO2508-C-7500,1.8,1.6,1.8
2025-08-04,2025-08-04 10:17:13.700,MO2508-C-7500,1.8,1.6,1.8
2025-08-04,2025-08-04 10:17:21.700,MO2508-C-7500,1.8,1.6,1.8
2025-08-04,2025-08-04 10:17:22.200,MO2508-C-7500,1.8,1.6,1.8
2025-08-04,2025-08-04 10:17:22.700,MO2508-C-7500,1.8,1.6,1.8
2025-08-04,2025-08-04 10:17:48.700,MO2508-C-7500,1.8,1.6,1.8
2025-08-04,2025-08-04 10:17:51.700,MO2508-C-7500,1.8,1.6,1.8
2025-08-04,2025-08-04 10:17:52.200,MO2508-C-7500,1.8,1.6,1.8
2025-08-04,2025-08-04 10:17:57.200,MO2508-C-7500,1.8,1.6,1.8
2025-08-04,2025-08-04 10:17:57.700,MO2508-C-7500,1.8,1.6,1.8
2025-08-04,2025-08-04 10:18:12.700,MO2508-C-7500,1.8,1.6,1.8
2025-08-04,2025-08-04 10:18:21.700,MO2508-C-7500,1.8,1.6,1.8
2025-08-04,2025-08-04 10:18:22.200,MO2508-C-7500,1.8,1.6,1.8
2025-08-04,2025-08-04 10:18:39.200,MO2508-C-7500,1.8,1.6,1.8
2025-08-04,2025-08-04 10:18:40.200,MO2508-C-7500,1.8,1.6,1.8
2025-08-04,2025-08-04 10:18:40.700,MO2508-C-7500,1.8,1.6,1.8
2025-08-04,2025-08-04 10:18:44.200,MO2508-C-7500,1.8,1.6,1.8
2025-08-04,2025-08-04 10:18:45.200,MO2508-C-7500,1.8,1.6,1.8
2025-08-04,2025-08-04 10:18:47.200,MO2508-C-7500,1.8,1.6,1.8
2025-08-04,2025-08-04 10:18:47.700,MO2508-C-7500,1.8,1.6,1.8
2025-08-04,2025-08-04 10:18:51.700,MO2508-C-7500,1.8,1.6,1.8
2025-08-04,2025-08-04 10:18:52.200,MO2508-C-7500,1.8,1.6,1.8
2025-08-04,2025-08-04 10:18:52.700,MO2508-C-7500,1.8,1.6,1.8
2025-08-04,2025-08-04 10:18:53.200,MO2508-C-7500,1.8,1.6,1.8
2025-08-04,2025-08-04 10:18:53.700,MO2508-C-7500,1.8,1.6,1.8
2025-08-04,2025-08-04 10:18:59.200,MO2508-C-7500,1.8,1.6,1.8
2025-08-04,2025-08-04 10:19:04.200,MO2508-C-7500,1.8,1.6,1.8
2025-08-04,2025-08-04 10:19:04.700,MO2508-C-7500,1.8,1.6,1.8
2025-08-04,2025-08-04 10:19:05.200,MO2508-C-7500,1.8,1.6,1.8
2025-08-04,2025-08-04 10:19:16.700,MO2508-C-7500,1.8,1.6,1.8
2025-08-04,2025-08-04 10:19:17.200,MO2508-C-7500,1.8,1.6,1.8
2025-08-04,2025-08-04 10:19:17.700,MO2508-C-7500,1.8,1.6,1.8
2025-08-04,2025-08-04 10:19:18.700,MO2508-C-7500,1.8,1.6,1.8
2025-08-04,2025-08-04 10:19:21.700,MO2508-C-7500,1.8,1.6,1.8
2025-08-04,2025-08-04 10:19:22.200,MO2508-C-7500,1.8,1.6,1.8
2025-08-04,2025-08-04 10:19:22.700,MO2508-C-7500,1.8,1.6,1.8
2025-08-04,2025-08-04 10:19:51.700,MO2508-C-7500,1.8,1.6,1.8
2025-08-04,2025-08-04 10:19:52.200,MO2508-C-7500,1.8,1.6,1.8
2025-08-04,2025-08-04 10:19:52.700,MO2508-C-7500,1.8,1.6,1.8
2025-08-04,2025-08-04 10:20:10.200,MO2508-C-7500,1.8,1.6,1.8
2025-08-04,2025-08-04 10:20:10.700,MO2508-C-7500,1.8,1.6,1.8
2025-08-04,2025-08-04 10:20:11.700,MO2508-C-7500,1.8,1.6,1.8
2025-08-04,2025-08-04 10:20:12.200,MO2508-C-7500,1.8,1.6,1.8
2025-08-04,2025-08-04 10:20:12.700,MO2508-C-7500,1.8,1.6,1.8
2025-08-04,2025-08-04 10:20:14.200,MO2508-C-7500,1.8,1.6,1.8
2025-08-04,2025-08-04 10:20:14.700,MO2508-C-7500,1.8,1.6,1.8
2025-08-04,2025-08-04 10:20:21.700,MO2508-C-7500,1.8,1.6,1.8
2025-08-04,2025-08-04 10:20:22.200,MO2508-C-7500,1.8,1.6,1.8
2025-08-04,2025-08-04 10:20:51.700,MO2508-C-7500,1.8,1.6,1.8
2025-08-04,2025-08-04 10:20:52.200,MO2508-C-7500,1.8,1.6,1.8
2025-08-04,2025-08-04 10:20:52.700,MO2508-C-7500,1.8,1.6,1.8
2025-08-04,2025-08-04 10:20:54.700,MO2508-C-7500,1.8,1.6,1.8
2025-08-04,2025-08-04 10:20:55.200,MO2508-C-7500,1.8,1.6,1.8
2025-08-04,2025-08-04 10:20:56.200,MO2508-C-7500,1.8,1.6,1.8
2025-08-04,2025-08-04 10:20:56.700,MO2508-C-7500,1.8,1.6,1.8
2025-08-04,2025-08-04 10:20:57.200,MO2508-C-7500,1.8,1.6,1.8
2025-08-04,2025-08-04 10:21:02.200,MO2508-C-7500,1.8,1.6,1.8
2025-08-04,2025-08-04 10:21:02.700,MO2508-C-7500,1.8,1.6,1.8
2025-08-04,2025-08-04 10:21:03.200,MO2508-C-7500,1.8,1.6,1.8
2025-08-04,2025-08-04 10:21:03.700,MO2508-C-7500,1.8,1.6,1.8
2025-08-04,2025-08-04 10:21:04.200,MO2508-C-7500,1.8,1.6,1.8
2025-08-04,2025-08-04 10:21:04.700,MO2508-C-7500,1.8,1.6,1.8
2025-08-04,2025-08-04 10:21:09.200,MO2508-C-7500,1.8,1.6,1.8
2025-08-04,2025-08-04 10:21:14.200,MO2508-C-7500,1.8,1.6,1.8
2025-08-04,2025-08-04 10:21:21.700,MO2508-C-7500,1.8,1.6,1.8
2025-08-04,2025-08-04 10:21:22.200,MO2508-C-7500,1.8,1.6,1.8
2025-08-04,2025-08-04 10:21:51.700,MO2508-C-7500,1.8,1.6,1.8
2025-08-04,2025-08-04 10:21:52.200,MO2508-C-7500,1.8,1.6,1.8
2025-08-04,2025-08-04 10:21:52.700,MO2508-C-7500,1.8,1.6,1.8
2025-08-04,2025-08-04 10:21:56.200,MO2508-C-7500,1.8,1.6,1.8
2025-08-04,2025-08-04 10:21:56.700,MO2508-C-7500,1.8,1.6,1.8
2025-08-04,2025-08-04 10:21:57.200,MO2508-C-7500,1.8,1.6,1.8
2025-08-04,2025-08-04 10:21:57.700,MO2508-C-7500,1.8,1.6,1.8
2025-08-04,2025-08-04 10:22:14.700,MO2508-C-7500,1.8,1.6,1.8
2025-08-04,2025-08-04 10:22:15.200,MO2508-C-7500,1.8,1.6,2.0
2025-08-04,2025-08-04 10:22:15.700,MO2508-C-7500,1.8,1.6,2.0
2025-08-04,2025-08-04 10:22:18.700,MO2508-C-7500,1.8,1.8,2.0
2025-08-04,2025-08-04 10:22:19.200,MO2508-C-7500,1.8,1.8,2.0
2025-08-04,2025-08-04 10:22:19.700,MO2508-C-7500,1.8,1.8,2.0
2025-08-04,2025-08-04 10:22:20.200,MO2508-C-7500,1.8,1.8,2.0
2025-08-04,2025-08-04 10:22:20.700,MO2508-C-7500,1.8,1.8,2.0
2025-08-04,2025-08-04 10:22:21.200,MO2508-C-7500,1.8,1.8,2.0
2025-08-04,2025-08-04 10:22:21.700,MO2508-C-7500,1.8,1.8,2.0
2025-08-04,2025-08-04 10:22:22.200,MO2508-C-7500,1.8,1.8,2.0
2025-08-04,2025-08-04 10:22:24.200,MO2508-C-7500,1.8,1.8,2.0
2025-08-04,2025-08-04 10:22:26.200,MO2508-C-7500,1.8,1.8,2.0
2025-08-04,2025-08-04 10:22:26.700,MO2508-C-7500,1.8,1.8,2.0
2025-08-04,2025-08-04 10:22:28.200,MO2508-C-7500,1.8,1.8,2.0
2025-08-04,2025-08-04 10:22:28.700,MO2508-C-7500,1.8,1.8,2.0
2025-08-04,2025-08-04 10:22:31.200,MO2508-C-7500,1.8,1.8,2.0
2025-08-04,2025-08-04 10:22:31.700,MO2508-C-7500,1.8,1.8,2.0
2025-08-04,2025-08-04 10:22:33.200,MO2508-C-7500,1.8,1.8,2.0
2025-08-04,2025-08-04 10:22:35.700,MO2508-C-7500,1.8,1.8,2.0
2025-08-04,2025-08-04 10:22:39.200,MO2508-C-7500,1.8,1.8,2.0
2025-08-04,2025-08-04 10:22:39.700,MO2508-C-7500,1.8,1.8,2.0
2025-08-04,2025-08-04 10:22:51.700,MO2508-C-7500,1.8,1.8,2.0
2025-08-04,2025-08-04 10:22:52.200,MO2508-C-7500,1.8,1.8,2.0
2025-08-04,2025-08-04 10:23:00.200,MO2508-C-7500,1.8,1.8,2.0
2025-08-04,2025-08-04 10:23:11.200,MO2508-C-7500,1.8,1.8,2.0
2025-08-04,2025-08-04 10:23:21.700,MO2508-C-7500,1.8,1.8,2.0
2025-08-04,2025-08-04 10:23:22.200,MO2508-C-7500,1.8,1.8,2.0
2025-08-04,2025-08-04 10:23:23.200,MO2508-C-7500,1.8,1.8,2.0
2025-08-04,2025-08-04 10:23:24.700,MO2508-C-7500,1.8,1.8,2.0
2025-08-04,2025-08-04 10:23:25.700,MO2508-C-7500,1.8,1.8,2.0
2025-08-04,2025-08-04 10:23:37.200,MO2508-C-7500,1.8,1.8,2.0
2025-08-04,2025-08-04 10:23:51.700,MO2508-C-7500,1.8,1.8,2.0
2025-08-04,2025-08-04 10:23:52.200,MO2508-C-7500,1.8,1.8,2.0
2025-08-04,2025-08-04 10:23:56.700,MO2508-C-7500,1.8,1.8,2.0
2025-08-04,2025-08-04 10:23:58.200,MO2508-C-7500,1.8,1.8,2.0
2025-08-04,2025-08-04 10:24:14.200,MO2508-C-7500,1.8,1.8,2.0
2025-08-04,2025-08-04 10:24:14.700,MO2508-C-7500,1.8,1.8,2.0
2025-08-04,2025-08-04 10:24:15.200,MO2508-C-7500,1.8,1.8,2.0
2025-08-04,2025-08-04 10:24:16.200,MO2508-C-7500,1.8,1.8,2.0
2025-08-04,2025-08-04 10:24:21.700,MO2508-C-7500,1.8,1.8,2.0
2025-08-04,2025-08-04 10:24:22.200,MO2508-C-7500,1.8,1.8,2.0
2025-08-04,2025-08-04 10:24:27.200,MO2508-C-7500,1.8,1.8,2.0
2025-08-04,2025-08-04 10:24:28.700,MO2508-C-7500,1.8,1.8,2.0
2025-08-04,2025-08-04 10:24:39.700,MO2508-C-7500,1.8,1.8,2.0
2025-08-04,2025-08-04 10:24:43.700,MO2508-C-7500,1.8,1.8,2.0
2025-08-04,2025-08-04 10:24:44.200,MO2508-C-7500,1.8,1.8,2.0
2025-08-04,2025-08-04 10:24:50.200,MO2508-C-7500,1.8,1.8,2.0
2025-08-04,2025-08-04 10:24:51.700,MO2508-C-7500,1.8,1.8,2.0
2025-08-04,2025-08-04 10:24:52.200,MO2508-C-7500,1.8,1.8,2.0
2025-08-04,2025-08-04 10:24:57.200,MO2508-C-7500,1.8,1.8,2.0
2025-08-04,2025-08-04 10:25:02.200,MO2508-C-7500,1.8,1.8,2.0
2025-08-04,2025-08-04 10:25:02.700,MO2508-C-7500,1.8,1.8,2.0
2025-08-04,2025-08-04 10:25:03.200,MO2508-C-7500,1.8,1.8,2.0
2025-08-04,2025-08-04 10:25:09.700,MO2508-C-7500,1.8,1.8,2.0
2025-08-04,2025-08-04 10:25:10.700,MO2508-C-7500,1.8,1.8,2.0
2025-08-04,2025-08-04 10:25:12.700,MO2508-C-7500,1.8,1.8,2.0
2025-08-04,2025-08-04 10:25:14.200,MO2508-C-7500,2.0,1.8,2.0
2025-08-04,2025-08-04 10:25:21.700,MO2508-C-7500,2.0,1.8,2.0
2025-08-04,2025-08-04 10:25:22.200,MO2508-C-7500,2.0,1.8,2.0
2025-08-04,2025-08-04 10:25:35.200,MO2508-C-7500,2.0,1.8,2.0
2025-08-04,2025-08-04 10:25:51.700,MO2508-C-7500,2.0,1.8,2.0
2025-08-04,2025-08-04 10:25:52.200,MO2508-C-7500,2.0,1.8,2.0
2025-08-04,2025-08-04 10:26:03.200,MO2508-C-7500,2.0,1.8,2.0
2025-08-04,2025-08-04 10:26:06.700,MO2508-C-7500,2.0,1.8,2.0
2025-08-04,2025-08-04 10:26:15.700,MO2508-C-7500,2.0,1.8,2.0
2025-08-04,2025-08-04 10:26:21.700,MO2508-C-7500,2.0,1.8,2.0
2025-08-04,2025-08-04 10:26:22.200,MO2508-C-7500,2.0,1.8,2.0
2025-08-04,2025-08-04 10:26:28.200,MO2508-C-7500,2.0,1.8,2.0
2025-08-04,2025-08-04 10:26:51.700,MO2508-C-7500,2.0,1.8,2.0
2025-08-04,2025-08-04 10:26:52.200,MO2508-C-7500,2.0,1.8,2.0
2025-08-04,2025-08-04 10:27:21.700,MO2508-C-7500,2.0,1.8,2.0
2025-08-04,2025-08-04 10:27:22.200,MO2508-C-7500,2.0,1.8,2.0
2025-08-04,2025-08-04 10:27:24.200,MO2508-C-7500,2.0,1.8,2.0
2025-08-04,2025-08-04 10:27:41.700,MO2508-C-7500,2.0,1.8,2.0
2025-08-04,2025-08-04 10:27:49.200,MO2508-C-7500,2.0,1.8,2.0
2025-08-04,2025-08-04 10:27:51.700,MO2508-C-7500,2.0,1.8,2.0
2025-08-04,2025-08-04 10:27:52.200,MO2508-C-7500,2.0,1.8,2.0
2025-08-04,2025-08-04 10:28:09.700,MO2508-C-7500,2.0,1.8,2.0
2025-08-04,2025-08-04 10:28:10.200,MO2508-C-7500,2.0,1.8,2.0
2025-08-04,2025-08-04 10:28:21.700,MO2508-C-7500,2.0,1.8,2.0
2025-08-04,2025-08-04 10:28:22.200,MO2508-C-7500,2.0,1.8,2.0
2025-08-04,2025-08-04 10:28:24.200,MO2508-C-7500,2.0,1.8,2.0
2025-08-04,2025-08-04 10:28:34.700,MO2508-C-7500,2.0,1.8,2.0
2025-08-04,2025-08-04 10:28:35.700,MO2508-C-7500,2.0,1.8,2.0
2025-08-04,2025-08-04 10:28:39.700,MO2508-C-7500,2.0,1.8,2.0
2025-08-04,2025-08-04 10:28:51.700,MO2508-C-7500,2.0,1.8,2.0
2025-08-04,2025-08-04 10:28:52.200,MO2508-C-7500,2.0,1.8,2.0
2025-08-04,2025-08-04 10:29:01.700,MO2508-C-7500,2.0,1.8,2.0
2025-08-04,2025-08-04 10:29:02.700,MO2508-C-7500,2.0,1.8,2.0
2025-08-04,2025-08-04 10:29:03.700,MO2508-C-7500,2.0,1.8,2.0
2025-08-04,2025-08-04 10:29:04.200,MO2508-C-7500,1.8,1.8,2.0
2025-08-04,2025-08-04 10:29:04.700,MO2508-C-7500,1.8,1.8,2.0
2025-08-04,2025-08-04 10:29:06.200,MO2508-C-7500,1.8,1.8,2.0
2025-08-04,2025-08-04 10:29:06.700,MO2508-C-7500,1.8,1.8,2.0
2025-08-04,2025-08-04 10:29:08.200,MO2508-C-7500,1.8,1.8,2.0
2025-08-04,2025-08-04 10:29:11.200,MO2508-C-7500,1.8,1.8,2.0
2025-08-04,2025-08-04 10:29:12.200,MO2508-C-7500,1.8,1.8,2.0
2025-08-04,2025-08-04 10:29:13.200,MO2508-C-7500,1.8,1.8,2.0
2025-08-04,2025-08-04 10:29:21.700,MO2508-C-7500,1.8,1.8,2.0
2025-08-04,2025-08-04 10:29:22.200,MO2508-C-7500,1.8,1.8,2.0
2025-08-04,2025-08-04 10:29:51.700,MO2508-C-7500,1.8,1.8,2.0
2025-08-04,2025-08-04 10:29:52.200,MO2508-C-7500,1.8,1.8,2.0
2025-08-04,2025-08-04 10:30:01.200,MO2508-C-7500,1.8,1.8,2.0
2025-08-04,2025-08-04 10:30:01.700,MO2508-C-7500,1.8,1.8,2.0
2025-08-04,2025-08-04 10:30:09.200,MO2508-C-7500,1.8,1.8,2.0
2025-08-04,2025-08-04 10:30:09.700,MO2508-C-7500,1.8,1.8,2.0
2025-08-04,2025-08-04 10:30:20.200,MO2508-C-7500,1.8,1.8,2.0
2025-08-04,2025-08-04 10:30:21.700,MO2508-C-7500,1.8,1.8,2.0
2025-08-04,2025-08-04 10:30:22.200,MO2508-C-7500,1.8,1.8,2.0
2025-08-04,2025-08-04 10:30:22.700,MO2508-C-7500,1.8,1.8,2.0
2025-08-04,2025-08-04 10:30:41.200,MO2508-C-7500,1.8,1.8,2.0
2025-08-04,2025-08-04 10:30:42.200,MO2508-C-7500,1.8,1.8,2.0
2025-08-04,2025-08-04 10:30:51.700,MO2508-C-7500,1.8,1.8,2.0
2025-08-04,2025-08-04 10:30:52.200,MO2508-C-7500,1.8,1.8,2.0
2025-08-04,2025-08-04 10:30:52.700,MO2508-C-7500,1.8,1.8,2.0
2025-08-04,2025-08-04 10:31:03.200,MO2508-C-7500,1.8,1.8,2.0
2025-08-04,2025-08-04 10:31:03.700,MO2508-C-7500,1.8,1.8,2.0
2025-08-04,2025-08-04 10:31:04.200,MO2508-C-7500,1.8,1.8,2.0
2025-08-04,2025-08-04 10:31:04.700,MO2508-C-7500,1.8,1.8,2.0
2025-08-04,2025-08-04 10:31:05.200,MO2508-C-7500,1.8,1.8,2.0
2025-08-04,2025-08-04 10:31:09.200,MO2508-C-7500,1.8,1.8,2.0
2025-08-04,2025-08-04 10:31:09.700,MO2508-C-7500,1.8,1.8,2.0
2025-08-04,2025-08-04 10:31:11.700,MO2508-C-7500,1.8,1.8,2.0
2025-08-04,2025-08-04 10:31:12.200,MO2508-C-7500,1.8,1.8,2.0
2025-08-04,2025-08-04 10:31:21.700,MO2508-C-7500,1.8,1.8,2.0
2025-08-04,2025-08-04 10:31:22.200,MO2508-C-7500,1.8,1.8,2.0
2025-08-04,2025-08-04 10:31:25.200,MO2508-C-7500,1.8,1.8,2.0
2025-08-04,2025-08-04 10:31:35.200,MO2508-C-7500,1.8,1.8,2.0
2025-08-04,2025-08-04 10:31:35.700,MO2508-C-7500,1.8,1.6,2.0
2025-08-04,2025-08-04 10:31:36.200,MO2508-C-7500,1.8,1.6,2.0
2025-08-04,2025-08-04 10:31:43.200,MO2508-C-7500,1.8,1.6,2.0
2025-08-04,2025-08-04 10:31:46.700,MO2508-C-7500,1.8,1.6,2.0
2025-08-04,2025-08-04 10:31:47.200,MO2508-C-7500,1.8,1.6,2.0
2025-08-04,2025-08-04 10:31:47.700,MO2508-C-7500,1.8,1.6,2.0
2025-08-04,2025-08-04 10:31:51.200,MO2508-C-7500,1.8,1.6,1.8
2025-08-04,2025-08-04 10:31:51.700,MO2508-C-7500,1.8,1.6,1.8
2025-08-04,2025-08-04 10:31:52.200,MO2508-C-7500,1.8,1.6,1.8
2025-08-04,2025-08-04 10:32:00.700,MO2508-C-7500,1.8,1.6,1.8
2025-08-04,2025-08-04 10:32:21.700,MO2508-C-7500,1.8,1.6,1.8
2025-08-04,2025-08-04 10:32:22.200,MO2508-C-7500,1.8,1.6,1.8
2025-08-04,2025-08-04 10:32:50.200,MO2508-C-7500,1.8,1.6,1.8
2025-08-04,2025-08-04 10:32:50.700,MO2508-C-7500,1.8,1.6,1.8
2025-08-04,2025-08-04 10:32:51.200,MO2508-C-7500,1.8,1.6,1.8
2025-08-04,2025-08-04 10:32:51.700,MO2508-C-7500,1.8,1.6,1.8
2025-08-04,2025-08-04 10:32:52.200,MO2508-C-7500,1.8,1.6,1.8
2025-08-04,2025-08-04 10:33:21.700,MO2508-C-7500,1.8,1.6,1.8
2025-08-04,2025-08-04 10:33:22.200,MO2508-C-7500,1.8,1.6,1.8
2025-08-04,2025-08-04 10:33:51.700,MO2508-C-7500,1.8,1.6,1.8
2025-08-04,2025-08-04 10:33:52.200,MO2508-C-7500,1.8,1.6,1.8
2025-08-04,2025-08-04 10:34:21.700,MO2508-C-7500,1.8,1.6,1.8
2025-08-04,2025-08-04 10:34:22.200,MO2508-C-7500,1.8,1.6,1.8
2025-08-04,2025-08-04 10:34:51.700,MO2508-C-7500,1.8,1.6,1.8
2025-08-04,2025-08-04 10:34:52.200,MO2508-C-7500,1.8,1.6,1.8
2025-08-04,2025-08-04 10:35:21.700,MO2508-C-7500,1.8,1.6,1.8
2025-08-04,2025-08-04 10:35:22.200,MO2508-C-7500,1.8,1.6,1.8
2025-08-04,2025-08-04 10:35:22.700,MO2508-C-7500,1.8,1.6,1.8
2025-08-04,2025-08-04 10:35:28.200,MO2508-C-7500,1.8,1.6,1.8
2025-08-04,2025-08-04 10:35:28.700,MO2508-C-7500,1.8,1.6,1.8
2025-08-04,2025-08-04 10:35:51.700,MO2508-C-7500,1.8,1.6,1.8
2025-08-04,2025-08-04 10:35:52.200,MO2508-C-7500,1.8,1.6,1.8
2025-08-04,2025-08-04 10:36:21.700,MO2508-C-7500,1.8,1.6,1.8
2025-08-04,2025-08-04 10:36:22.200,MO2508-C-7500,1.8,1.6,1.8
2025-08-04,2025-08-04 10:36:23.200,MO2508-C-7500,1.8,1.6,2.0
2025-08-04,2025-08-04 10:36:23.700,MO2508-C-7500,1.8,1.6,2.0
2025-08-04,2025-08-04 10:36:35.200,MO2508-C-7500,1.8,1.6,2.0
2025-08-04,2025-08-04 10:36:37.200,MO2508-C-7500,1.6,1.6,2.0
2025-08-04,2025-08-04 10:36:47.200,MO2508-C-7500,1.6,1.6,2.0
2025-08-04,2025-08-04 10:36:48.200,MO2508-C-7500,1.6,1.6,2.0
2025-08-04,2025-08-04 10:36:50.200,MO2508-C-7500,1.6,1.6,1.8
2025-08-04,2025-08-04 10:36:50.700,MO2508-C-7500,1.6,1.6,1.8
2025-08-04,2025-08-04 10:36:51.700,MO2508-C-7500,1.6,1.6,1.8
2025-08-04,2025-08-04 10:36:52.200,MO2508-C-7500,1.6,1.6,1.8
2025-08-04,2025-08-04 10:37:21.700,MO2508-C-7500,1.6,1.6,1.8
2025-08-04,2025-08-04 10:37:22.200,MO2508-C-7500,1.6,1.6,1.8
2025-08-04,2025-08-04 10:37:24.700,MO2508-C-7500,1.6,1.6,1.8
2025-08-04,2025-08-04 10:37:25.200,MO2508-C-7500,1.6,1.6,1.8
2025-08-04,2025-08-04 10:37:36.200,MO2508-C-7500,1.6,1.6,1.8
2025-08-04,2025-08-04 10:37:51.700,MO2508-C-7500,1.6,1.6,1.8
2025-08-04,2025-08-04 10:37:52.200,MO2508-C-7500,1.6,1.6,1.8
2025-08-04,2025-08-04 10:38:06.700,MO2508-C-7500,1.6,1.6,1.8
2025-08-04,2025-08-04 10:38:07.700,MO2508-C-7500,1.6,1.6,1.8
2025-08-04,2025-08-04 10:38:21.700,MO2508-C-7500,1.6,1.6,1.8
2025-08-04,2025-08-04 10:38:22.200,MO2508-C-7500,1.6,1.6,1.8
2025-08-04,2025-08-04 10:38:25.200,MO2508-C-7500,1.6,1.6,1.8
2025-08-04,2025-08-04 10:38:26.200,MO2508-C-7500,1.6,1.6,1.8
2025-08-04,2025-08-04 10:38:51.700,MO2508-C-7500,1.6,1.6,1.8
2025-08-04,2025-08-04 10:38:52.200,MO2508-C-7500,1.6,1.6,1.8
2025-08-04,2025-08-04 10:38:58.700,MO2508-C-7500,1.6,1.6,1.8
2025-08-04,2025-08-04 10:39:21.700,MO2508-C-7500,1.6,1.6,1.8
2025-08-04,2025-08-04 10:39:22.200,MO2508-C-7500,1.6,1.6,1.8
2025-08-04,2025-08-04 10:39:22.700,MO2508-C-7500,1.6,1.6,1.8
2025-08-04,2025-08-04 10:39:23.700,MO2508-C-7500,1.6,1.6,1.8
2025-08-04,2025-08-04 10:39:48.200,MO2508-C-7500,1.6,1.6,1.8
2025-08-04,2025-08-04 10:39:48.700,MO2508-C-7500,1.6,1.6,1.8
2025-08-04,2025-08-04 10:39:49.200,MO2508-C-7500,1.6,1.6,1.8
2025-08-04,2025-08-04 10:39:51.200,MO2508-C-7500,1.6,1.6,1.8
2025-08-04,2025-08-04 10:39:51.700,MO2508-C-7500,1.6,1.6,1.8
2025-08-04,2025-08-04 10:39:52.200,MO2508-C-7500,1.6,1.6,1.8
2025-08-04,2025-08-04 10:40:11.700,MO2508-C-7500,1.6,1.6,1.8
2025-08-04,2025-08-04 10:40:12.200,MO2508-C-7500,1.6,1.6,1.8
2025-08-04,2025-08-04 10:40:12.700,MO2508-C-7500,1.6,1.6,1.8
2025-08-04,2025-08-04 10:40:21.700,MO2508-C-7500,1.6,1.6,1.8
2025-08-04,2025-08-04 10:40:22.200,MO2508-C-7500,1.6,1.6,1.8
2025-08-04,2025-08-04 10:40:51.700,MO2508-C-7500,1.6,1.6,1.8
2025-08-04,2025-08-04 10:40:52.200,MO2508-C-7500,1.6,1.6,1.8
2025-08-04,2025-08-04 10:41:00.700,MO2508-C-7500,1.6,1.6,1.8
2025-08-04,2025-08-04 10:41:15.700,MO2508-C-7500,1.6,1.6,1.8
2025-08-04,2025-08-04 10:41:21.700,MO2508-C-7500,1.6,1.6,1.8
2025-08-04,2025-08-04 10:41:22.200,MO2508-C-7500,1.6,1.6,1.8
2025-08-04,2025-08-04 10:41:30.700,MO2508-C-7500,1.6,1.6,1.8
2025-08-04,2025-08-04 10:41:38.700,MO2508-C-7500,1.6,1.6,1.8
2025-08-04,2025-08-04 10:41:39.200,MO2508-C-7500,1.6,1.6,1.8
2025-08-04,2025-08-04 10:41:45.700,MO2508-C-7500,1.6,1.6,1.8
2025-08-04,2025-08-04 10:41:51.700,MO2508-C-7500,1.6,1.6,1.8
2025-08-04,2025-08-04 10:41:52.200,MO2508-C-7500,1.6,1.6,1.8
2025-08-04,2025-08-04 10:41:52.700,MO2508-C-7500,1.6,1.6,1.8
2025-08-04,2025-08-04 10:42:03.200,MO2508-C-7500,1.6,1.6,1.8
2025-08-04,2025-08-04 10:42:18.700,MO2508-C-7500,1.6,1.6,1.8
2025-08-04,2025-08-04 10:42:20.700,MO2508-C-7500,1.6,1.6,1.8
2025-08-04,2025-08-04 10:42:21.200,MO2508-C-7500,1.6,1.6,1.8
2025-08-04,2025-08-04 10:42:21.700,MO2508-C-7500,1.6,1.6,1.8
2025-08-04,2025-08-04 10:42:22.200,MO2508-C-7500,1.6,1.6,1.8
2025-08-04,2025-08-04 10:42:24.700,MO2508-C-7500,1.6,1.6,1.8
2025-08-04,2025-08-04 10:42:26.700,MO2508-C-7500,1.6,1.6,1.8
2025-08-04,2025-08-04 10:42:27.700,MO2508-C-7500,1.6,1.6,1.8
2025-08-04,2025-08-04 10:42:30.200,MO2508-C-7500,1.6,1.6,1.8
2025-08-04,2025-08-04 10:42:44.700,MO2508-C-7500,1.6,1.6,1.8
2025-08-04,2025-08-04 10:42:45.200,MO2508-C-7500,1.6,1.6,1.8
2025-08-04,2025-08-04 10:42:46.700,MO2508-C-7500,1.6,1.6,1.8
2025-08-04,2025-08-04 10:42:47.200,MO2508-C-7500,1.6,1.6,1.8
2025-08-04,2025-08-04 10:42:47.700,MO2508-C-7500,1.6,1.6,1.8
2025-08-04,2025-08-04 10:42:51.700,MO2508-C-7500,1.6,1.6,1.8
2025-08-04,2025-08-04 10:42:52.200,MO2508-C-7500,1.6,1.6,1.8
2025-08-04,2025-08-04 10:43:03.700,MO2508-C-7500,1.6,1.6,1.8
2025-08-04,2025-08-04 10:43:04.700,MO2508-C-7500,1.6,1.6,1.8
2025-08-04,2025-08-04 10:43:05.200,MO2508-C-7500,1.6,1.6,1.8
2025-08-04,2025-08-04 10:43:06.200,MO2508-C-7500,1.6,1.6,1.8
2025-08-04,2025-08-04 10:43:21.700,MO2508-C-7500,1.6,1.6,1.8
2025-08-04,2025-08-04 10:43:22.200,MO2508-C-7500,1.6,1.6,1.8
2025-08-04,2025-08-04 10:43:22.700,MO2508-C-7500,1.6,1.6,1.8
2025-08-04,2025-08-04 10:43:26.700,MO2508-C-7500,1.6,1.6,1.8
2025-08-04,2025-08-04 10:43:27.200,MO2508-C-7500,1.6,1.6,1.8
2025-08-04,2025-08-04 10:43:27.700,MO2508-C-7500,1.6,1.6,1.8
2025-08-04,2025-08-04 10:43:31.200,MO2508-C-7500,1.6,1.6,1.8
2025-08-04,2025-08-04 10:43:31.700,MO2508-C-7500,1.6,1.6,1.8
2025-08-04,2025-08-04 10:43:40.200,MO2508-C-7500,1.6,1.6,1.8
2025-08-04,2025-08-04 10:43:41.700,MO2508-C-7500,1.6,1.6,1.8
2025-08-04,2025-08-04 10:43:46.700,MO2508-C-7500,1.6,1.6,1.8
2025-08-04,2025-08-04 10:43:48.700,MO2508-C-7500,1.6,1.6,1.8
2025-08-04,2025-08-04 10:43:50.200,MO2508-C-7500,1.6,1.6,1.8
2025-08-04,2025-08-04 10:43:51.700,MO2508-C-7500,1.6,1.6,1.8
2025-08-04,2025-08-04 10:43:52.200,MO2508-C-7500,1.6,1.6,1.8
2025-08-04,2025-08-04 10:43:55.700,MO2508-C-7500,1.6,1.6,1.8
2025-08-04,2025-08-04 10:43:56.200,MO2508-C-7500,1.6,1.6,1.8
2025-08-04,2025-08-04 10:43:57.200,MO2508-C-7500,1.6,1.6,1.8
2025-08-04,2025-08-04 10:44:04.200,MO2508-C-7500,1.6,1.6,1.8
2025-08-04,2025-08-04 10:44:21.700,MO2508-C-7500,1.6,1.6,1.8
2025-08-04,2025-08-04 10:44:22.200,MO2508-C-7500,1.6,1.6,1.8
2025-08-04,2025-08-04 10:44:51.700,MO2508-C-7500,1.6,1.6,1.8
2025-08-04,2025-08-04 10:44:52.200,MO2508-C-7500,1.6,1.6,1.8
2025-08-04,2025-08-04 10:45:21.700,MO2508-C-7500,1.6,1.6,1.8
2025-08-04,2025-08-04 10:45:22.200,MO2508-C-7500,1.6,1.6,1.8
2025-08-04,2025-08-04 10:45:51.700,MO2508-C-7500,1.6,1.6,1.8
2025-08-04,2025-08-04 10:45:52.200,MO2508-C-7500,1.6,1.6,1.8
2025-08-04,2025-08-04 10:46:18.700,MO2508-C-7500,1.6,1.6,1.8
2025-08-04,2025-08-04 10:46:21.700,MO2508-C-7500,1.6,1.6,1.8
2025-08-04,2025-08-04 10:46:22.200,MO2508-C-7500,1.6,1.6,1.8
2025-08-04,2025-08-04 10:46:23.700,MO2508-C-7500,1.6,1.6,1.8
2025-08-04,2025-08-04 10:46:24.700,MO2508-C-7500,1.6,1.6,1.8
2025-08-04,2025-08-04 10:46:49.700,MO2508-C-7500,1.6,1.6,1.8
2025-08-04,2025-08-04 10:46:50.700,MO2508-C-7500,1.6,1.6,1.8
2025-08-04,2025-08-04 10:46:51.700,MO2508-C-7500,1.6,1.6,1.8
2025-08-04,2025-08-04 10:46:52.200,MO2508-C-7500,1.6,1.6,1.8
2025-08-04,2025-08-04 10:47:21.700,MO2508-C-7500,1.6,1.6,1.8
2025-08-04,2025-08-04 10:47:22.200,MO2508-C-7500,1.6,1.6,1.8
2025-08-04,2025-08-04 10:47:51.700,MO2508-C-7500,1.6,1.6,1.8
2025-08-04,2025-08-04 10:47:52.200,MO2508-C-7500,1.6,1.6,1.8
2025-08-04,2025-08-04 10:48:21.700,MO2508-C-7500,1.6,1.6,1.8
2025-08-04,2025-08-04 10:48:22.200,MO2508-C-7500,1.6,1.6,1.8
2025-08-04,2025-08-04 10:48:51.700,MO2508-C-7500,1.6,1.6,1.8
2025-08-04,2025-08-04 10:48:52.200,MO2508-C-7500,1.6,1.6,1.8
2025-08-04,2025-08-04 10:49:21.700,MO2508-C-7500,1.6,1.6,1.8
2025-08-04,2025-08-04 10:49:22.200,MO2508-C-7500,1.6,1.6,1.8
2025-08-04,2025-08-04 10:49:43.700,MO2508-C-7500,1.6,1.6,1.8
2025-08-04,2025-08-04 10:49:51.700,MO2508-C-7500,1.6,1.6,1.8
2025-08-04,2025-08-04 10:49:52.200,MO2508-C-7500,1.6,1.6,1.8
2025-08-04,2025-08-04 10:49:52.700,MO2508-C-7500,1.6,1.6,1.8
2025-08-04,2025-08-04 10:50:19.700,MO2508-C-7500,1.6,1.6,1.8
2025-08-04,2025-08-04 10:50:21.700,MO2508-C-7500,1.6,1.6,1.8
2025-08-04,2025-08-04 10:50:22.200,MO2508-C-7500,1.6,1.6,1.8
2025-08-04,2025-08-04 10:50:23.200,MO2508-C-7500,1.6,1.6,1.8
2025-08-04,2025-08-04 10:50:28.200,MO2508-C-7500,1.6,1.6,1.8
2025-08-04,2025-08-04 10:50:51.700,MO2508-C-7500,1.6,1.6,1.8
2025-08-04,2025-08-04 10:50:52.200,MO2508-C-7500,1.6,1.6,1.8
2025-08-04,2025-08-04 10:51:21.700,MO2508-C-7500,1.6,1.6,1.8
2025-08-04,2025-08-04 10:51:22.200,MO2508-C-7500,1.6,1.6,1.8
2025-08-04,2025-08-04 10:51:49.700,MO2508-C-7500,1.6,1.6,1.8
2025-08-04,2025-08-04 10:51:51.700,MO2508-C-7500,1.6,1.6,1.8
2025-08-04,2025-08-04 10:51:52.200,MO2508-C-7500,1.6,1.6,1.8
2025-08-04,2025-08-04 10:52:21.700,MO2508-C-7500,1.6,1.6,1.8
2025-08-04,2025-08-04 10:52:22.200,MO2508-C-7500,1.6,1.6,1.8
2025-08-04,2025-08-04 10:52:51.700,MO2508-C-7500,1.6,1.6,1.8
2025-08-04,2025-08-04 10:52:52.200,MO2508-C-7500,1.6,1.6,1.8
2025-08-04,2025-08-04 10:53:14.200,MO2508-C-7500,1.6,1.6,1.8
2025-08-04,2025-08-04 10:53:19.700,MO2508-C-7500,1.6,1.6,1.8
2025-08-04,2025-08-04 10:53:20.700,MO2508-C-7500,1.6,1.6,1.8
2025-08-04,2025-08-04 10:53:21.700,MO2508-C-7500,1.6,1.6,1.8
2025-08-04,2025-08-04 10:53:22.200,MO2508-C-7500,1.6,1.6,1.8
2025-08-04,2025-08-04 10:53:51.700,MO2508-C-7500,1.6,1.6,1.8
2025-08-04,2025-08-04 10:53:52.200,MO2508-C-7500,1.6,1.6,1.8
2025-08-04,2025-08-04 10:53:54.700,MO2508-C-7500,1.6,1.6,1.8
2025-08-04,2025-08-04 10:54:21.700,MO2508-C-7500,1.6,1.6,1.8
2025-08-04,2025-08-04 10:54:22.200,MO2508-C-7500,1.6,1.6,1.8
2025-08-04,2025-08-04 10:54:51.700,MO2508-C-7500,1.6,1.6,1.8
2025-08-04,2025-08-04 10:54:52.200,MO2508-C-7500,1.6,1.6,1.8
2025-08-04,2025-08-04 10:55:21.700,MO2508-C-7500,1.6,1.6,1.8
2025-08-04,2025-08-04 10:55:22.200,MO2508-C-7500,1.6,1.6,1.8
2025-08-04,2025-08-04 10:55:24.700,MO2508-C-7500,1.6,1.6,1.8
2025-08-04,2025-08-04 10:55:51.700,MO2508-C-7500,1.6,1.6,1.8
2025-08-04,2025-08-04 10:55:52.200,MO2508-C-7500,1.6,1.6,1.8
2025-08-04,2025-08-04 10:56:21.700,MO2508-C-7500,1.6,1.6,1.8
2025-08-04,2025-08-04 10:56:22.200,MO2508-C-7500,1.6,1.6,1.8
2025-08-04,2025-08-04 10:56:26.200,MO2508-C-7500,1.6,1.6,1.8
2025-08-04,2025-08-04 10:56:26.700,MO2508-C-7500,1.6,1.6,1.8
2025-08-04,2025-08-04 10:56:31.200,MO2508-C-7500,1.6,1.6,1.8
2025-08-04,2025-08-04 10:56:31.700,MO2508-C-7500,1.6,1.6,1.8
2025-08-04,2025-08-04 10:56:37.200,MO2508-C-7500,1.6,1.6,1.8
2025-08-04,2025-08-04 10:56:51.700,MO2508-C-7500,1.6,1.6,1.8
2025-08-04,2025-08-04 10:56:52.200,MO2508-C-7500,1.6,1.6,1.8
2025-08-04,2025-08-04 10:56:55.200,MO2508-C-7500,1.6,1.6,1.8
2025-08-04,2025-08-04 10:56:57.200,MO2508-C-7500,1.6,1.6,1.8
2025-08-04,2025-08-04 10:57:21.700,MO2508-C-7500,1.6,1.6,1.8
2025-08-04,2025-08-04 10:57:22.200,MO2508-C-7500,1.6,1.6,1.8
2025-08-04,2025-08-04 10:57:51.700,MO2508-C-7500,1.6,1.6,1.8
2025-08-04,2025-08-04 10:57:52.200,MO2508-C-7500,1.6,1.6,1.8
2025-08-04,2025-08-04 10:58:21.700,MO2508-C-7500,1.6,1.6,1.8
2025-08-04,2025-08-04 10:58:22.200,MO2508-C-7500,1.6,1.6,1.8
2025-08-04,2025-08-04 10:58:51.700,MO2508-C-7500,1.6,1.6,1.8
2025-08-04,2025-08-04 10:58:52.200,MO2508-C-7500,1.6,1.6,1.8
2025-08-04,2025-08-04 10:58:56.200,MO2508-C-7500,1.6,1.6,1.8
2025-08-04,2025-08-04 10:59:10.700,MO2508-C-7500,1.6,1.6,1.8
2025-08-04,2025-08-04 10:59:11.200,MO2508-C-7500,1.6,1.6,1.8
2025-08-04,2025-08-04 10:59:21.700,MO2508-C-7500,1.6,1.6,1.8
2025-08-04,2025-08-04 10:59:22.200,MO2508-C-7500,1.6,1.6,1.8
2025-08-04,2025-08-04 10:59:51.700,MO2508-C-7500,1.6,1.6,1.8
2025-08-04,2025-08-04 10:59:52.200,MO2508-C-7500,1.6,1.6,1.8
2025-08-04,2025-08-04 11:00:21.700,MO2508-C-7500,1.6,1.6,1.8
2025-08-04,2025-08-04 11:00:22.200,MO2508-C-7500,1.6,1.6,1.8
2025-08-04,2025-08-04 11:00:49.200,MO2508-C-7500,1.8,1.6,1.8
2025-08-04,2025-08-04 11:00:49.700,MO2508-C-7500,1.8,1.6,1.8
2025-08-04,2025-08-04 11:00:50.200,MO2508-C-7500,1.8,1.6,1.8
2025-08-04,2025-08-04 11:00:50.700,MO2508-C-7500,1.8,1.6,1.8
2025-08-04,2025-08-04 11:00:51.700,MO2508-C-7500,1.8,1.6,1.8
2025-08-04,2025-08-04 11:00:52.200,MO2508-C-7500,1.8,1.6,1.8
2025-08-04,2025-08-04 11:01:21.700,MO2508-C-7500,1.8,1.6,1.8
2025-08-04,2025-08-04 11:01:22.200,MO2508-C-7500,1.8,1.6,1.8
2025-08-04,2025-08-04 11:01:51.700,MO2508-C-7500,1.8,1.6,1.8
2025-08-04,2025-08-04 11:01:52.200,MO2508-C-7500,1.8,1.6,1.8
2025-08-04,2025-08-04 11:02:21.700,MO2508-C-7500,1.8,1.6,1.8
2025-08-04,2025-08-04 11:02:22.200,MO2508-C-7500,1.8,1.6,1.8
2025-08-04,2025-08-04 11:02:47.200,MO2508-C-7500,1.8,1.6,1.8
2025-08-04,2025-08-04 11:02:51.700,MO2508-C-7500,1.8,1.6,1.8
2025-08-04,2025-08-04 11:02:52.200,MO2508-C-7500,1.8,1.6,1.8
2025-08-04,2025-08-04 11:02:56.700,MO2508-C-7500,1.8,1.6,1.8
2025-08-04,2025-08-04 11:03:10.700,MO2508-C-7500,1.8,1.6,1.8
2025-08-04,2025-08-04 11:03:21.700,MO2508-C-7500,1.8,1.6,1.8
2025-08-04,2025-08-04 11:03:22.200,MO2508-C-7500,1.8,1.6,1.8
2025-08-04,2025-08-04 11:03:22.700,MO2508-C-7500,1.8,1.6,1.8
2025-08-04,2025-08-04 11:03:42.200,MO2508-C-7500,1.8,1.6,1.8
2025-08-04,2025-08-04 11:03:42.700,MO2508-C-7500,1.8,1.6,1.8
2025-08-04,2025-08-04 11:03:44.700,MO2508-C-7500,1.8,1.6,1.8
2025-08-04,2025-08-04 11:03:51.700,MO2508-C-7500,1.8,1.6,1.8
2025-08-04,2025-08-04 11:03:52.200,MO2508-C-7500,1.8,1.6,1.8
2025-08-04,2025-08-04 11:03:54.200,MO2508-C-7500,1.8,1.6,1.8
2025-08-04,2025-08-04 11:04:01.200,MO2508-C-7500,1.8,1.6,1.8
2025-08-04,2025-08-04 11:04:01.700,MO2508-C-7500,1.8,1.6,1.8
2025-08-04,2025-08-04 11:04:18.700,MO2508-C-7500,1.8,1.6,1.8
2025-08-04,2025-08-04 11:04:19.200,MO2508-C-7500,1.8,1.6,1.8
2025-08-04,2025-08-04 11:04:19.700,MO2508-C-7500,1.8,1.6,1.8
2025-08-04,2025-08-04 11:04:20.700,MO2508-C-7500,1.8,1.6,1.8
2025-08-04,2025-08-04 11:04:21.700,MO2508-C-7500,1.8,1.6,1.8
2025-08-04,2025-08-04 11:04:22.200,MO2508-C-7500,1.8,1.6,1.8
2025-08-04,2025-08-04 11:04:29.700,MO2508-C-7500,1.8,1.6,1.8
2025-08-04,2025-08-04 11:04:30.700,MO2508-C-7500,1.8,1.6,1.8
2025-08-04,2025-08-04 11:04:31.200,MO2508-C-7500,1.8,1.6,1.8
2025-08-04,2025-08-04 11:04:31.700,MO2508-C-7500,1.8,1.6,1.8
2025-08-04,2025-08-04 11:04:32.200,MO2508-C-7500,1.8,1.6,1.8
2025-08-04,2025-08-04 11:04:33.700,MO2508-C-7500,1.8,1.6,1.8
2025-08-04,2025-08-04 11:04:34.200,MO2508-C-7500,1.8,1.6,1.8
2025-08-04,2025-08-04 11:04:51.700,MO2508-C-7500,1.8,1.6,1.8
2025-08-04,2025-08-04 11:04:52.200,MO2508-C-7500,1.8,1.6,1.8
2025-08-04,2025-08-04 11:05:21.700,MO2508-C-7500,1.8,1.6,1.8
2025-08-04,2025-08-04 11:05:22.200,MO2508-C-7500,1.8,1.6,1.8
2025-08-04,2025-08-04 11:05:22.700,MO2508-C-7500,1.8,1.6,1.8
2025-08-04,2025-08-04 11:05:24.200,MO2508-C-7500,1.8,1.6,1.8
2025-08-04,2025-08-04 11:05:24.700,MO2508-C-7500,1.8,1.6,1.8
2025-08-04,2025-08-04 11:05:37.200,MO2508-C-7500,1.8,1.6,1.8
2025-08-04,2025-08-04 11:05:38.200,MO2508-C-7500,1.8,1.6,1.8
2025-08-04,2025-08-04 11:05:38.700,MO2508-C-7500,1.8,1.6,1.8
2025-08-04,2025-08-04 11:05:40.700,MO2508-C-7500,1.8,1.6,1.8
2025-08-04,2025-08-04 11:05:51.700,MO2508-C-7500,1.8,1.6,1.8
2025-08-04,2025-08-04 11:05:52.200,MO2508-C-7500,1.8,1.6,1.8
2025-08-04,2025-08-04 11:06:18.200,MO2508-C-7500,1.8,1.6,1.8
2025-08-04,2025-08-04 11:06:18.700,MO2508-C-7500,1.8,1.6,1.8
2025-08-04,2025-08-04 11:06:20.700,MO2508-C-7500,1.8,1.6,1.8
2025-08-04,2025-08-04 11:06:21.200,MO2508-C-7500,1.8,1.6,1.8
2025-08-04,2025-08-04 11:06:21.700,MO2508-C-7500,1.8,1.6,1.8
2025-08-04,2025-08-04 11:06:22.200,MO2508-C-7500,1.8,1.6,1.8
2025-08-04,2025-08-04 11:06:27.200,MO2508-C-7500,1.8,1.6,1.8
2025-08-04,2025-08-04 11:06:29.200,MO2508-C-7500,1.8,1.6,1.8
2025-08-04,2025-08-04 11:06:29.700,MO2508-C-7500,1.8,1.6,1.8
2025-08-04,2025-08-04 11:06:36.700,MO2508-C-7500,1.8,1.6,1.8
2025-08-04,2025-08-04 11:06:40.200,MO2508-C-7500,1.8,1.6,1.8
2025-08-04,2025-08-04 11:06:49.700,MO2508-C-7500,1.8,1.6,1.8
2025-08-04,2025-08-04 11:06:50.200,MO2508-C-7500,1.8,1.6,1.8
2025-08-04,2025-08-04 11:06:51.700,MO2508-C-7500,1.8,1.6,1.8
2025-08-04,2025-08-04 11:06:52.200,MO2508-C-7500,1.8,1.6,1.8
2025-08-04,2025-08-04 11:07:00.200,MO2508-C-7500,1.8,1.6,1.8
2025-08-04,2025-08-04 11:07:21.700,MO2508-C-7500,1.8,1.6,1.8
2025-08-04,2025-08-04 11:07:22.200,MO2508-C-7500,1.8,1.6,1.8
2025-08-04,2025-08-04 11:07:37.200,MO2508-C-7500,1.8,1.6,1.8
2025-08-04,2025-08-04 11:07:37.700,MO2508-C-7500,1.8,1.6,1.8
2025-08-04,2025-08-04 11:07:51.700,MO2508-C-7500,1.8,1.6,1.8
2025-08-04,2025-08-04 11:07:52.200,MO2508-C-7500,1.8,1.6,1.8
2025-08-04,2025-08-04 11:08:21.700,MO2508-C-7500,1.8,1.6,1.8
2025-08-04,2025-08-04 11:08:22.200,MO2508-C-7500,1.8,1.6,1.8
2025-08-04,2025-08-04 11:08:51.700,MO2508-C-7500,1.8,1.6,1.8
2025-08-04,2025-08-04 11:08:52.200,MO2508-C-7500,1.8,1.6,1.8
2025-08-04,2025-08-04 11:09:21.700,MO2508-C-7500,1.8,1.6,1.8
2025-08-04,2025-08-04 11:09:22.200,MO2508-C-7500,1.8,1.6,1.8
2025-08-04,2025-08-04 11:09:51.700,MO2508-C-7500,1.8,1.6,1.8
2025-08-04,2025-08-04 11:09:52.200,MO2508-C-7500,1.8,1.6,1.8
2025-08-04,2025-08-04 11:10:05.700,MO2508-C-7500,1.8,1.6,1.8
2025-08-04,2025-08-04 11:10:21.700,MO2508-C-7500,1.8,1.6,1.8
2025-08-04,2025-08-04 11:10:22.200,MO2508-C-7500,1.8,1.6,1.8
2025-08-04,2025-08-04 11:10:51.700,MO2508-C-7500,1.8,1.6,1.8
2025-08-04,2025-08-04 11:10:52.200,MO2508-C-7500,1.8,1.6,1.8
2025-08-04,2025-08-04 11:10:53.200,MO2508-C-7500,1.8,1.6,1.8
2025-08-04,2025-08-04 11:11:21.700,MO2508-C-7500,1.8,1.6,1.8
2025-08-04,2025-08-04 11:11:22.200,MO2508-C-7500,1.8,1.6,1.8
2025-08-04,2025-08-04 11:11:51.700,MO2508-C-7500,1.8,1.6,1.8
2025-08-04,2025-08-04 11:11:52.200,MO2508-C-7500,1.8,1.6,1.8
2025-08-04,2025-08-04 11:12:21.700,MO2508-C-7500,1.8,1.6,1.8
2025-08-04,2025-08-04 11:12:22.200,MO2508-C-7500,1.8,1.6,1.8
2025-08-04,2025-08-04 11:12:46.200,MO2508-C-7500,1.8,1.6,1.8
2025-08-04,2025-08-04 11:12:46.700,MO2508-C-7500,1.8,1.6,1.8
2025-08-04,2025-08-04 11:12:47.200,MO2508-C-7500,1.8,1.6,1.8
2025-08-04,2025-08-04 11:12:47.700,MO2508-C-7500,1.8,1.6,1.8
2025-08-04,2025-08-04 11:12:48.200,MO2508-C-7500,1.8,1.6,1.8
2025-08-04,2025-08-04 11:12:51.700,MO2508-C-7500,1.8,1.6,1.8
2025-08-04,2025-08-04 11:12:52.200,MO2508-C-7500,1.8,1.6,1.8
2025-08-04,2025-08-04 11:13:21.700,MO2508-C-7500,1.8,1.6,1.8
2025-08-04,2025-08-04 11:13:22.200,MO2508-C-7500,1.8,1.6,1.8
2025-08-04,2025-08-04 11:13:32.200,MO2508-C-7500,1.8,1.6,1.8
2025-08-04,2025-08-04 11:13:51.200,MO2508-C-7500,1.8,1.6,1.8
2025-08-04,2025-08-04 11:13:51.700,MO2508-C-7500,1.8,1.6,1.8
2025-08-04,2025-08-04 11:13:52.200,MO2508-C-7500,1.8,1.6,1.8
2025-08-04,2025-08-04 11:13:59.200,MO2508-C-7500,1.8,1.6,1.8
2025-08-04,2025-08-04 11:14:00.700,MO2508-C-7500,1.8,1.6,1.8
2025-08-04,2025-08-04 11:14:06.700,MO2508-C-7500,1.8,1.6,1.8
2025-08-04,2025-08-04 11:14:21.700,MO2508-C-7500,1.8,1.6,1.8
2025-08-04,2025-08-04 11:14:22.200,MO2508-C-7500,1.8,1.6,1.8
2025-08-04,2025-08-04 11:14:51.700,MO2508-C-7500,1.8,1.6,1.8
2025-08-04,2025-08-04 11:14:52.200,MO2508-C-7500,1.8,1.6,1.8
2025-08-04,2025-08-04 11:15:21.700,MO2508-C-7500,1.8,1.6,1.8
2025-08-04,2025-08-04 11:15:22.200,MO2508-C-7500,1.8,1.6,1.8
2025-08-04,2025-08-04 11:15:31.200,MO2508-C-7500,1.8,1.6,1.8
2025-08-04,2025-08-04 11:15:32.200,MO2508-C-7500,1.8,1.6,1.8
2025-08-04,2025-08-04 11:15:40.700,MO2508-C-7500,1.8,1.6,1.8
2025-08-04,2025-08-04 11:15:42.200,MO2508-C-7500,1.8,1.6,1.8
2025-08-04,2025-08-04 11:15:51.700,MO2508-C-7500,1.8,1.6,1.8
2025-08-04,2025-08-04 11:15:52.200,MO2508-C-7500,1.8,1.6,1.8
2025-08-04,2025-08-04 11:16:04.200,MO2508-C-7500,1.8,1.6,1.8
2025-08-04,2025-08-04 11:16:05.700,MO2508-C-7500,1.8,1.6,1.8
2025-08-04,2025-08-04 11:16:10.200,MO2508-C-7500,1.8,1.6,1.8
2025-08-04,2025-08-04 11:16:10.700,MO2508-C-7500,1.8,1.6,1.8
2025-08-04,2025-08-04 11:16:11.200,MO2508-C-7500,1.8,1.6,1.8
2025-08-04,2025-08-04 11:16:13.700,MO2508-C-7500,1.8,1.6,1.8
2025-08-04,2025-08-04 11:16:14.700,MO2508-C-7500,1.8,1.6,1.8
2025-08-04,2025-08-04 11:16:21.700,MO2508-C-7500,1.8,1.6,1.8
2025-08-04,2025-08-04 11:16:22.200,MO2508-C-7500,1.8,1.6,1.8
2025-08-04,2025-08-04 11:16:23.200,MO2508-C-7500,1.8,1.6,1.8
2025-08-04,2025-08-04 11:16:24.700,MO2508-C-7500,1.8,1.6,1.8
2025-08-04,2025-08-04 11:16:25.700,MO2508-C-7500,1.8,1.6,1.8
2025-08-04,2025-08-04 11:16:26.700,MO2508-C-7500,1.8,1.6,1.8
2025-08-04,2025-08-04 11:16:38.200,MO2508-C-7500,1.8,1.6,1.8
2025-08-04,2025-08-04 11:16:51.700,MO2508-C-7500,1.8,1.6,1.8
2025-08-04,2025-08-04 11:16:52.200,MO2508-C-7500,1.8,1.6,1.8
2025-08-04,2025-08-04 11:16:54.200,MO2508-C-7500,1.8,1.6,1.8
2025-08-04,2025-08-04 11:17:10.700,MO2508-C-7500,1.8,1.6,1.8
2025-08-04,2025-08-04 11:17:21.700,MO2508-C-7500,1.8,1.6,1.8
2025-08-04,2025-08-04 11:17:22.200,MO2508-C-7500,1.8,1.6,1.8
2025-08-04,2025-08-04 11:17:51.700,MO2508-C-7500,1.8,1.6,1.8
2025-08-04,2025-08-04 11:17:52.200,MO2508-C-7500,1.8,1.6,1.8
2025-08-04,2025-08-04 11:18:07.200,MO2508-C-7500,1.8,1.6,1.8
2025-08-04,2025-08-04 11:18:07.700,MO2508-C-7500,1.8,1.6,1.8
2025-08-04,2025-08-04 11:18:15.200,MO2508-C-7500,1.8,1.6,1.8
2025-08-04,2025-08-04 11:18:21.700,MO2508-C-7500,1.8,1.6,1.8
2025-08-04,2025-08-04 11:18:22.200,MO2508-C-7500,1.8,1.6,1.8
2025-08-04,2025-08-04 11:18:32.700,MO2508-C-7500,1.8,1.6,1.8
2025-08-04,2025-08-04 11:18:34.200,MO2508-C-7500,1.8,1.6,1.8
2025-08-04,2025-08-04 11:18:34.700,MO2508-C-7500,1.8,1.6,1.8
2025-08-04,2025-08-04 11:18:51.700,MO2508-C-7500,1.8,1.6,1.8
2025-08-04,2025-08-04 11:18:52.200,MO2508-C-7500,1.8,1.6,1.8
2025-08-04,2025-08-04 11:19:21.700,MO2508-C-7500,1.8,1.6,1.8
2025-08-04,2025-08-04 11:19:22.200,MO2508-C-7500,1.8,1.6,1.8
2025-08-04,2025-08-04 11:19:45.200,MO2508-C-7500,1.8,1.6,1.8
2025-08-04,2025-08-04 11:19:51.700,MO2508-C-7500,1.8,1.6,1.8
2025-08-04,2025-08-04 11:19:52.200,MO2508-C-7500,1.8,1.6,1.8
2025-08-04,2025-08-04 11:19:52.700,MO2508-C-7500,1.8,1.6,1.8
2025-08-04,2025-08-04 11:19:53.200,MO2508-C-7500,1.8,1.6,1.8
2025-08-04,2025-08-04 11:20:21.700,MO2508-C-7500,1.8,1.6,1.8
2025-08-04,2025-08-04 11:20:22.200,MO2508-C-7500,1.8,1.6,1.8
2025-08-04,2025-08-04 11:20:22.700,MO2508-C-7500,1.8,1.6,1.8
2025-08-04,2025-08-04 11:20:27.700,MO2508-C-7500,1.8,1.6,1.8
2025-08-04,2025-08-04 11:20:28.200,MO2508-C-7500,1.8,1.6,1.8
2025-08-04,2025-08-04 11:20:29.700,MO2508-C-7500,1.8,1.6,1.8
2025-08-04,2025-08-04 11:20:30.200,MO2508-C-7500,1.8,1.6,1.8
2025-08-04,2025-08-04 11:20:30.700,MO2508-C-7500,1.8,1.6,1.8
2025-08-04,2025-08-04 11:20:31.200,MO2508-C-7500,1.8,1.6,1.8
2025-08-04,2025-08-04 11:20:33.200,MO2508-C-7500,1.8,1.6,1.8
2025-08-04,2025-08-04 11:20:33.700,MO2508-C-7500,1.8,1.6,1.8
2025-08-04,2025-08-04 11:20:34.200,MO2508-C-7500,1.8,1.6,1.8
2025-08-04,2025-08-04 11:20:34.700,MO2508-C-7500,1.8,1.6,1.8
2025-08-04,2025-08-04 11:20:36.700,MO2508-C-7500,1.8,1.6,1.8
2025-08-04,2025-08-04 11:20:37.200,MO2508-C-7500,1.8,1.6,1.8
2025-08-04,2025-08-04 11:20:51.700,MO2508-C-7500,1.8,1.6,1.8
2025-08-04,2025-08-04 11:20:52.200,MO2508-C-7500,1.8,1.6,1.8
2025-08-04,2025-08-04 11:20:55.200,MO2508-C-7500,1.8,1.6,1.8
2025-08-04,2025-08-04 11:21:07.700,MO2508-C-7500,1.8,1.6,1.8
2025-08-04,2025-08-04 11:21:08.200,MO2508-C-7500,1.8,1.6,1.8
2025-08-04,2025-08-04 11:21:08.700,MO2508-C-7500,1.8,1.6,1.8
2025-08-04,2025-08-04 11:21:09.200,MO2508-C-7500,1.8,1.6,1.8
2025-08-04,2025-08-04 11:21:15.700,MO2508-C-7500,1.8,1.6,1.8
2025-08-04,2025-08-04 11:21:21.700,MO2508-C-7500,1.8,1.6,1.8
2025-08-04,2025-08-04 11:21:22.200,MO2508-C-7500,1.8,1.6,1.8
2025-08-04,2025-08-04 11:21:22.700,MO2508-C-7500,1.8,1.6,1.8
2025-08-04,2025-08-04 11:21:26.700,MO2508-C-7500,1.8,1.6,1.8
2025-08-04,2025-08-04 11:21:27.200,MO2508-C-7500,1.8,1.6,1.8
2025-08-04,2025-08-04 11:21:51.700,MO2508-C-7500,1.8,1.6,1.8
2025-08-04,2025-08-04 11:21:52.200,MO2508-C-7500,1.8,1.6,1.8
2025-08-04,2025-08-04 11:21:54.200,MO2508-C-7500,1.8,1.6,1.8
2025-08-04,2025-08-04 11:21:56.200,MO2508-C-7500,1.8,1.6,1.8
2025-08-04,2025-08-04 11:21:56.700,MO2508-C-7500,1.8,1.6,1.8
2025-08-04,2025-08-04 11:21:57.200,MO2508-C-7500,1.8,1.6,1.8
2025-08-04,2025-08-04 11:21:57.700,MO2508-C-7500,1.8,1.6,1.8
2025-08-04,2025-08-04 11:21:58.700,MO2508-C-7500,1.8,1.6,1.8
2025-08-04,2025-08-04 11:22:00.700,MO2508-C-7500,1.8,1.6,1.8
2025-08-04,2025-08-04 11:22:01.200,MO2508-C-7500,1.8,1.6,1.8
2025-08-04,2025-08-04 11:22:02.200,MO2508-C-7500,1.8,1.6,1.8
2025-08-04,2025-08-04 11:22:03.200,MO2508-C-7500,1.8,1.6,1.8
2025-08-04,2025-08-04 11:22:12.700,MO2508-C-7500,1.8,1.6,1.8
2025-08-04,2025-08-04 11:22:21.700,MO2508-C-7500,1.8,1.6,1.8
2025-08-04,2025-08-04 11:22:22.200,MO2508-C-7500,1.8,1.6,1.8
2025-08-04,2025-08-04 11:22:35.200,MO2508-C-7500,1.8,1.6,2.0
2025-08-04,2025-08-04 11:22:35.700,MO2508-C-7500,1.8,1.6,2.0
2025-08-04,2025-08-04 11:22:37.200,MO2508-C-7500,1.8,1.6,2.0
2025-08-04,2025-08-04 11:22:38.700,MO2508-C-7500,1.8,1.6,2.0
2025-08-04,2025-08-04 11:22:47.700,MO2508-C-7500,1.8,1.8,2.0
2025-08-04,2025-08-04 11:22:48.200,MO2508-C-7500,1.8,1.8,2.0
2025-08-04,2025-08-04 11:22:48.700,MO2508-C-7500,1.8,1.8,2.0
2025-08-04,2025-08-04 11:22:49.200,MO2508-C-7500,1.8,1.8,2.0
2025-08-04,2025-08-04 11:22:50.200,MO2508-C-7500,1.8,1.8,2.0
2025-08-04,2025-08-04 11:22:51.700,MO2508-C-7500,1.8,1.8,2.0
2025-08-04,2025-08-04 11:22:52.200,MO2508-C-7500,1.8,1.8,2.0
2025-08-04,2025-08-04 11:22:57.200,MO2508-C-7500,1.8,1.8,2.0
2025-08-04,2025-08-04 11:22:57.700,MO2508-C-7500,1.8,1.8,2.0
2025-08-04,2025-08-04 11:22:59.700,MO2508-C-7500,1.8,1.8,2.0
2025-08-04,2025-08-04 11:23:03.700,MO2508-C-7500,1.8,1.8,2.0
2025-08-04,2025-08-04 11:23:06.200,MO2508-C-7500,1.8,1.8,2.0
2025-08-04,2025-08-04 11:23:14.700,MO2508-C-7500,1.8,1.8,2.0
2025-08-04,2025-08-04 11:23:15.700,MO2508-C-7500,1.8,1.8,2.0
2025-08-04,2025-08-04 11:23:19.700,MO2508-C-7500,1.8,1.8,2.0
2025-08-04,2025-08-04 11:23:20.700,MO2508-C-7500,1.8,1.8,2.0
2025-08-04,2025-08-04 11:23:21.700,MO2508-C-7500,1.8,1.8,2.0
2025-08-04,2025-08-04 11:23:22.200,MO2508-C-7500,1.8,1.8,2.0
2025-08-04,2025-08-04 11:23:33.200,MO2508-C-7500,1.8,1.8,2.0
2025-08-04,2025-08-04 11:23:34.200,MO2508-C-7500,1.8,1.8,2.0
2025-08-04,2025-08-04 11:23:35.700,MO2508-C-7500,1.8,1.8,2.0
2025-08-04,2025-08-04 11:23:49.200,MO2508-C-7500,1.8,1.8,2.0
2025-08-04,2025-08-04 11:23:51.700,MO2508-C-7500,1.8,1.8,2.0
2025-08-04,2025-08-04 11:23:52.200,MO2508-C-7500,1.8,1.8,2.0
2025-08-04,2025-08-04 11:24:06.200,MO2508-C-7500,1.8,1.8,2.0
2025-08-04,2025-08-04 11:24:21.700,MO2508-C-7500,1.8,1.8,2.0
2025-08-04,2025-08-04 11:24:22.200,MO2508-C-7500,1.8,1.8,2.0
2025-08-04,2025-08-04 11:24:51.700,MO2508-C-7500,1.8,1.8,2.0
2025-08-04,2025-08-04 11:24:52.200,MO2508-C-7500,1.8,1.8,2.0
2025-08-04,2025-08-04 11:25:17.700,MO2508-C-7500,1.8,1.8,2.0
2025-08-04,2025-08-04 11:25:21.700,MO2508-C-7500,1.8,1.8,2.0
2025-08-04,2025-08-04 11:25:22.200,MO2508-C-7500,1.8,1.8,2.0
2025-08-04,2025-08-04 11:25:51.700,MO2508-C-7500,1.8,1.8,2.0
2025-08-04,2025-08-04 11:25:52.200,MO2508-C-7500,1.8,1.8,2.0
2025-08-04,2025-08-04 11:25:55.200,MO2508-C-7500,1.8,1.8,2.0
2025-08-04,2025-08-04 11:26:16.200,MO2508-C-7500,1.8,1.8,2.0
2025-08-04,2025-08-04 11:26:21.700,MO2508-C-7500,1.8,1.8,2.0
2025-08-04,2025-08-04 11:26:22.200,MO2508-C-7500,1.8,1.8,2.0
2025-08-04,2025-08-04 11:26:28.200,MO2508-C-7500,1.8,1.8,2.0
2025-08-04,2025-08-04 11:26:44.700,MO2508-C-7500,1.8,1.8,2.0
2025-08-04,2025-08-04 11:26:45.700,MO2508-C-7500,1.8,1.8,2.0
2025-08-04,2025-08-04 11:26:51.700,MO2508-C-7500,1.8,1.8,2.0
2025-08-04,2025-08-04 11:26:52.200,MO2508-C-7500,1.8,1.8,2.0
2025-08-04,2025-08-04 11:26:53.200,MO2508-C-7500,1.8,1.8,2.0
2025-08-04,2025-08-04 11:26:54.200,MO2508-C-7500,1.8,1.8,2.0
2025-08-04,2025-08-04 11:26:58.200,MO2508-C-7500,1.8,1.8,2.0
2025-08-04,2025-08-04 11:27:03.200,MO2508-C-7500,1.8,1.8,2.0
2025-08-04,2025-08-04 11:27:03.700,MO2508-C-7500,1.8,1.8,2.0
2025-08-04,2025-08-04 11:27:04.700,MO2508-C-7500,1.8,1.8,2.0
2025-08-04,2025-08-04 11:27:09.200,MO2508-C-7500,1.8,1.8,2.0
2025-08-04,2025-08-04 11:27:21.700,MO2508-C-7500,1.8,1.8,2.0
2025-08-04,2025-08-04 11:27:22.200,MO2508-C-7500,1.8,1.8,2.0
2025-08-04,2025-08-04 11:27:38.200,MO2508-C-7500,1.8,1.8,2.0
2025-08-04,2025-08-04 11:27:51.700,MO2508-C-7500,1.8,1.8,2.0
2025-08-04,2025-08-04 11:27:52.200,MO2508-C-7500,1.8,1.8,2.0
2025-08-04,2025-08-04 11:28:00.200,MO2508-C-7500,1.8,1.8,2.0
2025-08-04,2025-08-04 11:28:04.700,MO2508-C-7500,1.8,1.8,2.0
2025-08-04,2025-08-04 11:28:21.700,MO2508-C-7500,1.8,1.8,2.0
2025-08-04,2025-08-04 11:28:22.200,MO2508-C-7500,1.8,1.8,2.0
2025-08-04,2025-08-04 11:28:32.700,MO2508-C-7500,1.8,1.8,2.0
2025-08-04,2025-08-04 11:28:33.200,MO2508-C-7500,1.8,1.8,2.0
2025-08-04,2025-08-04 11:28:33.700,MO2508-C-7500,1.8,1.8,2.0
2025-08-04,2025-08-04 11:28:51.700,MO2508-C-7500,1.8,1.8,2.0
2025-08-04,2025-08-04 11:28:52.200,MO2508-C-7500,1.8,1.8,2.0
2025-08-04,2025-08-04 11:29:07.200,MO2508-C-7500,1.8,1.8,2.0
2025-08-04,2025-08-04 11:29:10.200,MO2508-C-7500,1.8,1.8,2.0
2025-08-04,2025-08-04 11:29:10.700,MO2508-C-7500,1.8,1.8,2.0
2025-08-04,2025-08-04 11:29:20.700,MO2508-C-7500,1.8,1.8,2.0
2025-08-04,2025-08-04 11:29:21.700,MO2508-C-7500,1.8,1.8,2.0
2025-08-04,2025-08-04 11:29:22.200,MO2508-C-7500,1.8,1.8,2.0
2025-08-04,2025-08-04 11:29:30.200,MO2508-C-7500,1.8,1.8,2.0
2025-08-04,2025-08-04 11:29:30.700,MO2508-C-7500,1.8,1.8,2.0
2025-08-04,2025-08-04 11:29:31.200,MO2508-C-7500,1.8,1.8,2.0
2025-08-04,2025-08-04 11:29:31.700,MO2508-C-7500,1.8,1.8,2.0
2025-08-04,2025-08-04 11:29:33.700,MO2508-C-7500,1.8,1.8,2.0
2025-08-04,2025-08-04 11:29:34.200,MO2508-C-7500,1.8,1.8,2.0
2025-08-04,2025-08-04 11:29:35.200,MO2508-C-7500,1.8,1.8,2.0
2025-08-04,2025-08-04 11:29:36.200,MO2508-C-7500,1.8,1.8,2.0
2025-08-04,2025-08-04 11:29:38.200,MO2508-C-7500,2.0,1.8,2.0
2025-08-04,2025-08-04 11:29:39.200,MO2508-C-7500,2.0,1.8,2.0
2025-08-04,2025-08-04 11:29:39.700,MO2508-C-7500,2.0,1.8,2.0
2025-08-04,2025-08-04 11:29:40.200,MO2508-C-7500,2.0,1.8,2.0
2025-08-04,2025-08-04 11:29:40.700,MO2508-C-7500,2.0,1.8,2.0
2025-08-04,2025-08-04 11:29:42.200,MO2508-C-7500,2.0,1.8,2.0
2025-08-04,2025-08-04 11:29:42.700,MO2508-C-7500,2.0,1.6,2.0
2025-08-04,2025-08-04 11:29:45.700,MO2508-C-7500,2.0,1.6,2.0
2025-08-04,2025-08-04 11:29:46.200,MO2508-C-7500,2.0,1.6,2.0
2025-08-04,2025-08-04 11:29:46.700,MO2508-C-7500,2.0,1.6,2.0
2025-08-04,2025-08-04 11:29:47.700,MO2508-C-7500,2.0,1.6,2.0
2025-08-04,2025-08-04 11:29:48.200,MO2508-C-7500,2.0,1.6,2.0
2025-08-04,2025-08-04 11:29:48.700,MO2508-C-7500,2.0,1.6,2.0
2025-08-04,2025-08-04 11:29:49.200,MO2508-C-7500,2.0,1.6,2.0
2025-08-04,2025-08-04 11:29:50.200,MO2508-C-7500,2.0,1.6,2.0
2025-08-04,2025-08-04 11:29:50.700,MO2508-C-7500,2.0,1.6,2.0
2025-08-04,2025-08-04 11:29:52.700,MO2508-C-7500,2.0,1.6,2.0
2025-08-04,2025-08-04 11:29:59.700,MO2508-C-7500,2.0,1.6,2.0
2025-08-04,2025-08-04 11:30:00.200,MO2508-C-7500,2.0,1.6,2.0
2025-08-04,2025-08-04 13:00:00.200,MO2508-C-7500,2.0,1.6,2.0
2025-08-04,2025-08-04 13:00:00.700,MO2508-C-7500,2.0,1.8,2.0
2025-08-04,2025-08-04 13:00:02.200,MO2508-C-7500,2.0,1.8,2.0
2025-08-04,2025-08-04 13:00:08.700,MO2508-C-7500,2.0,1.8,2.0
2025-08-04,2025-08-04 13:00:09.700,MO2508-C-7500,2.0,1.8,2.0
2025-08-04,2025-08-04 13:00:10.200,MO2508-C-7500,2.0,1.8,2.0
2025-08-04,2025-08-04 13:00:10.700,MO2508-C-7500,2.0,1.8,2.0
2025-08-04,2025-08-04 13:00:11.200,MO2508-C-7500,2.0,1.8,2.0
2025-08-04,2025-08-04 13:00:11.700,MO2508-C-7500,2.0,1.8,2.0
2025-08-04,2025-08-04 13:00:12.700,MO2508-C-7500,2.0,1.8,2.0
2025-08-04,2025-08-04 13:00:13.200,MO2508-C-7500,2.0,1.8,2.0
2025-08-04,2025-08-04 13:00:14.700,MO2508-C-7500,2.0,1.8,2.0
2025-08-04,2025-08-04 13:00:15.200,MO2508-C-7500,2.0,1.8,2.0
2025-08-04,2025-08-04 13:00:16.700,MO2508-C-7500,2.0,1.8,2.0
2025-08-04,2025-08-04 13:00:20.700,MO2508-C-7500,2.0,1.8,2.0
2025-08-04,2025-08-04 13:00:21.200,MO2508-C-7500,2.0,1.8,2.0
2025-08-04,2025-08-04 13:00:23.700,MO2508-C-7500,2.0,1.8,2.0
2025-08-04,2025-08-04 13:00:24.200,MO2508-C-7500,2.0,1.8,2.0
2025-08-04,2025-08-04 13:00:25.200,MO2508-C-7500,2.0,1.8,2.0
2025-08-04,2025-08-04 13:00:25.700,MO2508-C-7500,2.0,1.8,2.0
2025-08-04,2025-08-04 13:00:33.700,MO2508-C-7500,2.0,1.8,2.0
2025-08-04,2025-08-04 13:00:35.700,MO2508-C-7500,2.0,1.8,2.0
2025-08-04,2025-08-04 13:00:37.200,MO2508-C-7500,2.0,1.8,2.0
2025-08-04,2025-08-04 13:00:40.200,MO2508-C-7500,2.0,1.8,2.0
2025-08-04,2025-08-04 13:00:40.700,MO2508-C-7500,2.0,1.8,2.0
2025-08-04,2025-08-04 13:00:41.200,MO2508-C-7500,2.0,1.8,2.0
2025-08-04,2025-08-04 13:00:52.200,MO2508-C-7500,2.0,1.8,2.0
2025-08-04,2025-08-04 13:00:52.700,MO2508-C-7500,2.0,1.8,2.0
2025-08-04,2025-08-04 13:00:53.200,MO2508-C-7500,2.0,1.8,2.0
2025-08-04,2025-08-04 13:01:01.700,MO2508-C-7500,2.0,1.8,2.0
2025-08-04,2025-08-04 13:01:02.700,MO2508-C-7500,2.0,1.8,2.0
2025-08-04,2025-08-04 13:01:03.700,MO2508-C-7500,2.0,1.8,2.0
2025-08-04,2025-08-04 13:01:04.200,MO2508-C-7500,2.0,1.8,2.0
2025-08-04,2025-08-04 13:01:04.700,MO2508-C-7500,2.0,1.8,2.0
2025-08-04,2025-08-04 13:01:05.200,MO2508-C-7500,2.0,1.8,2.0
2025-08-04,2025-08-04 13:01:10.700,MO2508-C-7500,2.0,1.8,2.0
2025-08-04,2025-08-04 13:01:21.200,MO2508-C-7500,2.0,1.8,2.0
2025-08-04,2025-08-04 13:01:22.200,MO2508-C-7500,2.0,1.8,2.0
2025-08-04,2025-08-04 13:01:22.700,MO2508-C-7500,2.0,1.8,2.0
2025-08-04,2025-08-04 13:01:23.200,MO2508-C-7500,2.0,1.8,2.0
2025-08-04,2025-08-04 13:01:27.700,MO2508-C-7500,1.8,1.8,2.0
2025-08-04,2025-08-04 13:01:37.700,MO2508-C-7500,1.8,1.8,2.0
2025-08-04,2025-08-04 13:01:38.700,MO2508-C-7500,1.8,1.8,2.0
2025-08-04,2025-08-04 13:01:45.200,MO2508-C-7500,1.8,1.8,2.0
2025-08-04,2025-08-04 13:01:46.200,MO2508-C-7500,2.0,1.8,2.0
2025-08-04,2025-08-04 13:01:46.700,MO2508-C-7500,2.0,1.8,2.2
2025-08-04,2025-08-04 13:01:47.200,MO2508-C-7500,2.0,1.8,2.2
2025-08-04,2025-08-04 13:01:47.700,MO2508-C-7500,2.0,1.8,2.2
2025-08-04,2025-08-04 13:01:51.200,MO2508-C-7500,2.0,1.8,2.2
2025-08-04,2025-08-04 13:01:52.700,MO2508-C-7500,2.0,1.8,2.2
2025-08-04,2025-08-04 13:01:53.200,MO2508-C-7500,2.0,1.8,2.2
2025-08-04,2025-08-04 13:01:56.700,MO2508-C-7500,2.0,1.8,2.2
2025-08-04,2025-08-04 13:01:57.700,MO2508-C-7500,2.0,1.8,2.2
2025-08-04,2025-08-04 13:02:02.200,MO2508-C-7500,2.0,1.8,2.2
2025-08-04,2025-08-04 13:02:03.200,MO2508-C-7500,2.0,1.8,2.2
2025-08-04,2025-08-04 13:02:04.200,MO2508-C-7500,2.0,1.8,2.2
2025-08-04,2025-08-04 13:02:08.700,MO2508-C-7500,2.0,1.8,2.2
2025-08-04,2025-08-04 13:02:22.700,MO2508-C-7500,2.0,1.8,2.2
2025-08-04,2025-08-04 13:02:23.200,MO2508-C-7500,2.0,1.8,2.2
2025-08-04,2025-08-04 13:02:24.200,MO2508-C-7500,2.0,1.8,2.2
2025-08-04,2025-08-04 13:02:24.700,MO2508-C-7500,2.0,1.8,2.2
2025-08-04,2025-08-04 13:02:27.700,MO2508-C-7500,2.0,1.8,2.2
2025-08-04,2025-08-04 13:02:39.700,MO2508-C-7500,2.0,1.8,2.2
2025-08-04,2025-08-04 13:02:40.200,MO2508-C-7500,2.0,1.8,2.2
2025-08-04,2025-08-04 13:02:40.700,MO2508-C-7500,2.0,1.8,2.2
2025-08-04,2025-08-04 13:02:50.700,MO2508-C-7500,2.0,1.8,2.2
2025-08-04,2025-08-04 13:02:51.200,MO2508-C-7500,2.0,1.8,2.2
2025-08-04,2025-08-04 13:02:52.700,MO2508-C-7500,2.0,1.8,2.2
2025-08-04,2025-08-04 13:02:53.200,MO2508-C-7500,2.0,1.8,2.2
2025-08-04,2025-08-04 13:02:57.700,MO2508-C-7500,2.0,2.0,2.2
2025-08-04,2025-08-04 13:02:58.200,MO2508-C-7500,2.0,2.0,2.2
2025-08-04,2025-08-04 13:02:58.700,MO2508-C-7500,2.0,2.0,2.2
2025-08-04,2025-08-04 13:02:59.200,MO2508-C-7500,2.2,2.0,2.2
2025-08-04,2025-08-04 13:02:59.700,MO2508-C-7500,2.2,2.0,2.2
2025-08-04,2025-08-04 13:03:00.200,MO2508-C-7500,2.2,2.0,2.2
2025-08-04,2025-08-04 13:03:00.700,MO2508-C-7500,2.2,2.0,2.2
2025-08-04,2025-08-04 13:03:01.200,MO2508-C-7500,2.2,2.0,2.2
2025-08-04,2025-08-04 13:03:01.700,MO2508-C-7500,2.2,2.0,2.2
2025-08-04,2025-08-04 13:03:22.700,MO2508-C-7500,2.2,2.0,2.2
2025-08-04,2025-08-04 13:03:23.200,MO2508-C-7500,2.2,2.0,2.2
2025-08-04,2025-08-04 13:03:23.700,MO2508-C-7500,2.2,2.0,2.2
2025-08-04,2025-08-04 13:03:34.200,MO2508-C-7500,2.2,2.0,2.2
2025-08-04,2025-08-04 13:03:39.700,MO2508-C-7500,2.2,2.0,2.2
2025-08-04,2025-08-04 13:03:40.700,MO2508-C-7500,2.2,2.0,2.2
2025-08-04,2025-08-04 13:03:52.700,MO2508-C-7500,2.2,2.0,2.2
2025-08-04,2025-08-04 13:03:53.200,MO2508-C-7500,2.2,2.0,2.2
2025-08-04,2025-08-04 13:03:56.200,MO2508-C-7500,2.2,2.0,2.2
2025-08-04,2025-08-04 13:03:56.700,MO2508-C-7500,2.0,2.0,2.2
2025-08-04,2025-08-04 13:03:57.200,MO2508-C-7500,2.0,2.0,2.2
2025-08-04,2025-08-04 13:03:57.700,MO2508-C-7500,2.0,2.0,2.2
2025-08-04,2025-08-04 13:03:58.200,MO2508-C-7500,2.0,2.0,2.2
2025-08-04,2025-08-04 13:04:01.700,MO2508-C-7500,2.0,2.0,2.2
2025-08-04,2025-08-04 13:04:02.200,MO2508-C-7500,2.0,2.0,2.2
2025-08-04,2025-08-04 13:04:02.700,MO2508-C-7500,2.0,2.0,2.2
2025-08-04,2025-08-04 13:04:03.200,MO2508-C-7500,2.0,2.0,2.2
2025-08-04,2025-08-04 13:04:04.700,MO2508-C-7500,2.0,2.0,2.2
2025-08-04,2025-08-04 13:04:05.200,MO2508-C-7500,2.2,2.0,2.2
2025-08-04,2025-08-04 13:04:06.700,MO2508-C-7500,2.2,2.0,2.2
2025-08-04,2025-08-04 13:04:07.200,MO2508-C-7500,2.2,2.0,2.2
2025-08-04,2025-08-04 13:04:07.700,MO2508-C-7500,2.2,2.0,2.2
2025-08-04,2025-08-04 13:04:08.200,MO2508-C-7500,2.2,2.0,2.2
2025-08-04,2025-08-04 13:04:09.200,MO2508-C-7500,2.2,2.0,2.2
2025-08-04,2025-08-04 13:04:12.700,MO2508-C-7500,2.2,2.0,2.2
2025-08-04,2025-08-04 13:04:14.200,MO2508-C-7500,2.2,2.0,2.2
2025-08-04,2025-08-04 13:04:22.700,MO2508-C-7500,2.2,2.0,2.2
2025-08-04,2025-08-04 13:04:23.200,MO2508-C-7500,2.2,2.0,2.2
2025-08-04,2025-08-04 13:04:35.700,MO2508-C-7500,2.2,2.0,2.2
2025-08-04,2025-08-04 13:04:38.200,MO2508-C-7500,2.2,2.0,2.2
2025-08-04,2025-08-04 13:04:38.700,MO2508-C-7500,2.2,2.0,2.2
2025-08-04,2025-08-04 13:04:42.200,MO2508-C-7500,2.2,2.0,2.2
2025-08-04,2025-08-04 13:04:47.700,MO2508-C-7500,2.2,2.0,2.2
2025-08-04,2025-08-04 13:04:51.700,MO2508-C-7500,2.2,2.0,2.2
2025-08-04,2025-08-04 13:04:52.700,MO2508-C-7500,2.2,2.0,2.2
2025-08-04,2025-08-04 13:04:53.200,MO2508-C-7500,2.2,2.0,2.2
2025-08-04,2025-08-04 13:04:54.200,MO2508-C-7500,2.2,2.0,2.2
2025-08-04,2025-08-04 13:05:01.200,MO2508-C-7500,2.2,2.0,2.2
2025-08-04,2025-08-04 13:05:01.700,MO2508-C-7500,2.2,2.0,2.2
2025-08-04,2025-08-04 13:05:06.200,MO2508-C-7500,2.2,2.0,2.2
2025-08-04,2025-08-04 13:05:08.200,MO2508-C-7500,2.2,2.0,2.2
2025-08-04,2025-08-04 13:05:19.200,MO2508-C-7500,2.2,2.0,2.2
2025-08-04,2025-08-04 13:05:22.700,MO2508-C-7500,2.2,2.0,2.2
2025-08-04,2025-08-04 13:05:23.200,MO2508-C-7500,2.2,2.0,2.2
2025-08-04,2025-08-04 13:05:28.200,MO2508-C-7500,2.2,2.0,2.2
2025-08-04,2025-08-04 13:05:42.700,MO2508-C-7500,2.0,2.0,2.2
2025-08-04,2025-08-04 13:05:43.200,MO2508-C-7500,2.0,2.0,2.2
2025-08-04,2025-08-04 13:05:48.200,MO2508-C-7500,2.0,2.0,2.2
2025-08-04,2025-08-04 13:05:52.700,MO2508-C-7500,2.0,2.0,2.2
2025-08-04,2025-08-04 13:05:53.200,MO2508-C-7500,2.0,1.8,2.2
2025-08-04,2025-08-04 13:05:53.700,MO2508-C-7500,2.0,1.8,2.2
2025-08-04,2025-08-04 13:05:54.200,MO2508-C-7500,2.0,1.8,2.2
2025-08-04,2025-08-04 13:05:55.700,MO2508-C-7500,2.0,1.8,2.2
2025-08-04,2025-08-04 13:06:00.700,MO2508-C-7500,2.0,1.8,2.2
2025-08-04,2025-08-04 13:06:01.200,MO2508-C-7500,2.0,1.8,2.2
2025-08-04,2025-08-04 13:06:02.200,MO2508-C-7500,2.0,1.8,2.2
2025-08-04,2025-08-04 13:06:14.700,MO2508-C-7500,2.0,1.8,2.2
2025-08-04,2025-08-04 13:06:22.700,MO2508-C-7500,2.0,1.8,2.2
2025-08-04,2025-08-04 13:06:23.200,MO2508-C-7500,2.0,1.8,2.2
2025-08-04,2025-08-04 13:06:46.200,MO2508-C-7500,2.0,1.8,2.2
2025-08-04,2025-08-04 13:06:52.700,MO2508-C-7500,2.0,1.8,2.2
2025-08-04,2025-08-04 13:06:53.200,MO2508-C-7500,2.0,1.8,2.2
2025-08-04,2025-08-04 13:06:56.700,MO2508-C-7500,2.0,1.8,2.2
2025-08-04,2025-08-04 13:07:02.200,MO2508-C-7500,2.0,1.8,2.2
2025-08-04,2025-08-04 13:07:06.700,MO2508-C-7500,2.0,1.8,2.2
2025-08-04,2025-08-04 13:07:07.700,MO2508-C-7500,2.0,1.8,2.2
2025-08-04,2025-08-04 13:07:10.200,MO2508-C-7500,2.0,1.8,2.2
2025-08-04,2025-08-04 13:07:20.200,MO2508-C-7500,2.0,1.8,2.2
2025-08-04,2025-08-04 13:07:22.700,MO2508-C-7500,2.0,1.8,2.2
2025-08-04,2025-08-04 13:07:23.200,MO2508-C-7500,2.0,1.8,2.2
2025-08-04,2025-08-04 13:07:33.700,MO2508-C-7500,2.0,1.8,2.2
2025-08-04,2025-08-04 13:07:34.700,MO2508-C-7500,2.0,1.8,2.2
2025-08-04,2025-08-04 13:07:44.200,MO2508-C-7500,2.0,2.0,2.2
2025-08-04,2025-08-04 13:07:44.700,MO2508-C-7500,2.0,2.0,2.2
2025-08-04,2025-08-04 13:07:45.200,MO2508-C-7500,2.0,2.0,2.2
2025-08-04,2025-08-04 13:07:45.700,MO2508-C-7500,2.0,2.0,2.2
2025-08-04,2025-08-04 13:07:46.200,MO2508-C-7500,2.0,2.0,2.2
2025-08-04,2025-08-04 13:07:50.700,MO2508-C-7500,2.0,2.0,2.2
2025-08-04,2025-08-04 13:07:52.700,MO2508-C-7500,2.0,2.0,2.2
2025-08-04,2025-08-04 13:07:53.200,MO2508-C-7500,2.0,2.0,2.2
2025-08-04,2025-08-04 13:07:55.700,MO2508-C-7500,2.0,2.0,2.2
2025-08-04,2025-08-04 13:07:56.200,MO2508-C-7500,2.0,2.0,2.2
2025-08-04,2025-08-04 13:07:57.700,MO2508-C-7500,2.0,2.0,2.2
2025-08-04,2025-08-04 13:07:58.200,MO2508-C-7500,2.0,2.0,2.2
2025-08-04,2025-08-04 13:07:58.700,MO2508-C-7500,2.0,2.0,2.2
2025-08-04,2025-08-04 13:07:59.200,MO2508-C-7500,2.0,2.0,2.2
2025-08-04,2025-08-04 13:07:59.700,MO2508-C-7500,2.0,2.0,2.2
2025-08-04,2025-08-04 13:08:00.200,MO2508-C-7500,2.0,2.0,2.2
2025-08-04,2025-08-04 13:08:00.700,MO2508-C-7500,2.0,2.0,2.2
2025-08-04,2025-08-04 13:08:22.700,MO2508-C-7500,2.0,2.0,2.2
2025-08-04,2025-08-04 13:08:23.200,MO2508-C-7500,2.0,2.0,2.2
2025-08-04,2025-08-04 13:08:26.200,MO2508-C-7500,2.0,1.8,2.0
2025-08-04,2025-08-04 13:08:26.700,MO2508-C-7500,2.0,1.8,2.0
2025-08-04,2025-08-04 13:08:27.200,MO2508-C-7500,2.0,1.8,2.0
2025-08-04,2025-08-04 13:08:27.700,MO2508-C-7500,2.0,1.8,2.0
2025-08-04,2025-08-04 13:08:28.200,MO2508-C-7500,2.0,1.8,2.0
2025-08-04,2025-08-04 13:08:31.700,MO2508-C-7500,2.0,1.8,2.0
2025-08-04,2025-08-04 13:08:32.200,MO2508-C-7500,2.0,1.8,2.0
2025-08-04,2025-08-04 13:08:36.700,MO2508-C-7500,2.0,1.8,2.0
2025-08-04,2025-08-04 13:08:37.200,MO2508-C-7500,2.0,1.8,2.0
2025-08-04,2025-08-04 13:08:37.700,MO2508-C-7500,2.0,1.8,2.0
2025-08-04,2025-08-04 13:08:40.200,MO2508-C-7500,2.0,1.8,2.0
2025-08-04,2025-08-04 13:08:42.200,MO2508-C-7500,2.0,1.8,2.0
2025-08-04,2025-08-04 13:08:46.200,MO2508-C-7500,2.0,1.8,2.0
2025-08-04,2025-08-04 13:08:46.700,MO2508-C-7500,2.0,1.8,2.0
2025-08-04,2025-08-04 13:08:47.200,MO2508-C-7500,2.0,1.8,2.0
2025-08-04,2025-08-04 13:08:47.700,MO2508-C-7500,2.0,1.8,2.0
2025-08-04,2025-08-04 13:08:49.200,MO2508-C-7500,2.0,1.8,2.0
2025-08-04,2025-08-04 13:08:49.700,MO2508-C-7500,2.0,1.8,2.0
2025-08-04,2025-08-04 13:08:51.200,MO2508-C-7500,2.0,1.8,2.0
2025-08-04,2025-08-04 13:08:52.700,MO2508-C-7500,2.0,1.8,2.0
2025-08-04,2025-08-04 13:08:53.200,MO2508-C-7500,2.0,1.8,2.0
2025-08-04,2025-08-04 13:08:57.700,MO2508-C-7500,2.0,1.8,2.0
2025-08-04,2025-08-04 13:08:58.700,MO2508-C-7500,2.0,1.8,2.0
2025-08-04,2025-08-04 13:08:59.700,MO2508-C-7500,2.0,1.8,2.0
2025-08-04,2025-08-04 13:09:06.200,MO2508-C-7500,2.0,1.8,2.0
2025-08-04,2025-08-04 13:09:08.700,MO2508-C-7500,2.0,1.8,2.0
2025-08-04,2025-08-04 13:09:22.700,MO2508-C-7500,2.0,1.8,2.0
2025-08-04,2025-08-04 13:09:23.200,MO2508-C-7500,2.0,1.8,2.0
2025-08-04,2025-08-04 13:09:52.700,MO2508-C-7500,2.0,1.8,2.0
2025-08-04,2025-08-04 13:09:53.200,MO2508-C-7500,2.0,1.8,2.0
2025-08-04,2025-08-04 13:10:10.700,MO2508-C-7500,2.0,1.8,2.0
2025-08-04,2025-08-04 13:10:18.700,MO2508-C-7500,2.0,1.8,2.0
2025-08-04,2025-08-04 13:10:20.200,MO2508-C-7500,2.0,1.8,2.0
2025-08-04,2025-08-04 13:10:22.700,MO2508-C-7500,2.0,1.8,2.0
2025-08-04,2025-08-04 13:10:23.200,MO2508-C-7500,2.0,1.8,2.0
2025-08-04,2025-08-04 13:10:25.200,MO2508-C-7500,2.0,1.8,2.0
2025-08-04,2025-08-04 13:10:52.700,MO2508-C-7500,2.0,1.8,2.0
2025-08-04,2025-08-04 13:10:53.200,MO2508-C-7500,2.0,1.8,2.0
2025-08-04,2025-08-04 13:11:22.700,MO2508-C-7500,2.0,1.8,2.0
2025-08-04,2025-08-04 13:11:23.200,MO2508-C-7500,2.0,1.8,2.0
2025-08-04,2025-08-04 13:11:32.700,MO2508-C-7500,2.0,1.8,2.0
2025-08-04,2025-08-04 13:11:33.700,MO2508-C-7500,2.0,1.8,2.0
2025-08-04,2025-08-04 13:11:52.700,MO2508-C-7500,2.0,1.8,2.0
2025-08-04,2025-08-04 13:11:53.200,MO2508-C-7500,2.0,1.8,2.0
2025-08-04,2025-08-04 13:12:22.700,MO2508-C-7500,2.0,1.8,2.0
2025-08-04,2025-08-04 13:12:23.200,MO2508-C-7500,2.0,1.8,2.0
2025-08-04,2025-08-04 13:12:52.700,MO2508-C-7500,2.0,1.8,2.0
2025-08-04,2025-08-04 13:12:53.200,MO2508-C-7500,2.0,1.8,2.0
2025-08-04,2025-08-04 13:13:00.200,MO2508-C-7500,2.0,1.8,2.0
2025-08-04,2025-08-04 13:13:08.200,MO2508-C-7500,2.0,1.8,2.0
2025-08-04,2025-08-04 13:13:22.700,MO2508-C-7500,2.0,1.8,2.0
2025-08-04,2025-08-04 13:13:23.200,MO2508-C-7500,2.0,1.8,2.0
2025-08-04,2025-08-04 13:13:35.700,MO2508-C-7500,1.8,1.8,2.0
2025-08-04,2025-08-04 13:13:38.700,MO2508-C-7500,1.8,1.8,2.0
2025-08-04,2025-08-04 13:13:52.200,MO2508-C-7500,1.8,1.8,2.0
2025-08-04,2025-08-04 13:13:52.700,MO2508-C-7500,1.8,1.8,2.0
2025-08-04,2025-08-04 13:13:53.200,MO2508-C-7500,1.8,1.8,2.0
2025-08-04,2025-08-04 13:14:22.700,MO2508-C-7500,1.8,1.8,2.0
2025-08-04,2025-08-04 13:14:23.200,MO2508-C-7500,1.8,1.8,2.0
2025-08-04,2025-08-04 13:14:32.200,MO2508-C-7500,1.8,1.8,2.0
2025-08-04,2025-08-04 13:14:52.700,MO2508-C-7500,1.8,1.8,2.0
2025-08-04,2025-08-04 13:14:53.200,MO2508-C-7500,1.8,1.8,2.0
2025-08-04,2025-08-04 13:14:54.200,MO2508-C-7500,1.8,1.8,2.0
2025-08-04,2025-08-04 13:14:55.200,MO2508-C-7500,1.8,1.8,2.0
2025-08-04,2025-08-04 13:15:01.200,MO2508-C-7500,1.8,1.8,2.0
2025-08-04,2025-08-04 13:15:22.700,MO2508-C-7500,1.8,1.8,2.0
2025-08-04,2025-08-04 13:15:23.200,MO2508-C-7500,1.8,1.8,2.0
2025-08-04,2025-08-04 13:15:25.200,MO2508-C-7500,1.8,1.8,2.0
2025-08-04,2025-08-04 13:15:25.700,MO2508-C-7500,1.8,1.8,2.0
2025-08-04,2025-08-04 13:15:52.700,MO2508-C-7500,1.8,1.8,2.0
2025-08-04,2025-08-04 13:15:53.200,MO2508-C-7500,1.8,1.8,2.0
2025-08-04,2025-08-04 13:16:12.700,MO2508-C-7500,1.8,1.8,2.0
2025-08-04,2025-08-04 13:16:14.200,MO2508-C-7500,1.8,1.8,2.0
2025-08-04,2025-08-04 13:16:20.200,MO2508-C-7500,1.8,1.8,2.0
2025-08-04,2025-08-04 13:16:21.200,MO2508-C-7500,1.8,1.8,2.0
2025-08-04,2025-08-04 13:16:22.700,MO2508-C-7500,1.8,1.8,2.0
2025-08-04,2025-08-04 13:16:23.200,MO2508-C-7500,1.8,1.8,2.0
2025-08-04,2025-08-04 13:16:37.700,MO2508-C-7500,1.8,1.8,2.0
2025-08-04,2025-08-04 13:16:38.700,MO2508-C-7500,1.8,1.8,2.0
2025-08-04,2025-08-04 13:16:39.200,MO2508-C-7500,1.8,1.8,2.0
2025-08-04,2025-08-04 13:16:52.700,MO2508-C-7500,1.8,1.8,2.0
2025-08-04,2025-08-04 13:16:53.200,MO2508-C-7500,1.8,1.8,2.0
2025-08-04,2025-08-04 13:16:56.700,MO2508-C-7500,1.8,1.8,2.0
2025-08-04,2025-08-04 13:17:22.700,MO2508-C-7500,1.8,1.8,2.0
2025-08-04,2025-08-04 13:17:23.200,MO2508-C-7500,1.8,1.8,2.0
2025-08-04,2025-08-04 13:17:52.700,MO2508-C-7500,1.8,1.8,2.0
2025-08-04,2025-08-04 13:17:53.200,MO2508-C-7500,1.8,1.8,2.0
2025-08-04,2025-08-04 13:18:01.200,MO2508-C-7500,1.8,1.8,2.0
2025-08-04,2025-08-04 13:18:02.200,MO2508-C-7500,1.8,1.8,2.0
2025-08-04,2025-08-04 13:18:03.700,MO2508-C-7500,1.8,1.8,2.0
2025-08-04,2025-08-04 13:18:04.700,MO2508-C-7500,1.8,1.8,2.0
2025-08-04,2025-08-04 13:18:22.700,MO2508-C-7500,1.8,1.8,2.0
2025-08-04,2025-08-04 13:18:23.200,MO2508-C-7500,1.8,1.8,2.0
2025-08-04,2025-08-04 13:18:52.200,MO2508-C-7500,1.8,1.8,2.0
2025-08-04,2025-08-04 13:18:52.700,MO2508-C-7500,1.8,1.8,2.0
2025-08-04,2025-08-04 13:18:53.200,MO2508-C-7500,1.8,1.8,2.0
2025-08-04,2025-08-04 13:18:55.700,MO2508-C-7500,1.8,1.8,2.0
2025-08-04,2025-08-04 13:19:10.700,MO2508-C-7500,1.8,1.8,2.0
2025-08-04,2025-08-04 13:19:12.700,MO2508-C-7500,1.8,1.8,2.0
2025-08-04,2025-08-04 13:19:18.700,MO2508-C-7500,1.8,1.8,2.0
2025-08-04,2025-08-04 13:19:20.200,MO2508-C-7500,1.8,1.8,2.0
2025-08-04,2025-08-04 13:19:21.200,MO2508-C-7500,1.8,1.8,2.0
2025-08-04,2025-08-04 13:19:22.700,MO2508-C-7500,1.8,1.8,2.0
2025-08-04,2025-08-04 13:19:23.200,MO2508-C-7500,1.8,1.8,2.0
2025-08-04,2025-08-04 13:19:29.700,MO2508-C-7500,1.8,1.8,2.0
2025-08-04,2025-08-04 13:19:30.700,MO2508-C-7500,1.8,1.8,2.0
2025-08-04,2025-08-04 13:19:37.700,MO2508-C-7500,1.8,1.8,2.0
2025-08-04,2025-08-04 13:19:40.700,MO2508-C-7500,1.8,1.8,2.0
2025-08-04,2025-08-04 13:19:47.200,MO2508-C-7500,1.8,1.8,2.0
2025-08-04,2025-08-04 13:19:52.200,MO2508-C-7500,1.8,1.8,2.0
2025-08-04,2025-08-04 13:19:52.700,MO2508-C-7500,1.8,1.8,2.0
2025-08-04,2025-08-04 13:19:53.200,MO2508-C-7500,1.8,1.8,2.0
2025-08-04,2025-08-04 13:19:54.700,MO2508-C-7500,2.0,1.8,2.0
2025-08-04,2025-08-04 13:19:55.200,MO2508-C-7500,2.0,1.8,2.0
2025-08-04,2025-08-04 13:19:55.700,MO2508-C-7500,2.0,1.8,2.0
2025-08-04,2025-08-04 13:20:22.700,MO2508-C-7500,2.0,1.8,2.0
2025-08-04,2025-08-04 13:20:23.200,MO2508-C-7500,2.0,1.8,2.0
2025-08-04,2025-08-04 13:20:48.700,MO2508-C-7500,2.0,1.8,2.0
2025-08-04,2025-08-04 13:20:49.200,MO2508-C-7500,2.0,1.8,2.0
2025-08-04,2025-08-04 13:20:51.200,MO2508-C-7500,2.0,1.8,2.0
2025-08-04,2025-08-04 13:20:52.700,MO2508-C-7500,2.0,1.8,2.0
2025-08-04,2025-08-04 13:20:53.200,MO2508-C-7500,2.0,1.8,2.0
2025-08-04,2025-08-04 13:20:53.700,MO2508-C-7500,2.0,1.8,2.0
2025-08-04,2025-08-04 13:21:03.700,MO2508-C-7500,2.0,1.8,2.0
2025-08-04,2025-08-04 13:21:04.200,MO2508-C-7500,2.0,1.8,2.0
2025-08-04,2025-08-04 13:21:07.200,MO2508-C-7500,2.0,1.8,2.0
2025-08-04,2025-08-04 13:21:08.700,MO2508-C-7500,2.0,1.8,2.0
2025-08-04,2025-08-04 13:21:09.200,MO2508-C-7500,2.0,1.8,2.0
2025-08-04,2025-08-04 13:21:09.700,MO2508-C-7500,2.0,1.8,2.0
2025-08-04,2025-08-04 13:21:17.200,MO2508-C-7500,2.0,1.8,2.0
2025-08-04,2025-08-04 13:21:20.700,MO2508-C-7500,2.0,1.8,2.0
2025-08-04,2025-08-04 13:21:21.200,MO2508-C-7500,2.0,1.8,2.0
2025-08-04,2025-08-04 13:21:21.700,MO2508-C-7500,2.0,1.8,2.0
2025-08-04,2025-08-04 13:21:22.700,MO2508-C-7500,2.0,1.8,2.0
2025-08-04,2025-08-04 13:21:23.200,MO2508-C-7500,2.0,1.8,2.0
2025-08-04,2025-08-04 13:21:31.700,MO2508-C-7500,2.0,1.8,2.0
2025-08-04,2025-08-04 13:21:45.700,MO2508-C-7500,2.0,1.8,2.0
2025-08-04,2025-08-04 13:21:52.700,MO2508-C-7500,2.0,1.8,2.0
2025-08-04,2025-08-04 13:21:53.200,MO2508-C-7500,2.0,1.8,2.0
2025-08-04,2025-08-04 13:21:57.200,MO2508-C-7500,2.0,1.8,2.0
2025-08-04,2025-08-04 13:21:57.700,MO2508-C-7500,2.0,1.8,2.0
2025-08-04,2025-08-04 13:22:22.700,MO2508-C-7500,2.0,1.8,2.0
2025-08-04,2025-08-04 13:22:23.200,MO2508-C-7500,2.0,1.8,2.0
2025-08-04,2025-08-04 13:22:23.700,MO2508-C-7500,2.0,1.8,2.0
2025-08-04,2025-08-04 13:22:52.700,MO2508-C-7500,2.0,1.8,2.0
2025-08-04,2025-08-04 13:22:53.200,MO2508-C-7500,2.0,1.8,2.0
2025-08-04,2025-08-04 13:23:02.700,MO2508-C-7500,2.0,1.8,2.0
2025-08-04,2025-08-04 13:23:03.200,MO2508-C-7500,2.0,1.8,2.0
2025-08-04,2025-08-04 13:23:04.200,MO2508-C-7500,2.0,1.8,2.0
2025-08-04,2025-08-04 13:23:05.200,MO2508-C-7500,2.0,1.8,2.0
2025-08-04,2025-08-04 13:23:22.700,MO2508-C-7500,2.0,1.8,2.0
2025-08-04,2025-08-04 13:23:23.200,MO2508-C-7500,2.0,1.8,2.0
2025-08-04,2025-08-04 13:23:52.700,MO2508-C-7500,2.0,1.8,2.0
2025-08-04,2025-08-04 13:23:53.200,MO2508-C-7500,2.0,1.8,2.0
2025-08-04,2025-08-04 13:23:55.200,MO2508-C-7500,2.0,1.8,2.0
2025-08-04,2025-08-04 13:23:58.700,MO2508-C-7500,2.0,1.8,2.0
2025-08-04,2025-08-04 13:24:07.200,MO2508-C-7500,2.0,1.8,2.0
2025-08-04,2025-08-04 13:24:18.200,MO2508-C-7500,2.0,1.8,2.0
2025-08-04,2025-08-04 13:24:22.700,MO2508-C-7500,2.0,1.8,2.0
2025-08-04,2025-08-04 13:24:23.200,MO2508-C-7500,2.0,1.8,2.0
2025-08-04,2025-08-04 13:24:51.200,MO2508-C-7500,2.0,1.8,2.0
2025-08-04,2025-08-04 13:24:52.200,MO2508-C-7500,2.0,1.8,2.0
2025-08-04,2025-08-04 13:24:52.700,MO2508-C-7500,2.0,1.8,2.0
2025-08-04,2025-08-04 13:24:53.200,MO2508-C-7500,2.0,1.8,2.0
2025-08-04,2025-08-04 13:25:22.200,MO2508-C-7500,2.0,1.8,2.0
2025-08-04,2025-08-04 13:25:22.700,MO2508-C-7500,2.0,1.8,2.0
2025-08-04,2025-08-04 13:25:23.200,MO2508-C-7500,2.0,1.8,2.0
2025-08-04,2025-08-04 13:25:52.700,MO2508-C-7500,2.0,1.8,2.0
2025-08-04,2025-08-04 13:25:53.200,MO2508-C-7500,2.0,1.8,2.0
2025-08-04,2025-08-04 13:26:22.700,MO2508-C-7500,2.0,1.8,2.0
2025-08-04,2025-08-04 13:26:23.200,MO2508-C-7500,2.0,1.8,2.0
2025-08-04,2025-08-04 13:26:52.700,MO2508-C-7500,2.0,1.8,2.0
2025-08-04,2025-08-04 13:26:53.200,MO2508-C-7500,2.0,1.8,2.0
2025-08-04,2025-08-04 13:27:06.200,MO2508-C-7500,2.0,1.8,2.0
2025-08-04,2025-08-04 13:27:22.700,MO2508-C-7500,2.0,1.8,2.0
2025-08-04,2025-08-04 13:27:23.200,MO2508-C-7500,2.0,1.8,2.0
2025-08-04,2025-08-04 13:27:36.200,MO2508-C-7500,2.0,1.8,2.0
2025-08-04,2025-08-04 13:27:52.700,MO2508-C-7500,2.0,1.8,2.0
2025-08-04,2025-08-04 13:27:53.200,MO2508-C-7500,2.0,1.8,2.0
2025-08-04,2025-08-04 13:28:01.700,MO2508-C-7500,2.0,1.8,2.0
2025-08-04,2025-08-04 13:28:02.700,MO2508-C-7500,2.0,1.8,2.0
2025-08-04,2025-08-04 13:28:07.700,MO2508-C-7500,2.0,1.8,2.0
2025-08-04,2025-08-04 13:28:22.700,MO2508-C-7500,2.0,1.8,2.0
2025-08-04,2025-08-04 13:28:23.200,MO2508-C-7500,2.0,1.8,2.0
2025-08-04,2025-08-04 13:28:52.700,MO2508-C-7500,2.0,1.8,2.0
2025-08-04,2025-08-04 13:28:53.200,MO2508-C-7500,2.0,1.8,2.0
2025-08-04,2025-08-04 13:29:22.700,MO2508-C-7500,2.0,1.8,2.0
2025-08-04,2025-08-04 13:29:23.200,MO2508-C-7500,2.0,1.8,2.0
2025-08-04,2025-08-04 13:29:41.200,MO2508-C-7500,2.0,1.8,2.2
2025-08-04,2025-08-04 13:29:41.700,MO2508-C-7500,2.0,1.8,2.2
2025-08-04,2025-08-04 13:29:42.200,MO2508-C-7500,2.0,1.8,2.2
2025-08-04,2025-08-04 13:29:52.700,MO2508-C-7500,2.0,1.8,2.2
2025-08-04,2025-08-04 13:29:53.200,MO2508-C-7500,2.0,1.8,2.2
2025-08-04,2025-08-04 13:29:55.700,MO2508-C-7500,2.0,1.8,2.2
2025-08-04,2025-08-04 13:29:56.700,MO2508-C-7500,2.0,1.8,2.2
2025-08-04,2025-08-04 13:30:22.700,MO2508-C-7500,2.0,1.8,2.2
2025-08-04,2025-08-04 13:30:23.200,MO2508-C-7500,2.0,1.8,2.2
2025-08-04,2025-08-04 13:30:25.200,MO2508-C-7500,2.0,1.8,2.2
2025-08-04,2025-08-04 13:30:25.700,MO2508-C-7500,2.0,1.8,2.2
2025-08-04,2025-08-04 13:30:48.700,MO2508-C-7500,2.0,1.8,2.2
2025-08-04,2025-08-04 13:30:49.200,MO2508-C-7500,2.0,1.8,2.2
2025-08-04,2025-08-04 13:30:51.700,MO2508-C-7500,2.0,1.8,2.2
2025-08-04,2025-08-04 13:30:52.200,MO2508-C-7500,2.0,1.8,2.2
2025-08-04,2025-08-04 13:30:52.700,MO2508-C-7500,2.0,1.8,2.2
2025-08-04,2025-08-04 13:30:53.200,MO2508-C-7500,2.0,1.8,2.2
2025-08-04,2025-08-04 13:30:55.200,MO2508-C-7500,2.0,1.8,2.2
2025-08-04,2025-08-04 13:31:09.200,MO2508-C-7500,2.2,1.8,2.2
2025-08-04,2025-08-04 13:31:09.700,MO2508-C-7500,2.2,1.8,2.2
2025-08-04,2025-08-04 13:31:10.200,MO2508-C-7500,2.2,1.8,2.2
2025-08-04,2025-08-04 13:31:10.700,MO2508-C-7500,2.2,1.8,2.2
2025-08-04,2025-08-04 13:31:11.200,MO2508-C-7500,2.2,1.8,2.2
2025-08-04,2025-08-04 13:31:13.200,MO2508-C-7500,2.2,1.8,2.2
2025-08-04,2025-08-04 13:31:13.700,MO2508-C-7500,2.2,1.8,2.2
2025-08-04,2025-08-04 13:31:22.700,MO2508-C-7500,2.2,1.8,2.2
2025-08-04,2025-08-04 13:31:23.200,MO2508-C-7500,2.2,1.8,2.2
2025-08-04,2025-08-04 13:31:52.700,MO2508-C-7500,2.2,1.8,2.2
2025-08-04,2025-08-04 13:31:53.200,MO2508-C-7500,2.2,1.8,2.2
2025-08-04,2025-08-04 13:31:53.700,MO2508-C-7500,1.8,1.8,2.2
2025-08-04,2025-08-04 13:32:00.200,MO2508-C-7500,1.8,1.8,2.2
2025-08-04,2025-08-04 13:32:02.700,MO2508-C-7500,1.8,1.8,2.2
2025-08-04,2025-08-04 13:32:04.200,MO2508-C-7500,1.8,1.8,2.2
2025-08-04,2025-08-04 13:32:16.200,MO2508-C-7500,1.8,1.8,2.2
2025-08-04,2025-08-04 13:32:22.700,MO2508-C-7500,1.8,1.8,2.2
2025-08-04,2025-08-04 13:32:23.200,MO2508-C-7500,1.8,1.8,2.2
2025-08-04,2025-08-04 13:32:37.200,MO2508-C-7500,1.8,2.0,2.2
2025-08-04,2025-08-04 13:32:37.700,MO2508-C-7500,1.8,2.0,2.2
2025-08-04,2025-08-04 13:32:38.200,MO2508-C-7500,1.8,2.0,2.2
2025-08-04,2025-08-04 13:32:40.200,MO2508-C-7500,1.8,2.0,2.2
2025-08-04,2025-08-04 13:32:45.700,MO2508-C-7500,1.8,2.0,2.2
2025-08-04,2025-08-04 13:32:46.200,MO2508-C-7500,1.8,2.0,2.2
2025-08-04,2025-08-04 13:32:46.700,MO2508-C-7500,1.8,2.0,2.2
2025-08-04,2025-08-04 13:32:52.200,MO2508-C-7500,1.8,2.0,2.2
2025-08-04,2025-08-04 13:32:52.700,MO2508-C-7500,1.8,2.0,2.2
2025-08-04,2025-08-04 13:32:53.200,MO2508-C-7500,1.8,2.0,2.2
2025-08-04,2025-08-04 13:32:55.200,MO2508-C-7500,1.8,2.0,2.2
2025-08-04,2025-08-04 13:32:55.700,MO2508-C-7500,1.8,2.0,2.2
2025-08-04,2025-08-04 13:32:56.200,MO2508-C-7500,1.8,2.0,2.2
2025-08-04,2025-08-04 13:33:08.200,MO2508-C-7500,1.8,2.0,2.2
2025-08-04,2025-08-04 13:33:08.700,MO2508-C-7500,1.8,2.0,2.2
2025-08-04,2025-08-04 13:33:09.200,MO2508-C-7500,1.8,2.0,2.2
2025-08-04,2025-08-04 13:33:13.700,MO2508-C-7500,1.8,2.0,2.2
2025-08-04,2025-08-04 13:33:14.200,MO2508-C-7500,1.8,2.0,2.2
2025-08-04,2025-08-04 13:33:14.700,MO2508-C-7500,1.8,2.0,2.2
2025-08-04,2025-08-04 13:33:15.200,MO2508-C-7500,1.8,2.0,2.2
2025-08-04,2025-08-04 13:33:15.700,MO2508-C-7500,1.8,2.0,2.2
2025-08-04,2025-08-04 13:33:16.200,MO2508-C-7500,1.8,2.0,2.2
2025-08-04,2025-08-04 13:33:22.700,MO2508-C-7500,1.8,2.0,2.2
2025-08-04,2025-08-04 13:33:23.200,MO2508-C-7500,1.8,2.0,2.2
2025-08-04,2025-08-04 13:33:26.200,MO2508-C-7500,1.8,2.0,2.2
2025-08-04,2025-08-04 13:33:35.700,MO2508-C-7500,1.8,2.0,2.2
2025-08-04,2025-08-04 13:33:47.700,MO2508-C-7500,1.8,2.0,2.2
2025-08-04,2025-08-04 13:33:52.200,MO2508-C-7500,1.8,2.0,2.2
2025-08-04,2025-08-04 13:33:52.700,MO2508-C-7500,1.8,2.0,2.2
2025-08-04,2025-08-04 13:33:53.200,MO2508-C-7500,1.8,2.0,2.2
2025-08-04,2025-08-04 13:33:58.200,MO2508-C-7500,1.8,2.0,2.2
2025-08-04,2025-08-04 13:33:58.700,MO2508-C-7500,1.8,2.0,2.2
2025-08-04,2025-08-04 13:33:59.200,MO2508-C-7500,1.8,2.0,2.2
2025-08-04,2025-08-04 13:34:00.700,MO2508-C-7500,1.8,2.0,2.2
2025-08-04,2025-08-04 13:34:01.200,MO2508-C-7500,1.8,2.0,2.2
2025-08-04,2025-08-04 13:34:01.700,MO2508-C-7500,1.8,2.0,2.2
2025-08-04,2025-08-04 13:34:02.200,MO2508-C-7500,1.8,2.0,2.2
2025-08-04,2025-08-04 13:34:02.700,MO2508-C-7500,1.8,2.0,2.2
2025-08-04,2025-08-04 13:34:04.200,MO2508-C-7500,1.8,2.0,2.2
2025-08-04,2025-08-04 13:34:04.700,MO2508-C-7500,1.8,2.0,2.2
2025-08-04,2025-08-04 13:34:05.200,MO2508-C-7500,1.8,2.0,2.2
2025-08-04,2025-08-04 13:34:08.200,MO2508-C-7500,1.8,2.0,2.2
2025-08-04,2025-08-04 13:34:08.700,MO2508-C-7500,1.8,2.0,2.2
2025-08-04,2025-08-04 13:34:09.200,MO2508-C-7500,1.8,2.0,2.2
2025-08-04,2025-08-04 13:34:13.700,MO2508-C-7500,1.8,2.0,2.2
2025-08-04,2025-08-04 13:34:18.200,MO2508-C-7500,1.8,2.0,2.2
2025-08-04,2025-08-04 13:34:22.700,MO2508-C-7500,1.8,2.0,2.2
2025-08-04,2025-08-04 13:34:23.200,MO2508-C-7500,1.8,2.0,2.2
2025-08-04,2025-08-04 13:34:25.200,MO2508-C-7500,1.8,2.0,2.2
2025-08-04,2025-08-04 13:34:52.700,MO2508-C-7500,1.8,2.0,2.2
2025-08-04,2025-08-04 13:34:53.200,MO2508-C-7500,1.8,2.0,2.2
2025-08-04,2025-08-04 13:34:58.700,MO2508-C-7500,1.8,2.0,2.2
2025-08-04,2025-08-04 13:34:59.200,MO2508-C-7500,1.8,2.0,2.2
2025-08-04,2025-08-04 13:35:17.700,MO2508-C-7500,1.8,2.0,2.2
2025-08-04,2025-08-04 13:35:22.700,MO2508-C-7500,1.8,2.0,2.2
2025-08-04,2025-08-04 13:35:23.200,MO2508-C-7500,1.8,2.0,2.2
2025-08-04,2025-08-04 13:35:52.700,MO2508-C-7500,1.8,2.0,2.2
2025-08-04,2025-08-04 13:35:53.200,MO2508-C-7500,1.8,2.0,2.2
2025-08-04,2025-08-04 13:35:54.200,MO2508-C-7500,1.8,2.0,2.2
2025-08-04,2025-08-04 13:35:54.700,MO2508-C-7500,1.8,2.0,2.2
2025-08-04,2025-08-04 13:35:58.700,MO2508-C-7500,1.8,2.0,2.2
2025-08-04,2025-08-04 13:36:13.700,MO2508-C-7500,2.0,2.0,2.2
2025-08-04,2025-08-04 13:36:14.200,MO2508-C-7500,2.0,2.0,2.2
2025-08-04,2025-08-04 13:36:14.700,MO2508-C-7500,2.0,2.0,2.2
2025-08-04,2025-08-04 13:36:15.200,MO2508-C-7500,2.0,2.0,2.2
2025-08-04,2025-08-04 13:36:22.700,MO2508-C-7500,2.0,2.0,2.2
2025-08-04,2025-08-04 13:36:23.200,MO2508-C-7500,2.0,2.0,2.2
2025-08-04,2025-08-04 13:36:34.200,MO2508-C-7500,2.0,2.0,2.2
2025-08-04,2025-08-04 13:36:34.700,MO2508-C-7500,2.0,2.0,2.2
2025-08-04,2025-08-04 13:36:41.700,MO2508-C-7500,2.0,2.0,2.2
2025-08-04,2025-08-04 13:36:42.200,MO2508-C-7500,2.0,2.0,2.2
2025-08-04,2025-08-04 13:36:42.700,MO2508-C-7500,2.0,2.0,2.2
2025-08-04,2025-08-04 13:36:43.200,MO2508-C-7500,2.0,2.0,2.2
2025-08-04,2025-08-04 13:36:43.700,MO2508-C-7500,2.0,2.0,2.2
2025-08-04,2025-08-04 13:36:49.200,MO2508-C-7500,2.0,2.0,2.2
2025-08-04,2025-08-04 13:36:49.700,MO2508-C-7500,2.0,2.0,2.2
2025-08-04,2025-08-04 13:36:50.200,MO2508-C-7500,2.0,2.0,2.2
2025-08-04,2025-08-04 13:36:52.700,MO2508-C-7500,2.0,2.0,2.2
2025-08-04,2025-08-04 13:36:53.200,MO2508-C-7500,2.0,2.0,2.2
2025-08-04,2025-08-04 13:37:05.200,MO2508-C-7500,2.0,2.0,2.2
2025-08-04,2025-08-04 13:37:19.200,MO2508-C-7500,2.0,2.0,2.2
2025-08-04,2025-08-04 13:37:19.700,MO2508-C-7500,2.0,2.0,2.2
2025-08-04,2025-08-04 13:37:20.200,MO2508-C-7500,2.0,2.0,2.2
2025-08-04,2025-08-04 13:37:20.700,MO2508-C-7500,2.0,2.0,2.2
2025-08-04,2025-08-04 13:37:22.700,MO2508-C-7500,2.0,2.0,2.2
2025-08-04,2025-08-04 13:37:23.200,MO2508-C-7500,2.0,2.0,2.2
2025-08-04,2025-08-04 13:37:39.200,MO2508-C-7500,2.0,2.0,2.2
2025-08-04,2025-08-04 13:37:39.700,MO2508-C-7500,2.0,2.0,2.2
2025-08-04,2025-08-04 13:37:41.700,MO2508-C-7500,2.0,2.0,2.2
2025-08-04,2025-08-04 13:37:42.200,MO2508-C-7500,2.0,2.0,2.2
2025-08-04,2025-08-04 13:37:42.700,MO2508-C-7500,2.0,2.0,2.2
2025-08-04,2025-08-04 13:37:52.200,MO2508-C-7500,2.0,2.0,2.2
2025-08-04,2025-08-04 13:37:52.700,MO2508-C-7500,2.0,2.0,2.2
2025-08-04,2025-08-04 13:37:53.200,MO2508-C-7500,2.0,2.0,2.2
2025-08-04,2025-08-04 13:37:54.200,MO2508-C-7500,2.0,1.8,2.2
2025-08-04,2025-08-04 13:37:54.700,MO2508-C-7500,2.0,1.8,2.2
2025-08-04,2025-08-04 13:38:00.700,MO2508-C-7500,2.0,1.8,2.2
2025-08-04,2025-08-04 13:38:01.200,MO2508-C-7500,2.0,1.8,2.2
2025-08-04,2025-08-04 13:38:01.700,MO2508-C-7500,2.0,1.8,2.2
2025-08-04,2025-08-04 13:38:03.700,MO2508-C-7500,2.0,1.8,2.2
2025-08-04,2025-08-04 13:38:05.200,MO2508-C-7500,2.0,1.8,2.2
2025-08-04,2025-08-04 13:38:22.700,MO2508-C-7500,2.0,1.8,2.2
2025-08-04,2025-08-04 13:38:23.200,MO2508-C-7500,2.0,1.8,2.2
2025-08-04,2025-08-04 13:38:38.700,MO2508-C-7500,2.0,1.8,2.2
2025-08-04,2025-08-04 13:38:39.200,MO2508-C-7500,2.0,1.8,2.2
2025-08-04,2025-08-04 13:38:52.700,MO2508-C-7500,2.0,1.8,2.2
2025-08-04,2025-08-04 13:38:53.200,MO2508-C-7500,2.0,1.8,2.2
2025-08-04,2025-08-04 13:39:22.700,MO2508-C-7500,2.0,1.8,2.2
2025-08-04,2025-08-04 13:39:23.200,MO2508-C-7500,2.0,1.8,2.2
2025-08-04,2025-08-04 13:39:23.700,MO2508-C-7500,2.0,1.8,2.2
2025-08-04,2025-08-04 13:39:24.200,MO2508-C-7500,2.0,1.8,2.2
2025-08-04,2025-08-04 13:39:47.700,MO2508-C-7500,2.0,1.8,2.2
2025-08-04,2025-08-04 13:39:48.700,MO2508-C-7500,2.0,1.8,2.2
2025-08-04,2025-08-04 13:39:50.200,MO2508-C-7500,2.0,1.8,2.2
2025-08-04,2025-08-04 13:39:51.700,MO2508-C-7500,2.0,1.8,2.2
2025-08-04,2025-08-04 13:39:52.700,MO2508-C-7500,2.0,1.8,2.2
2025-08-04,2025-08-04 13:39:53.200,MO2508-C-7500,2.0,1.8,2.2
2025-08-04,2025-08-04 13:40:17.200,MO2508-C-7500,2.0,1.8,2.2
2025-08-04,2025-08-04 13:40:17.700,MO2508-C-7500,2.0,1.8,2.2
2025-08-04,2025-08-04 13:40:20.200,MO2508-C-7500,2.0,1.8,2.2
2025-08-04,2025-08-04 13:40:20.700,MO2508-C-7500,2.0,1.8,2.2
2025-08-04,2025-08-04 13:40:22.200,MO2508-C-7500,2.0,1.8,2.2
2025-08-04,2025-08-04 13:40:22.700,MO2508-C-7500,2.0,1.8,2.2
2025-08-04,2025-08-04 13:40:23.200,MO2508-C-7500,2.0,1.8,2.2
2025-08-04,2025-08-04 13:40:51.200,MO2508-C-7500,2.0,1.8,2.2
2025-08-04,2025-08-04 13:40:51.700,MO2508-C-7500,2.0,1.8,2.2
2025-08-04,2025-08-04 13:40:52.200,MO2508-C-7500,2.0,1.8,2.2
2025-08-04,2025-08-04 13:40:52.700,MO2508-C-7500,2.0,1.8,2.2
2025-08-04,2025-08-04 13:40:53.200,MO2508-C-7500,2.0,1.8,2.2
2025-08-04,2025-08-04 13:40:55.700,MO2508-C-7500,2.0,1.8,2.2
2025-08-04,2025-08-04 13:41:02.700,MO2508-C-7500,2.0,1.8,2.2
2025-08-04,2025-08-04 13:41:03.200,MO2508-C-7500,2.0,1.8,2.2
2025-08-04,2025-08-04 13:41:03.700,MO2508-C-7500,2.0,1.8,2.2
2025-08-04,2025-08-04 13:41:04.200,MO2508-C-7500,2.0,1.8,2.2
2025-08-04,2025-08-04 13:41:21.700,MO2508-C-7500,2.0,1.8,2.2
2025-08-04,2025-08-04 13:41:22.200,MO2508-C-7500,2.0,1.8,2.2
2025-08-04,2025-08-04 13:41:22.700,MO2508-C-7500,2.0,1.8,2.2
2025-08-04,2025-08-04 13:41:23.200,MO2508-C-7500,2.0,1.8,2.2
2025-08-04,2025-08-04 13:41:23.700,MO2508-C-7500,2.0,1.8,2.2
2025-08-04,2025-08-04 13:41:24.200,MO2508-C-7500,2.0,1.8,2.2
2025-08-04,2025-08-04 13:41:24.700,MO2508-C-7500,2.0,1.8,2.2
2025-08-04,2025-08-04 13:41:25.200,MO2508-C-7500,2.0,1.8,2.2
2025-08-04,2025-08-04 13:41:26.700,MO2508-C-7500,2.0,1.8,2.2
2025-08-04,2025-08-04 13:41:27.200,MO2508-C-7500,2.0,1.8,2.2
2025-08-04,2025-08-04 13:41:34.700,MO2508-C-7500,2.0,1.8,2.2
2025-08-04,2025-08-04 13:41:35.200,MO2508-C-7500,2.0,1.8,2.2
2025-08-04,2025-08-04 13:41:36.200,MO2508-C-7500,2.0,1.8,2.2
2025-08-04,2025-08-04 13:41:36.700,MO2508-C-7500,2.0,1.8,2.2
2025-08-04,2025-08-04 13:41:37.200,MO2508-C-7500,2.0,1.8,2.2
2025-08-04,2025-08-04 13:41:43.700,MO2508-C-7500,2.0,1.8,2.2
2025-08-04,2025-08-04 13:41:44.200,MO2508-C-7500,2.0,1.8,2.2
2025-08-04,2025-08-04 13:41:52.700,MO2508-C-7500,2.0,1.8,2.2
2025-08-04,2025-08-04 13:41:53.200,MO2508-C-7500,2.0,1.8,2.2
2025-08-04,2025-08-04 13:42:03.700,MO2508-C-7500,2.0,1.8,2.2
2025-08-04,2025-08-04 13:42:18.700,MO2508-C-7500,2.0,1.8,2.2
2025-08-04,2025-08-04 13:42:20.200,MO2508-C-7500,2.0,1.8,2.2
2025-08-04,2025-08-04 13:42:20.700,MO2508-C-7500,2.0,1.8,2.2
2025-08-04,2025-08-04 13:42:22.700,MO2508-C-7500,2.0,1.8,2.2
2025-08-04,2025-08-04 13:42:23.200,MO2508-C-7500,2.0,1.8,2.2
2025-08-04,2025-08-04 13:42:28.700,MO2508-C-7500,2.0,1.8,2.2
2025-08-04,2025-08-04 13:42:32.700,MO2508-C-7500,2.0,1.8,2.2
2025-08-04,2025-08-04 13:42:37.200,MO2508-C-7500,2.0,1.8,2.2
2025-08-04,2025-08-04 13:42:37.700,MO2508-C-7500,2.0,1.8,2.2
2025-08-04,2025-08-04 13:42:38.700,MO2508-C-7500,2.0,1.8,2.2
2025-08-04,2025-08-04 13:42:52.700,MO2508-C-7500,2.0,1.8,2.2
2025-08-04,2025-08-04 13:42:53.200,MO2508-C-7500,2.0,1.8,2.2
2025-08-04,2025-08-04 13:42:56.200,MO2508-C-7500,2.0,1.8,2.2
2025-08-04,2025-08-04 13:43:11.700,MO2508-C-7500,2.0,1.8,2.2
2025-08-04,2025-08-04 13:43:13.200,MO2508-C-7500,2.0,1.8,2.2
2025-08-04,2025-08-04 13:43:15.200,MO2508-C-7500,2.0,1.8,2.2
2025-08-04,2025-08-04 13:43:16.200,MO2508-C-7500,2.0,1.8,2.2
2025-08-04,2025-08-04 13:43:21.200,MO2508-C-7500,2.0,1.8,2.2
2025-08-04,2025-08-04 13:43:22.700,MO2508-C-7500,2.0,1.8,2.2
2025-08-04,2025-08-04 13:43:23.200,MO2508-C-7500,2.0,1.8,2.2
2025-08-04,2025-08-04 13:43:48.200,MO2508-C-7500,2.0,1.8,2.2
2025-08-04,2025-08-04 13:43:52.700,MO2508-C-7500,2.0,1.8,2.2
2025-08-04,2025-08-04 13:43:53.200,MO2508-C-7500,2.0,1.8,2.2
2025-08-04,2025-08-04 13:44:01.200,MO2508-C-7500,2.0,1.8,2.2
2025-08-04,2025-08-04 13:44:22.700,MO2508-C-7500,2.0,1.8,2.2
2025-08-04,2025-08-04 13:44:23.200,MO2508-C-7500,2.0,1.8,2.2
2025-08-04,2025-08-04 13:44:52.700,MO2508-C-7500,2.0,1.8,2.2
2025-08-04,2025-08-04 13:44:53.200,MO2508-C-7500,2.0,1.8,2.2
2025-08-04,2025-08-04 13:45:20.200,MO2508-C-7500,2.0,1.8,2.2
2025-08-04,2025-08-04 13:45:22.700,MO2508-C-7500,2.0,1.8,2.2
2025-08-04,2025-08-04 13:45:23.200,MO2508-C-7500,2.0,1.8,2.2
2025-08-04,2025-08-04 13:45:28.200,MO2508-C-7500,2.0,1.8,2.2
2025-08-04,2025-08-04 13:45:33.200,MO2508-C-7500,2.0,1.8,2.2
2025-08-04,2025-08-04 13:45:33.700,MO2508-C-7500,2.0,1.8,2.2
2025-08-04,2025-08-04 13:45:34.700,MO2508-C-7500,2.0,1.8,2.2
2025-08-04,2025-08-04 13:45:37.700,MO2508-C-7500,2.0,1.8,2.2
2025-08-04,2025-08-04 13:45:38.700,MO2508-C-7500,2.0,1.8,2.2
2025-08-04,2025-08-04 13:45:52.700,MO2508-C-7500,2.0,1.8,2.2
2025-08-04,2025-08-04 13:45:53.200,MO2508-C-7500,2.0,1.8,2.2
2025-08-04,2025-08-04 13:45:56.200,MO2508-C-7500,2.0,1.8,2.2
2025-08-04,2025-08-04 13:45:56.700,MO2508-C-7500,2.0,1.8,2.2
2025-08-04,2025-08-04 13:45:57.200,MO2508-C-7500,2.0,1.8,2.2
2025-08-04,2025-08-04 13:46:00.200,MO2508-C-7500,2.0,1.8,2.2
2025-08-04,2025-08-04 13:46:01.200,MO2508-C-7500,2.0,1.8,2.2
2025-08-04,2025-08-04 13:46:02.200,MO2508-C-7500,2.0,1.8,2.2
2025-08-04,2025-08-04 13:46:11.200,MO2508-C-7500,2.0,1.8,2.2
2025-08-04,2025-08-04 13:46:22.700,MO2508-C-7500,2.0,1.8,2.2
2025-08-04,2025-08-04 13:46:23.200,MO2508-C-7500,2.0,1.8,2.2
2025-08-04,2025-08-04 13:46:25.700,MO2508-C-7500,2.0,1.8,2.2
2025-08-04,2025-08-04 13:46:26.700,MO2508-C-7500,2.0,1.8,2.2
2025-08-04,2025-08-04 13:46:27.200,MO2508-C-7500,2.0,1.8,2.2
2025-08-04,2025-08-04 13:46:47.700,MO2508-C-7500,2.0,1.8,2.2
2025-08-04,2025-08-04 13:46:48.200,MO2508-C-7500,2.0,1.8,2.2
2025-08-04,2025-08-04 13:46:50.700,MO2508-C-7500,2.0,1.8,2.2
2025-08-04,2025-08-04 13:46:51.200,MO2508-C-7500,2.0,1.8,2.2
2025-08-04,2025-08-04 13:46:51.700,MO2508-C-7500,2.0,1.8,2.2
2025-08-04,2025-08-04 13:46:52.700,MO2508-C-7500,2.0,1.8,2.2
2025-08-04,2025-08-04 13:46:53.200,MO2508-C-7500,2.0,1.8,2.2
2025-08-04,2025-08-04 13:47:02.200,MO2508-C-7500,2.0,1.8,2.2
2025-08-04,2025-08-04 13:47:03.200,MO2508-C-7500,2.0,1.8,2.2
2025-08-04,2025-08-04 13:47:05.200,MO2508-C-7500,2.0,1.8,2.2
2025-08-04,2025-08-04 13:47:06.200,MO2508-C-7500,2.0,1.8,2.2
2025-08-04,2025-08-04 13:47:15.700,MO2508-C-7500,2.0,1.8,2.2
2025-08-04,2025-08-04 13:47:16.200,MO2508-C-7500,2.0,1.8,2.2
2025-08-04,2025-08-04 13:47:20.700,MO2508-C-7500,2.0,1.8,2.2
2025-08-04,2025-08-04 13:47:22.700,MO2508-C-7500,2.0,1.8,2.2
2025-08-04,2025-08-04 13:47:23.200,MO2508-C-7500,2.0,1.8,2.2
2025-08-04,2025-08-04 13:47:24.200,MO2508-C-7500,2.0,1.8,2.2
2025-08-04,2025-08-04 13:47:41.700,MO2508-C-7500,2.0,1.8,2.2
2025-08-04,2025-08-04 13:47:51.700,MO2508-C-7500,2.0,1.8,2.2
2025-08-04,2025-08-04 13:47:52.700,MO2508-C-7500,2.0,1.8,2.2
2025-08-04,2025-08-04 13:47:53.200,MO2508-C-7500,2.0,1.8,2.2
2025-08-04,2025-08-04 13:47:54.700,MO2508-C-7500,2.0,1.8,2.2
2025-08-04,2025-08-04 13:47:55.700,MO2508-C-7500,2.0,1.8,2.2
2025-08-04,2025-08-04 13:47:56.200,MO2508-C-7500,2.0,1.8,2.2
2025-08-04,2025-08-04 13:47:58.700,MO2508-C-7500,2.0,1.8,2.2
2025-08-04,2025-08-04 13:48:01.200,MO2508-C-7500,2.0,1.8,2.2
2025-08-04,2025-08-04 13:48:06.200,MO2508-C-7500,2.0,1.8,2.2
2025-08-04,2025-08-04 13:48:13.200,MO2508-C-7500,2.0,1.8,2.2
2025-08-04,2025-08-04 13:48:13.700,MO2508-C-7500,2.0,1.8,2.2
2025-08-04,2025-08-04 13:48:14.200,MO2508-C-7500,2.0,1.8,2.2
2025-08-04,2025-08-04 13:48:15.700,MO2508-C-7500,2.0,1.8,2.2
2025-08-04,2025-08-04 13:48:22.700,MO2508-C-7500,2.0,1.8,2.2
2025-08-04,2025-08-04 13:48:23.200,MO2508-C-7500,2.0,1.8,2.2
2025-08-04,2025-08-04 13:48:27.700,MO2508-C-7500,2.0,1.8,2.2
2025-08-04,2025-08-04 13:48:36.700,MO2508-C-7500,2.0,1.8,2.2
2025-08-04,2025-08-04 13:48:39.200,MO2508-C-7500,2.0,1.8,2.2
2025-08-04,2025-08-04 13:48:47.700,MO2508-C-7500,2.0,1.8,2.2
2025-08-04,2025-08-04 13:48:50.700,MO2508-C-7500,2.0,1.8,2.2
2025-08-04,2025-08-04 13:48:52.700,MO2508-C-7500,2.0,1.8,2.2
2025-08-04,2025-08-04 13:48:53.200,MO2508-C-7500,2.0,1.8,2.2
2025-08-04,2025-08-04 13:48:56.200,MO2508-C-7500,2.0,1.8,2.2
2025-08-04,2025-08-04 13:48:57.200,MO2508-C-7500,2.0,1.8,2.2
2025-08-04,2025-08-04 13:48:57.700,MO2508-C-7500,2.0,1.8,2.2
2025-08-04,2025-08-04 13:48:58.700,MO2508-C-7500,2.0,1.8,2.2
2025-08-04,2025-08-04 13:48:59.200,MO2508-C-7500,2.0,1.8,2.2
2025-08-04,2025-08-04 13:48:59.700,MO2508-C-7500,2.0,1.8,2.2
2025-08-04,2025-08-04 13:49:01.700,MO2508-C-7500,2.0,1.8,2.2
2025-08-04,2025-08-04 13:49:02.200,MO2508-C-7500,2.0,1.8,2.2
2025-08-04,2025-08-04 13:49:02.700,MO2508-C-7500,2.0,1.8,2.2
2025-08-04,2025-08-04 13:49:03.200,MO2508-C-7500,2.0,1.8,2.2
2025-08-04,2025-08-04 13:49:03.700,MO2508-C-7500,2.0,1.8,2.2
2025-08-04,2025-08-04 13:49:17.200,MO2508-C-7500,2.0,1.8,2.2
2025-08-04,2025-08-04 13:49:17.700,MO2508-C-7500,2.0,1.8,2.2
2025-08-04,2025-08-04 13:49:22.700,MO2508-C-7500,2.0,1.8,2.2
2025-08-04,2025-08-04 13:49:23.200,MO2508-C-7500,2.0,1.8,2.2
2025-08-04,2025-08-04 13:49:24.200,MO2508-C-7500,2.0,1.8,2.2
2025-08-04,2025-08-04 13:49:24.700,MO2508-C-7500,2.0,1.8,2.2
2025-08-04,2025-08-04 13:49:33.700,MO2508-C-7500,2.0,1.8,2.2
2025-08-04,2025-08-04 13:49:52.700,MO2508-C-7500,2.0,1.8,2.2
2025-08-04,2025-08-04 13:49:53.200,MO2508-C-7500,2.0,1.8,2.2
2025-08-04,2025-08-04 13:49:54.200,MO2508-C-7500,2.0,1.8,2.2
2025-08-04,2025-08-04 13:49:55.200,MO2508-C-7500,2.0,1.8,2.2
2025-08-04,2025-08-04 13:49:56.200,MO2508-C-7500,2.0,1.8,2.2
2025-08-04,2025-08-04 13:50:22.700,MO2508-C-7500,2.0,1.8,2.2
2025-08-04,2025-08-04 13:50:23.200,MO2508-C-7500,2.0,1.8,2.2
2025-08-04,2025-08-04 13:50:33.200,MO2508-C-7500,2.0,1.8,2.2
2025-08-04,2025-08-04 13:50:33.700,MO2508-C-7500,2.0,1.8,2.2
2025-08-04,2025-08-04 13:50:35.200,MO2508-C-7500,2.0,1.8,2.2
2025-08-04,2025-08-04 13:50:40.200,MO2508-C-7500,2.0,1.8,2.2
2025-08-04,2025-08-04 13:50:42.200,MO2508-C-7500,2.0,1.8,2.2
2025-08-04,2025-08-04 13:50:43.700,MO2508-C-7500,2.0,1.8,2.2
2025-08-04,2025-08-04 13:50:44.200,MO2508-C-7500,2.0,1.8,2.2
2025-08-04,2025-08-04 13:50:46.700,MO2508-C-7500,2.0,1.8,2.2
2025-08-04,2025-08-04 13:50:48.700,MO2508-C-7500,2.0,1.8,2.2
2025-08-04,2025-08-04 13:50:52.700,MO2508-C-7500,2.0,1.8,2.2
2025-08-04,2025-08-04 13:50:53.200,MO2508-C-7500,2.0,1.8,2.2
2025-08-04,2025-08-04 13:50:55.200,MO2508-C-7500,2.0,1.8,2.2
2025-08-04,2025-08-04 13:50:59.700,MO2508-C-7500,2.0,1.8,2.2
2025-08-04,2025-08-04 13:51:11.700,MO2508-C-7500,2.0,1.8,2.2
2025-08-04,2025-08-04 13:51:20.200,MO2508-C-7500,2.0,1.8,2.2
2025-08-04,2025-08-04 13:51:21.200,MO2508-C-7500,2.0,1.8,2.2
2025-08-04,2025-08-04 13:51:22.700,MO2508-C-7500,2.0,1.8,2.2
2025-08-04,2025-08-04 13:51:23.200,MO2508-C-7500,2.0,1.8,2.2
2025-08-04,2025-08-04 13:51:50.700,MO2508-C-7500,2.0,1.8,2.2
2025-08-04,2025-08-04 13:51:51.200,MO2508-C-7500,2.0,1.8,2.2
2025-08-04,2025-08-04 13:51:52.700,MO2508-C-7500,2.0,1.8,2.2
2025-08-04,2025-08-04 13:51:53.200,MO2508-C-7500,2.0,1.8,2.2
2025-08-04,2025-08-04 13:51:53.700,MO2508-C-7500,2.0,1.8,2.2
2025-08-04,2025-08-04 13:51:55.700,MO2508-C-7500,2.0,1.8,2.2
2025-08-04,2025-08-04 13:51:56.700,MO2508-C-7500,2.0,1.8,2.2
2025-08-04,2025-08-04 13:51:57.200,MO2508-C-7500,2.0,1.8,2.2
2025-08-04,2025-08-04 13:52:08.700,MO2508-C-7500,2.0,1.8,2.2
2025-08-04,2025-08-04 13:52:10.200,MO2508-C-7500,2.0,1.8,2.2
2025-08-04,2025-08-04 13:52:22.700,MO2508-C-7500,2.0,1.8,2.2
2025-08-04,2025-08-04 13:52:23.200,MO2508-C-7500,2.0,1.8,2.2
2025-08-04,2025-08-04 13:52:27.700,MO2508-C-7500,2.0,1.8,2.2
2025-08-04,2025-08-04 13:52:28.200,MO2508-C-7500,2.0,1.8,2.2
2025-08-04,2025-08-04 13:52:34.200,MO2508-C-7500,2.0,1.8,2.2
2025-08-04,2025-08-04 13:52:34.700,MO2508-C-7500,2.0,1.8,2.2
2025-08-04,2025-08-04 13:52:52.700,MO2508-C-7500,2.0,1.8,2.2
2025-08-04,2025-08-04 13:52:53.200,MO2508-C-7500,2.0,1.8,2.2
2025-08-04,2025-08-04 13:52:54.200,MO2508-C-7500,2.0,1.8,2.2
2025-08-04,2025-08-04 13:52:54.700,MO2508-C-7500,2.0,1.8,2.2
2025-08-04,2025-08-04 13:52:59.700,MO2508-C-7500,2.0,1.8,2.2
2025-08-04,2025-08-04 13:53:00.200,MO2508-C-7500,2.0,1.8,2.2
2025-08-04,2025-08-04 13:53:01.700,MO2508-C-7500,2.0,1.8,2.2
2025-08-04,2025-08-04 13:53:02.700,MO2508-C-7500,2.0,1.8,2.2
2025-08-04,2025-08-04 13:53:03.200,MO2508-C-7500,2.0,1.8,2.2
2025-08-04,2025-08-04 13:53:17.200,MO2508-C-7500,2.0,1.8,2.2
2025-08-04,2025-08-04 13:53:17.700,MO2508-C-7500,2.0,1.8,2.2
2025-08-04,2025-08-04 13:53:18.200,MO2508-C-7500,2.0,1.8,2.2
2025-08-04,2025-08-04 13:53:19.200,MO2508-C-7500,2.0,1.8,2.2
2025-08-04,2025-08-04 13:53:19.700,MO2508-C-7500,2.0,1.8,2.2
2025-08-04,2025-08-04 13:53:20.200,MO2508-C-7500,2.0,1.8,2.2
2025-08-04,2025-08-04 13:53:20.700,MO2508-C-7500,2.0,1.8,2.2
2025-08-04,2025-08-04 13:53:22.700,MO2508-C-7500,2.0,1.8,2.2
2025-08-04,2025-08-04 13:53:23.200,MO2508-C-7500,2.0,1.8,2.2
2025-08-04,2025-08-04 13:53:31.200,MO2508-C-7500,2.0,1.8,2.2
2025-08-04,2025-08-04 13:53:32.200,MO2508-C-7500,2.0,1.8,2.2
2025-08-04,2025-08-04 13:53:32.700,MO2508-C-7500,2.0,1.8,2.2
2025-08-04,2025-08-04 13:53:33.200,MO2508-C-7500,2.0,1.8,2.2
2025-08-04,2025-08-04 13:53:52.700,MO2508-C-7500,2.0,1.8,2.2
2025-08-04,2025-08-04 13:53:53.200,MO2508-C-7500,2.0,1.8,2.2
2025-08-04,2025-08-04 13:53:59.200,MO2508-C-7500,2.0,1.8,2.2
2025-08-04,2025-08-04 13:53:59.700,MO2508-C-7500,2.0,1.8,2.2
2025-08-04,2025-08-04 13:54:00.200,MO2508-C-7500,2.0,1.8,2.2
2025-08-04,2025-08-04 13:54:06.700,MO2508-C-7500,2.0,1.8,2.2
2025-08-04,2025-08-04 13:54:08.700,MO2508-C-7500,2.0,1.8,2.2
2025-08-04,2025-08-04 13:54:22.700,MO2508-C-7500,2.0,1.8,2.2
2025-08-04,2025-08-04 13:54:23.200,MO2508-C-7500,2.0,1.8,2.2
2025-08-04,2025-08-04 13:54:24.200,MO2508-C-7500,2.0,1.8,2.2
2025-08-04,2025-08-04 13:54:27.200,MO2508-C-7500,2.0,1.8,2.2
2025-08-04,2025-08-04 13:54:27.700,MO2508-C-7500,2.0,1.8,2.2
2025-08-04,2025-08-04 13:54:39.700,MO2508-C-7500,2.0,1.8,2.2
2025-08-04,2025-08-04 13:54:46.200,MO2508-C-7500,2.0,1.8,2.2
2025-08-04,2025-08-04 13:54:47.200,MO2508-C-7500,2.0,1.8,2.2
2025-08-04,2025-08-04 13:54:50.200,MO2508-C-7500,2.0,1.8,2.2
2025-08-04,2025-08-04 13:54:52.700,MO2508-C-7500,2.0,1.8,2.2
2025-08-04,2025-08-04 13:54:53.200,MO2508-C-7500,2.0,1.8,2.2
2025-08-04,2025-08-04 13:55:22.700,MO2508-C-7500,2.0,1.8,2.2
2025-08-04,2025-08-04 13:55:23.200,MO2508-C-7500,2.0,1.8,2.2
2025-08-04,2025-08-04 13:55:24.700,MO2508-C-7500,2.0,1.8,2.2
2025-08-04,2025-08-04 13:55:25.700,MO2508-C-7500,2.0,1.8,2.2
2025-08-04,2025-08-04 13:55:27.200,MO2508-C-7500,2.0,1.8,2.2
2025-08-04,2025-08-04 13:55:27.700,MO2508-C-7500,2.0,1.8,2.2
2025-08-04,2025-08-04 13:55:29.200,MO2508-C-7500,2.0,1.8,2.2
2025-08-04,2025-08-04 13:55:29.700,MO2508-C-7500,2.0,1.8,2.2
2025-08-04,2025-08-04 13:55:30.700,MO2508-C-7500,2.0,1.8,2.2
2025-08-04,2025-08-04 13:55:32.200,MO2508-C-7500,2.0,1.8,2.2
2025-08-04,2025-08-04 13:55:36.700,MO2508-C-7500,2.0,1.8,2.2
2025-08-04,2025-08-04 13:55:38.200,MO2508-C-7500,2.0,1.8,2.2
2025-08-04,2025-08-04 13:55:40.200,MO2508-C-7500,2.0,1.8,2.2
2025-08-04,2025-08-04 13:55:40.700,MO2508-C-7500,2.0,1.8,2.2
2025-08-04,2025-08-04 13:55:42.700,MO2508-C-7500,2.0,1.8,2.2
2025-08-04,2025-08-04 13:55:44.200,MO2508-C-7500,2.0,1.8,2.2
2025-08-04,2025-08-04 13:55:44.700,MO2508-C-7500,2.0,1.8,2.2
2025-08-04,2025-08-04 13:55:52.700,MO2508-C-7500,2.0,1.8,2.2
2025-08-04,2025-08-04 13:55:53.200,MO2508-C-7500,2.0,1.8,2.2
2025-08-04,2025-08-04 13:56:06.200,MO2508-C-7500,2.0,1.8,2.2
2025-08-04,2025-08-04 13:56:22.700,MO2508-C-7500,2.0,1.8,2.2
2025-08-04,2025-08-04 13:56:23.200,MO2508-C-7500,2.0,1.8,2.2
2025-08-04,2025-08-04 13:56:27.200,MO2508-C-7500,2.0,1.8,2.2
2025-08-04,2025-08-04 13:56:36.200,MO2508-C-7500,2.0,1.8,2.2
2025-08-04,2025-08-04 13:56:36.700,MO2508-C-7500,2.0,1.8,2.2
2025-08-04,2025-08-04 13:56:41.200,MO2508-C-7500,2.0,1.8,2.2
2025-08-04,2025-08-04 13:56:52.200,MO2508-C-7500,2.0,1.8,2.2
2025-08-04,2025-08-04 13:56:52.700,MO2508-C-7500,2.0,1.8,2.2
2025-08-04,2025-08-04 13:56:53.200,MO2508-C-7500,2.0,1.8,2.2
2025-08-04,2025-08-04 13:56:55.700,MO2508-C-7500,2.0,1.8,2.2
2025-08-04,2025-08-04 13:57:00.700,MO2508-C-7500,2.0,1.8,2.2
2025-08-04,2025-08-04 13:57:02.700,MO2508-C-7500,2.0,1.8,2.2
2025-08-04,2025-08-04 13:57:05.200,MO2508-C-7500,2.0,1.8,2.2
2025-08-04,2025-08-04 13:57:07.200,MO2508-C-7500,2.0,1.8,2.2
2025-08-04,2025-08-04 13:57:07.700,MO2508-C-7500,2.0,1.8,2.2
2025-08-04,2025-08-04 13:57:08.200,MO2508-C-7500,2.0,1.8,2.2
2025-08-04,2025-08-04 13:57:09.700,MO2508-C-7500,2.0,1.8,2.2
2025-08-04,2025-08-04 13:57:10.200,MO2508-C-7500,2.0,1.8,2.2
2025-08-04,2025-08-04 13:57:16.700,MO2508-C-7500,2.0,1.8,2.2
2025-08-04,2025-08-04 13:57:22.700,MO2508-C-7500,2.0,1.8,2.2
2025-08-04,2025-08-04 13:57:23.200,MO2508-C-7500,2.0,1.8,2.2
2025-08-04,2025-08-04 13:57:32.200,MO2508-C-7500,2.0,1.8,2.2
2025-08-04,2025-08-04 13:57:32.700,MO2508-C-7500,2.0,1.8,2.2
2025-08-04,2025-08-04 13:57:41.200,MO2508-C-7500,2.0,1.8,2.2
2025-08-04,2025-08-04 13:57:41.700,MO2508-C-7500,2.0,1.8,2.2
2025-08-04,2025-08-04 13:57:42.200,MO2508-C-7500,2.0,1.8,2.2
2025-08-04,2025-08-04 13:57:42.700,MO2508-C-7500,2.0,1.8,2.2
2025-08-04,2025-08-04 13:57:46.700,MO2508-C-7500,2.0,1.8,2.2
2025-08-04,2025-08-04 13:57:47.200,MO2508-C-7500,2.0,1.8,2.2
2025-08-04,2025-08-04 13:57:47.700,MO2508-C-7500,2.0,1.8,2.2
2025-08-04,2025-08-04 13:57:52.700,MO2508-C-7500,2.0,1.8,2.2
2025-08-04,2025-08-04 13:57:53.200,MO2508-C-7500,2.0,1.8,2.2
2025-08-04,2025-08-04 13:57:57.200,MO2508-C-7500,2.0,1.8,2.2
2025-08-04,2025-08-04 13:57:57.700,MO2508-C-7500,2.0,1.8,2.2
2025-08-04,2025-08-04 13:57:58.200,MO2508-C-7500,2.0,1.8,2.2
2025-08-04,2025-08-04 13:58:00.700,MO2508-C-7500,2.0,1.8,2.2
2025-08-04,2025-08-04 13:58:11.700,MO2508-C-7500,2.0,1.8,2.2
2025-08-04,2025-08-04 13:58:22.700,MO2508-C-7500,2.0,1.8,2.2
2025-08-04,2025-08-04 13:58:23.200,MO2508-C-7500,2.0,1.8,2.2
2025-08-04,2025-08-04 13:58:44.700,MO2508-C-7500,2.0,1.8,2.2
2025-08-04,2025-08-04 13:58:45.200,MO2508-C-7500,2.0,1.8,2.2
2025-08-04,2025-08-04 13:58:46.200,MO2508-C-7500,2.0,1.8,2.2
2025-08-04,2025-08-04 13:58:52.700,MO2508-C-7500,2.0,1.8,2.2
2025-08-04,2025-08-04 13:58:53.200,MO2508-C-7500,2.0,1.8,2.2
2025-08-04,2025-08-04 13:59:04.700,MO2508-C-7500,2.0,1.8,2.2
2025-08-04,2025-08-04 13:59:05.200,MO2508-C-7500,2.0,1.8,2.2
2025-08-04,2025-08-04 13:59:09.200,MO2508-C-7500,2.0,1.8,2.2
2025-08-04,2025-08-04 13:59:10.700,MO2508-C-7500,2.0,1.8,2.2
2025-08-04,2025-08-04 13:59:21.700,MO2508-C-7500,2.0,1.8,2.2
2025-08-04,2025-08-04 13:59:22.700,MO2508-C-7500,2.0,1.8,2.2
2025-08-04,2025-08-04 13:59:23.200,MO2508-C-7500,2.0,1.8,2.2
2025-08-04,2025-08-04 13:59:44.700,MO2508-C-7500,2.0,1.8,2.2
2025-08-04,2025-08-04 13:59:45.700,MO2508-C-7500,2.0,1.8,2.2
2025-08-04,2025-08-04 13:59:47.200,MO2508-C-7500,2.0,1.8,2.2
2025-08-04,2025-08-04 13:59:48.700,MO2508-C-7500,2.0,1.8,2.2
2025-08-04,2025-08-04 13:59:52.700,MO2508-C-7500,2.0,1.8,2.2
2025-08-04,2025-08-04 13:59:53.200,MO2508-C-7500,2.0,1.8,2.2
2025-08-04,2025-08-04 14:00:00.700,MO2508-C-7500,2.0,1.8,2.2
2025-08-04,2025-08-04 14:00:22.700,MO2508-C-7500,2.0,1.8,2.2
2025-08-04,2025-08-04 14:00:23.200,MO2508-C-7500,2.0,1.8,2.2
2025-08-04,2025-08-04 14:00:33.200,MO2508-C-7500,2.0,1.8,2.2
2025-08-04,2025-08-04 14:00:34.200,MO2508-C-7500,2.0,1.8,2.2
2025-08-04,2025-08-04 14:00:35.700,MO2508-C-7500,2.0,1.8,2.2
2025-08-04,2025-08-04 14:00:43.700,MO2508-C-7500,2.0,1.8,2.2
2025-08-04,2025-08-04 14:00:44.200,MO2508-C-7500,2.0,1.8,2.2
2025-08-04,2025-08-04 14:00:52.700,MO2508-C-7500,2.0,1.8,2.2
2025-08-04,2025-08-04 14:00:53.200,MO2508-C-7500,2.0,1.8,2.2
2025-08-04,2025-08-04 14:01:02.200,MO2508-C-7500,2.0,1.8,2.2
2025-08-04,2025-08-04 14:01:17.700,MO2508-C-7500,2.0,1.8,2.2
2025-08-04,2025-08-04 14:01:18.200,MO2508-C-7500,2.0,1.8,2.0
2025-08-04,2025-08-04 14:01:18.700,MO2508-C-7500,2.0,1.8,2.0
2025-08-04,2025-08-04 14:01:19.200,MO2508-C-7500,2.0,1.8,2.0
2025-08-04,2025-08-04 14:01:21.700,MO2508-C-7500,2.0,1.8,2.0
2025-08-04,2025-08-04 14:01:22.700,MO2508-C-7500,2.0,1.8,2.0
2025-08-04,2025-08-04 14:01:23.200,MO2508-C-7500,2.0,1.8,2.0
2025-08-04,2025-08-04 14:01:27.200,MO2508-C-7500,2.0,1.8,2.2
2025-08-04,2025-08-04 14:01:30.200,MO2508-C-7500,2.0,1.8,2.2
2025-08-04,2025-08-04 14:01:31.200,MO2508-C-7500,2.0,1.8,2.2
2025-08-04,2025-08-04 14:01:40.200,MO2508-C-7500,2.0,1.8,2.2
2025-08-04,2025-08-04 14:01:52.700,MO2508-C-7500,2.0,1.8,2.2
2025-08-04,2025-08-04 14:01:53.200,MO2508-C-7500,2.0,1.8,2.2
2025-08-04,2025-08-04 14:02:03.200,MO2508-C-7500,2.0,1.8,2.2
2025-08-04,2025-08-04 14:02:19.700,MO2508-C-7500,2.0,1.8,2.2
2025-08-04,2025-08-04 14:02:20.700,MO2508-C-7500,2.0,1.8,2.2
2025-08-04,2025-08-04 14:02:22.700,MO2508-C-7500,2.0,1.8,2.2
2025-08-04,2025-08-04 14:02:23.200,MO2508-C-7500,2.0,1.8,2.2
2025-08-04,2025-08-04 14:02:35.200,MO2508-C-7500,2.0,1.8,2.2
2025-08-04,2025-08-04 14:02:35.700,MO2508-C-7500,2.0,1.8,2.2
2025-08-04,2025-08-04 14:02:36.700,MO2508-C-7500,2.0,1.8,2.2
2025-08-04,2025-08-04 14:02:39.200,MO2508-C-7500,2.0,1.8,2.0
2025-08-04,2025-08-04 14:02:39.700,MO2508-C-7500,2.0,1.8,2.0
2025-08-04,2025-08-04 14:02:40.200,MO2508-C-7500,2.0,1.8,2.0
2025-08-04,2025-08-04 14:02:41.200,MO2508-C-7500,2.0,1.8,2.0
2025-08-04,2025-08-04 14:02:41.700,MO2508-C-7500,2.0,1.8,2.0
2025-08-04,2025-08-04 14:02:45.200,MO2508-C-7500,2.0,1.8,2.0
2025-08-04,2025-08-04 14:02:45.700,MO2508-C-7500,2.0,1.8,2.0
2025-08-04,2025-08-04 14:02:46.700,MO2508-C-7500,2.0,1.8,2.0
2025-08-04,2025-08-04 14:02:52.700,MO2508-C-7500,2.0,1.8,2.0
2025-08-04,2025-08-04 14:02:53.200,MO2508-C-7500,2.0,1.8,2.0
2025-08-04,2025-08-04 14:02:57.200,MO2508-C-7500,2.0,1.8,2.0
2025-08-04,2025-08-04 14:03:04.700,MO2508-C-7500,2.0,1.8,2.0
2025-08-04,2025-08-04 14:03:08.700,MO2508-C-7500,2.0,1.8,2.0
2025-08-04,2025-08-04 14:03:22.700,MO2508-C-7500,2.0,1.8,2.0
2025-08-04,2025-08-04 14:03:23.200,MO2508-C-7500,2.0,1.8,2.0
2025-08-04,2025-08-04 14:03:24.200,MO2508-C-7500,2.0,1.8,2.0
2025-08-04,2025-08-04 14:03:31.200,MO2508-C-7500,2.0,1.8,2.0
2025-08-04,2025-08-04 14:03:52.700,MO2508-C-7500,2.0,1.8,2.0
2025-08-04,2025-08-04 14:03:53.200,MO2508-C-7500,2.0,1.8,2.0
2025-08-04,2025-08-04 14:04:02.700,MO2508-C-7500,2.0,1.8,2.0
2025-08-04,2025-08-04 14:04:03.200,MO2508-C-7500,2.0,1.8,2.0
2025-08-04,2025-08-04 14:04:04.700,MO2508-C-7500,2.0,1.8,2.0
2025-08-04,2025-08-04 14:04:05.200,MO2508-C-7500,2.0,1.8,2.0
2025-08-04,2025-08-04 14:04:22.700,MO2508-C-7500,2.0,1.8,2.0
2025-08-04,2025-08-04 14:04:23.200,MO2508-C-7500,2.0,1.8,2.0
2025-08-04,2025-08-04 14:04:24.200,MO2508-C-7500,2.0,1.8,2.0
2025-08-04,2025-08-04 14:04:24.700,MO2508-C-7500,2.0,1.8,2.0
2025-08-04,2025-08-04 14:04:26.700,MO2508-C-7500,2.0,1.8,2.0
2025-08-04,2025-08-04 14:04:30.700,MO2508-C-7500,2.0,1.8,2.0
2025-08-04,2025-08-04 14:04:31.200,MO2508-C-7500,2.0,1.8,2.0
2025-08-04,2025-08-04 14:04:41.200,MO2508-C-7500,2.0,1.8,2.0
2025-08-04,2025-08-04 14:04:41.700,MO2508-C-7500,2.0,1.8,2.0
2025-08-04,2025-08-04 14:04:52.700,MO2508-C-7500,2.0,1.8,2.0
2025-08-04,2025-08-04 14:04:53.200,MO2508-C-7500,2.0,1.8,2.0
2025-08-04,2025-08-04 14:05:01.200,MO2508-C-7500,2.0,1.8,2.0
2025-08-04,2025-08-04 14:05:01.700,MO2508-C-7500,2.0,1.8,2.0
2025-08-04,2025-08-04 14:05:12.700,MO2508-C-7500,2.0,1.8,2.0
2025-08-04,2025-08-04 14:05:13.200,MO2508-C-7500,2.0,1.8,2.0
2025-08-04,2025-08-04 14:05:14.700,MO2508-C-7500,2.0,1.8,2.0
2025-08-04,2025-08-04 14:05:15.200,MO2508-C-7500,2.0,1.8,2.0
2025-08-04,2025-08-04 14:05:22.700,MO2508-C-7500,2.0,1.8,2.0
2025-08-04,2025-08-04 14:05:23.200,MO2508-C-7500,2.0,1.8,2.0
2025-08-04,2025-08-04 14:05:23.700,MO2508-C-7500,2.0,1.8,2.0
2025-08-04,2025-08-04 14:05:35.700,MO2508-C-7500,2.0,1.8,2.0
2025-08-04,2025-08-04 14:05:36.200,MO2508-C-7500,2.0,1.8,2.0
2025-08-04,2025-08-04 14:05:36.700,MO2508-C-7500,2.0,1.8,2.0
2025-08-04,2025-08-04 14:05:43.700,MO2508-C-7500,2.0,1.8,2.0
2025-08-04,2025-08-04 14:05:44.200,MO2508-C-7500,2.0,1.8,2.0
2025-08-04,2025-08-04 14:05:52.700,MO2508-C-7500,2.0,1.8,2.0
2025-08-04,2025-08-04 14:05:53.200,MO2508-C-7500,2.0,1.8,2.0
2025-08-04,2025-08-04 14:06:12.700,MO2508-C-7500,2.0,1.8,2.0
2025-08-04,2025-08-04 14:06:17.200,MO2508-C-7500,2.0,1.8,2.0
2025-08-04,2025-08-04 14:06:22.200,MO2508-C-7500,2.0,1.8,2.0
2025-08-04,2025-08-04 14:06:22.700,MO2508-C-7500,2.0,1.8,2.0
2025-08-04,2025-08-04 14:06:23.200,MO2508-C-7500,2.0,1.8,2.0
2025-08-04,2025-08-04 14:06:23.700,MO2508-C-7500,2.0,1.8,2.0
2025-08-04,2025-08-04 14:06:25.200,MO2508-C-7500,2.0,1.8,2.0
2025-08-04,2025-08-04 14:06:26.200,MO2508-C-7500,2.0,1.8,2.0
2025-08-04,2025-08-04 14:06:30.200,MO2508-C-7500,2.0,1.8,2.0
2025-08-04,2025-08-04 14:06:30.700,MO2508-C-7500,2.0,1.8,2.0
2025-08-04,2025-08-04 14:06:36.200,MO2508-C-7500,2.0,1.8,2.0
2025-08-04,2025-08-04 14:06:41.200,MO2508-C-7500,2.0,1.8,2.0
2025-08-04,2025-08-04 14:06:42.700,MO2508-C-7500,2.0,1.8,2.0
2025-08-04,2025-08-04 14:06:44.700,MO2508-C-7500,2.0,1.8,2.0
2025-08-04,2025-08-04 14:06:48.700,MO2508-C-7500,2.0,1.8,2.0
2025-08-04,2025-08-04 14:06:50.700,MO2508-C-7500,2.0,1.8,2.2
2025-08-04,2025-08-04 14:06:51.200,MO2508-C-7500,2.0,1.8,2.2
2025-08-04,2025-08-04 14:06:51.700,MO2508-C-7500,2.0,1.8,2.2
2025-08-04,2025-08-04 14:06:52.700,MO2508-C-7500,2.0,2.0,2.2
2025-08-04,2025-08-04 14:06:53.200,MO2508-C-7500,2.0,2.0,2.2
2025-08-04,2025-08-04 14:06:53.700,MO2508-C-7500,2.0,2.0,2.2
2025-08-04,2025-08-04 14:06:54.200,MO2508-C-7500,2.0,2.0,2.2
2025-08-04,2025-08-04 14:06:57.700,MO2508-C-7500,2.0,2.0,2.2
2025-08-04,2025-08-04 14:06:58.200,MO2508-C-7500,2.0,2.0,2.2
2025-08-04,2025-08-04 14:06:58.700,MO2508-C-7500,2.0,2.0,2.2
2025-08-04,2025-08-04 14:07:00.700,MO2508-C-7500,2.0,2.0,2.2
2025-08-04,2025-08-04 14:07:01.200,MO2508-C-7500,2.0,2.0,2.2
2025-08-04,2025-08-04 14:07:02.200,MO2508-C-7500,2.0,2.0,2.2
2025-08-04,2025-08-04 14:07:05.200,MO2508-C-7500,2.0,2.0,2.2
2025-08-04,2025-08-04 14:07:06.700,MO2508-C-7500,2.0,2.0,2.2
2025-08-04,2025-08-04 14:07:07.200,MO2508-C-7500,2.0,2.0,2.2
2025-08-04,2025-08-04 14:07:08.200,MO2508-C-7500,2.0,2.0,2.2
2025-08-04,2025-08-04 14:07:08.700,MO2508-C-7500,2.0,2.0,2.2
2025-08-04,2025-08-04 14:07:11.200,MO2508-C-7500,2.0,2.0,2.2
2025-08-04,2025-08-04 14:07:22.200,MO2508-C-7500,2.0,2.0,2.2
2025-08-04,2025-08-04 14:07:22.700,MO2508-C-7500,2.0,2.0,2.2
2025-08-04,2025-08-04 14:07:23.200,MO2508-C-7500,2.0,2.0,2.2
2025-08-04,2025-08-04 14:07:24.700,MO2508-C-7500,2.2,2.0,2.2
2025-08-04,2025-08-04 14:07:25.200,MO2508-C-7500,2.2,2.0,2.2
2025-08-04,2025-08-04 14:07:26.700,MO2508-C-7500,2.2,2.0,2.2
2025-08-04,2025-08-04 14:07:27.200,MO2508-C-7500,2.2,2.0,2.2
2025-08-04,2025-08-04 14:07:28.200,MO2508-C-7500,2.2,2.0,2.2
2025-08-04,2025-08-04 14:07:28.700,MO2508-C-7500,2.2,2.0,2.2
2025-08-04,2025-08-04 14:07:35.200,MO2508-C-7500,2.2,2.0,2.2
2025-08-04,2025-08-04 14:07:36.200,MO2508-C-7500,2.2,2.0,2.2
2025-08-04,2025-08-04 14:07:37.700,MO2508-C-7500,2.2,2.0,2.2
2025-08-04,2025-08-04 14:07:41.200,MO2508-C-7500,2.2,2.0,2.2
2025-08-04,2025-08-04 14:07:47.700,MO2508-C-7500,2.2,2.0,2.2
2025-08-04,2025-08-04 14:07:52.200,MO2508-C-7500,2.2,2.0,2.2
2025-08-04,2025-08-04 14:07:52.700,MO2508-C-7500,2.2,2.0,2.2
2025-08-04,2025-08-04 14:07:53.200,MO2508-C-7500,2.2,2.0,2.2
2025-08-04,2025-08-04 14:08:05.200,MO2508-C-7500,2.2,2.0,2.2
2025-08-04,2025-08-04 14:08:08.200,MO2508-C-7500,2.2,2.0,2.2
2025-08-04,2025-08-04 14:08:22.700,MO2508-C-7500,2.2,2.0,2.2
2025-08-04,2025-08-04 14:08:23.200,MO2508-C-7500,2.2,2.0,2.2
2025-08-04,2025-08-04 14:08:29.700,MO2508-C-7500,2.2,2.0,2.2
2025-08-04,2025-08-04 14:08:32.200,MO2508-C-7500,2.2,2.0,2.2
2025-08-04,2025-08-04 14:08:52.700,MO2508-C-7500,2.2,2.0,2.2
2025-08-04,2025-08-04 14:08:53.200,MO2508-C-7500,2.2,2.0,2.2
2025-08-04,2025-08-04 14:08:55.700,MO2508-C-7500,2.2,2.0,2.2
2025-08-04,2025-08-04 14:09:02.700,MO2508-C-7500,2.2,2.0,2.2
2025-08-04,2025-08-04 14:09:03.200,MO2508-C-7500,2.2,2.0,2.2
2025-08-04,2025-08-04 14:09:03.700,MO2508-C-7500,2.2,2.0,2.4
2025-08-04,2025-08-04 14:09:04.200,MO2508-C-7500,2.2,2.0,2.4
2025-08-04,2025-08-04 14:09:05.200,MO2508-C-7500,2.2,2.0,2.4
2025-08-04,2025-08-04 14:09:05.700,MO2508-C-7500,2.2,2.0,2.4
2025-08-04,2025-08-04 14:09:07.200,MO2508-C-7500,2.2,2.0,2.4
2025-08-04,2025-08-04 14:09:07.700,MO2508-C-7500,2.2,2.0,2.4
2025-08-04,2025-08-04 14:09:08.200,MO2508-C-7500,2.2,2.0,2.4
2025-08-04,2025-08-04 14:09:08.700,MO2508-C-7500,2.2,2.0,2.4
2025-08-04,2025-08-04 14:09:09.200,MO2508-C-7500,2.2,2.0,2.4
2025-08-04,2025-08-04 14:09:10.200,MO2508-C-7500,2.2,2.0,2.4
2025-08-04,2025-08-04 14:09:10.700,MO2508-C-7500,2.2,2.0,2.4
2025-08-04,2025-08-04 14:09:12.700,MO2508-C-7500,2.2,2.0,2.4
2025-08-04,2025-08-04 14:09:13.200,MO2508-C-7500,2.2,2.2,2.4
2025-08-04,2025-08-04 14:09:13.700,MO2508-C-7500,2.2,2.2,2.4
2025-08-04,2025-08-04 14:09:14.200,MO2508-C-7500,2.2,2.2,2.4
2025-08-04,2025-08-04 14:09:14.700,MO2508-C-7500,2.2,2.2,2.4
2025-08-04,2025-08-04 14:09:15.700,MO2508-C-7500,2.2,2.2,2.4
2025-08-04,2025-08-04 14:09:16.200,MO2508-C-7500,2.2,2.2,2.4
2025-08-04,2025-08-04 14:09:22.700,MO2508-C-7500,2.2,2.2,2.4
2025-08-04,2025-08-04 14:09:23.200,MO2508-C-7500,2.2,2.2,2.4
2025-08-04,2025-08-04 14:09:23.700,MO2508-C-7500,2.2,2.2,2.4
2025-08-04,2025-08-04 14:09:25.700,MO2508-C-7500,2.2,2.2,2.4
2025-08-04,2025-08-04 14:09:26.200,MO2508-C-7500,2.2,2.2,2.4
2025-08-04,2025-08-04 14:09:37.200,MO2508-C-7500,2.2,2.2,2.4
2025-08-04,2025-08-04 14:09:41.200,MO2508-C-7500,2.2,2.2,2.4
2025-08-04,2025-08-04 14:09:46.200,MO2508-C-7500,2.2,2.2,2.4
2025-08-04,2025-08-04 14:09:46.700,MO2508-C-7500,2.2,2.2,2.4
2025-08-04,2025-08-04 14:09:52.700,MO2508-C-7500,2.2,2.2,2.4
2025-08-04,2025-08-04 14:09:53.200,MO2508-C-7500,2.2,2.2,2.4
2025-08-04,2025-08-04 14:09:54.700,MO2508-C-7500,2.2,2.2,2.4
2025-08-04,2025-08-04 14:09:55.200,MO2508-C-7500,2.2,2.2,2.4
2025-08-04,2025-08-04 14:10:03.200,MO2508-C-7500,2.2,2.2,2.4
2025-08-04,2025-08-04 14:10:03.700,MO2508-C-7500,2.2,2.2,2.4
2025-08-04,2025-08-04 14:10:16.700,MO2508-C-7500,2.2,2.2,2.4
2025-08-04,2025-08-04 14:10:17.200,MO2508-C-7500,2.2,2.2,2.4
2025-08-04,2025-08-04 14:10:21.700,MO2508-C-7500,2.2,2.2,2.4
2025-08-04,2025-08-04 14:10:22.700,MO2508-C-7500,2.2,2.2,2.4
2025-08-04,2025-08-04 14:10:23.200,MO2508-C-7500,2.2,2.2,2.4
2025-08-04,2025-08-04 14:10:33.700,MO2508-C-7500,2.2,2.2,2.4
2025-08-04,2025-08-04 14:10:37.200,MO2508-C-7500,2.2,2.2,2.4
2025-08-04,2025-08-04 14:10:37.700,MO2508-C-7500,2.2,2.2,2.4
2025-08-04,2025-08-04 14:10:38.200,MO2508-C-7500,2.2,2.2,2.4
2025-08-04,2025-08-04 14:10:52.700,MO2508-C-7500,2.2,2.2,2.4
2025-08-04,2025-08-04 14:10:53.200,MO2508-C-7500,2.2,2.2,2.4
2025-08-04,2025-08-04 14:10:54.700,MO2508-C-7500,2.2,2.2,2.4
2025-08-04,2025-08-04 14:10:55.700,MO2508-C-7500,2.2,2.2,2.4
2025-08-04,2025-08-04 14:11:01.700,MO2508-C-7500,2.2,2.2,2.4
2025-08-04,2025-08-04 14:11:02.200,MO2508-C-7500,2.2,2.2,2.4
2025-08-04,2025-08-04 14:11:03.200,MO2508-C-7500,2.2,2.2,2.4
2025-08-04,2025-08-04 14:11:17.700,MO2508-C-7500,2.2,2.2,2.4
2025-08-04,2025-08-04 14:11:22.700,MO2508-C-7500,2.2,2.2,2.4
2025-08-04,2025-08-04 14:11:23.200,MO2508-C-7500,2.2,2.2,2.4
2025-08-04,2025-08-04 14:11:26.700,MO2508-C-7500,2.2,2.2,2.4
2025-08-04,2025-08-04 14:11:27.200,MO2508-C-7500,2.2,2.2,2.4
2025-08-04,2025-08-04 14:11:33.700,MO2508-C-7500,2.2,2.2,2.4
2025-08-04,2025-08-04 14:11:34.200,MO2508-C-7500,2.2,2.2,2.4
2025-08-04,2025-08-04 14:11:36.200,MO2508-C-7500,2.2,2.2,2.4
2025-08-04,2025-08-04 14:11:39.700,MO2508-C-7500,2.2,2.2,2.4
2025-08-04,2025-08-04 14:11:47.200,MO2508-C-7500,2.4,2.2,2.4
2025-08-04,2025-08-04 14:11:52.700,MO2508-C-7500,2.4,2.2,2.4
2025-08-04,2025-08-04 14:11:53.200,MO2508-C-7500,2.4,2.2,2.4
2025-08-04,2025-08-04 14:11:57.200,MO2508-C-7500,2.4,2.2,2.4
2025-08-04,2025-08-04 14:11:59.700,MO2508-C-7500,2.4,2.2,2.4
2025-08-04,2025-08-04 14:12:00.200,MO2508-C-7500,2.4,2.2,2.4
2025-08-04,2025-08-04 14:12:02.200,MO2508-C-7500,2.4,2.2,2.4
2025-08-04,2025-08-04 14:12:10.200,MO2508-C-7500,2.4,2.2,2.4
2025-08-04,2025-08-04 14:12:10.700,MO2508-C-7500,2.4,2.2,2.4
2025-08-04,2025-08-04 14:12:11.200,MO2508-C-7500,2.4,2.2,2.4
2025-08-04,2025-08-04 14:12:19.200,MO2508-C-7500,2.4,2.2,2.4
2025-08-04,2025-08-04 14:12:20.200,MO2508-C-7500,2.4,2.2,2.4
2025-08-04,2025-08-04 14:12:22.700,MO2508-C-7500,2.4,2.2,2.4
2025-08-04,2025-08-04 14:12:23.200,MO2508-C-7500,2.4,2.2,2.4
2025-08-04,2025-08-04 14:12:29.700,MO2508-C-7500,2.4,2.2,2.4
2025-08-04,2025-08-04 14:12:43.200,MO2508-C-7500,2.4,2.2,2.4
2025-08-04,2025-08-04 14:12:52.700,MO2508-C-7500,2.4,2.2,2.4
2025-08-04,2025-08-04 14:12:53.200,MO2508-C-7500,2.4,2.2,2.4
2025-08-04,2025-08-04 14:13:22.700,MO2508-C-7500,2.4,2.2,2.4
2025-08-04,2025-08-04 14:13:23.200,MO2508-C-7500,2.4,2.2,2.4
2025-08-04,2025-08-04 14:13:24.700,MO2508-C-7500,2.4,2.2,2.4
2025-08-04,2025-08-04 14:13:42.200,MO2508-C-7500,2.4,2.2,2.4
2025-08-04,2025-08-04 14:13:42.700,MO2508-C-7500,2.4,2.2,2.4
2025-08-04,2025-08-04 14:13:49.700,MO2508-C-7500,2.4,2.2,2.4
2025-08-04,2025-08-04 14:13:52.700,MO2508-C-7500,2.4,2.2,2.4
2025-08-04,2025-08-04 14:13:53.200,MO2508-C-7500,2.4,2.2,2.4
2025-08-04,2025-08-04 14:14:22.700,MO2508-C-7500,2.4,2.2,2.4
2025-08-04,2025-08-04 14:14:23.200,MO2508-C-7500,2.4,2.2,2.4
2025-08-04,2025-08-04 14:14:24.200,MO2508-C-7500,2.4,2.2,2.4
2025-08-04,2025-08-04 14:14:25.700,MO2508-C-7500,2.4,2.2,2.4
2025-08-04,2025-08-04 14:14:26.200,MO2508-C-7500,2.4,2.2,2.4
2025-08-04,2025-08-04 14:14:28.700,MO2508-C-7500,2.4,2.2,2.4
2025-08-04,2025-08-04 14:14:29.200,MO2508-C-7500,2.4,2.2,2.4
2025-08-04,2025-08-04 14:14:40.700,MO2508-C-7500,2.4,2.2,2.4
2025-08-04,2025-08-04 14:14:47.700,MO2508-C-7500,2.4,2.2,2.4
2025-08-04,2025-08-04 14:14:52.700,MO2508-C-7500,2.4,2.2,2.4
2025-08-04,2025-08-04 14:14:53.200,MO2508-C-7500,2.4,2.2,2.4
2025-08-04,2025-08-04 14:15:01.200,MO2508-C-7500,2.4,2.2,2.4
2025-08-04,2025-08-04 14:15:01.700,MO2508-C-7500,2.4,2.2,2.4
2025-08-04,2025-08-04 14:15:08.200,MO2508-C-7500,2.4,2.2,2.4
2025-08-04,2025-08-04 14:15:09.700,MO2508-C-7500,2.4,2.2,2.4
2025-08-04,2025-08-04 14:15:19.700,MO2508-C-7500,2.4,2.2,2.4
2025-08-04,2025-08-04 14:15:22.700,MO2508-C-7500,2.4,2.2,2.4
2025-08-04,2025-08-04 14:15:23.200,MO2508-C-7500,2.4,2.2,2.4
2025-08-04,2025-08-04 14:15:23.700,MO2508-C-7500,2.4,2.2,2.4
2025-08-04,2025-08-04 14:15:25.700,MO2508-C-7500,2.4,2.2,2.4
2025-08-04,2025-08-04 14:15:31.200,MO2508-C-7500,2.4,2.2,2.4
2025-08-04,2025-08-04 14:15:32.200,MO2508-C-7500,2.4,2.2,2.4
2025-08-04,2025-08-04 14:15:41.200,MO2508-C-7500,2.4,2.2,2.4
2025-08-04,2025-08-04 14:15:42.700,MO2508-C-7500,2.4,2.2,2.4
2025-08-04,2025-08-04 14:15:43.200,MO2508-C-7500,2.4,2.2,2.4
2025-08-04,2025-08-04 14:15:43.700,MO2508-C-7500,2.4,2.2,2.4
2025-08-04,2025-08-04 14:15:45.700,MO2508-C-7500,2.4,2.2,2.4
2025-08-04,2025-08-04 14:15:46.200,MO2508-C-7500,2.4,2.2,2.4
2025-08-04,2025-08-04 14:15:46.700,MO2508-C-7500,2.4,2.2,2.4
2025-08-04,2025-08-04 14:15:48.700,MO2508-C-7500,2.4,2.2,2.4
2025-08-04,2025-08-04 14:15:49.200,MO2508-C-7500,2.4,2.2,2.4
2025-08-04,2025-08-04 14:15:50.200,MO2508-C-7500,2.4,2.2,2.4
2025-08-04,2025-08-04 14:15:50.700,MO2508-C-7500,2.4,2.2,2.4
2025-08-04,2025-08-04 14:15:51.200,MO2508-C-7500,2.4,2.2,2.4
2025-08-04,2025-08-04 14:15:52.700,MO2508-C-7500,2.4,2.2,2.4
2025-08-04,2025-08-04 14:15:53.200,MO2508-C-7500,2.4,2.2,2.4
2025-08-04,2025-08-04 14:15:53.700,MO2508-C-7500,2.4,2.2,2.6
2025-08-04,2025-08-04 14:15:54.200,MO2508-C-7500,2.4,2.2,2.6
2025-08-04,2025-08-04 14:15:54.700,MO2508-C-7500,2.4,2.2,2.6
2025-08-04,2025-08-04 14:15:55.200,MO2508-C-7500,2.4,2.2,2.6
2025-08-04,2025-08-04 14:15:55.700,MO2508-C-7500,2.4,2.2,2.6
2025-08-04,2025-08-04 14:15:56.200,MO2508-C-7500,2.4,2.2,2.6
2025-08-04,2025-08-04 14:15:56.700,MO2508-C-7500,2.4,2.2,2.6
2025-08-04,2025-08-04 14:15:57.700,MO2508-C-7500,2.4,2.2,2.6
2025-08-04,2025-08-04 14:15:58.200,MO2508-C-7500,2.4,2.2,2.6
2025-08-04,2025-08-04 14:15:58.700,MO2508-C-7500,2.4,2.2,2.6
2025-08-04,2025-08-04 14:15:59.700,MO2508-C-7500,2.4,2.2,2.6
2025-08-04,2025-08-04 14:16:00.200,MO2508-C-7500,2.4,2.2,2.6
2025-08-04,2025-08-04 14:16:02.200,MO2508-C-7500,2.4,2.2,2.6
2025-08-04,2025-08-04 14:16:02.700,MO2508-C-7500,2.4,2.2,2.6
2025-08-04,2025-08-04 14:16:03.700,MO2508-C-7500,2.4,2.2,2.6
2025-08-04,2025-08-04 14:16:04.700,MO2508-C-7500,2.4,2.2,2.6
2025-08-04,2025-08-04 14:16:05.200,MO2508-C-7500,2.4,2.2,2.6
2025-08-04,2025-08-04 14:16:05.700,MO2508-C-7500,2.4,2.2,2.6
2025-08-04,2025-08-04 14:16:06.700,MO2508-C-7500,2.4,2.2,2.6
2025-08-04,2025-08-04 14:16:07.200,MO2508-C-7500,2.4,2.2,2.6
2025-08-04,2025-08-04 14:16:07.700,MO2508-C-7500,2.4,2.2,2.6
2025-08-04,2025-08-04 14:16:08.700,MO2508-C-7500,2.4,2.2,2.6
2025-08-04,2025-08-04 14:16:09.200,MO2508-C-7500,2.4,2.2,2.6
2025-08-04,2025-08-04 14:16:09.700,MO2508-C-7500,2.4,2.2,2.6
2025-08-04,2025-08-04 14:16:10.200,MO2508-C-7500,2.4,2.2,2.6
2025-08-04,2025-08-04 14:16:10.700,MO2508-C-7500,2.4,2.2,2.6
2025-08-04,2025-08-04 14:16:12.200,MO2508-C-7500,2.4,2.2,2.6
2025-08-04,2025-08-04 14:16:13.200,MO2508-C-7500,2.4,2.2,2.6
2025-08-04,2025-08-04 14:16:15.200,MO2508-C-7500,2.4,2.2,2.6
2025-08-04,2025-08-04 14:16:16.200,MO2508-C-7500,2.4,2.2,2.6
2025-08-04,2025-08-04 14:16:17.200,MO2508-C-7500,2.4,2.2,2.6
2025-08-04,2025-08-04 14:16:18.200,MO2508-C-7500,2.4,2.2,2.6
2025-08-04,2025-08-04 14:16:18.700,MO2508-C-7500,2.4,2.2,2.6
2025-08-04,2025-08-04 14:16:19.700,MO2508-C-7500,2.4,2.2,2.6
2025-08-04,2025-08-04 14:16:20.200,MO2508-C-7500,2.4,2.2,2.6
2025-08-04,2025-08-04 14:16:21.700,MO2508-C-7500,2.4,2.2,2.6
2025-08-04,2025-08-04 14:16:22.200,MO2508-C-7500,2.4,2.2,2.6
2025-08-04,2025-08-04 14:16:22.700,MO2508-C-7500,2.4,2.2,2.6
2025-08-04,2025-08-04 14:16:23.200,MO2508-C-7500,2.4,2.2,2.6
2025-08-04,2025-08-04 14:16:23.700,MO2508-C-7500,2.4,2.2,2.6
2025-08-04,2025-08-04 14:16:24.200,MO2508-C-7500,2.4,2.2,2.6
2025-08-04,2025-08-04 14:16:30.700,MO2508-C-7500,2.4,2.2,2.6
2025-08-04,2025-08-04 14:16:31.700,MO2508-C-7500,2.4,2.2,2.6
2025-08-04,2025-08-04 14:16:37.200,MO2508-C-7500,2.4,2.4,2.6
2025-08-04,2025-08-04 14:16:37.700,MO2508-C-7500,2.4,2.4,2.6
2025-08-04,2025-08-04 14:16:38.200,MO2508-C-7500,2.4,2.4,2.6
2025-08-04,2025-08-04 14:16:39.200,MO2508-C-7500,2.4,2.4,2.6
2025-08-04,2025-08-04 14:16:39.700,MO2508-C-7500,2.4,2.4,2.6
2025-08-04,2025-08-04 14:16:40.200,MO2508-C-7500,2.4,2.4,2.6
2025-08-04,2025-08-04 14:16:43.200,MO2508-C-7500,2.4,2.4,2.6
2025-08-04,2025-08-04 14:16:45.200,MO2508-C-7500,2.4,2.4,2.6
2025-08-04,2025-08-04 14:16:45.700,MO2508-C-7500,2.4,2.4,2.6
2025-08-04,2025-08-04 14:16:46.200,MO2508-C-7500,2.4,2.4,2.6
2025-08-04,2025-08-04 14:16:52.700,MO2508-C-7500,2.4,2.4,2.6
2025-08-04,2025-08-04 14:16:53.200,MO2508-C-7500,2.4,2.4,2.6
2025-08-04,2025-08-04 14:16:55.700,MO2508-C-7500,2.4,2.4,2.6
2025-08-04,2025-08-04 14:16:56.200,MO2508-C-7500,2.4,2.4,2.6
2025-08-04,2025-08-04 14:17:02.700,MO2508-C-7500,2.6,2.4,2.6
2025-08-04,2025-08-04 14:17:03.200,MO2508-C-7500,2.6,2.4,2.6
2025-08-04,2025-08-04 14:17:03.700,MO2508-C-7500,2.6,2.4,2.6
2025-08-04,2025-08-04 14:17:09.700,MO2508-C-7500,2.6,2.4,2.6
2025-08-04,2025-08-04 14:17:11.200,MO2508-C-7500,2.6,2.4,2.6
2025-08-04,2025-08-04 14:17:14.200,MO2508-C-7500,2.6,2.4,2.6
2025-08-04,2025-08-04 14:17:14.700,MO2508-C-7500,2.6,2.4,2.6
2025-08-04,2025-08-04 14:17:15.200,MO2508-C-7500,2.6,2.4,2.6
2025-08-04,2025-08-04 14:17:20.700,MO2508-C-7500,2.6,2.4,2.6
2025-08-04,2025-08-04 14:17:21.200,MO2508-C-7500,2.6,2.4,2.6
2025-08-04,2025-08-04 14:17:22.700,MO2508-C-7500,2.6,2.4,2.6
2025-08-04,2025-08-04 14:17:23.200,MO2508-C-7500,2.6,2.4,2.6
2025-08-04,2025-08-04 14:17:23.700,MO2508-C-7500,2.6,2.4,2.6
2025-08-04,2025-08-04 14:17:24.200,MO2508-C-7500,2.6,2.4,2.8
2025-08-04,2025-08-04 14:17:24.700,MO2508-C-7500,2.6,2.4,2.8
2025-08-04,2025-08-04 14:17:26.200,MO2508-C-7500,2.6,2.4,2.8
2025-08-04,2025-08-04 14:17:26.700,MO2508-C-7500,2.6,2.4,2.8
2025-08-04,2025-08-04 14:17:27.700,MO2508-C-7500,2.6,2.4,2.8
2025-08-04,2025-08-04 14:17:28.200,MO2508-C-7500,2.6,2.4,2.8
2025-08-04,2025-08-04 14:17:29.200,MO2508-C-7500,2.6,2.4,2.8
2025-08-04,2025-08-04 14:17:30.200,MO2508-C-7500,2.6,2.4,2.8
2025-08-04,2025-08-04 14:17:30.700,MO2508-C-7500,2.6,2.4,2.8
2025-08-04,2025-08-04 14:17:31.200,MO2508-C-7500,2.6,2.4,2.8
2025-08-04,2025-08-04 14:17:31.700,MO2508-C-7500,2.6,2.4,2.8
2025-08-04,2025-08-04 14:17:32.700,MO2508-C-7500,2.6,2.4,2.8
2025-08-04,2025-08-04 14:17:33.200,MO2508-C-7500,2.6,2.4,2.8
2025-08-04,2025-08-04 14:17:33.700,MO2508-C-7500,2.6,2.6,2.8
2025-08-04,2025-08-04 14:17:34.200,MO2508-C-7500,2.6,2.6,2.8
2025-08-04,2025-08-04 14:17:34.700,MO2508-C-7500,2.6,2.6,2.8
2025-08-04,2025-08-04 14:17:35.200,MO2508-C-7500,2.6,2.6,2.8
2025-08-04,2025-08-04 14:17:36.700,MO2508-C-7500,2.6,2.6,2.8
2025-08-04,2025-08-04 14:17:37.200,MO2508-C-7500,2.6,2.6,2.8
2025-08-04,2025-08-04 14:17:38.200,MO2508-C-7500,2.6,2.6,2.8
2025-08-04,2025-08-04 14:17:44.200,MO2508-C-7500,2.6,2.6,2.8
2025-08-04,2025-08-04 14:17:46.200,MO2508-C-7500,2.6,2.6,2.8
2025-08-04,2025-08-04 14:17:46.700,MO2508-C-7500,2.6,2.6,2.8
2025-08-04,2025-08-04 14:17:49.200,MO2508-C-7500,2.6,2.6,2.8
2025-08-04,2025-08-04 14:17:52.700,MO2508-C-7500,2.6,2.6,2.8
2025-08-04,2025-08-04 14:17:53.200,MO2508-C-7500,2.6,2.6,2.8
2025-08-04,2025-08-04 14:18:01.200,MO2508-C-7500,2.6,2.6,2.8
2025-08-04,2025-08-04 14:18:03.200,MO2508-C-7500,2.6,2.6,2.8
2025-08-04,2025-08-04 14:18:04.700,MO2508-C-7500,2.6,2.6,2.8
2025-08-04,2025-08-04 14:18:07.200,MO2508-C-7500,2.6,2.6,2.8
2025-08-04,2025-08-04 14:18:15.200,MO2508-C-7500,2.8,2.6,2.8
2025-08-04,2025-08-04 14:18:15.700,MO2508-C-7500,2.8,2.6,2.8
2025-08-04,2025-08-04 14:18:22.200,MO2508-C-7500,2.8,2.6,2.8
2025-08-04,2025-08-04 14:18:22.700,MO2508-C-7500,2.8,2.6,2.8
2025-08-04,2025-08-04 14:18:23.200,MO2508-C-7500,2.8,2.6,2.8
2025-08-04,2025-08-04 14:18:27.700,MO2508-C-7500,2.8,2.6,2.8
2025-08-04,2025-08-04 14:18:29.700,MO2508-C-7500,2.8,2.6,2.8
2025-08-04,2025-08-04 14:18:30.700,MO2508-C-7500,2.8,2.6,2.8
2025-08-04,2025-08-04 14:18:31.200,MO2508-C-7500,2.8,2.6,2.8
2025-08-04,2025-08-04 14:18:31.700,MO2508-C-7500,2.8,2.6,2.8
2025-08-04,2025-08-04 14:18:32.200,MO2508-C-7500,2.8,2.6,2.8
2025-08-04,2025-08-04 14:18:35.700,MO2508-C-7500,2.8,2.6,2.8
2025-08-04,2025-08-04 14:18:36.200,MO2508-C-7500,2.8,2.6,2.8
2025-08-04,2025-08-04 14:18:36.700,MO2508-C-7500,2.8,2.8,3.0
2025-08-04,2025-08-04 14:18:37.200,MO2508-C-7500,2.8,2.8,3.0
2025-08-04,2025-08-04 14:18:37.700,MO2508-C-7500,2.8,2.8,3.0
2025-08-04,2025-08-04 14:18:38.200,MO2508-C-7500,2.8,2.8,3.0
2025-08-04,2025-08-04 14:18:38.700,MO2508-C-7500,2.8,2.8,3.0
2025-08-04,2025-08-04 14:18:39.700,MO2508-C-7500,2.8,2.8,3.0
2025-08-04,2025-08-04 14:18:41.200,MO2508-C-7500,2.8,2.8,3.0
2025-08-04,2025-08-04 14:18:41.700,MO2508-C-7500,2.8,2.8,3.0
2025-08-04,2025-08-04 14:18:42.700,MO2508-C-7500,2.8,2.8,3.0
2025-08-04,2025-08-04 14:18:43.200,MO2508-C-7500,2.8,2.8,3.0
2025-08-04,2025-08-04 14:18:43.700,MO2508-C-7500,2.8,2.8,3.0
2025-08-04,2025-08-04 14:18:46.200,MO2508-C-7500,3.0,2.8,3.0
2025-08-04,2025-08-04 14:18:46.700,MO2508-C-7500,3.0,2.8,3.0
2025-08-04,2025-08-04 14:18:47.200,MO2508-C-7500,3.0,2.8,3.0
2025-08-04,2025-08-04 14:18:49.700,MO2508-C-7500,3.0,2.8,3.0
2025-08-04,2025-08-04 14:18:50.200,MO2508-C-7500,3.0,2.8,3.0
2025-08-04,2025-08-04 14:18:52.700,MO2508-C-7500,3.0,2.8,3.0
2025-08-04,2025-08-04 14:18:53.200,MO2508-C-7500,3.0,2.8,3.0
2025-08-04,2025-08-04 14:18:54.200,MO2508-C-7500,3.0,2.8,3.0
2025-08-04,2025-08-04 14:18:55.200,MO2508-C-7500,3.0,2.8,3.0
2025-08-04,2025-08-04 14:18:55.700,MO2508-C-7500,3.0,2.8,3.0
2025-08-04,2025-08-04 14:18:56.200,MO2508-C-7500,3.0,2.8,3.0
2025-08-04,2025-08-04 14:18:56.700,MO2508-C-7500,3.0,2.8,3.0
2025-08-04,2025-08-04 14:18:58.200,MO2508-C-7500,3.0,2.8,3.0
2025-08-04,2025-08-04 14:18:58.700,MO2508-C-7500,3.0,2.8,3.0
2025-08-04,2025-08-04 14:18:59.200,MO2508-C-7500,3.0,2.8,3.0
2025-08-04,2025-08-04 14:19:00.200,MO2508-C-7500,3.0,2.8,3.0
2025-08-04,2025-08-04 14:19:01.200,MO2508-C-7500,3.0,2.8,3.0
2025-08-04,2025-08-04 14:19:01.700,MO2508-C-7500,3.0,2.8,3.0
2025-08-04,2025-08-04 14:19:05.700,MO2508-C-7500,3.0,2.8,3.0
2025-08-04,2025-08-04 14:19:07.200,MO2508-C-7500,3.0,2.8,3.0
2025-08-04,2025-08-04 14:19:08.200,MO2508-C-7500,3.0,2.8,3.0
2025-08-04,2025-08-04 14:19:09.200,MO2508-C-7500,3.0,2.8,3.0
2025-08-04,2025-08-04 14:19:09.700,MO2508-C-7500,3.0,2.8,3.0
2025-08-04,2025-08-04 14:19:10.700,MO2508-C-7500,3.0,2.8,3.0
2025-08-04,2025-08-04 14:19:12.200,MO2508-C-7500,3.0,2.8,3.0
2025-08-04,2025-08-04 14:19:12.700,MO2508-C-7500,3.0,2.8,3.0
2025-08-04,2025-08-04 14:19:13.200,MO2508-C-7500,3.0,2.8,3.0
2025-08-04,2025-08-04 14:19:13.700,MO2508-C-7500,3.0,2.8,3.0
2025-08-04,2025-08-04 14:19:14.200,MO2508-C-7500,3.0,2.8,3.0
2025-08-04,2025-08-04 14:19:14.700,MO2508-C-7500,3.0,2.8,3.0
2025-08-04,2025-08-04 14:19:15.700,MO2508-C-7500,3.0,2.8,3.0
2025-08-04,2025-08-04 14:19:16.700,MO2508-C-7500,3.0,2.8,3.0
2025-08-04,2025-08-04 14:19:18.200,MO2508-C-7500,2.8,2.8,3.0
2025-08-04,2025-08-04 14:19:18.700,MO2508-C-7500,2.8,2.8,3.0
2025-08-04,2025-08-04 14:19:19.200,MO2508-C-7500,2.8,3.0,3.2
2025-08-04,2025-08-04 14:19:19.700,MO2508-C-7500,2.8,3.0,3.2
2025-08-04,2025-08-04 14:19:20.200,MO2508-C-7500,2.8,3.0,3.2
2025-08-04,2025-08-04 14:19:20.700,MO2508-C-7500,3.0,2.8,3.2
2025-08-04,2025-08-04 14:19:21.200,MO2508-C-7500,3.0,2.8,3.2
2025-08-04,2025-08-04 14:19:21.700,MO2508-C-7500,3.0,2.8,3.0
2025-08-04,2025-08-04 14:19:22.200,MO2508-C-7500,3.0,2.8,3.0
2025-08-04,2025-08-04 14:19:22.700,MO2508-C-7500,3.0,2.8,3.0
2025-08-04,2025-08-04 14:19:23.200,MO2508-C-7500,3.0,2.8,3.0
2025-08-04,2025-08-04 14:19:24.200,MO2508-C-7500,3.0,2.8,3.0
2025-08-04,2025-08-04 14:19:25.700,MO2508-C-7500,3.0,2.8,3.0
2025-08-04,2025-08-04 14:19:26.200,MO2508-C-7500,3.0,2.8,3.0
2025-08-04,2025-08-04 14:19:27.700,MO2508-C-7500,3.0,2.8,3.0
2025-08-04,2025-08-04 14:19:28.200,MO2508-C-7500,3.0,2.8,3.0
2025-08-04,2025-08-04 14:19:32.200,MO2508-C-7500,3.0,2.8,3.0
2025-08-04,2025-08-04 14:19:34.200,MO2508-C-7500,3.0,2.8,3.0
2025-08-04,2025-08-04 14:19:34.700,MO2508-C-7500,2.8,2.8,3.0
2025-08-04,2025-08-04 14:19:35.200,MO2508-C-7500,2.8,2.8,3.0
2025-08-04,2025-08-04 14:19:35.700,MO2508-C-7500,2.8,2.8,3.0
2025-08-04,2025-08-04 14:19:36.700,MO2508-C-7500,2.8,2.8,3.0
2025-08-04,2025-08-04 14:19:37.200,MO2508-C-7500,2.8,2.8,3.0
2025-08-04,2025-08-04 14:19:37.700,MO2508-C-7500,2.8,2.8,3.0
2025-08-04,2025-08-04 14:19:39.200,MO2508-C-7500,2.8,2.8,3.0
2025-08-04,2025-08-04 14:19:39.700,MO2508-C-7500,2.8,2.8,3.0
2025-08-04,2025-08-04 14:19:41.200,MO2508-C-7500,2.8,2.8,3.0
2025-08-04,2025-08-04 14:19:41.700,MO2508-C-7500,2.8,2.8,3.0
2025-08-04,2025-08-04 14:19:52.700,MO2508-C-7500,2.8,2.8,3.0
2025-08-04,2025-08-04 14:19:53.200,MO2508-C-7500,2.8,2.8,3.0
2025-08-04,2025-08-04 14:19:54.200,MO2508-C-7500,2.8,2.8,3.0
2025-08-04,2025-08-04 14:19:57.200,MO2508-C-7500,2.8,2.8,3.0
2025-08-04,2025-08-04 14:19:58.700,MO2508-C-7500,2.8,2.8,3.0
2025-08-04,2025-08-04 14:20:02.200,MO2508-C-7500,2.8,2.8,3.0
2025-08-04,2025-08-04 14:20:02.700,MO2508-C-7500,2.8,2.8,3.0
2025-08-04,2025-08-04 14:20:03.200,MO2508-C-7500,2.8,2.8,3.0
2025-08-04,2025-08-04 14:20:06.700,MO2508-C-7500,2.8,2.8,3.0
2025-08-04,2025-08-04 14:20:07.200,MO2508-C-7500,2.8,2.8,3.0
2025-08-04,2025-08-04 14:20:07.700,MO2508-C-7500,2.8,2.8,3.0
2025-08-04,2025-08-04 14:20:09.200,MO2508-C-7500,2.8,2.8,3.0
2025-08-04,2025-08-04 14:20:09.700,MO2508-C-7500,2.8,2.8,3.0
2025-08-04,2025-08-04 14:20:10.200,MO2508-C-7500,2.8,2.8,3.0
2025-08-04,2025-08-04 14:20:11.200,MO2508-C-7500,2.8,2.8,3.0
2025-08-04,2025-08-04 14:20:11.700,MO2508-C-7500,2.8,2.8,3.0
2025-08-04,2025-08-04 14:20:12.200,MO2508-C-7500,2.8,2.8,3.0
2025-08-04,2025-08-04 14:20:12.700,MO2508-C-7500,2.8,2.8,3.0
2025-08-04,2025-08-04 14:20:16.200,MO2508-C-7500,2.8,2.8,3.0
2025-08-04,2025-08-04 14:20:16.700,MO2508-C-7500,2.8,2.8,3.0
2025-08-04,2025-08-04 14:20:17.200,MO2508-C-7500,2.8,2.8,3.0
2025-08-04,2025-08-04 14:20:18.200,MO2508-C-7500,2.8,2.8,3.0
2025-08-04,2025-08-04 14:20:18.700,MO2508-C-7500,2.8,2.8,3.0
2025-08-04,2025-08-04 14:20:19.200,MO2508-C-7500,2.8,2.8,3.0
2025-08-04,2025-08-04 14:20:19.700,MO2508-C-7500,2.8,2.8,3.0
2025-08-04,2025-08-04 14:20:22.700,MO2508-C-7500,2.8,2.8,3.0
2025-08-04,2025-08-04 14:20:23.200,MO2508-C-7500,2.8,2.8,3.0
2025-08-04,2025-08-04 14:20:23.700,MO2508-C-7500,2.8,2.8,3.0
2025-08-04,2025-08-04 14:20:24.200,MO2508-C-7500,2.8,2.8,3.0
2025-08-04,2025-08-04 14:20:30.200,MO2508-C-7500,2.8,2.8,3.0
2025-08-04,2025-08-04 14:20:32.700,MO2508-C-7500,2.8,2.8,3.0
2025-08-04,2025-08-04 14:20:37.700,MO2508-C-7500,2.8,2.8,3.0
2025-08-04,2025-08-04 14:20:38.700,MO2508-C-7500,2.8,2.8,3.0
2025-08-04,2025-08-04 14:20:52.700,MO2508-C-7500,2.8,2.8,3.0
2025-08-04,2025-08-04 14:20:53.200,MO2508-C-7500,2.8,2.8,3.0
2025-08-04,2025-08-04 14:20:53.700,MO2508-C-7500,2.8,2.8,3.0
2025-08-04,2025-08-04 14:20:56.200,MO2508-C-7500,2.8,2.8,3.0
2025-08-04,2025-08-04 14:21:00.700,MO2508-C-7500,2.8,2.8,3.0
2025-08-04,2025-08-04 14:21:02.700,MO2508-C-7500,2.8,2.8,3.0
2025-08-04,2025-08-04 14:21:03.200,MO2508-C-7500,2.8,2.8,3.0
2025-08-04,2025-08-04 14:21:07.200,MO2508-C-7500,2.8,2.8,3.0
2025-08-04,2025-08-04 14:21:07.700,MO2508-C-7500,2.8,2.8,3.0
2025-08-04,2025-08-04 14:21:08.200,MO2508-C-7500,2.8,2.8,3.0
2025-08-04,2025-08-04 14:21:09.200,MO2508-C-7500,2.8,2.8,3.0
2025-08-04,2025-08-04 14:21:09.700,MO2508-C-7500,2.8,2.8,3.0
2025-08-04,2025-08-04 14:21:10.200,MO2508-C-7500,2.8,2.8,3.0
2025-08-04,2025-08-04 14:21:11.700,MO2508-C-7500,2.8,2.8,3.0
2025-08-04,2025-08-04 14:21:12.200,MO2508-C-7500,2.8,2.8,3.0
2025-08-04,2025-08-04 14:21:12.700,MO2508-C-7500,2.8,2.8,3.0
2025-08-04,2025-08-04 14:21:13.200,MO2508-C-7500,2.8,2.8,3.0
2025-08-04,2025-08-04 14:21:13.700,MO2508-C-7500,2.8,2.8,3.0
2025-08-04,2025-08-04 14:21:14.700,MO2508-C-7500,2.8,2.8,3.0
2025-08-04,2025-08-04 14:21:17.200,MO2508-C-7500,2.8,2.8,3.0
2025-08-04,2025-08-04 14:21:17.700,MO2508-C-7500,2.8,2.8,3.0
2025-08-04,2025-08-04 14:21:18.200,MO2508-C-7500,2.8,2.8,3.0
2025-08-04,2025-08-04 14:21:18.700,MO2508-C-7500,2.8,2.8,3.0
2025-08-04,2025-08-04 14:21:19.200,MO2508-C-7500,2.8,2.8,3.0
2025-08-04,2025-08-04 14:21:19.700,MO2508-C-7500,2.8,2.8,3.0
2025-08-04,2025-08-04 14:21:20.200,MO2508-C-7500,2.8,2.8,3.0
2025-08-04,2025-08-04 14:21:22.700,MO2508-C-7500,2.8,2.8,3.0
2025-08-04,2025-08-04 14:21:23.200,MO2508-C-7500,2.8,2.8,3.0
2025-08-04,2025-08-04 14:21:25.700,MO2508-C-7500,2.8,2.8,3.0
2025-08-04,2025-08-04 14:21:30.700,MO2508-C-7500,2.8,2.8,3.0
2025-08-04,2025-08-04 14:21:33.700,MO2508-C-7500,2.8,2.8,3.0
2025-08-04,2025-08-04 14:21:39.200,MO2508-C-7500,2.8,2.8,3.0
2025-08-04,2025-08-04 14:21:43.700,MO2508-C-7500,2.8,2.8,3.0
2025-08-04,2025-08-04 14:21:52.700,MO2508-C-7500,2.8,2.8,3.0
2025-08-04,2025-08-04 14:21:53.200,MO2508-C-7500,2.8,2.8,3.0
2025-08-04,2025-08-04 14:21:58.700,MO2508-C-7500,2.8,2.8,3.0
2025-08-04,2025-08-04 14:22:00.200,MO2508-C-7500,2.8,2.8,3.0
2025-08-04,2025-08-04 14:22:02.200,MO2508-C-7500,2.8,2.8,3.0
2025-08-04,2025-08-04 14:22:04.200,MO2508-C-7500,2.8,2.8,3.0
2025-08-04,2025-08-04 14:22:04.700,MO2508-C-7500,2.8,2.8,3.0
2025-08-04,2025-08-04 14:22:06.700,MO2508-C-7500,2.8,2.8,3.0
2025-08-04,2025-08-04 14:22:07.200,MO2508-C-7500,2.8,2.8,3.0
2025-08-04,2025-08-04 14:22:20.200,MO2508-C-7500,2.8,2.8,3.0
2025-08-04,2025-08-04 14:22:22.700,MO2508-C-7500,2.8,2.8,3.0
2025-08-04,2025-08-04 14:22:23.200,MO2508-C-7500,2.8,2.8,3.0
2025-08-04,2025-08-04 14:22:27.200,MO2508-C-7500,2.8,2.8,3.0
2025-08-04,2025-08-04 14:22:52.700,MO2508-C-7500,2.8,2.8,3.0
2025-08-04,2025-08-04 14:22:53.200,MO2508-C-7500,2.8,2.8,3.0
2025-08-04,2025-08-04 14:22:56.200,MO2508-C-7500,2.8,2.8,3.0
2025-08-04,2025-08-04 14:23:02.700,MO2508-C-7500,2.8,2.8,3.0
2025-08-04,2025-08-04 14:23:03.200,MO2508-C-7500,2.8,2.8,3.0
2025-08-04,2025-08-04 14:23:03.700,MO2508-C-7500,2.8,2.8,3.0
2025-08-04,2025-08-04 14:23:04.700,MO2508-C-7500,2.8,2.8,3.0
2025-08-04,2025-08-04 14:23:06.200,MO2508-C-7500,2.8,2.8,3.0
2025-08-04,2025-08-04 14:23:06.700,MO2508-C-7500,2.8,2.8,3.0
2025-08-04,2025-08-04 14:23:07.200,MO2508-C-7500,2.8,2.8,3.0
2025-08-04,2025-08-04 14:23:16.200,MO2508-C-7500,2.8,2.8,3.0
2025-08-04,2025-08-04 14:23:22.700,MO2508-C-7500,2.8,2.8,3.0
2025-08-04,2025-08-04 14:23:23.200,MO2508-C-7500,2.8,2.8,3.0
2025-08-04,2025-08-04 14:23:37.700,MO2508-C-7500,2.8,2.8,3.0
2025-08-04,2025-08-04 14:23:38.200,MO2508-C-7500,2.8,2.8,3.0
2025-08-04,2025-08-04 14:23:45.200,MO2508-C-7500,2.8,2.8,3.0
2025-08-04,2025-08-04 14:23:46.200,MO2508-C-7500,2.8,2.8,3.0
2025-08-04,2025-08-04 14:23:46.700,MO2508-C-7500,2.8,2.8,3.0
2025-08-04,2025-08-04 14:23:52.700,MO2508-C-7500,2.8,2.8,3.0
2025-08-04,2025-08-04 14:23:53.200,MO2508-C-7500,2.8,2.8,3.0
2025-08-04,2025-08-04 14:23:55.700,MO2508-C-7500,2.8,2.8,3.0
2025-08-04,2025-08-04 14:23:56.200,MO2508-C-7500,2.8,2.8,3.0
2025-08-04,2025-08-04 14:23:57.200,MO2508-C-7500,2.8,2.8,3.0
2025-08-04,2025-08-04 14:24:16.200,MO2508-C-7500,2.8,2.8,3.0
2025-08-04,2025-08-04 14:24:16.700,MO2508-C-7500,2.8,2.8,3.0
2025-08-04,2025-08-04 14:24:17.200,MO2508-C-7500,2.8,2.8,3.0
2025-08-04,2025-08-04 14:24:20.200,MO2508-C-7500,2.8,2.6,2.8
2025-08-04,2025-08-04 14:24:20.700,MO2508-C-7500,2.8,2.6,2.8
2025-08-04,2025-08-04 14:24:21.200,MO2508-C-7500,2.8,2.6,2.8
2025-08-04,2025-08-04 14:24:22.700,MO2508-C-7500,2.8,2.6,2.8
2025-08-04,2025-08-04 14:24:23.200,MO2508-C-7500,2.8,2.6,2.8
2025-08-04,2025-08-04 14:24:23.700,MO2508-C-7500,2.8,2.6,2.8
2025-08-04,2025-08-04 14:24:24.200,MO2508-C-7500,2.8,2.6,2.8
2025-08-04,2025-08-04 14:24:31.200,MO2508-C-7500,2.8,2.6,2.8
2025-08-04,2025-08-04 14:24:31.700,MO2508-C-7500,2.8,2.6,2.8
2025-08-04,2025-08-04 14:24:36.200,MO2508-C-7500,2.8,2.6,2.8
2025-08-04,2025-08-04 14:24:38.200,MO2508-C-7500,2.8,2.6,2.8
2025-08-04,2025-08-04 14:24:39.700,MO2508-C-7500,2.8,2.6,2.8
2025-08-04,2025-08-04 14:24:46.700,MO2508-C-7500,2.8,2.6,2.8
2025-08-04,2025-08-04 14:24:52.700,MO2508-C-7500,2.8,2.6,2.8
2025-08-04,2025-08-04 14:24:53.200,MO2508-C-7500,2.8,2.6,2.8
2025-08-04,2025-08-04 14:25:02.200,MO2508-C-7500,2.8,2.6,2.8
2025-08-04,2025-08-04 14:25:02.700,MO2508-C-7500,2.8,2.8,3.0
2025-08-04,2025-08-04 14:25:03.200,MO2508-C-7500,2.8,2.8,3.0
2025-08-04,2025-08-04 14:25:03.700,MO2508-C-7500,2.8,2.8,3.0
2025-08-04,2025-08-04 14:25:10.700,MO2508-C-7500,2.8,2.8,3.0
2025-08-04,2025-08-04 14:25:11.200,MO2508-C-7500,2.8,2.8,3.0
2025-08-04,2025-08-04 14:25:13.700,MO2508-C-7500,2.8,2.8,3.0
2025-08-04,2025-08-04 14:25:14.200,MO2508-C-7500,2.8,2.8,3.0
2025-08-04,2025-08-04 14:25:16.700,MO2508-C-7500,2.8,2.8,3.0
2025-08-04,2025-08-04 14:25:20.200,MO2508-C-7500,2.8,2.8,3.0
2025-08-04,2025-08-04 14:25:20.700,MO2508-C-7500,2.8,2.8,3.0
2025-08-04,2025-08-04 14:25:22.700,MO2508-C-7500,2.8,2.8,3.0
2025-08-04,2025-08-04 14:25:23.200,MO2508-C-7500,2.8,2.8,3.0
2025-08-04,2025-08-04 14:25:24.200,MO2508-C-7500,2.8,2.8,3.0
2025-08-04,2025-08-04 14:25:29.200,MO2508-C-7500,2.8,2.8,3.0
2025-08-04,2025-08-04 14:25:29.700,MO2508-C-7500,2.8,2.8,3.0
2025-08-04,2025-08-04 14:25:30.200,MO2508-C-7500,2.8,2.8,3.0
2025-08-04,2025-08-04 14:25:30.700,MO2508-C-7500,2.8,2.8,3.0
2025-08-04,2025-08-04 14:25:33.700,MO2508-C-7500,2.8,2.8,3.0
2025-08-04,2025-08-04 14:25:34.200,MO2508-C-7500,2.8,2.8,3.0
2025-08-04,2025-08-04 14:25:34.700,MO2508-C-7500,2.8,2.8,3.0
2025-08-04,2025-08-04 14:25:35.200,MO2508-C-7500,2.8,2.8,3.0
2025-08-04,2025-08-04 14:25:35.700,MO2508-C-7500,2.8,2.8,3.0
2025-08-04,2025-08-04 14:25:36.700,MO2508-C-7500,2.8,2.8,3.0
2025-08-04,2025-08-04 14:25:37.200,MO2508-C-7500,2.8,2.8,3.0
2025-08-04,2025-08-04 14:25:38.200,MO2508-C-7500,2.8,2.8,3.0
2025-08-04,2025-08-04 14:25:39.200,MO2508-C-7500,2.8,2.8,3.0
2025-08-04,2025-08-04 14:25:39.700,MO2508-C-7500,2.8,2.8,3.0
2025-08-04,2025-08-04 14:25:40.700,MO2508-C-7500,2.8,2.8,3.0
2025-08-04,2025-08-04 14:25:43.200,MO2508-C-7500,2.8,2.8,3.0
2025-08-04,2025-08-04 14:25:43.700,MO2508-C-7500,2.8,2.8,3.0
2025-08-04,2025-08-04 14:25:45.200,MO2508-C-7500,2.8,2.8,3.0
2025-08-04,2025-08-04 14:25:45.700,MO2508-C-7500,2.8,2.8,3.0
2025-08-04,2025-08-04 14:25:47.200,MO2508-C-7500,2.8,2.8,3.0
2025-08-04,2025-08-04 14:25:47.700,MO2508-C-7500,2.8,2.8,3.0
2025-08-04,2025-08-04 14:25:48.200,MO2508-C-7500,2.8,2.8,3.0
2025-08-04,2025-08-04 14:25:51.200,MO2508-C-7500,2.8,2.8,3.0
2025-08-04,2025-08-04 14:25:51.700,MO2508-C-7500,2.8,2.8,3.0
2025-08-04,2025-08-04 14:25:52.700,MO2508-C-7500,2.8,2.8,3.0
2025-08-04,2025-08-04 14:25:53.200,MO2508-C-7500,2.8,2.8,3.0
2025-08-04,2025-08-04 14:25:53.700,MO2508-C-7500,2.8,2.8,3.0
2025-08-04,2025-08-04 14:25:54.200,MO2508-C-7500,2.8,2.8,3.0
2025-08-04,2025-08-04 14:25:54.700,MO2508-C-7500,2.8,2.8,3.0
2025-08-04,2025-08-04 14:25:59.200,MO2508-C-7500,2.8,2.8,3.0
2025-08-04,2025-08-04 14:26:00.700,MO2508-C-7500,2.8,2.8,3.0
2025-08-04,2025-08-04 14:26:01.700,MO2508-C-7500,2.8,2.8,3.0
2025-08-04,2025-08-04 14:26:04.200,MO2508-C-7500,2.8,2.8,3.0
2025-08-04,2025-08-04 14:26:04.700,MO2508-C-7500,2.8,2.8,3.0
2025-08-04,2025-08-04 14:26:05.200,MO2508-C-7500,2.8,2.8,3.0
2025-08-04,2025-08-04 14:26:11.700,MO2508-C-7500,2.8,2.8,3.0
2025-08-04,2025-08-04 14:26:12.200,MO2508-C-7500,2.8,2.8,3.0
2025-08-04,2025-08-04 14:26:20.700,MO2508-C-7500,2.8,2.8,3.0
2025-08-04,2025-08-04 14:26:21.700,MO2508-C-7500,2.8,2.8,3.0
2025-08-04,2025-08-04 14:26:22.700,MO2508-C-7500,2.8,2.8,3.0
2025-08-04,2025-08-04 14:26:23.200,MO2508-C-7500,2.8,2.8,3.0
2025-08-04,2025-08-04 14:26:29.200,MO2508-C-7500,2.8,2.8,3.0
2025-08-04,2025-08-04 14:26:29.700,MO2508-C-7500,2.8,2.8,3.0
2025-08-04,2025-08-04 14:26:32.200,MO2508-C-7500,2.8,2.8,3.0
2025-08-04,2025-08-04 14:26:34.200,MO2508-C-7500,2.8,2.8,3.0
2025-08-04,2025-08-04 14:26:44.200,MO2508-C-7500,2.8,2.8,3.0
2025-08-04,2025-08-04 14:26:44.700,MO2508-C-7500,2.8,2.8,3.0
2025-08-04,2025-08-04 14:26:52.700,MO2508-C-7500,2.8,2.8,3.0
2025-08-04,2025-08-04 14:26:53.200,MO2508-C-7500,2.8,2.8,3.0
2025-08-04,2025-08-04 14:26:53.700,MO2508-C-7500,2.8,2.8,3.0
2025-08-04,2025-08-04 14:26:54.200,MO2508-C-7500,2.8,2.8,3.0
2025-08-04,2025-08-04 14:26:54.700,MO2508-C-7500,2.8,2.8,3.0
2025-08-04,2025-08-04 14:26:55.200,MO2508-C-7500,2.8,2.8,3.0
2025-08-04,2025-08-04 14:26:55.700,MO2508-C-7500,2.8,2.8,3.0
2025-08-04,2025-08-04 14:26:57.700,MO2508-C-7500,2.8,2.8,3.0
2025-08-04,2025-08-04 14:26:58.200,MO2508-C-7500,2.8,2.8,3.0
2025-08-04,2025-08-04 14:26:58.700,MO2508-C-7500,2.8,2.8,3.0
2025-08-04,2025-08-04 14:27:01.200,MO2508-C-7500,2.8,2.8,3.0
2025-08-04,2025-08-04 14:27:02.200,MO2508-C-7500,2.8,2.8,3.0
2025-08-04,2025-08-04 14:27:02.700,MO2508-C-7500,2.8,2.8,3.0
2025-08-04,2025-08-04 14:27:03.200,MO2508-C-7500,2.8,2.8,3.0
2025-08-04,2025-08-04 14:27:04.200,MO2508-C-7500,2.8,2.8,3.0
2025-08-04,2025-08-04 14:27:04.700,MO2508-C-7500,2.8,2.8,3.0
2025-08-04,2025-08-04 14:27:22.700,MO2508-C-7500,2.8,2.8,3.0
2025-08-04,2025-08-04 14:27:23.200,MO2508-C-7500,2.8,2.8,3.0
2025-08-04,2025-08-04 14:27:52.700,MO2508-C-7500,2.8,2.8,3.0
2025-08-04,2025-08-04 14:27:53.200,MO2508-C-7500,2.8,2.8,3.0
2025-08-04,2025-08-04 14:27:55.700,MO2508-C-7500,2.8,2.8,3.0
2025-08-04,2025-08-04 14:27:56.700,MO2508-C-7500,2.8,2.8,3.0
2025-08-04,2025-08-04 14:27:57.200,MO2508-C-7500,2.8,2.8,3.0
2025-08-04,2025-08-04 14:28:01.200,MO2508-C-7500,2.8,2.8,3.0
2025-08-04,2025-08-04 14:28:09.700,MO2508-C-7500,2.8,2.8,3.0
2025-08-04,2025-08-04 14:28:13.200,MO2508-C-7500,2.8,2.8,3.0
2025-08-04,2025-08-04 14:28:14.200,MO2508-C-7500,2.8,2.8,3.0
2025-08-04,2025-08-04 14:28:15.200,MO2508-C-7500,2.8,2.8,3.0
2025-08-04,2025-08-04 14:28:22.200,MO2508-C-7500,2.8,2.8,3.0
2025-08-04,2025-08-04 14:28:22.700,MO2508-C-7500,2.8,2.8,3.0
2025-08-04,2025-08-04 14:28:23.200,MO2508-C-7500,2.8,2.8,3.0
2025-08-04,2025-08-04 14:28:25.200,MO2508-C-7500,2.8,2.8,3.0
2025-08-04,2025-08-04 14:28:35.200,MO2508-C-7500,2.8,2.8,3.0
2025-08-04,2025-08-04 14:28:37.700,MO2508-C-7500,2.8,2.8,3.0
2025-08-04,2025-08-04 14:28:40.200,MO2508-C-7500,2.8,2.8,3.0
2025-08-04,2025-08-04 14:28:52.700,MO2508-C-7500,2.8,2.8,3.0
2025-08-04,2025-08-04 14:28:53.200,MO2508-C-7500,2.8,2.8,3.0
2025-08-04,2025-08-04 14:29:02.200,MO2508-C-7500,2.8,2.8,3.0
2025-08-04,2025-08-04 14:29:11.200,MO2508-C-7500,2.8,2.8,3.0
2025-08-04,2025-08-04 14:29:11.700,MO2508-C-7500,2.8,2.8,3.0
2025-08-04,2025-08-04 14:29:21.200,MO2508-C-7500,2.8,2.8,3.0
2025-08-04,2025-08-04 14:29:22.700,MO2508-C-7500,2.8,2.8,3.0
2025-08-04,2025-08-04 14:29:23.200,MO2508-C-7500,2.8,2.8,3.0
2025-08-04,2025-08-04 14:29:29.200,MO2508-C-7500,2.8,2.8,3.0
2025-08-04,2025-08-04 14:29:52.700,MO2508-C-7500,2.8,2.8,3.0
2025-08-04,2025-08-04 14:29:53.200,MO2508-C-7500,2.8,2.8,3.0
2025-08-04,2025-08-04 14:29:58.200,MO2508-C-7500,2.8,2.8,3.0
2025-08-04,2025-08-04 14:30:01.200,MO2508-C-7500,2.8,2.8,3.0
2025-08-04,2025-08-04 14:30:01.700,MO2508-C-7500,2.8,2.8,3.0
2025-08-04,2025-08-04 14:30:02.700,MO2508-C-7500,2.8,2.8,3.0
2025-08-04,2025-08-04 14:30:06.700,MO2508-C-7500,2.8,2.8,3.0
2025-08-04,2025-08-04 14:30:08.200,MO2508-C-7500,2.8,2.8,3.0
2025-08-04,2025-08-04 14:30:08.700,MO2508-C-7500,2.8,2.8,3.0
2025-08-04,2025-08-04 14:30:09.700,MO2508-C-7500,2.8,2.8,3.0
2025-08-04,2025-08-04 14:30:11.700,MO2508-C-7500,2.8,2.8,3.0
2025-08-04,2025-08-04 14:30:21.700,MO2508-C-7500,2.8,2.8,3.0
2025-08-04,2025-08-04 14:30:22.700,MO2508-C-7500,2.8,2.8,3.0
2025-08-04,2025-08-04 14:30:23.200,MO2508-C-7500,2.8,2.8,3.0
2025-08-04,2025-08-04 14:30:26.700,MO2508-C-7500,2.8,2.8,3.0
2025-08-04,2025-08-04 14:30:30.700,MO2508-C-7500,2.8,2.8,3.0
2025-08-04,2025-08-04 14:30:34.200,MO2508-C-7500,2.8,2.8,3.0
2025-08-04,2025-08-04 14:30:36.200,MO2508-C-7500,2.8,2.8,3.0
2025-08-04,2025-08-04 14:30:41.200,MO2508-C-7500,2.8,2.8,3.0
2025-08-04,2025-08-04 14:30:46.200,MO2508-C-7500,2.8,2.8,3.0
2025-08-04,2025-08-04 14:30:46.700,MO2508-C-7500,2.8,2.8,3.0
2025-08-04,2025-08-04 14:30:48.700,MO2508-C-7500,2.8,2.8,3.0
2025-08-04,2025-08-04 14:30:50.700,MO2508-C-7500,2.8,2.8,3.0
2025-08-04,2025-08-04 14:30:51.200,MO2508-C-7500,2.8,2.8,3.0
2025-08-04,2025-08-04 14:30:52.200,MO2508-C-7500,2.8,2.8,3.0
2025-08-04,2025-08-04 14:30:52.700,MO2508-C-7500,2.8,2.8,3.0
2025-08-04,2025-08-04 14:30:53.200,MO2508-C-7500,2.8,2.8,3.0
2025-08-04,2025-08-04 14:30:54.200,MO2508-C-7500,2.8,2.8,3.0
2025-08-04,2025-08-04 14:30:55.700,MO2508-C-7500,2.8,2.8,3.0
2025-08-04,2025-08-04 14:30:58.200,MO2508-C-7500,2.8,2.8,3.0
2025-08-04,2025-08-04 14:30:58.700,MO2508-C-7500,2.8,2.8,3.0
2025-08-04,2025-08-04 14:31:00.700,MO2508-C-7500,2.8,2.8,3.0
2025-08-04,2025-08-04 14:31:04.700,MO2508-C-7500,2.8,2.8,3.0
2025-08-04,2025-08-04 14:31:05.700,MO2508-C-7500,2.8,2.8,3.0
2025-08-04,2025-08-04 14:31:09.200,MO2508-C-7500,2.8,2.8,3.0
2025-08-04,2025-08-04 14:31:09.700,MO2508-C-7500,2.8,2.8,3.0
2025-08-04,2025-08-04 14:31:10.200,MO2508-C-7500,2.8,2.8,3.0
2025-08-04,2025-08-04 14:31:10.700,MO2508-C-7500,2.8,2.8,3.0
2025-08-04,2025-08-04 14:31:20.200,MO2508-C-7500,2.8,2.8,3.0
2025-08-04,2025-08-04 14:31:22.700,MO2508-C-7500,2.8,2.8,3.0
2025-08-04,2025-08-04 14:31:23.200,MO2508-C-7500,2.8,2.8,3.0
2025-08-04,2025-08-04 14:31:29.200,MO2508-C-7500,2.8,2.6,2.8
2025-08-04,2025-08-04 14:31:29.700,MO2508-C-7500,2.8,2.6,2.8
2025-08-04,2025-08-04 14:31:30.200,MO2508-C-7500,2.8,2.6,2.8
2025-08-04,2025-08-04 14:31:34.200,MO2508-C-7500,2.8,2.6,2.8
2025-08-04,2025-08-04 14:31:34.700,MO2508-C-7500,2.8,2.6,2.8
2025-08-04,2025-08-04 14:31:36.700,MO2508-C-7500,2.8,2.6,2.8
2025-08-04,2025-08-04 14:31:37.200,MO2508-C-7500,2.8,2.6,2.8
2025-08-04,2025-08-04 14:31:39.700,MO2508-C-7500,2.8,2.6,3.0
2025-08-04,2025-08-04 14:31:40.200,MO2508-C-7500,2.8,2.6,3.0
2025-08-04,2025-08-04 14:31:40.700,MO2508-C-7500,2.8,2.6,3.0
2025-08-04,2025-08-04 14:31:41.200,MO2508-C-7500,2.8,2.6,3.0
2025-08-04,2025-08-04 14:31:41.700,MO2508-C-7500,2.8,2.6,3.0
2025-08-04,2025-08-04 14:31:42.200,MO2508-C-7500,2.8,2.8,3.0
2025-08-04,2025-08-04 14:31:42.700,MO2508-C-7500,2.8,2.8,3.0
2025-08-04,2025-08-04 14:31:43.200,MO2508-C-7500,2.8,2.8,3.0
2025-08-04,2025-08-04 14:31:43.700,MO2508-C-7500,2.8,2.8,3.0
2025-08-04,2025-08-04 14:31:44.200,MO2508-C-7500,2.8,2.8,3.0
2025-08-04,2025-08-04 14:31:44.700,MO2508-C-7500,2.8,2.8,3.0
2025-08-04,2025-08-04 14:31:47.200,MO2508-C-7500,2.8,2.8,3.0
2025-08-04,2025-08-04 14:31:51.700,MO2508-C-7500,2.8,2.8,3.0
2025-08-04,2025-08-04 14:31:52.200,MO2508-C-7500,2.8,2.8,3.0
2025-08-04,2025-08-04 14:31:52.700,MO2508-C-7500,2.8,2.8,3.0
2025-08-04,2025-08-04 14:31:53.200,MO2508-C-7500,2.8,2.8,3.0
2025-08-04,2025-08-04 14:31:55.200,MO2508-C-7500,2.8,2.8,3.0
2025-08-04,2025-08-04 14:31:55.700,MO2508-C-7500,2.8,2.8,3.0
2025-08-04,2025-08-04 14:31:57.700,MO2508-C-7500,2.8,2.8,3.0
2025-08-04,2025-08-04 14:32:02.700,MO2508-C-7500,2.8,2.8,3.0
2025-08-04,2025-08-04 14:32:10.200,MO2508-C-7500,2.8,2.8,3.0
2025-08-04,2025-08-04 14:32:12.700,MO2508-C-7500,2.8,2.8,3.0
2025-08-04,2025-08-04 14:32:17.200,MO2508-C-7500,2.8,2.6,2.8
2025-08-04,2025-08-04 14:32:17.700,MO2508-C-7500,2.8,2.6,3.0
2025-08-04,2025-08-04 14:32:18.200,MO2508-C-7500,2.8,2.6,3.0
2025-08-04,2025-08-04 14:32:18.700,MO2508-C-7500,2.8,2.6,3.0
2025-08-04,2025-08-04 14:32:21.700,MO2508-C-7500,2.8,2.6,3.0
2025-08-04,2025-08-04 14:32:22.200,MO2508-C-7500,2.8,2.6,3.0
2025-08-04,2025-08-04 14:32:22.700,MO2508-C-7500,2.8,2.6,3.0
2025-08-04,2025-08-04 14:32:23.200,MO2508-C-7500,2.8,2.6,3.0
2025-08-04,2025-08-04 14:32:32.700,MO2508-C-7500,2.8,2.6,3.0
2025-08-04,2025-08-04 14:32:38.200,MO2508-C-7500,2.8,2.8,3.0
2025-08-04,2025-08-04 14:32:38.700,MO2508-C-7500,2.8,2.8,3.0
2025-08-04,2025-08-04 14:32:41.700,MO2508-C-7500,2.8,2.8,3.0
2025-08-04,2025-08-04 14:32:48.700,MO2508-C-7500,2.8,2.8,3.0
2025-08-04,2025-08-04 14:32:49.200,MO2508-C-7500,2.8,2.8,3.0
2025-08-04,2025-08-04 14:32:52.700,MO2508-C-7500,2.8,2.8,3.0
2025-08-04,2025-08-04 14:32:53.200,MO2508-C-7500,2.8,2.8,3.0
2025-08-04,2025-08-04 14:32:54.700,MO2508-C-7500,2.8,2.8,3.0
2025-08-04,2025-08-04 14:32:58.700,MO2508-C-7500,2.8,2.8,3.0
2025-08-04,2025-08-04 14:33:04.700,MO2508-C-7500,2.8,2.6,3.0
2025-08-04,2025-08-04 14:33:05.200,MO2508-C-7500,2.8,2.6,3.0
2025-08-04,2025-08-04 14:33:19.200,MO2508-C-7500,2.8,2.6,3.0
2025-08-04,2025-08-04 14:33:22.700,MO2508-C-7500,2.8,2.6,3.0
2025-08-04,2025-08-04 14:33:23.200,MO2508-C-7500,2.8,2.6,3.0
2025-08-04,2025-08-04 14:33:33.200,MO2508-C-7500,2.8,2.6,3.0
2025-08-04,2025-08-04 14:33:33.700,MO2508-C-7500,2.8,2.6,3.0
2025-08-04,2025-08-04 14:33:52.700,MO2508-C-7500,2.8,2.6,3.0
2025-08-04,2025-08-04 14:33:53.200,MO2508-C-7500,2.8,2.6,3.0
2025-08-04,2025-08-04 14:33:55.200,MO2508-C-7500,2.8,2.6,3.0
2025-08-04,2025-08-04 14:34:02.700,MO2508-C-7500,2.8,2.6,3.0
2025-08-04,2025-08-04 14:34:03.200,MO2508-C-7500,2.8,2.6,3.0
2025-08-04,2025-08-04 14:34:04.200,MO2508-C-7500,2.8,2.6,3.0
2025-08-04,2025-08-04 14:34:04.700,MO2508-C-7500,2.8,2.6,3.0
2025-08-04,2025-08-04 14:34:06.700,MO2508-C-7500,2.8,2.6,3.0
2025-08-04,2025-08-04 14:34:07.200,MO2508-C-7500,2.8,2.6,3.0
2025-08-04,2025-08-04 14:34:07.700,MO2508-C-7500,2.8,2.6,3.0
2025-08-04,2025-08-04 14:34:08.700,MO2508-C-7500,2.8,2.6,2.8
2025-08-04,2025-08-04 14:34:09.200,MO2508-C-7500,2.8,2.6,2.8
2025-08-04,2025-08-04 14:34:09.700,MO2508-C-7500,2.8,2.6,2.8
2025-08-04,2025-08-04 14:34:11.700,MO2508-C-7500,2.8,2.6,2.8
2025-08-04,2025-08-04 14:34:12.200,MO2508-C-7500,2.8,2.6,2.8
2025-08-04,2025-08-04 14:34:13.700,MO2508-C-7500,2.8,2.6,2.8
2025-08-04,2025-08-04 14:34:14.200,MO2508-C-7500,2.8,2.6,2.8
2025-08-04,2025-08-04 14:34:21.700,MO2508-C-7500,2.8,2.6,2.8
2025-08-04,2025-08-04 14:34:22.700,MO2508-C-7500,2.8,2.6,2.8
2025-08-04,2025-08-04 14:34:23.200,MO2508-C-7500,2.8,2.6,2.8
2025-08-04,2025-08-04 14:34:25.200,MO2508-C-7500,2.6,2.6,2.8
2025-08-04,2025-08-04 14:34:25.700,MO2508-C-7500,2.6,2.6,2.8
2025-08-04,2025-08-04 14:34:30.200,MO2508-C-7500,2.6,2.6,2.8
2025-08-04,2025-08-04 14:34:35.700,MO2508-C-7500,2.6,2.6,2.8
2025-08-04,2025-08-04 14:34:44.700,MO2508-C-7500,2.6,2.6,2.8
2025-08-04,2025-08-04 14:34:52.700,MO2508-C-7500,2.6,2.6,2.8
2025-08-04,2025-08-04 14:34:53.200,MO2508-C-7500,2.6,2.6,2.8
2025-08-04,2025-08-04 14:35:02.200,MO2508-C-7500,2.6,2.6,2.8
2025-08-04,2025-08-04 14:35:03.200,MO2508-C-7500,2.6,2.6,2.8
2025-08-04,2025-08-04 14:35:09.700,MO2508-C-7500,2.6,2.6,2.8
2025-08-04,2025-08-04 14:35:13.200,MO2508-C-7500,2.6,2.6,2.8
2025-08-04,2025-08-04 14:35:13.700,MO2508-C-7500,2.8,2.6,2.8
2025-08-04,2025-08-04 14:35:22.700,MO2508-C-7500,2.8,2.6,2.8
2025-08-04,2025-08-04 14:35:23.200,MO2508-C-7500,2.8,2.6,2.8
2025-08-04,2025-08-04 14:35:52.700,MO2508-C-7500,2.8,2.6,2.8
2025-08-04,2025-08-04 14:35:53.200,MO2508-C-7500,2.8,2.6,2.8
2025-08-04,2025-08-04 14:36:08.200,MO2508-C-7500,2.6,2.6,2.8
2025-08-04,2025-08-04 14:36:08.700,MO2508-C-7500,2.8,2.6,3.0
2025-08-04,2025-08-04 14:36:09.200,MO2508-C-7500,2.8,2.6,3.0
2025-08-04,2025-08-04 14:36:09.700,MO2508-C-7500,2.8,2.6,3.0
2025-08-04,2025-08-04 14:36:10.700,MO2508-C-7500,2.8,2.6,3.0
2025-08-04,2025-08-04 14:36:11.200,MO2508-C-7500,2.8,2.6,3.0
2025-08-04,2025-08-04 14:36:11.700,MO2508-C-7500,2.8,2.6,3.0
2025-08-04,2025-08-04 14:36:12.200,MO2508-C-7500,2.8,2.6,3.0
2025-08-04,2025-08-04 14:36:12.700,MO2508-C-7500,2.8,2.6,3.0
2025-08-04,2025-08-04 14:36:13.200,MO2508-C-7500,2.8,2.6,3.0
2025-08-04,2025-08-04 14:36:13.700,MO2508-C-7500,2.8,2.6,3.0
2025-08-04,2025-08-04 14:36:14.200,MO2508-C-7500,2.8,2.6,3.0
2025-08-04,2025-08-04 14:36:14.700,MO2508-C-7500,2.8,2.6,3.0
2025-08-04,2025-08-04 14:36:15.200,MO2508-C-7500,2.8,2.6,3.0
2025-08-04,2025-08-04 14:36:15.700,MO2508-C-7500,2.8,2.6,3.0
2025-08-04,2025-08-04 14:36:16.200,MO2508-C-7500,2.8,2.6,3.0
2025-08-04,2025-08-04 14:36:16.700,MO2508-C-7500,2.8,2.6,3.0
2025-08-04,2025-08-04 14:36:17.700,MO2508-C-7500,2.8,2.6,3.0
2025-08-04,2025-08-04 14:36:19.200,MO2508-C-7500,2.8,2.6,3.0
2025-08-04,2025-08-04 14:36:19.700,MO2508-C-7500,2.8,2.6,3.0
2025-08-04,2025-08-04 14:36:20.200,MO2508-C-7500,2.8,2.6,3.0
2025-08-04,2025-08-04 14:36:20.700,MO2508-C-7500,2.8,2.6,3.0
2025-08-04,2025-08-04 14:36:21.200,MO2508-C-7500,2.8,2.6,3.0
2025-08-04,2025-08-04 14:36:22.700,MO2508-C-7500,2.8,2.6,3.0
2025-08-04,2025-08-04 14:36:23.200,MO2508-C-7500,2.8,2.6,3.0
2025-08-04,2025-08-04 14:36:25.700,MO2508-C-7500,2.8,2.6,3.0
2025-08-04,2025-08-04 14:36:26.200,MO2508-C-7500,2.8,2.6,3.0
2025-08-04,2025-08-04 14:36:28.200,MO2508-C-7500,2.8,2.6,3.0
2025-08-04,2025-08-04 14:36:28.700,MO2508-C-7500,2.8,2.6,3.0
2025-08-04,2025-08-04 14:36:29.200,MO2508-C-7500,2.8,2.6,3.0
2025-08-04,2025-08-04 14:36:30.200,MO2508-C-7500,2.8,2.6,3.0
2025-08-04,2025-08-04 14:36:31.200,MO2508-C-7500,2.8,2.6,3.0
2025-08-04,2025-08-04 14:36:31.700,MO2508-C-7500,2.8,2.6,3.0
2025-08-04,2025-08-04 14:36:32.700,MO2508-C-7500,2.8,2.6,3.0
2025-08-04,2025-08-04 14:36:33.700,MO2508-C-7500,2.8,2.6,3.0
2025-08-04,2025-08-04 14:36:36.700,MO2508-C-7500,2.8,2.6,3.0
2025-08-04,2025-08-04 14:36:37.200,MO2508-C-7500,2.8,2.6,3.0
2025-08-04,2025-08-04 14:36:39.200,MO2508-C-7500,2.8,2.6,3.0
2025-08-04,2025-08-04 14:36:41.200,MO2508-C-7500,2.8,2.6,3.0
2025-08-04,2025-08-04 14:36:41.700,MO2508-C-7500,2.8,2.6,3.0
2025-08-04,2025-08-04 14:36:42.200,MO2508-C-7500,2.8,2.6,3.0
2025-08-04,2025-08-04 14:36:42.700,MO2508-C-7500,2.8,2.6,3.0
2025-08-04,2025-08-04 14:36:43.200,MO2508-C-7500,2.8,2.6,3.0
2025-08-04,2025-08-04 14:36:43.700,MO2508-C-7500,2.8,2.6,3.0
2025-08-04,2025-08-04 14:36:44.200,MO2508-C-7500,2.8,2.6,3.0
2025-08-04,2025-08-04 14:36:44.700,MO2508-C-7500,2.8,2.6,3.0
2025-08-04,2025-08-04 14:36:45.200,MO2508-C-7500,2.8,2.6,3.0
2025-08-04,2025-08-04 14:36:45.700,MO2508-C-7500,2.8,2.6,3.0
2025-08-04,2025-08-04 14:36:49.700,MO2508-C-7500,2.8,2.6,3.0
2025-08-04,2025-08-04 14:36:50.200,MO2508-C-7500,2.8,2.6,3.0
2025-08-04,2025-08-04 14:36:52.700,MO2508-C-7500,2.8,2.6,3.0
2025-08-04,2025-08-04 14:36:53.200,MO2508-C-7500,2.8,2.6,3.0
2025-08-04,2025-08-04 14:37:03.700,MO2508-C-7500,2.8,2.6,3.0
2025-08-04,2025-08-04 14:37:05.200,MO2508-C-7500,2.8,2.6,3.0
2025-08-04,2025-08-04 14:37:07.200,MO2508-C-7500,2.8,2.6,3.0
2025-08-04,2025-08-04 14:37:15.700,MO2508-C-7500,2.8,2.6,3.0
2025-08-04,2025-08-04 14:37:16.200,MO2508-C-7500,2.8,2.6,3.0
2025-08-04,2025-08-04 14:37:18.700,MO2508-C-7500,2.8,2.6,3.0
2025-08-04,2025-08-04 14:37:19.200,MO2508-C-7500,2.8,2.6,3.0
2025-08-04,2025-08-04 14:37:19.700,MO2508-C-7500,2.8,2.6,3.0
2025-08-04,2025-08-04 14:37:20.200,MO2508-C-7500,2.8,2.6,3.0
2025-08-04,2025-08-04 14:37:21.200,MO2508-C-7500,2.8,2.6,3.0
2025-08-04,2025-08-04 14:37:22.200,MO2508-C-7500,2.8,2.6,3.0
2025-08-04,2025-08-04 14:37:22.700,MO2508-C-7500,2.8,2.6,3.0
2025-08-04,2025-08-04 14:37:23.200,MO2508-C-7500,2.8,2.6,3.0
2025-08-04,2025-08-04 14:37:23.700,MO2508-C-7500,2.8,2.6,3.0
2025-08-04,2025-08-04 14:37:24.200,MO2508-C-7500,2.8,2.6,3.0
2025-08-04,2025-08-04 14:37:25.200,MO2508-C-7500,2.8,2.6,3.0
2025-08-04,2025-08-04 14:37:25.700,MO2508-C-7500,2.8,2.6,3.0
2025-08-04,2025-08-04 14:37:26.200,MO2508-C-7500,2.8,2.6,3.0
2025-08-04,2025-08-04 14:37:26.700,MO2508-C-7500,2.8,2.6,3.0
2025-08-04,2025-08-04 14:37:27.200,MO2508-C-7500,2.8,2.6,3.0
2025-08-04,2025-08-04 14:37:27.700,MO2508-C-7500,2.8,2.6,3.0
2025-08-04,2025-08-04 14:37:28.200,MO2508-C-7500,2.8,2.6,3.0
2025-08-04,2025-08-04 14:37:28.700,MO2508-C-7500,2.8,2.6,3.0
2025-08-04,2025-08-04 14:37:29.700,MO2508-C-7500,2.6,2.6,3.0
2025-08-04,2025-08-04 14:37:30.700,MO2508-C-7500,2.6,2.6,3.0
2025-08-04,2025-08-04 14:37:31.200,MO2508-C-7500,2.6,2.6,3.0
2025-08-04,2025-08-04 14:37:32.200,MO2508-C-7500,2.6,2.6,3.0
2025-08-04,2025-08-04 14:37:32.700,MO2508-C-7500,2.6,2.6,3.0
2025-08-04,2025-08-04 14:37:35.700,MO2508-C-7500,2.6,2.6,3.0
2025-08-04,2025-08-04 14:37:36.200,MO2508-C-7500,2.6,2.8,3.0
2025-08-04,2025-08-04 14:37:36.700,MO2508-C-7500,2.6,2.8,3.0
2025-08-04,2025-08-04 14:37:37.200,MO2508-C-7500,2.6,2.8,3.0
2025-08-04,2025-08-04 14:37:38.200,MO2508-C-7500,2.6,2.8,3.0
2025-08-04,2025-08-04 14:37:38.700,MO2508-C-7500,2.6,2.8,3.0
2025-08-04,2025-08-04 14:37:42.700,MO2508-C-7500,2.6,2.8,3.0
2025-08-04,2025-08-04 14:37:44.200,MO2508-C-7500,2.6,2.8,3.0
2025-08-04,2025-08-04 14:37:50.200,MO2508-C-7500,2.6,2.8,3.0
2025-08-04,2025-08-04 14:37:52.700,MO2508-C-7500,2.6,2.8,3.0
2025-08-04,2025-08-04 14:37:53.200,MO2508-C-7500,2.6,2.8,3.0
2025-08-04,2025-08-04 14:37:58.200,MO2508-C-7500,2.6,2.8,3.0
2025-08-04,2025-08-04 14:38:12.700,MO2508-C-7500,2.6,2.8,3.0
2025-08-04,2025-08-04 14:38:22.700,MO2508-C-7500,2.6,2.8,3.0
2025-08-04,2025-08-04 14:38:23.200,MO2508-C-7500,2.6,2.8,3.0
2025-08-04,2025-08-04 14:38:31.200,MO2508-C-7500,2.8,2.8,3.0
2025-08-04,2025-08-04 14:38:31.700,MO2508-C-7500,2.8,2.8,3.0
2025-08-04,2025-08-04 14:38:32.200,MO2508-C-7500,2.8,2.8,3.0
2025-08-04,2025-08-04 14:38:45.200,MO2508-C-7500,2.8,2.6,3.0
2025-08-04,2025-08-04 14:38:45.700,MO2508-C-7500,2.8,2.6,3.0
2025-08-04,2025-08-04 14:38:46.700,MO2508-C-7500,2.8,2.6,3.0
2025-08-04,2025-08-04 14:38:49.200,MO2508-C-7500,2.8,2.6,3.0
2025-08-04,2025-08-04 14:38:51.700,MO2508-C-7500,2.8,2.6,3.0
2025-08-04,2025-08-04 14:38:52.200,MO2508-C-7500,2.8,2.6,3.0
2025-08-04,2025-08-04 14:38:52.700,MO2508-C-7500,2.8,2.6,3.0
2025-08-04,2025-08-04 14:38:53.200,MO2508-C-7500,2.8,2.6,3.0
2025-08-04,2025-08-04 14:38:53.700,MO2508-C-7500,2.8,2.6,3.0
2025-08-04,2025-08-04 14:38:54.200,MO2508-C-7500,2.8,2.6,3.0
2025-08-04,2025-08-04 14:38:54.700,MO2508-C-7500,2.8,2.6,3.0
2025-08-04,2025-08-04 14:38:55.200,MO2508-C-7500,2.8,2.6,3.0
2025-08-04,2025-08-04 14:38:55.700,MO2508-C-7500,2.8,2.6,3.0
2025-08-04,2025-08-04 14:38:56.200,MO2508-C-7500,2.8,2.6,3.0
2025-08-04,2025-08-04 14:38:56.700,MO2508-C-7500,2.8,2.6,3.0
2025-08-04,2025-08-04 14:38:57.200,MO2508-C-7500,2.8,2.6,3.0
2025-08-04,2025-08-04 14:38:57.700,MO2508-C-7500,2.8,2.6,3.0
2025-08-04,2025-08-04 14:38:58.200,MO2508-C-7500,2.8,2.6,3.0
2025-08-04,2025-08-04 14:38:58.700,MO2508-C-7500,2.8,2.6,3.0
2025-08-04,2025-08-04 14:39:00.200,MO2508-C-7500,2.8,2.6,3.0
2025-08-04,2025-08-04 14:39:00.700,MO2508-C-7500,2.8,2.6,3.0
2025-08-04,2025-08-04 14:39:01.200,MO2508-C-7500,2.8,2.6,3.0
2025-08-04,2025-08-04 14:39:01.700,MO2508-C-7500,2.8,2.6,3.0
2025-08-04,2025-08-04 14:39:02.200,MO2508-C-7500,2.8,2.6,3.0
2025-08-04,2025-08-04 14:39:02.700,MO2508-C-7500,2.8,2.6,3.0
2025-08-04,2025-08-04 14:39:03.200,MO2508-C-7500,2.8,2.6,3.0
2025-08-04,2025-08-04 14:39:04.200,MO2508-C-7500,2.8,2.6,3.0
2025-08-04,2025-08-04 14:39:04.700,MO2508-C-7500,2.8,2.6,3.0
2025-08-04,2025-08-04 14:39:05.700,MO2508-C-7500,2.8,2.6,3.0
2025-08-04,2025-08-04 14:39:06.200,MO2508-C-7500,2.8,2.6,3.0
2025-08-04,2025-08-04 14:39:06.700,MO2508-C-7500,2.8,2.6,3.0
2025-08-04,2025-08-04 14:39:07.200,MO2508-C-7500,2.8,2.6,3.0
2025-08-04,2025-08-04 14:39:08.200,MO2508-C-7500,2.8,2.6,3.0
2025-08-04,2025-08-04 14:39:08.700,MO2508-C-7500,2.8,2.6,3.0
2025-08-04,2025-08-04 14:39:09.700,MO2508-C-7500,2.8,2.6,3.0
2025-08-04,2025-08-04 14:39:10.200,MO2508-C-7500,2.8,2.6,3.0
2025-08-04,2025-08-04 14:39:10.700,MO2508-C-7500,2.8,2.6,3.0
2025-08-04,2025-08-04 14:39:13.200,MO2508-C-7500,2.8,2.6,3.0
2025-08-04,2025-08-04 14:39:13.700,MO2508-C-7500,2.8,2.6,3.0
2025-08-04,2025-08-04 14:39:14.200,MO2508-C-7500,2.8,2.6,3.0
2025-08-04,2025-08-04 14:39:16.700,MO2508-C-7500,2.8,2.6,3.0
2025-08-04,2025-08-04 14:39:18.200,MO2508-C-7500,2.8,2.6,3.0
2025-08-04,2025-08-04 14:39:19.200,MO2508-C-7500,2.8,2.6,3.0
2025-08-04,2025-08-04 14:39:19.700,MO2508-C-7500,2.8,2.6,3.0
2025-08-04,2025-08-04 14:39:20.200,MO2508-C-7500,2.8,2.6,3.0
2025-08-04,2025-08-04 14:39:21.200,MO2508-C-7500,2.8,2.6,3.0
2025-08-04,2025-08-04 14:39:22.200,MO2508-C-7500,2.8,2.6,3.0
2025-08-04,2025-08-04 14:39:22.700,MO2508-C-7500,2.8,2.6,3.0
2025-08-04,2025-08-04 14:39:23.200,MO2508-C-7500,2.8,2.6,3.0
2025-08-04,2025-08-04 14:39:23.700,MO2508-C-7500,2.8,2.6,3.0
2025-08-04,2025-08-04 14:39:24.700,MO2508-C-7500,2.8,2.6,3.0
2025-08-04,2025-08-04 14:39:25.200,MO2508-C-7500,2.8,2.6,3.0
2025-08-04,2025-08-04 14:39:26.200,MO2508-C-7500,2.8,2.6,3.0
2025-08-04,2025-08-04 14:39:29.200,MO2508-C-7500,2.8,2.6,3.0
2025-08-04,2025-08-04 14:39:29.700,MO2508-C-7500,2.8,2.6,3.0
2025-08-04,2025-08-04 14:39:30.200,MO2508-C-7500,2.8,2.6,3.0
2025-08-04,2025-08-04 14:39:33.200,MO2508-C-7500,2.8,2.6,3.0
2025-08-04,2025-08-04 14:39:34.200,MO2508-C-7500,2.8,2.6,3.0
2025-08-04,2025-08-04 14:39:36.700,MO2508-C-7500,2.8,2.6,3.0
2025-08-04,2025-08-04 14:39:37.200,MO2508-C-7500,2.8,2.6,3.0
2025-08-04,2025-08-04 14:39:40.200,MO2508-C-7500,2.8,2.6,3.0
2025-08-04,2025-08-04 14:39:42.200,MO2508-C-7500,2.8,2.6,3.0
2025-08-04,2025-08-04 14:39:42.700,MO2508-C-7500,2.8,2.6,3.0
2025-08-04,2025-08-04 14:39:44.700,MO2508-C-7500,2.8,2.6,3.0
2025-08-04,2025-08-04 14:39:45.200,MO2508-C-7500,2.8,2.6,3.0
2025-08-04,2025-08-04 14:39:45.700,MO2508-C-7500,2.8,2.6,3.0
2025-08-04,2025-08-04 14:39:46.200,MO2508-C-7500,2.8,2.6,3.0
2025-08-04,2025-08-04 14:39:46.700,MO2508-C-7500,2.8,2.6,3.0
2025-08-04,2025-08-04 14:39:47.200,MO2508-C-7500,2.8,2.6,3.0
2025-08-04,2025-08-04 14:39:48.200,MO2508-C-7500,2.8,2.6,3.0
2025-08-04,2025-08-04 14:39:49.200,MO2508-C-7500,2.8,2.6,3.0
2025-08-04,2025-08-04 14:39:49.700,MO2508-C-7500,2.8,2.6,3.0
2025-08-04,2025-08-04 14:39:50.200,MO2508-C-7500,2.8,2.6,3.0
2025-08-04,2025-08-04 14:39:50.700,MO2508-C-7500,2.8,2.6,3.0
2025-08-04,2025-08-04 14:39:51.700,MO2508-C-7500,2.8,2.6,3.0
2025-08-04,2025-08-04 14:39:52.200,MO2508-C-7500,2.8,2.6,3.0
2025-08-04,2025-08-04 14:39:52.700,MO2508-C-7500,2.8,2.6,3.0
2025-08-04,2025-08-04 14:39:53.200,MO2508-C-7500,2.8,2.6,3.0
2025-08-04,2025-08-04 14:39:54.700,MO2508-C-7500,2.8,2.6,3.0
2025-08-04,2025-08-04 14:39:55.200,MO2508-C-7500,2.8,2.6,3.0
2025-08-04,2025-08-04 14:39:56.200,MO2508-C-7500,2.8,2.6,3.0
2025-08-04,2025-08-04 14:39:57.700,MO2508-C-7500,2.8,2.6,3.0
2025-08-04,2025-08-04 14:39:58.200,MO2508-C-7500,2.8,2.6,3.0
2025-08-04,2025-08-04 14:39:58.700,MO2508-C-7500,2.8,2.6,3.0
2025-08-04,2025-08-04 14:39:59.200,MO2508-C-7500,2.8,2.6,3.0
2025-08-04,2025-08-04 14:39:59.700,MO2508-C-7500,2.8,2.6,3.0
2025-08-04,2025-08-04 14:40:00.200,MO2508-C-7500,2.8,2.6,3.0
2025-08-04,2025-08-04 14:40:01.200,MO2508-C-7500,2.8,2.6,3.0
2025-08-04,2025-08-04 14:40:02.200,MO2508-C-7500,2.8,2.6,3.0
2025-08-04,2025-08-04 14:40:02.700,MO2508-C-7500,2.8,2.6,3.0
2025-08-04,2025-08-04 14:40:03.200,MO2508-C-7500,2.8,2.6,3.0
2025-08-04,2025-08-04 14:40:04.200,MO2508-C-7500,2.8,2.6,3.0
2025-08-04,2025-08-04 14:40:04.700,MO2508-C-7500,2.8,2.6,3.0
2025-08-04,2025-08-04 14:40:05.700,MO2508-C-7500,2.8,2.6,3.0
2025-08-04,2025-08-04 14:40:06.200,MO2508-C-7500,2.8,2.6,3.0
2025-08-04,2025-08-04 14:40:07.200,MO2508-C-7500,2.8,2.6,3.0
2025-08-04,2025-08-04 14:40:08.200,MO2508-C-7500,2.8,2.6,3.0
2025-08-04,2025-08-04 14:40:08.700,MO2508-C-7500,2.8,2.6,3.0
2025-08-04,2025-08-04 14:40:10.200,MO2508-C-7500,2.8,2.6,3.0
2025-08-04,2025-08-04 14:40:10.700,MO2508-C-7500,2.8,2.6,3.0
2025-08-04,2025-08-04 14:40:11.200,MO2508-C-7500,2.8,2.6,3.0
2025-08-04,2025-08-04 14:40:12.200,MO2508-C-7500,2.8,2.6,3.0
2025-08-04,2025-08-04 14:40:14.200,MO2508-C-7500,2.8,2.6,3.0
2025-08-04,2025-08-04 14:40:16.200,MO2508-C-7500,2.8,2.6,3.0
2025-08-04,2025-08-04 14:40:17.200,MO2508-C-7500,2.8,2.6,3.0
2025-08-04,2025-08-04 14:40:18.200,MO2508-C-7500,2.8,2.6,3.0
2025-08-04,2025-08-04 14:40:18.700,MO2508-C-7500,2.8,2.6,3.0
2025-08-04,2025-08-04 14:40:19.700,MO2508-C-7500,2.8,2.6,3.0
2025-08-04,2025-08-04 14:40:20.200,MO2508-C-7500,2.8,2.6,3.0
2025-08-04,2025-08-04 14:40:21.200,MO2508-C-7500,2.8,2.6,3.0
2025-08-04,2025-08-04 14:40:21.700,MO2508-C-7500,2.8,2.6,3.0
2025-08-04,2025-08-04 14:40:22.200,MO2508-C-7500,2.8,2.6,3.0
2025-08-04,2025-08-04 14:40:22.700,MO2508-C-7500,2.8,2.6,3.0
2025-08-04,2025-08-04 14:40:23.200,MO2508-C-7500,2.8,2.6,3.0
2025-08-04,2025-08-04 14:40:24.700,MO2508-C-7500,2.8,2.6,3.0
2025-08-04,2025-08-04 14:40:25.700,MO2508-C-7500,2.8,2.6,3.0
2025-08-04,2025-08-04 14:40:26.200,MO2508-C-7500,2.8,2.6,3.0
2025-08-04,2025-08-04 14:40:26.700,MO2508-C-7500,2.8,2.6,3.0
2025-08-04,2025-08-04 14:40:34.200,MO2508-C-7500,2.8,2.6,3.0
2025-08-04,2025-08-04 14:40:34.700,MO2508-C-7500,2.8,2.6,3.0
2025-08-04,2025-08-04 14:40:35.200,MO2508-C-7500,2.8,2.6,3.0
2025-08-04,2025-08-04 14:40:35.700,MO2508-C-7500,2.8,2.6,3.0
2025-08-04,2025-08-04 14:40:36.200,MO2508-C-7500,2.8,2.6,3.0
2025-08-04,2025-08-04 14:40:36.700,MO2508-C-7500,2.8,2.6,3.0
2025-08-04,2025-08-04 14:40:37.700,MO2508-C-7500,2.8,2.6,3.0
2025-08-04,2025-08-04 14:40:38.200,MO2508-C-7500,2.8,2.6,3.0
2025-08-04,2025-08-04 14:40:39.200,MO2508-C-7500,2.8,2.6,3.0
2025-08-04,2025-08-04 14:40:40.700,MO2508-C-7500,2.8,2.6,3.0
2025-08-04,2025-08-04 14:40:41.200,MO2508-C-7500,2.8,2.6,3.0
2025-08-04,2025-08-04 14:40:42.200,MO2508-C-7500,2.8,2.6,3.0
2025-08-04,2025-08-04 14:40:43.700,MO2508-C-7500,2.8,2.6,3.0
2025-08-04,2025-08-04 14:40:44.200,MO2508-C-7500,2.8,2.6,3.0
2025-08-04,2025-08-04 14:40:44.700,MO2508-C-7500,2.8,2.6,3.0
2025-08-04,2025-08-04 14:40:45.700,MO2508-C-7500,2.8,2.6,3.0
2025-08-04,2025-08-04 14:40:46.200,MO2508-C-7500,2.8,2.6,3.0
2025-08-04,2025-08-04 14:40:46.700,MO2508-C-7500,2.8,2.6,3.0
2025-08-04,2025-08-04 14:40:47.700,MO2508-C-7500,2.8,2.6,3.0
2025-08-04,2025-08-04 14:40:48.200,MO2508-C-7500,2.8,2.6,3.0
2025-08-04,2025-08-04 14:40:49.700,MO2508-C-7500,2.8,2.6,3.0
2025-08-04,2025-08-04 14:40:50.200,MO2508-C-7500,2.8,2.6,3.0
2025-08-04,2025-08-04 14:40:52.200,MO2508-C-7500,2.8,2.6,3.0
2025-08-04,2025-08-04 14:40:52.700,MO2508-C-7500,2.8,2.6,3.0
2025-08-04,2025-08-04 14:40:53.200,MO2508-C-7500,2.8,2.6,3.0
2025-08-04,2025-08-04 14:40:55.200,MO2508-C-7500,2.8,2.6,3.0
2025-08-04,2025-08-04 14:40:55.700,MO2508-C-7500,2.8,2.6,3.0
2025-08-04,2025-08-04 14:40:56.200,MO2508-C-7500,2.8,2.6,3.0
2025-08-04,2025-08-04 14:40:57.200,MO2508-C-7500,2.8,2.6,3.0
2025-08-04,2025-08-04 14:40:59.700,MO2508-C-7500,2.8,2.6,3.0
2025-08-04,2025-08-04 14:41:00.200,MO2508-C-7500,2.8,2.6,3.0
2025-08-04,2025-08-04 14:41:01.200,MO2508-C-7500,2.8,2.6,3.0
2025-08-04,2025-08-04 14:41:02.200,MO2508-C-7500,2.8,2.6,3.0
2025-08-04,2025-08-04 14:41:02.700,MO2508-C-7500,2.8,2.6,3.0
2025-08-04,2025-08-04 14:41:03.200,MO2508-C-7500,2.8,2.6,3.0
2025-08-04,2025-08-04 14:41:03.700,MO2508-C-7500,2.8,2.6,3.0
2025-08-04,2025-08-04 14:41:04.200,MO2508-C-7500,2.8,2.6,3.0
2025-08-04,2025-08-04 14:41:05.700,MO2508-C-7500,2.8,2.6,3.0
2025-08-04,2025-08-04 14:41:06.200,MO2508-C-7500,2.8,2.6,3.0
2025-08-04,2025-08-04 14:41:06.700,MO2508-C-7500,2.8,2.6,3.0
2025-08-04,2025-08-04 14:41:07.700,MO2508-C-7500,2.8,2.6,3.0
2025-08-04,2025-08-04 14:41:08.200,MO2508-C-7500,2.8,2.6,3.0
2025-08-04,2025-08-04 14:41:08.700,MO2508-C-7500,2.8,2.6,3.0
2025-08-04,2025-08-04 14:41:09.700,MO2508-C-7500,2.8,2.6,3.0
2025-08-04,2025-08-04 14:41:10.700,MO2508-C-7500,2.8,2.6,3.0
2025-08-04,2025-08-04 14:41:11.200,MO2508-C-7500,2.8,2.6,3.0
2025-08-04,2025-08-04 14:41:11.700,MO2508-C-7500,2.8,2.6,3.0
2025-08-04,2025-08-04 14:41:13.700,MO2508-C-7500,2.8,2.6,3.0
2025-08-04,2025-08-04 14:41:14.200,MO2508-C-7500,2.8,2.6,3.0
2025-08-04,2025-08-04 14:41:14.700,MO2508-C-7500,2.8,2.6,3.0
2025-08-04,2025-08-04 14:41:16.200,MO2508-C-7500,2.8,2.6,3.0
2025-08-04,2025-08-04 14:41:17.200,MO2508-C-7500,2.8,2.6,3.0
2025-08-04,2025-08-04 14:41:17.700,MO2508-C-7500,2.8,2.6,3.0
2025-08-04,2025-08-04 14:41:18.700,MO2508-C-7500,2.8,2.6,3.0
2025-08-04,2025-08-04 14:41:19.200,MO2508-C-7500,2.8,2.6,3.0
2025-08-04,2025-08-04 14:41:19.700,MO2508-C-7500,2.8,2.6,3.0
2025-08-04,2025-08-04 14:41:20.700,MO2508-C-7500,2.8,2.6,3.0
2025-08-04,2025-08-04 14:41:21.700,MO2508-C-7500,2.8,2.6,3.0
2025-08-04,2025-08-04 14:41:22.200,MO2508-C-7500,2.8,2.6,3.0
2025-08-04,2025-08-04 14:41:22.700,MO2508-C-7500,2.8,2.6,3.0
2025-08-04,2025-08-04 14:41:23.200,MO2508-C-7500,2.8,2.6,3.0
2025-08-04,2025-08-04 14:41:24.200,MO2508-C-7500,2.8,2.6,3.0
2025-08-04,2025-08-04 14:41:24.700,MO2508-C-7500,2.8,2.6,3.0
2025-08-04,2025-08-04 14:41:25.200,MO2508-C-7500,2.8,2.6,3.0
2025-08-04,2025-08-04 14:41:25.700,MO2508-C-7500,2.8,2.6,3.0
2025-08-04,2025-08-04 14:41:27.200,MO2508-C-7500,2.8,2.6,3.0
2025-08-04,2025-08-04 14:41:27.700,MO2508-C-7500,2.8,2.6,3.0
2025-08-04,2025-08-04 14:41:29.200,MO2508-C-7500,2.8,2.6,3.0
2025-08-04,2025-08-04 14:41:31.200,MO2508-C-7500,2.8,2.6,3.0
2025-08-04,2025-08-04 14:41:32.200,MO2508-C-7500,2.8,2.6,3.0
2025-08-04,2025-08-04 14:41:32.700,MO2508-C-7500,2.8,2.6,3.0
2025-08-04,2025-08-04 14:41:33.200,MO2508-C-7500,2.8,2.6,3.0
2025-08-04,2025-08-04 14:41:33.700,MO2508-C-7500,2.8,2.6,3.0
2025-08-04,2025-08-04 14:41:34.200,MO2508-C-7500,2.8,2.6,3.0
2025-08-04,2025-08-04 14:41:34.700,MO2508-C-7500,2.8,2.6,3.0
2025-08-04,2025-08-04 14:41:35.200,MO2508-C-7500,2.8,2.6,3.0
2025-08-04,2025-08-04 14:41:35.700,MO2508-C-7500,2.8,2.6,3.0
2025-08-04,2025-08-04 14:41:36.200,MO2508-C-7500,2.8,2.6,3.0
2025-08-04,2025-08-04 14:41:37.700,MO2508-C-7500,2.8,2.6,3.0
2025-08-04,2025-08-04 14:41:38.700,MO2508-C-7500,2.8,2.6,3.0
2025-08-04,2025-08-04 14:41:39.700,MO2508-C-7500,2.8,2.6,3.0
2025-08-04,2025-08-04 14:41:40.700,MO2508-C-7500,2.8,2.6,3.0
2025-08-04,2025-08-04 14:41:43.200,MO2508-C-7500,2.8,2.6,3.0
2025-08-04,2025-08-04 14:41:44.700,MO2508-C-7500,2.8,2.6,3.0
2025-08-04,2025-08-04 14:41:45.200,MO2508-C-7500,2.8,2.6,3.0
2025-08-04,2025-08-04 14:41:46.200,MO2508-C-7500,2.8,2.6,3.0
2025-08-04,2025-08-04 14:41:46.700,MO2508-C-7500,2.8,2.6,3.0
2025-08-04,2025-08-04 14:41:52.700,MO2508-C-7500,2.8,2.6,3.0
2025-08-04,2025-08-04 14:41:53.200,MO2508-C-7500,2.8,2.6,3.0
2025-08-04,2025-08-04 14:42:04.700,MO2508-C-7500,2.8,2.6,3.0
2025-08-04,2025-08-04 14:42:05.200,MO2508-C-7500,2.8,2.6,3.0
2025-08-04,2025-08-04 14:42:06.200,MO2508-C-7500,2.8,2.6,3.0
2025-08-04,2025-08-04 14:42:07.200,MO2508-C-7500,2.8,2.6,3.0
2025-08-04,2025-08-04 14:42:08.700,MO2508-C-7500,2.8,2.6,3.0
2025-08-04,2025-08-04 14:42:09.200,MO2508-C-7500,2.8,2.6,3.0
2025-08-04,2025-08-04 14:42:09.700,MO2508-C-7500,2.8,2.6,3.0
2025-08-04,2025-08-04 14:42:10.200,MO2508-C-7500,2.8,2.6,3.0
2025-08-04,2025-08-04 14:42:10.700,MO2508-C-7500,2.8,2.6,3.0
2025-08-04,2025-08-04 14:42:11.700,MO2508-C-7500,2.8,2.6,3.0
2025-08-04,2025-08-04 14:42:12.200,MO2508-C-7500,2.8,2.6,3.0
2025-08-04,2025-08-04 14:42:12.700,MO2508-C-7500,2.8,2.6,3.0
2025-08-04,2025-08-04 14:42:13.200,MO2508-C-7500,2.8,2.6,3.0
2025-08-04,2025-08-04 14:42:13.700,MO2508-C-7500,2.8,2.6,3.0
2025-08-04,2025-08-04 14:42:14.700,MO2508-C-7500,2.8,2.6,3.0
2025-08-04,2025-08-04 14:42:15.200,MO2508-C-7500,2.8,2.6,3.0
2025-08-04,2025-08-04 14:42:16.200,MO2508-C-7500,2.8,2.6,3.0
2025-08-04,2025-08-04 14:42:17.200,MO2508-C-7500,2.8,2.6,3.0
2025-08-04,2025-08-04 14:42:17.700,MO2508-C-7500,2.8,2.6,3.0
2025-08-04,2025-08-04 14:42:18.700,MO2508-C-7500,2.8,2.6,3.0
2025-08-04,2025-08-04 14:42:21.700,MO2508-C-7500,2.8,2.6,3.0
2025-08-04,2025-08-04 14:42:22.700,MO2508-C-7500,2.8,2.6,3.0
2025-08-04,2025-08-04 14:42:23.200,MO2508-C-7500,2.8,2.6,3.0
2025-08-04,2025-08-04 14:42:23.700,MO2508-C-7500,2.8,2.6,3.0
2025-08-04,2025-08-04 14:42:24.700,MO2508-C-7500,2.8,2.6,3.0
2025-08-04,2025-08-04 14:42:25.200,MO2508-C-7500,2.8,2.6,3.0
2025-08-04,2025-08-04 14:42:26.200,MO2508-C-7500,2.8,2.6,3.0
2025-08-04,2025-08-04 14:42:27.200,MO2508-C-7500,2.8,2.6,3.0
2025-08-04,2025-08-04 14:42:27.700,MO2508-C-7500,2.8,2.6,3.0
2025-08-04,2025-08-04 14:42:29.700,MO2508-C-7500,2.8,2.6,3.0
2025-08-04,2025-08-04 14:42:30.200,MO2508-C-7500,2.8,2.6,3.0
2025-08-04,2025-08-04 14:42:31.200,MO2508-C-7500,2.8,2.6,3.0
2025-08-04,2025-08-04 14:42:32.200,MO2508-C-7500,2.8,2.6,3.0
2025-08-04,2025-08-04 14:42:33.200,MO2508-C-7500,2.8,2.6,3.0
2025-08-04,2025-08-04 14:42:33.700,MO2508-C-7500,2.8,2.6,3.0
2025-08-04,2025-08-04 14:42:35.700,MO2508-C-7500,2.8,2.6,3.0
2025-08-04,2025-08-04 14:42:36.200,MO2508-C-7500,2.8,2.6,3.0
2025-08-04,2025-08-04 14:42:37.200,MO2508-C-7500,2.8,2.6,3.0
2025-08-04,2025-08-04 14:42:37.700,MO2508-C-7500,2.8,2.6,3.0
2025-08-04,2025-08-04 14:42:38.200,MO2508-C-7500,2.8,2.6,3.0
2025-08-04,2025-08-04 14:42:38.700,MO2508-C-7500,2.8,2.6,3.0
2025-08-04,2025-08-04 14:42:39.200,MO2508-C-7500,2.8,2.6,3.0
2025-08-04,2025-08-04 14:42:41.700,MO2508-C-7500,2.8,2.6,3.0
2025-08-04,2025-08-04 14:42:42.700,MO2508-C-7500,2.8,2.6,3.0
2025-08-04,2025-08-04 14:42:43.200,MO2508-C-7500,2.8,2.6,3.0
2025-08-04,2025-08-04 14:42:44.200,MO2508-C-7500,2.8,2.6,3.0
2025-08-04,2025-08-04 14:42:44.700,MO2508-C-7500,2.8,2.6,3.0
2025-08-04,2025-08-04 14:42:46.700,MO2508-C-7500,2.8,2.6,3.0
2025-08-04,2025-08-04 14:42:47.200,MO2508-C-7500,2.8,2.6,3.0
2025-08-04,2025-08-04 14:42:48.700,MO2508-C-7500,2.8,2.6,3.0
2025-08-04,2025-08-04 14:42:51.200,MO2508-C-7500,2.8,2.6,3.0
2025-08-04,2025-08-04 14:42:52.700,MO2508-C-7500,2.8,2.6,3.0
2025-08-04,2025-08-04 14:42:53.200,MO2508-C-7500,2.8,2.6,3.0
2025-08-04,2025-08-04 14:42:54.200,MO2508-C-7500,2.8,2.6,3.0
2025-08-04,2025-08-04 14:42:54.700,MO2508-C-7500,2.8,2.6,3.0
2025-08-04,2025-08-04 14:42:56.200,MO2508-C-7500,2.8,2.6,3.0
2025-08-04,2025-08-04 14:42:56.700,MO2508-C-7500,2.8,2.6,3.0
2025-08-04,2025-08-04 14:42:57.200,MO2508-C-7500,2.8,2.6,3.0
2025-08-04,2025-08-04 14:42:58.200,MO2508-C-7500,2.8,2.6,3.0
2025-08-04,2025-08-04 14:43:00.200,MO2508-C-7500,2.8,2.6,3.0
2025-08-04,2025-08-04 14:43:01.200,MO2508-C-7500,2.8,2.6,3.0
2025-08-04,2025-08-04 14:43:01.700,MO2508-C-7500,2.8,2.6,3.0
2025-08-04,2025-08-04 14:43:02.200,MO2508-C-7500,2.8,2.6,3.0
2025-08-04,2025-08-04 14:43:02.700,MO2508-C-7500,2.8,2.6,3.0
2025-08-04,2025-08-04 14:43:03.200,MO2508-C-7500,2.8,2.6,3.0
2025-08-04,2025-08-04 14:43:03.700,MO2508-C-7500,2.8,2.6,3.0
2025-08-04,2025-08-04 14:43:04.700,MO2508-C-7500,2.8,2.6,3.0
2025-08-04,2025-08-04 14:43:05.200,MO2508-C-7500,2.8,2.6,3.0
2025-08-04,2025-08-04 14:43:05.700,MO2508-C-7500,2.8,2.6,3.0
2025-08-04,2025-08-04 14:43:06.200,MO2508-C-7500,2.8,2.6,3.0
2025-08-04,2025-08-04 14:43:06.700,MO2508-C-7500,2.8,2.6,3.0
2025-08-04,2025-08-04 14:43:08.200,MO2508-C-7500,2.8,2.6,3.0
2025-08-04,2025-08-04 14:43:09.200,MO2508-C-7500,2.8,2.6,3.0
2025-08-04,2025-08-04 14:43:10.200,MO2508-C-7500,2.8,2.6,3.0
2025-08-04,2025-08-04 14:43:10.700,MO2508-C-7500,2.8,2.6,3.0
2025-08-04,2025-08-04 14:43:11.200,MO2508-C-7500,2.8,2.6,3.0
2025-08-04,2025-08-04 14:43:11.700,MO2508-C-7500,2.8,2.6,3.0
2025-08-04,2025-08-04 14:43:12.200,MO2508-C-7500,2.8,2.6,3.0
2025-08-04,2025-08-04 14:43:12.700,MO2508-C-7500,2.8,2.6,3.0
2025-08-04,2025-08-04 14:43:13.200,MO2508-C-7500,2.8,2.6,3.0
2025-08-04,2025-08-04 14:43:13.700,MO2508-C-7500,2.8,2.6,3.0
2025-08-04,2025-08-04 14:43:14.200,MO2508-C-7500,2.8,2.6,3.0
2025-08-04,2025-08-04 14:43:17.700,MO2508-C-7500,2.8,2.6,3.0
2025-08-04,2025-08-04 14:43:19.200,MO2508-C-7500,2.8,2.6,3.0
2025-08-04,2025-08-04 14:43:20.200,MO2508-C-7500,2.8,2.6,3.0
2025-08-04,2025-08-04 14:43:21.200,MO2508-C-7500,2.8,2.6,3.0
2025-08-04,2025-08-04 14:43:21.700,MO2508-C-7500,2.8,2.6,3.0
2025-08-04,2025-08-04 14:43:22.700,MO2508-C-7500,2.8,2.6,3.0
2025-08-04,2025-08-04 14:43:23.200,MO2508-C-7500,2.8,2.6,3.0
2025-08-04,2025-08-04 14:43:24.700,MO2508-C-7500,2.8,2.6,3.0
2025-08-04,2025-08-04 14:43:25.700,MO2508-C-7500,2.8,2.6,3.0
2025-08-04,2025-08-04 14:43:26.200,MO2508-C-7500,2.8,2.6,3.0
2025-08-04,2025-08-04 14:43:28.700,MO2508-C-7500,2.8,2.6,3.0
2025-08-04,2025-08-04 14:43:29.700,MO2508-C-7500,2.8,2.6,3.0
2025-08-04,2025-08-04 14:43:30.200,MO2508-C-7500,2.8,2.6,3.0
2025-08-04,2025-08-04 14:43:30.700,MO2508-C-7500,2.8,2.6,3.0
2025-08-04,2025-08-04 14:43:31.700,MO2508-C-7500,2.8,2.6,3.0
2025-08-04,2025-08-04 14:43:32.200,MO2508-C-7500,2.8,2.6,3.0
2025-08-04,2025-08-04 14:43:33.200,MO2508-C-7500,2.8,2.6,2.8
2025-08-04,2025-08-04 14:43:33.700,MO2508-C-7500,2.8,2.6,2.8
2025-08-04,2025-08-04 14:43:34.200,MO2508-C-7500,2.8,2.6,2.8
2025-08-04,2025-08-04 14:43:36.200,MO2508-C-7500,2.8,2.6,2.8
2025-08-04,2025-08-04 14:43:37.700,MO2508-C-7500,2.8,2.6,2.8
2025-08-04,2025-08-04 14:43:52.700,MO2508-C-7500,2.8,2.6,2.8
2025-08-04,2025-08-04 14:43:53.200,MO2508-C-7500,2.8,2.6,2.8
2025-08-04,2025-08-04 14:43:58.700,MO2508-C-7500,2.8,2.6,2.8
2025-08-04,2025-08-04 14:43:59.200,MO2508-C-7500,2.8,2.6,2.8
2025-08-04,2025-08-04 14:44:04.200,MO2508-C-7500,2.8,2.6,2.8
2025-08-04,2025-08-04 14:44:08.200,MO2508-C-7500,2.8,2.6,2.8
2025-08-04,2025-08-04 14:44:19.200,MO2508-C-7500,2.8,2.6,2.8
2025-08-04,2025-08-04 14:44:22.700,MO2508-C-7500,2.8,2.6,2.8
2025-08-04,2025-08-04 14:44:23.200,MO2508-C-7500,2.8,2.6,2.8
2025-08-04,2025-08-04 14:44:26.700,MO2508-C-7500,2.8,2.6,2.8
2025-08-04,2025-08-04 14:44:33.200,MO2508-C-7500,2.8,2.6,2.8
2025-08-04,2025-08-04 14:44:52.700,MO2508-C-7500,2.8,2.6,2.8
2025-08-04,2025-08-04 14:44:53.200,MO2508-C-7500,2.8,2.6,2.8
2025-08-04,2025-08-04 14:44:58.200,MO2508-C-7500,2.8,2.6,2.8
2025-08-04,2025-08-04 14:44:58.700,MO2508-C-7500,2.8,2.6,2.8
2025-08-04,2025-08-04 14:45:00.200,MO2508-C-7500,2.8,2.6,2.8
2025-08-04,2025-08-04 14:45:01.200,MO2508-C-7500,2.8,2.6,2.8
2025-08-04,2025-08-04 14:45:01.700,MO2508-C-7500,2.8,2.6,2.8
2025-08-04,2025-08-04 14:45:03.700,MO2508-C-7500,2.8,2.6,2.8
2025-08-04,2025-08-04 14:45:05.200,MO2508-C-7500,2.8,2.6,2.8
2025-08-04,2025-08-04 14:45:06.200,MO2508-C-7500,2.8,2.6,2.8
2025-08-04,2025-08-04 14:45:08.700,MO2508-C-7500,2.8,2.6,2.8
2025-08-04,2025-08-04 14:45:11.200,MO2508-C-7500,2.8,2.6,2.8
2025-08-04,2025-08-04 14:45:11.700,MO2508-C-7500,2.8,2.6,2.8
2025-08-04,2025-08-04 14:45:16.200,MO2508-C-7500,2.8,2.6,2.8
2025-08-04,2025-08-04 14:45:19.700,MO2508-C-7500,2.8,2.6,2.8
2025-08-04,2025-08-04 14:45:21.200,MO2508-C-7500,2.8,2.6,2.8
2025-08-04,2025-08-04 14:45:22.200,MO2508-C-7500,2.8,2.6,2.8
2025-08-04,2025-08-04 14:45:22.700,MO2508-C-7500,2.8,2.6,2.8
2025-08-04,2025-08-04 14:45:23.200,MO2508-C-7500,2.8,2.6,2.8
2025-08-04,2025-08-04 14:45:27.200,MO2508-C-7500,2.8,2.6,2.8
2025-08-04,2025-08-04 14:45:27.700,MO2508-C-7500,2.8,2.6,2.8
2025-08-04,2025-08-04 14:45:29.200,MO2508-C-7500,2.8,2.6,2.8
2025-08-04,2025-08-04 14:45:31.700,MO2508-C-7500,2.8,2.6,2.8
2025-08-04,2025-08-04 14:45:34.700,MO2508-C-7500,2.8,2.6,2.8
2025-08-04,2025-08-04 14:45:42.700,MO2508-C-7500,2.8,2.6,2.8
2025-08-04,2025-08-04 14:45:52.700,MO2508-C-7500,2.8,2.6,2.8
2025-08-04,2025-08-04 14:45:53.200,MO2508-C-7500,2.8,2.6,2.8
2025-08-04,2025-08-04 14:45:53.700,MO2508-C-7500,2.8,2.6,2.8
2025-08-04,2025-08-04 14:45:56.200,MO2508-C-7500,2.8,2.6,2.8
2025-08-04,2025-08-04 14:46:12.200,MO2508-C-7500,2.8,2.6,2.8
2025-08-04,2025-08-04 14:46:22.700,MO2508-C-7500,2.8,2.6,2.8
2025-08-04,2025-08-04 14:46:23.200,MO2508-C-7500,2.8,2.6,2.8
2025-08-04,2025-08-04 14:46:52.700,MO2508-C-7500,2.8,2.6,2.8
2025-08-04,2025-08-04 14:46:53.200,MO2508-C-7500,2.8,2.6,2.8
2025-08-04,2025-08-04 14:47:08.200,MO2508-C-7500,2.8,2.6,2.8
2025-08-04,2025-08-04 14:47:08.700,MO2508-C-7500,2.8,2.6,2.8
2025-08-04,2025-08-04 14:47:19.700,MO2508-C-7500,2.8,2.6,2.8
2025-08-04,2025-08-04 14:47:20.700,MO2508-C-7500,2.8,2.6,3.0
2025-08-04,2025-08-04 14:47:21.200,MO2508-C-7500,2.8,2.8,3.0
2025-08-04,2025-08-04 14:47:21.700,MO2508-C-7500,2.8,2.8,3.0
2025-08-04,2025-08-04 14:47:22.200,MO2508-C-7500,2.8,2.8,3.0
2025-08-04,2025-08-04 14:47:22.700,MO2508-C-7500,2.8,2.8,3.0
2025-08-04,2025-08-04 14:47:23.200,MO2508-C-7500,2.8,2.8,3.0
2025-08-04,2025-08-04 14:47:28.200,MO2508-C-7500,2.8,2.8,3.0
2025-08-04,2025-08-04 14:47:31.700,MO2508-C-7500,2.8,2.8,3.0
2025-08-04,2025-08-04 14:47:32.200,MO2508-C-7500,2.8,2.8,3.0
2025-08-04,2025-08-04 14:47:35.700,MO2508-C-7500,2.8,2.8,3.0
2025-08-04,2025-08-04 14:47:36.200,MO2508-C-7500,2.8,2.8,3.0
2025-08-04,2025-08-04 14:47:36.700,MO2508-C-7500,2.8,2.8,3.0
2025-08-04,2025-08-04 14:47:50.200,MO2508-C-7500,2.8,2.8,3.0
2025-08-04,2025-08-04 14:47:50.700,MO2508-C-7500,2.8,2.8,3.0
2025-08-04,2025-08-04 14:47:52.700,MO2508-C-7500,2.8,2.8,3.0
2025-08-04,2025-08-04 14:47:53.200,MO2508-C-7500,2.8,2.8,3.0
2025-08-04,2025-08-04 14:47:54.700,MO2508-C-7500,2.8,2.8,3.0
2025-08-04,2025-08-04 14:48:05.700,MO2508-C-7500,2.8,2.8,3.0
2025-08-04,2025-08-04 14:48:22.700,MO2508-C-7500,2.8,2.8,3.0
2025-08-04,2025-08-04 14:48:23.200,MO2508-C-7500,2.8,2.8,3.0
2025-08-04,2025-08-04 14:48:24.700,MO2508-C-7500,2.8,2.8,3.0
2025-08-04,2025-08-04 14:48:25.700,MO2508-C-7500,2.8,2.8,3.0
2025-08-04,2025-08-04 14:48:27.200,MO2508-C-7500,2.8,2.8,3.0
2025-08-04,2025-08-04 14:48:27.700,MO2508-C-7500,2.8,2.8,3.0
2025-08-04,2025-08-04 14:48:43.200,MO2508-C-7500,3.0,2.8,3.0
2025-08-04,2025-08-04 14:48:50.700,MO2508-C-7500,3.0,2.8,3.0
2025-08-04,2025-08-04 14:48:51.200,MO2508-C-7500,3.0,2.8,3.0
2025-08-04,2025-08-04 14:48:52.200,MO2508-C-7500,3.0,2.8,3.0
2025-08-04,2025-08-04 14:48:52.700,MO2508-C-7500,3.0,2.8,3.0
2025-08-04,2025-08-04 14:48:53.200,MO2508-C-7500,3.0,2.8,3.0
2025-08-04,2025-08-04 14:48:54.200,MO2508-C-7500,2.8,2.8,3.0
2025-08-04,2025-08-04 14:48:58.200,MO2508-C-7500,2.8,2.8,3.0
2025-08-04,2025-08-04 14:48:59.200,MO2508-C-7500,2.8,2.8,3.0
2025-08-04,2025-08-04 14:48:59.700,MO2508-C-7500,2.8,2.8,3.0
2025-08-04,2025-08-04 14:49:00.200,MO2508-C-7500,2.8,2.8,3.0
2025-08-04,2025-08-04 14:49:03.200,MO2508-C-7500,2.8,2.8,3.0
2025-08-04,2025-08-04 14:49:03.700,MO2508-C-7500,2.8,2.8,3.0
2025-08-04,2025-08-04 14:49:09.200,MO2508-C-7500,2.8,2.8,3.0
2025-08-04,2025-08-04 14:49:09.700,MO2508-C-7500,2.8,2.8,3.0
2025-08-04,2025-08-04 14:49:10.200,MO2508-C-7500,2.8,2.8,3.0
2025-08-04,2025-08-04 14:49:22.700,MO2508-C-7500,2.8,2.8,3.0
2025-08-04,2025-08-04 14:49:23.200,MO2508-C-7500,2.8,2.8,3.0
2025-08-04,2025-08-04 14:49:25.200,MO2508-C-7500,2.8,2.8,3.0
2025-08-04,2025-08-04 14:49:25.700,MO2508-C-7500,2.8,2.8,3.0
2025-08-04,2025-08-04 14:49:26.700,MO2508-C-7500,2.8,2.8,3.0
2025-08-04,2025-08-04 14:49:32.700,MO2508-C-7500,2.8,2.8,3.0
2025-08-04,2025-08-04 14:49:34.200,MO2508-C-7500,2.8,2.8,3.0
2025-08-04,2025-08-04 14:49:34.700,MO2508-C-7500,2.8,2.8,3.0
2025-08-04,2025-08-04 14:49:35.200,MO2508-C-7500,2.8,2.8,3.0
2025-08-04,2025-08-04 14:49:41.200,MO2508-C-7500,2.8,2.8,3.0
2025-08-04,2025-08-04 14:49:41.700,MO2508-C-7500,3.0,2.8,3.0
2025-08-04,2025-08-04 14:49:48.200,MO2508-C-7500,3.0,2.8,3.0
2025-08-04,2025-08-04 14:49:48.700,MO2508-C-7500,3.0,2.8,3.0
2025-08-04,2025-08-04 14:49:50.700,MO2508-C-7500,3.0,2.8,3.0
2025-08-04,2025-08-04 14:49:52.700,MO2508-C-7500,3.0,2.8,3.0
2025-08-04,2025-08-04 14:49:53.200,MO2508-C-7500,3.0,2.8,3.0
2025-08-04,2025-08-04 14:49:55.200,MO2508-C-7500,3.0,2.8,3.0
2025-08-04,2025-08-04 14:49:55.700,MO2508-C-7500,3.0,2.8,3.0
2025-08-04,2025-08-04 14:49:57.700,MO2508-C-7500,3.0,2.8,3.0
2025-08-04,2025-08-04 14:50:01.200,MO2508-C-7500,3.0,2.8,3.0
2025-08-04,2025-08-04 14:50:01.700,MO2508-C-7500,3.0,2.8,3.0
2025-08-04,2025-08-04 14:50:02.200,MO2508-C-7500,3.0,2.8,3.0
2025-08-04,2025-08-04 14:50:02.700,MO2508-C-7500,3.0,2.8,3.0
2025-08-04,2025-08-04 14:50:03.200,MO2508-C-7500,3.0,2.8,3.0
2025-08-04,2025-08-04 14:50:06.200,MO2508-C-7500,3.0,2.8,3.0
2025-08-04,2025-08-04 14:50:22.700,MO2508-C-7500,3.0,2.8,3.0
2025-08-04,2025-08-04 14:50:23.200,MO2508-C-7500,3.0,2.8,3.0
2025-08-04,2025-08-04 14:50:23.700,MO2508-C-7500,3.0,2.8,3.0
2025-08-04,2025-08-04 14:50:24.200,MO2508-C-7500,3.0,2.8,3.0
2025-08-04,2025-08-04 14:50:24.700,MO2508-C-7500,3.0,2.8,3.0
2025-08-04,2025-08-04 14:50:25.200,MO2508-C-7500,3.0,2.8,3.0
2025-08-04,2025-08-04 14:50:33.200,MO2508-C-7500,3.0,2.8,3.0
2025-08-04,2025-08-04 14:50:34.700,MO2508-C-7500,3.0,2.8,3.0
2025-08-04,2025-08-04 14:50:35.200,MO2508-C-7500,3.0,2.8,3.0
2025-08-04,2025-08-04 14:50:40.700,MO2508-C-7500,3.0,2.8,3.0
2025-08-04,2025-08-04 14:50:43.200,MO2508-C-7500,3.0,2.8,3.0
2025-08-04,2025-08-04 14:50:52.700,MO2508-C-7500,3.0,2.8,3.0
2025-08-04,2025-08-04 14:50:53.200,MO2508-C-7500,3.0,2.8,3.0
2025-08-04,2025-08-04 14:51:04.200,MO2508-C-7500,3.0,2.8,3.0
2025-08-04,2025-08-04 14:51:04.700,MO2508-C-7500,3.0,2.8,3.0
2025-08-04,2025-08-04 14:51:20.200,MO2508-C-7500,3.0,2.8,3.0
2025-08-04,2025-08-04 14:51:22.700,MO2508-C-7500,3.0,2.8,3.0
2025-08-04,2025-08-04 14:51:23.200,MO2508-C-7500,3.0,2.8,3.0
2025-08-04,2025-08-04 14:51:34.200,MO2508-C-7500,3.0,2.8,3.0
2025-08-04,2025-08-04 14:51:34.700,MO2508-C-7500,3.0,2.8,3.0
2025-08-04,2025-08-04 14:51:39.200,MO2508-C-7500,3.0,2.8,3.0
2025-08-04,2025-08-04 14:51:39.700,MO2508-C-7500,3.0,2.8,3.0
2025-08-04,2025-08-04 14:51:52.700,MO2508-C-7500,3.0,2.8,3.0
2025-08-04,2025-08-04 14:51:53.200,MO2508-C-7500,3.0,2.8,3.0
2025-08-04,2025-08-04 14:51:58.200,MO2508-C-7500,3.0,2.8,3.0
2025-08-04,2025-08-04 14:51:58.700,MO2508-C-7500,3.0,2.8,3.0
2025-08-04,2025-08-04 14:52:22.700,MO2508-C-7500,3.0,2.8,3.0
2025-08-04,2025-08-04 14:52:23.200,MO2508-C-7500,3.0,2.8,3.0
2025-08-04,2025-08-04 14:52:47.700,MO2508-C-7500,3.0,2.8,3.0
2025-08-04,2025-08-04 14:52:52.700,MO2508-C-7500,3.0,2.8,3.0
2025-08-04,2025-08-04 14:52:53.200,MO2508-C-7500,3.0,2.8,3.0
2025-08-04,2025-08-04 14:52:55.200,MO2508-C-7500,3.0,2.8,3.0
2025-08-04,2025-08-04 14:52:55.700,MO2508-C-7500,3.0,2.8,3.0
2025-08-04,2025-08-04 14:53:08.700,MO2508-C-7500,3.0,2.8,3.0
2025-08-04,2025-08-04 14:53:10.200,MO2508-C-7500,2.8,2.8,3.0
2025-08-04,2025-08-04 14:53:11.200,MO2508-C-7500,2.8,2.8,3.0
2025-08-04,2025-08-04 14:53:11.700,MO2508-C-7500,2.8,2.8,3.0
2025-08-04,2025-08-04 14:53:12.200,MO2508-C-7500,2.8,2.8,3.0
2025-08-04,2025-08-04 14:53:12.700,MO2508-C-7500,2.8,2.8,3.0
2025-08-04,2025-08-04 14:53:14.700,MO2508-C-7500,3.0,2.8,3.0
2025-08-04,2025-08-04 14:53:22.700,MO2508-C-7500,3.0,2.8,3.0
2025-08-04,2025-08-04 14:53:23.200,MO2508-C-7500,3.0,2.8,3.0
2025-08-04,2025-08-04 14:53:24.200,MO2508-C-7500,2.8,2.8,3.0
2025-08-04,2025-08-04 14:53:24.700,MO2508-C-7500,2.8,2.8,3.0
2025-08-04,2025-08-04 14:53:25.200,MO2508-C-7500,2.8,2.8,3.0
2025-08-04,2025-08-04 14:53:30.700,MO2508-C-7500,2.8,2.8,3.0
2025-08-04,2025-08-04 14:53:31.200,MO2508-C-7500,2.8,2.8,3.0
2025-08-04,2025-08-04 14:53:45.200,MO2508-C-7500,2.8,2.8,3.0
2025-08-04,2025-08-04 14:53:45.700,MO2508-C-7500,2.8,2.8,3.0
2025-08-04,2025-08-04 14:53:46.200,MO2508-C-7500,3.0,2.8,3.0
2025-08-04,2025-08-04 14:53:52.700,MO2508-C-7500,3.0,2.8,3.0
2025-08-04,2025-08-04 14:53:53.200,MO2508-C-7500,3.0,2.8,3.0
2025-08-04,2025-08-04 14:53:53.700,MO2508-C-7500,3.0,2.8,3.0
2025-08-04,2025-08-04 14:53:54.700,MO2508-C-7500,3.0,2.8,3.0
2025-08-04,2025-08-04 14:53:55.200,MO2508-C-7500,3.0,2.8,3.0
2025-08-04,2025-08-04 14:54:17.700,MO2508-C-7500,3.0,2.8,3.0
2025-08-04,2025-08-04 14:54:18.200,MO2508-C-7500,3.0,2.8,3.0
2025-08-04,2025-08-04 14:54:22.700,MO2508-C-7500,3.0,2.8,3.0
2025-08-04,2025-08-04 14:54:23.200,MO2508-C-7500,3.0,2.8,3.0
2025-08-04,2025-08-04 14:54:31.700,MO2508-C-7500,3.0,2.8,3.0
2025-08-04,2025-08-04 14:54:35.700,MO2508-C-7500,3.0,2.8,3.0
2025-08-04,2025-08-04 14:54:36.200,MO2508-C-7500,3.0,2.8,3.0
2025-08-04,2025-08-04 14:54:43.200,MO2508-C-7500,3.0,2.8,3.0
2025-08-04,2025-08-04 14:54:44.700,MO2508-C-7500,3.0,2.8,3.0
2025-08-04,2025-08-04 14:54:45.700,MO2508-C-7500,3.0,2.8,3.0
2025-08-04,2025-08-04 14:54:48.200,MO2508-C-7500,2.8,2.8,3.0
2025-08-04,2025-08-04 14:54:48.700,MO2508-C-7500,2.8,2.8,3.0
2025-08-04,2025-08-04 14:54:49.200,MO2508-C-7500,2.8,2.8,3.0
2025-08-04,2025-08-04 14:54:49.700,MO2508-C-7500,2.8,2.8,3.0
2025-08-04,2025-08-04 14:54:51.700,MO2508-C-7500,2.8,2.8,3.0
2025-08-04,2025-08-04 14:54:52.700,MO2508-C-7500,2.8,2.8,3.0
2025-08-04,2025-08-04 14:54:53.200,MO2508-C-7500,2.8,2.8,3.0
2025-08-04,2025-08-04 14:54:59.700,MO2508-C-7500,2.8,2.8,3.0
2025-08-04,2025-08-04 14:55:01.200,MO2508-C-7500,2.8,2.8,3.0
2025-08-04,2025-08-04 14:55:02.700,MO2508-C-7500,2.8,2.8,3.0
2025-08-04,2025-08-04 14:55:03.200,MO2508-C-7500,2.8,2.8,3.0
2025-08-04,2025-08-04 14:55:04.200,MO2508-C-7500,2.8,2.8,3.0
2025-08-04,2025-08-04 14:55:12.700,MO2508-C-7500,2.8,2.8,3.0
2025-08-04,2025-08-04 14:55:13.200,MO2508-C-7500,2.8,2.8,3.0
2025-08-04,2025-08-04 14:55:13.700,MO2508-C-7500,2.8,2.8,3.0
2025-08-04,2025-08-04 14:55:17.200,MO2508-C-7500,2.8,2.8,3.0
2025-08-04,2025-08-04 14:55:17.700,MO2508-C-7500,2.8,2.8,3.0
2025-08-04,2025-08-04 14:55:19.200,MO2508-C-7500,2.8,2.8,3.0
2025-08-04,2025-08-04 14:55:19.700,MO2508-C-7500,2.8,2.8,3.0
2025-08-04,2025-08-04 14:55:21.200,MO2508-C-7500,2.8,2.8,3.0
2025-08-04,2025-08-04 14:55:22.700,MO2508-C-7500,3.0,2.8,3.0
2025-08-04,2025-08-04 14:55:23.200,MO2508-C-7500,3.0,2.8,3.0
2025-08-04,2025-08-04 14:55:23.700,MO2508-C-7500,3.0,2.8,3.0
2025-08-04,2025-08-04 14:55:26.700,MO2508-C-7500,3.0,2.8,3.0
2025-08-04,2025-08-04 14:55:27.200,MO2508-C-7500,3.0,2.8,3.0
2025-08-04,2025-08-04 14:55:27.700,MO2508-C-7500,3.0,2.8,3.0
2025-08-04,2025-08-04 14:55:28.200,MO2508-C-7500,3.0,2.8,3.0
2025-08-04,2025-08-04 14:55:29.200,MO2508-C-7500,3.0,2.8,3.0
2025-08-04,2025-08-04 14:55:30.700,MO2508-C-7500,3.0,2.8,3.0
2025-08-04,2025-08-04 14:55:31.200,MO2508-C-7500,3.0,2.8,3.0
2025-08-04,2025-08-04 14:55:33.700,MO2508-C-7500,3.0,2.8,3.0
2025-08-04,2025-08-04 14:55:44.700,MO2508-C-7500,3.0,2.8,3.0
2025-08-04,2025-08-04 14:55:48.200,MO2508-C-7500,3.0,2.8,3.0
2025-08-04,2025-08-04 14:55:48.700,MO2508-C-7500,3.0,2.8,3.0
2025-08-04,2025-08-04 14:55:49.200,MO2508-C-7500,3.0,2.8,3.0
2025-08-04,2025-08-04 14:55:52.700,MO2508-C-7500,3.0,2.8,3.0
2025-08-04,2025-08-04 14:55:53.200,MO2508-C-7500,3.0,2.8,3.0
2025-08-04,2025-08-04 14:55:55.700,MO2508-C-7500,3.0,2.8,3.0
2025-08-04,2025-08-04 14:55:57.700,MO2508-C-7500,2.8,2.8,3.0
2025-08-04,2025-08-04 14:56:00.200,MO2508-C-7500,2.8,2.8,3.0
2025-08-04,2025-08-04 14:56:00.700,MO2508-C-7500,2.8,2.8,3.0
2025-08-04,2025-08-04 14:56:01.200,MO2508-C-7500,2.8,2.8,3.0
2025-08-04,2025-08-04 14:56:01.700,MO2508-C-7500,2.8,2.8,3.0
2025-08-04,2025-08-04 14:56:10.200,MO2508-C-7500,2.8,2.8,3.0
2025-08-04,2025-08-04 14:56:10.700,MO2508-C-7500,2.8,2.8,3.0
2025-08-04,2025-08-04 14:56:21.200,MO2508-C-7500,3.0,3.0,3.2
2025-08-04,2025-08-04 14:56:21.700,MO2508-C-7500,3.0,3.0,3.2
2025-08-04,2025-08-04 14:56:22.200,MO2508-C-7500,3.0,2.8,3.2
2025-08-04,2025-08-04 14:56:22.700,MO2508-C-7500,3.0,2.8,3.2
2025-08-04,2025-08-04 14:56:23.200,MO2508-C-7500,3.0,2.8,3.2
2025-08-04,2025-08-04 14:56:23.700,MO2508-C-7500,3.0,2.8,3.2
2025-08-04,2025-08-04 14:56:25.700,MO2508-C-7500,2.8,2.8,3.2
2025-08-04,2025-08-04 14:56:26.700,MO2508-C-7500,2.8,2.8,3.2
2025-08-04,2025-08-04 14:56:32.200,MO2508-C-7500,2.8,2.8,3.0
2025-08-04,2025-08-04 14:56:32.700,MO2508-C-7500,2.8,2.8,3.0
2025-08-04,2025-08-04 14:56:33.200,MO2508-C-7500,2.8,2.8,3.0
2025-08-04,2025-08-04 14:56:33.700,MO2508-C-7500,2.8,2.8,3.0
2025-08-04,2025-08-04 14:56:34.700,MO2508-C-7500,3.0,2.8,3.2
2025-08-04,2025-08-04 14:56:35.200,MO2508-C-7500,3.0,2.8,3.2
2025-08-04,2025-08-04 14:56:35.700,MO2508-C-7500,3.0,2.8,3.2
2025-08-04,2025-08-04 14:56:36.200,MO2508-C-7500,3.0,2.8,3.2
2025-08-04,2025-08-04 14:56:40.200,MO2508-C-7500,3.0,2.8,3.2
2025-08-04,2025-08-04 14:56:40.700,MO2508-C-7500,3.0,2.8,3.2
2025-08-04,2025-08-04 14:56:41.200,MO2508-C-7500,3.0,2.8,3.2
2025-08-04,2025-08-04 14:56:42.200,MO2508-C-7500,3.0,2.8,3.2
2025-08-04,2025-08-04 14:56:42.700,MO2508-C-7500,3.0,3.0,3.2
2025-08-04,2025-08-04 14:56:43.200,MO2508-C-7500,3.0,3.0,3.2
2025-08-04,2025-08-04 14:56:43.700,MO2508-C-7500,3.0,3.0,3.2
2025-08-04,2025-08-04 14:56:44.200,MO2508-C-7500,3.0,3.0,3.2
2025-08-04,2025-08-04 14:56:45.700,MO2508-C-7500,3.0,3.0,3.2
2025-08-04,2025-08-04 14:56:46.200,MO2508-C-7500,3.0,3.0,3.2
2025-08-04,2025-08-04 14:56:46.700,MO2508-C-7500,3.0,3.0,3.2
2025-08-04,2025-08-04 14:56:47.200,MO2508-C-7500,3.0,3.0,3.2
2025-08-04,2025-08-04 14:56:47.700,MO2508-C-7500,3.0,3.0,3.2
2025-08-04,2025-08-04 14:56:51.700,MO2508-C-7500,3.0,3.0,3.2
2025-08-04,2025-08-04 14:56:56.200,MO2508-C-7500,3.0,3.0,3.2
2025-08-04,2025-08-04 14:56:58.200,MO2508-C-7500,3.0,3.0,3.2
2025-08-04,2025-08-04 14:56:59.200,MO2508-C-7500,3.0,3.0,3.2
2025-08-04,2025-08-04 14:56:59.700,MO2508-C-7500,3.0,3.0,3.2
2025-08-04,2025-08-04 15:00:00.200,MO2508-C-7500,3.2,3.2,3.4
2025-08-04,2025-08-04 15:26:45.200,MO2508-C-7500,3.2,3.2,3.4
2025-08-04,2025-08-04 15:31:55.200,MO2508-C-7500,3.2,3.2,3.4
2025-08-05,2025-08-05 09:29:00.200,MO2508-C-7500,3.2,2.8,3.2
2025-08-05,2025-08-05 09:30:00.200,MO2508-C-7500,3.2,2.8,3.2
2025-08-05,2025-08-05 09:30:00.700,MO2508-C-7500,3.2,2.8,3.2
2025-08-05,2025-08-05 09:30:01.700,MO2508-C-7500,3.2,2.8,3.6
2025-08-05,2025-08-05 09:30:02.200,MO2508-C-7500,3.2,2.8,3.6
2025-08-05,2025-08-05 09:30:10.200,MO2508-C-7500,3.2,2.8,3.6
2025-08-05,2025-08-05 09:30:10.700,MO2508-C-7500,3.2,2.8,3.6
2025-08-05,2025-08-05 09:30:11.700,MO2508-C-7500,3.2,2.8,3.4
2025-08-05,2025-08-05 09:30:12.200,MO2508-C-7500,3.2,2.8,3.4
2025-08-05,2025-08-05 09:30:12.700,MO2508-C-7500,3.2,2.8,3.4
2025-08-05,2025-08-05 09:30:13.200,MO2508-C-7500,3.2,2.8,3.4
2025-08-05,2025-08-05 09:30:13.700,MO2508-C-7500,3.2,2.8,3.4
2025-08-05,2025-08-05 09:30:15.200,MO2508-C-7500,3.2,2.8,3.4
2025-08-05,2025-08-05 09:30:15.700,MO2508-C-7500,3.2,3.0,3.4
2025-08-05,2025-08-05 09:30:16.700,MO2508-C-7500,3.2,3.0,3.4
2025-08-05,2025-08-05 09:30:17.200,MO2508-C-7500,3.2,3.0,3.2
2025-08-05,2025-08-05 09:30:18.700,MO2508-C-7500,3.2,3.0,3.2
2025-08-05,2025-08-05 09:30:19.700,MO2508-C-7500,3.2,3.0,3.2
2025-08-05,2025-08-05 09:30:20.200,MO2508-C-7500,3.2,3.0,3.2
2025-08-05,2025-08-05 09:30:20.700,MO2508-C-7500,3.2,3.0,3.2
2025-08-05,2025-08-05 09:30:21.200,MO2508-C-7500,3.2,3.0,3.2
2025-08-05,2025-08-05 09:30:22.700,MO2508-C-7500,3.2,2.8,3.2
2025-08-05,2025-08-05 09:30:23.700,MO2508-C-7500,3.2,3.0,3.2
2025-08-05,2025-08-05 09:30:24.700,MO2508-C-7500,3.2,3.0,3.2
2025-08-05,2025-08-05 09:30:25.200,MO2508-C-7500,3.2,3.0,3.2
2025-08-05,2025-08-05 09:30:25.700,MO2508-C-7500,3.2,3.0,3.2
2025-08-05,2025-08-05 09:30:26.200,MO2508-C-7500,3.2,3.0,3.2
2025-08-05,2025-08-05 09:30:26.700,MO2508-C-7500,3.2,3.0,3.2
2025-08-05,2025-08-05 09:30:27.200,MO2508-C-7500,3.2,3.0,3.2
2025-08-05,2025-08-05 09:30:27.700,MO2508-C-7500,3.2,3.0,3.2
2025-08-05,2025-08-05 09:30:28.200,MO2508-C-7500,3.2,3.0,3.2
2025-08-05,2025-08-05 09:30:28.700,MO2508-C-7500,3.2,3.0,3.2
2025-08-05,2025-08-05 09:30:29.200,MO2508-C-7500,3.2,3.0,3.2
2025-08-05,2025-08-05 09:30:29.700,MO2508-C-7500,3.2,3.0,3.2
2025-08-05,2025-08-05 09:30:30.200,MO2508-C-7500,3.2,3.0,3.2
2025-08-05,2025-08-05 09:30:30.700,MO2508-C-7500,3.2,3.0,3.2
2025-08-05,2025-08-05 09:30:31.200,MO2508-C-7500,3.2,3.0,3.2
2025-08-05,2025-08-05 09:30:31.700,MO2508-C-7500,3.2,3.0,3.2
2025-08-05,2025-08-05 09:30:32.200,MO2508-C-7500,3.2,3.0,3.2
2025-08-05,2025-08-05 09:30:32.700,MO2508-C-7500,3.2,3.0,3.2
2025-08-05,2025-08-05 09:30:33.200,MO2508-C-7500,3.2,3.0,3.2
2025-08-05,2025-08-05 09:30:33.700,MO2508-C-7500,3.2,3.0,3.4
2025-08-05,2025-08-05 09:30:34.200,MO2508-C-7500,3.2,3.0,3.2
2025-08-05,2025-08-05 09:30:34.700,MO2508-C-7500,3.2,3.0,3.2
2025-08-05,2025-08-05 09:30:35.200,MO2508-C-7500,3.2,3.0,3.4
2025-08-05,2025-08-05 09:30:35.700,MO2508-C-7500,3.2,3.0,3.2
2025-08-05,2025-08-05 09:30:36.200,MO2508-C-7500,3.2,3.0,3.2
2025-08-05,2025-08-05 09:30:36.700,MO2508-C-7500,3.2,3.0,3.4
2025-08-05,2025-08-05 09:30:37.200,MO2508-C-7500,3.2,3.0,3.4
2025-08-05,2025-08-05 09:30:37.700,MO2508-C-7500,3.2,3.0,3.4
2025-08-05,2025-08-05 09:30:41.200,MO2508-C-7500,3.0,2.8,3.0
2025-08-05,2025-08-05 09:30:41.700,MO2508-C-7500,3.0,2.8,3.0
2025-08-05,2025-08-05 09:30:42.700,MO2508-C-7500,3.0,2.8,3.0
2025-08-05,2025-08-05 09:30:43.700,MO2508-C-7500,3.0,2.8,3.0
2025-08-05,2025-08-05 09:30:44.200,MO2508-C-7500,3.0,2.8,3.0
2025-08-05,2025-08-05 09:30:44.700,MO2508-C-7500,3.0,2.8,3.0
2025-08-05,2025-08-05 09:30:45.200,MO2508-C-7500,3.0,2.8,3.0
2025-08-05,2025-08-05 09:30:46.200,MO2508-C-7500,2.8,2.8,3.2
2025-08-05,2025-08-05 09:30:46.700,MO2508-C-7500,2.8,2.8,3.2
2025-08-05,2025-08-05 09:30:47.200,MO2508-C-7500,2.8,2.8,3.2
2025-08-05,2025-08-05 09:30:47.700,MO2508-C-7500,2.8,2.8,3.2
2025-08-05,2025-08-05 09:30:48.700,MO2508-C-7500,2.8,2.8,3.2
2025-08-05,2025-08-05 09:30:49.200,MO2508-C-7500,2.8,2.8,3.2
2025-08-05,2025-08-05 09:30:51.700,MO2508-C-7500,2.8,2.8,3.2
2025-08-05,2025-08-05 09:30:52.200,MO2508-C-7500,2.8,2.8,3.2
2025-08-05,2025-08-05 09:30:52.700,MO2508-C-7500,2.8,2.8,3.2
2025-08-05,2025-08-05 09:30:53.200,MO2508-C-7500,2.8,2.8,3.2
2025-08-05,2025-08-05 09:30:54.700,MO2508-C-7500,2.8,2.8,3.2
2025-08-05,2025-08-05 09:30:55.200,MO2508-C-7500,2.8,2.8,3.2
2025-08-05,2025-08-05 09:30:58.200,MO2508-C-7500,2.8,2.8,3.2
2025-08-05,2025-08-05 09:30:59.700,MO2508-C-7500,2.8,2.8,3.2
2025-08-05,2025-08-05 09:31:03.700,MO2508-C-7500,2.8,2.8,3.2
2025-08-05,2025-08-05 09:31:06.200,MO2508-C-7500,2.8,2.8,3.2
2025-08-05,2025-08-05 09:31:06.700,MO2508-C-7500,2.8,2.8,3.2
2025-08-05,2025-08-05 09:31:07.200,MO2508-C-7500,2.8,2.8,3.2
2025-08-05,2025-08-05 09:31:07.700,MO2508-C-7500,2.8,2.8,3.2
2025-08-05,2025-08-05 09:31:09.200,MO2508-C-7500,2.8,2.8,3.2
2025-08-05,2025-08-05 09:31:10.200,MO2508-C-7500,2.8,2.8,3.2
2025-08-05,2025-08-05 09:31:10.700,MO2508-C-7500,2.8,2.8,3.2
2025-08-05,2025-08-05 09:31:11.200,MO2508-C-7500,2.8,2.8,3.2
2025-08-05,2025-08-05 09:31:11.700,MO2508-C-7500,2.8,2.8,3.2
2025-08-05,2025-08-05 09:31:12.200,MO2508-C-7500,2.8,2.8,3.2
2025-08-05,2025-08-05 09:31:13.700,MO2508-C-7500,2.8,2.8,3.2
2025-08-05,2025-08-05 09:31:14.200,MO2508-C-7500,2.8,2.8,3.2
2025-08-05,2025-08-05 09:31:14.700,MO2508-C-7500,2.8,2.8,3.2
2025-08-05,2025-08-05 09:31:15.200,MO2508-C-7500,2.8,2.8,3.2
2025-08-05,2025-08-05 09:31:15.700,MO2508-C-7500,2.8,2.8,3.2
2025-08-05,2025-08-05 09:31:17.200,MO2508-C-7500,2.8,2.8,3.2
2025-08-05,2025-08-05 09:31:17.700,MO2508-C-7500,2.8,2.8,3.2
2025-08-05,2025-08-05 09:31:18.200,MO2508-C-7500,2.8,2.8,3.2
2025-08-05,2025-08-05 09:31:18.700,MO2508-C-7500,2.8,2.8,3.0
2025-08-05,2025-08-05 09:31:21.700,MO2508-C-7500,2.8,2.8,3.0
2025-08-05,2025-08-05 09:31:22.200,MO2508-C-7500,2.8,2.8,3.0
2025-08-05,2025-08-05 09:31:22.700,MO2508-C-7500,2.8,2.8,3.0
2025-08-05,2025-08-05 09:31:23.200,MO2508-C-7500,2.8,2.8,3.0
2025-08-05,2025-08-05 09:31:24.700,MO2508-C-7500,2.8,2.8,3.0
2025-08-05,2025-08-05 09:31:25.700,MO2508-C-7500,2.8,2.8,3.0
2025-08-05,2025-08-05 09:31:26.200,MO2508-C-7500,2.8,2.8,3.0
2025-08-05,2025-08-05 09:31:28.200,MO2508-C-7500,2.8,2.8,3.0
2025-08-05,2025-08-05 09:31:28.700,MO2508-C-7500,2.8,2.8,3.0
2025-08-05,2025-08-05 09:31:29.200,MO2508-C-7500,2.8,2.8,3.0
2025-08-05,2025-08-05 09:31:29.700,MO2508-C-7500,3.0,3.0,3.2
2025-08-05,2025-08-05 09:31:30.200,MO2508-C-7500,3.0,3.0,3.2
2025-08-05,2025-08-05 09:31:30.700,MO2508-C-7500,3.0,3.0,3.2
2025-08-05,2025-08-05 09:31:31.200,MO2508-C-7500,3.0,3.0,3.2
2025-08-05,2025-08-05 09:31:34.700,MO2508-C-7500,3.0,3.0,3.2
2025-08-05,2025-08-05 09:31:35.200,MO2508-C-7500,3.0,3.0,3.2
2025-08-05,2025-08-05 09:31:35.700,MO2508-C-7500,3.0,3.0,3.2
2025-08-05,2025-08-05 09:31:37.200,MO2508-C-7500,3.0,3.0,3.2
2025-08-05,2025-08-05 09:31:38.700,MO2508-C-7500,3.0,2.8,3.0
2025-08-05,2025-08-05 09:31:39.200,MO2508-C-7500,3.0,2.8,3.0
2025-08-05,2025-08-05 09:31:40.700,MO2508-C-7500,3.0,2.8,3.0
2025-08-05,2025-08-05 09:31:41.200,MO2508-C-7500,3.0,2.8,3.0
2025-08-05,2025-08-05 09:31:43.200,MO2508-C-7500,3.0,2.8,3.0
2025-08-05,2025-08-05 09:31:44.700,MO2508-C-7500,3.0,2.8,3.0
2025-08-05,2025-08-05 09:31:46.200,MO2508-C-7500,3.0,2.8,3.0
2025-08-05,2025-08-05 09:31:48.700,MO2508-C-7500,3.0,2.8,3.0
2025-08-05,2025-08-05 09:31:49.200,MO2508-C-7500,3.0,2.8,3.0
2025-08-05,2025-08-05 09:31:53.200,MO2508-C-7500,3.0,2.8,3.0
2025-08-05,2025-08-05 09:31:54.200,MO2508-C-7500,3.0,2.8,3.0
2025-08-05,2025-08-05 09:31:58.200,MO2508-C-7500,3.0,2.8,3.0
2025-08-05,2025-08-05 09:31:58.700,MO2508-C-7500,3.0,2.8,3.0
2025-08-05,2025-08-05 09:31:59.200,MO2508-C-7500,3.0,2.8,3.0
2025-08-05,2025-08-05 09:32:00.200,MO2508-C-7500,3.0,2.8,3.0
2025-08-05,2025-08-05 09:32:02.700,MO2508-C-7500,3.0,2.8,3.0
2025-08-05,2025-08-05 09:32:05.200,MO2508-C-7500,3.0,2.8,3.0
2025-08-05,2025-08-05 09:32:06.200,MO2508-C-7500,3.0,2.8,3.0
2025-08-05,2025-08-05 09:32:07.200,MO2508-C-7500,3.0,2.8,3.0
2025-08-05,2025-08-05 09:32:08.200,MO2508-C-7500,3.0,2.8,3.0
2025-08-05,2025-08-05 09:32:12.200,MO2508-C-7500,3.0,2.8,3.0
2025-08-05,2025-08-05 09:32:13.200,MO2508-C-7500,3.0,2.8,3.0
2025-08-05,2025-08-05 09:32:15.700,MO2508-C-7500,3.0,2.8,3.0
2025-08-05,2025-08-05 09:32:16.200,MO2508-C-7500,3.0,2.8,3.0
2025-08-05,2025-08-05 09:32:16.700,MO2508-C-7500,3.0,2.8,3.0
2025-08-05,2025-08-05 09:32:17.200,MO2508-C-7500,3.0,2.8,3.0
2025-08-05,2025-08-05 09:32:17.700,MO2508-C-7500,3.0,2.8,3.0
2025-08-05,2025-08-05 09:32:18.200,MO2508-C-7500,3.0,2.8,3.0
2025-08-05,2025-08-05 09:32:18.700,MO2508-C-7500,3.0,2.8,3.0
2025-08-05,2025-08-05 09:32:19.200,MO2508-C-7500,3.0,2.8,3.0
2025-08-05,2025-08-05 09:32:19.700,MO2508-C-7500,3.0,2.8,3.0
2025-08-05,2025-08-05 09:32:23.700,MO2508-C-7500,3.0,2.8,3.0
2025-08-05,2025-08-05 09:32:24.700,MO2508-C-7500,3.0,2.8,3.0
2025-08-05,2025-08-05 09:32:25.700,MO2508-C-7500,2.8,2.8,3.0
2025-08-05,2025-08-05 09:32:26.200,MO2508-C-7500,2.8,2.8,3.0
2025-08-05,2025-08-05 09:32:28.200,MO2508-C-7500,2.8,2.8,3.0
2025-08-05,2025-08-05 09:32:28.700,MO2508-C-7500,2.8,2.8,3.0
2025-08-05,2025-08-05 09:32:30.200,MO2508-C-7500,2.8,2.8,3.0
2025-08-05,2025-08-05 09:32:31.700,MO2508-C-7500,2.8,2.8,3.0
2025-08-05,2025-08-05 09:32:32.200,MO2508-C-7500,2.8,2.8,3.0
2025-08-05,2025-08-05 09:32:39.200,MO2508-C-7500,2.8,2.8,3.0
2025-08-05,2025-08-05 09:32:40.700,MO2508-C-7500,2.8,2.8,3.0
2025-08-05,2025-08-05 09:32:41.200,MO2508-C-7500,2.8,2.8,3.0
2025-08-05,2025-08-05 09:32:41.700,MO2508-C-7500,2.8,2.8,3.0
2025-08-05,2025-08-05 09:32:44.200,MO2508-C-7500,2.8,2.8,3.0
2025-08-05,2025-08-05 09:32:44.700,MO2508-C-7500,2.8,2.8,3.0
2025-08-05,2025-08-05 09:32:49.700,MO2508-C-7500,2.8,2.8,3.0
2025-08-05,2025-08-05 09:32:51.200,MO2508-C-7500,2.8,2.8,3.0
2025-08-05,2025-08-05 09:32:53.700,MO2508-C-7500,2.8,2.8,3.0
2025-08-05,2025-08-05 09:32:56.700,MO2508-C-7500,3.0,2.8,3.0
2025-08-05,2025-08-05 09:32:58.200,MO2508-C-7500,3.0,2.8,3.0
2025-08-05,2025-08-05 09:32:58.700,MO2508-C-7500,3.0,2.8,3.0
2025-08-05,2025-08-05 09:32:59.200,MO2508-C-7500,3.0,2.8,3.0
2025-08-05,2025-08-05 09:32:59.700,MO2508-C-7500,3.0,2.8,3.0
2025-08-05,2025-08-05 09:33:04.200,MO2508-C-7500,3.0,2.8,3.0
2025-08-05,2025-08-05 09:33:04.700,MO2508-C-7500,3.0,2.8,3.0
2025-08-05,2025-08-05 09:33:05.200,MO2508-C-7500,3.0,2.8,3.0
2025-08-05,2025-08-05 09:33:06.200,MO2508-C-7500,3.0,2.8,3.0
2025-08-05,2025-08-05 09:33:12.200,MO2508-C-7500,3.0,2.8,3.0
2025-08-05,2025-08-05 09:33:12.700,MO2508-C-7500,3.0,2.8,3.0
2025-08-05,2025-08-05 09:33:13.200,MO2508-C-7500,3.0,2.8,3.0
2025-08-05,2025-08-05 09:33:13.700,MO2508-C-7500,3.0,2.8,3.0
2025-08-05,2025-08-05 09:33:14.200,MO2508-C-7500,3.0,2.8,3.0
2025-08-05,2025-08-05 09:33:14.700,MO2508-C-7500,3.0,2.8,3.0
2025-08-05,2025-08-05 09:33:15.200,MO2508-C-7500,3.0,2.8,3.0
2025-08-05,2025-08-05 09:33:16.200,MO2508-C-7500,3.0,2.8,3.0
2025-08-05,2025-08-05 09:33:17.200,MO2508-C-7500,3.0,2.8,3.0
2025-08-05,2025-08-05 09:33:17.700,MO2508-C-7500,3.0,2.8,3.0
2025-08-05,2025-08-05 09:33:18.700,MO2508-C-7500,3.0,2.8,3.0
2025-08-05,2025-08-05 09:33:19.200,MO2508-C-7500,3.0,2.8,3.0
2025-08-05,2025-08-05 09:33:22.700,MO2508-C-7500,3.0,2.8,3.0
2025-08-05,2025-08-05 09:33:28.200,MO2508-C-7500,3.0,2.8,3.0
2025-08-05,2025-08-05 09:33:28.700,MO2508-C-7500,3.0,2.8,3.0
2025-08-05,2025-08-05 09:33:38.700,MO2508-C-7500,3.0,2.8,3.0
2025-08-05,2025-08-05 09:33:48.700,MO2508-C-7500,3.0,2.8,3.0
2025-08-05,2025-08-05 09:33:50.200,MO2508-C-7500,3.0,2.8,3.0
2025-08-05,2025-08-05 09:33:58.200,MO2508-C-7500,3.0,2.8,3.0
2025-08-05,2025-08-05 09:33:58.700,MO2508-C-7500,3.0,2.8,3.0
2025-08-05,2025-08-05 09:34:00.700,MO2508-C-7500,3.0,2.8,3.0
2025-08-05,2025-08-05 09:34:01.700,MO2508-C-7500,3.0,2.8,3.0
2025-08-05,2025-08-05 09:34:12.200,MO2508-C-7500,3.0,2.8,3.0
2025-08-05,2025-08-05 09:34:12.700,MO2508-C-7500,3.0,2.8,3.0
2025-08-05,2025-08-05 09:34:14.700,MO2508-C-7500,3.0,2.8,3.0
2025-08-05,2025-08-05 09:34:15.200,MO2508-C-7500,3.0,2.8,3.0
2025-08-05,2025-08-05 09:34:22.700,MO2508-C-7500,2.8,2.8,3.0
2025-08-05,2025-08-05 09:34:23.200,MO2508-C-7500,2.8,2.8,3.0
2025-08-05,2025-08-05 09:34:28.200,MO2508-C-7500,2.8,2.8,3.0
2025-08-05,2025-08-05 09:34:28.700,MO2508-C-7500,2.8,2.8,3.0
2025-08-05,2025-08-05 09:34:34.200,MO2508-C-7500,2.8,2.8,3.0
2025-08-05,2025-08-05 09:34:36.200,MO2508-C-7500,2.8,2.8,3.0
2025-08-05,2025-08-05 09:34:36.700,MO2508-C-7500,2.8,2.8,3.0
2025-08-05,2025-08-05 09:34:37.700,MO2508-C-7500,2.8,2.8,3.0
2025-08-05,2025-08-05 09:34:38.200,MO2508-C-7500,2.8,2.8,3.0
2025-08-05,2025-08-05 09:34:51.700,MO2508-C-7500,2.8,2.8,3.0
2025-08-05,2025-08-05 09:34:52.200,MO2508-C-7500,2.8,2.8,3.0
2025-08-05,2025-08-05 09:34:58.200,MO2508-C-7500,2.8,2.8,3.0
2025-08-05,2025-08-05 09:34:58.700,MO2508-C-7500,2.8,2.8,3.0
2025-08-05,2025-08-05 09:35:01.700,MO2508-C-7500,2.8,2.8,3.0
2025-08-05,2025-08-05 09:35:03.200,MO2508-C-7500,2.8,2.8,3.0
2025-08-05,2025-08-05 09:35:03.700,MO2508-C-7500,2.8,2.8,3.0
2025-08-05,2025-08-05 09:35:05.700,MO2508-C-7500,2.8,2.8,3.0
2025-08-05,2025-08-05 09:35:06.200,MO2508-C-7500,2.8,2.8,3.0
2025-08-05,2025-08-05 09:35:06.700,MO2508-C-7500,2.8,2.8,3.0
2025-08-05,2025-08-05 09:35:07.200,MO2508-C-7500,2.8,2.8,3.0
2025-08-05,2025-08-05 09:35:11.700,MO2508-C-7500,2.8,2.8,3.0
2025-08-05,2025-08-05 09:35:12.200,MO2508-C-7500,2.8,2.8,3.0
2025-08-05,2025-08-05 09:35:12.700,MO2508-C-7500,2.8,2.8,3.0
2025-08-05,2025-08-05 09:35:13.200,MO2508-C-7500,2.8,2.8,3.0
2025-08-05,2025-08-05 09:35:14.200,MO2508-C-7500,2.8,2.8,3.0
2025-08-05,2025-08-05 09:35:14.700,MO2508-C-7500,2.8,2.8,3.0
2025-08-05,2025-08-05 09:35:17.700,MO2508-C-7500,2.8,2.8,3.0
2025-08-05,2025-08-05 09:35:18.200,MO2508-C-7500,2.8,2.8,3.0
2025-08-05,2025-08-05 09:35:18.700,MO2508-C-7500,2.8,2.8,3.0
2025-08-05,2025-08-05 09:35:25.200,MO2508-C-7500,2.8,2.8,3.0
2025-08-05,2025-08-05 09:35:25.700,MO2508-C-7500,2.8,2.8,3.0
2025-08-05,2025-08-05 09:35:28.200,MO2508-C-7500,2.8,2.8,3.0
2025-08-05,2025-08-05 09:35:28.700,MO2508-C-7500,2.8,2.8,3.0
2025-08-05,2025-08-05 09:35:32.200,MO2508-C-7500,2.8,2.8,3.0
2025-08-05,2025-08-05 09:35:32.700,MO2508-C-7500,2.8,2.8,3.0
2025-08-05,2025-08-05 09:35:36.200,MO2508-C-7500,2.8,2.8,3.0
2025-08-05,2025-08-05 09:35:36.700,MO2508-C-7500,2.8,2.8,3.0
2025-08-05,2025-08-05 09:35:38.700,MO2508-C-7500,2.8,2.8,3.0
2025-08-05,2025-08-05 09:35:39.200,MO2508-C-7500,2.8,2.8,3.0
2025-08-05,2025-08-05 09:35:39.700,MO2508-C-7500,2.8,2.8,3.0
2025-08-05,2025-08-05 09:35:41.200,MO2508-C-7500,2.8,2.8,3.0
2025-08-05,2025-08-05 09:35:58.200,MO2508-C-7500,2.8,2.8,3.0
2025-08-05,2025-08-05 09:35:58.700,MO2508-C-7500,2.8,2.8,3.0
2025-08-05,2025-08-05 09:36:02.700,MO2508-C-7500,2.8,2.8,3.0
2025-08-05,2025-08-05 09:36:03.200,MO2508-C-7500,2.8,2.8,3.0
2025-08-05,2025-08-05 09:36:03.700,MO2508-C-7500,2.8,2.8,3.0
2025-08-05,2025-08-05 09:36:04.200,MO2508-C-7500,2.8,2.8,3.0
2025-08-05,2025-08-05 09:36:04.700,MO2508-C-7500,2.8,2.8,3.0
2025-08-05,2025-08-05 09:36:05.200,MO2508-C-7500,2.8,2.8,3.0
2025-08-05,2025-08-05 09:36:05.700,MO2508-C-7500,2.8,2.8,3.0
2025-08-05,2025-08-05 09:36:06.700,MO2508-C-7500,2.8,2.8,3.0
2025-08-05,2025-08-05 09:36:18.200,MO2508-C-7500,2.8,2.8,3.0
2025-08-05,2025-08-05 09:36:18.700,MO2508-C-7500,2.8,2.8,3.0
2025-08-05,2025-08-05 09:36:22.200,MO2508-C-7500,2.8,2.8,3.0
2025-08-05,2025-08-05 09:36:24.200,MO2508-C-7500,2.8,2.8,3.0
2025-08-05,2025-08-05 09:36:28.200,MO2508-C-7500,2.8,2.8,3.0
2025-08-05,2025-08-05 09:36:28.700,MO2508-C-7500,2.8,2.8,3.0
2025-08-05,2025-08-05 09:36:34.200,MO2508-C-7500,2.8,2.8,3.0
2025-08-05,2025-08-05 09:36:38.200,MO2508-C-7500,2.8,2.8,3.0
2025-08-05,2025-08-05 09:36:39.200,MO2508-C-7500,2.8,2.8,3.0
2025-08-05,2025-08-05 09:36:48.200,MO2508-C-7500,2.8,2.8,3.0
2025-08-05,2025-08-05 09:36:49.200,MO2508-C-7500,2.8,2.8,3.0
2025-08-05,2025-08-05 09:36:50.200,MO2508-C-7500,2.8,2.8,3.0
2025-08-05,2025-08-05 09:36:52.700,MO2508-C-7500,2.8,2.8,3.0
2025-08-05,2025-08-05 09:36:57.200,MO2508-C-7500,2.8,2.8,3.0
2025-08-05,2025-08-05 09:36:58.200,MO2508-C-7500,2.8,2.8,3.0
2025-08-05,2025-08-05 09:36:58.700,MO2508-C-7500,2.8,2.8,3.0
2025-08-05,2025-08-05 09:37:01.700,MO2508-C-7500,2.8,2.8,3.0
2025-08-05,2025-08-05 09:37:03.700,MO2508-C-7500,2.8,2.8,3.0
2025-08-05,2025-08-05 09:37:04.200,MO2508-C-7500,2.8,2.8,3.0
2025-08-05,2025-08-05 09:37:05.700,MO2508-C-7500,2.8,2.8,3.0
2025-08-05,2025-08-05 09:37:06.200,MO2508-C-7500,2.8,2.8,3.0
2025-08-05,2025-08-05 09:37:06.700,MO2508-C-7500,2.8,2.8,3.0
2025-08-05,2025-08-05 09:37:13.700,MO2508-C-7500,2.8,2.8,3.0
2025-08-05,2025-08-05 09:37:14.200,MO2508-C-7500,2.8,2.8,3.0
2025-08-05,2025-08-05 09:37:14.700,MO2508-C-7500,2.8,2.8,3.0
2025-08-05,2025-08-05 09:37:15.200,MO2508-C-7500,2.8,2.8,3.0
2025-08-05,2025-08-05 09:37:15.700,MO2508-C-7500,2.8,2.8,3.0
2025-08-05,2025-08-05 09:37:16.200,MO2508-C-7500,2.8,2.8,3.0
2025-08-05,2025-08-05 09:37:18.700,MO2508-C-7500,2.8,2.8,3.0
2025-08-05,2025-08-05 09:37:19.200,MO2508-C-7500,2.8,2.8,3.0
2025-08-05,2025-08-05 09:37:20.700,MO2508-C-7500,2.8,2.8,3.0
2025-08-05,2025-08-05 09:37:22.200,MO2508-C-7500,2.8,2.8,3.0
2025-08-05,2025-08-05 09:37:22.700,MO2508-C-7500,2.8,2.8,3.0
2025-08-05,2025-08-05 09:37:23.200,MO2508-C-7500,2.8,2.8,3.0
2025-08-05,2025-08-05 09:37:23.700,MO2508-C-7500,2.8,2.8,3.0
2025-08-05,2025-08-05 09:37:25.200,MO2508-C-7500,2.8,2.8,3.0
2025-08-05,2025-08-05 09:37:25.700,MO2508-C-7500,2.8,2.8,3.0
2025-08-05,2025-08-05 09:37:26.700,MO2508-C-7500,2.8,2.8,3.0
2025-08-05,2025-08-05 09:37:27.200,MO2508-C-7500,2.8,2.8,3.0
2025-08-05,2025-08-05 09:37:28.200,MO2508-C-7500,2.8,2.8,3.0
2025-08-05,2025-08-05 09:37:28.700,MO2508-C-7500,2.8,2.8,3.0
2025-08-05,2025-08-05 09:37:29.700,MO2508-C-7500,2.8,2.8,3.0
2025-08-05,2025-08-05 09:37:32.200,MO2508-C-7500,2.8,2.8,3.0
2025-08-05,2025-08-05 09:37:38.700,MO2508-C-7500,2.8,2.8,3.0
2025-08-05,2025-08-05 09:37:41.200,MO2508-C-7500,2.8,2.8,3.0
2025-08-05,2025-08-05 09:37:43.200,MO2508-C-7500,2.8,2.8,3.0
2025-08-05,2025-08-05 09:37:46.700,MO2508-C-7500,2.8,2.8,3.0
2025-08-05,2025-08-05 09:37:47.700,MO2508-C-7500,2.8,2.8,3.0
2025-08-05,2025-08-05 09:37:48.200,MO2508-C-7500,2.8,2.8,3.0
2025-08-05,2025-08-05 09:37:54.200,MO2508-C-7500,2.8,2.8,3.0
2025-08-05,2025-08-05 09:37:56.700,MO2508-C-7500,2.8,2.8,3.0
2025-08-05,2025-08-05 09:37:58.200,MO2508-C-7500,2.8,2.8,3.0
2025-08-05,2025-08-05 09:37:58.700,MO2508-C-7500,2.8,2.8,3.0
2025-08-05,2025-08-05 09:38:15.200,MO2508-C-7500,2.8,2.8,3.0
2025-08-05,2025-08-05 09:38:21.200,MO2508-C-7500,2.8,2.8,3.0
2025-08-05,2025-08-05 09:38:23.200,MO2508-C-7500,2.8,2.8,3.0
2025-08-05,2025-08-05 09:38:24.200,MO2508-C-7500,2.8,2.8,3.0
2025-08-05,2025-08-05 09:38:28.200,MO2508-C-7500,2.8,2.8,3.0
2025-08-05,2025-08-05 09:38:28.700,MO2508-C-7500,2.8,2.8,3.0
2025-08-05,2025-08-05 09:38:29.200,MO2508-C-7500,2.8,2.8,3.0
2025-08-05,2025-08-05 09:38:32.700,MO2508-C-7500,2.8,2.8,3.0
2025-08-05,2025-08-05 09:38:35.200,MO2508-C-7500,2.8,2.8,3.0
2025-08-05,2025-08-05 09:38:44.700,MO2508-C-7500,2.8,2.8,3.0
2025-08-05,2025-08-05 09:38:45.200,MO2508-C-7500,2.8,2.8,3.0
2025-08-05,2025-08-05 09:38:45.700,MO2508-C-7500,2.8,2.8,3.0
2025-08-05,2025-08-05 09:38:46.200,MO2508-C-7500,2.8,2.8,3.0
2025-08-05,2025-08-05 09:38:46.700,MO2508-C-7500,2.8,2.8,3.0
2025-08-05,2025-08-05 09:38:47.200,MO2508-C-7500,2.8,2.8,3.0
2025-08-05,2025-08-05 09:38:47.700,MO2508-C-7500,2.8,2.8,3.0
2025-08-05,2025-08-05 09:38:48.200,MO2508-C-7500,2.8,2.8,3.0
2025-08-05,2025-08-05 09:38:48.700,MO2508-C-7500,2.8,2.8,3.0
2025-08-05,2025-08-05 09:38:50.700,MO2508-C-7500,3.0,2.8,3.0
2025-08-05,2025-08-05 09:38:51.700,MO2508-C-7500,3.0,2.8,3.0
2025-08-05,2025-08-05 09:38:52.200,MO2508-C-7500,3.0,2.8,3.0
2025-08-05,2025-08-05 09:38:53.200,MO2508-C-7500,3.0,2.8,3.0
2025-08-05,2025-08-05 09:38:55.200,MO2508-C-7500,3.0,2.8,3.0
2025-08-05,2025-08-05 09:38:55.700,MO2508-C-7500,3.0,2.8,3.0
2025-08-05,2025-08-05 09:38:56.200,MO2508-C-7500,3.0,2.8,3.0
2025-08-05,2025-08-05 09:38:57.200,MO2508-C-7500,3.0,2.8,3.0
2025-08-05,2025-08-05 09:38:58.200,MO2508-C-7500,3.0,2.8,3.0
2025-08-05,2025-08-05 09:38:58.700,MO2508-C-7500,3.0,2.8,3.0
2025-08-05,2025-08-05 09:38:59.200,MO2508-C-7500,3.0,2.8,3.0
2025-08-05,2025-08-05 09:38:59.700,MO2508-C-7500,3.0,2.8,3.0
2025-08-05,2025-08-05 09:39:00.200,MO2508-C-7500,3.0,2.8,3.0
2025-08-05,2025-08-05 09:39:00.700,MO2508-C-7500,3.0,2.8,3.0
2025-08-05,2025-08-05 09:39:01.200,MO2508-C-7500,3.0,2.8,3.0
2025-08-05,2025-08-05 09:39:01.700,MO2508-C-7500,3.0,2.8,3.0
2025-08-05,2025-08-05 09:39:03.200,MO2508-C-7500,3.0,2.8,3.0
2025-08-05,2025-08-05 09:39:05.200,MO2508-C-7500,3.0,2.8,3.0
2025-08-05,2025-08-05 09:39:05.700,MO2508-C-7500,3.0,2.8,3.0
2025-08-05,2025-08-05 09:39:06.200,MO2508-C-7500,3.0,2.8,3.0
2025-08-05,2025-08-05 09:39:07.200,MO2508-C-7500,3.0,2.8,3.0
2025-08-05,2025-08-05 09:39:13.200,MO2508-C-7500,3.0,2.8,3.0
2025-08-05,2025-08-05 09:39:17.200,MO2508-C-7500,3.0,2.8,3.0
2025-08-05,2025-08-05 09:39:18.200,MO2508-C-7500,3.0,2.8,3.0
2025-08-05,2025-08-05 09:39:18.700,MO2508-C-7500,3.0,2.8,3.0
2025-08-05,2025-08-05 09:39:19.200,MO2508-C-7500,2.8,2.8,3.0
2025-08-05,2025-08-05 09:39:19.700,MO2508-C-7500,2.8,2.8,3.0
2025-08-05,2025-08-05 09:39:20.200,MO2508-C-7500,2.8,2.8,3.0
2025-08-05,2025-08-05 09:39:20.700,MO2508-C-7500,2.8,2.8,3.0
2025-08-05,2025-08-05 09:39:21.200,MO2508-C-7500,2.8,2.8,3.0
2025-08-05,2025-08-05 09:39:21.700,MO2508-C-7500,2.8,2.8,3.0
2025-08-05,2025-08-05 09:39:22.700,MO2508-C-7500,2.8,2.8,3.0
2025-08-05,2025-08-05 09:39:23.200,MO2508-C-7500,2.8,2.8,3.0
2025-08-05,2025-08-05 09:39:24.200,MO2508-C-7500,2.8,2.8,3.0
2025-08-05,2025-08-05 09:39:24.700,MO2508-C-7500,2.8,2.8,3.0
2025-08-05,2025-08-05 09:39:25.700,MO2508-C-7500,2.8,2.8,3.0
2025-08-05,2025-08-05 09:39:26.200,MO2508-C-7500,2.8,2.8,3.0
2025-08-05,2025-08-05 09:39:26.700,MO2508-C-7500,2.8,2.8,3.0
2025-08-05,2025-08-05 09:39:27.200,MO2508-C-7500,2.8,2.8,3.0
2025-08-05,2025-08-05 09:39:27.700,MO2508-C-7500,2.8,2.8,3.0
2025-08-05,2025-08-05 09:39:28.200,MO2508-C-7500,2.8,2.8,3.0
2025-08-05,2025-08-05 09:39:28.700,MO2508-C-7500,2.8,2.8,3.0
2025-08-05,2025-08-05 09:39:29.200,MO2508-C-7500,2.8,2.8,3.0
2025-08-05,2025-08-05 09:39:29.700,MO2508-C-7500,2.8,2.8,3.0
2025-08-05,2025-08-05 09:39:30.700,MO2508-C-7500,2.8,2.6,2.8
2025-08-05,2025-08-05 09:39:31.200,MO2508-C-7500,2.8,2.6,2.8
2025-08-05,2025-08-05 09:39:31.700,MO2508-C-7500,2.8,2.6,2.8
2025-08-05,2025-08-05 09:39:32.200,MO2508-C-7500,2.8,2.6,2.8
2025-08-05,2025-08-05 09:39:32.700,MO2508-C-7500,2.8,2.6,2.8
2025-08-05,2025-08-05 09:39:33.700,MO2508-C-7500,2.8,2.6,2.8
2025-08-05,2025-08-05 09:39:34.200,MO2508-C-7500,2.8,2.6,2.8
2025-08-05,2025-08-05 09:39:35.700,MO2508-C-7500,2.8,2.6,2.8
2025-08-05,2025-08-05 09:39:37.200,MO2508-C-7500,2.8,2.6,2.8
2025-08-05,2025-08-05 09:39:39.200,MO2508-C-7500,2.8,2.6,2.8
2025-08-05,2025-08-05 09:39:39.700,MO2508-C-7500,2.8,2.6,2.8
2025-08-05,2025-08-05 09:39:40.700,MO2508-C-7500,2.8,2.6,2.8
2025-08-05,2025-08-05 09:39:41.200,MO2508-C-7500,2.8,2.6,2.8
2025-08-05,2025-08-05 09:39:41.700,MO2508-C-7500,2.8,2.6,2.8
2025-08-05,2025-08-05 09:39:42.200,MO2508-C-7500,2.8,2.6,2.8
2025-08-05,2025-08-05 09:39:42.700,MO2508-C-7500,2.8,2.6,2.8
2025-08-05,2025-08-05 09:39:44.700,MO2508-C-7500,2.8,2.6,2.8
2025-08-05,2025-08-05 09:39:48.200,MO2508-C-7500,2.8,2.6,2.8
2025-08-05,2025-08-05 09:39:50.200,MO2508-C-7500,2.8,2.6,2.8
2025-08-05,2025-08-05 09:39:50.700,MO2508-C-7500,2.8,2.6,2.8
2025-08-05,2025-08-05 09:39:51.200,MO2508-C-7500,2.8,2.6,2.8
2025-08-05,2025-08-05 09:39:51.700,MO2508-C-7500,2.8,2.6,2.8
2025-08-05,2025-08-05 09:39:53.700,MO2508-C-7500,2.8,2.6,2.8
2025-08-05,2025-08-05 09:39:54.200,MO2508-C-7500,2.8,2.6,2.8
2025-08-05,2025-08-05 09:39:54.700,MO2508-C-7500,2.8,2.6,2.8
2025-08-05,2025-08-05 09:39:56.200,MO2508-C-7500,2.8,2.4,2.8
2025-08-05,2025-08-05 09:39:56.700,MO2508-C-7500,2.8,2.4,2.8
2025-08-05,2025-08-05 09:39:57.200,MO2508-C-7500,2.8,2.4,2.8
2025-08-05,2025-08-05 09:39:58.200,MO2508-C-7500,2.8,2.4,2.8
2025-08-05,2025-08-05 09:39:58.700,MO2508-C-7500,2.8,2.4,2.8
2025-08-05,2025-08-05 09:40:00.200,MO2508-C-7500,2.8,2.4,2.8
2025-08-05,2025-08-05 09:40:00.700,MO2508-C-7500,2.8,2.4,2.8
2025-08-05,2025-08-05 09:40:01.200,MO2508-C-7500,2.8,2.4,2.8
2025-08-05,2025-08-05 09:40:01.700,MO2508-C-7500,2.8,2.4,2.8
2025-08-05,2025-08-05 09:40:02.700,MO2508-C-7500,2.8,2.4,2.8
2025-08-05,2025-08-05 09:40:05.200,MO2508-C-7500,2.8,2.4,2.8
2025-08-05,2025-08-05 09:40:06.200,MO2508-C-7500,2.8,2.4,2.8
2025-08-05,2025-08-05 09:40:08.200,MO2508-C-7500,2.8,2.4,2.8
2025-08-05,2025-08-05 09:40:08.700,MO2508-C-7500,2.8,2.4,2.8
2025-08-05,2025-08-05 09:40:10.200,MO2508-C-7500,2.8,2.4,2.8
2025-08-05,2025-08-05 09:40:10.700,MO2508-C-7500,2.8,2.4,2.6
2025-08-05,2025-08-05 09:40:11.200,MO2508-C-7500,2.8,2.4,2.6
2025-08-05,2025-08-05 09:40:11.700,MO2508-C-7500,2.8,2.4,2.6
2025-08-05,2025-08-05 09:40:12.200,MO2508-C-7500,2.8,2.4,2.6
2025-08-05,2025-08-05 09:40:14.200,MO2508-C-7500,2.8,2.4,2.6
2025-08-05,2025-08-05 09:40:14.700,MO2508-C-7500,2.8,2.4,2.6
2025-08-05,2025-08-05 09:40:15.200,MO2508-C-7500,2.8,2.4,2.6
2025-08-05,2025-08-05 09:40:15.700,MO2508-C-7500,2.8,2.4,2.6
2025-08-05,2025-08-05 09:40:16.200,MO2508-C-7500,2.8,2.4,2.6
2025-08-05,2025-08-05 09:40:16.700,MO2508-C-7500,2.8,2.4,2.6
2025-08-05,2025-08-05 09:40:17.200,MO2508-C-7500,2.8,2.4,2.6
2025-08-05,2025-08-05 09:40:21.700,MO2508-C-7500,2.8,2.4,2.6
2025-08-05,2025-08-05 09:40:22.200,MO2508-C-7500,2.8,2.4,2.6
2025-08-05,2025-08-05 09:40:22.700,MO2508-C-7500,2.8,2.4,2.6
2025-08-05,2025-08-05 09:40:23.700,MO2508-C-7500,2.8,2.4,2.6
2025-08-05,2025-08-05 09:40:26.700,MO2508-C-7500,2.8,2.4,2.6
2025-08-05,2025-08-05 09:40:27.200,MO2508-C-7500,2.8,2.4,2.6
2025-08-05,2025-08-05 09:40:28.200,MO2508-C-7500,2.8,2.4,2.6
2025-08-05,2025-08-05 09:40:28.700,MO2508-C-7500,2.8,2.4,2.6
2025-08-05,2025-08-05 09:40:30.700,MO2508-C-7500,2.8,2.4,2.6
2025-08-05,2025-08-05 09:40:33.200,MO2508-C-7500,2.8,2.4,2.6
2025-08-05,2025-08-05 09:40:36.700,MO2508-C-7500,2.8,2.4,2.6
2025-08-05,2025-08-05 09:40:37.200,MO2508-C-7500,2.8,2.4,2.6
2025-08-05,2025-08-05 09:40:40.200,MO2508-C-7500,2.8,2.4,2.6
2025-08-05,2025-08-05 09:40:40.700,MO2508-C-7500,2.8,2.4,2.6
2025-08-05,2025-08-05 09:40:43.700,MO2508-C-7500,2.8,2.4,2.6
2025-08-05,2025-08-05 09:40:45.700,MO2508-C-7500,2.8,2.4,2.6
2025-08-05,2025-08-05 09:40:46.200,MO2508-C-7500,2.8,2.4,2.6
2025-08-05,2025-08-05 09:40:48.700,MO2508-C-7500,2.8,2.4,2.6
2025-08-05,2025-08-05 09:40:49.200,MO2508-C-7500,2.8,2.4,2.6
2025-08-05,2025-08-05 09:40:50.700,MO2508-C-7500,2.8,2.4,2.6
2025-08-05,2025-08-05 09:40:51.200,MO2508-C-7500,2.8,2.4,2.6
2025-08-05,2025-08-05 09:40:51.700,MO2508-C-7500,2.8,2.4,2.6
2025-08-05,2025-08-05 09:40:57.700,MO2508-C-7500,2.8,2.4,2.6
2025-08-05,2025-08-05 09:40:58.200,MO2508-C-7500,2.8,2.4,2.6
2025-08-05,2025-08-05 09:40:58.700,MO2508-C-7500,2.8,2.4,2.6
2025-08-05,2025-08-05 09:40:59.200,MO2508-C-7500,2.8,2.4,2.6
2025-08-05,2025-08-05 09:40:59.700,MO2508-C-7500,2.8,2.4,2.6
2025-08-05,2025-08-05 09:41:00.200,MO2508-C-7500,2.8,2.4,2.6
2025-08-05,2025-08-05 09:41:00.700,MO2508-C-7500,2.8,2.4,2.6
2025-08-05,2025-08-05 09:41:01.200,MO2508-C-7500,2.8,2.4,2.6
2025-08-05,2025-08-05 09:41:05.200,MO2508-C-7500,2.8,2.4,2.6
2025-08-05,2025-08-05 09:41:05.700,MO2508-C-7500,2.8,2.4,2.6
2025-08-05,2025-08-05 09:41:06.700,MO2508-C-7500,2.8,2.4,2.6
2025-08-05,2025-08-05 09:41:07.200,MO2508-C-7500,2.8,2.4,2.6
2025-08-05,2025-08-05 09:41:07.700,MO2508-C-7500,2.8,2.4,2.6
2025-08-05,2025-08-05 09:41:08.700,MO2508-C-7500,2.8,2.4,2.6
2025-08-05,2025-08-05 09:41:09.200,MO2508-C-7500,2.8,2.4,2.6
2025-08-05,2025-08-05 09:41:15.700,MO2508-C-7500,2.8,2.4,2.6
2025-08-05,2025-08-05 09:41:16.700,MO2508-C-7500,2.8,2.4,2.6
2025-08-05,2025-08-05 09:41:17.200,MO2508-C-7500,2.8,2.4,2.6
2025-08-05,2025-08-05 09:41:17.700,MO2508-C-7500,2.8,2.4,2.6
2025-08-05,2025-08-05 09:41:18.200,MO2508-C-7500,2.8,2.4,2.6
2025-08-05,2025-08-05 09:41:18.700,MO2508-C-7500,2.8,2.4,2.6
2025-08-05,2025-08-05 09:41:20.700,MO2508-C-7500,2.8,2.4,2.6
2025-08-05,2025-08-05 09:41:21.700,MO2508-C-7500,2.8,2.4,2.6
2025-08-05,2025-08-05 09:41:22.200,MO2508-C-7500,2.8,2.4,2.6
2025-08-05,2025-08-05 09:41:22.700,MO2508-C-7500,2.8,2.4,2.6
2025-08-05,2025-08-05 09:41:28.200,MO2508-C-7500,2.8,2.4,2.6
2025-08-05,2025-08-05 09:41:28.700,MO2508-C-7500,2.8,2.4,2.6
2025-08-05,2025-08-05 09:41:29.200,MO2508-C-7500,2.8,2.4,2.6
2025-08-05,2025-08-05 09:41:31.200,MO2508-C-7500,2.8,2.4,2.6
2025-08-05,2025-08-05 09:41:31.700,MO2508-C-7500,2.8,2.4,2.6
2025-08-05,2025-08-05 09:41:32.700,MO2508-C-7500,2.8,2.4,2.6
2025-08-05,2025-08-05 09:41:33.200,MO2508-C-7500,2.8,2.4,2.6
2025-08-05,2025-08-05 09:41:36.200,MO2508-C-7500,2.8,2.4,2.6
2025-08-05,2025-08-05 09:41:56.200,MO2508-C-7500,2.8,2.4,2.6
2025-08-05,2025-08-05 09:41:58.200,MO2508-C-7500,2.8,2.4,2.6
2025-08-05,2025-08-05 09:41:58.700,MO2508-C-7500,2.8,2.4,2.6
2025-08-05,2025-08-05 09:41:59.700,MO2508-C-7500,2.8,2.4,2.6
2025-08-05,2025-08-05 09:42:00.200,MO2508-C-7500,2.8,2.4,2.6
2025-08-05,2025-08-05 09:42:01.700,MO2508-C-7500,2.8,2.4,2.6
2025-08-05,2025-08-05 09:42:02.200,MO2508-C-7500,2.8,2.4,2.6
2025-08-05,2025-08-05 09:42:02.700,MO2508-C-7500,2.8,2.4,2.6
2025-08-05,2025-08-05 09:42:08.700,MO2508-C-7500,2.8,2.4,2.6
2025-08-05,2025-08-05 09:42:09.200,MO2508-C-7500,2.8,2.4,2.6
2025-08-05,2025-08-05 09:42:09.700,MO2508-C-7500,2.8,2.2,2.6
2025-08-05,2025-08-05 09:42:10.200,MO2508-C-7500,2.8,2.2,2.6
2025-08-05,2025-08-05 09:42:20.700,MO2508-C-7500,2.8,2.2,2.6
2025-08-05,2025-08-05 09:42:21.200,MO2508-C-7500,2.8,2.2,2.6
2025-08-05,2025-08-05 09:42:24.200,MO2508-C-7500,2.8,2.2,2.6
2025-08-05,2025-08-05 09:42:24.700,MO2508-C-7500,2.8,2.2,2.6
2025-08-05,2025-08-05 09:42:25.200,MO2508-C-7500,2.8,2.2,2.6
2025-08-05,2025-08-05 09:42:26.200,MO2508-C-7500,2.8,2.2,2.4
2025-08-05,2025-08-05 09:42:26.700,MO2508-C-7500,2.8,2.2,2.4
2025-08-05,2025-08-05 09:42:27.200,MO2508-C-7500,2.8,2.2,2.4
2025-08-05,2025-08-05 09:42:27.700,MO2508-C-7500,2.8,2.2,2.4
2025-08-05,2025-08-05 09:42:28.200,MO2508-C-7500,2.8,2.2,2.4
2025-08-05,2025-08-05 09:42:28.700,MO2508-C-7500,2.8,2.2,2.4
2025-08-05,2025-08-05 09:42:29.700,MO2508-C-7500,2.8,2.2,2.4
2025-08-05,2025-08-05 09:42:31.200,MO2508-C-7500,2.8,2.2,2.4
2025-08-05,2025-08-05 09:42:36.200,MO2508-C-7500,2.8,2.2,2.4
2025-08-05,2025-08-05 09:42:36.700,MO2508-C-7500,2.8,2.2,2.4
2025-08-05,2025-08-05 09:42:37.200,MO2508-C-7500,2.8,2.2,2.4
2025-08-05,2025-08-05 09:42:37.700,MO2508-C-7500,2.8,2.2,2.4
2025-08-05,2025-08-05 09:42:38.200,MO2508-C-7500,2.8,2.2,2.4
2025-08-05,2025-08-05 09:42:40.200,MO2508-C-7500,2.8,2.2,2.4
2025-08-05,2025-08-05 09:42:41.200,MO2508-C-7500,2.8,2.2,2.4
2025-08-05,2025-08-05 09:42:47.200,MO2508-C-7500,2.8,2.2,2.4
2025-08-05,2025-08-05 09:42:49.200,MO2508-C-7500,2.8,2.2,2.4
2025-08-05,2025-08-05 09:42:58.200,MO2508-C-7500,2.8,2.2,2.4
2025-08-05,2025-08-05 09:42:59.700,MO2508-C-7500,2.8,2.2,2.4
2025-08-05,2025-08-05 09:43:03.700,MO2508-C-7500,2.8,2.2,2.4
2025-08-05,2025-08-05 09:43:04.200,MO2508-C-7500,2.8,2.2,2.4
2025-08-05,2025-08-05 09:43:04.700,MO2508-C-7500,2.8,2.2,2.4
2025-08-05,2025-08-05 09:43:08.700,MO2508-C-7500,2.8,2.2,2.4
2025-08-05,2025-08-05 09:43:11.200,MO2508-C-7500,2.8,2.2,2.4
2025-08-05,2025-08-05 09:43:16.200,MO2508-C-7500,2.8,2.2,2.4
2025-08-05,2025-08-05 09:43:16.700,MO2508-C-7500,2.8,2.2,2.4
2025-08-05,2025-08-05 09:43:28.200,MO2508-C-7500,2.8,2.2,2.4
2025-08-05,2025-08-05 09:43:28.700,MO2508-C-7500,2.8,2.2,2.4
2025-08-05,2025-08-05 09:43:32.200,MO2508-C-7500,2.8,2.2,2.4
2025-08-05,2025-08-05 09:43:52.200,MO2508-C-7500,2.8,2.2,2.4
2025-08-05,2025-08-05 09:43:52.700,MO2508-C-7500,2.8,2.2,2.4
2025-08-05,2025-08-05 09:43:58.200,MO2508-C-7500,2.8,2.2,2.4
2025-08-05,2025-08-05 09:43:58.700,MO2508-C-7500,2.8,2.2,2.4
2025-08-05,2025-08-05 09:44:03.200,MO2508-C-7500,2.8,2.2,2.4
2025-08-05,2025-08-05 09:44:11.700,MO2508-C-7500,2.8,2.2,2.4
2025-08-05,2025-08-05 09:44:28.200,MO2508-C-7500,2.8,2.2,2.4
2025-08-05,2025-08-05 09:44:28.700,MO2508-C-7500,2.8,2.2,2.4
2025-08-05,2025-08-05 09:44:35.700,MO2508-C-7500,2.8,2.2,2.4
2025-08-05,2025-08-05 09:44:36.200,MO2508-C-7500,2.8,2.2,2.4
2025-08-05,2025-08-05 09:44:37.700,MO2508-C-7500,2.8,2.2,2.4
2025-08-05,2025-08-05 09:44:38.200,MO2508-C-7500,2.8,2.2,2.4
2025-08-05,2025-08-05 09:44:38.700,MO2508-C-7500,2.8,2.2,2.4
2025-08-05,2025-08-05 09:44:39.200,MO2508-C-7500,2.8,2.2,2.4
2025-08-05,2025-08-05 09:44:57.200,MO2508-C-7500,2.8,2.2,2.4
2025-08-05,2025-08-05 09:44:58.200,MO2508-C-7500,2.8,2.2,2.4
2025-08-05,2025-08-05 09:44:58.700,MO2508-C-7500,2.8,2.2,2.4
2025-08-05,2025-08-05 09:45:14.200,MO2508-C-7500,2.8,2.2,2.4
2025-08-05,2025-08-05 09:45:14.700,MO2508-C-7500,2.8,2.2,2.4
2025-08-05,2025-08-05 09:45:15.700,MO2508-C-7500,2.8,2.2,2.4
2025-08-05,2025-08-05 09:45:16.200,MO2508-C-7500,2.8,2.2,2.4
2025-08-05,2025-08-05 09:45:18.700,MO2508-C-7500,2.8,2.2,2.4
2025-08-05,2025-08-05 09:45:21.700,MO2508-C-7500,2.8,2.2,2.4
2025-08-05,2025-08-05 09:45:27.200,MO2508-C-7500,2.8,2.2,2.4
2025-08-05,2025-08-05 09:45:28.200,MO2508-C-7500,2.8,2.2,2.4
2025-08-05,2025-08-05 09:45:28.700,MO2508-C-7500,2.8,2.2,2.4
2025-08-05,2025-08-05 09:45:33.200,MO2508-C-7500,2.8,2.2,2.4
2025-08-05,2025-08-05 09:45:33.700,MO2508-C-7500,2.8,2.2,2.4
2025-08-05,2025-08-05 09:45:47.700,MO2508-C-7500,2.8,2.2,2.4
2025-08-05,2025-08-05 09:45:48.200,MO2508-C-7500,2.8,2.2,2.4
2025-08-05,2025-08-05 09:45:48.700,MO2508-C-7500,2.8,2.2,2.4
2025-08-05,2025-08-05 09:45:56.700,MO2508-C-7500,2.8,2.2,2.4
2025-08-05,2025-08-05 09:45:58.200,MO2508-C-7500,2.8,2.2,2.4
2025-08-05,2025-08-05 09:45:58.700,MO2508-C-7500,2.8,2.2,2.4
2025-08-05,2025-08-05 09:46:06.200,MO2508-C-7500,2.8,2.2,2.4
2025-08-05,2025-08-05 09:46:16.200,MO2508-C-7500,2.8,2.2,2.4
2025-08-05,2025-08-05 09:46:17.700,MO2508-C-7500,2.8,2.2,2.4
2025-08-05,2025-08-05 09:46:18.200,MO2508-C-7500,2.8,2.2,2.4
2025-08-05,2025-08-05 09:46:19.700,MO2508-C-7500,2.8,2.2,2.4
2025-08-05,2025-08-05 09:46:28.200,MO2508-C-7500,2.8,2.2,2.4
2025-08-05,2025-08-05 09:46:28.700,MO2508-C-7500,2.8,2.2,2.4
2025-08-05,2025-08-05 09:46:58.200,MO2508-C-7500,2.8,2.2,2.4
2025-08-05,2025-08-05 09:46:58.700,MO2508-C-7500,2.8,2.2,2.4
2025-08-05,2025-08-05 09:47:09.700,MO2508-C-7500,2.8,2.2,2.4
2025-08-05,2025-08-05 09:47:10.200,MO2508-C-7500,2.8,2.2,2.4
2025-08-05,2025-08-05 09:47:11.700,MO2508-C-7500,2.8,2.2,2.4
2025-08-05,2025-08-05 09:47:14.200,MO2508-C-7500,2.8,2.2,2.4
2025-08-05,2025-08-05 09:47:15.200,MO2508-C-7500,2.8,2.2,2.4
2025-08-05,2025-08-05 09:47:26.700,MO2508-C-7500,2.8,2.2,2.4
2025-08-05,2025-08-05 09:47:28.200,MO2508-C-7500,2.8,2.2,2.4
2025-08-05,2025-08-05 09:47:28.700,MO2508-C-7500,2.8,2.2,2.4
2025-08-05,2025-08-05 09:47:40.200,MO2508-C-7500,2.8,2.2,2.4
2025-08-05,2025-08-05 09:47:40.700,MO2508-C-7500,2.8,2.2,2.4
2025-08-05,2025-08-05 09:47:42.700,MO2508-C-7500,2.8,2.2,2.4
2025-08-05,2025-08-05 09:47:58.200,MO2508-C-7500,2.8,2.2,2.4
2025-08-05,2025-08-05 09:47:58.700,MO2508-C-7500,2.8,2.2,2.4
2025-08-05,2025-08-05 09:48:23.700,MO2508-C-7500,2.8,2.2,2.4
2025-08-05,2025-08-05 09:48:24.200,MO2508-C-7500,2.8,2.2,2.4
2025-08-05,2025-08-05 09:48:24.700,MO2508-C-7500,2.8,2.2,2.4
2025-08-05,2025-08-05 09:48:28.200,MO2508-C-7500,2.8,2.2,2.4
2025-08-05,2025-08-05 09:48:28.700,MO2508-C-7500,2.8,2.2,2.4
2025-08-05,2025-08-05 09:48:32.200,MO2508-C-7500,2.8,2.2,2.4
2025-08-05,2025-08-05 09:48:36.200,MO2508-C-7500,2.8,2.2,2.4
2025-08-05,2025-08-05 09:48:52.200,MO2508-C-7500,2.8,2.2,2.4
2025-08-05,2025-08-05 09:48:52.700,MO2508-C-7500,2.8,2.2,2.4
2025-08-05,2025-08-05 09:48:53.200,MO2508-C-7500,2.8,2.2,2.4
2025-08-05,2025-08-05 09:48:53.700,MO2508-C-7500,2.8,2.2,2.4
2025-08-05,2025-08-05 09:48:54.200,MO2508-C-7500,2.8,2.2,2.4
2025-08-05,2025-08-05 09:48:57.700,MO2508-C-7500,2.8,2.2,2.4
2025-08-05,2025-08-05 09:48:58.200,MO2508-C-7500,2.8,2.2,2.4
2025-08-05,2025-08-05 09:48:58.700,MO2508-C-7500,2.8,2.2,2.4
2025-08-05,2025-08-05 09:49:00.200,MO2508-C-7500,2.8,2.2,2.4
2025-08-05,2025-08-05 09:49:01.700,MO2508-C-7500,2.8,2.2,2.4
2025-08-05,2025-08-05 09:49:02.200,MO2508-C-7500,2.8,2.2,2.4
2025-08-05,2025-08-05 09:49:04.200,MO2508-C-7500,2.0,2.0,2.2
2025-08-05,2025-08-05 09:49:04.700,MO2508-C-7500,2.2,2.2,2.4
2025-08-05,2025-08-05 09:49:05.200,MO2508-C-7500,2.2,2.2,2.4
2025-08-05,2025-08-05 09:49:05.700,MO2508-C-7500,2.2,2.2,2.4
2025-08-05,2025-08-05 09:49:06.700,MO2508-C-7500,2.2,2.2,2.4
2025-08-05,2025-08-05 09:49:07.700,MO2508-C-7500,2.2,2.2,2.4
2025-08-05,2025-08-05 09:49:08.200,MO2508-C-7500,2.2,2.2,2.4
2025-08-05,2025-08-05 09:49:08.700,MO2508-C-7500,2.2,2.2,2.4
2025-08-05,2025-08-05 09:49:09.200,MO2508-C-7500,2.2,2.2,2.4
2025-08-05,2025-08-05 09:49:28.200,MO2508-C-7500,2.2,2.2,2.4
2025-08-05,2025-08-05 09:49:28.700,MO2508-C-7500,2.2,2.2,2.4
2025-08-05,2025-08-05 09:49:30.200,MO2508-C-7500,2.2,2.2,2.4
2025-08-05,2025-08-05 09:49:30.700,MO2508-C-7500,2.2,2.2,2.4
2025-08-05,2025-08-05 09:49:49.700,MO2508-C-7500,2.2,2.2,2.4
2025-08-05,2025-08-05 09:49:58.200,MO2508-C-7500,2.2,2.2,2.4
2025-08-05,2025-08-05 09:49:58.700,MO2508-C-7500,2.2,2.2,2.4
2025-08-05,2025-08-05 09:50:04.200,MO2508-C-7500,2.2,2.2,2.4
2025-08-05,2025-08-05 09:50:04.700,MO2508-C-7500,2.2,2.2,2.4
2025-08-05,2025-08-05 09:50:07.700,MO2508-C-7500,2.2,2.0,2.2
2025-08-05,2025-08-05 09:50:08.200,MO2508-C-7500,2.2,2.0,2.4
2025-08-05,2025-08-05 09:50:08.700,MO2508-C-7500,2.2,2.0,2.4
2025-08-05,2025-08-05 09:50:09.200,MO2508-C-7500,2.2,2.2,2.4
2025-08-05,2025-08-05 09:50:09.700,MO2508-C-7500,2.2,2.2,2.4
2025-08-05,2025-08-05 09:50:10.200,MO2508-C-7500,2.2,2.2,2.4
2025-08-05,2025-08-05 09:50:13.200,MO2508-C-7500,2.2,2.2,2.4
2025-08-05,2025-08-05 09:50:13.700,MO2508-C-7500,2.2,2.2,2.4
2025-08-05,2025-08-05 09:50:15.700,MO2508-C-7500,2.2,2.2,2.4
2025-08-05,2025-08-05 09:50:17.700,MO2508-C-7500,2.2,2.2,2.4
2025-08-05,2025-08-05 09:50:18.700,MO2508-C-7500,2.2,2.2,2.4
2025-08-05,2025-08-05 09:50:20.200,MO2508-C-7500,2.2,2.2,2.4
2025-08-05,2025-08-05 09:50:20.700,MO2508-C-7500,2.2,2.2,2.4
2025-08-05,2025-08-05 09:50:23.200,MO2508-C-7500,2.2,2.2,2.4
2025-08-05,2025-08-05 09:50:27.700,MO2508-C-7500,2.2,2.2,2.4
2025-08-05,2025-08-05 09:50:28.200,MO2508-C-7500,2.2,2.2,2.4
2025-08-05,2025-08-05 09:50:28.700,MO2508-C-7500,2.2,2.2,2.4
2025-08-05,2025-08-05 09:50:29.200,MO2508-C-7500,2.2,2.2,2.4
2025-08-05,2025-08-05 09:50:34.200,MO2508-C-7500,2.2,2.2,2.4
2025-08-05,2025-08-05 09:50:36.700,MO2508-C-7500,2.2,2.2,2.4
2025-08-05,2025-08-05 09:50:37.200,MO2508-C-7500,2.2,2.2,2.4
2025-08-05,2025-08-05 09:50:37.700,MO2508-C-7500,2.2,2.2,2.4
2025-08-05,2025-08-05 09:50:39.200,MO2508-C-7500,2.2,2.2,2.4
2025-08-05,2025-08-05 09:50:41.200,MO2508-C-7500,2.2,2.2,2.4
2025-08-05,2025-08-05 09:50:46.700,MO2508-C-7500,2.2,2.2,2.4
2025-08-05,2025-08-05 09:50:50.700,MO2508-C-7500,2.2,2.2,2.4
2025-08-05,2025-08-05 09:50:51.200,MO2508-C-7500,2.2,2.2,2.4
2025-08-05,2025-08-05 09:50:53.200,MO2508-C-7500,2.2,2.2,2.4
2025-08-05,2025-08-05 09:50:54.200,MO2508-C-7500,2.2,2.2,2.4
2025-08-05,2025-08-05 09:50:55.200,MO2508-C-7500,2.2,2.2,2.4
2025-08-05,2025-08-05 09:50:55.700,MO2508-C-7500,2.2,2.2,2.4
2025-08-05,2025-08-05 09:50:57.200,MO2508-C-7500,2.2,2.2,2.4
2025-08-05,2025-08-05 09:50:58.200,MO2508-C-7500,2.2,2.2,2.4
2025-08-05,2025-08-05 09:50:58.700,MO2508-C-7500,2.2,2.2,2.4
2025-08-05,2025-08-05 09:50:59.700,MO2508-C-7500,2.2,2.2,2.4
2025-08-05,2025-08-05 09:51:00.200,MO2508-C-7500,2.2,2.2,2.4
2025-08-05,2025-08-05 09:51:00.700,MO2508-C-7500,2.2,2.2,2.4
2025-08-05,2025-08-05 09:51:14.700,MO2508-C-7500,2.2,2.2,2.4
2025-08-05,2025-08-05 09:51:28.200,MO2508-C-7500,2.2,2.2,2.4
2025-08-05,2025-08-05 09:51:28.700,MO2508-C-7500,2.2,2.2,2.4
2025-08-05,2025-08-05 09:51:44.700,MO2508-C-7500,2.2,2.2,2.4
2025-08-05,2025-08-05 09:51:48.200,MO2508-C-7500,2.2,2.0,2.4
2025-08-05,2025-08-05 09:51:48.700,MO2508-C-7500,2.2,2.0,2.4
2025-08-05,2025-08-05 09:51:49.200,MO2508-C-7500,2.2,2.0,2.4
2025-08-05,2025-08-05 09:51:51.700,MO2508-C-7500,2.2,2.0,2.4
2025-08-05,2025-08-05 09:51:52.200,MO2508-C-7500,2.2,2.0,2.4
2025-08-05,2025-08-05 09:51:58.200,MO2508-C-7500,2.2,2.0,2.4
2025-08-05,2025-08-05 09:51:58.700,MO2508-C-7500,2.2,2.0,2.4
2025-08-05,2025-08-05 09:51:59.200,MO2508-C-7500,2.2,2.0,2.4
2025-08-05,2025-08-05 09:51:59.700,MO2508-C-7500,2.2,2.0,2.4
2025-08-05,2025-08-05 09:52:03.200,MO2508-C-7500,2.2,2.0,2.4
2025-08-05,2025-08-05 09:52:11.700,MO2508-C-7500,2.2,2.0,2.4
2025-08-05,2025-08-05 09:52:20.200,MO2508-C-7500,2.2,2.0,2.4
2025-08-05,2025-08-05 09:52:20.700,MO2508-C-7500,2.2,2.0,2.2
2025-08-05,2025-08-05 09:52:21.200,MO2508-C-7500,2.2,2.0,2.2
2025-08-05,2025-08-05 09:52:21.700,MO2508-C-7500,2.2,2.0,2.2
2025-08-05,2025-08-05 09:52:28.200,MO2508-C-7500,2.2,2.0,2.2
2025-08-05,2025-08-05 09:52:28.700,MO2508-C-7500,2.2,2.0,2.2
2025-08-05,2025-08-05 09:52:49.200,MO2508-C-7500,2.2,2.0,2.2
2025-08-05,2025-08-05 09:52:58.200,MO2508-C-7500,2.2,2.0,2.2
2025-08-05,2025-08-05 09:52:58.700,MO2508-C-7500,2.2,2.0,2.2
2025-08-05,2025-08-05 09:53:00.200,MO2508-C-7500,2.2,2.0,2.2
2025-08-05,2025-08-05 09:53:06.700,MO2508-C-7500,2.2,2.0,2.2
2025-08-05,2025-08-05 09:53:07.200,MO2508-C-7500,2.2,2.0,2.2
2025-08-05,2025-08-05 09:53:14.200,MO2508-C-7500,2.2,2.0,2.2
2025-08-05,2025-08-05 09:53:14.700,MO2508-C-7500,2.2,2.0,2.2
2025-08-05,2025-08-05 09:53:15.200,MO2508-C-7500,2.2,2.0,2.2
2025-08-05,2025-08-05 09:53:26.200,MO2508-C-7500,2.2,2.0,2.2
2025-08-05,2025-08-05 09:53:28.200,MO2508-C-7500,2.2,2.0,2.2
2025-08-05,2025-08-05 09:53:28.700,MO2508-C-7500,2.2,2.0,2.2
2025-08-05,2025-08-05 09:53:29.200,MO2508-C-7500,2.2,2.0,2.2
2025-08-05,2025-08-05 09:53:58.200,MO2508-C-7500,2.2,2.0,2.2
2025-08-05,2025-08-05 09:53:58.700,MO2508-C-7500,2.2,2.0,2.2
2025-08-05,2025-08-05 09:53:59.200,MO2508-C-7500,2.2,2.0,2.2
2025-08-05,2025-08-05 09:54:08.700,MO2508-C-7500,2.2,2.0,2.2
2025-08-05,2025-08-05 09:54:12.700,MO2508-C-7500,2.2,2.0,2.2
2025-08-05,2025-08-05 09:54:13.200,MO2508-C-7500,2.2,2.0,2.2
2025-08-05,2025-08-05 09:54:13.700,MO2508-C-7500,2.2,2.0,2.2
2025-08-05,2025-08-05 09:54:14.700,MO2508-C-7500,2.2,2.0,2.2
2025-08-05,2025-08-05 09:54:15.200,MO2508-C-7500,2.2,2.0,2.2
2025-08-05,2025-08-05 09:54:15.700,MO2508-C-7500,2.2,2.0,2.2
2025-08-05,2025-08-05 09:54:16.700,MO2508-C-7500,2.2,2.0,2.2
2025-08-05,2025-08-05 09:54:17.200,MO2508-C-7500,2.2,2.0,2.2
2025-08-05,2025-08-05 09:54:19.700,MO2508-C-7500,2.2,2.0,2.2
2025-08-05,2025-08-05 09:54:22.700,MO2508-C-7500,2.2,2.0,2.2
2025-08-05,2025-08-05 09:54:23.200,MO2508-C-7500,2.2,2.0,2.2
2025-08-05,2025-08-05 09:54:23.700,MO2508-C-7500,2.2,2.0,2.2
2025-08-05,2025-08-05 09:54:24.200,MO2508-C-7500,2.2,2.0,2.2
2025-08-05,2025-08-05 09:54:25.200,MO2508-C-7500,2.2,2.0,2.2
2025-08-05,2025-08-05 09:54:28.200,MO2508-C-7500,2.2,2.0,2.2
2025-08-05,2025-08-05 09:54:28.700,MO2508-C-7500,2.2,2.0,2.2
2025-08-05,2025-08-05 09:54:40.200,MO2508-C-7500,2.2,2.0,2.2
2025-08-05,2025-08-05 09:54:58.200,MO2508-C-7500,2.2,2.0,2.2
2025-08-05,2025-08-05 09:54:58.700,MO2508-C-7500,2.2,2.0,2.2
2025-08-05,2025-08-05 09:55:02.700,MO2508-C-7500,2.2,2.0,2.2
2025-08-05,2025-08-05 09:55:03.200,MO2508-C-7500,2.2,2.0,2.2
2025-08-05,2025-08-05 09:55:04.200,MO2508-C-7500,2.2,2.0,2.2
2025-08-05,2025-08-05 09:55:05.200,MO2508-C-7500,2.2,2.0,2.2
2025-08-05,2025-08-05 09:55:06.700,MO2508-C-7500,2.2,2.0,2.2
2025-08-05,2025-08-05 09:55:08.700,MO2508-C-7500,2.2,2.0,2.2
2025-08-05,2025-08-05 09:55:11.200,MO2508-C-7500,2.2,2.0,2.2
2025-08-05,2025-08-05 09:55:13.700,MO2508-C-7500,2.2,2.0,2.2
2025-08-05,2025-08-05 09:55:28.200,MO2508-C-7500,2.2,2.0,2.2
2025-08-05,2025-08-05 09:55:28.700,MO2508-C-7500,2.2,2.0,2.2
2025-08-05,2025-08-05 09:55:52.200,MO2508-C-7500,2.2,2.0,2.2
2025-08-05,2025-08-05 09:55:54.700,MO2508-C-7500,2.2,2.0,2.2
2025-08-05,2025-08-05 09:55:58.200,MO2508-C-7500,2.2,2.0,2.2
2025-08-05,2025-08-05 09:55:58.700,MO2508-C-7500,2.2,2.0,2.2
2025-08-05,2025-08-05 09:55:59.200,MO2508-C-7500,2.2,2.0,2.2
2025-08-05,2025-08-05 09:55:59.700,MO2508-C-7500,2.2,2.0,2.2
2025-08-05,2025-08-05 09:56:00.200,MO2508-C-7500,2.2,2.0,2.2
2025-08-05,2025-08-05 09:56:01.700,MO2508-C-7500,2.2,2.0,2.2
2025-08-05,2025-08-05 09:56:02.200,MO2508-C-7500,2.2,2.0,2.2
2025-08-05,2025-08-05 09:56:05.200,MO2508-C-7500,2.2,2.0,2.2
2025-08-05,2025-08-05 09:56:05.700,MO2508-C-7500,2.2,2.0,2.2
2025-08-05,2025-08-05 09:56:06.200,MO2508-C-7500,2.2,2.0,2.2
2025-08-05,2025-08-05 09:56:08.200,MO2508-C-7500,2.2,2.0,2.2
2025-08-05,2025-08-05 09:56:09.200,MO2508-C-7500,2.2,2.0,2.2
2025-08-05,2025-08-05 09:56:22.200,MO2508-C-7500,2.2,2.0,2.2
2025-08-05,2025-08-05 09:56:23.700,MO2508-C-7500,2.0,1.8,2.0
2025-08-05,2025-08-05 09:56:24.200,MO2508-C-7500,2.0,1.8,2.0
2025-08-05,2025-08-05 09:56:24.700,MO2508-C-7500,2.0,1.8,2.0
2025-08-05,2025-08-05 09:56:25.200,MO2508-C-7500,2.0,1.8,2.0
2025-08-05,2025-08-05 09:56:25.700,MO2508-C-7500,2.0,1.8,2.0
2025-08-05,2025-08-05 09:56:28.200,MO2508-C-7500,2.0,1.8,2.0
2025-08-05,2025-08-05 09:56:28.700,MO2508-C-7500,2.0,1.8,2.0
2025-08-05,2025-08-05 09:56:34.700,MO2508-C-7500,2.0,1.8,2.0
2025-08-05,2025-08-05 09:56:35.200,MO2508-C-7500,2.0,1.8,2.0
2025-08-05,2025-08-05 09:56:38.700,MO2508-C-7500,2.0,1.8,2.0
2025-08-05,2025-08-05 09:56:46.700,MO2508-C-7500,2.0,1.8,2.0
2025-08-05,2025-08-05 09:56:47.700,MO2508-C-7500,2.0,1.8,2.0
2025-08-05,2025-08-05 09:56:48.200,MO2508-C-7500,2.0,1.8,2.0
2025-08-05,2025-08-05 09:56:49.200,MO2508-C-7500,2.0,1.8,2.0
2025-08-05,2025-08-05 09:56:50.700,MO2508-C-7500,2.0,1.8,2.0
2025-08-05,2025-08-05 09:56:51.200,MO2508-C-7500,2.0,1.8,2.0
2025-08-05,2025-08-05 09:56:56.700,MO2508-C-7500,2.0,1.8,2.0
2025-08-05,2025-08-05 09:56:57.200,MO2508-C-7500,2.0,1.8,2.0
2025-08-05,2025-08-05 09:56:57.700,MO2508-C-7500,2.0,1.8,2.0
2025-08-05,2025-08-05 09:56:58.200,MO2508-C-7500,2.0,1.8,2.0
2025-08-05,2025-08-05 09:56:58.700,MO2508-C-7500,2.0,1.8,2.0
2025-08-05,2025-08-05 09:57:03.700,MO2508-C-7500,2.0,1.8,2.0
2025-08-05,2025-08-05 09:57:14.200,MO2508-C-7500,2.0,1.8,2.0
2025-08-05,2025-08-05 09:57:28.200,MO2508-C-7500,2.0,1.8,2.0
2025-08-05,2025-08-05 09:57:28.700,MO2508-C-7500,2.0,1.8,2.0
2025-08-05,2025-08-05 09:57:31.200,MO2508-C-7500,2.0,1.8,2.0
2025-08-05,2025-08-05 09:57:54.200,MO2508-C-7500,2.0,1.8,2.0
2025-08-05,2025-08-05 09:57:58.200,MO2508-C-7500,2.0,1.8,2.0
2025-08-05,2025-08-05 09:57:58.700,MO2508-C-7500,2.0,1.8,2.0
2025-08-05,2025-08-05 09:58:00.700,MO2508-C-7500,2.0,1.8,2.0
2025-08-05,2025-08-05 09:58:01.200,MO2508-C-7500,2.0,1.8,2.0
2025-08-05,2025-08-05 09:58:09.200,MO2508-C-7500,2.0,1.8,2.0
2025-08-05,2025-08-05 09:58:20.700,MO2508-C-7500,2.0,1.8,2.0
2025-08-05,2025-08-05 09:58:28.200,MO2508-C-7500,2.0,1.8,2.0
2025-08-05,2025-08-05 09:58:28.700,MO2508-C-7500,2.0,1.8,2.0
2025-08-05,2025-08-05 09:58:31.700,MO2508-C-7500,2.0,1.8,2.0
2025-08-05,2025-08-05 09:58:32.700,MO2508-C-7500,2.0,1.8,2.0
2025-08-05,2025-08-05 09:58:33.700,MO2508-C-7500,2.0,1.8,2.0
2025-08-05,2025-08-05 09:58:38.200,MO2508-C-7500,2.0,1.8,2.0
2025-08-05,2025-08-05 09:58:40.700,MO2508-C-7500,2.0,1.8,2.0
2025-08-05,2025-08-05 09:58:51.200,MO2508-C-7500,2.0,1.8,2.0
2025-08-05,2025-08-05 09:58:58.200,MO2508-C-7500,2.0,1.8,2.0
2025-08-05,2025-08-05 09:58:58.700,MO2508-C-7500,2.0,1.8,2.0
2025-08-05,2025-08-05 09:59:03.200,MO2508-C-7500,2.0,1.8,2.0
2025-08-05,2025-08-05 09:59:03.700,MO2508-C-7500,2.0,1.8,2.0
2025-08-05,2025-08-05 09:59:04.700,MO2508-C-7500,2.0,1.8,2.0
2025-08-05,2025-08-05 09:59:05.200,MO2508-C-7500,2.0,1.8,2.0
2025-08-05,2025-08-05 09:59:08.700,MO2508-C-7500,2.0,1.8,2.0
2025-08-05,2025-08-05 09:59:09.200,MO2508-C-7500,2.0,1.8,2.0
2025-08-05,2025-08-05 09:59:09.700,MO2508-C-7500,2.0,1.8,2.0
2025-08-05,2025-08-05 09:59:28.200,MO2508-C-7500,2.0,1.8,2.0
2025-08-05,2025-08-05 09:59:28.700,MO2508-C-7500,2.0,1.8,2.0
2025-08-05,2025-08-05 09:59:29.200,MO2508-C-7500,2.0,1.8,2.0
2025-08-05,2025-08-05 09:59:30.200,MO2508-C-7500,2.0,1.8,2.0
2025-08-05,2025-08-05 09:59:30.700,MO2508-C-7500,2.0,1.8,2.0
2025-08-05,2025-08-05 09:59:31.700,MO2508-C-7500,2.0,1.8,2.0
2025-08-05,2025-08-05 09:59:43.200,MO2508-C-7500,2.0,1.8,2.0
2025-08-05,2025-08-05 09:59:43.700,MO2508-C-7500,2.0,1.8,2.0
2025-08-05,2025-08-05 09:59:45.200,MO2508-C-7500,2.0,1.8,2.0
2025-08-05,2025-08-05 09:59:46.200,MO2508-C-7500,1.8,1.8,2.0
2025-08-05,2025-08-05 09:59:47.200,MO2508-C-7500,1.8,1.8,2.0
2025-08-05,2025-08-05 09:59:51.700,MO2508-C-7500,1.8,1.6,1.8
2025-08-05,2025-08-05 09:59:52.200,MO2508-C-7500,1.8,1.6,1.8
2025-08-05,2025-08-05 09:59:52.700,MO2508-C-7500,1.8,1.6,1.8
2025-08-05,2025-08-05 09:59:53.200,MO2508-C-7500,1.8,1.6,1.8
2025-08-05,2025-08-05 09:59:55.200,MO2508-C-7500,1.8,1.6,1.8
2025-08-05,2025-08-05 09:59:56.700,MO2508-C-7500,1.8,1.6,1.8
2025-08-05,2025-08-05 09:59:58.200,MO2508-C-7500,1.8,1.6,1.8
2025-08-05,2025-08-05 09:59:58.700,MO2508-C-7500,1.8,1.6,1.8
2025-08-05,2025-08-05 10:00:00.700,MO2508-C-7500,1.8,1.6,1.8
2025-08-05,2025-08-05 10:00:01.200,MO2508-C-7500,1.8,1.6,1.8
2025-08-05,2025-08-05 10:00:06.700,MO2508-C-7500,1.8,1.6,1.8
2025-08-05,2025-08-05 10:00:07.700,MO2508-C-7500,1.8,1.6,1.8
2025-08-05,2025-08-05 10:00:10.700,MO2508-C-7500,1.8,1.6,1.8
2025-08-05,2025-08-05 10:00:11.700,MO2508-C-7500,1.8,1.6,1.8
2025-08-05,2025-08-05 10:00:17.200,MO2508-C-7500,1.8,1.6,1.8
2025-08-05,2025-08-05 10:00:18.200,MO2508-C-7500,1.8,1.6,1.8
2025-08-05,2025-08-05 10:00:19.200,MO2508-C-7500,1.8,1.6,1.8
2025-08-05,2025-08-05 10:00:24.700,MO2508-C-7500,1.8,1.6,1.8
2025-08-05,2025-08-05 10:00:27.700,MO2508-C-7500,1.8,1.6,1.8
2025-08-05,2025-08-05 10:00:28.200,MO2508-C-7500,1.8,1.6,1.8
2025-08-05,2025-08-05 10:00:28.700,MO2508-C-7500,1.8,1.6,1.8
2025-08-05,2025-08-05 10:00:31.200,MO2508-C-7500,1.8,1.6,1.8
2025-08-05,2025-08-05 10:00:32.700,MO2508-C-7500,1.8,1.6,1.8
2025-08-05,2025-08-05 10:00:33.200,MO2508-C-7500,1.8,1.6,1.8
2025-08-05,2025-08-05 10:00:34.700,MO2508-C-7500,1.8,1.6,1.8
2025-08-05,2025-08-05 10:00:36.200,MO2508-C-7500,1.8,1.6,1.8
2025-08-05,2025-08-05 10:00:37.700,MO2508-C-7500,1.8,1.6,1.8
2025-08-05,2025-08-05 10:00:38.200,MO2508-C-7500,1.8,1.6,1.8
2025-08-05,2025-08-05 10:00:38.700,MO2508-C-7500,1.8,1.6,1.8
2025-08-05,2025-08-05 10:00:48.200,MO2508-C-7500,1.8,1.6,1.8
2025-08-05,2025-08-05 10:00:51.700,MO2508-C-7500,1.8,1.6,1.8
2025-08-05,2025-08-05 10:00:54.200,MO2508-C-7500,1.8,1.6,1.8
2025-08-05,2025-08-05 10:00:54.700,MO2508-C-7500,1.8,1.6,1.8
2025-08-05,2025-08-05 10:00:55.200,MO2508-C-7500,1.8,1.6,1.8
2025-08-05,2025-08-05 10:00:55.700,MO2508-C-7500,1.8,1.6,1.8
2025-08-05,2025-08-05 10:00:56.200,MO2508-C-7500,1.8,1.6,1.8
2025-08-05,2025-08-05 10:00:56.700,MO2508-C-7500,1.8,1.6,1.8
2025-08-05,2025-08-05 10:00:57.200,MO2508-C-7500,1.8,1.6,1.8
2025-08-05,2025-08-05 10:01:00.200,MO2508-C-7500,1.8,1.6,1.8
2025-08-05,2025-08-05 10:01:00.700,MO2508-C-7500,1.8,1.6,1.8
2025-08-05,2025-08-05 10:01:01.200,MO2508-C-7500,1.8,1.6,1.8
2025-08-05,2025-08-05 10:01:01.700,MO2508-C-7500,1.8,1.6,1.8
2025-08-05,2025-08-05 10:01:03.200,MO2508-C-7500,1.8,1.6,1.8
2025-08-05,2025-08-05 10:01:04.200,MO2508-C-7500,1.8,1.6,1.8
2025-08-05,2025-08-05 10:01:05.200,MO2508-C-7500,1.8,1.6,1.8
2025-08-05,2025-08-05 10:01:12.200,MO2508-C-7500,1.8,1.6,1.8
2025-08-05,2025-08-05 10:01:16.200,MO2508-C-7500,1.8,1.6,1.8
2025-08-05,2025-08-05 10:01:16.700,MO2508-C-7500,1.8,1.6,1.8
2025-08-05,2025-08-05 10:01:28.200,MO2508-C-7500,1.8,1.6,1.8
2025-08-05,2025-08-05 10:01:28.700,MO2508-C-7500,1.8,1.6,1.8
2025-08-05,2025-08-05 10:01:44.200,MO2508-C-7500,1.8,1.6,1.8
2025-08-05,2025-08-05 10:01:53.200,MO2508-C-7500,1.8,1.6,1.8
2025-08-05,2025-08-05 10:01:53.700,MO2508-C-7500,1.8,1.6,1.8
2025-08-05,2025-08-05 10:01:54.200,MO2508-C-7500,1.8,1.6,1.8
2025-08-05,2025-08-05 10:01:56.200,MO2508-C-7500,1.8,1.6,1.8
2025-08-05,2025-08-05 10:01:56.700,MO2508-C-7500,1.8,1.6,1.8
2025-08-05,2025-08-05 10:01:58.200,MO2508-C-7500,1.8,1.6,1.8
2025-08-05,2025-08-05 10:01:58.700,MO2508-C-7500,1.8,1.6,1.8
2025-08-05,2025-08-05 10:02:08.200,MO2508-C-7500,1.8,1.6,1.8
2025-08-05,2025-08-05 10:02:15.200,MO2508-C-7500,1.8,1.6,1.8
2025-08-05,2025-08-05 10:02:19.200,MO2508-C-7500,1.8,1.6,1.8
2025-08-05,2025-08-05 10:02:22.200,MO2508-C-7500,1.8,1.6,1.8
2025-08-05,2025-08-05 10:02:28.200,MO2508-C-7500,1.8,1.6,1.8
2025-08-05,2025-08-05 10:02:28.700,MO2508-C-7500,1.8,1.6,1.8
2025-08-05,2025-08-05 10:02:49.700,MO2508-C-7500,1.8,1.6,1.8
2025-08-05,2025-08-05 10:02:58.200,MO2508-C-7500,1.8,1.6,1.8
2025-08-05,2025-08-05 10:02:58.700,MO2508-C-7500,1.8,1.6,1.8
2025-08-05,2025-08-05 10:03:28.200,MO2508-C-7500,1.8,1.6,1.8
2025-08-05,2025-08-05 10:03:28.700,MO2508-C-7500,1.8,1.6,1.8
2025-08-05,2025-08-05 10:03:31.200,MO2508-C-7500,1.8,1.6,1.8
2025-08-05,2025-08-05 10:03:38.700,MO2508-C-7500,1.8,1.6,1.8
2025-08-05,2025-08-05 10:03:53.700,MO2508-C-7500,1.8,1.6,1.8
2025-08-05,2025-08-05 10:03:54.200,MO2508-C-7500,1.8,1.6,1.8
2025-08-05,2025-08-05 10:03:54.700,MO2508-C-7500,1.8,1.6,1.8
2025-08-05,2025-08-05 10:03:56.200,MO2508-C-7500,1.8,1.6,1.8
2025-08-05,2025-08-05 10:04:08.700,MO2508-C-7500,1.8,1.6,1.8
2025-08-05,2025-08-05 10:04:11.200,MO2508-C-7500,1.8,1.6,1.8
2025-08-05,2025-08-05 10:04:13.200,MO2508-C-7500,1.8,1.6,1.8
2025-08-05,2025-08-05 10:04:13.700,MO2508-C-7500,1.8,1.6,1.8
2025-08-05,2025-08-05 10:04:14.200,MO2508-C-7500,1.8,1.6,1.8
2025-08-05,2025-08-05 10:04:22.200,MO2508-C-7500,1.8,1.6,1.8
2025-08-05,2025-08-05 10:04:25.200,MO2508-C-7500,1.8,1.6,1.8
2025-08-05,2025-08-05 10:04:28.200,MO2508-C-7500,1.8,1.6,1.8
2025-08-05,2025-08-05 10:04:28.700,MO2508-C-7500,1.8,1.6,1.8
2025-08-05,2025-08-05 10:04:58.200,MO2508-C-7500,1.8,1.6,1.8
2025-08-05,2025-08-05 10:04:58.700,MO2508-C-7500,1.8,1.6,1.8
2025-08-05,2025-08-05 10:05:11.700,MO2508-C-7500,1.8,1.6,1.8
2025-08-05,2025-08-05 10:05:12.700,MO2508-C-7500,1.8,1.6,1.8
2025-08-05,2025-08-05 10:05:28.200,MO2508-C-7500,1.8,1.6,1.8
2025-08-05,2025-08-05 10:05:28.700,MO2508-C-7500,1.8,1.6,1.8
2025-08-05,2025-08-05 10:05:35.700,MO2508-C-7500,1.8,1.6,1.8
2025-08-05,2025-08-05 10:05:36.200,MO2508-C-7500,1.8,1.6,1.8
2025-08-05,2025-08-05 10:05:38.700,MO2508-C-7500,1.8,1.6,1.8
2025-08-05,2025-08-05 10:05:39.200,MO2508-C-7500,1.8,1.6,1.8
2025-08-05,2025-08-05 10:05:39.700,MO2508-C-7500,1.8,1.6,1.8
2025-08-05,2025-08-05 10:05:40.200,MO2508-C-7500,1.8,1.6,1.8
2025-08-05,2025-08-05 10:05:40.700,MO2508-C-7500,1.8,1.6,1.8
2025-08-05,2025-08-05 10:05:41.700,MO2508-C-7500,1.8,1.6,1.8
2025-08-05,2025-08-05 10:05:42.200,MO2508-C-7500,1.8,1.6,1.8
2025-08-05,2025-08-05 10:05:58.200,MO2508-C-7500,1.8,1.6,1.8
2025-08-05,2025-08-05 10:05:58.700,MO2508-C-7500,1.8,1.6,1.8
2025-08-05,2025-08-05 10:05:59.700,MO2508-C-7500,1.8,1.6,1.8
2025-08-05,2025-08-05 10:06:28.200,MO2508-C-7500,1.8,1.6,1.8
2025-08-05,2025-08-05 10:06:28.700,MO2508-C-7500,1.8,1.6,1.8
2025-08-05,2025-08-05 10:06:29.200,MO2508-C-7500,1.8,1.6,1.8
2025-08-05,2025-08-05 10:06:44.200,MO2508-C-7500,1.8,1.6,1.8
2025-08-05,2025-08-05 10:06:44.700,MO2508-C-7500,1.8,1.6,1.8
2025-08-05,2025-08-05 10:06:48.200,MO2508-C-7500,1.8,1.6,1.8
2025-08-05,2025-08-05 10:06:48.700,MO2508-C-7500,1.8,1.6,1.8
2025-08-05,2025-08-05 10:06:49.200,MO2508-C-7500,1.8,1.6,1.8
2025-08-05,2025-08-05 10:06:58.700,MO2508-C-7500,1.8,1.6,1.8
2025-08-05,2025-08-05 10:06:59.200,MO2508-C-7500,1.8,1.6,1.8
2025-08-05,2025-08-05 10:06:59.700,MO2508-C-7500,1.8,1.6,1.8
2025-08-05,2025-08-05 10:07:02.200,MO2508-C-7500,1.8,1.6,1.8
2025-08-05,2025-08-05 10:07:05.200,MO2508-C-7500,1.8,1.6,1.8
2025-08-05,2025-08-05 10:07:05.700,MO2508-C-7500,1.8,1.6,1.8
2025-08-05,2025-08-05 10:07:06.200,MO2508-C-7500,1.8,1.6,1.8
2025-08-05,2025-08-05 10:07:06.700,MO2508-C-7500,1.8,1.6,1.8
2025-08-05,2025-08-05 10:07:07.200,MO2508-C-7500,1.8,1.6,1.8
2025-08-05,2025-08-05 10:07:07.700,MO2508-C-7500,1.8,1.6,1.8
2025-08-05,2025-08-05 10:07:10.200,MO2508-C-7500,1.8,1.6,1.8
2025-08-05,2025-08-05 10:07:10.700,MO2508-C-7500,1.8,1.6,1.8
2025-08-05,2025-08-05 10:07:11.200,MO2508-C-7500,1.8,1.6,1.8
2025-08-05,2025-08-05 10:07:12.200,MO2508-C-7500,1.8,1.6,1.8
2025-08-05,2025-08-05 10:07:13.200,MO2508-C-7500,1.8,1.6,1.8
2025-08-05,2025-08-05 10:07:17.700,MO2508-C-7500,1.8,1.6,1.8
2025-08-05,2025-08-05 10:07:26.700,MO2508-C-7500,1.8,1.6,1.8
2025-08-05,2025-08-05 10:07:28.200,MO2508-C-7500,1.8,1.6,1.8
2025-08-05,2025-08-05 10:07:28.700,MO2508-C-7500,1.8,1.6,1.8
2025-08-05,2025-08-05 10:07:58.200,MO2508-C-7500,1.8,1.6,1.8
2025-08-05,2025-08-05 10:07:58.700,MO2508-C-7500,1.8,1.6,1.8
2025-08-05,2025-08-05 10:08:00.700,MO2508-C-7500,1.8,1.6,1.8
2025-08-05,2025-08-05 10:08:08.200,MO2508-C-7500,1.8,1.6,1.8
2025-08-05,2025-08-05 10:08:28.200,MO2508-C-7500,1.8,1.6,1.8
2025-08-05,2025-08-05 10:08:28.700,MO2508-C-7500,1.8,1.6,1.8
2025-08-05,2025-08-05 10:08:43.700,MO2508-C-7500,1.8,1.6,1.8
2025-08-05,2025-08-05 10:08:44.200,MO2508-C-7500,1.8,1.6,1.8
2025-08-05,2025-08-05 10:08:51.700,MO2508-C-7500,1.8,1.6,1.8
2025-08-05,2025-08-05 10:08:52.700,MO2508-C-7500,1.8,1.6,1.8
2025-08-05,2025-08-05 10:08:58.200,MO2508-C-7500,1.8,1.6,1.8
2025-08-05,2025-08-05 10:08:58.700,MO2508-C-7500,1.8,1.6,1.8
2025-08-05,2025-08-05 10:09:10.200,MO2508-C-7500,1.8,1.6,1.8
2025-08-05,2025-08-05 10:09:10.700,MO2508-C-7500,1.8,1.6,1.8
2025-08-05,2025-08-05 10:09:11.200,MO2508-C-7500,1.8,1.6,1.8
2025-08-05,2025-08-05 10:09:28.700,MO2508-C-7500,1.8,1.6,1.8
2025-08-05,2025-08-05 10:09:29.200,MO2508-C-7500,1.8,1.6,1.8
2025-08-05,2025-08-05 10:09:57.700,MO2508-C-7500,1.8,1.6,1.8
2025-08-05,2025-08-05 10:09:58.700,MO2508-C-7500,1.8,1.6,1.8
2025-08-05,2025-08-05 10:09:59.200,MO2508-C-7500,1.8,1.6,1.8
2025-08-05,2025-08-05 10:10:03.200,MO2508-C-7500,1.8,1.6,1.8
2025-08-05,2025-08-05 10:10:03.700,MO2508-C-7500,1.8,1.6,1.8
2025-08-05,2025-08-05 10:10:04.200,MO2508-C-7500,1.8,1.6,2.0
2025-08-05,2025-08-05 10:10:04.700,MO2508-C-7500,1.8,1.6,2.0
2025-08-05,2025-08-05 10:10:08.200,MO2508-C-7500,1.8,1.6,2.0
2025-08-05,2025-08-05 10:10:28.200,MO2508-C-7500,1.8,1.6,2.0
2025-08-05,2025-08-05 10:10:28.700,MO2508-C-7500,1.8,1.6,2.0
2025-08-05,2025-08-05 10:10:46.200,MO2508-C-7500,1.8,1.6,2.0
2025-08-05,2025-08-05 10:10:47.200,MO2508-C-7500,1.8,1.6,2.0
2025-08-05,2025-08-05 10:10:47.700,MO2508-C-7500,1.8,1.6,2.0
2025-08-05,2025-08-05 10:10:52.700,MO2508-C-7500,1.8,1.6,2.0
2025-08-05,2025-08-05 10:10:56.200,MO2508-C-7500,1.8,1.6,2.0
2025-08-05,2025-08-05 10:10:58.200,MO2508-C-7500,1.8,1.6,2.0
2025-08-05,2025-08-05 10:10:58.700,MO2508-C-7500,1.8,1.6,2.0
2025-08-05,2025-08-05 10:11:00.200,MO2508-C-7500,1.8,1.6,2.0
2025-08-05,2025-08-05 10:11:00.700,MO2508-C-7500,1.8,1.6,2.0
2025-08-05,2025-08-05 10:11:02.200,MO2508-C-7500,1.8,1.6,2.0
2025-08-05,2025-08-05 10:11:14.700,MO2508-C-7500,1.8,1.6,2.0
2025-08-05,2025-08-05 10:11:16.700,MO2508-C-7500,1.8,1.6,2.0
2025-08-05,2025-08-05 10:11:20.200,MO2508-C-7500,1.8,1.6,2.0
2025-08-05,2025-08-05 10:11:22.700,MO2508-C-7500,1.8,1.6,2.0
2025-08-05,2025-08-05 10:11:25.700,MO2508-C-7500,1.8,1.6,2.0
2025-08-05,2025-08-05 10:11:26.200,MO2508-C-7500,1.8,1.6,2.0
2025-08-05,2025-08-05 10:11:28.200,MO2508-C-7500,1.8,1.6,2.0
2025-08-05,2025-08-05 10:11:28.700,MO2508-C-7500,1.8,1.6,2.0
2025-08-05,2025-08-05 10:11:29.700,MO2508-C-7500,1.8,1.6,2.0
2025-08-05,2025-08-05 10:11:30.200,MO2508-C-7500,1.8,1.6,1.8
2025-08-05,2025-08-05 10:11:30.700,MO2508-C-7500,1.8,1.6,2.0
2025-08-05,2025-08-05 10:11:33.200,MO2508-C-7500,1.8,1.6,2.0
2025-08-05,2025-08-05 10:11:33.700,MO2508-C-7500,1.8,1.6,2.0
2025-08-05,2025-08-05 10:11:38.700,MO2508-C-7500,1.8,1.6,2.0
2025-08-05,2025-08-05 10:11:39.200,MO2508-C-7500,1.8,1.6,2.0
2025-08-05,2025-08-05 10:11:39.700,MO2508-C-7500,1.8,1.6,2.0
2025-08-05,2025-08-05 10:11:49.700,MO2508-C-7500,1.8,1.6,2.0
2025-08-05,2025-08-05 10:11:50.200,MO2508-C-7500,1.8,1.6,2.0
2025-08-05,2025-08-05 10:11:50.700,MO2508-C-7500,1.8,1.6,2.0
2025-08-05,2025-08-05 10:11:51.200,MO2508-C-7500,1.8,1.6,2.0
2025-08-05,2025-08-05 10:11:56.700,MO2508-C-7500,1.8,1.6,2.0
2025-08-05,2025-08-05 10:11:57.200,MO2508-C-7500,1.8,1.6,2.0
2025-08-05,2025-08-05 10:11:58.700,MO2508-C-7500,1.8,1.6,2.0
2025-08-05,2025-08-05 10:11:59.200,MO2508-C-7500,1.8,1.6,2.0
2025-08-05,2025-08-05 10:12:00.700,MO2508-C-7500,1.8,1.6,2.0
2025-08-05,2025-08-05 10:12:01.200,MO2508-C-7500,1.8,1.6,2.0
2025-08-05,2025-08-05 10:12:06.200,MO2508-C-7500,1.8,1.6,2.0
2025-08-05,2025-08-05 10:12:07.700,MO2508-C-7500,1.8,1.6,2.0
2025-08-05,2025-08-05 10:12:10.200,MO2508-C-7500,1.8,1.6,2.0
2025-08-05,2025-08-05 10:12:11.200,MO2508-C-7500,1.8,1.6,2.0
2025-08-05,2025-08-05 10:12:11.700,MO2508-C-7500,1.8,1.6,2.0
2025-08-05,2025-08-05 10:12:12.200,MO2508-C-7500,1.8,1.6,2.0
2025-08-05,2025-08-05 10:12:12.700,MO2508-C-7500,1.8,1.6,2.0
2025-08-05,2025-08-05 10:12:13.200,MO2508-C-7500,1.8,1.6,2.0
2025-08-05,2025-08-05 10:12:13.700,MO2508-C-7500,1.8,1.6,2.0
2025-08-05,2025-08-05 10:12:14.200,MO2508-C-7500,1.8,1.6,2.0
2025-08-05,2025-08-05 10:12:14.700,MO2508-C-7500,1.8,1.6,2.0
2025-08-05,2025-08-05 10:12:15.200,MO2508-C-7500,1.8,1.6,2.0
2025-08-05,2025-08-05 10:12:15.700,MO2508-C-7500,1.8,1.6,2.0
2025-08-05,2025-08-05 10:12:18.700,MO2508-C-7500,1.8,1.6,2.0
2025-08-05,2025-08-05 10:12:19.200,MO2508-C-7500,1.8,1.6,2.0
2025-08-05,2025-08-05 10:12:28.700,MO2508-C-7500,1.8,1.6,2.0
2025-08-05,2025-08-05 10:12:29.200,MO2508-C-7500,1.8,1.6,2.0
2025-08-05,2025-08-05 10:12:42.700,MO2508-C-7500,1.8,1.6,1.8
2025-08-05,2025-08-05 10:12:43.200,MO2508-C-7500,1.8,1.6,2.0
2025-08-05,2025-08-05 10:12:43.700,MO2508-C-7500,1.8,1.6,2.0
2025-08-05,2025-08-05 10:12:45.200,MO2508-C-7500,1.8,1.6,2.0
2025-08-05,2025-08-05 10:12:52.700,MO2508-C-7500,1.8,1.6,2.0
2025-08-05,2025-08-05 10:12:54.200,MO2508-C-7500,1.8,1.6,2.0
2025-08-05,2025-08-05 10:12:54.700,MO2508-C-7500,1.8,1.6,2.0
2025-08-05,2025-08-05 10:12:57.200,MO2508-C-7500,1.8,1.6,2.0
2025-08-05,2025-08-05 10:12:57.700,MO2508-C-7500,1.8,1.6,2.0
2025-08-05,2025-08-05 10:12:58.700,MO2508-C-7500,1.8,1.6,2.0
2025-08-05,2025-08-05 10:12:59.200,MO2508-C-7500,1.8,1.6,2.0
2025-08-05,2025-08-05 10:13:07.200,MO2508-C-7500,1.8,1.6,2.0
2025-08-05,2025-08-05 10:13:07.700,MO2508-C-7500,1.8,1.6,2.0
2025-08-05,2025-08-05 10:13:08.200,MO2508-C-7500,1.8,1.6,2.0
2025-08-05,2025-08-05 10:13:09.700,MO2508-C-7500,1.8,1.6,2.0
2025-08-05,2025-08-05 10:13:10.200,MO2508-C-7500,1.8,1.6,2.0
2025-08-05,2025-08-05 10:13:10.700,MO2508-C-7500,1.8,1.6,2.0
2025-08-05,2025-08-05 10:13:27.200,MO2508-C-7500,1.8,1.6,1.8
2025-08-05,2025-08-05 10:13:27.700,MO2508-C-7500,1.8,1.6,2.0
2025-08-05,2025-08-05 10:13:28.200,MO2508-C-7500,1.6,1.6,1.8
2025-08-05,2025-08-05 10:13:28.700,MO2508-C-7500,1.8,1.6,2.0
2025-08-05,2025-08-05 10:13:29.200,MO2508-C-7500,1.8,1.6,2.0
2025-08-05,2025-08-05 10:13:49.700,MO2508-C-7500,1.8,1.6,2.0
2025-08-05,2025-08-05 10:13:50.200,MO2508-C-7500,1.8,1.6,2.0
2025-08-05,2025-08-05 10:13:50.700,MO2508-C-7500,1.8,1.6,2.0
2025-08-05,2025-08-05 10:13:54.700,MO2508-C-7500,1.8,1.6,2.0
2025-08-05,2025-08-05 10:13:55.200,MO2508-C-7500,1.8,1.6,2.0
2025-08-05,2025-08-05 10:13:58.200,MO2508-C-7500,1.8,1.6,2.0
2025-08-05,2025-08-05 10:13:58.700,MO2508-C-7500,1.8,1.6,2.0
2025-08-05,2025-08-05 10:14:03.700,MO2508-C-7500,1.8,1.6,2.0
2025-08-05,2025-08-05 10:14:16.700,MO2508-C-7500,1.8,1.6,2.0
2025-08-05,2025-08-05 10:14:17.200,MO2508-C-7500,1.8,1.6,2.0
2025-08-05,2025-08-05 10:14:22.200,MO2508-C-7500,1.8,1.6,2.0
2025-08-05,2025-08-05 10:14:24.200,MO2508-C-7500,1.8,1.6,2.0
2025-08-05,2025-08-05 10:14:24.700,MO2508-C-7500,1.8,1.6,2.0
2025-08-05,2025-08-05 10:14:25.200,MO2508-C-7500,1.8,1.6,2.0
2025-08-05,2025-08-05 10:14:27.700,MO2508-C-7500,1.8,1.6,2.0
2025-08-05,2025-08-05 10:14:28.200,MO2508-C-7500,1.8,1.6,2.0
2025-08-05,2025-08-05 10:14:28.700,MO2508-C-7500,1.8,1.6,2.0
2025-08-05,2025-08-05 10:14:29.200,MO2508-C-7500,1.8,1.6,2.0
2025-08-05,2025-08-05 10:14:30.200,MO2508-C-7500,1.8,1.6,2.0
2025-08-05,2025-08-05 10:14:30.700,MO2508-C-7500,1.8,1.6,2.0
2025-08-05,2025-08-05 10:14:56.200,MO2508-C-7500,1.8,1.6,2.0
2025-08-05,2025-08-05 10:14:56.700,MO2508-C-7500,1.8,1.6,2.0
2025-08-05,2025-08-05 10:14:58.700,MO2508-C-7500,1.8,1.6,2.0
2025-08-05,2025-08-05 10:14:59.200,MO2508-C-7500,1.8,1.6,2.0
2025-08-05,2025-08-05 10:15:01.200,MO2508-C-7500,1.8,1.6,2.0
2025-08-05,2025-08-05 10:15:28.700,MO2508-C-7500,1.8,1.6,2.0
2025-08-05,2025-08-05 10:15:29.200,MO2508-C-7500,1.8,1.6,2.0
2025-08-05,2025-08-05 10:15:38.200,MO2508-C-7500,1.8,1.8,2.0
2025-08-05,2025-08-05 10:15:38.700,MO2508-C-7500,1.8,1.8,2.0
2025-08-05,2025-08-05 10:15:44.200,MO2508-C-7500,1.8,1.8,2.0
2025-08-05,2025-08-05 10:15:50.700,MO2508-C-7500,1.8,1.8,2.0
2025-08-05,2025-08-05 10:15:55.700,MO2508-C-7500,1.8,1.8,2.0
2025-08-05,2025-08-05 10:15:56.200,MO2508-C-7500,1.8,1.8,2.0
2025-08-05,2025-08-05 10:15:58.200,MO2508-C-7500,1.8,1.8,2.0
2025-08-05,2025-08-05 10:15:58.700,MO2508-C-7500,1.8,1.8,2.0
2025-08-05,2025-08-05 10:15:59.200,MO2508-C-7500,1.8,1.8,2.0
2025-08-05,2025-08-05 10:15:59.700,MO2508-C-7500,1.8,1.8,2.0
2025-08-05,2025-08-05 10:16:00.200,MO2508-C-7500,1.8,1.8,2.0
2025-08-05,2025-08-05 10:16:28.200,MO2508-C-7500,1.8,1.8,2.0
2025-08-05,2025-08-05 10:16:28.700,MO2508-C-7500,1.8,1.8,2.0
2025-08-05,2025-08-05 10:16:29.200,MO2508-C-7500,1.8,1.8,2.0
2025-08-05,2025-08-05 10:16:37.200,MO2508-C-7500,1.8,1.8,2.0
2025-08-05,2025-08-05 10:16:37.700,MO2508-C-7500,1.8,1.8,2.0
2025-08-05,2025-08-05 10:16:43.200,MO2508-C-7500,1.8,1.8,2.0
2025-08-05,2025-08-05 10:16:58.700,MO2508-C-7500,1.8,1.8,2.0
2025-08-05,2025-08-05 10:16:59.200,MO2508-C-7500,1.8,1.8,2.0
2025-08-05,2025-08-05 10:17:20.700,MO2508-C-7500,1.8,1.8,2.0
2025-08-05,2025-08-05 10:17:21.200,MO2508-C-7500,1.8,1.8,2.0
2025-08-05,2025-08-05 10:17:23.200,MO2508-C-7500,1.8,1.8,2.0
2025-08-05,2025-08-05 10:17:26.700,MO2508-C-7500,1.8,1.8,2.0
2025-08-05,2025-08-05 10:17:27.200,MO2508-C-7500,1.8,1.8,2.0
2025-08-05,2025-08-05 10:17:27.700,MO2508-C-7500,1.8,1.8,2.0
2025-08-05,2025-08-05 10:17:28.200,MO2508-C-7500,1.8,1.8,2.0
2025-08-05,2025-08-05 10:17:28.700,MO2508-C-7500,1.8,1.8,2.0
2025-08-05,2025-08-05 10:17:29.200,MO2508-C-7500,1.8,1.8,2.0
2025-08-05,2025-08-05 10:17:29.700,MO2508-C-7500,1.8,1.8,2.0
2025-08-05,2025-08-05 10:17:35.200,MO2508-C-7500,1.8,1.8,2.0
2025-08-05,2025-08-05 10:17:35.700,MO2508-C-7500,1.8,1.8,2.0
2025-08-05,2025-08-05 10:17:36.200,MO2508-C-7500,1.8,1.8,2.0
2025-08-05,2025-08-05 10:17:37.200,MO2508-C-7500,1.8,1.8,2.0
2025-08-05,2025-08-05 10:17:37.700,MO2508-C-7500,1.8,1.8,2.0
2025-08-05,2025-08-05 10:17:42.700,MO2508-C-7500,1.8,1.8,2.0
2025-08-05,2025-08-05 10:17:56.200,MO2508-C-7500,1.8,1.8,2.0
2025-08-05,2025-08-05 10:17:56.700,MO2508-C-7500,1.8,1.8,2.0
2025-08-05,2025-08-05 10:17:58.700,MO2508-C-7500,1.8,1.8,2.0
2025-08-05,2025-08-05 10:17:59.200,MO2508-C-7500,1.8,1.8,2.0
2025-08-05,2025-08-05 10:18:02.200,MO2508-C-7500,1.8,1.8,2.0
2025-08-05,2025-08-05 10:18:28.700,MO2508-C-7500,1.8,1.8,2.0
2025-08-05,2025-08-05 10:18:29.200,MO2508-C-7500,1.8,1.8,2.0
2025-08-05,2025-08-05 10:18:30.700,MO2508-C-7500,1.8,1.8,2.0
2025-08-05,2025-08-05 10:18:41.200,MO2508-C-7500,1.8,1.8,2.0
2025-08-05,2025-08-05 10:18:41.700,MO2508-C-7500,1.8,1.8,2.0
2025-08-05,2025-08-05 10:18:50.700,MO2508-C-7500,1.8,1.8,2.0
2025-08-05,2025-08-05 10:18:51.700,MO2508-C-7500,1.8,1.8,2.0
2025-08-05,2025-08-05 10:18:58.700,MO2508-C-7500,1.8,1.8,2.0
2025-08-05,2025-08-05 10:18:59.200,MO2508-C-7500,1.8,1.8,2.0
2025-08-05,2025-08-05 10:19:02.700,MO2508-C-7500,1.8,1.8,2.0
2025-08-05,2025-08-05 10:19:03.200,MO2508-C-7500,1.8,1.8,2.0
2025-08-05,2025-08-05 10:19:05.200,MO2508-C-7500,1.8,1.6,2.0
2025-08-05,2025-08-05 10:19:05.700,MO2508-C-7500,1.8,1.6,2.0
2025-08-05,2025-08-05 10:19:06.200,MO2508-C-7500,1.8,1.6,2.0
2025-08-05,2025-08-05 10:19:13.700,MO2508-C-7500,1.8,1.6,2.0
2025-08-05,2025-08-05 10:19:14.200,MO2508-C-7500,1.8,1.6,2.0
2025-08-05,2025-08-05 10:19:16.200,MO2508-C-7500,1.8,1.6,2.0
2025-08-05,2025-08-05 10:19:16.700,MO2508-C-7500,1.8,1.6,2.0
2025-08-05,2025-08-05 10:19:17.200,MO2508-C-7500,1.8,1.6,2.0
2025-08-05,2025-08-05 10:19:22.200,MO2508-C-7500,1.8,1.6,2.0
2025-08-05,2025-08-05 10:19:23.200,MO2508-C-7500,1.8,1.6,2.0
2025-08-05,2025-08-05 10:19:28.700,MO2508-C-7500,1.8,1.6,2.0
2025-08-05,2025-08-05 10:19:29.200,MO2508-C-7500,1.8,1.6,2.0
2025-08-05,2025-08-05 10:19:31.200,MO2508-C-7500,1.8,1.6,2.0
2025-08-05,2025-08-05 10:19:31.700,MO2508-C-7500,1.8,1.6,2.0
2025-08-05,2025-08-05 10:19:32.200,MO2508-C-7500,1.8,1.6,2.0
2025-08-05,2025-08-05 10:19:44.200,MO2508-C-7500,1.8,1.6,2.0
2025-08-05,2025-08-05 10:19:44.700,MO2508-C-7500,1.8,1.6,2.0
2025-08-05,2025-08-05 10:19:45.200,MO2508-C-7500,1.8,1.6,2.0
2025-08-05,2025-08-05 10:19:46.700,MO2508-C-7500,1.8,1.6,2.0
2025-08-05,2025-08-05 10:19:50.200,MO2508-C-7500,1.8,1.6,2.0
2025-08-05,2025-08-05 10:19:54.200,MO2508-C-7500,1.8,1.6,2.0
2025-08-05,2025-08-05 10:19:55.200,MO2508-C-7500,1.8,1.6,2.0
2025-08-05,2025-08-05 10:19:58.700,MO2508-C-7500,1.8,1.6,2.0
2025-08-05,2025-08-05 10:19:59.200,MO2508-C-7500,1.8,1.6,2.0
2025-08-05,2025-08-05 10:20:03.200,MO2508-C-7500,1.8,1.6,2.0
2025-08-05,2025-08-05 10:20:03.700,MO2508-C-7500,1.8,1.6,2.0
2025-08-05,2025-08-05 10:20:04.700,MO2508-C-7500,1.8,1.6,2.0
2025-08-05,2025-08-05 10:20:08.700,MO2508-C-7500,1.8,1.6,2.0
2025-08-05,2025-08-05 10:20:09.200,MO2508-C-7500,1.8,1.6,2.0
2025-08-05,2025-08-05 10:20:09.700,MO2508-C-7500,1.8,1.6,2.0
2025-08-05,2025-08-05 10:20:10.200,MO2508-C-7500,1.8,1.6,2.0
2025-08-05,2025-08-05 10:20:11.200,MO2508-C-7500,1.8,1.6,2.0
2025-08-05,2025-08-05 10:20:11.700,MO2508-C-7500,1.8,1.6,2.0
2025-08-05,2025-08-05 10:20:12.700,MO2508-C-7500,1.8,1.6,2.0
2025-08-05,2025-08-05 10:20:15.200,MO2508-C-7500,1.8,1.6,2.0
2025-08-05,2025-08-05 10:20:20.700,MO2508-C-7500,1.8,1.6,2.0
2025-08-05,2025-08-05 10:20:23.200,MO2508-C-7500,1.8,1.6,2.0
2025-08-05,2025-08-05 10:20:28.700,MO2508-C-7500,1.8,1.6,2.0
2025-08-05,2025-08-05 10:20:29.200,MO2508-C-7500,1.8,1.6,2.0
2025-08-05,2025-08-05 10:20:30.700,MO2508-C-7500,1.8,1.6,2.0
2025-08-05,2025-08-05 10:20:47.200,MO2508-C-7500,1.8,1.6,2.0
2025-08-05,2025-08-05 10:20:47.700,MO2508-C-7500,1.8,1.6,2.0
2025-08-05,2025-08-05 10:20:54.700,MO2508-C-7500,1.8,1.6,2.0
2025-08-05,2025-08-05 10:20:58.700,MO2508-C-7500,1.8,1.6,2.0
2025-08-05,2025-08-05 10:20:59.200,MO2508-C-7500,1.8,1.6,2.0
2025-08-05,2025-08-05 10:21:08.200,MO2508-C-7500,1.8,1.6,2.0
2025-08-05,2025-08-05 10:21:08.700,MO2508-C-7500,1.8,1.6,2.0
2025-08-05,2025-08-05 10:21:28.700,MO2508-C-7500,1.8,1.6,2.0
2025-08-05,2025-08-05 10:21:29.200,MO2508-C-7500,1.8,1.6,2.0
2025-08-05,2025-08-05 10:21:31.700,MO2508-C-7500,1.8,1.6,2.0
2025-08-05,2025-08-05 10:21:32.200,MO2508-C-7500,1.8,1.6,2.0
2025-08-05,2025-08-05 10:21:32.700,MO2508-C-7500,1.8,1.6,2.0
2025-08-05,2025-08-05 10:21:39.200,MO2508-C-7500,1.8,1.6,2.0
2025-08-05,2025-08-05 10:21:58.700,MO2508-C-7500,1.8,1.6,2.0
2025-08-05,2025-08-05 10:21:59.200,MO2508-C-7500,1.8,1.6,2.0
2025-08-05,2025-08-05 10:22:01.200,MO2508-C-7500,1.8,1.6,2.0
2025-08-05,2025-08-05 10:22:02.200,MO2508-C-7500,1.8,1.6,2.0
2025-08-05,2025-08-05 10:22:04.200,MO2508-C-7500,1.8,1.6,2.0
2025-08-05,2025-08-05 10:22:07.200,MO2508-C-7500,1.8,1.6,2.0
2025-08-05,2025-08-05 10:22:08.200,MO2508-C-7500,1.8,1.6,2.0
2025-08-05,2025-08-05 10:22:09.200,MO2508-C-7500,1.8,1.6,2.0
2025-08-05,2025-08-05 10:22:10.700,MO2508-C-7500,1.8,1.6,2.0
2025-08-05,2025-08-05 10:22:28.700,MO2508-C-7500,1.8,1.6,2.0
2025-08-05,2025-08-05 10:22:29.200,MO2508-C-7500,1.8,1.6,2.0
2025-08-05,2025-08-05 10:22:58.700,MO2508-C-7500,1.8,1.6,2.0
2025-08-05,2025-08-05 10:22:59.200,MO2508-C-7500,1.8,1.6,2.0
2025-08-05,2025-08-05 10:23:10.200,MO2508-C-7500,1.8,1.6,2.0
2025-08-05,2025-08-05 10:23:11.700,MO2508-C-7500,1.8,1.6,2.0
2025-08-05,2025-08-05 10:23:12.700,MO2508-C-7500,1.8,1.6,2.0
2025-08-05,2025-08-05 10:23:24.200,MO2508-C-7500,1.8,1.6,2.0
2025-08-05,2025-08-05 10:23:25.700,MO2508-C-7500,1.8,1.6,2.0
2025-08-05,2025-08-05 10:23:26.700,MO2508-C-7500,1.8,1.6,2.0
2025-08-05,2025-08-05 10:23:28.700,MO2508-C-7500,1.8,1.6,2.0
2025-08-05,2025-08-05 10:23:29.200,MO2508-C-7500,1.8,1.6,2.0
2025-08-05,2025-08-05 10:23:40.700,MO2508-C-7500,1.8,1.6,2.0
2025-08-05,2025-08-05 10:23:41.200,MO2508-C-7500,1.8,1.6,2.0
2025-08-05,2025-08-05 10:23:42.200,MO2508-C-7500,1.8,1.6,2.0
2025-08-05,2025-08-05 10:23:55.200,MO2508-C-7500,1.8,1.6,1.8
2025-08-05,2025-08-05 10:23:55.700,MO2508-C-7500,1.8,1.6,1.8
2025-08-05,2025-08-05 10:23:56.200,MO2508-C-7500,1.8,1.6,1.8
2025-08-05,2025-08-05 10:23:58.700,MO2508-C-7500,1.8,1.6,1.8
2025-08-05,2025-08-05 10:23:59.200,MO2508-C-7500,1.8,1.6,1.8
2025-08-05,2025-08-05 10:23:59.700,MO2508-C-7500,1.8,1.6,1.8
2025-08-05,2025-08-05 10:24:00.700,MO2508-C-7500,1.8,1.6,1.8
2025-08-05,2025-08-05 10:24:01.700,MO2508-C-7500,1.8,1.6,1.8
2025-08-05,2025-08-05 10:24:02.200,MO2508-C-7500,1.8,1.6,1.8
2025-08-05,2025-08-05 10:24:04.200,MO2508-C-7500,1.8,1.6,1.8
2025-08-05,2025-08-05 10:24:09.200,MO2508-C-7500,1.8,1.6,1.8
2025-08-05,2025-08-05 10:24:10.200,MO2508-C-7500,1.8,1.6,1.8
2025-08-05,2025-08-05 10:24:25.200,MO2508-C-7500,1.8,1.6,1.8
2025-08-05,2025-08-05 10:24:28.700,MO2508-C-7500,1.8,1.6,1.8
2025-08-05,2025-08-05 10:24:29.200,MO2508-C-7500,1.8,1.6,1.8
2025-08-05,2025-08-05 10:24:41.700,MO2508-C-7500,1.8,1.6,1.8
2025-08-05,2025-08-05 10:24:58.700,MO2508-C-7500,1.8,1.6,1.8
2025-08-05,2025-08-05 10:24:59.200,MO2508-C-7500,1.8,1.6,1.8
2025-08-05,2025-08-05 10:25:01.700,MO2508-C-7500,1.8,1.6,1.8
2025-08-05,2025-08-05 10:25:02.700,MO2508-C-7500,1.8,1.6,1.8
2025-08-05,2025-08-05 10:25:03.700,MO2508-C-7500,1.8,1.6,1.8
2025-08-05,2025-08-05 10:25:05.700,MO2508-C-7500,1.8,1.8,2.0
2025-08-05,2025-08-05 10:25:06.200,MO2508-C-7500,1.8,1.8,2.0
2025-08-05,2025-08-05 10:25:06.700,MO2508-C-7500,1.8,1.8,2.0
2025-08-05,2025-08-05 10:25:17.700,MO2508-C-7500,1.8,1.8,2.0
2025-08-05,2025-08-05 10:25:18.200,MO2508-C-7500,1.8,1.8,2.0
2025-08-05,2025-08-05 10:25:18.700,MO2508-C-7500,1.8,1.8,2.0
2025-08-05,2025-08-05 10:25:22.200,MO2508-C-7500,1.8,1.8,2.0
2025-08-05,2025-08-05 10:25:22.700,MO2508-C-7500,1.8,1.8,2.0
2025-08-05,2025-08-05 10:25:23.200,MO2508-C-7500,1.8,1.8,2.0
2025-08-05,2025-08-05 10:25:23.700,MO2508-C-7500,1.8,1.8,2.0
2025-08-05,2025-08-05 10:25:24.200,MO2508-C-7500,1.8,1.8,2.0
2025-08-05,2025-08-05 10:25:28.700,MO2508-C-7500,1.8,1.8,2.0
2025-08-05,2025-08-05 10:25:29.200,MO2508-C-7500,1.8,1.8,2.0
2025-08-05,2025-08-05 10:25:58.700,MO2508-C-7500,1.8,1.8,2.0
2025-08-05,2025-08-05 10:25:59.200,MO2508-C-7500,1.8,1.8,2.0
2025-08-05,2025-08-05 10:26:05.200,MO2508-C-7500,1.8,1.8,2.0
2025-08-05,2025-08-05 10:26:08.200,MO2508-C-7500,1.8,1.8,2.0
2025-08-05,2025-08-05 10:26:14.700,MO2508-C-7500,1.8,1.8,2.0
2025-08-05,2025-08-05 10:26:15.200,MO2508-C-7500,1.8,1.8,2.0
2025-08-05,2025-08-05 10:26:17.200,MO2508-C-7500,1.8,1.6,1.8
2025-08-05,2025-08-05 10:26:17.700,MO2508-C-7500,1.8,1.6,1.8
2025-08-05,2025-08-05 10:26:18.200,MO2508-C-7500,1.8,1.6,1.8
2025-08-05,2025-08-05 10:26:23.700,MO2508-C-7500,1.8,1.6,1.8
2025-08-05,2025-08-05 10:26:28.700,MO2508-C-7500,1.8,1.6,1.8
2025-08-05,2025-08-05 10:26:29.200,MO2508-C-7500,1.8,1.6,1.8
2025-08-05,2025-08-05 10:26:29.700,MO2508-C-7500,1.8,1.6,1.8
2025-08-05,2025-08-05 10:26:30.200,MO2508-C-7500,1.8,1.6,1.8
2025-08-05,2025-08-05 10:26:30.700,MO2508-C-7500,1.8,1.6,1.8
2025-08-05,2025-08-05 10:26:31.200,MO2508-C-7500,1.8,1.6,1.8
2025-08-05,2025-08-05 10:26:54.200,MO2508-C-7500,1.8,1.6,2.0
2025-08-05,2025-08-05 10:26:54.700,MO2508-C-7500,1.8,1.6,2.0
2025-08-05,2025-08-05 10:26:58.700,MO2508-C-7500,1.8,1.6,2.0
2025-08-05,2025-08-05 10:26:59.200,MO2508-C-7500,1.8,1.6,2.0
2025-08-05,2025-08-05 10:27:18.200,MO2508-C-7500,1.8,1.6,2.0
2025-08-05,2025-08-05 10:27:18.700,MO2508-C-7500,1.8,1.6,2.0
2025-08-05,2025-08-05 10:27:28.700,MO2508-C-7500,1.8,1.6,2.0
2025-08-05,2025-08-05 10:27:29.200,MO2508-C-7500,1.8,1.6,2.0
2025-08-05,2025-08-05 10:27:30.200,MO2508-C-7500,1.8,1.6,2.0
2025-08-05,2025-08-05 10:27:32.200,MO2508-C-7500,1.8,1.6,2.0
2025-08-05,2025-08-05 10:27:32.700,MO2508-C-7500,1.8,1.6,2.0
2025-08-05,2025-08-05 10:27:33.200,MO2508-C-7500,1.8,1.6,2.0
2025-08-05,2025-08-05 10:27:34.700,MO2508-C-7500,1.8,1.6,2.0
2025-08-05,2025-08-05 10:27:44.700,MO2508-C-7500,1.8,1.6,2.0
2025-08-05,2025-08-05 10:27:45.200,MO2508-C-7500,1.8,1.6,2.0
2025-08-05,2025-08-05 10:27:48.200,MO2508-C-7500,1.8,1.6,2.0
2025-08-05,2025-08-05 10:27:48.700,MO2508-C-7500,1.8,1.6,2.0
2025-08-05,2025-08-05 10:27:54.200,MO2508-C-7500,1.8,1.6,2.0
2025-08-05,2025-08-05 10:27:54.700,MO2508-C-7500,1.8,1.6,2.0
2025-08-05,2025-08-05 10:27:57.200,MO2508-C-7500,1.8,1.6,2.0
2025-08-05,2025-08-05 10:27:58.700,MO2508-C-7500,1.8,1.6,2.0
2025-08-05,2025-08-05 10:27:59.200,MO2508-C-7500,1.8,1.6,2.0
2025-08-05,2025-08-05 10:28:05.700,MO2508-C-7500,1.8,1.6,2.0
2025-08-05,2025-08-05 10:28:06.200,MO2508-C-7500,1.8,1.6,2.0
2025-08-05,2025-08-05 10:28:07.200,MO2508-C-7500,1.8,1.6,2.0
2025-08-05,2025-08-05 10:28:11.700,MO2508-C-7500,1.8,1.6,2.0
2025-08-05,2025-08-05 10:28:12.200,MO2508-C-7500,1.8,1.6,2.0
2025-08-05,2025-08-05 10:28:18.200,MO2508-C-7500,1.8,1.8,2.0
2025-08-05,2025-08-05 10:28:18.700,MO2508-C-7500,1.8,1.8,2.0
2025-08-05,2025-08-05 10:28:21.700,MO2508-C-7500,1.8,1.8,2.0
2025-08-05,2025-08-05 10:28:22.200,MO2508-C-7500,1.8,1.8,2.0
2025-08-05,2025-08-05 10:28:23.200,MO2508-C-7500,1.8,1.8,2.0
2025-08-05,2025-08-05 10:28:23.700,MO2508-C-7500,1.8,1.8,2.0
2025-08-05,2025-08-05 10:28:28.200,MO2508-C-7500,1.8,1.8,2.0
2025-08-05,2025-08-05 10:28:28.700,MO2508-C-7500,1.8,1.8,2.0
2025-08-05,2025-08-05 10:28:29.200,MO2508-C-7500,1.8,1.8,2.0
2025-08-05,2025-08-05 10:28:32.200,MO2508-C-7500,1.8,1.8,2.0
2025-08-05,2025-08-05 10:28:32.700,MO2508-C-7500,1.8,1.8,2.0
2025-08-05,2025-08-05 10:28:33.700,MO2508-C-7500,1.8,1.8,2.0
2025-08-05,2025-08-05 10:28:34.200,MO2508-C-7500,1.8,1.8,2.0
2025-08-05,2025-08-05 10:28:37.200,MO2508-C-7500,1.8,1.8,2.0
2025-08-05,2025-08-05 10:28:37.700,MO2508-C-7500,1.8,1.8,2.0
2025-08-05,2025-08-05 10:28:41.200,MO2508-C-7500,1.8,1.8,2.0
2025-08-05,2025-08-05 10:28:45.200,MO2508-C-7500,1.8,1.8,2.0
2025-08-05,2025-08-05 10:28:46.700,MO2508-C-7500,1.8,1.8,2.0
2025-08-05,2025-08-05 10:28:49.200,MO2508-C-7500,1.8,1.8,2.0
2025-08-05,2025-08-05 10:28:51.700,MO2508-C-7500,1.8,1.8,2.0
2025-08-05,2025-08-05 10:28:52.700,MO2508-C-7500,1.8,1.8,2.0
2025-08-05,2025-08-05 10:28:58.700,MO2508-C-7500,1.8,1.8,2.0
2025-08-05,2025-08-05 10:28:59.200,MO2508-C-7500,1.8,1.8,2.0
2025-08-05,2025-08-05 10:29:07.200,MO2508-C-7500,1.8,1.8,2.0
2025-08-05,2025-08-05 10:29:19.200,MO2508-C-7500,1.8,1.8,2.0
2025-08-05,2025-08-05 10:29:20.200,MO2508-C-7500,1.8,1.8,2.0
2025-08-05,2025-08-05 10:29:21.200,MO2508-C-7500,1.8,1.8,2.0
2025-08-05,2025-08-05 10:29:22.200,MO2508-C-7500,1.8,1.8,2.0
2025-08-05,2025-08-05 10:29:28.700,MO2508-C-7500,1.8,1.8,2.0
2025-08-05,2025-08-05 10:29:29.200,MO2508-C-7500,1.8,1.8,2.0
2025-08-05,2025-08-05 10:29:49.700,MO2508-C-7500,1.8,1.8,2.0
2025-08-05,2025-08-05 10:29:50.700,MO2508-C-7500,1.8,1.8,2.0
2025-08-05,2025-08-05 10:29:55.200,MO2508-C-7500,1.8,1.8,2.0
2025-08-05,2025-08-05 10:29:57.700,MO2508-C-7500,1.8,1.8,2.0
2025-08-05,2025-08-05 10:29:58.700,MO2508-C-7500,1.8,1.8,2.0
2025-08-05,2025-08-05 10:29:59.200,MO2508-C-7500,1.8,1.8,2.0
2025-08-05,2025-08-05 10:30:03.700,MO2508-C-7500,1.8,1.8,2.0
2025-08-05,2025-08-05 10:30:04.200,MO2508-C-7500,1.8,1.8,2.0
2025-08-05,2025-08-05 10:30:05.700,MO2508-C-7500,1.8,1.8,2.0
2025-08-05,2025-08-05 10:30:07.200,MO2508-C-7500,1.8,1.8,2.0
2025-08-05,2025-08-05 10:30:08.700,MO2508-C-7500,1.8,1.8,2.0
2025-08-05,2025-08-05 10:30:09.200,MO2508-C-7500,1.8,1.8,2.0
2025-08-05,2025-08-05 10:30:12.700,MO2508-C-7500,1.8,1.8,2.0
2025-08-05,2025-08-05 10:30:18.700,MO2508-C-7500,1.8,1.8,2.0
2025-08-05,2025-08-05 10:30:20.700,MO2508-C-7500,1.8,1.8,2.0
2025-08-05,2025-08-05 10:30:21.200,MO2508-C-7500,1.8,1.8,2.0
2025-08-05,2025-08-05 10:30:24.200,MO2508-C-7500,1.8,1.8,2.0
2025-08-05,2025-08-05 10:30:25.200,MO2508-C-7500,1.8,1.8,2.0
2025-08-05,2025-08-05 10:30:27.700,MO2508-C-7500,1.8,1.8,2.0
2025-08-05,2025-08-05 10:30:28.700,MO2508-C-7500,1.8,1.8,2.0
2025-08-05,2025-08-05 10:30:29.200,MO2508-C-7500,1.8,1.8,2.0
2025-08-05,2025-08-05 10:30:38.700,MO2508-C-7500,1.8,1.8,2.0
2025-08-05,2025-08-05 10:30:41.200,MO2508-C-7500,1.8,1.8,2.0
2025-08-05,2025-08-05 10:30:44.200,MO2508-C-7500,1.8,1.8,2.0
2025-08-05,2025-08-05 10:30:47.200,MO2508-C-7500,1.8,1.8,2.0
2025-08-05,2025-08-05 10:30:48.200,MO2508-C-7500,1.8,1.8,2.0
2025-08-05,2025-08-05 10:30:49.200,MO2508-C-7500,1.8,1.8,2.0
2025-08-05,2025-08-05 10:30:53.700,MO2508-C-7500,1.8,1.8,2.0
2025-08-05,2025-08-05 10:30:54.200,MO2508-C-7500,1.8,1.8,2.0
2025-08-05,2025-08-05 10:30:56.200,MO2508-C-7500,1.8,1.6,2.0
2025-08-05,2025-08-05 10:30:56.700,MO2508-C-7500,1.8,1.6,1.8
2025-08-05,2025-08-05 10:30:57.200,MO2508-C-7500,1.8,1.6,1.8
2025-08-05,2025-08-05 10:30:57.700,MO2508-C-7500,1.8,1.6,1.8
2025-08-05,2025-08-05 10:30:58.200,MO2508-C-7500,1.8,1.6,1.8
2025-08-05,2025-08-05 10:30:58.700,MO2508-C-7500,1.8,1.6,1.8
2025-08-05,2025-08-05 10:30:59.200,MO2508-C-7500,1.8,1.6,1.8
2025-08-05,2025-08-05 10:30:59.700,MO2508-C-7500,1.8,1.6,1.8
2025-08-05,2025-08-05 10:31:00.700,MO2508-C-7500,1.8,1.6,1.8
2025-08-05,2025-08-05 10:31:01.200,MO2508-C-7500,1.8,1.6,1.8
2025-08-05,2025-08-05 10:31:05.200,MO2508-C-7500,1.8,1.6,1.8
2025-08-05,2025-08-05 10:31:14.200,MO2508-C-7500,1.8,1.6,1.8
2025-08-05,2025-08-05 10:31:20.700,MO2508-C-7500,1.8,1.6,1.8
2025-08-05,2025-08-05 10:31:21.200,MO2508-C-7500,1.8,1.6,1.8
2025-08-05,2025-08-05 10:31:28.700,MO2508-C-7500,1.8,1.6,1.8
2025-08-05,2025-08-05 10:31:29.200,MO2508-C-7500,1.8,1.6,1.8
2025-08-05,2025-08-05 10:31:49.700,MO2508-C-7500,1.8,1.6,1.8
2025-08-05,2025-08-05 10:31:58.700,MO2508-C-7500,1.8,1.6,1.8
2025-08-05,2025-08-05 10:31:59.200,MO2508-C-7500,1.8,1.6,1.8
2025-08-05,2025-08-05 10:32:07.700,MO2508-C-7500,1.8,1.6,1.8
2025-08-05,2025-08-05 10:32:08.200,MO2508-C-7500,1.8,1.6,1.8
2025-08-05,2025-08-05 10:32:08.700,MO2508-C-7500,1.8,1.6,1.8
2025-08-05,2025-08-05 10:32:21.200,MO2508-C-7500,1.8,1.6,1.8
2025-08-05,2025-08-05 10:32:28.700,MO2508-C-7500,1.8,1.6,1.8
2025-08-05,2025-08-05 10:32:29.200,MO2508-C-7500,1.8,1.6,1.8
2025-08-05,2025-08-05 10:32:38.200,MO2508-C-7500,1.8,1.6,1.8
2025-08-05,2025-08-05 10:32:47.700,MO2508-C-7500,1.8,1.6,1.8
2025-08-05,2025-08-05 10:32:51.200,MO2508-C-7500,1.8,1.6,1.8
2025-08-05,2025-08-05 10:32:54.200,MO2508-C-7500,1.8,1.6,1.8
2025-08-05,2025-08-05 10:32:54.700,MO2508-C-7500,1.8,1.6,1.8
2025-08-05,2025-08-05 10:32:56.200,MO2508-C-7500,1.8,1.6,1.8
2025-08-05,2025-08-05 10:32:58.700,MO2508-C-7500,1.8,1.6,1.8
2025-08-05,2025-08-05 10:32:59.200,MO2508-C-7500,1.8,1.6,1.8
2025-08-05,2025-08-05 10:33:04.700,MO2508-C-7500,1.8,1.6,1.8
2025-08-05,2025-08-05 10:33:05.200,MO2508-C-7500,1.8,1.6,1.8
2025-08-05,2025-08-05 10:33:05.700,MO2508-C-7500,1.8,1.6,1.8
2025-08-05,2025-08-05 10:33:06.200,MO2508-C-7500,1.8,1.6,1.8
2025-08-05,2025-08-05 10:33:06.700,MO2508-C-7500,1.8,1.6,1.8
2025-08-05,2025-08-05 10:33:09.200,MO2508-C-7500,1.8,1.6,1.8
2025-08-05,2025-08-05 10:33:09.700,MO2508-C-7500,1.8,1.6,1.8
2025-08-05,2025-08-05 10:33:11.200,MO2508-C-7500,1.8,1.6,1.8
2025-08-05,2025-08-05 10:33:23.200,MO2508-C-7500,1.8,1.6,1.8
2025-08-05,2025-08-05 10:33:28.700,MO2508-C-7500,1.8,1.6,1.8
2025-08-05,2025-08-05 10:33:29.200,MO2508-C-7500,1.8,1.6,1.8
2025-08-05,2025-08-05 10:33:38.200,MO2508-C-7500,1.8,1.6,1.8
2025-08-05,2025-08-05 10:33:40.200,MO2508-C-7500,1.8,1.6,1.8
2025-08-05,2025-08-05 10:33:46.200,MO2508-C-7500,1.8,1.6,1.8
2025-08-05,2025-08-05 10:33:50.200,MO2508-C-7500,1.8,1.6,1.8
2025-08-05,2025-08-05 10:33:53.700,MO2508-C-7500,1.8,1.6,1.8
2025-08-05,2025-08-05 10:33:58.700,MO2508-C-7500,1.8,1.6,1.8
2025-08-05,2025-08-05 10:33:59.200,MO2508-C-7500,1.8,1.6,1.8
2025-08-05,2025-08-05 10:34:05.700,MO2508-C-7500,1.8,1.6,1.8
2025-08-05,2025-08-05 10:34:11.700,MO2508-C-7500,1.8,1.6,1.8
2025-08-05,2025-08-05 10:34:22.200,MO2508-C-7500,1.8,1.6,1.8
2025-08-05,2025-08-05 10:34:23.200,MO2508-C-7500,1.8,1.6,1.8
2025-08-05,2025-08-05 10:34:25.200,MO2508-C-7500,1.8,1.6,1.8
2025-08-05,2025-08-05 10:34:28.200,MO2508-C-7500,1.8,1.6,1.8
2025-08-05,2025-08-05 10:34:28.700,MO2508-C-7500,1.8,1.6,1.8
2025-08-05,2025-08-05 10:34:29.200,MO2508-C-7500,1.8,1.6,1.8
2025-08-05,2025-08-05 10:34:57.200,MO2508-C-7500,1.8,1.6,1.8
2025-08-05,2025-08-05 10:34:58.700,MO2508-C-7500,1.8,1.6,1.8
2025-08-05,2025-08-05 10:34:59.200,MO2508-C-7500,1.8,1.6,1.8
2025-08-05,2025-08-05 10:35:00.700,MO2508-C-7500,1.8,1.6,1.8
2025-08-05,2025-08-05 10:35:13.200,MO2508-C-7500,1.8,1.6,1.8
2025-08-05,2025-08-05 10:35:14.200,MO2508-C-7500,1.8,1.6,1.8
2025-08-05,2025-08-05 10:35:16.200,MO2508-C-7500,1.8,1.6,1.8
2025-08-05,2025-08-05 10:35:17.200,MO2508-C-7500,1.8,1.6,1.8
2025-08-05,2025-08-05 10:35:28.700,MO2508-C-7500,1.8,1.6,1.8
2025-08-05,2025-08-05 10:35:29.200,MO2508-C-7500,1.8,1.6,1.8
2025-08-05,2025-08-05 10:35:37.700,MO2508-C-7500,1.8,1.6,1.8
2025-08-05,2025-08-05 10:35:58.700,MO2508-C-7500,1.8,1.6,1.8
2025-08-05,2025-08-05 10:35:59.200,MO2508-C-7500,1.8,1.6,1.8
2025-08-05,2025-08-05 10:36:01.700,MO2508-C-7500,1.8,1.6,1.8
2025-08-05,2025-08-05 10:36:02.700,MO2508-C-7500,1.8,1.6,1.8
2025-08-05,2025-08-05 10:36:04.700,MO2508-C-7500,1.8,1.6,1.8
2025-08-05,2025-08-05 10:36:05.200,MO2508-C-7500,1.8,1.6,1.8
2025-08-05,2025-08-05 10:36:10.200,MO2508-C-7500,1.8,1.6,1.8
2025-08-05,2025-08-05 10:36:11.700,MO2508-C-7500,1.8,1.6,1.8
2025-08-05,2025-08-05 10:36:28.700,MO2508-C-7500,1.8,1.6,1.8
2025-08-05,2025-08-05 10:36:29.200,MO2508-C-7500,1.8,1.6,1.8
2025-08-05,2025-08-05 10:36:50.700,MO2508-C-7500,1.8,1.6,1.8
2025-08-05,2025-08-05 10:36:58.700,MO2508-C-7500,1.8,1.6,1.8
2025-08-05,2025-08-05 10:36:59.200,MO2508-C-7500,1.8,1.6,1.8
2025-08-05,2025-08-05 10:37:28.700,MO2508-C-7500,1.8,1.6,1.8
2025-08-05,2025-08-05 10:37:29.200,MO2508-C-7500,1.8,1.6,1.8
2025-08-05,2025-08-05 10:37:31.700,MO2508-C-7500,1.8,1.6,1.8
2025-08-05,2025-08-05 10:37:58.700,MO2508-C-7500,1.8,1.6,1.8
2025-08-05,2025-08-05 10:37:59.200,MO2508-C-7500,1.8,1.6,1.8
2025-08-05,2025-08-05 10:38:07.700,MO2508-C-7500,1.8,1.6,1.8
2025-08-05,2025-08-05 10:38:08.200,MO2508-C-7500,1.8,1.6,1.8
2025-08-05,2025-08-05 10:38:09.700,MO2508-C-7500,1.8,1.6,1.8
2025-08-05,2025-08-05 10:38:28.700,MO2508-C-7500,1.8,1.6,1.8
2025-08-05,2025-08-05 10:38:29.200,MO2508-C-7500,1.8,1.6,1.8
2025-08-05,2025-08-05 10:38:48.700,MO2508-C-7500,1.8,1.6,1.8
2025-08-05,2025-08-05 10:38:49.700,MO2508-C-7500,1.8,1.6,1.8
2025-08-05,2025-08-05 10:38:58.700,MO2508-C-7500,1.8,1.6,1.8
2025-08-05,2025-08-05 10:38:59.200,MO2508-C-7500,1.8,1.6,1.8
2025-08-05,2025-08-05 10:39:05.700,MO2508-C-7500,1.8,1.6,1.8
2025-08-05,2025-08-05 10:39:06.700,MO2508-C-7500,1.8,1.6,1.8
2025-08-05,2025-08-05 10:39:24.200,MO2508-C-7500,1.8,1.6,1.8
2025-08-05,2025-08-05 10:39:28.700,MO2508-C-7500,1.8,1.6,1.8
2025-08-05,2025-08-05 10:39:29.200,MO2508-C-7500,1.8,1.6,1.8
2025-08-05,2025-08-05 10:39:58.700,MO2508-C-7500,1.8,1.6,1.8
2025-08-05,2025-08-05 10:39:59.200,MO2508-C-7500,1.8,1.6,1.8
2025-08-05,2025-08-05 10:40:03.700,MO2508-C-7500,1.8,1.6,1.8
2025-08-05,2025-08-05 10:40:04.200,MO2508-C-7500,1.8,1.6,1.8
2025-08-05,2025-08-05 10:40:28.700,MO2508-C-7500,1.8,1.6,1.8
2025-08-05,2025-08-05 10:40:29.200,MO2508-C-7500,1.8,1.6,1.8
2025-08-05,2025-08-05 10:40:29.700,MO2508-C-7500,1.8,1.6,1.8
2025-08-05,2025-08-05 10:40:33.200,MO2508-C-7500,1.8,1.6,1.8
2025-08-05,2025-08-05 10:40:39.200,MO2508-C-7500,1.8,1.6,1.8
2025-08-05,2025-08-05 10:40:44.700,MO2508-C-7500,1.8,1.6,1.8
2025-08-05,2025-08-05 10:40:47.700,MO2508-C-7500,1.8,1.6,1.8
2025-08-05,2025-08-05 10:40:58.700,MO2508-C-7500,1.8,1.6,1.8
2025-08-05,2025-08-05 10:40:59.200,MO2508-C-7500,1.8,1.6,1.8
2025-08-05,2025-08-05 10:41:28.700,MO2508-C-7500,1.8,1.6,1.8
2025-08-05,2025-08-05 10:41:29.200,MO2508-C-7500,1.8,1.6,1.8
2025-08-05,2025-08-05 10:41:55.200,MO2508-C-7500,1.8,1.6,1.8
2025-08-05,2025-08-05 10:41:58.700,MO2508-C-7500,1.8,1.6,1.8
2025-08-05,2025-08-05 10:41:59.200,MO2508-C-7500,1.8,1.6,1.8
2025-08-05,2025-08-05 10:42:02.200,MO2508-C-7500,1.8,1.6,1.8
2025-08-05,2025-08-05 10:42:03.200,MO2508-C-7500,1.8,1.6,1.8
2025-08-05,2025-08-05 10:42:26.700,MO2508-C-7500,1.8,1.6,1.8
2025-08-05,2025-08-05 10:42:28.700,MO2508-C-7500,1.8,1.6,1.8
2025-08-05,2025-08-05 10:42:29.200,MO2508-C-7500,1.8,1.6,1.8
2025-08-05,2025-08-05 10:42:35.700,MO2508-C-7500,1.8,1.6,1.8
2025-08-05,2025-08-05 10:42:58.700,MO2508-C-7500,1.8,1.6,1.8
2025-08-05,2025-08-05 10:42:59.200,MO2508-C-7500,1.8,1.6,1.8
2025-08-05,2025-08-05 10:43:18.200,MO2508-C-7500,1.8,1.6,1.8
2025-08-05,2025-08-05 10:43:18.700,MO2508-C-7500,1.8,1.6,1.8
2025-08-05,2025-08-05 10:43:22.200,MO2508-C-7500,1.8,1.6,1.8
2025-08-05,2025-08-05 10:43:28.700,MO2508-C-7500,1.8,1.6,1.8
2025-08-05,2025-08-05 10:43:29.200,MO2508-C-7500,1.8,1.6,1.8
2025-08-05,2025-08-05 10:43:58.700,MO2508-C-7500,1.8,1.6,1.8
2025-08-05,2025-08-05 10:43:59.200,MO2508-C-7500,1.8,1.6,1.8
2025-08-05,2025-08-05 10:43:59.700,MO2508-C-7500,1.8,1.6,1.8
2025-08-05,2025-08-05 10:44:22.700,MO2508-C-7500,1.8,1.6,1.8
2025-08-05,2025-08-05 10:44:28.700,MO2508-C-7500,1.8,1.6,1.8
2025-08-05,2025-08-05 10:44:29.200,MO2508-C-7500,1.8,1.6,1.8
2025-08-05,2025-08-05 10:44:34.700,MO2508-C-7500,1.8,1.6,1.8
2025-08-05,2025-08-05 10:44:58.700,MO2508-C-7500,1.8,1.6,1.8
2025-08-05,2025-08-05 10:44:59.200,MO2508-C-7500,1.8,1.6,1.8
2025-08-05,2025-08-05 10:45:00.200,MO2508-C-7500,1.8,1.6,1.8
2025-08-05,2025-08-05 10:45:02.200,MO2508-C-7500,1.8,1.6,1.8
2025-08-05,2025-08-05 10:45:04.200,MO2508-C-7500,1.8,1.6,1.8
2025-08-05,2025-08-05 10:45:16.200,MO2508-C-7500,1.8,1.6,1.8
2025-08-05,2025-08-05 10:45:27.700,MO2508-C-7500,1.8,1.6,1.8
2025-08-05,2025-08-05 10:45:28.700,MO2508-C-7500,1.8,1.6,1.8
2025-08-05,2025-08-05 10:45:29.200,MO2508-C-7500,1.8,1.6,1.8
2025-08-05,2025-08-05 10:45:30.200,MO2508-C-7500,1.8,1.6,1.8
2025-08-05,2025-08-05 10:45:45.200,MO2508-C-7500,1.8,1.6,1.8
2025-08-05,2025-08-05 10:45:46.200,MO2508-C-7500,1.8,1.6,1.8
2025-08-05,2025-08-05 10:45:51.200,MO2508-C-7500,1.8,1.6,1.8
2025-08-05,2025-08-05 10:45:58.700,MO2508-C-7500,1.8,1.6,1.8
2025-08-05,2025-08-05 10:45:59.200,MO2508-C-7500,1.8,1.6,1.8
2025-08-05,2025-08-05 10:46:01.700,MO2508-C-7500,1.8,1.6,1.8
2025-08-05,2025-08-05 10:46:28.700,MO2508-C-7500,1.8,1.6,1.8
2025-08-05,2025-08-05 10:46:29.200,MO2508-C-7500,1.8,1.6,1.8
2025-08-05,2025-08-05 10:46:58.700,MO2508-C-7500,1.8,1.6,1.8
2025-08-05,2025-08-05 10:46:59.200,MO2508-C-7500,1.8,1.6,1.8
2025-08-05,2025-08-05 10:47:04.200,MO2508-C-7500,1.8,1.6,1.8
2025-08-05,2025-08-05 10:47:05.200,MO2508-C-7500,1.8,1.6,1.8
2025-08-05,2025-08-05 10:47:06.700,MO2508-C-7500,1.8,1.6,1.8
2025-08-05,2025-08-05 10:47:07.200,MO2508-C-7500,1.8,1.6,1.8
2025-08-05,2025-08-05 10:47:25.700,MO2508-C-7500,1.8,1.6,1.8
2025-08-05,2025-08-05 10:47:28.700,MO2508-C-7500,1.8,1.6,1.8
2025-08-05,2025-08-05 10:47:29.200,MO2508-C-7500,1.8,1.6,1.8
2025-08-05,2025-08-05 10:47:32.700,MO2508-C-7500,1.8,1.6,1.8
2025-08-05,2025-08-05 10:47:45.700,MO2508-C-7500,1.8,1.6,1.8
2025-08-05,2025-08-05 10:47:58.700,MO2508-C-7500,1.8,1.6,1.8
2025-08-05,2025-08-05 10:47:59.200,MO2508-C-7500,1.8,1.6,1.8
2025-08-05,2025-08-05 10:48:28.700,MO2508-C-7500,1.8,1.6,1.8
2025-08-05,2025-08-05 10:48:29.200,MO2508-C-7500,1.8,1.6,1.8
2025-08-05,2025-08-05 10:48:58.700,MO2508-C-7500,1.8,1.6,1.8
2025-08-05,2025-08-05 10:48:59.200,MO2508-C-7500,1.8,1.6,1.8
2025-08-05,2025-08-05 10:49:21.700,MO2508-C-7500,1.8,1.6,1.8
2025-08-05,2025-08-05 10:49:22.700,MO2508-C-7500,1.8,1.6,1.8
2025-08-05,2025-08-05 10:49:28.700,MO2508-C-7500,1.8,1.6,1.8
2025-08-05,2025-08-05 10:49:29.200,MO2508-C-7500,1.8,1.6,1.8
2025-08-05,2025-08-05 10:49:58.700,MO2508-C-7500,1.8,1.6,1.8
2025-08-05,2025-08-05 10:49:59.200,MO2508-C-7500,1.8,1.6,1.8
2025-08-05,2025-08-05 10:50:16.700,MO2508-C-7500,1.8,1.6,1.8
2025-08-05,2025-08-05 10:50:28.700,MO2508-C-7500,1.8,1.6,1.8
2025-08-05,2025-08-05 10:50:29.200,MO2508-C-7500,1.8,1.6,1.8
2025-08-05,2025-08-05 10:50:30.200,MO2508-C-7500,1.8,1.6,1.8
2025-08-05,2025-08-05 10:50:35.200,MO2508-C-7500,1.8,1.6,1.8
2025-08-05,2025-08-05 10:50:58.700,MO2508-C-7500,1.8,1.6,1.8
2025-08-05,2025-08-05 10:50:59.200,MO2508-C-7500,1.8,1.6,1.8
2025-08-05,2025-08-05 10:51:00.200,MO2508-C-7500,1.8,1.6,1.8
2025-08-05,2025-08-05 10:51:08.700,MO2508-C-7500,1.8,1.6,1.8
2025-08-05,2025-08-05 10:51:17.200,MO2508-C-7500,1.8,1.6,1.8
2025-08-05,2025-08-05 10:51:24.700,MO2508-C-7500,1.8,1.6,1.8
2025-08-05,2025-08-05 10:51:28.700,MO2508-C-7500,1.8,1.6,1.8
2025-08-05,2025-08-05 10:51:29.200,MO2508-C-7500,1.8,1.6,1.8
2025-08-05,2025-08-05 10:51:51.700,MO2508-C-7500,1.8,1.6,1.8
2025-08-05,2025-08-05 10:51:52.200,MO2508-C-7500,1.8,1.6,1.8
2025-08-05,2025-08-05 10:51:56.700,MO2508-C-7500,1.8,1.6,1.8
2025-08-05,2025-08-05 10:51:58.700,MO2508-C-7500,1.8,1.6,1.8
2025-08-05,2025-08-05 10:51:59.200,MO2508-C-7500,1.8,1.6,1.8
2025-08-05,2025-08-05 10:52:20.700,MO2508-C-7500,1.8,1.6,1.8
2025-08-05,2025-08-05 10:52:28.700,MO2508-C-7500,1.8,1.6,1.8
2025-08-05,2025-08-05 10:52:29.200,MO2508-C-7500,1.8,1.6,1.8
2025-08-05,2025-08-05 10:52:58.700,MO2508-C-7500,1.8,1.6,1.8
2025-08-05,2025-08-05 10:52:59.200,MO2508-C-7500,1.8,1.6,1.8
2025-08-05,2025-08-05 10:53:02.200,MO2508-C-7500,1.8,1.6,1.8
2025-08-05,2025-08-05 10:53:02.700,MO2508-C-7500,1.8,1.6,1.8
2025-08-05,2025-08-05 10:53:08.200,MO2508-C-7500,1.8,1.6,1.8
2025-08-05,2025-08-05 10:53:09.200,MO2508-C-7500,1.8,1.6,1.8
2025-08-05,2025-08-05 10:53:26.200,MO2508-C-7500,1.8,1.6,1.8
2025-08-05,2025-08-05 10:53:28.700,MO2508-C-7500,1.8,1.6,1.8
2025-08-05,2025-08-05 10:53:29.200,MO2508-C-7500,1.8,1.6,1.8
2025-08-05,2025-08-05 10:53:31.700,MO2508-C-7500,1.8,1.6,1.8
2025-08-05,2025-08-05 10:53:32.200,MO2508-C-7500,1.8,1.6,1.8
2025-08-05,2025-08-05 10:53:32.700,MO2508-C-7500,1.8,1.6,1.8
2025-08-05,2025-08-05 10:53:34.700,MO2508-C-7500,1.8,1.6,1.8
2025-08-05,2025-08-05 10:53:35.200,MO2508-C-7500,1.8,1.6,1.8
2025-08-05,2025-08-05 10:53:36.200,MO2508-C-7500,1.8,1.6,1.8
2025-08-05,2025-08-05 10:53:58.700,MO2508-C-7500,1.8,1.6,1.8
2025-08-05,2025-08-05 10:53:59.200,MO2508-C-7500,1.8,1.6,1.8
2025-08-05,2025-08-05 10:54:28.700,MO2508-C-7500,1.8,1.6,1.8
2025-08-05,2025-08-05 10:54:29.200,MO2508-C-7500,1.8,1.6,1.8
2025-08-05,2025-08-05 10:54:49.200,MO2508-C-7500,1.8,1.6,1.8
2025-08-05,2025-08-05 10:54:50.200,MO2508-C-7500,1.8,1.6,1.8
2025-08-05,2025-08-05 10:54:58.700,MO2508-C-7500,1.8,1.6,1.8
2025-08-05,2025-08-05 10:54:59.200,MO2508-C-7500,1.8,1.6,1.8
2025-08-05,2025-08-05 10:55:02.200,MO2508-C-7500,1.8,1.6,1.8
2025-08-05,2025-08-05 10:55:10.700,MO2508-C-7500,1.8,1.6,1.8
2025-08-05,2025-08-05 10:55:11.200,MO2508-C-7500,1.8,1.6,1.8
2025-08-05,2025-08-05 10:55:18.200,MO2508-C-7500,1.8,1.6,1.8
2025-08-05,2025-08-05 10:55:28.700,MO2508-C-7500,1.8,1.6,1.8
2025-08-05,2025-08-05 10:55:29.200,MO2508-C-7500,1.8,1.6,1.8
2025-08-05,2025-08-05 10:55:58.700,MO2508-C-7500,1.8,1.6,1.8
2025-08-05,2025-08-05 10:55:59.200,MO2508-C-7500,1.8,1.6,1.8
2025-08-05,2025-08-05 10:56:00.700,MO2508-C-7500,1.8,1.6,1.8
2025-08-05,2025-08-05 10:56:17.200,MO2508-C-7500,1.8,1.6,1.8
2025-08-05,2025-08-05 10:56:23.700,MO2508-C-7500,1.8,1.6,1.8
2025-08-05,2025-08-05 10:56:28.700,MO2508-C-7500,1.8,1.6,1.8
2025-08-05,2025-08-05 10:56:29.200,MO2508-C-7500,1.8,1.6,1.8
2025-08-05,2025-08-05 10:56:58.700,MO2508-C-7500,1.8,1.6,1.8
2025-08-05,2025-08-05 10:56:59.200,MO2508-C-7500,1.8,1.6,1.8
2025-08-05,2025-08-05 10:57:27.700,MO2508-C-7500,1.8,1.6,1.8
2025-08-05,2025-08-05 10:57:28.200,MO2508-C-7500,1.8,1.6,1.8
2025-08-05,2025-08-05 10:57:28.700,MO2508-C-7500,1.8,1.6,1.8
2025-08-05,2025-08-05 10:57:29.200,MO2508-C-7500,1.8,1.6,1.8
2025-08-05,2025-08-05 10:57:33.700,MO2508-C-7500,1.8,1.6,1.8
2025-08-05,2025-08-05 10:57:58.700,MO2508-C-7500,1.8,1.6,1.8
2025-08-05,2025-08-05 10:57:59.200,MO2508-C-7500,1.8,1.6,1.8
2025-08-05,2025-08-05 10:58:09.700,MO2508-C-7500,1.8,1.6,1.8
2025-08-05,2025-08-05 10:58:15.700,MO2508-C-7500,1.8,1.6,1.8
2025-08-05,2025-08-05 10:58:28.700,MO2508-C-7500,1.8,1.6,1.8
2025-08-05,2025-08-05 10:58:29.200,MO2508-C-7500,1.8,1.6,1.8
2025-08-05,2025-08-05 10:58:34.200,MO2508-C-7500,1.8,1.6,1.8
2025-08-05,2025-08-05 10:58:34.700,MO2508-C-7500,1.8,1.6,1.8
2025-08-05,2025-08-05 10:58:50.200,MO2508-C-7500,1.8,1.6,1.8
2025-08-05,2025-08-05 10:58:58.700,MO2508-C-7500,1.8,1.6,1.8
2025-08-05,2025-08-05 10:58:59.200,MO2508-C-7500,1.8,1.6,1.8
2025-08-05,2025-08-05 10:59:28.700,MO2508-C-7500,1.8,1.6,1.8
2025-08-05,2025-08-05 10:59:29.200,MO2508-C-7500,1.8,1.6,1.8
2025-08-05,2025-08-05 10:59:32.700,MO2508-C-7500,1.8,1.6,1.8
2025-08-05,2025-08-05 10:59:58.700,MO2508-C-7500,1.8,1.6,1.8
2025-08-05,2025-08-05 10:59:59.200,MO2508-C-7500,1.8,1.6,1.8
2025-08-05,2025-08-05 11:00:28.700,MO2508-C-7500,1.8,1.6,1.8
2025-08-05,2025-08-05 11:00:29.200,MO2508-C-7500,1.8,1.6,1.8
2025-08-05,2025-08-05 11:00:38.200,MO2508-C-7500,1.8,1.6,1.8
2025-08-05,2025-08-05 11:00:40.200,MO2508-C-7500,1.8,1.6,1.8
2025-08-05,2025-08-05 11:00:58.700,MO2508-C-7500,1.8,1.6,1.8
2025-08-05,2025-08-05 11:00:59.200,MO2508-C-7500,1.8,1.6,1.8
2025-08-05,2025-08-05 11:01:00.200,MO2508-C-7500,1.8,1.6,1.8
2025-08-05,2025-08-05 11:01:03.200,MO2508-C-7500,1.8,1.6,1.8
2025-08-05,2025-08-05 11:01:04.700,MO2508-C-7500,1.8,1.6,1.8
2025-08-05,2025-08-05 11:01:05.200,MO2508-C-7500,1.8,1.6,1.8
2025-08-05,2025-08-05 11:01:06.700,MO2508-C-7500,1.8,1.6,1.8
2025-08-05,2025-08-05 11:01:18.200,MO2508-C-7500,1.8,1.6,1.8
2025-08-05,2025-08-05 11:01:19.200,MO2508-C-7500,1.8,1.6,1.8
2025-08-05,2025-08-05 11:01:28.700,MO2508-C-7500,1.8,1.6,1.8
2025-08-05,2025-08-05 11:01:29.200,MO2508-C-7500,1.8,1.6,1.8
2025-08-05,2025-08-05 11:01:58.700,MO2508-C-7500,1.8,1.6,1.8
2025-08-05,2025-08-05 11:01:59.200,MO2508-C-7500,1.8,1.6,1.8
2025-08-05,2025-08-05 11:02:15.700,MO2508-C-7500,1.8,1.6,1.8
2025-08-05,2025-08-05 11:02:28.700,MO2508-C-7500,1.8,1.6,1.8
2025-08-05,2025-08-05 11:02:29.200,MO2508-C-7500,1.8,1.6,1.8
2025-08-05,2025-08-05 11:02:58.200,MO2508-C-7500,1.8,1.6,1.8
2025-08-05,2025-08-05 11:02:58.700,MO2508-C-7500,1.8,1.6,1.8
2025-08-05,2025-08-05 11:02:59.200,MO2508-C-7500,1.8,1.6,1.8
2025-08-05,2025-08-05 11:03:06.200,MO2508-C-7500,1.8,1.6,1.8
2025-08-05,2025-08-05 11:03:28.700,MO2508-C-7500,1.8,1.6,1.8
2025-08-05,2025-08-05 11:03:29.200,MO2508-C-7500,1.8,1.6,1.8
2025-08-05,2025-08-05 11:03:58.700,MO2508-C-7500,1.8,1.6,1.8
2025-08-05,2025-08-05 11:03:59.200,MO2508-C-7500,1.8,1.6,1.8
2025-08-05,2025-08-05 11:04:28.700,MO2508-C-7500,1.8,1.6,1.8
2025-08-05,2025-08-05 11:04:29.200,MO2508-C-7500,1.8,1.6,1.8
2025-08-05,2025-08-05 11:04:49.700,MO2508-C-7500,1.8,1.6,1.8
2025-08-05,2025-08-05 11:04:58.700,MO2508-C-7500,1.8,1.6,1.8
2025-08-05,2025-08-05 11:04:59.200,MO2508-C-7500,1.8,1.6,1.8
2025-08-05,2025-08-05 11:05:09.200,MO2508-C-7500,1.8,1.6,1.8
2025-08-05,2025-08-05 11:05:28.700,MO2508-C-7500,1.8,1.6,1.8
2025-08-05,2025-08-05 11:05:29.200,MO2508-C-7500,1.8,1.6,1.8
2025-08-05,2025-08-05 11:05:58.700,MO2508-C-7500,1.8,1.6,1.8
2025-08-05,2025-08-05 11:05:59.200,MO2508-C-7500,1.8,1.6,1.8
2025-08-05,2025-08-05 11:06:03.700,MO2508-C-7500,1.8,1.6,1.8
2025-08-05,2025-08-05 11:06:04.700,MO2508-C-7500,1.8,1.6,1.8
2025-08-05,2025-08-05 11:06:28.700,MO2508-C-7500,1.8,1.6,1.8
2025-08-05,2025-08-05 11:06:29.200,MO2508-C-7500,1.8,1.6,1.8
2025-08-05,2025-08-05 11:06:49.200,MO2508-C-7500,1.8,1.6,1.8
2025-08-05,2025-08-05 11:06:58.700,MO2508-C-7500,1.8,1.6,1.8
2025-08-05,2025-08-05 11:06:59.200,MO2508-C-7500,1.8,1.6,1.8
2025-08-05,2025-08-05 11:07:19.200,MO2508-C-7500,1.8,1.6,1.8
2025-08-05,2025-08-05 11:07:27.200,MO2508-C-7500,1.8,1.6,1.8
2025-08-05,2025-08-05 11:07:28.700,MO2508-C-7500,1.8,1.6,1.8
2025-08-05,2025-08-05 11:07:29.200,MO2508-C-7500,1.8,1.6,1.8
2025-08-05,2025-08-05 11:07:58.700,MO2508-C-7500,1.8,1.6,1.8
2025-08-05,2025-08-05 11:07:59.200,MO2508-C-7500,1.8,1.6,1.8
2025-08-05,2025-08-05 11:08:23.700,MO2508-C-7500,1.8,1.6,1.8
2025-08-05,2025-08-05 11:08:28.700,MO2508-C-7500,1.8,1.6,1.8
2025-08-05,2025-08-05 11:08:29.200,MO2508-C-7500,1.8,1.6,1.8
2025-08-05,2025-08-05 11:08:45.200,MO2508-C-7500,1.8,1.6,1.8
2025-08-05,2025-08-05 11:08:58.700,MO2508-C-7500,1.8,1.6,1.8
2025-08-05,2025-08-05 11:08:59.200,MO2508-C-7500,1.8,1.6,1.8
2025-08-05,2025-08-05 11:09:18.200,MO2508-C-7500,1.8,1.6,1.8
2025-08-05,2025-08-05 11:09:28.700,MO2508-C-7500,1.8,1.6,1.8
2025-08-05,2025-08-05 11:09:29.200,MO2508-C-7500,1.8,1.6,1.8
2025-08-05,2025-08-05 11:09:58.700,MO2508-C-7500,1.8,1.6,1.8
2025-08-05,2025-08-05 11:09:59.200,MO2508-C-7500,1.8,1.6,1.8
2025-08-05,2025-08-05 11:10:02.200,MO2508-C-7500,1.8,1.6,1.8
2025-08-05,2025-08-05 11:10:28.700,MO2508-C-7500,1.8,1.6,1.8
2025-08-05,2025-08-05 11:10:29.200,MO2508-C-7500,1.8,1.6,1.8
2025-08-05,2025-08-05 11:10:58.700,MO2508-C-7500,1.8,1.6,1.8
2025-08-05,2025-08-05 11:10:59.200,MO2508-C-7500,1.8,1.6,1.8
2025-08-05,2025-08-05 11:11:17.200,MO2508-C-7500,1.8,1.6,1.8
2025-08-05,2025-08-05 11:11:19.200,MO2508-C-7500,1.8,1.6,1.8
2025-08-05,2025-08-05 11:11:21.200,MO2508-C-7500,1.8,1.6,1.8
2025-08-05,2025-08-05 11:11:28.700,MO2508-C-7500,1.8,1.6,1.8
2025-08-05,2025-08-05 11:11:29.200,MO2508-C-7500,1.8,1.6,1.8
2025-08-05,2025-08-05 11:11:31.200,MO2508-C-7500,1.8,1.6,1.8
2025-08-05,2025-08-05 11:11:32.200,MO2508-C-7500,1.8,1.6,1.8
2025-08-05,2025-08-05 11:11:58.700,MO2508-C-7500,1.8,1.6,1.8
2025-08-05,2025-08-05 11:11:59.200,MO2508-C-7500,1.8,1.6,1.8
2025-08-05,2025-08-05 11:12:10.200,MO2508-C-7500,1.6,1.6,1.8
2025-08-05,2025-08-05 11:12:15.700,MO2508-C-7500,1.6,1.6,1.8
2025-08-05,2025-08-05 11:12:19.700,MO2508-C-7500,1.6,1.6,1.8
2025-08-05,2025-08-05 11:12:28.700,MO2508-C-7500,1.6,1.6,1.8
2025-08-05,2025-08-05 11:12:29.200,MO2508-C-7500,1.6,1.6,1.8
2025-08-05,2025-08-05 11:12:38.200,MO2508-C-7500,1.6,1.6,1.8
2025-08-05,2025-08-05 11:12:56.200,MO2508-C-7500,1.6,1.6,1.8
2025-08-05,2025-08-05 11:12:57.700,MO2508-C-7500,1.6,1.6,1.8
2025-08-05,2025-08-05 11:12:58.700,MO2508-C-7500,1.6,1.6,1.8
2025-08-05,2025-08-05 11:12:59.200,MO2508-C-7500,1.6,1.6,1.8
2025-08-05,2025-08-05 11:13:28.700,MO2508-C-7500,1.6,1.6,1.8
2025-08-05,2025-08-05 11:13:29.200,MO2508-C-7500,1.6,1.6,1.8
2025-08-05,2025-08-05 11:13:58.700,MO2508-C-7500,1.6,1.6,1.8
2025-08-05,2025-08-05 11:13:59.200,MO2508-C-7500,1.6,1.6,1.8
2025-08-05,2025-08-05 11:14:18.700,MO2508-C-7500,1.6,1.6,1.8
2025-08-05,2025-08-05 11:14:28.700,MO2508-C-7500,1.6,1.6,1.8
2025-08-05,2025-08-05 11:14:29.200,MO2508-C-7500,1.6,1.6,1.8
2025-08-05,2025-08-05 11:14:57.700,MO2508-C-7500,1.6,1.6,1.8
2025-08-05,2025-08-05 11:14:58.700,MO2508-C-7500,1.6,1.6,1.8
2025-08-05,2025-08-05 11:14:59.200,MO2508-C-7500,1.6,1.6,1.8
2025-08-05,2025-08-05 11:15:01.700,MO2508-C-7500,1.6,1.6,1.8
2025-08-05,2025-08-05 11:15:08.200,MO2508-C-7500,1.6,1.6,1.8
2025-08-05,2025-08-05 11:15:09.200,MO2508-C-7500,1.6,1.6,1.8
2025-08-05,2025-08-05 11:15:12.200,MO2508-C-7500,1.6,1.6,1.8
2025-08-05,2025-08-05 11:15:28.700,MO2508-C-7500,1.6,1.6,1.8
2025-08-05,2025-08-05 11:15:29.200,MO2508-C-7500,1.6,1.6,1.8
2025-08-05,2025-08-05 11:15:48.700,MO2508-C-7500,1.6,1.6,1.8
2025-08-05,2025-08-05 11:15:50.200,MO2508-C-7500,1.6,1.6,1.8
2025-08-05,2025-08-05 11:15:58.700,MO2508-C-7500,1.6,1.6,1.8
2025-08-05,2025-08-05 11:15:59.200,MO2508-C-7500,1.6,1.6,1.8
2025-08-05,2025-08-05 11:16:11.700,MO2508-C-7500,1.6,1.6,1.8
2025-08-05,2025-08-05 11:16:28.700,MO2508-C-7500,1.6,1.6,1.8
2025-08-05,2025-08-05 11:16:29.200,MO2508-C-7500,1.6,1.6,1.8
2025-08-05,2025-08-05 11:16:46.700,MO2508-C-7500,1.6,1.6,1.8
2025-08-05,2025-08-05 11:16:58.700,MO2508-C-7500,1.6,1.6,1.8
2025-08-05,2025-08-05 11:16:59.200,MO2508-C-7500,1.6,1.6,1.8
2025-08-05,2025-08-05 11:17:28.700,MO2508-C-7500,1.6,1.6,1.8
2025-08-05,2025-08-05 11:17:29.200,MO2508-C-7500,1.6,1.6,1.8
2025-08-05,2025-08-05 11:17:58.700,MO2508-C-7500,1.6,1.6,1.8
2025-08-05,2025-08-05 11:17:59.200,MO2508-C-7500,1.6,1.6,1.8
2025-08-05,2025-08-05 11:18:13.200,MO2508-C-7500,1.6,1.6,1.8
2025-08-05,2025-08-05 11:18:28.700,MO2508-C-7500,1.6,1.6,1.8
2025-08-05,2025-08-05 11:18:29.200,MO2508-C-7500,1.6,1.6,1.8
2025-08-05,2025-08-05 11:18:58.700,MO2508-C-7500,1.6,1.6,1.8
2025-08-05,2025-08-05 11:18:59.200,MO2508-C-7500,1.6,1.6,1.8
2025-08-05,2025-08-05 11:19:28.700,MO2508-C-7500,1.6,1.6,1.8
2025-08-05,2025-08-05 11:19:29.200,MO2508-C-7500,1.6,1.6,1.8
2025-08-05,2025-08-05 11:19:38.700,MO2508-C-7500,1.6,1.6,1.8
2025-08-05,2025-08-05 11:19:58.700,MO2508-C-7500,1.6,1.6,1.8
2025-08-05,2025-08-05 11:19:59.200,MO2508-C-7500,1.6,1.6,1.8
2025-08-05,2025-08-05 11:20:28.700,MO2508-C-7500,1.6,1.6,1.8
2025-08-05,2025-08-05 11:20:29.200,MO2508-C-7500,1.6,1.6,1.8
2025-08-05,2025-08-05 11:20:53.700,MO2508-C-7500,1.6,1.6,1.8
2025-08-05,2025-08-05 11:20:56.700,MO2508-C-7500,1.6,1.6,1.8
2025-08-05,2025-08-05 11:20:58.700,MO2508-C-7500,1.6,1.6,1.8
2025-08-05,2025-08-05 11:20:59.200,MO2508-C-7500,1.6,1.6,1.8
2025-08-05,2025-08-05 11:21:28.200,MO2508-C-7500,1.6,1.6,1.8
2025-08-05,2025-08-05 11:21:28.700,MO2508-C-7500,1.6,1.6,1.8
2025-08-05,2025-08-05 11:21:29.200,MO2508-C-7500,1.6,1.6,1.8
2025-08-05,2025-08-05 11:21:58.700,MO2508-C-7500,1.6,1.6,1.8
2025-08-05,2025-08-05 11:21:59.200,MO2508-C-7500,1.6,1.6,1.8
2025-08-05,2025-08-05 11:22:28.700,MO2508-C-7500,1.6,1.6,1.8
2025-08-05,2025-08-05 11:22:29.200,MO2508-C-7500,1.6,1.6,1.8
2025-08-05,2025-08-05 11:22:58.700,MO2508-C-7500,1.6,1.6,1.8
2025-08-05,2025-08-05 11:22:59.200,MO2508-C-7500,1.6,1.6,1.8
2025-08-05,2025-08-05 11:23:28.700,MO2508-C-7500,1.6,1.6,1.8
2025-08-05,2025-08-05 11:23:29.200,MO2508-C-7500,1.6,1.6,1.8
2025-08-05,2025-08-05 11:23:58.700,MO2508-C-7500,1.6,1.6,1.8
2025-08-05,2025-08-05 11:23:59.200,MO2508-C-7500,1.6,1.6,1.8
2025-08-05,2025-08-05 11:24:28.700,MO2508-C-7500,1.6,1.6,1.8
2025-08-05,2025-08-05 11:24:29.200,MO2508-C-7500,1.6,1.6,1.8
2025-08-05,2025-08-05 11:24:58.700,MO2508-C-7500,1.6,1.6,1.8
2025-08-05,2025-08-05 11:24:59.200,MO2508-C-7500,1.6,1.6,1.8
2025-08-05,2025-08-05 11:25:17.700,MO2508-C-7500,1.6,1.6,1.8
2025-08-05,2025-08-05 11:25:28.700,MO2508-C-7500,1.6,1.6,1.8
2025-08-05,2025-08-05 11:25:29.200,MO2508-C-7500,1.6,1.6,1.8
2025-08-05,2025-08-05 11:25:58.700,MO2508-C-7500,1.6,1.6,1.8
2025-08-05,2025-08-05 11:25:59.200,MO2508-C-7500,1.6,1.6,1.8
2025-08-05,2025-08-05 11:26:01.700,MO2508-C-7500,1.6,1.6,1.8
2025-08-05,2025-08-05 11:26:09.200,MO2508-C-7500,1.6,1.6,1.8
2025-08-05,2025-08-05 11:26:24.200,MO2508-C-7500,1.6,1.6,1.8
2025-08-05,2025-08-05 11:26:28.700,MO2508-C-7500,1.6,1.6,1.8
2025-08-05,2025-08-05 11:26:29.200,MO2508-C-7500,1.6,1.6,1.8
2025-08-05,2025-08-05 11:26:53.200,MO2508-C-7500,1.6,1.6,1.8
2025-08-05,2025-08-05 11:26:58.700,MO2508-C-7500,1.6,1.6,1.8
2025-08-05,2025-08-05 11:26:59.200,MO2508-C-7500,1.6,1.6,1.8
2025-08-05,2025-08-05 11:27:00.200,MO2508-C-7500,1.6,1.6,1.8
2025-08-05,2025-08-05 11:27:28.700,MO2508-C-7500,1.6,1.6,1.8
2025-08-05,2025-08-05 11:27:29.200,MO2508-C-7500,1.6,1.6,1.8
2025-08-05,2025-08-05 11:27:58.700,MO2508-C-7500,1.6,1.6,1.8
2025-08-05,2025-08-05 11:27:59.200,MO2508-C-7500,1.6,1.6,1.8
2025-08-05,2025-08-05 11:28:14.200,MO2508-C-7500,1.6,1.6,1.8
2025-08-05,2025-08-05 11:28:18.700,MO2508-C-7500,1.6,1.6,1.8
2025-08-05,2025-08-05 11:28:19.200,MO2508-C-7500,1.6,1.6,1.8
2025-08-05,2025-08-05 11:28:19.700,MO2508-C-7500,1.6,1.6,1.8
2025-08-05,2025-08-05 11:28:21.200,MO2508-C-7500,1.6,1.6,1.8
2025-08-05,2025-08-05 11:28:22.200,MO2508-C-7500,1.6,1.6,1.8
2025-08-05,2025-08-05 11:28:28.700,MO2508-C-7500,1.6,1.6,1.8
2025-08-05,2025-08-05 11:28:29.200,MO2508-C-7500,1.6,1.6,1.8
2025-08-05,2025-08-05 11:28:50.200,MO2508-C-7500,1.6,1.6,1.8
2025-08-05,2025-08-05 11:28:58.700,MO2508-C-7500,1.6,1.6,1.8
2025-08-05,2025-08-05 11:28:59.200,MO2508-C-7500,1.6,1.6,1.8
2025-08-05,2025-08-05 11:29:10.200,MO2508-C-7500,1.6,1.6,1.8
2025-08-05,2025-08-05 11:29:10.700,MO2508-C-7500,1.6,1.6,1.8
2025-08-05,2025-08-05 11:29:20.700,MO2508-C-7500,1.6,1.6,1.8
2025-08-05,2025-08-05 11:29:22.700,MO2508-C-7500,1.6,1.6,1.8
2025-08-05,2025-08-05 11:29:28.700,MO2508-C-7500,1.6,1.6,1.8
2025-08-05,2025-08-05 11:29:29.200,MO2508-C-7500,1.6,1.6,1.8
2025-08-05,2025-08-05 11:29:30.200,MO2508-C-7500,1.6,1.6,1.8
2025-08-05,2025-08-05 11:29:31.200,MO2508-C-7500,1.6,1.6,1.8
2025-08-05,2025-08-05 11:29:31.700,MO2508-C-7500,1.6,1.6,1.8
2025-08-05,2025-08-05 11:29:33.200,MO2508-C-7500,1.6,1.6,1.8
2025-08-05,2025-08-05 11:29:33.700,MO2508-C-7500,1.6,1.6,1.8
2025-08-05,2025-08-05 11:29:35.700,MO2508-C-7500,1.6,1.6,1.8
2025-08-05,2025-08-05 11:29:36.200,MO2508-C-7500,1.6,1.6,1.8
2025-08-05,2025-08-05 11:29:38.700,MO2508-C-7500,1.6,1.6,1.8
2025-08-05,2025-08-05 11:29:41.700,MO2508-C-7500,1.6,1.6,1.8
2025-08-05,2025-08-05 11:29:42.200,MO2508-C-7500,1.6,1.6,1.8
2025-08-05,2025-08-05 11:29:42.700,MO2508-C-7500,1.6,1.6,1.8
2025-08-05,2025-08-05 11:29:45.700,MO2508-C-7500,1.6,1.6,1.8
2025-08-05,2025-08-05 11:29:46.200,MO2508-C-7500,1.6,1.6,1.8
2025-08-05,2025-08-05 11:29:48.200,MO2508-C-7500,1.6,1.6,1.8
2025-08-05,2025-08-05 11:29:48.700,MO2508-C-7500,1.6,1.6,1.8
2025-08-05,2025-08-05 11:29:52.700,MO2508-C-7500,1.6,1.6,1.8
2025-08-05,2025-08-05 11:29:53.200,MO2508-C-7500,1.6,1.6,1.8
2025-08-05,2025-08-05 11:29:59.700,MO2508-C-7500,1.6,1.6,1.8
2025-08-05,2025-08-05 11:30:00.200,MO2508-C-7500,1.6,1.6,1.8
2025-08-05,2025-08-05 13:00:00.200,MO2508-C-7500,1.6,1.6,1.8
2025-08-05,2025-08-05 13:00:00.700,MO2508-C-7500,1.6,1.6,1.8
2025-08-05,2025-08-05 13:00:01.200,MO2508-C-7500,1.6,1.6,1.8
2025-08-05,2025-08-05 13:00:05.700,MO2508-C-7500,1.6,1.6,1.8
2025-08-05,2025-08-05 13:00:06.200,MO2508-C-7500,1.6,1.6,1.8
2025-08-05,2025-08-05 13:00:06.700,MO2508-C-7500,1.6,1.6,1.8
2025-08-05,2025-08-05 13:00:07.200,MO2508-C-7500,1.6,1.6,1.8
2025-08-05,2025-08-05 13:00:07.700,MO2508-C-7500,1.6,1.6,1.8
2025-08-05,2025-08-05 13:00:08.200,MO2508-C-7500,1.6,1.6,1.8
2025-08-05,2025-08-05 13:00:08.700,MO2508-C-7500,1.6,1.6,1.8
2025-08-05,2025-08-05 13:00:10.200,MO2508-C-7500,1.6,1.6,1.8
2025-08-05,2025-08-05 13:00:10.700,MO2508-C-7500,1.6,1.6,1.8
2025-08-05,2025-08-05 13:00:11.200,MO2508-C-7500,1.6,1.6,1.8
2025-08-05,2025-08-05 13:00:11.700,MO2508-C-7500,1.6,1.6,1.8
2025-08-05,2025-08-05 13:00:12.200,MO2508-C-7500,1.6,1.6,1.8
2025-08-05,2025-08-05 13:00:13.700,MO2508-C-7500,1.6,1.6,1.8
2025-08-05,2025-08-05 13:00:14.700,MO2508-C-7500,1.6,1.6,1.8
2025-08-05,2025-08-05 13:00:16.200,MO2508-C-7500,1.6,1.6,1.8
2025-08-05,2025-08-05 13:00:16.700,MO2508-C-7500,1.6,1.6,1.8
2025-08-05,2025-08-05 13:00:18.700,MO2508-C-7500,1.6,1.6,1.8
2025-08-05,2025-08-05 13:00:20.700,MO2508-C-7500,1.6,1.6,1.8
2025-08-05,2025-08-05 13:00:21.200,MO2508-C-7500,1.6,1.6,1.8
2025-08-05,2025-08-05 13:00:26.700,MO2508-C-7500,1.6,1.6,1.8
2025-08-05,2025-08-05 13:00:28.200,MO2508-C-7500,1.6,1.6,1.8
2025-08-05,2025-08-05 13:00:33.700,MO2508-C-7500,1.6,1.6,1.8
2025-08-05,2025-08-05 13:00:36.200,MO2508-C-7500,1.6,1.6,1.8
2025-08-05,2025-08-05 13:00:36.700,MO2508-C-7500,1.6,1.6,1.8
2025-08-05,2025-08-05 13:00:38.200,MO2508-C-7500,1.6,1.6,1.8
2025-08-05,2025-08-05 13:00:39.700,MO2508-C-7500,1.6,1.6,1.8
2025-08-05,2025-08-05 13:00:42.700,MO2508-C-7500,1.6,1.6,1.8
2025-08-05,2025-08-05 13:00:43.200,MO2508-C-7500,1.6,1.6,1.8
2025-08-05,2025-08-05 13:00:45.200,MO2508-C-7500,1.6,1.6,1.8
2025-08-05,2025-08-05 13:00:50.700,MO2508-C-7500,1.6,1.6,1.8
2025-08-05,2025-08-05 13:00:57.700,MO2508-C-7500,1.6,1.6,1.8
2025-08-05,2025-08-05 13:00:58.700,MO2508-C-7500,1.6,1.6,1.8
2025-08-05,2025-08-05 13:00:59.200,MO2508-C-7500,1.6,1.6,1.8
2025-08-05,2025-08-05 13:01:00.700,MO2508-C-7500,1.6,1.6,1.8
2025-08-05,2025-08-05 13:01:11.200,MO2508-C-7500,1.6,1.6,1.8
2025-08-05,2025-08-05 13:01:28.200,MO2508-C-7500,1.6,1.6,1.8
2025-08-05,2025-08-05 13:01:28.700,MO2508-C-7500,1.6,1.6,1.8
2025-08-05,2025-08-05 13:01:29.200,MO2508-C-7500,1.6,1.6,1.8
2025-08-05,2025-08-05 13:01:30.700,MO2508-C-7500,1.6,1.6,1.8
2025-08-05,2025-08-05 13:01:58.700,MO2508-C-7500,1.6,1.6,1.8
2025-08-05,2025-08-05 13:01:59.200,MO2508-C-7500,1.6,1.6,1.8
2025-08-05,2025-08-05 13:02:04.200,MO2508-C-7500,1.6,1.6,1.8
2025-08-05,2025-08-05 13:02:28.700,MO2508-C-7500,1.6,1.6,1.8
2025-08-05,2025-08-05 13:02:29.200,MO2508-C-7500,1.6,1.6,1.8
2025-08-05,2025-08-05 13:02:58.200,MO2508-C-7500,1.6,1.6,1.8
2025-08-05,2025-08-05 13:02:58.700,MO2508-C-7500,1.6,1.6,1.8
2025-08-05,2025-08-05 13:03:06.200,MO2508-C-7500,1.6,1.6,1.8
2025-08-05,2025-08-05 13:03:06.700,MO2508-C-7500,1.6,1.6,1.8
2025-08-05,2025-08-05 13:03:07.200,MO2508-C-7500,1.6,1.6,1.8
2025-08-05,2025-08-05 13:03:28.700,MO2508-C-7500,1.6,1.6,1.8
2025-08-05,2025-08-05 13:03:29.200,MO2508-C-7500,1.6,1.6,1.8
2025-08-05,2025-08-05 13:03:58.700,MO2508-C-7500,1.6,1.6,1.8
2025-08-05,2025-08-05 13:03:59.200,MO2508-C-7500,1.6,1.6,1.8
2025-08-05,2025-08-05 13:04:28.700,MO2508-C-7500,1.6,1.6,1.8
2025-08-05,2025-08-05 13:04:29.200,MO2508-C-7500,1.6,1.6,1.8
2025-08-05,2025-08-05 13:04:58.700,MO2508-C-7500,1.6,1.6,1.8
2025-08-05,2025-08-05 13:04:59.200,MO2508-C-7500,1.6,1.6,1.8
2025-08-05,2025-08-05 13:05:28.700,MO2508-C-7500,1.6,1.6,1.8
2025-08-05,2025-08-05 13:05:29.200,MO2508-C-7500,1.6,1.6,1.8
2025-08-05,2025-08-05 13:05:57.700,MO2508-C-7500,1.6,1.6,1.8
2025-08-05,2025-08-05 13:05:58.200,MO2508-C-7500,1.6,1.6,1.8
2025-08-05,2025-08-05 13:05:58.700,MO2508-C-7500,1.6,1.6,1.8
2025-08-05,2025-08-05 13:05:59.200,MO2508-C-7500,1.6,1.6,1.8
2025-08-05,2025-08-05 13:06:00.200,MO2508-C-7500,1.6,1.6,1.8
2025-08-05,2025-08-05 13:06:28.700,MO2508-C-7500,1.6,1.6,1.8
2025-08-05,2025-08-05 13:06:29.200,MO2508-C-7500,1.6,1.6,1.8
2025-08-05,2025-08-05 13:06:35.200,MO2508-C-7500,1.6,1.6,1.8
2025-08-05,2025-08-05 13:06:58.700,MO2508-C-7500,1.6,1.6,1.8
2025-08-05,2025-08-05 13:06:59.200,MO2508-C-7500,1.6,1.6,1.8
2025-08-05,2025-08-05 13:07:14.200,MO2508-C-7500,1.6,1.6,1.8
2025-08-05,2025-08-05 13:07:28.700,MO2508-C-7500,1.6,1.6,1.8
2025-08-05,2025-08-05 13:07:29.200,MO2508-C-7500,1.6,1.6,1.8
2025-08-05,2025-08-05 13:07:58.700,MO2508-C-7500,1.6,1.6,1.8
2025-08-05,2025-08-05 13:07:59.200,MO2508-C-7500,1.6,1.6,1.8
2025-08-05,2025-08-05 13:08:10.700,MO2508-C-7500,1.6,1.6,1.8
2025-08-05,2025-08-05 13:08:28.700,MO2508-C-7500,1.6,1.6,1.8
2025-08-05,2025-08-05 13:08:29.200,MO2508-C-7500,1.6,1.6,1.8
2025-08-05,2025-08-05 13:08:47.200,MO2508-C-7500,1.6,1.6,1.8
2025-08-05,2025-08-05 13:08:48.200,MO2508-C-7500,1.6,1.6,1.8
2025-08-05,2025-08-05 13:08:58.700,MO2508-C-7500,1.6,1.6,1.8
2025-08-05,2025-08-05 13:08:59.200,MO2508-C-7500,1.6,1.6,1.8
2025-08-05,2025-08-05 13:09:28.700,MO2508-C-7500,1.6,1.6,1.8
2025-08-05,2025-08-05 13:09:29.200,MO2508-C-7500,1.6,1.6,1.8
2025-08-05,2025-08-05 13:09:58.700,MO2508-C-7500,1.6,1.6,1.8
2025-08-05,2025-08-05 13:09:59.200,MO2508-C-7500,1.6,1.6,1.8
2025-08-05,2025-08-05 13:10:28.700,MO2508-C-7500,1.6,1.6,1.8
2025-08-05,2025-08-05 13:10:29.200,MO2508-C-7500,1.6,1.6,1.8
2025-08-05,2025-08-05 13:10:58.700,MO2508-C-7500,1.6,1.6,1.8
2025-08-05,2025-08-05 13:10:59.200,MO2508-C-7500,1.6,1.6,1.8
2025-08-05,2025-08-05 13:11:28.700,MO2508-C-7500,1.6,1.6,1.8
2025-08-05,2025-08-05 13:11:29.200,MO2508-C-7500,1.6,1.6,1.8
2025-08-05,2025-08-05 13:11:58.700,MO2508-C-7500,1.6,1.6,1.8
2025-08-05,2025-08-05 13:11:59.200,MO2508-C-7500,1.6,1.6,1.8
2025-08-05,2025-08-05 13:12:28.700,MO2508-C-7500,1.6,1.6,1.8
2025-08-05,2025-08-05 13:12:29.200,MO2508-C-7500,1.6,1.6,1.8
2025-08-05,2025-08-05 13:12:58.700,MO2508-C-7500,1.6,1.6,1.8
2025-08-05,2025-08-05 13:12:59.200,MO2508-C-7500,1.6,1.6,1.8
2025-08-05,2025-08-05 13:13:13.700,MO2508-C-7500,1.6,1.6,1.8
2025-08-05,2025-08-05 13:13:28.700,MO2508-C-7500,1.6,1.6,1.8
2025-08-05,2025-08-05 13:13:29.200,MO2508-C-7500,1.6,1.6,1.8
2025-08-05,2025-08-05 13:13:43.700,MO2508-C-7500,1.6,1.6,1.8
2025-08-05,2025-08-05 13:13:46.200,MO2508-C-7500,1.6,1.6,1.8
2025-08-05,2025-08-05 13:13:46.700,MO2508-C-7500,1.6,1.6,1.8
2025-08-05,2025-08-05 13:13:48.700,MO2508-C-7500,1.6,1.6,1.8
2025-08-05,2025-08-05 13:13:51.200,MO2508-C-7500,1.6,1.6,1.8
2025-08-05,2025-08-05 13:13:51.700,MO2508-C-7500,1.6,1.6,1.8
2025-08-05,2025-08-05 13:13:52.200,MO2508-C-7500,1.6,1.6,1.8
2025-08-05,2025-08-05 13:13:54.700,MO2508-C-7500,1.6,1.6,1.8
2025-08-05,2025-08-05 13:13:55.200,MO2508-C-7500,1.6,1.6,1.8
2025-08-05,2025-08-05 13:13:55.700,MO2508-C-7500,1.6,1.6,1.8
2025-08-05,2025-08-05 13:13:56.200,MO2508-C-7500,1.6,1.6,1.8
2025-08-05,2025-08-05 13:13:58.700,MO2508-C-7500,1.8,1.6,2.0
2025-08-05,2025-08-05 13:13:59.200,MO2508-C-7500,1.8,1.6,2.0
2025-08-05,2025-08-05 13:14:03.200,MO2508-C-7500,1.8,1.6,2.0
2025-08-05,2025-08-05 13:14:08.700,MO2508-C-7500,1.8,1.6,2.0
2025-08-05,2025-08-05 13:14:14.200,MO2508-C-7500,1.8,1.6,2.0
2025-08-05,2025-08-05 13:14:28.700,MO2508-C-7500,1.8,1.6,2.0
2025-08-05,2025-08-05 13:14:29.200,MO2508-C-7500,1.8,1.6,2.0
2025-08-05,2025-08-05 13:14:31.200,MO2508-C-7500,1.8,1.6,2.0
2025-08-05,2025-08-05 13:14:38.700,MO2508-C-7500,1.8,1.6,2.0
2025-08-05,2025-08-05 13:14:39.200,MO2508-C-7500,1.8,1.6,2.0
2025-08-05,2025-08-05 13:14:44.700,MO2508-C-7500,1.8,1.6,2.0
2025-08-05,2025-08-05 13:14:45.200,MO2508-C-7500,1.8,1.6,2.0
2025-08-05,2025-08-05 13:14:46.200,MO2508-C-7500,1.8,1.6,2.0
2025-08-05,2025-08-05 13:14:46.700,MO2508-C-7500,1.8,1.6,2.0
2025-08-05,2025-08-05 13:14:47.200,MO2508-C-7500,1.8,1.6,2.0
2025-08-05,2025-08-05 13:14:49.700,MO2508-C-7500,1.8,1.6,2.0
2025-08-05,2025-08-05 13:14:50.700,MO2508-C-7500,1.8,1.6,2.0
2025-08-05,2025-08-05 13:14:51.200,MO2508-C-7500,1.8,1.6,2.0
2025-08-05,2025-08-05 13:14:54.700,MO2508-C-7500,1.8,1.6,2.0
2025-08-05,2025-08-05 13:14:58.700,MO2508-C-7500,1.8,1.6,2.0
2025-08-05,2025-08-05 13:14:59.200,MO2508-C-7500,1.8,1.6,2.0
2025-08-05,2025-08-05 13:15:04.700,MO2508-C-7500,1.8,1.6,2.0
2025-08-05,2025-08-05 13:15:09.200,MO2508-C-7500,1.8,1.6,2.0
2025-08-05,2025-08-05 13:15:20.200,MO2508-C-7500,1.8,1.6,2.0
2025-08-05,2025-08-05 13:15:20.700,MO2508-C-7500,1.8,1.6,2.0
2025-08-05,2025-08-05 13:15:21.700,MO2508-C-7500,1.8,1.6,2.0
2025-08-05,2025-08-05 13:15:24.200,MO2508-C-7500,1.8,1.8,2.0
2025-08-05,2025-08-05 13:15:24.700,MO2508-C-7500,1.8,1.8,2.0
2025-08-05,2025-08-05 13:15:25.200,MO2508-C-7500,1.8,1.8,2.0
2025-08-05,2025-08-05 13:15:27.200,MO2508-C-7500,1.8,1.8,2.0
2025-08-05,2025-08-05 13:15:28.700,MO2508-C-7500,1.8,1.8,2.0
2025-08-05,2025-08-05 13:15:29.200,MO2508-C-7500,1.8,1.8,2.0
2025-08-05,2025-08-05 13:15:33.200,MO2508-C-7500,1.8,1.8,2.0
2025-08-05,2025-08-05 13:15:33.700,MO2508-C-7500,1.8,1.8,2.0
2025-08-05,2025-08-05 13:15:34.200,MO2508-C-7500,1.8,1.8,2.0
2025-08-05,2025-08-05 13:15:34.700,MO2508-C-7500,1.8,1.8,2.0
2025-08-05,2025-08-05 13:15:35.700,MO2508-C-7500,1.8,1.8,2.0
2025-08-05,2025-08-05 13:15:36.200,MO2508-C-7500,1.8,1.8,2.0
2025-08-05,2025-08-05 13:15:42.200,MO2508-C-7500,1.8,1.8,2.0
2025-08-05,2025-08-05 13:15:42.700,MO2508-C-7500,1.8,1.8,2.0
2025-08-05,2025-08-05 13:15:55.200,MO2508-C-7500,1.8,1.8,2.0
2025-08-05,2025-08-05 13:15:58.200,MO2508-C-7500,1.8,1.8,2.0
2025-08-05,2025-08-05 13:15:58.700,MO2508-C-7500,1.8,1.8,2.0
2025-08-05,2025-08-05 13:15:59.200,MO2508-C-7500,1.8,1.8,2.0
2025-08-05,2025-08-05 13:16:24.200,MO2508-C-7500,1.8,1.8,2.0
2025-08-05,2025-08-05 13:16:24.700,MO2508-C-7500,1.8,1.8,2.0
2025-08-05,2025-08-05 13:16:26.200,MO2508-C-7500,1.8,1.8,2.0
2025-08-05,2025-08-05 13:16:28.700,MO2508-C-7500,1.8,1.8,2.0
2025-08-05,2025-08-05 13:16:29.200,MO2508-C-7500,1.8,1.8,2.0
2025-08-05,2025-08-05 13:16:29.700,MO2508-C-7500,1.8,1.8,2.0
2025-08-05,2025-08-05 13:16:37.200,MO2508-C-7500,1.8,1.8,2.0
2025-08-05,2025-08-05 13:16:37.700,MO2508-C-7500,1.8,1.8,2.0
2025-08-05,2025-08-05 13:16:39.200,MO2508-C-7500,1.8,1.8,2.0
2025-08-05,2025-08-05 13:16:58.700,MO2508-C-7500,1.8,1.8,2.0
2025-08-05,2025-08-05 13:16:59.200,MO2508-C-7500,1.8,1.8,2.0
2025-08-05,2025-08-05 13:17:01.200,MO2508-C-7500,1.8,1.8,2.0
2025-08-05,2025-08-05 13:17:06.200,MO2508-C-7500,1.8,1.8,2.0
2025-08-05,2025-08-05 13:17:21.700,MO2508-C-7500,1.8,1.8,2.0
2025-08-05,2025-08-05 13:17:22.200,MO2508-C-7500,1.8,1.8,2.0
2025-08-05,2025-08-05 13:17:28.700,MO2508-C-7500,1.8,1.8,2.0
2025-08-05,2025-08-05 13:17:29.200,MO2508-C-7500,1.8,1.8,2.0
2025-08-05,2025-08-05 13:17:30.700,MO2508-C-7500,1.8,1.8,2.0
2025-08-05,2025-08-05 13:17:58.700,MO2508-C-7500,1.8,1.8,2.0
2025-08-05,2025-08-05 13:17:59.200,MO2508-C-7500,1.8,1.8,2.0
2025-08-05,2025-08-05 13:18:16.700,MO2508-C-7500,1.8,1.8,2.0
2025-08-05,2025-08-05 13:18:28.700,MO2508-C-7500,1.8,1.8,2.0
2025-08-05,2025-08-05 13:18:29.200,MO2508-C-7500,1.8,1.8,2.0
2025-08-05,2025-08-05 13:18:40.200,MO2508-C-7500,1.8,1.8,2.0
2025-08-05,2025-08-05 13:18:58.700,MO2508-C-7500,1.8,1.8,2.0
2025-08-05,2025-08-05 13:18:59.200,MO2508-C-7500,1.8,1.8,2.0
2025-08-05,2025-08-05 13:19:12.700,MO2508-C-7500,1.8,1.8,2.0
2025-08-05,2025-08-05 13:19:13.200,MO2508-C-7500,1.8,1.8,2.0
2025-08-05,2025-08-05 13:19:13.700,MO2508-C-7500,1.8,1.8,2.0
2025-08-05,2025-08-05 13:19:14.200,MO2508-C-7500,1.8,1.8,2.0
2025-08-05,2025-08-05 13:19:25.700,MO2508-C-7500,1.8,1.8,2.0
2025-08-05,2025-08-05 13:19:28.700,MO2508-C-7500,1.8,1.8,2.0
2025-08-05,2025-08-05 13:19:29.200,MO2508-C-7500,1.8,1.8,2.0
2025-08-05,2025-08-05 13:19:31.700,MO2508-C-7500,1.8,1.8,2.0
2025-08-05,2025-08-05 13:19:32.700,MO2508-C-7500,1.8,1.8,2.0
2025-08-05,2025-08-05 13:19:37.200,MO2508-C-7500,2.0,1.8,2.2
2025-08-05,2025-08-05 13:19:37.700,MO2508-C-7500,2.0,1.8,2.2
2025-08-05,2025-08-05 13:19:38.200,MO2508-C-7500,2.0,1.8,2.2
2025-08-05,2025-08-05 13:19:40.700,MO2508-C-7500,2.0,1.8,2.2
2025-08-05,2025-08-05 13:19:58.700,MO2508-C-7500,2.0,1.8,2.2
2025-08-05,2025-08-05 13:19:59.200,MO2508-C-7500,2.0,1.8,2.2
2025-08-05,2025-08-05 13:20:20.200,MO2508-C-7500,2.0,1.8,2.2
2025-08-05,2025-08-05 13:20:21.200,MO2508-C-7500,2.0,1.8,2.2
2025-08-05,2025-08-05 13:20:22.700,MO2508-C-7500,2.0,1.8,2.2
2025-08-05,2025-08-05 13:20:23.700,MO2508-C-7500,2.0,1.8,2.2
2025-08-05,2025-08-05 13:20:25.200,MO2508-C-7500,2.0,1.8,2.2
2025-08-05,2025-08-05 13:20:28.700,MO2508-C-7500,2.0,1.8,2.2
2025-08-05,2025-08-05 13:20:29.200,MO2508-C-7500,2.0,1.8,2.2
2025-08-05,2025-08-05 13:20:37.200,MO2508-C-7500,2.0,1.8,2.2
2025-08-05,2025-08-05 13:20:44.200,MO2508-C-7500,2.0,1.8,2.2
2025-08-05,2025-08-05 13:20:45.200,MO2508-C-7500,2.0,1.8,2.2
2025-08-05,2025-08-05 13:20:56.200,MO2508-C-7500,2.0,1.8,2.2
2025-08-05,2025-08-05 13:20:58.700,MO2508-C-7500,2.0,1.8,2.2
2025-08-05,2025-08-05 13:20:59.200,MO2508-C-7500,2.0,1.8,2.2
2025-08-05,2025-08-05 13:21:01.200,MO2508-C-7500,2.0,1.8,2.2
2025-08-05,2025-08-05 13:21:04.700,MO2508-C-7500,2.0,1.8,2.2
2025-08-05,2025-08-05 13:21:11.200,MO2508-C-7500,2.0,1.8,2.0
2025-08-05,2025-08-05 13:21:11.700,MO2508-C-7500,2.0,1.8,2.0
2025-08-05,2025-08-05 13:21:12.200,MO2508-C-7500,2.0,1.8,2.0
2025-08-05,2025-08-05 13:21:26.200,MO2508-C-7500,2.0,1.8,2.0
2025-08-05,2025-08-05 13:21:28.700,MO2508-C-7500,2.0,1.8,2.0
2025-08-05,2025-08-05 13:21:29.200,MO2508-C-7500,2.0,1.8,2.0
2025-08-05,2025-08-05 13:21:55.200,MO2508-C-7500,2.0,1.8,2.0
2025-08-05,2025-08-05 13:21:55.700,MO2508-C-7500,2.0,1.8,2.0
2025-08-05,2025-08-05 13:21:58.700,MO2508-C-7500,2.0,1.8,2.0
2025-08-05,2025-08-05 13:21:59.200,MO2508-C-7500,2.0,1.8,2.0
2025-08-05,2025-08-05 13:22:03.700,MO2508-C-7500,2.0,1.8,2.0
2025-08-05,2025-08-05 13:22:04.200,MO2508-C-7500,2.0,1.8,2.0
2025-08-05,2025-08-05 13:22:06.200,MO2508-C-7500,2.0,2.0,2.2
2025-08-05,2025-08-05 13:22:06.700,MO2508-C-7500,2.0,2.0,2.2
2025-08-05,2025-08-05 13:22:08.200,MO2508-C-7500,2.0,2.0,2.2
2025-08-05,2025-08-05 13:22:08.700,MO2508-C-7500,2.0,2.0,2.2
2025-08-05,2025-08-05 13:22:13.200,MO2508-C-7500,2.0,2.0,2.2
2025-08-05,2025-08-05 13:22:13.700,MO2508-C-7500,2.0,2.0,2.2
2025-08-05,2025-08-05 13:22:16.200,MO2508-C-7500,2.0,2.0,2.2
2025-08-05,2025-08-05 13:22:17.200,MO2508-C-7500,2.0,2.0,2.2
2025-08-05,2025-08-05 13:22:17.700,MO2508-C-7500,2.0,2.0,2.2
2025-08-05,2025-08-05 13:22:23.200,MO2508-C-7500,2.0,2.0,2.2
2025-08-05,2025-08-05 13:22:28.700,MO2508-C-7500,2.0,2.0,2.2
2025-08-05,2025-08-05 13:22:29.200,MO2508-C-7500,2.0,2.0,2.2
2025-08-05,2025-08-05 13:22:39.700,MO2508-C-7500,2.0,2.0,2.2
2025-08-05,2025-08-05 13:22:51.700,MO2508-C-7500,2.0,2.0,2.2
2025-08-05,2025-08-05 13:22:52.200,MO2508-C-7500,2.0,2.0,2.2
2025-08-05,2025-08-05 13:22:52.700,MO2508-C-7500,2.0,2.0,2.2
2025-08-05,2025-08-05 13:22:54.200,MO2508-C-7500,2.0,2.0,2.2
2025-08-05,2025-08-05 13:22:58.700,MO2508-C-7500,2.0,2.0,2.2
2025-08-05,2025-08-05 13:22:59.200,MO2508-C-7500,2.0,2.0,2.2
2025-08-05,2025-08-05 13:23:01.200,MO2508-C-7500,2.0,2.0,2.2
2025-08-05,2025-08-05 13:23:01.700,MO2508-C-7500,2.0,2.0,2.2
2025-08-05,2025-08-05 13:23:17.200,MO2508-C-7500,2.0,2.0,2.2
2025-08-05,2025-08-05 13:23:28.700,MO2508-C-7500,2.0,2.0,2.2
2025-08-05,2025-08-05 13:23:29.200,MO2508-C-7500,2.0,2.0,2.2
2025-08-05,2025-08-05 13:23:29.700,MO2508-C-7500,2.0,2.0,2.2
2025-08-05,2025-08-05 13:23:30.700,MO2508-C-7500,2.0,2.0,2.2
2025-08-05,2025-08-05 13:23:31.200,MO2508-C-7500,2.0,2.0,2.2
2025-08-05,2025-08-05 13:23:32.200,MO2508-C-7500,2.0,2.0,2.2
2025-08-05,2025-08-05 13:23:34.200,MO2508-C-7500,2.0,2.0,2.2
2025-08-05,2025-08-05 13:23:34.700,MO2508-C-7500,2.0,2.0,2.2
2025-08-05,2025-08-05 13:23:50.700,MO2508-C-7500,2.0,2.0,2.2
2025-08-05,2025-08-05 13:23:58.700,MO2508-C-7500,2.0,2.0,2.2
2025-08-05,2025-08-05 13:23:59.200,MO2508-C-7500,2.0,2.0,2.2
2025-08-05,2025-08-05 13:24:27.700,MO2508-C-7500,2.0,2.0,2.2
2025-08-05,2025-08-05 13:24:28.200,MO2508-C-7500,2.0,2.0,2.2
2025-08-05,2025-08-05 13:24:28.700,MO2508-C-7500,2.0,2.0,2.2
2025-08-05,2025-08-05 13:24:29.200,MO2508-C-7500,2.0,2.0,2.2
2025-08-05,2025-08-05 13:24:35.200,MO2508-C-7500,2.0,2.0,2.2
2025-08-05,2025-08-05 13:24:35.700,MO2508-C-7500,2.0,2.0,2.2
2025-08-05,2025-08-05 13:24:36.200,MO2508-C-7500,2.0,2.0,2.2
2025-08-05,2025-08-05 13:24:36.700,MO2508-C-7500,2.0,2.0,2.2
2025-08-05,2025-08-05 13:24:47.700,MO2508-C-7500,2.0,2.0,2.2
2025-08-05,2025-08-05 13:24:48.200,MO2508-C-7500,2.0,2.0,2.2
2025-08-05,2025-08-05 13:24:48.700,MO2508-C-7500,2.0,2.0,2.2
2025-08-05,2025-08-05 13:24:50.200,MO2508-C-7500,2.0,2.0,2.2
2025-08-05,2025-08-05 13:24:50.700,MO2508-C-7500,2.0,2.0,2.2
2025-08-05,2025-08-05 13:24:51.700,MO2508-C-7500,2.0,2.0,2.2
2025-08-05,2025-08-05 13:24:52.200,MO2508-C-7500,2.0,2.0,2.2
2025-08-05,2025-08-05 13:24:58.700,MO2508-C-7500,2.0,2.0,2.2
2025-08-05,2025-08-05 13:24:59.200,MO2508-C-7500,2.0,2.0,2.2
2025-08-05,2025-08-05 13:25:28.700,MO2508-C-7500,2.0,2.0,2.2
2025-08-05,2025-08-05 13:25:29.200,MO2508-C-7500,2.0,2.0,2.2
2025-08-05,2025-08-05 13:25:58.700,MO2508-C-7500,2.0,2.0,2.2
2025-08-05,2025-08-05 13:25:59.200,MO2508-C-7500,2.0,2.0,2.2
2025-08-05,2025-08-05 13:26:28.700,MO2508-C-7500,2.0,2.0,2.2
2025-08-05,2025-08-05 13:26:29.200,MO2508-C-7500,2.0,2.0,2.2
2025-08-05,2025-08-05 13:26:58.700,MO2508-C-7500,2.0,2.0,2.2
2025-08-05,2025-08-05 13:26:59.200,MO2508-C-7500,2.0,2.0,2.2
2025-08-05,2025-08-05 13:27:00.700,MO2508-C-7500,2.0,2.0,2.2
2025-08-05,2025-08-05 13:27:02.700,MO2508-C-7500,2.0,2.0,2.2
2025-08-05,2025-08-05 13:27:03.200,MO2508-C-7500,2.0,2.0,2.2
2025-08-05,2025-08-05 13:27:28.700,MO2508-C-7500,2.0,2.0,2.2
2025-08-05,2025-08-05 13:27:29.200,MO2508-C-7500,2.0,2.0,2.2
2025-08-05,2025-08-05 13:27:33.200,MO2508-C-7500,2.0,2.0,2.2
2025-08-05,2025-08-05 13:27:36.200,MO2508-C-7500,2.0,2.0,2.2
2025-08-05,2025-08-05 13:27:36.700,MO2508-C-7500,2.0,2.0,2.2
2025-08-05,2025-08-05 13:27:53.200,MO2508-C-7500,2.0,2.0,2.2
2025-08-05,2025-08-05 13:27:53.700,MO2508-C-7500,2.0,2.0,2.2
2025-08-05,2025-08-05 13:27:54.200,MO2508-C-7500,2.0,2.0,2.2
2025-08-05,2025-08-05 13:27:55.700,MO2508-C-7500,2.0,2.0,2.2
2025-08-05,2025-08-05 13:27:57.200,MO2508-C-7500,2.0,2.0,2.2
2025-08-05,2025-08-05 13:27:58.200,MO2508-C-7500,2.0,2.0,2.2
2025-08-05,2025-08-05 13:27:58.700,MO2508-C-7500,2.0,2.0,2.2
2025-08-05,2025-08-05 13:27:59.200,MO2508-C-7500,2.0,2.0,2.2
2025-08-05,2025-08-05 13:28:14.700,MO2508-C-7500,2.0,2.0,2.2
2025-08-05,2025-08-05 13:28:15.200,MO2508-C-7500,2.0,2.0,2.2
2025-08-05,2025-08-05 13:28:16.200,MO2508-C-7500,2.0,2.0,2.2
2025-08-05,2025-08-05 13:28:17.700,MO2508-C-7500,2.0,2.0,2.2
2025-08-05,2025-08-05 13:28:21.700,MO2508-C-7500,2.0,2.0,2.2
2025-08-05,2025-08-05 13:28:22.200,MO2508-C-7500,2.0,2.0,2.2
2025-08-05,2025-08-05 13:28:22.700,MO2508-C-7500,2.0,2.0,2.2
2025-08-05,2025-08-05 13:28:23.700,MO2508-C-7500,2.0,2.0,2.2
2025-08-05,2025-08-05 13:28:24.200,MO2508-C-7500,2.0,2.0,2.2
2025-08-05,2025-08-05 13:28:24.700,MO2508-C-7500,2.0,2.0,2.2
2025-08-05,2025-08-05 13:28:25.200,MO2508-C-7500,2.0,2.0,2.2
2025-08-05,2025-08-05 13:28:26.200,MO2508-C-7500,2.0,2.0,2.2
2025-08-05,2025-08-05 13:28:26.700,MO2508-C-7500,2.0,2.0,2.2
2025-08-05,2025-08-05 13:28:27.200,MO2508-C-7500,2.0,1.8,2.0
2025-08-05,2025-08-05 13:28:27.700,MO2508-C-7500,2.0,1.8,2.0
2025-08-05,2025-08-05 13:28:28.200,MO2508-C-7500,2.0,1.8,2.0
2025-08-05,2025-08-05 13:28:28.700,MO2508-C-7500,2.0,1.8,2.0
2025-08-05,2025-08-05 13:28:29.200,MO2508-C-7500,2.0,1.8,2.0
2025-08-05,2025-08-05 13:28:36.200,MO2508-C-7500,2.0,1.8,2.0
2025-08-05,2025-08-05 13:28:38.200,MO2508-C-7500,2.0,1.8,2.0
2025-08-05,2025-08-05 13:28:38.700,MO2508-C-7500,2.0,1.8,2.0
2025-08-05,2025-08-05 13:28:41.700,MO2508-C-7500,2.0,1.8,2.0
2025-08-05,2025-08-05 13:28:54.200,MO2508-C-7500,2.0,1.8,2.0
2025-08-05,2025-08-05 13:28:54.700,MO2508-C-7500,2.0,1.8,2.0
2025-08-05,2025-08-05 13:28:55.200,MO2508-C-7500,2.0,1.8,2.0
2025-08-05,2025-08-05 13:28:58.700,MO2508-C-7500,2.0,1.8,2.0
2025-08-05,2025-08-05 13:28:59.200,MO2508-C-7500,2.0,1.8,2.0
2025-08-05,2025-08-05 13:29:28.700,MO2508-C-7500,2.0,1.8,2.0
2025-08-05,2025-08-05 13:29:29.200,MO2508-C-7500,2.0,1.8,2.0
2025-08-05,2025-08-05 13:29:35.200,MO2508-C-7500,2.0,1.8,2.0
2025-08-05,2025-08-05 13:29:38.200,MO2508-C-7500,2.0,1.8,2.0
2025-08-05,2025-08-05 13:29:42.200,MO2508-C-7500,2.0,1.8,2.0
2025-08-05,2025-08-05 13:29:43.200,MO2508-C-7500,2.0,1.8,2.0
2025-08-05,2025-08-05 13:29:44.200,MO2508-C-7500,2.0,1.8,2.0
2025-08-05,2025-08-05 13:29:44.700,MO2508-C-7500,2.0,1.8,2.0
2025-08-05,2025-08-05 13:29:45.200,MO2508-C-7500,2.0,1.8,2.0
2025-08-05,2025-08-05 13:29:58.700,MO2508-C-7500,2.0,1.8,2.0
2025-08-05,2025-08-05 13:29:59.200,MO2508-C-7500,2.0,1.8,2.0
2025-08-05,2025-08-05 13:30:06.200,MO2508-C-7500,2.0,1.8,2.0
2025-08-05,2025-08-05 13:30:28.700,MO2508-C-7500,2.0,1.8,2.0
2025-08-05,2025-08-05 13:30:29.200,MO2508-C-7500,2.0,1.8,2.0
2025-08-05,2025-08-05 13:30:55.200,MO2508-C-7500,2.0,1.8,2.0
2025-08-05,2025-08-05 13:30:56.200,MO2508-C-7500,2.0,1.8,2.0
2025-08-05,2025-08-05 13:30:58.700,MO2508-C-7500,2.0,1.8,2.0
2025-08-05,2025-08-05 13:30:59.200,MO2508-C-7500,2.0,1.8,2.0
2025-08-05,2025-08-05 13:31:22.700,MO2508-C-7500,2.0,1.8,2.0
2025-08-05,2025-08-05 13:31:24.700,MO2508-C-7500,2.0,1.8,2.0
2025-08-05,2025-08-05 13:31:28.700,MO2508-C-7500,2.0,1.8,2.0
2025-08-05,2025-08-05 13:31:29.200,MO2508-C-7500,2.0,1.8,2.0
2025-08-05,2025-08-05 13:31:32.200,MO2508-C-7500,2.0,1.8,2.0
2025-08-05,2025-08-05 13:31:33.200,MO2508-C-7500,2.0,1.8,2.0
2025-08-05,2025-08-05 13:31:35.200,MO2508-C-7500,2.0,1.8,2.0
2025-08-05,2025-08-05 13:31:35.700,MO2508-C-7500,2.0,1.8,2.0
2025-08-05,2025-08-05 13:31:38.200,MO2508-C-7500,2.0,1.8,2.0
2025-08-05,2025-08-05 13:31:40.200,MO2508-C-7500,2.0,1.8,2.0
2025-08-05,2025-08-05 13:31:44.200,MO2508-C-7500,2.0,1.8,2.0
2025-08-05,2025-08-05 13:31:56.200,MO2508-C-7500,2.0,1.8,2.0
2025-08-05,2025-08-05 13:31:58.700,MO2508-C-7500,2.0,1.8,2.0
2025-08-05,2025-08-05 13:31:59.200,MO2508-C-7500,2.0,1.8,2.0
2025-08-05,2025-08-05 13:32:28.200,MO2508-C-7500,2.0,1.8,2.0
2025-08-05,2025-08-05 13:32:28.700,MO2508-C-7500,2.0,1.8,2.0
2025-08-05,2025-08-05 13:32:29.200,MO2508-C-7500,2.0,1.8,2.0
2025-08-05,2025-08-05 13:32:30.200,MO2508-C-7500,2.0,1.8,2.0
2025-08-05,2025-08-05 13:32:33.200,MO2508-C-7500,2.0,1.8,2.0
2025-08-05,2025-08-05 13:32:37.200,MO2508-C-7500,2.0,1.8,2.0
2025-08-05,2025-08-05 13:32:38.200,MO2508-C-7500,2.0,1.8,2.0
2025-08-05,2025-08-05 13:32:39.200,MO2508-C-7500,2.0,1.8,2.0
2025-08-05,2025-08-05 13:32:40.200,MO2508-C-7500,2.0,1.8,2.0
2025-08-05,2025-08-05 13:32:41.200,MO2508-C-7500,2.0,1.8,2.0
2025-08-05,2025-08-05 13:32:42.200,MO2508-C-7500,2.0,1.8,2.0
2025-08-05,2025-08-05 13:32:50.200,MO2508-C-7500,2.0,1.8,2.0
2025-08-05,2025-08-05 13:32:58.700,MO2508-C-7500,2.0,1.8,2.0
2025-08-05,2025-08-05 13:32:59.200,MO2508-C-7500,2.0,1.8,2.0
2025-08-05,2025-08-05 13:33:07.700,MO2508-C-7500,2.0,1.8,2.0
2025-08-05,2025-08-05 13:33:08.700,MO2508-C-7500,2.0,1.8,2.0
2025-08-05,2025-08-05 13:33:09.200,MO2508-C-7500,2.0,1.8,2.0
2025-08-05,2025-08-05 13:33:09.700,MO2508-C-7500,2.0,1.8,2.0
2025-08-05,2025-08-05 13:33:10.200,MO2508-C-7500,2.0,1.8,2.0
2025-08-05,2025-08-05 13:33:11.200,MO2508-C-7500,2.0,1.8,2.0
2025-08-05,2025-08-05 13:33:18.200,MO2508-C-7500,2.0,1.8,2.0
2025-08-05,2025-08-05 13:33:26.200,MO2508-C-7500,2.0,1.8,2.0
2025-08-05,2025-08-05 13:33:28.700,MO2508-C-7500,2.0,1.8,2.0
2025-08-05,2025-08-05 13:33:29.200,MO2508-C-7500,2.0,1.8,2.0
2025-08-05,2025-08-05 13:33:34.200,MO2508-C-7500,2.0,1.8,2.0
2025-08-05,2025-08-05 13:33:39.200,MO2508-C-7500,2.0,1.8,2.0
2025-08-05,2025-08-05 13:33:47.200,MO2508-C-7500,2.0,1.8,2.0
2025-08-05,2025-08-05 13:33:47.700,MO2508-C-7500,2.0,1.8,2.0
2025-08-05,2025-08-05 13:33:58.700,MO2508-C-7500,2.0,1.8,2.0
2025-08-05,2025-08-05 13:33:59.200,MO2508-C-7500,2.0,1.8,2.0
2025-08-05,2025-08-05 13:34:10.200,MO2508-C-7500,2.0,1.8,2.0
2025-08-05,2025-08-05 13:34:10.700,MO2508-C-7500,2.0,1.8,2.0
2025-08-05,2025-08-05 13:34:11.200,MO2508-C-7500,2.0,1.8,2.0
2025-08-05,2025-08-05 13:34:11.700,MO2508-C-7500,2.0,1.8,2.0
2025-08-05,2025-08-05 13:34:16.200,MO2508-C-7500,2.0,1.8,2.0
2025-08-05,2025-08-05 13:34:27.200,MO2508-C-7500,2.0,1.8,2.0
2025-08-05,2025-08-05 13:34:28.700,MO2508-C-7500,2.0,1.8,2.0
2025-08-05,2025-08-05 13:34:29.200,MO2508-C-7500,2.0,1.8,2.0
2025-08-05,2025-08-05 13:34:40.200,MO2508-C-7500,2.0,1.8,2.0
2025-08-05,2025-08-05 13:34:46.700,MO2508-C-7500,2.0,1.8,2.0
2025-08-05,2025-08-05 13:34:47.200,MO2508-C-7500,2.0,1.8,2.0
2025-08-05,2025-08-05 13:34:53.700,MO2508-C-7500,2.0,1.8,2.0
2025-08-05,2025-08-05 13:34:58.700,MO2508-C-7500,2.0,1.8,2.0
2025-08-05,2025-08-05 13:34:59.200,MO2508-C-7500,2.0,1.8,2.0
2025-08-05,2025-08-05 13:35:02.200,MO2508-C-7500,2.0,1.8,2.0
2025-08-05,2025-08-05 13:35:07.200,MO2508-C-7500,2.0,1.8,2.0
2025-08-05,2025-08-05 13:35:28.200,MO2508-C-7500,2.0,1.8,2.0
2025-08-05,2025-08-05 13:35:28.700,MO2508-C-7500,2.0,1.8,2.0
2025-08-05,2025-08-05 13:35:29.200,MO2508-C-7500,2.0,1.8,2.0
2025-08-05,2025-08-05 13:35:58.700,MO2508-C-7500,2.0,1.8,2.0
2025-08-05,2025-08-05 13:35:59.200,MO2508-C-7500,2.0,1.8,2.0
2025-08-05,2025-08-05 13:36:28.700,MO2508-C-7500,2.0,1.8,2.0
2025-08-05,2025-08-05 13:36:29.200,MO2508-C-7500,2.0,1.8,2.0
2025-08-05,2025-08-05 13:36:58.700,MO2508-C-7500,2.0,1.8,2.0
2025-08-05,2025-08-05 13:36:59.200,MO2508-C-7500,2.0,1.8,2.0
2025-08-05,2025-08-05 13:37:05.200,MO2508-C-7500,2.0,1.8,2.0
2025-08-05,2025-08-05 13:37:28.700,MO2508-C-7500,2.0,1.8,2.0
2025-08-05,2025-08-05 13:37:29.200,MO2508-C-7500,2.0,1.8,2.0
2025-08-05,2025-08-05 13:37:37.200,MO2508-C-7500,2.0,1.8,2.0
2025-08-05,2025-08-05 13:37:37.700,MO2508-C-7500,2.0,1.8,2.0
2025-08-05,2025-08-05 13:37:38.200,MO2508-C-7500,2.0,1.8,2.0
2025-08-05,2025-08-05 13:37:44.700,MO2508-C-7500,2.0,1.8,2.0
2025-08-05,2025-08-05 13:37:47.200,MO2508-C-7500,2.0,1.8,2.0
2025-08-05,2025-08-05 13:37:47.700,MO2508-C-7500,2.0,1.8,2.0
2025-08-05,2025-08-05 13:37:58.700,MO2508-C-7500,2.0,1.8,2.0
2025-08-05,2025-08-05 13:37:59.200,MO2508-C-7500,2.0,1.8,2.0
2025-08-05,2025-08-05 13:38:15.700,MO2508-C-7500,2.0,1.8,2.0
2025-08-05,2025-08-05 13:38:16.200,MO2508-C-7500,2.0,1.8,2.0
2025-08-05,2025-08-05 13:38:16.700,MO2508-C-7500,2.0,1.8,2.0
2025-08-05,2025-08-05 13:38:17.200,MO2508-C-7500,2.0,1.8,2.0
2025-08-05,2025-08-05 13:38:17.700,MO2508-C-7500,2.0,1.8,2.0
2025-08-05,2025-08-05 13:38:18.200,MO2508-C-7500,2.0,1.8,2.0
2025-08-05,2025-08-05 13:38:18.700,MO2508-C-7500,2.0,1.8,2.0
2025-08-05,2025-08-05 13:38:28.700,MO2508-C-7500,2.0,1.8,2.0
2025-08-05,2025-08-05 13:38:29.200,MO2508-C-7500,2.0,1.8,2.0
2025-08-05,2025-08-05 13:38:29.700,MO2508-C-7500,2.0,1.8,2.0
2025-08-05,2025-08-05 13:38:58.700,MO2508-C-7500,2.0,1.8,2.0
2025-08-05,2025-08-05 13:38:59.200,MO2508-C-7500,2.0,1.8,2.0
2025-08-05,2025-08-05 13:38:59.700,MO2508-C-7500,2.0,1.8,2.0
2025-08-05,2025-08-05 13:39:28.700,MO2508-C-7500,2.0,1.8,2.0
2025-08-05,2025-08-05 13:39:29.200,MO2508-C-7500,2.0,1.8,2.0
2025-08-05,2025-08-05 13:39:29.700,MO2508-C-7500,2.0,1.8,2.0
2025-08-05,2025-08-05 13:39:36.700,MO2508-C-7500,2.0,1.8,2.0
2025-08-05,2025-08-05 13:39:37.200,MO2508-C-7500,2.0,1.8,2.0
2025-08-05,2025-08-05 13:39:58.700,MO2508-C-7500,2.0,1.8,2.0
2025-08-05,2025-08-05 13:39:59.200,MO2508-C-7500,2.0,1.8,2.0
2025-08-05,2025-08-05 13:39:59.700,MO2508-C-7500,2.0,1.8,2.0
2025-08-05,2025-08-05 13:40:26.700,MO2508-C-7500,2.0,1.8,2.0
2025-08-05,2025-08-05 13:40:28.700,MO2508-C-7500,2.0,1.8,2.0
2025-08-05,2025-08-05 13:40:29.200,MO2508-C-7500,2.0,1.8,2.0
2025-08-05,2025-08-05 13:40:29.700,MO2508-C-7500,2.0,1.8,2.0
2025-08-05,2025-08-05 13:40:34.700,MO2508-C-7500,2.0,1.8,2.0
2025-08-05,2025-08-05 13:40:35.200,MO2508-C-7500,2.0,1.8,2.0
2025-08-05,2025-08-05 13:40:37.200,MO2508-C-7500,2.0,1.8,2.0
2025-08-05,2025-08-05 13:40:37.700,MO2508-C-7500,2.0,1.8,2.0
2025-08-05,2025-08-05 13:40:38.200,MO2508-C-7500,2.0,1.8,2.0
2025-08-05,2025-08-05 13:40:58.700,MO2508-C-7500,2.0,1.8,2.0
2025-08-05,2025-08-05 13:40:59.200,MO2508-C-7500,2.0,1.8,2.0
2025-08-05,2025-08-05 13:41:02.200,MO2508-C-7500,2.0,1.8,2.0
2025-08-05,2025-08-05 13:41:02.700,MO2508-C-7500,2.0,1.8,2.0
2025-08-05,2025-08-05 13:41:11.200,MO2508-C-7500,2.0,1.8,2.0
2025-08-05,2025-08-05 13:41:13.200,MO2508-C-7500,2.0,1.8,2.0
2025-08-05,2025-08-05 13:41:28.700,MO2508-C-7500,2.0,1.8,2.0
2025-08-05,2025-08-05 13:41:29.200,MO2508-C-7500,2.0,1.8,2.0
2025-08-05,2025-08-05 13:41:31.200,MO2508-C-7500,2.0,1.8,2.0
2025-08-05,2025-08-05 13:41:37.200,MO2508-C-7500,2.0,1.8,2.0
2025-08-05,2025-08-05 13:41:45.200,MO2508-C-7500,2.0,1.8,2.0
2025-08-05,2025-08-05 13:41:47.200,MO2508-C-7500,2.0,1.8,2.0
2025-08-05,2025-08-05 13:41:48.200,MO2508-C-7500,2.0,1.8,2.0
2025-08-05,2025-08-05 13:41:52.200,MO2508-C-7500,2.0,1.8,2.0
2025-08-05,2025-08-05 13:41:58.700,MO2508-C-7500,2.0,1.8,2.0
2025-08-05,2025-08-05 13:41:59.200,MO2508-C-7500,2.0,1.8,2.0
2025-08-05,2025-08-05 13:42:13.200,MO2508-C-7500,2.0,1.8,2.0
2025-08-05,2025-08-05 13:42:14.200,MO2508-C-7500,2.0,1.8,2.0
2025-08-05,2025-08-05 13:42:26.700,MO2508-C-7500,1.8,1.8,2.0
2025-08-05,2025-08-05 13:42:28.700,MO2508-C-7500,1.8,1.8,2.0
2025-08-05,2025-08-05 13:42:29.200,MO2508-C-7500,1.8,1.8,2.0
2025-08-05,2025-08-05 13:42:37.200,MO2508-C-7500,1.8,1.8,2.0
2025-08-05,2025-08-05 13:42:39.200,MO2508-C-7500,1.8,1.8,2.0
2025-08-05,2025-08-05 13:42:58.700,MO2508-C-7500,1.8,1.8,2.0
2025-08-05,2025-08-05 13:42:59.200,MO2508-C-7500,1.8,1.8,2.0
2025-08-05,2025-08-05 13:43:00.200,MO2508-C-7500,1.8,1.8,2.0
2025-08-05,2025-08-05 13:43:00.700,MO2508-C-7500,1.8,1.8,2.0
2025-08-05,2025-08-05 13:43:01.700,MO2508-C-7500,1.8,1.8,2.0
2025-08-05,2025-08-05 13:43:02.200,MO2508-C-7500,1.8,1.8,2.0
2025-08-05,2025-08-05 13:43:03.200,MO2508-C-7500,1.8,1.8,2.0
2025-08-05,2025-08-05 13:43:03.700,MO2508-C-7500,1.8,1.8,2.0
2025-08-05,2025-08-05 13:43:07.200,MO2508-C-7500,1.8,1.8,2.0
2025-08-05,2025-08-05 13:43:10.200,MO2508-C-7500,1.8,1.8,2.0
2025-08-05,2025-08-05 13:43:23.200,MO2508-C-7500,1.8,1.8,2.0
2025-08-05,2025-08-05 13:43:25.200,MO2508-C-7500,1.8,1.8,2.0
2025-08-05,2025-08-05 13:43:26.200,MO2508-C-7500,1.8,1.8,2.0
2025-08-05,2025-08-05 13:43:26.700,MO2508-C-7500,1.8,1.8,2.0
2025-08-05,2025-08-05 13:43:28.700,MO2508-C-7500,1.8,1.8,2.0
2025-08-05,2025-08-05 13:43:29.200,MO2508-C-7500,1.8,1.8,2.0
2025-08-05,2025-08-05 13:43:29.700,MO2508-C-7500,1.8,1.8,2.0
2025-08-05,2025-08-05 13:43:35.700,MO2508-C-7500,1.8,1.8,2.0
2025-08-05,2025-08-05 13:43:58.700,MO2508-C-7500,1.8,1.8,2.0
2025-08-05,2025-08-05 13:43:59.200,MO2508-C-7500,1.8,1.8,2.0
2025-08-05,2025-08-05 13:44:00.200,MO2508-C-7500,2.0,1.8,2.0
2025-08-05,2025-08-05 13:44:00.700,MO2508-C-7500,2.0,1.8,2.2
2025-08-05,2025-08-05 13:44:01.200,MO2508-C-7500,2.0,1.8,2.2
2025-08-05,2025-08-05 13:44:01.700,MO2508-C-7500,2.0,1.8,2.2
2025-08-05,2025-08-05 13:44:28.700,MO2508-C-7500,2.0,1.8,2.2
2025-08-05,2025-08-05 13:44:29.200,MO2508-C-7500,2.0,1.8,2.2
2025-08-05,2025-08-05 13:44:35.200,MO2508-C-7500,2.0,1.8,2.2
2025-08-05,2025-08-05 13:44:36.200,MO2508-C-7500,2.0,1.8,2.2
2025-08-05,2025-08-05 13:44:42.200,MO2508-C-7500,2.0,1.8,2.2
2025-08-05,2025-08-05 13:44:43.700,MO2508-C-7500,2.0,1.8,2.2
2025-08-05,2025-08-05 13:44:44.700,MO2508-C-7500,2.0,1.8,2.2
2025-08-05,2025-08-05 13:44:46.200,MO2508-C-7500,2.0,1.8,2.2
2025-08-05,2025-08-05 13:44:51.700,MO2508-C-7500,2.0,1.8,2.2
2025-08-05,2025-08-05 13:44:58.700,MO2508-C-7500,2.0,1.8,2.2
2025-08-05,2025-08-05 13:44:59.200,MO2508-C-7500,2.0,1.8,2.2
2025-08-05,2025-08-05 13:45:05.700,MO2508-C-7500,2.0,1.8,2.2
2025-08-05,2025-08-05 13:45:06.200,MO2508-C-7500,2.0,1.8,2.2
2025-08-05,2025-08-05 13:45:07.200,MO2508-C-7500,2.0,1.8,2.2
2025-08-05,2025-08-05 13:45:08.200,MO2508-C-7500,2.0,1.8,2.2
2025-08-05,2025-08-05 13:45:11.200,MO2508-C-7500,2.0,1.8,2.2
2025-08-05,2025-08-05 13:45:12.200,MO2508-C-7500,2.0,1.8,2.2
2025-08-05,2025-08-05 13:45:23.200,MO2508-C-7500,2.0,1.8,2.2
2025-08-05,2025-08-05 13:45:25.200,MO2508-C-7500,2.0,1.8,2.2
2025-08-05,2025-08-05 13:45:26.200,MO2508-C-7500,2.0,1.8,2.2
2025-08-05,2025-08-05 13:45:28.700,MO2508-C-7500,2.0,1.8,2.2
2025-08-05,2025-08-05 13:45:29.200,MO2508-C-7500,2.0,1.8,2.2
2025-08-05,2025-08-05 13:45:30.200,MO2508-C-7500,2.0,1.8,2.2
2025-08-05,2025-08-05 13:45:34.700,MO2508-C-7500,2.0,1.8,2.2
2025-08-05,2025-08-05 13:45:36.200,MO2508-C-7500,2.0,1.8,2.2
2025-08-05,2025-08-05 13:45:38.200,MO2508-C-7500,2.0,1.8,2.0
2025-08-05,2025-08-05 13:45:38.700,MO2508-C-7500,2.0,1.8,2.2
2025-08-05,2025-08-05 13:45:39.200,MO2508-C-7500,2.0,1.8,2.2
2025-08-05,2025-08-05 13:45:39.700,MO2508-C-7500,2.0,1.8,2.2
2025-08-05,2025-08-05 13:45:40.200,MO2508-C-7500,2.0,1.8,2.2
2025-08-05,2025-08-05 13:45:40.700,MO2508-C-7500,2.0,1.8,2.2
2025-08-05,2025-08-05 13:45:45.200,MO2508-C-7500,2.0,1.8,2.2
2025-08-05,2025-08-05 13:45:46.200,MO2508-C-7500,2.0,1.8,2.2
2025-08-05,2025-08-05 13:45:46.700,MO2508-C-7500,2.0,1.8,2.2
2025-08-05,2025-08-05 13:45:47.200,MO2508-C-7500,2.0,1.8,2.2
2025-08-05,2025-08-05 13:45:47.700,MO2508-C-7500,2.0,1.8,2.2
2025-08-05,2025-08-05 13:45:49.700,MO2508-C-7500,2.0,1.8,2.2
2025-08-05,2025-08-05 13:45:50.700,MO2508-C-7500,2.0,1.8,2.2
2025-08-05,2025-08-05 13:45:58.700,MO2508-C-7500,2.0,1.8,2.2
2025-08-05,2025-08-05 13:45:59.200,MO2508-C-7500,2.0,1.8,2.2
2025-08-05,2025-08-05 13:46:00.200,MO2508-C-7500,2.0,1.8,2.2
2025-08-05,2025-08-05 13:46:01.200,MO2508-C-7500,2.0,1.8,2.2
2025-08-05,2025-08-05 13:46:07.700,MO2508-C-7500,2.0,1.8,2.2
2025-08-05,2025-08-05 13:46:08.700,MO2508-C-7500,2.0,1.8,2.2
2025-08-05,2025-08-05 13:46:28.700,MO2508-C-7500,2.0,1.8,2.2
2025-08-05,2025-08-05 13:46:29.200,MO2508-C-7500,2.0,1.8,2.2
2025-08-05,2025-08-05 13:46:33.200,MO2508-C-7500,2.0,1.8,2.2
2025-08-05,2025-08-05 13:46:34.200,MO2508-C-7500,2.0,1.8,2.2
2025-08-05,2025-08-05 13:46:39.200,MO2508-C-7500,2.0,1.8,2.2
2025-08-05,2025-08-05 13:46:40.700,MO2508-C-7500,2.0,1.8,2.2
2025-08-05,2025-08-05 13:46:41.200,MO2508-C-7500,2.0,1.8,2.2
2025-08-05,2025-08-05 13:46:41.700,MO2508-C-7500,2.0,1.8,2.2
2025-08-05,2025-08-05 13:46:42.200,MO2508-C-7500,2.0,1.8,2.2
2025-08-05,2025-08-05 13:46:42.700,MO2508-C-7500,2.0,1.8,2.2
2025-08-05,2025-08-05 13:46:44.200,MO2508-C-7500,2.0,1.8,2.2
2025-08-05,2025-08-05 13:46:45.700,MO2508-C-7500,2.0,1.8,2.2
2025-08-05,2025-08-05 13:46:47.700,MO2508-C-7500,2.0,1.8,2.2
2025-08-05,2025-08-05 13:46:58.700,MO2508-C-7500,2.0,1.8,2.2
2025-08-05,2025-08-05 13:46:59.200,MO2508-C-7500,2.0,1.8,2.2
2025-08-05,2025-08-05 13:47:10.700,MO2508-C-7500,2.0,1.8,2.2
2025-08-05,2025-08-05 13:47:28.200,MO2508-C-7500,2.0,1.8,2.2
2025-08-05,2025-08-05 13:47:28.700,MO2508-C-7500,2.0,1.8,2.2
2025-08-05,2025-08-05 13:47:29.200,MO2508-C-7500,2.0,1.8,2.2
2025-08-05,2025-08-05 13:47:30.700,MO2508-C-7500,2.0,1.8,2.2
2025-08-05,2025-08-05 13:47:37.200,MO2508-C-7500,2.0,1.8,2.2
2025-08-05,2025-08-05 13:47:38.200,MO2508-C-7500,2.0,1.8,2.2
2025-08-05,2025-08-05 13:47:58.700,MO2508-C-7500,2.0,1.8,2.2
2025-08-05,2025-08-05 13:47:59.200,MO2508-C-7500,2.0,1.8,2.2
2025-08-05,2025-08-05 13:48:08.200,MO2508-C-7500,2.0,1.8,2.2
2025-08-05,2025-08-05 13:48:28.700,MO2508-C-7500,2.0,1.8,2.2
2025-08-05,2025-08-05 13:48:29.200,MO2508-C-7500,2.0,1.8,2.2
2025-08-05,2025-08-05 13:48:38.200,MO2508-C-7500,2.0,1.8,2.2
2025-08-05,2025-08-05 13:48:42.700,MO2508-C-7500,2.0,1.8,2.2
2025-08-05,2025-08-05 13:48:43.700,MO2508-C-7500,2.0,1.8,2.2
2025-08-05,2025-08-05 13:48:58.700,MO2508-C-7500,2.0,1.8,2.2
2025-08-05,2025-08-05 13:48:59.200,MO2508-C-7500,2.0,1.8,2.2
2025-08-05,2025-08-05 13:49:18.200,MO2508-C-7500,2.0,1.8,2.2
2025-08-05,2025-08-05 13:49:25.200,MO2508-C-7500,2.0,1.8,2.2
2025-08-05,2025-08-05 13:49:26.200,MO2508-C-7500,2.0,1.8,2.2
2025-08-05,2025-08-05 13:49:28.700,MO2508-C-7500,2.0,1.8,2.2
2025-08-05,2025-08-05 13:49:29.200,MO2508-C-7500,2.0,1.8,2.2
2025-08-05,2025-08-05 13:49:38.200,MO2508-C-7500,2.0,1.8,2.2
2025-08-05,2025-08-05 13:49:41.700,MO2508-C-7500,2.0,1.8,2.2
2025-08-05,2025-08-05 13:49:42.700,MO2508-C-7500,2.0,1.8,2.2
2025-08-05,2025-08-05 13:49:56.200,MO2508-C-7500,2.0,1.8,2.2
2025-08-05,2025-08-05 13:49:56.700,MO2508-C-7500,2.0,1.8,2.2
2025-08-05,2025-08-05 13:49:58.700,MO2508-C-7500,2.0,1.8,2.2
2025-08-05,2025-08-05 13:49:59.200,MO2508-C-7500,2.0,1.8,2.2
2025-08-05,2025-08-05 13:50:10.200,MO2508-C-7500,2.0,1.8,2.2
2025-08-05,2025-08-05 13:50:10.700,MO2508-C-7500,2.0,1.8,2.2
2025-08-05,2025-08-05 13:50:11.700,MO2508-C-7500,2.0,1.8,2.2
2025-08-05,2025-08-05 13:50:13.200,MO2508-C-7500,2.0,1.8,2.2
2025-08-05,2025-08-05 13:50:13.700,MO2508-C-7500,2.0,1.8,2.2
2025-08-05,2025-08-05 13:50:14.700,MO2508-C-7500,2.0,1.8,2.2
2025-08-05,2025-08-05 13:50:15.200,MO2508-C-7500,2.0,1.8,2.2
2025-08-05,2025-08-05 13:50:18.200,MO2508-C-7500,2.0,1.8,2.2
2025-08-05,2025-08-05 13:50:18.700,MO2508-C-7500,2.0,1.8,2.2
2025-08-05,2025-08-05 13:50:19.200,MO2508-C-7500,2.0,1.8,2.2
2025-08-05,2025-08-05 13:50:24.700,MO2508-C-7500,2.0,1.8,2.2
2025-08-05,2025-08-05 13:50:25.200,MO2508-C-7500,2.0,1.8,2.2
2025-08-05,2025-08-05 13:50:25.700,MO2508-C-7500,2.0,1.8,2.2
2025-08-05,2025-08-05 13:50:28.700,MO2508-C-7500,2.0,1.8,2.2
2025-08-05,2025-08-05 13:50:29.200,MO2508-C-7500,2.0,1.8,2.2
2025-08-05,2025-08-05 13:50:44.200,MO2508-C-7500,2.0,1.8,2.2
2025-08-05,2025-08-05 13:50:44.700,MO2508-C-7500,2.0,1.8,2.2
2025-08-05,2025-08-05 13:50:45.700,MO2508-C-7500,2.0,1.8,2.2
2025-08-05,2025-08-05 13:50:46.200,MO2508-C-7500,2.0,1.8,2.2
2025-08-05,2025-08-05 13:50:46.700,MO2508-C-7500,2.0,1.8,2.2
2025-08-05,2025-08-05 13:50:47.200,MO2508-C-7500,2.0,1.8,2.2
2025-08-05,2025-08-05 13:50:47.700,MO2508-C-7500,2.0,1.8,2.2
2025-08-05,2025-08-05 13:50:49.200,MO2508-C-7500,2.0,1.8,2.2
2025-08-05,2025-08-05 13:50:50.700,MO2508-C-7500,2.0,1.8,2.2
2025-08-05,2025-08-05 13:50:58.700,MO2508-C-7500,2.0,1.8,2.2
2025-08-05,2025-08-05 13:50:59.200,MO2508-C-7500,2.0,1.8,2.2
2025-08-05,2025-08-05 13:51:00.700,MO2508-C-7500,2.0,1.8,2.2
2025-08-05,2025-08-05 13:51:01.200,MO2508-C-7500,2.0,1.8,2.2
2025-08-05,2025-08-05 13:51:01.700,MO2508-C-7500,2.0,1.8,2.2
2025-08-05,2025-08-05 13:51:04.200,MO2508-C-7500,2.0,1.8,2.2
2025-08-05,2025-08-05 13:51:06.200,MO2508-C-7500,2.0,1.8,2.2
2025-08-05,2025-08-05 13:51:09.200,MO2508-C-7500,2.0,1.8,2.2
2025-08-05,2025-08-05 13:51:09.700,MO2508-C-7500,2.0,1.8,2.2
2025-08-05,2025-08-05 13:51:15.200,MO2508-C-7500,2.0,1.8,2.2
2025-08-05,2025-08-05 13:51:27.700,MO2508-C-7500,2.0,1.8,2.2
2025-08-05,2025-08-05 13:51:28.700,MO2508-C-7500,2.0,1.8,2.2
2025-08-05,2025-08-05 13:51:29.200,MO2508-C-7500,2.0,1.8,2.2
2025-08-05,2025-08-05 13:51:39.200,MO2508-C-7500,2.0,1.8,2.2
2025-08-05,2025-08-05 13:51:53.200,MO2508-C-7500,2.0,1.8,2.2
2025-08-05,2025-08-05 13:51:54.200,MO2508-C-7500,2.0,1.8,2.2
2025-08-05,2025-08-05 13:51:54.700,MO2508-C-7500,2.0,1.8,2.2
2025-08-05,2025-08-05 13:51:58.700,MO2508-C-7500,2.0,1.8,2.2
2025-08-05,2025-08-05 13:51:59.200,MO2508-C-7500,2.0,1.8,2.2
2025-08-05,2025-08-05 13:52:01.200,MO2508-C-7500,2.0,1.8,2.2
2025-08-05,2025-08-05 13:52:25.200,MO2508-C-7500,2.0,1.8,2.2
2025-08-05,2025-08-05 13:52:28.700,MO2508-C-7500,2.0,1.8,2.2
2025-08-05,2025-08-05 13:52:29.200,MO2508-C-7500,2.0,1.8,2.2
2025-08-05,2025-08-05 13:52:31.700,MO2508-C-7500,2.0,1.8,2.2
2025-08-05,2025-08-05 13:52:32.200,MO2508-C-7500,2.0,1.8,2.2
2025-08-05,2025-08-05 13:52:33.200,MO2508-C-7500,2.0,1.8,2.2
2025-08-05,2025-08-05 13:52:33.700,MO2508-C-7500,2.0,1.8,2.2
2025-08-05,2025-08-05 13:52:35.700,MO2508-C-7500,2.0,1.8,2.2
2025-08-05,2025-08-05 13:52:36.200,MO2508-C-7500,2.0,1.8,2.2
2025-08-05,2025-08-05 13:52:36.700,MO2508-C-7500,2.0,1.8,2.2
2025-08-05,2025-08-05 13:52:38.200,MO2508-C-7500,2.0,1.8,2.2
2025-08-05,2025-08-05 13:52:38.700,MO2508-C-7500,2.0,1.8,2.2
2025-08-05,2025-08-05 13:52:44.200,MO2508-C-7500,2.0,1.8,2.2
2025-08-05,2025-08-05 13:52:46.200,MO2508-C-7500,2.0,1.8,2.2
2025-08-05,2025-08-05 13:52:46.700,MO2508-C-7500,2.0,1.8,2.2
2025-08-05,2025-08-05 13:52:47.200,MO2508-C-7500,2.0,1.8,2.2
2025-08-05,2025-08-05 13:52:58.700,MO2508-C-7500,2.0,1.8,2.2
2025-08-05,2025-08-05 13:52:59.200,MO2508-C-7500,2.0,1.8,2.2
2025-08-05,2025-08-05 13:53:09.200,MO2508-C-7500,2.0,1.8,2.2
2025-08-05,2025-08-05 13:53:09.700,MO2508-C-7500,2.0,1.8,2.2
2025-08-05,2025-08-05 13:53:15.200,MO2508-C-7500,2.0,1.8,2.2
2025-08-05,2025-08-05 13:53:23.200,MO2508-C-7500,2.0,1.8,2.2
2025-08-05,2025-08-05 13:53:28.700,MO2508-C-7500,2.0,1.8,2.2
2025-08-05,2025-08-05 13:53:29.200,MO2508-C-7500,2.0,1.8,2.2
2025-08-05,2025-08-05 13:53:42.200,MO2508-C-7500,2.0,1.8,2.2
2025-08-05,2025-08-05 13:53:42.700,MO2508-C-7500,2.0,1.8,2.2
2025-08-05,2025-08-05 13:53:43.200,MO2508-C-7500,2.0,1.8,2.2
2025-08-05,2025-08-05 13:53:45.700,MO2508-C-7500,2.0,1.8,2.2
2025-08-05,2025-08-05 13:53:51.700,MO2508-C-7500,2.0,1.8,2.2
2025-08-05,2025-08-05 13:53:53.200,MO2508-C-7500,2.0,1.8,2.2
2025-08-05,2025-08-05 13:53:58.700,MO2508-C-7500,2.0,1.8,2.2
2025-08-05,2025-08-05 13:53:59.200,MO2508-C-7500,2.0,1.8,2.2
2025-08-05,2025-08-05 13:54:13.200,MO2508-C-7500,2.0,1.8,2.2
2025-08-05,2025-08-05 13:54:28.700,MO2508-C-7500,2.0,1.8,2.2
2025-08-05,2025-08-05 13:54:29.200,MO2508-C-7500,2.0,1.8,2.2
2025-08-05,2025-08-05 13:54:34.200,MO2508-C-7500,2.0,1.8,2.2
2025-08-05,2025-08-05 13:54:35.200,MO2508-C-7500,2.0,1.8,2.2
2025-08-05,2025-08-05 13:54:37.200,MO2508-C-7500,2.0,1.8,2.2
2025-08-05,2025-08-05 13:54:37.700,MO2508-C-7500,2.0,1.8,2.2
2025-08-05,2025-08-05 13:54:41.200,MO2508-C-7500,2.0,1.8,2.2
2025-08-05,2025-08-05 13:54:48.700,MO2508-C-7500,2.0,1.8,2.2
2025-08-05,2025-08-05 13:54:49.200,MO2508-C-7500,2.0,1.8,2.2
2025-08-05,2025-08-05 13:54:58.700,MO2508-C-7500,2.0,1.8,2.2
2025-08-05,2025-08-05 13:54:59.200,MO2508-C-7500,2.0,1.8,2.2
2025-08-05,2025-08-05 13:55:28.200,MO2508-C-7500,2.0,1.8,2.2
2025-08-05,2025-08-05 13:55:28.700,MO2508-C-7500,2.0,1.8,2.2
2025-08-05,2025-08-05 13:55:29.200,MO2508-C-7500,2.0,1.8,2.2
2025-08-05,2025-08-05 13:55:34.700,MO2508-C-7500,2.0,1.8,2.2
2025-08-05,2025-08-05 13:55:36.200,MO2508-C-7500,2.0,1.8,2.2
2025-08-05,2025-08-05 13:55:38.700,MO2508-C-7500,2.0,1.8,2.2
2025-08-05,2025-08-05 13:55:44.200,MO2508-C-7500,2.0,1.8,2.2
2025-08-05,2025-08-05 13:55:44.700,MO2508-C-7500,2.0,1.8,2.2
2025-08-05,2025-08-05 13:55:56.200,MO2508-C-7500,2.0,1.8,2.2
2025-08-05,2025-08-05 13:55:56.700,MO2508-C-7500,2.0,1.8,2.2
2025-08-05,2025-08-05 13:55:57.200,MO2508-C-7500,2.0,1.8,2.2
2025-08-05,2025-08-05 13:55:58.700,MO2508-C-7500,2.0,1.8,2.2
2025-08-05,2025-08-05 13:55:59.200,MO2508-C-7500,2.0,1.8,2.2
2025-08-05,2025-08-05 13:56:01.700,MO2508-C-7500,2.0,1.8,2.2
2025-08-05,2025-08-05 13:56:02.200,MO2508-C-7500,2.0,1.8,2.2
2025-08-05,2025-08-05 13:56:07.200,MO2508-C-7500,2.0,1.8,2.2
2025-08-05,2025-08-05 13:56:10.700,MO2508-C-7500,2.0,1.8,2.2
2025-08-05,2025-08-05 13:56:11.700,MO2508-C-7500,2.0,1.8,2.2
2025-08-05,2025-08-05 13:56:12.200,MO2508-C-7500,2.0,1.8,2.2
2025-08-05,2025-08-05 13:56:15.700,MO2508-C-7500,2.0,1.8,2.2
2025-08-05,2025-08-05 13:56:16.200,MO2508-C-7500,2.0,1.8,2.2
2025-08-05,2025-08-05 13:56:20.200,MO2508-C-7500,2.0,1.8,2.2
2025-08-05,2025-08-05 13:56:20.700,MO2508-C-7500,2.0,1.8,2.2
2025-08-05,2025-08-05 13:56:28.700,MO2508-C-7500,2.0,1.8,2.2
2025-08-05,2025-08-05 13:56:29.200,MO2508-C-7500,2.0,1.8,2.2
2025-08-05,2025-08-05 13:56:36.200,MO2508-C-7500,2.0,1.8,2.2
2025-08-05,2025-08-05 13:56:38.200,MO2508-C-7500,2.0,1.8,2.2
2025-08-05,2025-08-05 13:56:38.700,MO2508-C-7500,2.0,1.8,2.2
2025-08-05,2025-08-05 13:56:46.200,MO2508-C-7500,2.0,1.8,2.2
2025-08-05,2025-08-05 13:56:58.700,MO2508-C-7500,2.0,1.8,2.2
2025-08-05,2025-08-05 13:56:59.200,MO2508-C-7500,2.0,1.8,2.2
2025-08-05,2025-08-05 13:57:28.700,MO2508-C-7500,2.0,1.8,2.2
2025-08-05,2025-08-05 13:57:29.200,MO2508-C-7500,2.0,1.8,2.2
2025-08-05,2025-08-05 13:57:58.700,MO2508-C-7500,2.0,1.8,2.2
2025-08-05,2025-08-05 13:57:59.200,MO2508-C-7500,2.0,1.8,2.2
2025-08-05,2025-08-05 13:57:59.700,MO2508-C-7500,2.0,1.8,2.2
2025-08-05,2025-08-05 13:58:00.200,MO2508-C-7500,2.0,1.8,2.2
2025-08-05,2025-08-05 13:58:01.200,MO2508-C-7500,2.0,1.8,2.2
2025-08-05,2025-08-05 13:58:02.700,MO2508-C-7500,2.0,1.8,2.2
2025-08-05,2025-08-05 13:58:03.700,MO2508-C-7500,2.0,1.8,2.2
2025-08-05,2025-08-05 13:58:07.200,MO2508-C-7500,2.0,1.8,2.2
2025-08-05,2025-08-05 13:58:07.700,MO2508-C-7500,2.0,1.8,2.2
2025-08-05,2025-08-05 13:58:08.200,MO2508-C-7500,2.0,1.8,2.2
2025-08-05,2025-08-05 13:58:08.700,MO2508-C-7500,2.0,1.8,2.2
2025-08-05,2025-08-05 13:58:09.200,MO2508-C-7500,2.0,1.8,2.2
2025-08-05,2025-08-05 13:58:09.700,MO2508-C-7500,2.0,1.8,2.2
2025-08-05,2025-08-05 13:58:14.200,MO2508-C-7500,2.0,1.8,2.2
2025-08-05,2025-08-05 13:58:16.200,MO2508-C-7500,2.0,1.8,2.2
2025-08-05,2025-08-05 13:58:18.700,MO2508-C-7500,2.0,1.8,2.2
2025-08-05,2025-08-05 13:58:19.700,MO2508-C-7500,2.0,1.8,2.2
2025-08-05,2025-08-05 13:58:20.200,MO2508-C-7500,2.0,1.8,2.2
2025-08-05,2025-08-05 13:58:27.200,MO2508-C-7500,2.0,1.8,2.2
2025-08-05,2025-08-05 13:58:27.700,MO2508-C-7500,2.0,1.8,2.2
2025-08-05,2025-08-05 13:58:28.700,MO2508-C-7500,2.0,1.8,2.2
2025-08-05,2025-08-05 13:58:29.200,MO2508-C-7500,2.0,1.8,2.2
2025-08-05,2025-08-05 13:58:31.700,MO2508-C-7500,2.0,1.8,2.2
2025-08-05,2025-08-05 13:58:35.200,MO2508-C-7500,2.0,1.8,2.2
2025-08-05,2025-08-05 13:58:41.700,MO2508-C-7500,2.0,1.8,2.2
2025-08-05,2025-08-05 13:58:55.200,MO2508-C-7500,2.0,1.8,2.2
2025-08-05,2025-08-05 13:58:58.700,MO2508-C-7500,2.0,1.8,2.2
2025-08-05,2025-08-05 13:58:59.200,MO2508-C-7500,2.0,1.8,2.2
2025-08-05,2025-08-05 13:59:01.200,MO2508-C-7500,2.0,1.8,2.2
2025-08-05,2025-08-05 13:59:26.200,MO2508-C-7500,2.0,1.8,2.2
2025-08-05,2025-08-05 13:59:27.700,MO2508-C-7500,2.0,1.8,2.2
2025-08-05,2025-08-05 13:59:28.200,MO2508-C-7500,2.0,1.8,2.2
2025-08-05,2025-08-05 13:59:28.700,MO2508-C-7500,2.0,1.8,2.2
2025-08-05,2025-08-05 13:59:29.200,MO2508-C-7500,2.0,1.8,2.2
2025-08-05,2025-08-05 13:59:38.700,MO2508-C-7500,2.0,1.8,2.0
2025-08-05,2025-08-05 13:59:39.200,MO2508-C-7500,2.0,1.8,2.0
2025-08-05,2025-08-05 13:59:39.700,MO2508-C-7500,2.0,1.8,2.0
2025-08-05,2025-08-05 13:59:48.200,MO2508-C-7500,2.0,1.8,2.0
2025-08-05,2025-08-05 13:59:48.700,MO2508-C-7500,2.0,1.8,2.0
2025-08-05,2025-08-05 13:59:56.700,MO2508-C-7500,2.0,1.8,2.0
2025-08-05,2025-08-05 13:59:57.700,MO2508-C-7500,2.0,1.8,2.0
2025-08-05,2025-08-05 13:59:58.200,MO2508-C-7500,2.0,1.8,2.0
2025-08-05,2025-08-05 13:59:58.700,MO2508-C-7500,2.0,1.8,2.0
2025-08-05,2025-08-05 13:59:59.200,MO2508-C-7500,2.0,1.8,2.0
2025-08-05,2025-08-05 14:00:28.700,MO2508-C-7500,2.0,1.8,2.0
2025-08-05,2025-08-05 14:00:29.200,MO2508-C-7500,2.0,1.8,2.0
2025-08-05,2025-08-05 14:00:36.200,MO2508-C-7500,2.0,1.8,2.0
2025-08-05,2025-08-05 14:00:58.700,MO2508-C-7500,2.0,1.8,2.0
2025-08-05,2025-08-05 14:00:59.200,MO2508-C-7500,2.0,1.8,2.0
2025-08-05,2025-08-05 14:00:59.700,MO2508-C-7500,2.0,1.8,2.0
2025-08-05,2025-08-05 14:01:01.200,MO2508-C-7500,2.0,1.8,2.0
2025-08-05,2025-08-05 14:01:09.700,MO2508-C-7500,2.0,1.8,2.0
2025-08-05,2025-08-05 14:01:10.700,MO2508-C-7500,2.0,1.8,2.0
2025-08-05,2025-08-05 14:01:11.700,MO2508-C-7500,2.0,1.8,2.0
2025-08-05,2025-08-05 14:01:19.200,MO2508-C-7500,2.0,1.8,2.0
2025-08-05,2025-08-05 14:01:25.200,MO2508-C-7500,2.0,1.8,2.0
2025-08-05,2025-08-05 14:01:25.700,MO2508-C-7500,2.0,1.8,2.0
2025-08-05,2025-08-05 14:01:26.200,MO2508-C-7500,2.0,1.8,2.0
2025-08-05,2025-08-05 14:01:26.700,MO2508-C-7500,2.0,1.8,2.0
2025-08-05,2025-08-05 14:01:27.200,MO2508-C-7500,2.0,1.8,2.0
2025-08-05,2025-08-05 14:01:28.200,MO2508-C-7500,2.0,1.8,2.0
2025-08-05,2025-08-05 14:01:28.700,MO2508-C-7500,2.0,1.8,2.0
2025-08-05,2025-08-05 14:01:29.200,MO2508-C-7500,2.0,1.8,2.0
2025-08-05,2025-08-05 14:01:29.700,MO2508-C-7500,2.0,1.8,2.0
2025-08-05,2025-08-05 14:01:47.700,MO2508-C-7500,2.0,1.8,2.0
2025-08-05,2025-08-05 14:01:48.200,MO2508-C-7500,2.0,1.8,2.0
2025-08-05,2025-08-05 14:01:48.700,MO2508-C-7500,2.0,1.8,2.0
2025-08-05,2025-08-05 14:01:58.700,MO2508-C-7500,2.0,1.8,2.0
2025-08-05,2025-08-05 14:01:59.200,MO2508-C-7500,2.0,1.8,2.0
2025-08-05,2025-08-05 14:01:59.700,MO2508-C-7500,2.0,1.8,2.0
2025-08-05,2025-08-05 14:02:01.700,MO2508-C-7500,2.0,1.8,2.0
2025-08-05,2025-08-05 14:02:16.700,MO2508-C-7500,2.0,1.8,2.0
2025-08-05,2025-08-05 14:02:28.700,MO2508-C-7500,2.0,1.8,2.0
2025-08-05,2025-08-05 14:02:29.200,MO2508-C-7500,2.0,1.8,2.0
2025-08-05,2025-08-05 14:02:29.700,MO2508-C-7500,2.0,1.8,2.0
2025-08-05,2025-08-05 14:02:31.200,MO2508-C-7500,2.0,1.8,2.0
2025-08-05,2025-08-05 14:02:31.700,MO2508-C-7500,2.0,1.8,2.0
2025-08-05,2025-08-05 14:02:32.200,MO2508-C-7500,2.0,1.8,2.0
2025-08-05,2025-08-05 14:02:34.700,MO2508-C-7500,2.0,1.8,2.0
2025-08-05,2025-08-05 14:02:35.200,MO2508-C-7500,2.0,1.8,2.0
2025-08-05,2025-08-05 14:02:36.200,MO2508-C-7500,2.0,1.8,2.0
2025-08-05,2025-08-05 14:02:36.700,MO2508-C-7500,2.0,1.8,2.0
2025-08-05,2025-08-05 14:02:44.700,MO2508-C-7500,2.0,1.8,2.0
2025-08-05,2025-08-05 14:02:45.700,MO2508-C-7500,2.0,1.8,2.0
2025-08-05,2025-08-05 14:02:55.700,MO2508-C-7500,2.0,1.8,2.0
2025-08-05,2025-08-05 14:02:58.700,MO2508-C-7500,2.0,1.8,2.0
2025-08-05,2025-08-05 14:02:59.200,MO2508-C-7500,2.0,1.8,2.0
2025-08-05,2025-08-05 14:03:28.700,MO2508-C-7500,2.0,1.8,2.0
2025-08-05,2025-08-05 14:03:29.200,MO2508-C-7500,2.0,1.8,2.0
2025-08-05,2025-08-05 14:03:58.700,MO2508-C-7500,2.0,1.8,2.0
2025-08-05,2025-08-05 14:03:59.200,MO2508-C-7500,2.0,1.8,2.0
2025-08-05,2025-08-05 14:04:28.700,MO2508-C-7500,2.0,1.8,2.0
2025-08-05,2025-08-05 14:04:29.200,MO2508-C-7500,2.0,1.8,2.0
2025-08-05,2025-08-05 14:04:58.200,MO2508-C-7500,2.0,1.8,2.0
2025-08-05,2025-08-05 14:04:58.700,MO2508-C-7500,2.0,1.8,2.0
2025-08-05,2025-08-05 14:04:59.200,MO2508-C-7500,2.0,1.8,2.0
2025-08-05,2025-08-05 14:04:59.700,MO2508-C-7500,2.0,1.8,2.0
2025-08-05,2025-08-05 14:05:02.200,MO2508-C-7500,2.0,1.8,2.0
2025-08-05,2025-08-05 14:05:02.700,MO2508-C-7500,2.0,1.8,2.0
2025-08-05,2025-08-05 14:05:28.700,MO2508-C-7500,2.0,1.8,2.0
2025-08-05,2025-08-05 14:05:29.200,MO2508-C-7500,2.0,1.8,2.0
2025-08-05,2025-08-05 14:05:58.700,MO2508-C-7500,2.0,1.8,2.0
2025-08-05,2025-08-05 14:05:59.200,MO2508-C-7500,2.0,1.8,2.0
2025-08-05,2025-08-05 14:06:02.700,MO2508-C-7500,2.0,1.8,2.0
2025-08-05,2025-08-05 14:06:06.700,MO2508-C-7500,2.0,1.8,2.0
2025-08-05,2025-08-05 14:06:07.200,MO2508-C-7500,2.0,1.8,2.0
2025-08-05,2025-08-05 14:06:09.700,MO2508-C-7500,2.0,1.8,2.0
2025-08-05,2025-08-05 14:06:10.200,MO2508-C-7500,2.0,1.8,2.0
2025-08-05,2025-08-05 14:06:28.700,MO2508-C-7500,2.0,1.8,2.0
2025-08-05,2025-08-05 14:06:29.200,MO2508-C-7500,2.0,1.8,2.0
2025-08-05,2025-08-05 14:06:52.200,MO2508-C-7500,2.0,1.8,2.0
2025-08-05,2025-08-05 14:06:52.700,MO2508-C-7500,2.0,1.8,2.0
2025-08-05,2025-08-05 14:06:53.200,MO2508-C-7500,2.0,1.8,2.0
2025-08-05,2025-08-05 14:06:58.700,MO2508-C-7500,2.0,1.8,2.0
2025-08-05,2025-08-05 14:06:59.200,MO2508-C-7500,2.0,1.8,2.0
2025-08-05,2025-08-05 14:07:18.700,MO2508-C-7500,2.0,1.8,2.0
2025-08-05,2025-08-05 14:07:19.200,MO2508-C-7500,2.0,1.8,2.0
2025-08-05,2025-08-05 14:07:19.700,MO2508-C-7500,2.0,1.8,2.0
2025-08-05,2025-08-05 14:07:20.200,MO2508-C-7500,2.0,1.8,2.0
2025-08-05,2025-08-05 14:07:20.700,MO2508-C-7500,2.0,1.8,2.0
2025-08-05,2025-08-05 14:07:22.200,MO2508-C-7500,2.0,1.8,2.0
2025-08-05,2025-08-05 14:07:22.700,MO2508-C-7500,2.0,1.8,2.0
2025-08-05,2025-08-05 14:07:23.200,MO2508-C-7500,2.0,1.8,2.0
2025-08-05,2025-08-05 14:07:28.700,MO2508-C-7500,2.0,1.8,2.0
2025-08-05,2025-08-05 14:07:29.200,MO2508-C-7500,2.0,1.8,2.0
2025-08-05,2025-08-05 14:07:29.700,MO2508-C-7500,2.0,1.8,2.0
2025-08-05,2025-08-05 14:07:31.200,MO2508-C-7500,2.0,1.8,2.0
2025-08-05,2025-08-05 14:07:31.700,MO2508-C-7500,2.0,1.8,2.0
2025-08-05,2025-08-05 14:07:34.200,MO2508-C-7500,2.0,1.8,2.0
2025-08-05,2025-08-05 14:07:34.700,MO2508-C-7500,2.0,1.8,2.0
2025-08-05,2025-08-05 14:07:35.200,MO2508-C-7500,2.0,1.8,2.0
2025-08-05,2025-08-05 14:07:36.700,MO2508-C-7500,2.0,1.8,2.0
2025-08-05,2025-08-05 14:07:37.200,MO2508-C-7500,2.0,1.8,2.0
2025-08-05,2025-08-05 14:07:37.700,MO2508-C-7500,2.0,1.8,2.0
2025-08-05,2025-08-05 14:07:38.200,MO2508-C-7500,2.0,1.8,2.0
2025-08-05,2025-08-05 14:07:38.700,MO2508-C-7500,2.0,1.8,2.0
2025-08-05,2025-08-05 14:07:39.200,MO2508-C-7500,2.0,1.8,2.0
2025-08-05,2025-08-05 14:07:40.700,MO2508-C-7500,2.0,1.8,2.0
2025-08-05,2025-08-05 14:07:41.200,MO2508-C-7500,2.0,1.8,2.0
2025-08-05,2025-08-05 14:07:41.700,MO2508-C-7500,2.0,1.8,2.0
2025-08-05,2025-08-05 14:07:52.700,MO2508-C-7500,2.0,1.8,2.0
2025-08-05,2025-08-05 14:07:55.200,MO2508-C-7500,2.0,1.8,2.0
2025-08-05,2025-08-05 14:07:55.700,MO2508-C-7500,2.0,1.8,2.0
2025-08-05,2025-08-05 14:07:56.200,MO2508-C-7500,2.0,1.8,2.0
2025-08-05,2025-08-05 14:07:56.700,MO2508-C-7500,2.0,1.8,2.0
2025-08-05,2025-08-05 14:07:57.200,MO2508-C-7500,2.0,1.8,2.0
2025-08-05,2025-08-05 14:07:57.700,MO2508-C-7500,2.0,1.8,2.0
2025-08-05,2025-08-05 14:07:58.700,MO2508-C-7500,2.0,1.8,2.0
2025-08-05,2025-08-05 14:07:59.200,MO2508-C-7500,2.0,1.8,2.0
2025-08-05,2025-08-05 14:08:03.700,MO2508-C-7500,2.0,1.8,2.0
2025-08-05,2025-08-05 14:08:04.200,MO2508-C-7500,2.0,1.8,2.0
2025-08-05,2025-08-05 14:08:05.200,MO2508-C-7500,2.0,1.8,2.0
2025-08-05,2025-08-05 14:08:05.700,MO2508-C-7500,2.0,1.8,2.0
2025-08-05,2025-08-05 14:08:06.200,MO2508-C-7500,2.0,1.8,2.0
2025-08-05,2025-08-05 14:08:07.700,MO2508-C-7500,2.0,1.8,2.0
2025-08-05,2025-08-05 14:08:28.700,MO2508-C-7500,2.0,1.8,2.0
2025-08-05,2025-08-05 14:08:29.200,MO2508-C-7500,2.0,1.8,2.0
2025-08-05,2025-08-05 14:08:29.700,MO2508-C-7500,2.0,1.8,2.0
2025-08-05,2025-08-05 14:08:53.700,MO2508-C-7500,2.0,1.8,2.0
2025-08-05,2025-08-05 14:08:58.700,MO2508-C-7500,2.0,1.8,2.0
2025-08-05,2025-08-05 14:08:59.200,MO2508-C-7500,2.0,1.8,2.0
2025-08-05,2025-08-05 14:08:59.700,MO2508-C-7500,2.0,1.8,2.0
2025-08-05,2025-08-05 14:09:01.200,MO2508-C-7500,2.0,1.8,2.0
2025-08-05,2025-08-05 14:09:01.700,MO2508-C-7500,2.0,1.8,2.0
2025-08-05,2025-08-05 14:09:10.200,MO2508-C-7500,2.0,1.8,2.0
2025-08-05,2025-08-05 14:09:10.700,MO2508-C-7500,2.0,1.8,2.0
2025-08-05,2025-08-05 14:09:28.700,MO2508-C-7500,2.0,1.8,2.0
2025-08-05,2025-08-05 14:09:29.200,MO2508-C-7500,2.0,1.8,2.0
2025-08-05,2025-08-05 14:09:29.700,MO2508-C-7500,2.0,1.8,2.0
2025-08-05,2025-08-05 14:09:49.200,MO2508-C-7500,2.0,1.8,2.0
2025-08-05,2025-08-05 14:09:55.700,MO2508-C-7500,2.0,1.8,2.0
2025-08-05,2025-08-05 14:09:58.700,MO2508-C-7500,2.0,1.8,2.0
2025-08-05,2025-08-05 14:09:59.200,MO2508-C-7500,2.0,1.8,2.0
2025-08-05,2025-08-05 14:09:59.700,MO2508-C-7500,2.0,1.8,2.0
2025-08-05,2025-08-05 14:10:00.200,MO2508-C-7500,2.0,1.8,2.0
2025-08-05,2025-08-05 14:10:00.700,MO2508-C-7500,2.0,1.8,2.0
2025-08-05,2025-08-05 14:10:02.200,MO2508-C-7500,2.0,1.8,2.0
2025-08-05,2025-08-05 14:10:03.200,MO2508-C-7500,2.0,1.8,2.0
2025-08-05,2025-08-05 14:10:03.700,MO2508-C-7500,2.0,1.8,2.0
2025-08-05,2025-08-05 14:10:04.200,MO2508-C-7500,2.0,1.8,2.0
2025-08-05,2025-08-05 14:10:10.200,MO2508-C-7500,2.0,1.8,2.0
2025-08-05,2025-08-05 14:10:10.700,MO2508-C-7500,2.0,1.8,2.0
2025-08-05,2025-08-05 14:10:11.700,MO2508-C-7500,2.0,1.8,2.0
2025-08-05,2025-08-05 14:10:22.200,MO2508-C-7500,2.0,1.8,2.0
2025-08-05,2025-08-05 14:10:23.200,MO2508-C-7500,2.0,1.8,2.0
2025-08-05,2025-08-05 14:10:28.700,MO2508-C-7500,2.0,1.8,2.0
2025-08-05,2025-08-05 14:10:29.200,MO2508-C-7500,2.0,1.8,2.0
2025-08-05,2025-08-05 14:10:29.700,MO2508-C-7500,2.0,1.8,2.0
2025-08-05,2025-08-05 14:10:30.200,MO2508-C-7500,2.0,1.8,2.0
2025-08-05,2025-08-05 14:10:30.700,MO2508-C-7500,2.0,1.8,2.0
2025-08-05,2025-08-05 14:10:33.700,MO2508-C-7500,2.0,1.8,2.0
2025-08-05,2025-08-05 14:10:34.200,MO2508-C-7500,2.0,1.8,2.0
2025-08-05,2025-08-05 14:10:51.700,MO2508-C-7500,2.0,1.8,2.0
2025-08-05,2025-08-05 14:10:52.200,MO2508-C-7500,2.0,1.8,2.0
2025-08-05,2025-08-05 14:10:52.700,MO2508-C-7500,2.0,1.8,2.0
2025-08-05,2025-08-05 14:10:53.200,MO2508-C-7500,2.0,1.8,2.0
2025-08-05,2025-08-05 14:10:53.700,MO2508-C-7500,2.0,1.8,2.0
2025-08-05,2025-08-05 14:10:54.200,MO2508-C-7500,2.0,1.8,2.0
2025-08-05,2025-08-05 14:10:54.700,MO2508-C-7500,2.0,1.8,2.0
2025-08-05,2025-08-05 14:10:55.700,MO2508-C-7500,2.0,1.8,2.0
2025-08-05,2025-08-05 14:10:56.700,MO2508-C-7500,2.0,1.8,2.0
2025-08-05,2025-08-05 14:10:58.200,MO2508-C-7500,2.0,1.8,2.0
2025-08-05,2025-08-05 14:10:58.700,MO2508-C-7500,2.0,1.8,2.0
2025-08-05,2025-08-05 14:10:59.200,MO2508-C-7500,2.0,1.8,2.0
2025-08-05,2025-08-05 14:11:02.200,MO2508-C-7500,2.0,1.8,2.0
2025-08-05,2025-08-05 14:11:02.700,MO2508-C-7500,2.0,1.8,2.2
2025-08-05,2025-08-05 14:11:03.200,MO2508-C-7500,2.0,1.8,2.2
2025-08-05,2025-08-05 14:11:03.700,MO2508-C-7500,2.0,1.8,2.2
2025-08-05,2025-08-05 14:11:07.200,MO2508-C-7500,2.0,1.8,2.2
2025-08-05,2025-08-05 14:11:08.200,MO2508-C-7500,2.0,1.8,2.2
2025-08-05,2025-08-05 14:11:10.700,MO2508-C-7500,2.0,1.8,2.2
2025-08-05,2025-08-05 14:11:11.200,MO2508-C-7500,2.0,1.8,2.2
2025-08-05,2025-08-05 14:11:18.200,MO2508-C-7500,2.0,1.8,2.2
2025-08-05,2025-08-05 14:11:18.700,MO2508-C-7500,2.0,1.8,2.2
2025-08-05,2025-08-05 14:11:20.200,MO2508-C-7500,2.0,1.8,2.2
2025-08-05,2025-08-05 14:11:21.200,MO2508-C-7500,2.0,1.8,2.2
2025-08-05,2025-08-05 14:11:22.200,MO2508-C-7500,2.0,1.8,2.2
2025-08-05,2025-08-05 14:11:23.200,MO2508-C-7500,2.0,1.8,2.2
2025-08-05,2025-08-05 14:11:25.200,MO2508-C-7500,2.0,1.8,2.2
2025-08-05,2025-08-05 14:11:26.700,MO2508-C-7500,2.0,1.8,2.2
2025-08-05,2025-08-05 14:11:28.200,MO2508-C-7500,2.0,1.8,2.2
2025-08-05,2025-08-05 14:11:28.700,MO2508-C-7500,2.0,1.8,2.2
2025-08-05,2025-08-05 14:11:29.200,MO2508-C-7500,2.0,1.8,2.2
2025-08-05,2025-08-05 14:11:31.200,MO2508-C-7500,2.0,1.8,2.2
2025-08-05,2025-08-05 14:11:35.200,MO2508-C-7500,2.0,1.8,2.2
2025-08-05,2025-08-05 14:11:36.200,MO2508-C-7500,2.0,1.8,2.2
2025-08-05,2025-08-05 14:11:43.200,MO2508-C-7500,2.0,1.8,2.2
2025-08-05,2025-08-05 14:11:43.700,MO2508-C-7500,2.0,1.8,2.2
2025-08-05,2025-08-05 14:11:44.200,MO2508-C-7500,2.0,1.8,2.2
2025-08-05,2025-08-05 14:11:45.200,MO2508-C-7500,2.0,1.8,2.2
2025-08-05,2025-08-05 14:11:54.700,MO2508-C-7500,2.0,1.8,2.2
2025-08-05,2025-08-05 14:11:55.200,MO2508-C-7500,2.0,1.8,2.2
2025-08-05,2025-08-05 14:11:55.700,MO2508-C-7500,2.0,1.8,2.2
2025-08-05,2025-08-05 14:11:56.200,MO2508-C-7500,2.0,1.8,2.2
2025-08-05,2025-08-05 14:11:56.700,MO2508-C-7500,2.0,1.8,2.2
2025-08-05,2025-08-05 14:11:58.700,MO2508-C-7500,2.0,1.8,2.2
2025-08-05,2025-08-05 14:11:59.200,MO2508-C-7500,2.0,1.8,2.2
2025-08-05,2025-08-05 14:12:02.700,MO2508-C-7500,2.0,1.8,2.2
2025-08-05,2025-08-05 14:12:04.200,MO2508-C-7500,2.0,1.8,2.2
2025-08-05,2025-08-05 14:12:05.700,MO2508-C-7500,2.0,1.8,2.2
2025-08-05,2025-08-05 14:12:06.200,MO2508-C-7500,2.0,1.8,2.2
2025-08-05,2025-08-05 14:12:24.200,MO2508-C-7500,2.0,1.8,2.2
2025-08-05,2025-08-05 14:12:28.700,MO2508-C-7500,2.0,1.8,2.2
2025-08-05,2025-08-05 14:12:29.200,MO2508-C-7500,2.0,1.8,2.2
2025-08-05,2025-08-05 14:12:33.200,MO2508-C-7500,2.0,1.8,2.2
2025-08-05,2025-08-05 14:12:44.700,MO2508-C-7500,2.0,1.8,2.2
2025-08-05,2025-08-05 14:12:50.200,MO2508-C-7500,2.0,1.8,2.2
2025-08-05,2025-08-05 14:12:50.700,MO2508-C-7500,2.0,1.8,2.2
2025-08-05,2025-08-05 14:12:56.200,MO2508-C-7500,2.0,1.8,2.2
2025-08-05,2025-08-05 14:12:56.700,MO2508-C-7500,2.0,1.8,2.2
2025-08-05,2025-08-05 14:12:58.200,MO2508-C-7500,2.0,1.8,2.2
2025-08-05,2025-08-05 14:12:58.700,MO2508-C-7500,2.0,1.8,2.2
2025-08-05,2025-08-05 14:12:59.200,MO2508-C-7500,2.0,1.8,2.2
2025-08-05,2025-08-05 14:13:00.700,MO2508-C-7500,2.0,1.8,2.2
2025-08-05,2025-08-05 14:13:03.200,MO2508-C-7500,2.0,1.8,2.2
2025-08-05,2025-08-05 14:13:04.200,MO2508-C-7500,2.0,1.8,2.2
2025-08-05,2025-08-05 14:13:04.700,MO2508-C-7500,2.0,1.8,2.2
2025-08-05,2025-08-05 14:13:06.700,MO2508-C-7500,2.0,1.8,2.2
2025-08-05,2025-08-05 14:13:07.200,MO2508-C-7500,2.0,1.8,2.2
2025-08-05,2025-08-05 14:13:08.200,MO2508-C-7500,2.0,1.8,2.2
2025-08-05,2025-08-05 14:13:09.200,MO2508-C-7500,2.0,1.8,2.2
2025-08-05,2025-08-05 14:13:10.700,MO2508-C-7500,2.0,1.8,2.2
2025-08-05,2025-08-05 14:13:11.200,MO2508-C-7500,2.0,1.8,2.2
2025-08-05,2025-08-05 14:13:12.200,MO2508-C-7500,2.0,1.8,2.2
2025-08-05,2025-08-05 14:13:14.200,MO2508-C-7500,2.0,1.8,2.2
2025-08-05,2025-08-05 14:13:16.200,MO2508-C-7500,2.0,1.8,2.2
2025-08-05,2025-08-05 14:13:16.700,MO2508-C-7500,2.0,1.8,2.2
2025-08-05,2025-08-05 14:13:18.200,MO2508-C-7500,2.0,1.8,2.2
2025-08-05,2025-08-05 14:13:18.700,MO2508-C-7500,2.0,1.8,2.2
2025-08-05,2025-08-05 14:13:21.700,MO2508-C-7500,2.0,1.8,2.2
2025-08-05,2025-08-05 14:13:22.700,MO2508-C-7500,2.0,1.8,2.2
2025-08-05,2025-08-05 14:13:23.200,MO2508-C-7500,2.0,1.8,2.2
2025-08-05,2025-08-05 14:13:28.700,MO2508-C-7500,2.0,1.8,2.2
2025-08-05,2025-08-05 14:13:29.200,MO2508-C-7500,2.0,1.8,2.2
2025-08-05,2025-08-05 14:13:34.200,MO2508-C-7500,2.0,1.8,2.2
2025-08-05,2025-08-05 14:13:35.200,MO2508-C-7500,2.0,1.8,2.2
2025-08-05,2025-08-05 14:13:35.700,MO2508-C-7500,2.0,1.8,2.2
2025-08-05,2025-08-05 14:13:43.700,MO2508-C-7500,2.0,1.8,2.2
2025-08-05,2025-08-05 14:13:44.200,MO2508-C-7500,2.0,1.8,2.2
2025-08-05,2025-08-05 14:13:44.700,MO2508-C-7500,2.0,1.8,2.2
2025-08-05,2025-08-05 14:13:47.700,MO2508-C-7500,2.0,1.8,2.2
2025-08-05,2025-08-05 14:13:58.700,MO2508-C-7500,2.0,1.8,2.2
2025-08-05,2025-08-05 14:13:59.200,MO2508-C-7500,2.0,1.8,2.2
2025-08-05,2025-08-05 14:13:59.700,MO2508-C-7500,2.0,1.8,2.2
2025-08-05,2025-08-05 14:14:07.200,MO2508-C-7500,2.0,1.8,2.2
2025-08-05,2025-08-05 14:14:07.700,MO2508-C-7500,2.0,1.8,2.2
2025-08-05,2025-08-05 14:14:10.200,MO2508-C-7500,2.0,1.8,2.2
2025-08-05,2025-08-05 14:14:13.200,MO2508-C-7500,2.0,1.8,2.2
2025-08-05,2025-08-05 14:14:15.700,MO2508-C-7500,2.0,1.8,2.2
2025-08-05,2025-08-05 14:14:16.200,MO2508-C-7500,2.0,1.8,2.2
2025-08-05,2025-08-05 14:14:21.700,MO2508-C-7500,2.0,1.8,2.2
2025-08-05,2025-08-05 14:14:22.700,MO2508-C-7500,2.0,1.8,2.2
2025-08-05,2025-08-05 14:14:23.200,MO2508-C-7500,2.0,1.8,2.2
2025-08-05,2025-08-05 14:14:23.700,MO2508-C-7500,2.0,1.8,2.2
2025-08-05,2025-08-05 14:14:24.200,MO2508-C-7500,2.0,1.8,2.2
2025-08-05,2025-08-05 14:14:25.200,MO2508-C-7500,2.0,1.8,2.2
2025-08-05,2025-08-05 14:14:25.700,MO2508-C-7500,2.0,1.8,2.2
2025-08-05,2025-08-05 14:14:26.200,MO2508-C-7500,2.0,1.8,2.2
2025-08-05,2025-08-05 14:14:27.700,MO2508-C-7500,2.0,1.8,2.2
2025-08-05,2025-08-05 14:14:28.700,MO2508-C-7500,2.0,1.8,2.2
2025-08-05,2025-08-05 14:14:29.200,MO2508-C-7500,2.0,1.8,2.2
2025-08-05,2025-08-05 14:14:29.700,MO2508-C-7500,2.0,1.8,2.2
2025-08-05,2025-08-05 14:14:30.200,MO2508-C-7500,2.0,1.8,2.2
2025-08-05,2025-08-05 14:14:30.700,MO2508-C-7500,2.0,1.8,2.2
2025-08-05,2025-08-05 14:14:31.200,MO2508-C-7500,2.0,1.8,2.2
2025-08-05,2025-08-05 14:14:33.200,MO2508-C-7500,2.0,1.8,2.2
2025-08-05,2025-08-05 14:14:36.200,MO2508-C-7500,2.0,1.8,2.2
2025-08-05,2025-08-05 14:14:39.200,MO2508-C-7500,2.0,1.8,2.2
2025-08-05,2025-08-05 14:14:39.700,MO2508-C-7500,2.0,1.8,2.2
2025-08-05,2025-08-05 14:14:40.200,MO2508-C-7500,2.0,1.8,2.2
2025-08-05,2025-08-05 14:14:41.700,MO2508-C-7500,2.0,1.8,2.2
2025-08-05,2025-08-05 14:14:48.200,MO2508-C-7500,2.0,1.8,2.2
2025-08-05,2025-08-05 14:14:48.700,MO2508-C-7500,2.0,1.8,2.2
2025-08-05,2025-08-05 14:14:49.700,MO2508-C-7500,2.0,1.8,2.2
2025-08-05,2025-08-05 14:14:50.200,MO2508-C-7500,2.0,1.8,2.2
2025-08-05,2025-08-05 14:14:58.700,MO2508-C-7500,2.0,1.8,2.2
2025-08-05,2025-08-05 14:14:59.200,MO2508-C-7500,2.0,1.8,2.2
2025-08-05,2025-08-05 14:15:05.200,MO2508-C-7500,2.0,1.8,2.2
2025-08-05,2025-08-05 14:15:05.700,MO2508-C-7500,2.0,1.8,2.2
2025-08-05,2025-08-05 14:15:26.200,MO2508-C-7500,2.0,1.8,2.2
2025-08-05,2025-08-05 14:15:26.700,MO2508-C-7500,2.0,1.8,2.2
2025-08-05,2025-08-05 14:15:27.200,MO2508-C-7500,2.0,1.8,2.2
2025-08-05,2025-08-05 14:15:27.700,MO2508-C-7500,2.0,1.8,2.2
2025-08-05,2025-08-05 14:15:28.200,MO2508-C-7500,2.0,1.8,2.2
2025-08-05,2025-08-05 14:15:28.700,MO2508-C-7500,2.0,1.8,2.2
2025-08-05,2025-08-05 14:15:29.200,MO2508-C-7500,2.0,1.8,2.2
2025-08-05,2025-08-05 14:15:29.700,MO2508-C-7500,2.0,1.8,2.2
2025-08-05,2025-08-05 14:15:31.700,MO2508-C-7500,2.0,1.8,2.2
2025-08-05,2025-08-05 14:15:32.200,MO2508-C-7500,2.0,1.8,2.2
2025-08-05,2025-08-05 14:15:33.200,MO2508-C-7500,2.0,1.8,2.2
2025-08-05,2025-08-05 14:15:35.700,MO2508-C-7500,2.0,1.8,2.2
2025-08-05,2025-08-05 14:15:36.700,MO2508-C-7500,2.0,1.8,2.2
2025-08-05,2025-08-05 14:15:37.200,MO2508-C-7500,2.0,1.8,2.2
2025-08-05,2025-08-05 14:15:46.200,MO2508-C-7500,2.0,1.8,2.2
2025-08-05,2025-08-05 14:15:53.200,MO2508-C-7500,2.0,1.8,2.2
2025-08-05,2025-08-05 14:15:58.700,MO2508-C-7500,2.0,1.8,2.2
2025-08-05,2025-08-05 14:15:59.200,MO2508-C-7500,2.0,1.8,2.2
2025-08-05,2025-08-05 14:16:05.200,MO2508-C-7500,2.0,1.8,2.2
2025-08-05,2025-08-05 14:16:08.200,MO2508-C-7500,2.0,1.8,2.2
2025-08-05,2025-08-05 14:16:09.700,MO2508-C-7500,2.0,1.8,2.2
2025-08-05,2025-08-05 14:16:11.700,MO2508-C-7500,2.0,1.8,2.2
2025-08-05,2025-08-05 14:16:12.200,MO2508-C-7500,2.0,1.8,2.2
2025-08-05,2025-08-05 14:16:28.700,MO2508-C-7500,2.0,1.8,2.2
2025-08-05,2025-08-05 14:16:29.200,MO2508-C-7500,2.0,1.8,2.2
2025-08-05,2025-08-05 14:16:38.200,MO2508-C-7500,2.0,1.8,2.2
2025-08-05,2025-08-05 14:16:38.700,MO2508-C-7500,2.0,1.8,2.2
2025-08-05,2025-08-05 14:16:41.200,MO2508-C-7500,2.0,1.8,2.2
2025-08-05,2025-08-05 14:16:43.700,MO2508-C-7500,2.0,1.8,2.2
2025-08-05,2025-08-05 14:16:44.200,MO2508-C-7500,2.0,1.8,2.2
2025-08-05,2025-08-05 14:16:48.200,MO2508-C-7500,2.0,1.8,2.2
2025-08-05,2025-08-05 14:16:58.700,MO2508-C-7500,2.0,1.8,2.2
2025-08-05,2025-08-05 14:16:59.200,MO2508-C-7500,2.0,1.8,2.2
2025-08-05,2025-08-05 14:17:17.200,MO2508-C-7500,2.0,1.8,2.2
2025-08-05,2025-08-05 14:17:19.700,MO2508-C-7500,2.0,1.8,2.2
2025-08-05,2025-08-05 14:17:28.700,MO2508-C-7500,2.0,1.8,2.0
2025-08-05,2025-08-05 14:17:29.200,MO2508-C-7500,2.0,1.8,2.0
2025-08-05,2025-08-05 14:17:29.700,MO2508-C-7500,2.0,1.8,2.0
2025-08-05,2025-08-05 14:17:32.200,MO2508-C-7500,2.0,1.8,2.0
2025-08-05,2025-08-05 14:17:41.200,MO2508-C-7500,2.0,1.8,2.2
2025-08-05,2025-08-05 14:17:41.700,MO2508-C-7500,2.0,1.8,2.2
2025-08-05,2025-08-05 14:17:42.200,MO2508-C-7500,2.0,1.8,2.2
2025-08-05,2025-08-05 14:17:58.700,MO2508-C-7500,2.0,1.8,2.2
2025-08-05,2025-08-05 14:17:59.200,MO2508-C-7500,2.0,1.8,2.2
2025-08-05,2025-08-05 14:18:08.700,MO2508-C-7500,2.0,1.8,2.2
2025-08-05,2025-08-05 14:18:09.700,MO2508-C-7500,2.0,1.8,2.2
2025-08-05,2025-08-05 14:18:10.200,MO2508-C-7500,2.0,1.8,2.2
2025-08-05,2025-08-05 14:18:11.200,MO2508-C-7500,2.0,1.8,2.2
2025-08-05,2025-08-05 14:18:12.700,MO2508-C-7500,2.0,1.8,2.2
2025-08-05,2025-08-05 14:18:13.700,MO2508-C-7500,2.0,1.8,2.2
2025-08-05,2025-08-05 14:18:14.200,MO2508-C-7500,2.0,1.8,2.2
2025-08-05,2025-08-05 14:18:14.700,MO2508-C-7500,2.0,1.8,2.2
2025-08-05,2025-08-05 14:18:28.700,MO2508-C-7500,2.0,1.8,2.2
2025-08-05,2025-08-05 14:18:29.200,MO2508-C-7500,2.0,1.8,2.2
2025-08-05,2025-08-05 14:18:33.700,MO2508-C-7500,2.0,1.8,2.2
2025-08-05,2025-08-05 14:18:34.200,MO2508-C-7500,2.0,1.8,2.2
2025-08-05,2025-08-05 14:18:34.700,MO2508-C-7500,2.0,1.8,2.2
2025-08-05,2025-08-05 14:18:35.200,MO2508-C-7500,2.0,1.8,2.2
2025-08-05,2025-08-05 14:18:35.700,MO2508-C-7500,2.0,1.8,2.2
2025-08-05,2025-08-05 14:18:50.200,MO2508-C-7500,2.0,1.8,2.2
2025-08-05,2025-08-05 14:18:54.700,MO2508-C-7500,2.0,1.8,2.2
2025-08-05,2025-08-05 14:18:56.200,MO2508-C-7500,2.0,1.8,2.2
2025-08-05,2025-08-05 14:18:56.700,MO2508-C-7500,2.0,1.8,2.2
2025-08-05,2025-08-05 14:18:57.200,MO2508-C-7500,2.0,1.8,2.2
2025-08-05,2025-08-05 14:18:58.200,MO2508-C-7500,2.0,1.8,2.2
2025-08-05,2025-08-05 14:18:58.700,MO2508-C-7500,2.0,1.8,2.2
2025-08-05,2025-08-05 14:18:59.200,MO2508-C-7500,2.0,1.8,2.2
2025-08-05,2025-08-05 14:19:02.200,MO2508-C-7500,2.0,1.8,2.2
2025-08-05,2025-08-05 14:19:02.700,MO2508-C-7500,2.0,1.8,2.2
2025-08-05,2025-08-05 14:19:13.700,MO2508-C-7500,2.0,1.8,2.2
2025-08-05,2025-08-05 14:19:14.200,MO2508-C-7500,2.0,1.8,2.2
2025-08-05,2025-08-05 14:19:14.700,MO2508-C-7500,2.0,1.8,2.2
2025-08-05,2025-08-05 14:19:15.200,MO2508-C-7500,2.0,1.8,2.2
2025-08-05,2025-08-05 14:19:17.700,MO2508-C-7500,2.0,1.8,2.2
2025-08-05,2025-08-05 14:19:18.200,MO2508-C-7500,2.0,1.8,2.2
2025-08-05,2025-08-05 14:19:18.700,MO2508-C-7500,2.0,1.8,2.2
2025-08-05,2025-08-05 14:19:23.700,MO2508-C-7500,2.0,1.8,2.2
2025-08-05,2025-08-05 14:19:28.700,MO2508-C-7500,2.0,1.8,2.2
2025-08-05,2025-08-05 14:19:29.200,MO2508-C-7500,2.0,1.8,2.2
2025-08-05,2025-08-05 14:19:45.200,MO2508-C-7500,2.0,1.8,2.2
2025-08-05,2025-08-05 14:19:56.200,MO2508-C-7500,2.0,1.8,2.2
2025-08-05,2025-08-05 14:19:56.700,MO2508-C-7500,2.0,1.8,2.2
2025-08-05,2025-08-05 14:19:57.200,MO2508-C-7500,2.0,1.8,2.2
2025-08-05,2025-08-05 14:19:57.700,MO2508-C-7500,2.0,1.8,2.2
2025-08-05,2025-08-05 14:19:58.700,MO2508-C-7500,2.0,1.8,2.2
2025-08-05,2025-08-05 14:19:59.200,MO2508-C-7500,2.0,1.8,2.2
2025-08-05,2025-08-05 14:20:01.700,MO2508-C-7500,2.0,1.8,2.2
2025-08-05,2025-08-05 14:20:02.200,MO2508-C-7500,2.0,1.8,2.2
2025-08-05,2025-08-05 14:20:02.700,MO2508-C-7500,2.0,1.8,2.2
2025-08-05,2025-08-05 14:20:05.700,MO2508-C-7500,2.0,1.8,2.2
2025-08-05,2025-08-05 14:20:06.200,MO2508-C-7500,2.0,1.8,2.2
2025-08-05,2025-08-05 14:20:06.700,MO2508-C-7500,2.0,1.8,2.2
2025-08-05,2025-08-05 14:20:07.200,MO2508-C-7500,2.0,1.8,2.2
2025-08-05,2025-08-05 14:20:07.700,MO2508-C-7500,2.0,1.8,2.2
2025-08-05,2025-08-05 14:20:08.200,MO2508-C-7500,2.0,1.8,2.2
2025-08-05,2025-08-05 14:20:15.200,MO2508-C-7500,2.0,1.8,2.2
2025-08-05,2025-08-05 14:20:15.700,MO2508-C-7500,2.0,1.8,2.2
2025-08-05,2025-08-05 14:20:16.200,MO2508-C-7500,2.0,1.8,2.2
2025-08-05,2025-08-05 14:20:17.200,MO2508-C-7500,2.0,1.8,2.2
2025-08-05,2025-08-05 14:20:19.200,MO2508-C-7500,2.0,1.8,2.2
2025-08-05,2025-08-05 14:20:19.700,MO2508-C-7500,2.0,1.8,2.2
2025-08-05,2025-08-05 14:20:20.200,MO2508-C-7500,2.0,1.8,2.2
2025-08-05,2025-08-05 14:20:20.700,MO2508-C-7500,2.0,1.8,2.2
2025-08-05,2025-08-05 14:20:21.200,MO2508-C-7500,2.0,1.8,2.2
2025-08-05,2025-08-05 14:20:22.700,MO2508-C-7500,2.0,1.8,2.2
2025-08-05,2025-08-05 14:20:23.200,MO2508-C-7500,2.0,1.8,2.2
2025-08-05,2025-08-05 14:20:23.700,MO2508-C-7500,2.0,1.8,2.2
2025-08-05,2025-08-05 14:20:24.200,MO2508-C-7500,2.0,1.8,2.2
2025-08-05,2025-08-05 14:20:24.700,MO2508-C-7500,2.0,1.8,2.2
2025-08-05,2025-08-05 14:20:25.700,MO2508-C-7500,2.0,1.8,2.2
2025-08-05,2025-08-05 14:20:26.200,MO2508-C-7500,2.0,1.8,2.2
2025-08-05,2025-08-05 14:20:26.700,MO2508-C-7500,2.0,1.8,2.2
2025-08-05,2025-08-05 14:20:27.700,MO2508-C-7500,2.0,1.8,2.2
2025-08-05,2025-08-05 14:20:28.200,MO2508-C-7500,2.0,1.8,2.2
2025-08-05,2025-08-05 14:20:28.700,MO2508-C-7500,2.0,1.8,2.2
2025-08-05,2025-08-05 14:20:29.200,MO2508-C-7500,2.0,1.8,2.2
2025-08-05,2025-08-05 14:20:46.700,MO2508-C-7500,2.0,1.8,2.2
2025-08-05,2025-08-05 14:20:47.700,MO2508-C-7500,2.0,1.8,2.2
2025-08-05,2025-08-05 14:20:48.200,MO2508-C-7500,2.0,1.8,2.2
2025-08-05,2025-08-05 14:20:48.700,MO2508-C-7500,2.0,1.8,2.2
2025-08-05,2025-08-05 14:20:49.700,MO2508-C-7500,2.0,1.8,2.2
2025-08-05,2025-08-05 14:20:50.200,MO2508-C-7500,2.0,1.8,2.2
2025-08-05,2025-08-05 14:20:50.700,MO2508-C-7500,2.0,1.8,2.2
2025-08-05,2025-08-05 14:20:51.200,MO2508-C-7500,2.0,1.8,2.2
2025-08-05,2025-08-05 14:20:58.700,MO2508-C-7500,2.0,1.8,2.2
2025-08-05,2025-08-05 14:20:59.200,MO2508-C-7500,2.0,1.8,2.2
2025-08-05,2025-08-05 14:21:01.700,MO2508-C-7500,2.0,1.8,2.2
2025-08-05,2025-08-05 14:21:22.700,MO2508-C-7500,2.0,1.8,2.2
2025-08-05,2025-08-05 14:21:23.200,MO2508-C-7500,2.0,1.8,2.2
2025-08-05,2025-08-05 14:21:23.700,MO2508-C-7500,2.0,1.8,2.2
2025-08-05,2025-08-05 14:21:24.200,MO2508-C-7500,2.0,1.8,2.2
2025-08-05,2025-08-05 14:21:25.200,MO2508-C-7500,2.0,1.8,2.2
2025-08-05,2025-08-05 14:21:28.200,MO2508-C-7500,2.0,1.8,2.2
2025-08-05,2025-08-05 14:21:28.700,MO2508-C-7500,2.0,1.8,2.2
2025-08-05,2025-08-05 14:21:29.200,MO2508-C-7500,2.0,1.8,2.2
2025-08-05,2025-08-05 14:21:29.700,MO2508-C-7500,2.0,1.8,2.2
2025-08-05,2025-08-05 14:21:33.200,MO2508-C-7500,2.0,1.8,2.2
2025-08-05,2025-08-05 14:21:33.700,MO2508-C-7500,2.0,1.8,2.2
2025-08-05,2025-08-05 14:21:35.700,MO2508-C-7500,2.0,1.8,2.2
2025-08-05,2025-08-05 14:21:36.200,MO2508-C-7500,2.0,1.8,2.2
2025-08-05,2025-08-05 14:21:36.700,MO2508-C-7500,2.0,1.8,2.2
2025-08-05,2025-08-05 14:21:37.200,MO2508-C-7500,2.0,1.8,2.2
2025-08-05,2025-08-05 14:21:41.200,MO2508-C-7500,2.0,1.8,2.2
2025-08-05,2025-08-05 14:21:41.700,MO2508-C-7500,2.0,1.8,2.2
2025-08-05,2025-08-05 14:21:58.700,MO2508-C-7500,2.0,1.8,2.2
2025-08-05,2025-08-05 14:21:59.200,MO2508-C-7500,2.0,1.8,2.2
2025-08-05,2025-08-05 14:22:12.700,MO2508-C-7500,2.0,1.8,2.2
2025-08-05,2025-08-05 14:22:13.200,MO2508-C-7500,2.0,1.8,2.2
2025-08-05,2025-08-05 14:22:14.700,MO2508-C-7500,2.0,1.8,2.2
2025-08-05,2025-08-05 14:22:16.200,MO2508-C-7500,2.0,1.8,2.2
2025-08-05,2025-08-05 14:22:27.700,MO2508-C-7500,2.0,1.8,2.0
2025-08-05,2025-08-05 14:22:28.200,MO2508-C-7500,2.0,1.8,2.2
2025-08-05,2025-08-05 14:22:28.700,MO2508-C-7500,2.0,1.8,2.2
2025-08-05,2025-08-05 14:22:29.200,MO2508-C-7500,2.0,1.8,2.2
2025-08-05,2025-08-05 14:22:30.700,MO2508-C-7500,2.0,1.8,2.2
2025-08-05,2025-08-05 14:22:31.200,MO2508-C-7500,2.0,1.8,2.2
2025-08-05,2025-08-05 14:22:31.700,MO2508-C-7500,2.0,1.8,2.2
2025-08-05,2025-08-05 14:22:33.200,MO2508-C-7500,2.0,1.8,2.2
2025-08-05,2025-08-05 14:22:33.700,MO2508-C-7500,2.0,1.8,2.2
2025-08-05,2025-08-05 14:22:34.200,MO2508-C-7500,2.0,1.8,2.2
2025-08-05,2025-08-05 14:22:40.700,MO2508-C-7500,2.0,1.8,2.2
2025-08-05,2025-08-05 14:22:53.700,MO2508-C-7500,2.0,1.8,2.2
2025-08-05,2025-08-05 14:22:54.700,MO2508-C-7500,2.0,1.8,2.2
2025-08-05,2025-08-05 14:22:55.700,MO2508-C-7500,2.0,1.8,2.2
2025-08-05,2025-08-05 14:22:58.700,MO2508-C-7500,2.0,1.8,2.2
2025-08-05,2025-08-05 14:22:59.200,MO2508-C-7500,2.0,1.8,2.2
2025-08-05,2025-08-05 14:23:04.700,MO2508-C-7500,2.0,1.8,2.2
2025-08-05,2025-08-05 14:23:05.200,MO2508-C-7500,2.0,2.0,2.2
2025-08-05,2025-08-05 14:23:05.700,MO2508-C-7500,2.0,2.0,2.2
2025-08-05,2025-08-05 14:23:06.200,MO2508-C-7500,2.0,2.0,2.2
2025-08-05,2025-08-05 14:23:28.700,MO2508-C-7500,2.0,2.0,2.2
2025-08-05,2025-08-05 14:23:29.200,MO2508-C-7500,2.0,2.0,2.2
2025-08-05,2025-08-05 14:23:53.200,MO2508-C-7500,2.2,2.0,2.2
2025-08-05,2025-08-05 14:23:53.700,MO2508-C-7500,2.2,2.0,2.2
2025-08-05,2025-08-05 14:23:54.700,MO2508-C-7500,2.2,2.0,2.2
2025-08-05,2025-08-05 14:23:55.200,MO2508-C-7500,2.2,2.0,2.2
2025-08-05,2025-08-05 14:23:55.700,MO2508-C-7500,2.2,2.0,2.2
2025-08-05,2025-08-05 14:23:56.700,MO2508-C-7500,2.2,2.0,2.2
2025-08-05,2025-08-05 14:23:57.700,MO2508-C-7500,2.2,2.0,2.2
2025-08-05,2025-08-05 14:23:58.200,MO2508-C-7500,2.2,2.0,2.2
2025-08-05,2025-08-05 14:23:58.700,MO2508-C-7500,2.2,2.0,2.2
2025-08-05,2025-08-05 14:23:59.200,MO2508-C-7500,2.2,2.0,2.2
2025-08-05,2025-08-05 14:24:00.700,MO2508-C-7500,2.2,2.0,2.2
2025-08-05,2025-08-05 14:24:01.200,MO2508-C-7500,2.2,2.0,2.2
2025-08-05,2025-08-05 14:24:02.200,MO2508-C-7500,2.2,2.0,2.2
2025-08-05,2025-08-05 14:24:03.200,MO2508-C-7500,2.2,2.0,2.2
2025-08-05,2025-08-05 14:24:03.700,MO2508-C-7500,2.2,2.0,2.2
2025-08-05,2025-08-05 14:24:04.200,MO2508-C-7500,2.2,2.0,2.2
2025-08-05,2025-08-05 14:24:04.700,MO2508-C-7500,2.2,2.0,2.2
2025-08-05,2025-08-05 14:24:05.200,MO2508-C-7500,2.2,2.0,2.2
2025-08-05,2025-08-05 14:24:10.200,MO2508-C-7500,2.2,2.0,2.2
2025-08-05,2025-08-05 14:24:10.700,MO2508-C-7500,2.2,2.0,2.2
2025-08-05,2025-08-05 14:24:11.700,MO2508-C-7500,2.2,2.0,2.2
2025-08-05,2025-08-05 14:24:20.700,MO2508-C-7500,2.2,2.0,2.2
2025-08-05,2025-08-05 14:24:21.200,MO2508-C-7500,2.2,2.0,2.2
2025-08-05,2025-08-05 14:24:21.700,MO2508-C-7500,2.2,2.0,2.4
2025-08-05,2025-08-05 14:24:22.200,MO2508-C-7500,2.2,2.0,2.4
2025-08-05,2025-08-05 14:24:22.700,MO2508-C-7500,2.2,2.0,2.4
2025-08-05,2025-08-05 14:24:23.200,MO2508-C-7500,2.2,2.0,2.4
2025-08-05,2025-08-05 14:24:28.700,MO2508-C-7500,2.2,2.0,2.4
2025-08-05,2025-08-05 14:24:29.200,MO2508-C-7500,2.2,2.0,2.4
2025-08-05,2025-08-05 14:24:39.700,MO2508-C-7500,2.2,2.2,2.4
2025-08-05,2025-08-05 14:24:40.200,MO2508-C-7500,2.2,2.2,2.4
2025-08-05,2025-08-05 14:24:40.700,MO2508-C-7500,2.2,2.2,2.4
2025-08-05,2025-08-05 14:24:46.200,MO2508-C-7500,2.2,2.2,2.4
2025-08-05,2025-08-05 14:24:46.700,MO2508-C-7500,2.2,2.2,2.4
2025-08-05,2025-08-05 14:24:51.200,MO2508-C-7500,2.2,2.2,2.4
2025-08-05,2025-08-05 14:24:51.700,MO2508-C-7500,2.2,2.2,2.4
2025-08-05,2025-08-05 14:24:52.200,MO2508-C-7500,2.2,2.2,2.4
2025-08-05,2025-08-05 14:24:58.700,MO2508-C-7500,2.2,2.2,2.4
2025-08-05,2025-08-05 14:24:59.200,MO2508-C-7500,2.2,2.2,2.4
2025-08-05,2025-08-05 14:25:05.200,MO2508-C-7500,2.2,2.2,2.4
2025-08-05,2025-08-05 14:25:05.700,MO2508-C-7500,2.2,2.2,2.4
2025-08-05,2025-08-05 14:25:24.700,MO2508-C-7500,2.2,2.0,2.4
2025-08-05,2025-08-05 14:25:25.200,MO2508-C-7500,2.2,2.0,2.4
2025-08-05,2025-08-05 14:25:27.200,MO2508-C-7500,2.2,2.0,2.4
2025-08-05,2025-08-05 14:25:28.700,MO2508-C-7500,2.2,2.0,2.4
2025-08-05,2025-08-05 14:25:29.200,MO2508-C-7500,2.2,2.0,2.4
2025-08-05,2025-08-05 14:25:41.200,MO2508-C-7500,2.2,2.0,2.4
2025-08-05,2025-08-05 14:25:47.200,MO2508-C-7500,2.2,2.0,2.4
2025-08-05,2025-08-05 14:25:55.200,MO2508-C-7500,2.2,2.0,2.4
2025-08-05,2025-08-05 14:25:58.700,MO2508-C-7500,2.2,2.0,2.4
2025-08-05,2025-08-05 14:25:59.200,MO2508-C-7500,2.2,2.0,2.4
2025-08-05,2025-08-05 14:26:07.200,MO2508-C-7500,2.2,2.0,2.4
2025-08-05,2025-08-05 14:26:08.200,MO2508-C-7500,2.2,2.0,2.4
2025-08-05,2025-08-05 14:26:09.200,MO2508-C-7500,2.2,2.0,2.4
2025-08-05,2025-08-05 14:26:09.700,MO2508-C-7500,2.2,2.0,2.4
2025-08-05,2025-08-05 14:26:13.700,MO2508-C-7500,2.2,2.0,2.4
2025-08-05,2025-08-05 14:26:16.200,MO2508-C-7500,2.2,2.0,2.4
2025-08-05,2025-08-05 14:26:17.200,MO2508-C-7500,2.2,2.0,2.4
2025-08-05,2025-08-05 14:26:17.700,MO2508-C-7500,2.2,2.0,2.4
2025-08-05,2025-08-05 14:26:21.200,MO2508-C-7500,2.2,2.0,2.4
2025-08-05,2025-08-05 14:26:22.200,MO2508-C-7500,2.2,2.0,2.4
2025-08-05,2025-08-05 14:26:24.700,MO2508-C-7500,2.2,2.0,2.4
2025-08-05,2025-08-05 14:26:26.700,MO2508-C-7500,2.2,2.0,2.4
2025-08-05,2025-08-05 14:26:27.200,MO2508-C-7500,2.2,2.0,2.4
2025-08-05,2025-08-05 14:26:28.200,MO2508-C-7500,2.2,2.2,2.4
2025-08-05,2025-08-05 14:26:28.700,MO2508-C-7500,2.2,2.2,2.4
2025-08-05,2025-08-05 14:26:29.200,MO2508-C-7500,2.2,2.2,2.4
2025-08-05,2025-08-05 14:26:49.700,MO2508-C-7500,2.2,2.0,2.2
2025-08-05,2025-08-05 14:26:50.200,MO2508-C-7500,2.2,2.0,2.2
2025-08-05,2025-08-05 14:26:50.700,MO2508-C-7500,2.2,2.0,2.2
2025-08-05,2025-08-05 14:26:51.200,MO2508-C-7500,2.2,2.0,2.2
2025-08-05,2025-08-05 14:26:58.700,MO2508-C-7500,2.2,2.0,2.2
2025-08-05,2025-08-05 14:26:59.200,MO2508-C-7500,2.2,2.0,2.2
2025-08-05,2025-08-05 14:27:02.200,MO2508-C-7500,2.2,2.0,2.2
2025-08-05,2025-08-05 14:27:09.700,MO2508-C-7500,2.2,2.0,2.2
2025-08-05,2025-08-05 14:27:26.200,MO2508-C-7500,2.2,2.0,2.2
2025-08-05,2025-08-05 14:27:28.700,MO2508-C-7500,2.2,2.0,2.2
2025-08-05,2025-08-05 14:27:29.200,MO2508-C-7500,2.2,2.0,2.2
2025-08-05,2025-08-05 14:27:58.700,MO2508-C-7500,2.2,2.0,2.2
2025-08-05,2025-08-05 14:27:59.200,MO2508-C-7500,2.2,2.0,2.2
2025-08-05,2025-08-05 14:28:28.700,MO2508-C-7500,2.2,2.0,2.2
2025-08-05,2025-08-05 14:28:29.200,MO2508-C-7500,2.2,2.0,2.2
2025-08-05,2025-08-05 14:28:58.700,MO2508-C-7500,2.2,2.0,2.2
2025-08-05,2025-08-05 14:28:59.200,MO2508-C-7500,2.2,2.0,2.2
2025-08-05,2025-08-05 14:29:11.200,MO2508-C-7500,2.2,2.0,2.2
2025-08-05,2025-08-05 14:29:28.700,MO2508-C-7500,2.2,2.0,2.2
2025-08-05,2025-08-05 14:29:29.200,MO2508-C-7500,2.2,2.0,2.2
2025-08-05,2025-08-05 14:29:58.700,MO2508-C-7500,2.2,2.0,2.2
2025-08-05,2025-08-05 14:29:59.200,MO2508-C-7500,2.2,2.0,2.2
2025-08-05,2025-08-05 14:30:09.200,MO2508-C-7500,2.2,2.0,2.2
2025-08-05,2025-08-05 14:30:15.700,MO2508-C-7500,2.2,2.0,2.2
2025-08-05,2025-08-05 14:30:16.200,MO2508-C-7500,2.2,2.0,2.2
2025-08-05,2025-08-05 14:30:17.700,MO2508-C-7500,2.2,2.0,2.2
2025-08-05,2025-08-05 14:30:19.200,MO2508-C-7500,2.2,2.0,2.2
2025-08-05,2025-08-05 14:30:24.700,MO2508-C-7500,2.2,2.0,2.2
2025-08-05,2025-08-05 14:30:28.700,MO2508-C-7500,2.2,2.0,2.2
2025-08-05,2025-08-05 14:30:29.200,MO2508-C-7500,2.2,2.0,2.2
2025-08-05,2025-08-05 14:30:37.200,MO2508-C-7500,2.2,2.0,2.2
2025-08-05,2025-08-05 14:30:37.700,MO2508-C-7500,2.2,2.0,2.2
2025-08-05,2025-08-05 14:30:49.700,MO2508-C-7500,2.2,2.0,2.2
2025-08-05,2025-08-05 14:30:50.200,MO2508-C-7500,2.0,2.0,2.2
2025-08-05,2025-08-05 14:30:50.700,MO2508-C-7500,2.0,2.0,2.2
2025-08-05,2025-08-05 14:30:51.200,MO2508-C-7500,2.0,2.0,2.2
2025-08-05,2025-08-05 14:30:51.700,MO2508-C-7500,2.0,2.0,2.2
2025-08-05,2025-08-05 14:30:55.700,MO2508-C-7500,2.0,2.0,2.2
2025-08-05,2025-08-05 14:30:56.200,MO2508-C-7500,2.0,2.0,2.2
2025-08-05,2025-08-05 14:30:56.700,MO2508-C-7500,2.0,2.0,2.2
2025-08-05,2025-08-05 14:30:58.200,MO2508-C-7500,2.0,2.0,2.2
2025-08-05,2025-08-05 14:30:58.700,MO2508-C-7500,2.0,2.0,2.2
2025-08-05,2025-08-05 14:30:59.200,MO2508-C-7500,2.0,2.0,2.2
2025-08-05,2025-08-05 14:31:04.700,MO2508-C-7500,2.0,2.0,2.2
2025-08-05,2025-08-05 14:31:05.700,MO2508-C-7500,2.0,2.0,2.2
2025-08-05,2025-08-05 14:31:22.200,MO2508-C-7500,2.0,2.0,2.2
2025-08-05,2025-08-05 14:31:28.700,MO2508-C-7500,2.0,2.0,2.2
2025-08-05,2025-08-05 14:31:29.200,MO2508-C-7500,2.0,2.0,2.2
2025-08-05,2025-08-05 14:31:29.700,MO2508-C-7500,2.0,2.0,2.2
2025-08-05,2025-08-05 14:31:30.200,MO2508-C-7500,2.0,2.0,2.2
2025-08-05,2025-08-05 14:31:39.700,MO2508-C-7500,2.0,2.0,2.2
2025-08-05,2025-08-05 14:31:40.200,MO2508-C-7500,2.0,2.0,2.2
2025-08-05,2025-08-05 14:31:40.700,MO2508-C-7500,2.0,2.0,2.2
2025-08-05,2025-08-05 14:31:48.200,MO2508-C-7500,2.0,2.0,2.2
2025-08-05,2025-08-05 14:31:48.700,MO2508-C-7500,2.0,2.0,2.2
2025-08-05,2025-08-05 14:31:49.200,MO2508-C-7500,2.0,2.0,2.2
2025-08-05,2025-08-05 14:31:49.700,MO2508-C-7500,2.0,2.0,2.2
2025-08-05,2025-08-05 14:31:50.200,MO2508-C-7500,2.0,2.0,2.2
2025-08-05,2025-08-05 14:31:50.700,MO2508-C-7500,2.0,2.0,2.2
2025-08-05,2025-08-05 14:31:51.200,MO2508-C-7500,2.0,2.0,2.2
2025-08-05,2025-08-05 14:31:51.700,MO2508-C-7500,2.0,2.0,2.2
2025-08-05,2025-08-05 14:31:58.700,MO2508-C-7500,2.0,2.0,2.2
2025-08-05,2025-08-05 14:31:59.200,MO2508-C-7500,2.0,2.0,2.2
2025-08-05,2025-08-05 14:31:59.700,MO2508-C-7500,2.0,2.0,2.2
2025-08-05,2025-08-05 14:32:00.200,MO2508-C-7500,2.0,2.0,2.2
2025-08-05,2025-08-05 14:32:24.200,MO2508-C-7500,2.0,2.0,2.2
2025-08-05,2025-08-05 14:32:28.700,MO2508-C-7500,2.0,2.0,2.2
2025-08-05,2025-08-05 14:32:29.200,MO2508-C-7500,2.0,2.0,2.2
2025-08-05,2025-08-05 14:32:36.200,MO2508-C-7500,2.0,2.0,2.2
2025-08-05,2025-08-05 14:32:58.700,MO2508-C-7500,2.0,2.0,2.2
2025-08-05,2025-08-05 14:32:59.200,MO2508-C-7500,2.0,2.0,2.2
2025-08-05,2025-08-05 14:33:02.200,MO2508-C-7500,2.0,2.0,2.2
2025-08-05,2025-08-05 14:33:05.700,MO2508-C-7500,2.0,2.0,2.2
2025-08-05,2025-08-05 14:33:07.700,MO2508-C-7500,2.0,2.0,2.2
2025-08-05,2025-08-05 14:33:18.700,MO2508-C-7500,2.0,2.0,2.2
2025-08-05,2025-08-05 14:33:19.200,MO2508-C-7500,2.0,2.0,2.2
2025-08-05,2025-08-05 14:33:20.200,MO2508-C-7500,2.0,2.0,2.2
2025-08-05,2025-08-05 14:33:20.700,MO2508-C-7500,2.0,2.0,2.2
2025-08-05,2025-08-05 14:33:21.700,MO2508-C-7500,2.0,2.0,2.2
2025-08-05,2025-08-05 14:33:23.700,MO2508-C-7500,2.0,2.0,2.2
2025-08-05,2025-08-05 14:33:24.200,MO2508-C-7500,2.0,2.0,2.2
2025-08-05,2025-08-05 14:33:28.700,MO2508-C-7500,2.0,2.0,2.2
2025-08-05,2025-08-05 14:33:29.200,MO2508-C-7500,2.0,2.0,2.2
2025-08-05,2025-08-05 14:33:58.700,MO2508-C-7500,2.0,2.0,2.2
2025-08-05,2025-08-05 14:33:59.200,MO2508-C-7500,2.0,2.0,2.2
2025-08-05,2025-08-05 14:34:28.700,MO2508-C-7500,2.0,2.0,2.2
2025-08-05,2025-08-05 14:34:29.200,MO2508-C-7500,2.0,2.0,2.2
2025-08-05,2025-08-05 14:34:42.200,MO2508-C-7500,2.0,2.0,2.2
2025-08-05,2025-08-05 14:34:45.700,MO2508-C-7500,2.0,2.0,2.2
2025-08-05,2025-08-05 14:34:46.200,MO2508-C-7500,2.0,2.0,2.2
2025-08-05,2025-08-05 14:34:54.200,MO2508-C-7500,2.0,2.0,2.2
2025-08-05,2025-08-05 14:34:54.700,MO2508-C-7500,2.0,2.0,2.2
2025-08-05,2025-08-05 14:34:58.700,MO2508-C-7500,2.0,2.0,2.2
2025-08-05,2025-08-05 14:34:59.200,MO2508-C-7500,2.0,2.0,2.2
2025-08-05,2025-08-05 14:35:18.700,MO2508-C-7500,2.0,2.0,2.2
2025-08-05,2025-08-05 14:35:24.200,MO2508-C-7500,2.0,2.0,2.2
2025-08-05,2025-08-05 14:35:28.200,MO2508-C-7500,2.0,2.0,2.2
2025-08-05,2025-08-05 14:35:28.700,MO2508-C-7500,2.0,2.0,2.2
2025-08-05,2025-08-05 14:35:29.200,MO2508-C-7500,2.0,2.0,2.2
2025-08-05,2025-08-05 14:35:50.700,MO2508-C-7500,2.0,2.0,2.2
2025-08-05,2025-08-05 14:35:58.700,MO2508-C-7500,2.0,2.0,2.2
2025-08-05,2025-08-05 14:35:59.200,MO2508-C-7500,2.0,2.0,2.2
2025-08-05,2025-08-05 14:36:16.700,MO2508-C-7500,2.0,2.0,2.2
2025-08-05,2025-08-05 14:36:28.700,MO2508-C-7500,2.0,2.0,2.2
2025-08-05,2025-08-05 14:36:29.200,MO2508-C-7500,2.0,2.0,2.2
2025-08-05,2025-08-05 14:36:29.700,MO2508-C-7500,2.0,2.0,2.2
2025-08-05,2025-08-05 14:36:50.700,MO2508-C-7500,2.0,2.0,2.2
2025-08-05,2025-08-05 14:36:51.200,MO2508-C-7500,2.0,2.0,2.2
2025-08-05,2025-08-05 14:36:51.700,MO2508-C-7500,2.0,2.0,2.2
2025-08-05,2025-08-05 14:36:58.700,MO2508-C-7500,2.0,2.0,2.2
2025-08-05,2025-08-05 14:36:59.200,MO2508-C-7500,2.0,2.0,2.2
2025-08-05,2025-08-05 14:37:02.200,MO2508-C-7500,2.0,2.0,2.2
2025-08-05,2025-08-05 14:37:08.200,MO2508-C-7500,2.0,2.0,2.2
2025-08-05,2025-08-05 14:37:27.200,MO2508-C-7500,2.0,2.0,2.2
2025-08-05,2025-08-05 14:37:28.700,MO2508-C-7500,2.0,2.0,2.2
2025-08-05,2025-08-05 14:37:29.200,MO2508-C-7500,2.0,2.0,2.2
2025-08-05,2025-08-05 14:37:49.200,MO2508-C-7500,2.0,2.0,2.2
2025-08-05,2025-08-05 14:37:49.700,MO2508-C-7500,2.0,2.0,2.2
2025-08-05,2025-08-05 14:37:58.700,MO2508-C-7500,2.0,2.0,2.2
2025-08-05,2025-08-05 14:37:59.200,MO2508-C-7500,2.0,2.0,2.2
2025-08-05,2025-08-05 14:38:13.200,MO2508-C-7500,2.0,2.0,2.2
2025-08-05,2025-08-05 14:38:23.200,MO2508-C-7500,2.0,2.0,2.2
2025-08-05,2025-08-05 14:38:28.700,MO2508-C-7500,2.0,2.0,2.2
2025-08-05,2025-08-05 14:38:29.200,MO2508-C-7500,2.0,2.0,2.2
2025-08-05,2025-08-05 14:38:58.700,MO2508-C-7500,2.0,2.0,2.2
2025-08-05,2025-08-05 14:38:59.200,MO2508-C-7500,2.0,2.0,2.2
2025-08-05,2025-08-05 14:39:28.700,MO2508-C-7500,2.0,2.0,2.2
2025-08-05,2025-08-05 14:39:29.200,MO2508-C-7500,2.0,2.0,2.2
2025-08-05,2025-08-05 14:39:58.700,MO2508-C-7500,2.0,2.0,2.2
2025-08-05,2025-08-05 14:39:59.200,MO2508-C-7500,2.0,2.0,2.2
2025-08-05,2025-08-05 14:40:28.700,MO2508-C-7500,2.0,2.0,2.2
2025-08-05,2025-08-05 14:40:29.200,MO2508-C-7500,2.0,2.0,2.2
2025-08-05,2025-08-05 14:40:58.700,MO2508-C-7500,2.0,2.0,2.2
2025-08-05,2025-08-05 14:40:59.200,MO2508-C-7500,2.0,2.0,2.2
2025-08-05,2025-08-05 14:41:13.200,MO2508-C-7500,2.0,2.0,2.2
2025-08-05,2025-08-05 14:41:28.700,MO2508-C-7500,2.0,2.0,2.2
2025-08-05,2025-08-05 14:41:29.200,MO2508-C-7500,2.0,2.0,2.2
2025-08-05,2025-08-05 14:41:58.700,MO2508-C-7500,2.0,2.0,2.2
2025-08-05,2025-08-05 14:41:59.200,MO2508-C-7500,2.0,2.0,2.2
2025-08-05,2025-08-05 14:42:02.700,MO2508-C-7500,2.0,2.0,2.2
2025-08-05,2025-08-05 14:42:07.700,MO2508-C-7500,2.0,2.0,2.2
2025-08-05,2025-08-05 14:42:16.200,MO2508-C-7500,2.0,2.0,2.2
2025-08-05,2025-08-05 14:42:28.700,MO2508-C-7500,2.0,2.0,2.2
2025-08-05,2025-08-05 14:42:29.200,MO2508-C-7500,2.0,2.0,2.2
2025-08-05,2025-08-05 14:42:58.700,MO2508-C-7500,2.0,2.0,2.2
2025-08-05,2025-08-05 14:42:59.200,MO2508-C-7500,2.0,2.0,2.2
2025-08-05,2025-08-05 14:43:00.200,MO2508-C-7500,2.0,2.0,2.2
2025-08-05,2025-08-05 14:43:00.700,MO2508-C-7500,2.0,2.0,2.2
2025-08-05,2025-08-05 14:43:25.200,MO2508-C-7500,2.0,2.0,2.2
2025-08-05,2025-08-05 14:43:28.700,MO2508-C-7500,2.0,2.0,2.2
2025-08-05,2025-08-05 14:43:29.200,MO2508-C-7500,2.0,2.0,2.2
2025-08-05,2025-08-05 14:43:44.700,MO2508-C-7500,2.0,2.0,2.2
2025-08-05,2025-08-05 14:43:57.200,MO2508-C-7500,2.0,2.0,2.2
2025-08-05,2025-08-05 14:43:58.700,MO2508-C-7500,2.0,2.0,2.2
2025-08-05,2025-08-05 14:43:59.200,MO2508-C-7500,2.0,2.0,2.2
2025-08-05,2025-08-05 14:44:05.700,MO2508-C-7500,2.0,2.0,2.2
2025-08-05,2025-08-05 14:44:14.200,MO2508-C-7500,2.0,2.0,2.2
2025-08-05,2025-08-05 14:44:25.200,MO2508-C-7500,2.2,2.0,2.2
2025-08-05,2025-08-05 14:44:28.700,MO2508-C-7500,2.2,2.0,2.2
2025-08-05,2025-08-05 14:44:29.200,MO2508-C-7500,2.2,2.0,2.2
2025-08-05,2025-08-05 14:44:50.200,MO2508-C-7500,2.2,2.0,2.2
2025-08-05,2025-08-05 14:44:58.700,MO2508-C-7500,2.2,2.0,2.2
2025-08-05,2025-08-05 14:44:59.200,MO2508-C-7500,2.2,2.0,2.2
2025-08-05,2025-08-05 14:45:02.200,MO2508-C-7500,2.2,2.0,2.2
2025-08-05,2025-08-05 14:45:08.200,MO2508-C-7500,2.2,2.0,2.2
2025-08-05,2025-08-05 14:45:12.200,MO2508-C-7500,2.2,2.0,2.2
2025-08-05,2025-08-05 14:45:28.700,MO2508-C-7500,2.2,2.0,2.2
2025-08-05,2025-08-05 14:45:29.200,MO2508-C-7500,2.2,2.0,2.2
2025-08-05,2025-08-05 14:45:58.700,MO2508-C-7500,2.2,2.0,2.2
2025-08-05,2025-08-05 14:45:59.200,MO2508-C-7500,2.2,2.0,2.2
2025-08-05,2025-08-05 14:46:28.700,MO2508-C-7500,2.2,2.0,2.2
2025-08-05,2025-08-05 14:46:29.200,MO2508-C-7500,2.2,2.0,2.2
2025-08-05,2025-08-05 14:46:33.700,MO2508-C-7500,2.2,2.0,2.2
2025-08-05,2025-08-05 14:46:58.700,MO2508-C-7500,2.2,2.0,2.2
2025-08-05,2025-08-05 14:46:59.200,MO2508-C-7500,2.2,2.0,2.2
2025-08-05,2025-08-05 14:47:15.200,MO2508-C-7500,2.2,2.0,2.2
2025-08-05,2025-08-05 14:47:28.700,MO2508-C-7500,2.2,2.0,2.2
2025-08-05,2025-08-05 14:47:29.200,MO2508-C-7500,2.2,2.0,2.2
2025-08-05,2025-08-05 14:47:32.200,MO2508-C-7500,2.2,2.0,2.2
2025-08-05,2025-08-05 14:47:42.200,MO2508-C-7500,2.2,2.0,2.2
2025-08-05,2025-08-05 14:47:51.700,MO2508-C-7500,2.2,2.0,2.2
2025-08-05,2025-08-05 14:47:52.200,MO2508-C-7500,2.0,2.0,2.2
2025-08-05,2025-08-05 14:47:52.700,MO2508-C-7500,2.2,2.0,2.2
2025-08-05,2025-08-05 14:47:54.200,MO2508-C-7500,2.2,2.0,2.2
2025-08-05,2025-08-05 14:47:55.200,MO2508-C-7500,2.2,2.0,2.2
2025-08-05,2025-08-05 14:47:56.700,MO2508-C-7500,2.2,2.0,2.2
2025-08-05,2025-08-05 14:47:58.200,MO2508-C-7500,2.2,2.0,2.2
2025-08-05,2025-08-05 14:47:58.700,MO2508-C-7500,2.2,2.0,2.2
2025-08-05,2025-08-05 14:47:59.200,MO2508-C-7500,2.2,2.0,2.2
2025-08-05,2025-08-05 14:47:59.700,MO2508-C-7500,2.2,2.0,2.2
2025-08-05,2025-08-05 14:48:04.700,MO2508-C-7500,2.2,2.0,2.2
2025-08-05,2025-08-05 14:48:28.700,MO2508-C-7500,2.2,2.0,2.2
2025-08-05,2025-08-05 14:48:29.200,MO2508-C-7500,2.2,2.0,2.2
2025-08-05,2025-08-05 14:48:30.200,MO2508-C-7500,2.2,2.0,2.2
2025-08-05,2025-08-05 14:48:30.700,MO2508-C-7500,2.0,2.0,2.2
2025-08-05,2025-08-05 14:48:31.700,MO2508-C-7500,2.0,2.0,2.2
2025-08-05,2025-08-05 14:48:39.700,MO2508-C-7500,2.0,2.0,2.2
2025-08-05,2025-08-05 14:48:42.700,MO2508-C-7500,2.0,2.0,2.2
2025-08-05,2025-08-05 14:48:58.700,MO2508-C-7500,2.0,2.0,2.2
2025-08-05,2025-08-05 14:48:59.200,MO2508-C-7500,2.0,2.0,2.2
2025-08-05,2025-08-05 14:49:17.200,MO2508-C-7500,2.0,2.0,2.2
2025-08-05,2025-08-05 14:49:17.700,MO2508-C-7500,2.0,2.0,2.2
2025-08-05,2025-08-05 14:49:28.700,MO2508-C-7500,2.0,2.0,2.2
2025-08-05,2025-08-05 14:49:29.200,MO2508-C-7500,2.0,2.0,2.2
2025-08-05,2025-08-05 14:49:30.200,MO2508-C-7500,2.0,2.0,2.2
2025-08-05,2025-08-05 14:49:34.700,MO2508-C-7500,2.0,2.0,2.2
2025-08-05,2025-08-05 14:49:35.200,MO2508-C-7500,2.0,2.0,2.2
2025-08-05,2025-08-05 14:49:35.700,MO2508-C-7500,2.0,2.0,2.2
2025-08-05,2025-08-05 14:49:57.700,MO2508-C-7500,2.0,2.0,2.2
2025-08-05,2025-08-05 14:49:58.700,MO2508-C-7500,2.0,2.0,2.2
2025-08-05,2025-08-05 14:49:59.200,MO2508-C-7500,2.0,2.0,2.2
2025-08-05,2025-08-05 14:50:20.200,MO2508-C-7500,2.0,2.0,2.2
2025-08-05,2025-08-05 14:50:28.700,MO2508-C-7500,2.0,2.0,2.2
2025-08-05,2025-08-05 14:50:29.200,MO2508-C-7500,2.0,2.0,2.2
2025-08-05,2025-08-05 14:50:34.700,MO2508-C-7500,2.0,2.0,2.2
2025-08-05,2025-08-05 14:50:39.200,MO2508-C-7500,2.0,2.0,2.2
2025-08-05,2025-08-05 14:50:58.700,MO2508-C-7500,2.0,2.0,2.2
2025-08-05,2025-08-05 14:50:59.200,MO2508-C-7500,2.0,2.0,2.2
2025-08-05,2025-08-05 14:51:28.700,MO2508-C-7500,2.0,2.0,2.2
2025-08-05,2025-08-05 14:51:29.200,MO2508-C-7500,2.0,2.0,2.2
2025-08-05,2025-08-05 14:51:34.700,MO2508-C-7500,2.0,2.0,2.2
2025-08-05,2025-08-05 14:51:58.700,MO2508-C-7500,2.0,2.0,2.2
2025-08-05,2025-08-05 14:51:59.200,MO2508-C-7500,2.0,2.0,2.2
2025-08-05,2025-08-05 14:52:02.200,MO2508-C-7500,2.0,2.0,2.2
2025-08-05,2025-08-05 14:52:12.200,MO2508-C-7500,2.0,2.0,2.2
2025-08-05,2025-08-05 14:52:12.700,MO2508-C-7500,2.0,2.0,2.2
2025-08-05,2025-08-05 14:52:28.700,MO2508-C-7500,2.0,2.0,2.2
2025-08-05,2025-08-05 14:52:29.200,MO2508-C-7500,2.0,2.0,2.2
2025-08-05,2025-08-05 14:52:58.700,MO2508-C-7500,2.0,2.0,2.2
2025-08-05,2025-08-05 14:52:59.200,MO2508-C-7500,2.0,2.0,2.2
2025-08-05,2025-08-05 14:53:23.200,MO2508-C-7500,2.0,2.0,2.2
2025-08-05,2025-08-05 14:53:28.700,MO2508-C-7500,2.0,2.0,2.2
2025-08-05,2025-08-05 14:53:29.200,MO2508-C-7500,2.0,2.0,2.2
2025-08-05,2025-08-05 14:53:49.200,MO2508-C-7500,2.0,2.0,2.2
2025-08-05,2025-08-05 14:53:54.200,MO2508-C-7500,2.0,2.0,2.2
2025-08-05,2025-08-05 14:53:58.700,MO2508-C-7500,2.0,2.0,2.2
2025-08-05,2025-08-05 14:53:59.200,MO2508-C-7500,2.0,2.0,2.2
2025-08-05,2025-08-05 14:54:28.700,MO2508-C-7500,2.0,2.0,2.2
2025-08-05,2025-08-05 14:54:29.200,MO2508-C-7500,2.0,2.0,2.2
2025-08-05,2025-08-05 14:54:43.700,MO2508-C-7500,2.0,2.0,2.2
2025-08-05,2025-08-05 14:54:47.200,MO2508-C-7500,2.0,2.0,2.2
2025-08-05,2025-08-05 14:54:47.700,MO2508-C-7500,2.0,2.0,2.2
2025-08-05,2025-08-05 14:54:56.700,MO2508-C-7500,2.0,2.0,2.2
2025-08-05,2025-08-05 14:54:58.700,MO2508-C-7500,2.0,2.0,2.2
2025-08-05,2025-08-05 14:54:59.200,MO2508-C-7500,2.0,2.0,2.2
2025-08-05,2025-08-05 14:55:01.200,MO2508-C-7500,2.0,2.0,2.2
2025-08-05,2025-08-05 14:55:15.700,MO2508-C-7500,2.0,2.0,2.2
2025-08-05,2025-08-05 14:55:28.700,MO2508-C-7500,2.0,2.0,2.2
2025-08-05,2025-08-05 14:55:29.200,MO2508-C-7500,2.0,2.0,2.2
2025-08-05,2025-08-05 14:55:45.200,MO2508-C-7500,2.0,2.0,2.2
2025-08-05,2025-08-05 14:55:56.200,MO2508-C-7500,2.0,2.0,2.2
2025-08-05,2025-08-05 14:55:58.700,MO2508-C-7500,2.0,2.0,2.2
2025-08-05,2025-08-05 14:55:59.200,MO2508-C-7500,2.0,2.0,2.2
2025-08-05,2025-08-05 14:56:00.700,MO2508-C-7500,2.0,2.0,2.2
2025-08-05,2025-08-05 14:56:10.200,MO2508-C-7500,2.0,2.0,2.2
2025-08-05,2025-08-05 14:56:10.700,MO2508-C-7500,2.0,2.0,2.2
2025-08-05,2025-08-05 14:56:28.700,MO2508-C-7500,2.0,2.0,2.2
2025-08-05,2025-08-05 14:56:29.200,MO2508-C-7500,2.0,2.0,2.2
2025-08-05,2025-08-05 14:56:33.700,MO2508-C-7500,2.0,2.0,2.2
2025-08-05,2025-08-05 14:56:36.200,MO2508-C-7500,2.0,2.0,2.2
2025-08-05,2025-08-05 14:56:40.700,MO2508-C-7500,2.0,2.0,2.2
2025-08-05,2025-08-05 14:56:45.700,MO2508-C-7500,2.0,2.0,2.2
2025-08-05,2025-08-05 14:56:51.700,MO2508-C-7500,2.0,2.0,2.2
2025-08-05,2025-08-05 14:56:58.200,MO2508-C-7500,2.0,2.0,2.2
2025-08-05,2025-08-05 14:56:58.700,MO2508-C-7500,2.0,2.0,2.2
2025-08-05,2025-08-05 15:00:00.200,MO2508-C-7500,2.0,2.0,2.2
2025-08-05,2025-08-05 15:26:56.700,MO2508-C-7500,2.0,2.0,2.2
2025-08-05,2025-08-05 15:31:50.700,MO2508-C-7500,2.0,2.0,2.2
2025-08-06,2025-08-06 09:29:00.200,MO2508-C-7500,2.0,1.4,2.2
2025-08-06,2025-08-06 09:30:00.200,MO2508-C-7500,2.0,1.4,2.2
2025-08-06,2025-08-06 09:30:00.700,MO2508-C-7500,2.0,1.4,2.2
2025-08-06,2025-08-06 09:30:01.200,MO2508-C-7500,2.0,1.4,2.2
2025-08-06,2025-08-06 09:30:01.700,MO2508-C-7500,2.0,1.4,2.2
2025-08-06,2025-08-06 09:30:02.200,MO2508-C-7500,2.0,1.4,2.2
2025-08-06,2025-08-06 09:30:10.200,MO2508-C-7500,2.0,1.4,2.2
2025-08-06,2025-08-06 09:30:10.700,MO2508-C-7500,2.0,1.6,2.2
2025-08-06,2025-08-06 09:30:11.200,MO2508-C-7500,2.0,1.6,2.0
2025-08-06,2025-08-06 09:30:11.700,MO2508-C-7500,2.0,1.6,2.0
2025-08-06,2025-08-06 09:30:12.200,MO2508-C-7500,2.0,1.6,2.0
2025-08-06,2025-08-06 09:30:12.700,MO2508-C-7500,2.0,1.6,2.0
2025-08-06,2025-08-06 09:30:13.200,MO2508-C-7500,2.0,1.6,2.0
2025-08-06,2025-08-06 09:30:15.200,MO2508-C-7500,2.0,1.6,2.0
2025-08-06,2025-08-06 09:30:15.700,MO2508-C-7500,2.0,1.6,2.0
2025-08-06,2025-08-06 09:30:17.200,MO2508-C-7500,2.0,1.6,2.0
2025-08-06,2025-08-06 09:30:18.200,MO2508-C-7500,2.0,1.6,2.0
2025-08-06,2025-08-06 09:30:18.700,MO2508-C-7500,2.0,1.6,2.0
2025-08-06,2025-08-06 09:30:19.200,MO2508-C-7500,2.0,1.6,2.0
2025-08-06,2025-08-06 09:30:20.200,MO2508-C-7500,2.0,1.6,2.0
2025-08-06,2025-08-06 09:30:20.700,MO2508-C-7500,2.0,1.6,2.0
2025-08-06,2025-08-06 09:30:21.700,MO2508-C-7500,2.0,1.6,2.0
2025-08-06,2025-08-06 09:30:22.200,MO2508-C-7500,2.0,1.6,2.0
2025-08-06,2025-08-06 09:30:22.700,MO2508-C-7500,2.0,1.6,2.0
2025-08-06,2025-08-06 09:30:23.200,MO2508-C-7500,2.0,1.6,2.0
2025-08-06,2025-08-06 09:30:23.700,MO2508-C-7500,2.0,1.6,2.0
2025-08-06,2025-08-06 09:30:24.200,MO2508-C-7500,2.0,1.6,2.0
2025-08-06,2025-08-06 09:30:25.200,MO2508-C-7500,2.0,1.8,2.0
2025-08-06,2025-08-06 09:30:26.200,MO2508-C-7500,2.0,1.8,2.0
2025-08-06,2025-08-06 09:30:26.700,MO2508-C-7500,2.0,1.8,2.0
2025-08-06,2025-08-06 09:30:28.200,MO2508-C-7500,2.0,1.8,2.0
2025-08-06,2025-08-06 09:30:28.700,MO2508-C-7500,2.0,1.8,2.0
2025-08-06,2025-08-06 09:30:30.700,MO2508-C-7500,2.0,1.8,2.0
2025-08-06,2025-08-06 09:30:31.200,MO2508-C-7500,2.0,1.8,2.0
2025-08-06,2025-08-06 09:30:31.700,MO2508-C-7500,2.0,1.8,2.0
2025-08-06,2025-08-06 09:30:32.200,MO2508-C-7500,2.0,1.8,2.0
2025-08-06,2025-08-06 09:30:32.700,MO2508-C-7500,2.0,1.8,2.0
2025-08-06,2025-08-06 09:30:33.200,MO2508-C-7500,2.0,1.8,2.0
2025-08-06,2025-08-06 09:30:33.700,MO2508-C-7500,2.0,1.8,2.0
2025-08-06,2025-08-06 09:30:38.200,MO2508-C-7500,2.0,1.8,2.0
2025-08-06,2025-08-06 09:30:38.700,MO2508-C-7500,2.0,1.8,2.0
2025-08-06,2025-08-06 09:30:39.700,MO2508-C-7500,1.8,1.6,2.0
2025-08-06,2025-08-06 09:30:40.200,MO2508-C-7500,1.8,1.6,2.0
2025-08-06,2025-08-06 09:30:40.700,MO2508-C-7500,1.8,1.8,2.0
2025-08-06,2025-08-06 09:30:41.200,MO2508-C-7500,1.8,1.8,2.0
2025-08-06,2025-08-06 09:30:41.700,MO2508-C-7500,1.8,1.8,2.0
2025-08-06,2025-08-06 09:30:43.200,MO2508-C-7500,1.8,1.8,2.0
2025-08-06,2025-08-06 09:30:43.700,MO2508-C-7500,1.8,1.8,2.0
2025-08-06,2025-08-06 09:30:44.200,MO2508-C-7500,1.8,1.8,2.0
2025-08-06,2025-08-06 09:30:46.200,MO2508-C-7500,1.8,1.6,2.0
2025-08-06,2025-08-06 09:30:46.700,MO2508-C-7500,2.0,1.6,2.0
2025-08-06,2025-08-06 09:30:47.200,MO2508-C-7500,2.0,1.6,2.0
2025-08-06,2025-08-06 09:30:47.700,MO2508-C-7500,2.0,1.6,2.0
2025-08-06,2025-08-06 09:30:48.200,MO2508-C-7500,2.0,1.6,2.0
2025-08-06,2025-08-06 09:30:48.700,MO2508-C-7500,2.0,1.6,2.0
2025-08-06,2025-08-06 09:30:49.700,MO2508-C-7500,2.0,1.6,2.0
2025-08-06,2025-08-06 09:30:51.200,MO2508-C-7500,2.0,1.6,2.0
2025-08-06,2025-08-06 09:30:51.700,MO2508-C-7500,2.0,1.6,2.0
2025-08-06,2025-08-06 09:30:52.200,MO2508-C-7500,2.0,1.6,2.0
2025-08-06,2025-08-06 09:30:53.700,MO2508-C-7500,2.0,1.6,2.0
2025-08-06,2025-08-06 09:30:54.200,MO2508-C-7500,2.0,1.6,2.0
2025-08-06,2025-08-06 09:30:56.200,MO2508-C-7500,2.0,1.6,2.0
2025-08-06,2025-08-06 09:30:56.700,MO2508-C-7500,2.0,1.6,2.0
2025-08-06,2025-08-06 09:30:57.200,MO2508-C-7500,2.0,1.6,2.0
2025-08-06,2025-08-06 09:30:58.200,MO2508-C-7500,2.0,1.6,2.0
2025-08-06,2025-08-06 09:31:00.200,MO2508-C-7500,2.0,1.6,2.0
2025-08-06,2025-08-06 09:31:00.700,MO2508-C-7500,2.0,1.6,2.0
2025-08-06,2025-08-06 09:31:02.200,MO2508-C-7500,2.0,1.6,2.0
2025-08-06,2025-08-06 09:31:03.700,MO2508-C-7500,1.6,1.6,2.0
2025-08-06,2025-08-06 09:31:06.700,MO2508-C-7500,1.6,1.6,2.0
2025-08-06,2025-08-06 09:31:07.200,MO2508-C-7500,1.6,1.6,2.0
2025-08-06,2025-08-06 09:31:07.700,MO2508-C-7500,1.6,1.6,2.0
2025-08-06,2025-08-06 09:31:08.700,MO2508-C-7500,1.6,1.6,2.0
2025-08-06,2025-08-06 09:31:09.700,MO2508-C-7500,1.6,1.6,2.0
2025-08-06,2025-08-06 09:31:10.200,MO2508-C-7500,1.6,1.6,2.0
2025-08-06,2025-08-06 09:31:11.700,MO2508-C-7500,1.6,1.6,2.0
2025-08-06,2025-08-06 09:31:16.700,MO2508-C-7500,1.6,1.6,2.0
2025-08-06,2025-08-06 09:31:17.200,MO2508-C-7500,1.6,1.6,2.0
2025-08-06,2025-08-06 09:31:18.700,MO2508-C-7500,1.6,1.6,2.0
2025-08-06,2025-08-06 09:31:19.700,MO2508-C-7500,1.6,1.6,2.0
2025-08-06,2025-08-06 09:31:20.200,MO2508-C-7500,1.6,1.6,2.0
2025-08-06,2025-08-06 09:31:20.700,MO2508-C-7500,1.6,1.6,2.0
2025-08-06,2025-08-06 09:31:21.200,MO2508-C-7500,1.6,1.6,2.0
2025-08-06,2025-08-06 09:31:21.700,MO2508-C-7500,1.6,1.6,2.0
2025-08-06,2025-08-06 09:31:23.700,MO2508-C-7500,1.6,1.6,2.0
2025-08-06,2025-08-06 09:31:25.700,MO2508-C-7500,2.0,1.6,2.0
2025-08-06,2025-08-06 09:31:28.700,MO2508-C-7500,2.0,1.6,2.0
2025-08-06,2025-08-06 09:31:29.700,MO2508-C-7500,2.0,1.6,2.0
2025-08-06,2025-08-06 09:31:30.200,MO2508-C-7500,2.0,1.6,2.0
2025-08-06,2025-08-06 09:31:36.700,MO2508-C-7500,2.0,1.6,2.0
2025-08-06,2025-08-06 09:31:43.200,MO2508-C-7500,2.0,1.6,2.0
2025-08-06,2025-08-06 09:31:44.200,MO2508-C-7500,2.0,1.6,2.0
2025-08-06,2025-08-06 09:31:44.700,MO2508-C-7500,2.0,1.6,2.0
2025-08-06,2025-08-06 09:31:48.700,MO2508-C-7500,2.0,1.6,2.0
2025-08-06,2025-08-06 09:31:51.200,MO2508-C-7500,2.0,1.6,2.0
2025-08-06,2025-08-06 09:31:51.700,MO2508-C-7500,2.0,1.6,2.0
2025-08-06,2025-08-06 09:31:59.700,MO2508-C-7500,2.0,1.6,2.0
2025-08-06,2025-08-06 09:32:00.200,MO2508-C-7500,2.0,1.6,2.0
2025-08-06,2025-08-06 09:32:12.200,MO2508-C-7500,2.0,1.8,2.0
2025-08-06,2025-08-06 09:32:12.700,MO2508-C-7500,2.0,1.8,2.0
2025-08-06,2025-08-06 09:32:13.200,MO2508-C-7500,2.0,1.8,2.0
2025-08-06,2025-08-06 09:32:13.700,MO2508-C-7500,2.0,1.8,2.0
2025-08-06,2025-08-06 09:32:14.200,MO2508-C-7500,2.0,1.8,2.0
2025-08-06,2025-08-06 09:32:14.700,MO2508-C-7500,2.0,1.8,2.0
2025-08-06,2025-08-06 09:32:17.700,MO2508-C-7500,2.0,1.8,2.0
2025-08-06,2025-08-06 09:32:18.200,MO2508-C-7500,2.0,1.8,2.0
2025-08-06,2025-08-06 09:32:21.200,MO2508-C-7500,1.8,1.8,2.0
2025-08-06,2025-08-06 09:32:24.700,MO2508-C-7500,1.8,1.8,2.0
2025-08-06,2025-08-06 09:32:25.200,MO2508-C-7500,1.8,1.8,2.0
2025-08-06,2025-08-06 09:32:26.700,MO2508-C-7500,1.8,1.8,2.0
2025-08-06,2025-08-06 09:32:27.200,MO2508-C-7500,1.8,1.8,2.0
2025-08-06,2025-08-06 09:32:29.200,MO2508-C-7500,1.8,1.8,2.0
2025-08-06,2025-08-06 09:32:29.700,MO2508-C-7500,1.8,1.8,2.0
2025-08-06,2025-08-06 09:32:32.700,MO2508-C-7500,1.8,1.8,2.0
2025-08-06,2025-08-06 09:32:33.200,MO2508-C-7500,1.8,1.8,2.0
2025-08-06,2025-08-06 09:32:33.700,MO2508-C-7500,1.8,1.8,2.0
2025-08-06,2025-08-06 09:32:34.700,MO2508-C-7500,1.8,1.8,2.0
2025-08-06,2025-08-06 09:32:44.200,MO2508-C-7500,1.8,1.8,2.0
2025-08-06,2025-08-06 09:32:44.700,MO2508-C-7500,1.8,1.8,2.0
2025-08-06,2025-08-06 09:32:55.200,MO2508-C-7500,1.8,1.8,2.0
2025-08-06,2025-08-06 09:32:55.700,MO2508-C-7500,1.8,1.8,2.0
2025-08-06,2025-08-06 09:32:56.200,MO2508-C-7500,1.8,1.8,2.0
2025-08-06,2025-08-06 09:33:01.200,MO2508-C-7500,1.8,1.8,2.0
2025-08-06,2025-08-06 09:33:02.200,MO2508-C-7500,2.0,1.8,2.0
2025-08-06,2025-08-06 09:33:04.200,MO2508-C-7500,2.0,1.8,2.2
2025-08-06,2025-08-06 09:33:04.700,MO2508-C-7500,2.0,1.8,2.2
2025-08-06,2025-08-06 09:33:05.200,MO2508-C-7500,2.0,1.8,2.2
2025-08-06,2025-08-06 09:33:05.700,MO2508-C-7500,2.0,1.8,2.2
2025-08-06,2025-08-06 09:33:07.200,MO2508-C-7500,2.0,1.8,2.2
2025-08-06,2025-08-06 09:33:15.200,MO2508-C-7500,2.0,1.8,2.2
2025-08-06,2025-08-06 09:33:16.200,MO2508-C-7500,2.0,1.8,2.2
2025-08-06,2025-08-06 09:33:17.700,MO2508-C-7500,2.0,1.8,2.2
2025-08-06,2025-08-06 09:33:18.200,MO2508-C-7500,2.0,1.8,2.2
2025-08-06,2025-08-06 09:33:18.700,MO2508-C-7500,2.0,1.8,2.2
2025-08-06,2025-08-06 09:33:19.200,MO2508-C-7500,2.0,1.8,2.2
2025-08-06,2025-08-06 09:33:29.700,MO2508-C-7500,2.0,1.8,2.2
2025-08-06,2025-08-06 09:33:30.200,MO2508-C-7500,2.0,1.8,2.2
2025-08-06,2025-08-06 09:33:35.700,MO2508-C-7500,2.0,1.8,2.2
2025-08-06,2025-08-06 09:33:36.200,MO2508-C-7500,2.0,1.8,2.2
2025-08-06,2025-08-06 09:33:37.200,MO2508-C-7500,2.0,1.8,2.2
2025-08-06,2025-08-06 09:33:39.200,MO2508-C-7500,2.0,1.8,2.2
2025-08-06,2025-08-06 09:33:39.700,MO2508-C-7500,2.0,1.8,2.2
2025-08-06,2025-08-06 09:33:41.200,MO2508-C-7500,2.0,1.8,2.2
2025-08-06,2025-08-06 09:33:42.200,MO2508-C-7500,1.8,1.8,2.2
2025-08-06,2025-08-06 09:33:42.700,MO2508-C-7500,1.8,1.8,2.2
2025-08-06,2025-08-06 09:33:43.200,MO2508-C-7500,1.8,1.8,2.2
2025-08-06,2025-08-06 09:33:43.700,MO2508-C-7500,1.8,1.8,2.2
2025-08-06,2025-08-06 09:33:44.200,MO2508-C-7500,1.8,1.8,2.2
2025-08-06,2025-08-06 09:33:44.700,MO2508-C-7500,1.8,1.8,2.2
2025-08-06,2025-08-06 09:33:46.200,MO2508-C-7500,1.8,1.8,2.2
2025-08-06,2025-08-06 09:33:46.700,MO2508-C-7500,1.8,1.8,2.2
2025-08-06,2025-08-06 09:33:47.200,MO2508-C-7500,1.8,1.8,2.2
2025-08-06,2025-08-06 09:33:47.700,MO2508-C-7500,1.8,1.8,2.2
2025-08-06,2025-08-06 09:33:48.200,MO2508-C-7500,1.8,1.8,2.2
2025-08-06,2025-08-06 09:33:50.200,MO2508-C-7500,1.8,1.8,2.2
2025-08-06,2025-08-06 09:33:50.700,MO2508-C-7500,1.8,1.8,2.2
2025-08-06,2025-08-06 09:33:55.700,MO2508-C-7500,1.8,1.8,2.2
2025-08-06,2025-08-06 09:33:57.700,MO2508-C-7500,1.8,1.8,2.2
2025-08-06,2025-08-06 09:33:58.700,MO2508-C-7500,1.8,1.8,2.2
2025-08-06,2025-08-06 09:34:02.700,MO2508-C-7500,1.8,1.8,2.2
2025-08-06,2025-08-06 09:34:03.700,MO2508-C-7500,1.8,1.8,2.0
2025-08-06,2025-08-06 09:34:04.200,MO2508-C-7500,1.8,1.8,2.0
2025-08-06,2025-08-06 09:34:04.700,MO2508-C-7500,1.8,1.8,2.0
2025-08-06,2025-08-06 09:34:05.700,MO2508-C-7500,1.8,1.8,2.0
2025-08-06,2025-08-06 09:34:06.200,MO2508-C-7500,1.8,1.8,2.0
2025-08-06,2025-08-06 09:34:07.200,MO2508-C-7500,1.8,1.8,2.0
2025-08-06,2025-08-06 09:34:07.700,MO2508-C-7500,1.8,1.8,2.0
2025-08-06,2025-08-06 09:34:08.200,MO2508-C-7500,1.8,1.8,2.0
2025-08-06,2025-08-06 09:34:08.700,MO2508-C-7500,1.8,1.8,2.0
2025-08-06,2025-08-06 09:34:09.200,MO2508-C-7500,1.8,1.8,2.0
2025-08-06,2025-08-06 09:34:09.700,MO2508-C-7500,1.8,1.8,2.0
2025-08-06,2025-08-06 09:34:10.700,MO2508-C-7500,1.8,1.8,2.0
2025-08-06,2025-08-06 09:34:18.200,MO2508-C-7500,1.8,1.8,2.0
2025-08-06,2025-08-06 09:34:18.700,MO2508-C-7500,1.8,1.8,2.0
2025-08-06,2025-08-06 09:34:20.700,MO2508-C-7500,1.8,1.8,2.0
2025-08-06,2025-08-06 09:34:21.700,MO2508-C-7500,1.8,1.8,2.0
2025-08-06,2025-08-06 09:34:22.200,MO2508-C-7500,1.8,1.8,2.0
2025-08-06,2025-08-06 09:34:22.700,MO2508-C-7500,1.8,1.8,2.0
2025-08-06,2025-08-06 09:34:23.200,MO2508-C-7500,1.8,1.8,2.0
2025-08-06,2025-08-06 09:34:23.700,MO2508-C-7500,1.8,1.8,2.0
2025-08-06,2025-08-06 09:34:29.700,MO2508-C-7500,1.8,1.8,2.0
2025-08-06,2025-08-06 09:34:32.700,MO2508-C-7500,1.8,1.8,2.0
2025-08-06,2025-08-06 09:34:34.700,MO2508-C-7500,1.8,1.8,2.0
2025-08-06,2025-08-06 09:34:36.200,MO2508-C-7500,1.8,1.8,2.0
2025-08-06,2025-08-06 09:34:36.700,MO2508-C-7500,1.8,1.8,2.0
2025-08-06,2025-08-06 09:34:37.200,MO2508-C-7500,1.8,1.8,2.0
2025-08-06,2025-08-06 09:34:37.700,MO2508-C-7500,1.8,1.8,2.0
2025-08-06,2025-08-06 09:34:49.200,MO2508-C-7500,1.8,1.8,2.0
2025-08-06,2025-08-06 09:35:00.700,MO2508-C-7500,1.8,1.6,1.8
2025-08-06,2025-08-06 09:35:01.200,MO2508-C-7500,1.8,1.6,1.8
2025-08-06,2025-08-06 09:35:01.700,MO2508-C-7500,1.8,1.6,1.8
2025-08-06,2025-08-06 09:35:02.700,MO2508-C-7500,1.8,1.6,1.8
2025-08-06,2025-08-06 09:35:03.700,MO2508-C-7500,1.8,1.6,1.8
2025-08-06,2025-08-06 09:35:11.700,MO2508-C-7500,1.8,1.6,1.8
2025-08-06,2025-08-06 09:35:12.200,MO2508-C-7500,1.8,1.6,1.8
2025-08-06,2025-08-06 09:35:17.200,MO2508-C-7500,1.8,1.6,1.8
2025-08-06,2025-08-06 09:35:17.700,MO2508-C-7500,1.8,1.6,1.8
2025-08-06,2025-08-06 09:35:19.700,MO2508-C-7500,1.8,1.6,1.8
2025-08-06,2025-08-06 09:35:20.200,MO2508-C-7500,1.8,1.6,1.8
2025-08-06,2025-08-06 09:35:20.700,MO2508-C-7500,1.8,1.6,1.8
2025-08-06,2025-08-06 09:35:21.200,MO2508-C-7500,1.8,1.6,2.0
2025-08-06,2025-08-06 09:35:21.700,MO2508-C-7500,1.8,1.6,2.0
2025-08-06,2025-08-06 09:35:23.200,MO2508-C-7500,1.8,1.6,2.0
2025-08-06,2025-08-06 09:35:23.700,MO2508-C-7500,1.8,1.6,2.0
2025-08-06,2025-08-06 09:35:24.700,MO2508-C-7500,1.8,1.6,2.0
2025-08-06,2025-08-06 09:35:25.200,MO2508-C-7500,1.8,1.6,2.0
2025-08-06,2025-08-06 09:35:55.700,MO2508-C-7500,1.8,1.6,2.0
2025-08-06,2025-08-06 09:35:56.200,MO2508-C-7500,1.8,1.6,2.0
2025-08-06,2025-08-06 09:35:56.700,MO2508-C-7500,1.8,1.6,2.0
2025-08-06,2025-08-06 09:35:57.200,MO2508-C-7500,1.8,1.6,2.0
2025-08-06,2025-08-06 09:35:58.200,MO2508-C-7500,1.8,1.6,2.0
2025-08-06,2025-08-06 09:35:59.200,MO2508-C-7500,1.8,1.6,2.0
2025-08-06,2025-08-06 09:35:59.700,MO2508-C-7500,1.8,1.6,2.0
2025-08-06,2025-08-06 09:36:00.200,MO2508-C-7500,1.8,1.6,2.0
2025-08-06,2025-08-06 09:36:03.700,MO2508-C-7500,1.8,1.6,2.0
2025-08-06,2025-08-06 09:36:04.200,MO2508-C-7500,1.8,1.6,2.0
2025-08-06,2025-08-06 09:36:04.700,MO2508-C-7500,1.8,1.6,2.0
2025-08-06,2025-08-06 09:36:05.200,MO2508-C-7500,1.8,1.6,2.0
2025-08-06,2025-08-06 09:36:06.700,MO2508-C-7500,1.8,1.6,2.0
2025-08-06,2025-08-06 09:36:07.200,MO2508-C-7500,1.8,1.6,2.0
2025-08-06,2025-08-06 09:36:07.700,MO2508-C-7500,1.8,1.6,2.0
2025-08-06,2025-08-06 09:36:11.200,MO2508-C-7500,1.8,1.6,2.0
2025-08-06,2025-08-06 09:36:12.200,MO2508-C-7500,1.8,1.6,2.0
2025-08-06,2025-08-06 09:36:17.700,MO2508-C-7500,1.8,1.6,2.0
2025-08-06,2025-08-06 09:36:18.700,MO2508-C-7500,1.8,1.6,2.0
2025-08-06,2025-08-06 09:36:19.200,MO2508-C-7500,1.8,1.6,2.0
2025-08-06,2025-08-06 09:36:19.700,MO2508-C-7500,1.8,1.6,2.0
2025-08-06,2025-08-06 09:36:20.200,MO2508-C-7500,1.8,1.6,2.0
2025-08-06,2025-08-06 09:36:22.700,MO2508-C-7500,1.8,1.6,2.0
2025-08-06,2025-08-06 09:36:23.200,MO2508-C-7500,1.8,1.6,2.0
2025-08-06,2025-08-06 09:36:24.200,MO2508-C-7500,1.8,1.6,2.0
2025-08-06,2025-08-06 09:36:24.700,MO2508-C-7500,1.8,1.6,2.0
2025-08-06,2025-08-06 09:36:25.700,MO2508-C-7500,1.8,1.6,2.0
2025-08-06,2025-08-06 09:36:26.200,MO2508-C-7500,1.8,1.6,2.0
2025-08-06,2025-08-06 09:36:28.200,MO2508-C-7500,1.8,1.6,2.0
2025-08-06,2025-08-06 09:36:28.700,MO2508-C-7500,1.8,1.6,2.0
2025-08-06,2025-08-06 09:36:33.200,MO2508-C-7500,1.8,1.6,2.0
2025-08-06,2025-08-06 09:36:35.700,MO2508-C-7500,1.8,1.6,2.0
2025-08-06,2025-08-06 09:36:36.200,MO2508-C-7500,1.8,1.6,2.0
2025-08-06,2025-08-06 09:36:47.200,MO2508-C-7500,1.8,1.6,2.0
2025-08-06,2025-08-06 09:36:59.200,MO2508-C-7500,1.8,1.6,2.0
2025-08-06,2025-08-06 09:36:59.700,MO2508-C-7500,1.8,1.6,2.0
2025-08-06,2025-08-06 09:37:00.200,MO2508-C-7500,1.8,1.8,2.0
2025-08-06,2025-08-06 09:37:00.700,MO2508-C-7500,2.0,1.6,2.0
2025-08-06,2025-08-06 09:37:01.200,MO2508-C-7500,2.0,1.6,2.0
2025-08-06,2025-08-06 09:37:03.200,MO2508-C-7500,2.0,1.6,2.0
2025-08-06,2025-08-06 09:37:03.700,MO2508-C-7500,2.0,1.6,2.0
2025-08-06,2025-08-06 09:37:05.200,MO2508-C-7500,2.0,1.6,2.0
2025-08-06,2025-08-06 09:37:07.200,MO2508-C-7500,2.0,1.6,2.0
2025-08-06,2025-08-06 09:37:24.200,MO2508-C-7500,2.0,1.6,2.0
2025-08-06,2025-08-06 09:37:24.700,MO2508-C-7500,2.0,1.6,2.0
2025-08-06,2025-08-06 09:37:25.700,MO2508-C-7500,2.0,1.6,2.0
2025-08-06,2025-08-06 09:37:26.700,MO2508-C-7500,2.0,1.6,2.0
2025-08-06,2025-08-06 09:37:29.200,MO2508-C-7500,2.0,1.6,2.0
2025-08-06,2025-08-06 09:37:35.200,MO2508-C-7500,2.0,1.6,2.0
2025-08-06,2025-08-06 09:37:37.700,MO2508-C-7500,2.0,1.6,2.0
2025-08-06,2025-08-06 09:37:38.200,MO2508-C-7500,2.0,1.6,2.0
2025-08-06,2025-08-06 09:37:38.700,MO2508-C-7500,2.0,1.6,2.0
2025-08-06,2025-08-06 09:37:43.200,MO2508-C-7500,2.0,1.6,2.0
2025-08-06,2025-08-06 09:37:45.700,MO2508-C-7500,2.0,1.6,2.0
2025-08-06,2025-08-06 09:37:46.200,MO2508-C-7500,2.0,1.6,2.0
2025-08-06,2025-08-06 09:37:47.200,MO2508-C-7500,2.0,1.6,2.0
2025-08-06,2025-08-06 09:37:51.200,MO2508-C-7500,2.0,1.6,2.0
2025-08-06,2025-08-06 09:37:56.200,MO2508-C-7500,2.0,1.6,2.0
2025-08-06,2025-08-06 09:37:58.200,MO2508-C-7500,2.0,1.6,2.0
2025-08-06,2025-08-06 09:37:59.200,MO2508-C-7500,2.0,1.6,2.0
2025-08-06,2025-08-06 09:38:02.200,MO2508-C-7500,2.0,1.6,2.0
2025-08-06,2025-08-06 09:38:25.700,MO2508-C-7500,2.0,1.6,2.0
2025-08-06,2025-08-06 09:38:26.700,MO2508-C-7500,2.0,1.6,2.0
2025-08-06,2025-08-06 09:38:27.200,MO2508-C-7500,2.0,1.6,2.0
2025-08-06,2025-08-06 09:38:27.700,MO2508-C-7500,2.0,1.6,2.0
2025-08-06,2025-08-06 09:38:31.200,MO2508-C-7500,2.0,1.6,2.0
2025-08-06,2025-08-06 09:38:31.700,MO2508-C-7500,2.0,1.6,2.0
2025-08-06,2025-08-06 09:38:32.200,MO2508-C-7500,2.0,1.6,2.0
2025-08-06,2025-08-06 09:38:32.700,MO2508-C-7500,2.0,1.6,2.0
2025-08-06,2025-08-06 09:38:35.700,MO2508-C-7500,2.0,1.6,2.0
2025-08-06,2025-08-06 09:38:36.200,MO2508-C-7500,2.0,1.6,2.0
2025-08-06,2025-08-06 09:38:36.700,MO2508-C-7500,2.0,1.6,2.0
2025-08-06,2025-08-06 09:38:38.200,MO2508-C-7500,2.0,1.6,2.0
2025-08-06,2025-08-06 09:38:41.200,MO2508-C-7500,2.0,1.6,2.0
2025-08-06,2025-08-06 09:38:41.700,MO2508-C-7500,2.0,1.6,2.0
2025-08-06,2025-08-06 09:38:42.200,MO2508-C-7500,2.0,1.6,2.0
2025-08-06,2025-08-06 09:38:48.200,MO2508-C-7500,2.0,1.6,2.0
2025-08-06,2025-08-06 09:38:51.700,MO2508-C-7500,2.0,1.6,2.0
2025-08-06,2025-08-06 09:38:54.700,MO2508-C-7500,2.0,1.6,2.0
2025-08-06,2025-08-06 09:38:58.200,MO2508-C-7500,2.0,1.6,2.0
2025-08-06,2025-08-06 09:39:00.700,MO2508-C-7500,2.0,1.6,2.0
2025-08-06,2025-08-06 09:39:02.200,MO2508-C-7500,2.0,1.6,2.0
2025-08-06,2025-08-06 09:39:02.700,MO2508-C-7500,2.0,1.6,2.0
2025-08-06,2025-08-06 09:39:03.200,MO2508-C-7500,2.0,1.6,2.0
2025-08-06,2025-08-06 09:39:03.700,MO2508-C-7500,2.0,1.6,2.0
2025-08-06,2025-08-06 09:39:04.200,MO2508-C-7500,2.0,1.6,2.0
2025-08-06,2025-08-06 09:39:04.700,MO2508-C-7500,2.0,1.6,2.0
2025-08-06,2025-08-06 09:39:05.700,MO2508-C-7500,2.0,1.6,2.0
2025-08-06,2025-08-06 09:39:06.700,MO2508-C-7500,2.0,1.6,2.0
2025-08-06,2025-08-06 09:39:07.200,MO2508-C-7500,2.0,1.6,2.0
2025-08-06,2025-08-06 09:39:08.200,MO2508-C-7500,2.0,1.6,2.0
2025-08-06,2025-08-06 09:39:08.700,MO2508-C-7500,2.0,1.6,2.0
2025-08-06,2025-08-06 09:39:10.200,MO2508-C-7500,2.0,1.6,2.0
2025-08-06,2025-08-06 09:39:10.700,MO2508-C-7500,2.0,1.6,2.0
2025-08-06,2025-08-06 09:39:11.200,MO2508-C-7500,2.0,1.6,2.0
2025-08-06,2025-08-06 09:39:14.200,MO2508-C-7500,2.0,1.6,2.0
2025-08-06,2025-08-06 09:39:14.700,MO2508-C-7500,2.0,1.6,2.0
2025-08-06,2025-08-06 09:39:16.700,MO2508-C-7500,2.0,1.6,2.0
2025-08-06,2025-08-06 09:39:17.200,MO2508-C-7500,2.0,1.6,2.0
2025-08-06,2025-08-06 09:39:18.200,MO2508-C-7500,2.0,1.6,2.0
2025-08-06,2025-08-06 09:39:22.700,MO2508-C-7500,2.0,1.6,2.0
2025-08-06,2025-08-06 09:39:23.700,MO2508-C-7500,2.0,1.6,2.0
2025-08-06,2025-08-06 09:39:26.200,MO2508-C-7500,2.0,1.6,2.0
2025-08-06,2025-08-06 09:39:29.200,MO2508-C-7500,2.0,1.6,2.0
2025-08-06,2025-08-06 09:39:31.200,MO2508-C-7500,2.0,1.6,2.0
2025-08-06,2025-08-06 09:39:31.700,MO2508-C-7500,2.0,1.6,2.0
2025-08-06,2025-08-06 09:39:36.700,MO2508-C-7500,2.0,1.6,2.0
2025-08-06,2025-08-06 09:39:39.700,MO2508-C-7500,2.0,1.6,2.0
2025-08-06,2025-08-06 09:39:43.200,MO2508-C-7500,2.0,1.6,2.0
2025-08-06,2025-08-06 09:39:45.700,MO2508-C-7500,2.0,1.6,2.0
2025-08-06,2025-08-06 09:39:46.700,MO2508-C-7500,2.0,1.6,2.0
2025-08-06,2025-08-06 09:39:47.200,MO2508-C-7500,2.0,1.6,2.0
2025-08-06,2025-08-06 09:39:50.700,MO2508-C-7500,2.0,1.6,2.0
2025-08-06,2025-08-06 09:39:51.200,MO2508-C-7500,2.0,1.6,2.0
2025-08-06,2025-08-06 09:39:58.700,MO2508-C-7500,2.0,1.6,2.0
2025-08-06,2025-08-06 09:39:59.200,MO2508-C-7500,2.0,1.6,2.0
2025-08-06,2025-08-06 09:39:59.700,MO2508-C-7500,2.0,1.6,2.0
2025-08-06,2025-08-06 09:40:01.200,MO2508-C-7500,2.0,1.6,2.0
2025-08-06,2025-08-06 09:40:05.200,MO2508-C-7500,2.0,1.6,2.0
2025-08-06,2025-08-06 09:40:15.700,MO2508-C-7500,2.0,1.6,2.0
2025-08-06,2025-08-06 09:40:17.200,MO2508-C-7500,2.0,1.6,2.0
2025-08-06,2025-08-06 09:40:18.200,MO2508-C-7500,2.0,1.6,2.0
2025-08-06,2025-08-06 09:40:19.700,MO2508-C-7500,2.0,1.6,2.0
2025-08-06,2025-08-06 09:40:22.200,MO2508-C-7500,2.0,1.6,2.0
2025-08-06,2025-08-06 09:40:27.200,MO2508-C-7500,2.0,1.6,2.0
2025-08-06,2025-08-06 09:40:28.700,MO2508-C-7500,2.0,1.6,2.0
2025-08-06,2025-08-06 09:40:29.700,MO2508-C-7500,2.0,1.6,2.0
2025-08-06,2025-08-06 09:40:30.700,MO2508-C-7500,2.0,1.6,2.0
2025-08-06,2025-08-06 09:40:32.200,MO2508-C-7500,2.0,1.6,2.0
2025-08-06,2025-08-06 09:40:32.700,MO2508-C-7500,2.0,1.6,2.0
2025-08-06,2025-08-06 09:40:34.200,MO2508-C-7500,2.0,1.6,2.0
2025-08-06,2025-08-06 09:40:37.200,MO2508-C-7500,2.0,1.6,2.0
2025-08-06,2025-08-06 09:40:38.200,MO2508-C-7500,2.0,1.6,2.0
2025-08-06,2025-08-06 09:40:39.200,MO2508-C-7500,2.0,1.6,2.0
2025-08-06,2025-08-06 09:40:39.700,MO2508-C-7500,2.0,1.6,2.0
2025-08-06,2025-08-06 09:40:52.200,MO2508-C-7500,2.0,1.6,2.0
2025-08-06,2025-08-06 09:40:52.700,MO2508-C-7500,2.0,1.6,2.0
2025-08-06,2025-08-06 09:40:53.700,MO2508-C-7500,2.0,1.6,2.0
2025-08-06,2025-08-06 09:40:56.200,MO2508-C-7500,2.0,1.6,2.0
2025-08-06,2025-08-06 09:40:57.200,MO2508-C-7500,2.0,1.6,2.0
2025-08-06,2025-08-06 09:40:58.700,MO2508-C-7500,2.0,1.6,2.0
2025-08-06,2025-08-06 09:41:03.200,MO2508-C-7500,2.0,1.6,2.0
2025-08-06,2025-08-06 09:41:03.700,MO2508-C-7500,2.0,1.6,2.0
2025-08-06,2025-08-06 09:41:05.700,MO2508-C-7500,2.0,1.6,2.0
2025-08-06,2025-08-06 09:41:13.200,MO2508-C-7500,2.0,1.6,2.0
2025-08-06,2025-08-06 09:41:13.700,MO2508-C-7500,2.0,1.6,2.0
2025-08-06,2025-08-06 09:41:14.200,MO2508-C-7500,2.0,1.6,2.0
2025-08-06,2025-08-06 09:41:14.700,MO2508-C-7500,2.0,1.6,2.0
2025-08-06,2025-08-06 09:41:15.200,MO2508-C-7500,2.0,1.6,2.0
2025-08-06,2025-08-06 09:41:15.700,MO2508-C-7500,2.0,1.6,2.0
2025-08-06,2025-08-06 09:41:16.200,MO2508-C-7500,2.0,1.6,2.0
2025-08-06,2025-08-06 09:41:17.200,MO2508-C-7500,2.0,1.6,2.0
2025-08-06,2025-08-06 09:41:17.700,MO2508-C-7500,2.0,1.6,2.0
2025-08-06,2025-08-06 09:41:22.700,MO2508-C-7500,2.0,1.6,2.0
2025-08-06,2025-08-06 09:41:32.200,MO2508-C-7500,2.0,1.6,2.0
2025-08-06,2025-08-06 09:41:32.700,MO2508-C-7500,2.0,1.6,2.0
2025-08-06,2025-08-06 09:41:33.200,MO2508-C-7500,2.0,1.6,2.0
2025-08-06,2025-08-06 09:41:37.200,MO2508-C-7500,2.0,1.6,2.0
2025-08-06,2025-08-06 09:41:38.700,MO2508-C-7500,2.0,1.6,2.0
2025-08-06,2025-08-06 09:41:39.200,MO2508-C-7500,2.0,1.6,2.0
2025-08-06,2025-08-06 09:41:43.700,MO2508-C-7500,2.0,1.6,2.0
2025-08-06,2025-08-06 09:41:44.200,MO2508-C-7500,2.0,1.6,2.0
2025-08-06,2025-08-06 09:41:44.700,MO2508-C-7500,2.0,1.6,2.0
2025-08-06,2025-08-06 09:41:45.200,MO2508-C-7500,2.0,1.6,2.0
2025-08-06,2025-08-06 09:41:49.700,MO2508-C-7500,2.0,1.6,2.0
2025-08-06,2025-08-06 09:41:50.200,MO2508-C-7500,2.0,1.6,2.0
2025-08-06,2025-08-06 09:41:53.700,MO2508-C-7500,2.0,1.6,2.0
2025-08-06,2025-08-06 09:41:54.200,MO2508-C-7500,2.0,1.6,2.0
2025-08-06,2025-08-06 09:41:54.700,MO2508-C-7500,2.0,1.6,2.0
2025-08-06,2025-08-06 09:41:55.700,MO2508-C-7500,2.0,1.6,2.0
2025-08-06,2025-08-06 09:41:57.200,MO2508-C-7500,2.0,1.6,2.0
2025-08-06,2025-08-06 09:41:57.700,MO2508-C-7500,2.0,1.6,2.0
2025-08-06,2025-08-06 09:41:58.700,MO2508-C-7500,2.0,1.6,2.0
2025-08-06,2025-08-06 09:41:59.200,MO2508-C-7500,2.0,1.6,2.0
2025-08-06,2025-08-06 09:41:59.700,MO2508-C-7500,2.0,1.6,2.0
2025-08-06,2025-08-06 09:42:00.200,MO2508-C-7500,2.0,1.6,2.0
2025-08-06,2025-08-06 09:42:00.700,MO2508-C-7500,2.0,1.6,2.0
2025-08-06,2025-08-06 09:42:01.700,MO2508-C-7500,2.0,1.6,2.0
2025-08-06,2025-08-06 09:42:10.700,MO2508-C-7500,2.0,1.6,2.0
2025-08-06,2025-08-06 09:42:12.200,MO2508-C-7500,2.0,1.6,2.0
2025-08-06,2025-08-06 09:42:12.700,MO2508-C-7500,2.0,1.6,2.0
2025-08-06,2025-08-06 09:42:14.200,MO2508-C-7500,2.0,1.6,2.0
2025-08-06,2025-08-06 09:42:15.200,MO2508-C-7500,2.0,1.6,2.0
2025-08-06,2025-08-06 09:42:19.700,MO2508-C-7500,2.0,1.6,2.0
2025-08-06,2025-08-06 09:42:31.700,MO2508-C-7500,2.0,1.6,2.0
2025-08-06,2025-08-06 09:42:32.200,MO2508-C-7500,2.0,1.6,2.0
2025-08-06,2025-08-06 09:42:37.200,MO2508-C-7500,2.0,1.6,2.0
2025-08-06,2025-08-06 09:42:38.200,MO2508-C-7500,2.0,1.6,2.0
2025-08-06,2025-08-06 09:42:42.200,MO2508-C-7500,2.0,1.6,2.0
2025-08-06,2025-08-06 09:42:53.700,MO2508-C-7500,2.0,1.6,2.0
2025-08-06,2025-08-06 09:42:55.700,MO2508-C-7500,2.0,1.6,2.0
2025-08-06,2025-08-06 09:42:56.200,MO2508-C-7500,2.0,1.6,2.0
2025-08-06,2025-08-06 09:42:57.700,MO2508-C-7500,2.0,1.6,2.0
2025-08-06,2025-08-06 09:43:01.700,MO2508-C-7500,2.0,1.6,2.0
2025-08-06,2025-08-06 09:43:07.700,MO2508-C-7500,2.0,1.8,2.0
2025-08-06,2025-08-06 09:43:08.200,MO2508-C-7500,2.0,1.8,2.0
2025-08-06,2025-08-06 09:43:08.700,MO2508-C-7500,2.0,1.8,2.0
2025-08-06,2025-08-06 09:43:09.200,MO2508-C-7500,2.0,1.8,2.0
2025-08-06,2025-08-06 09:43:11.700,MO2508-C-7500,2.0,1.8,2.0
2025-08-06,2025-08-06 09:43:12.200,MO2508-C-7500,2.0,1.8,2.0
2025-08-06,2025-08-06 09:43:13.700,MO2508-C-7500,2.0,1.8,2.0
2025-08-06,2025-08-06 09:43:14.200,MO2508-C-7500,2.0,1.8,2.0
2025-08-06,2025-08-06 09:43:14.700,MO2508-C-7500,2.0,1.8,2.0
2025-08-06,2025-08-06 09:43:15.200,MO2508-C-7500,2.0,1.8,2.0
2025-08-06,2025-08-06 09:43:16.700,MO2508-C-7500,2.0,1.8,2.0
2025-08-06,2025-08-06 09:43:50.200,MO2508-C-7500,2.0,1.8,2.0
2025-08-06,2025-08-06 09:43:50.700,MO2508-C-7500,2.0,1.8,2.0
2025-08-06,2025-08-06 09:44:01.700,MO2508-C-7500,2.0,1.8,2.0
2025-08-06,2025-08-06 09:44:03.200,MO2508-C-7500,2.0,1.8,2.0
2025-08-06,2025-08-06 09:44:04.700,MO2508-C-7500,2.0,1.8,2.0
2025-08-06,2025-08-06 09:44:05.200,MO2508-C-7500,2.0,1.8,2.0
2025-08-06,2025-08-06 09:44:06.700,MO2508-C-7500,2.0,1.8,2.0
2025-08-06,2025-08-06 09:44:07.200,MO2508-C-7500,2.0,1.8,2.0
2025-08-06,2025-08-06 09:44:11.200,MO2508-C-7500,2.0,1.8,2.0
2025-08-06,2025-08-06 09:44:11.700,MO2508-C-7500,2.0,1.8,2.0
2025-08-06,2025-08-06 09:44:17.200,MO2508-C-7500,2.0,1.8,2.0
2025-08-06,2025-08-06 09:44:17.700,MO2508-C-7500,2.0,1.8,2.0
2025-08-06,2025-08-06 09:44:29.700,MO2508-C-7500,2.0,1.8,2.0
2025-08-06,2025-08-06 09:44:30.200,MO2508-C-7500,2.0,1.8,2.0
2025-08-06,2025-08-06 09:44:31.200,MO2508-C-7500,2.0,1.8,2.0
2025-08-06,2025-08-06 09:44:31.700,MO2508-C-7500,2.0,1.8,2.0
2025-08-06,2025-08-06 09:44:32.200,MO2508-C-7500,2.0,1.8,2.0
2025-08-06,2025-08-06 09:44:32.700,MO2508-C-7500,2.0,1.8,2.0
2025-08-06,2025-08-06 09:44:34.700,MO2508-C-7500,2.0,1.8,2.0
2025-08-06,2025-08-06 09:44:35.200,MO2508-C-7500,2.0,1.8,2.0
2025-08-06,2025-08-06 09:44:36.700,MO2508-C-7500,2.0,1.8,2.0
2025-08-06,2025-08-06 09:44:37.200,MO2508-C-7500,2.0,1.8,2.0
2025-08-06,2025-08-06 09:44:40.200,MO2508-C-7500,2.0,1.8,2.0
2025-08-06,2025-08-06 09:44:40.700,MO2508-C-7500,2.0,1.8,2.0
2025-08-06,2025-08-06 09:44:42.200,MO2508-C-7500,2.0,1.8,2.0
2025-08-06,2025-08-06 09:44:42.700,MO2508-C-7500,2.0,1.8,2.0
2025-08-06,2025-08-06 09:45:01.200,MO2508-C-7500,2.0,1.8,2.0
2025-08-06,2025-08-06 09:45:01.700,MO2508-C-7500,2.0,1.8,2.0
2025-08-06,2025-08-06 09:45:03.200,MO2508-C-7500,2.0,1.8,2.0
2025-08-06,2025-08-06 09:45:03.700,MO2508-C-7500,2.0,1.8,2.0
2025-08-06,2025-08-06 09:45:09.200,MO2508-C-7500,2.0,1.8,2.0
2025-08-06,2025-08-06 09:45:09.700,MO2508-C-7500,2.0,1.8,2.0
2025-08-06,2025-08-06 09:45:10.200,MO2508-C-7500,2.0,1.8,2.0
2025-08-06,2025-08-06 09:45:10.700,MO2508-C-7500,2.0,1.8,2.0
2025-08-06,2025-08-06 09:45:14.700,MO2508-C-7500,2.0,1.8,2.0
2025-08-06,2025-08-06 09:45:15.200,MO2508-C-7500,2.0,1.8,2.0
2025-08-06,2025-08-06 09:45:15.700,MO2508-C-7500,2.0,1.8,2.0
2025-08-06,2025-08-06 09:45:31.200,MO2508-C-7500,2.0,1.8,2.0
2025-08-06,2025-08-06 09:45:31.700,MO2508-C-7500,2.0,1.8,2.0
2025-08-06,2025-08-06 09:45:32.200,MO2508-C-7500,2.0,1.8,2.0
2025-08-06,2025-08-06 09:45:35.200,MO2508-C-7500,2.0,1.8,2.0
2025-08-06,2025-08-06 09:45:36.700,MO2508-C-7500,2.0,1.8,2.0
2025-08-06,2025-08-06 09:45:37.200,MO2508-C-7500,2.0,1.8,2.0
2025-08-06,2025-08-06 09:45:38.700,MO2508-C-7500,2.0,1.8,2.0
2025-08-06,2025-08-06 09:45:39.200,MO2508-C-7500,2.0,1.8,2.0
2025-08-06,2025-08-06 09:45:39.700,MO2508-C-7500,2.0,1.8,2.0
2025-08-06,2025-08-06 09:45:40.200,MO2508-C-7500,2.0,1.8,2.0
2025-08-06,2025-08-06 09:45:40.700,MO2508-C-7500,2.0,1.8,2.0
2025-08-06,2025-08-06 09:45:42.200,MO2508-C-7500,2.0,1.8,2.0
2025-08-06,2025-08-06 09:45:49.200,MO2508-C-7500,2.0,1.8,2.0
2025-08-06,2025-08-06 09:45:49.700,MO2508-C-7500,2.0,1.8,2.0
2025-08-06,2025-08-06 09:45:50.200,MO2508-C-7500,2.0,1.8,2.0
2025-08-06,2025-08-06 09:45:53.200,MO2508-C-7500,2.0,1.8,2.0
2025-08-06,2025-08-06 09:45:53.700,MO2508-C-7500,2.0,1.8,2.0
2025-08-06,2025-08-06 09:45:58.200,MO2508-C-7500,2.0,1.8,2.0
2025-08-06,2025-08-06 09:45:58.700,MO2508-C-7500,2.0,1.8,2.0
2025-08-06,2025-08-06 09:46:01.200,MO2508-C-7500,2.0,1.8,2.0
2025-08-06,2025-08-06 09:46:01.700,MO2508-C-7500,2.0,1.8,2.0
2025-08-06,2025-08-06 09:46:04.200,MO2508-C-7500,2.0,1.8,2.0
2025-08-06,2025-08-06 09:46:09.700,MO2508-C-7500,2.0,1.8,2.0
2025-08-06,2025-08-06 09:46:10.200,MO2508-C-7500,2.0,1.8,2.0
2025-08-06,2025-08-06 09:46:10.700,MO2508-C-7500,2.0,1.8,2.0
2025-08-06,2025-08-06 09:46:13.700,MO2508-C-7500,2.0,1.8,2.0
2025-08-06,2025-08-06 09:46:15.200,MO2508-C-7500,2.0,1.8,2.0
2025-08-06,2025-08-06 09:46:15.700,MO2508-C-7500,2.0,1.8,2.0
2025-08-06,2025-08-06 09:46:22.700,MO2508-C-7500,2.0,1.8,2.0
2025-08-06,2025-08-06 09:46:25.200,MO2508-C-7500,2.0,1.8,2.0
2025-08-06,2025-08-06 09:46:25.700,MO2508-C-7500,2.0,1.8,2.0
2025-08-06,2025-08-06 09:46:26.700,MO2508-C-7500,2.0,1.8,2.0
2025-08-06,2025-08-06 09:46:31.200,MO2508-C-7500,2.0,1.8,2.0
2025-08-06,2025-08-06 09:46:31.700,MO2508-C-7500,2.0,1.8,2.0
2025-08-06,2025-08-06 09:46:32.200,MO2508-C-7500,2.0,1.8,2.0
2025-08-06,2025-08-06 09:46:34.700,MO2508-C-7500,2.0,1.8,2.0
2025-08-06,2025-08-06 09:46:35.200,MO2508-C-7500,2.0,1.8,2.0
2025-08-06,2025-08-06 09:46:37.700,MO2508-C-7500,2.0,1.8,2.0
2025-08-06,2025-08-06 09:46:38.200,MO2508-C-7500,2.0,1.8,2.0
2025-08-06,2025-08-06 09:47:01.200,MO2508-C-7500,2.0,1.8,2.0
2025-08-06,2025-08-06 09:47:01.700,MO2508-C-7500,2.0,1.8,2.0
2025-08-06,2025-08-06 09:47:03.200,MO2508-C-7500,2.0,1.8,2.0
2025-08-06,2025-08-06 09:47:04.200,MO2508-C-7500,2.0,1.8,2.0
2025-08-06,2025-08-06 09:47:04.700,MO2508-C-7500,2.0,1.8,2.0
2025-08-06,2025-08-06 09:47:06.200,MO2508-C-7500,2.0,1.8,2.0
2025-08-06,2025-08-06 09:47:07.200,MO2508-C-7500,2.0,1.8,2.0
2025-08-06,2025-08-06 09:47:07.700,MO2508-C-7500,2.0,1.8,2.0
2025-08-06,2025-08-06 09:47:08.200,MO2508-C-7500,2.0,1.8,2.0
2025-08-06,2025-08-06 09:47:08.700,MO2508-C-7500,2.0,1.8,2.0
2025-08-06,2025-08-06 09:47:09.200,MO2508-C-7500,2.0,1.8,2.0
2025-08-06,2025-08-06 09:47:09.700,MO2508-C-7500,2.0,1.8,2.0
2025-08-06,2025-08-06 09:47:10.200,MO2508-C-7500,2.0,1.8,2.0
2025-08-06,2025-08-06 09:47:10.700,MO2508-C-7500,2.0,1.8,2.0
2025-08-06,2025-08-06 09:47:11.200,MO2508-C-7500,2.0,1.8,2.0
2025-08-06,2025-08-06 09:47:11.700,MO2508-C-7500,2.0,1.8,2.0
2025-08-06,2025-08-06 09:47:15.200,MO2508-C-7500,2.0,1.8,2.0
2025-08-06,2025-08-06 09:47:15.700,MO2508-C-7500,2.0,1.8,2.0
2025-08-06,2025-08-06 09:47:16.200,MO2508-C-7500,2.0,1.8,2.0
2025-08-06,2025-08-06 09:47:16.700,MO2508-C-7500,2.0,1.8,2.0
2025-08-06,2025-08-06 09:47:18.200,MO2508-C-7500,2.0,1.8,2.0
2025-08-06,2025-08-06 09:47:18.700,MO2508-C-7500,2.0,1.8,2.0
2025-08-06,2025-08-06 09:47:31.200,MO2508-C-7500,2.0,1.8,2.0
2025-08-06,2025-08-06 09:47:31.700,MO2508-C-7500,2.0,1.8,2.0
2025-08-06,2025-08-06 09:47:34.200,MO2508-C-7500,2.0,1.8,2.0
2025-08-06,2025-08-06 09:47:35.200,MO2508-C-7500,2.0,1.8,2.0
2025-08-06,2025-08-06 09:47:46.200,MO2508-C-7500,2.0,1.8,2.0
2025-08-06,2025-08-06 09:47:46.700,MO2508-C-7500,2.0,1.8,2.0
2025-08-06,2025-08-06 09:47:52.200,MO2508-C-7500,2.0,1.8,2.0
2025-08-06,2025-08-06 09:47:54.700,MO2508-C-7500,2.0,1.8,2.0
2025-08-06,2025-08-06 09:47:55.200,MO2508-C-7500,2.0,1.8,2.0
2025-08-06,2025-08-06 09:47:56.700,MO2508-C-7500,2.0,1.8,2.0
2025-08-06,2025-08-06 09:48:01.200,MO2508-C-7500,2.0,1.8,2.0
2025-08-06,2025-08-06 09:48:01.700,MO2508-C-7500,2.0,1.8,2.0
2025-08-06,2025-08-06 09:48:03.200,MO2508-C-7500,1.8,1.8,2.0
2025-08-06,2025-08-06 09:48:04.200,MO2508-C-7500,1.8,1.8,2.0
2025-08-06,2025-08-06 09:48:04.700,MO2508-C-7500,1.8,1.8,2.0
2025-08-06,2025-08-06 09:48:05.200,MO2508-C-7500,1.8,1.8,2.0
2025-08-06,2025-08-06 09:48:07.200,MO2508-C-7500,1.8,1.8,2.0
2025-08-06,2025-08-06 09:48:07.700,MO2508-C-7500,1.8,1.8,2.0
2025-08-06,2025-08-06 09:48:08.200,MO2508-C-7500,1.8,1.8,2.0
2025-08-06,2025-08-06 09:48:08.700,MO2508-C-7500,1.8,1.8,2.0
2025-08-06,2025-08-06 09:48:09.200,MO2508-C-7500,1.8,1.8,2.0
2025-08-06,2025-08-06 09:48:09.700,MO2508-C-7500,1.8,1.8,2.0
2025-08-06,2025-08-06 09:48:11.200,MO2508-C-7500,1.8,1.8,2.0
2025-08-06,2025-08-06 09:48:13.700,MO2508-C-7500,1.8,1.8,2.0
2025-08-06,2025-08-06 09:48:14.200,MO2508-C-7500,1.8,1.8,2.0
2025-08-06,2025-08-06 09:48:15.200,MO2508-C-7500,1.8,1.8,2.0
2025-08-06,2025-08-06 09:48:16.200,MO2508-C-7500,1.8,1.8,2.0
2025-08-06,2025-08-06 09:48:17.200,MO2508-C-7500,1.8,1.8,2.0
2025-08-06,2025-08-06 09:48:17.700,MO2508-C-7500,1.8,1.8,2.0
2025-08-06,2025-08-06 09:48:19.200,MO2508-C-7500,1.8,1.8,2.0
2025-08-06,2025-08-06 09:48:21.200,MO2508-C-7500,1.8,1.8,2.0
2025-08-06,2025-08-06 09:48:21.700,MO2508-C-7500,1.8,1.8,2.0
2025-08-06,2025-08-06 09:48:22.200,MO2508-C-7500,1.8,1.8,2.0
2025-08-06,2025-08-06 09:48:23.200,MO2508-C-7500,1.8,1.8,2.0
2025-08-06,2025-08-06 09:48:23.700,MO2508-C-7500,1.8,1.6,2.0
2025-08-06,2025-08-06 09:48:24.200,MO2508-C-7500,1.8,1.6,2.0
2025-08-06,2025-08-06 09:48:31.200,MO2508-C-7500,1.8,1.6,2.0
2025-08-06,2025-08-06 09:48:31.700,MO2508-C-7500,1.8,1.6,2.0
2025-08-06,2025-08-06 09:48:34.700,MO2508-C-7500,1.8,1.6,2.0
2025-08-06,2025-08-06 09:48:35.200,MO2508-C-7500,1.8,1.6,2.0
2025-08-06,2025-08-06 09:48:40.200,MO2508-C-7500,1.8,1.6,2.0
2025-08-06,2025-08-06 09:48:42.700,MO2508-C-7500,1.8,1.6,2.0
2025-08-06,2025-08-06 09:48:44.200,MO2508-C-7500,1.8,1.6,2.0
2025-08-06,2025-08-06 09:48:49.200,MO2508-C-7500,1.8,1.6,2.0
2025-08-06,2025-08-06 09:48:52.700,MO2508-C-7500,1.8,1.6,2.0
2025-08-06,2025-08-06 09:48:53.200,MO2508-C-7500,1.8,1.6,2.0
2025-08-06,2025-08-06 09:48:53.700,MO2508-C-7500,1.8,1.6,2.0
2025-08-06,2025-08-06 09:48:58.700,MO2508-C-7500,1.8,1.6,2.0
2025-08-06,2025-08-06 09:49:01.200,MO2508-C-7500,1.8,1.6,2.0
2025-08-06,2025-08-06 09:49:01.700,MO2508-C-7500,1.8,1.6,2.0
2025-08-06,2025-08-06 09:49:03.200,MO2508-C-7500,1.8,1.6,2.0
2025-08-06,2025-08-06 09:49:04.200,MO2508-C-7500,1.8,1.6,2.0
2025-08-06,2025-08-06 09:49:04.700,MO2508-C-7500,1.8,1.6,2.0
2025-08-06,2025-08-06 09:49:05.700,MO2508-C-7500,1.8,1.6,2.0
2025-08-06,2025-08-06 09:49:06.200,MO2508-C-7500,1.8,1.6,2.0
2025-08-06,2025-08-06 09:49:06.700,MO2508-C-7500,1.8,1.6,2.0
2025-08-06,2025-08-06 09:49:07.200,MO2508-C-7500,1.8,1.6,2.0
2025-08-06,2025-08-06 09:49:08.700,MO2508-C-7500,1.8,1.6,2.0
2025-08-06,2025-08-06 09:49:12.200,MO2508-C-7500,1.8,1.6,2.0
2025-08-06,2025-08-06 09:49:12.700,MO2508-C-7500,1.8,1.6,2.0
2025-08-06,2025-08-06 09:49:14.200,MO2508-C-7500,1.8,1.6,2.0
2025-08-06,2025-08-06 09:49:19.200,MO2508-C-7500,1.8,1.6,2.0
2025-08-06,2025-08-06 09:49:19.700,MO2508-C-7500,1.8,1.6,1.8
2025-08-06,2025-08-06 09:49:20.200,MO2508-C-7500,1.8,1.6,1.8
2025-08-06,2025-08-06 09:49:20.700,MO2508-C-7500,1.8,1.6,1.8
2025-08-06,2025-08-06 09:49:23.200,MO2508-C-7500,1.8,1.6,1.8
2025-08-06,2025-08-06 09:49:23.700,MO2508-C-7500,1.8,1.6,1.8
2025-08-06,2025-08-06 09:49:24.200,MO2508-C-7500,1.8,1.6,1.8
2025-08-06,2025-08-06 09:49:27.200,MO2508-C-7500,1.8,1.6,1.8
2025-08-06,2025-08-06 09:49:27.700,MO2508-C-7500,1.8,1.6,1.8
2025-08-06,2025-08-06 09:49:29.200,MO2508-C-7500,1.8,1.6,1.8
2025-08-06,2025-08-06 09:49:31.200,MO2508-C-7500,1.8,1.6,1.8
2025-08-06,2025-08-06 09:49:31.700,MO2508-C-7500,1.8,1.6,1.8
2025-08-06,2025-08-06 09:49:42.200,MO2508-C-7500,1.8,1.6,1.8
2025-08-06,2025-08-06 09:49:48.700,MO2508-C-7500,1.8,1.6,1.8
2025-08-06,2025-08-06 09:49:49.200,MO2508-C-7500,1.8,1.6,1.8
2025-08-06,2025-08-06 09:49:49.700,MO2508-C-7500,1.8,1.6,1.8
2025-08-06,2025-08-06 09:49:50.200,MO2508-C-7500,1.8,1.6,1.8
2025-08-06,2025-08-06 09:49:51.700,MO2508-C-7500,1.8,1.6,1.8
2025-08-06,2025-08-06 09:49:52.700,MO2508-C-7500,1.8,1.6,1.8
2025-08-06,2025-08-06 09:49:54.700,MO2508-C-7500,1.8,1.6,1.8
2025-08-06,2025-08-06 09:49:55.200,MO2508-C-7500,1.8,1.6,1.8
2025-08-06,2025-08-06 09:49:55.700,MO2508-C-7500,1.8,1.6,1.8
2025-08-06,2025-08-06 09:49:58.700,MO2508-C-7500,1.8,1.6,1.8
2025-08-06,2025-08-06 09:50:01.200,MO2508-C-7500,1.8,1.6,1.8
2025-08-06,2025-08-06 09:50:01.700,MO2508-C-7500,1.8,1.6,1.8
2025-08-06,2025-08-06 09:50:04.700,MO2508-C-7500,1.8,1.6,1.8
2025-08-06,2025-08-06 09:50:05.200,MO2508-C-7500,1.8,1.6,1.8
2025-08-06,2025-08-06 09:50:14.700,MO2508-C-7500,1.8,1.6,1.8
2025-08-06,2025-08-06 09:50:15.200,MO2508-C-7500,1.8,1.6,1.8
2025-08-06,2025-08-06 09:50:22.200,MO2508-C-7500,1.8,1.6,1.8
2025-08-06,2025-08-06 09:50:23.200,MO2508-C-7500,1.8,1.6,1.8
2025-08-06,2025-08-06 09:50:24.200,MO2508-C-7500,1.8,1.6,1.8
2025-08-06,2025-08-06 09:50:25.700,MO2508-C-7500,1.8,1.6,1.8
2025-08-06,2025-08-06 09:50:31.200,MO2508-C-7500,1.8,1.6,1.8
2025-08-06,2025-08-06 09:50:31.700,MO2508-C-7500,1.8,1.6,1.8
2025-08-06,2025-08-06 09:50:33.700,MO2508-C-7500,1.8,1.6,1.8
2025-08-06,2025-08-06 09:50:34.200,MO2508-C-7500,1.8,1.6,1.8
2025-08-06,2025-08-06 09:50:35.200,MO2508-C-7500,1.8,1.6,1.8
2025-08-06,2025-08-06 09:50:36.200,MO2508-C-7500,1.8,1.6,1.8
2025-08-06,2025-08-06 09:50:41.200,MO2508-C-7500,1.8,1.6,1.8
2025-08-06,2025-08-06 09:50:41.700,MO2508-C-7500,1.8,1.6,1.8
2025-08-06,2025-08-06 09:50:47.200,MO2508-C-7500,1.8,1.6,1.8
2025-08-06,2025-08-06 09:50:47.700,MO2508-C-7500,1.8,1.6,1.8
2025-08-06,2025-08-06 09:50:55.200,MO2508-C-7500,1.8,1.6,1.8
2025-08-06,2025-08-06 09:50:55.700,MO2508-C-7500,1.8,1.6,1.8
2025-08-06,2025-08-06 09:50:57.200,MO2508-C-7500,1.8,1.6,1.8
2025-08-06,2025-08-06 09:51:00.200,MO2508-C-7500,1.8,1.6,1.8
2025-08-06,2025-08-06 09:51:00.700,MO2508-C-7500,1.8,1.6,1.8
2025-08-06,2025-08-06 09:51:01.200,MO2508-C-7500,1.8,1.6,1.8
2025-08-06,2025-08-06 09:51:01.700,MO2508-C-7500,1.8,1.6,1.8
2025-08-06,2025-08-06 09:51:02.200,MO2508-C-7500,1.8,1.6,1.8
2025-08-06,2025-08-06 09:51:04.200,MO2508-C-7500,1.8,1.6,1.8
2025-08-06,2025-08-06 09:51:04.700,MO2508-C-7500,1.8,1.6,1.8
2025-08-06,2025-08-06 09:51:08.200,MO2508-C-7500,1.8,1.6,1.8
2025-08-06,2025-08-06 09:51:12.200,MO2508-C-7500,1.8,1.6,1.8
2025-08-06,2025-08-06 09:51:12.700,MO2508-C-7500,1.8,1.6,1.8
2025-08-06,2025-08-06 09:51:13.200,MO2508-C-7500,1.8,1.6,1.8
2025-08-06,2025-08-06 09:51:14.200,MO2508-C-7500,1.8,1.6,1.8
2025-08-06,2025-08-06 09:51:17.200,MO2508-C-7500,1.8,1.6,1.8
2025-08-06,2025-08-06 09:51:18.700,MO2508-C-7500,1.8,1.6,1.8
2025-08-06,2025-08-06 09:51:19.200,MO2508-C-7500,1.8,1.6,1.8
2025-08-06,2025-08-06 09:51:21.200,MO2508-C-7500,1.8,1.6,1.8
2025-08-06,2025-08-06 09:51:21.700,MO2508-C-7500,1.8,1.6,1.8
2025-08-06,2025-08-06 09:51:22.700,MO2508-C-7500,1.8,1.6,1.8
2025-08-06,2025-08-06 09:51:27.700,MO2508-C-7500,1.8,1.6,1.8
2025-08-06,2025-08-06 09:51:30.200,MO2508-C-7500,1.8,1.6,1.8
2025-08-06,2025-08-06 09:51:31.200,MO2508-C-7500,1.8,1.6,1.8
2025-08-06,2025-08-06 09:51:31.700,MO2508-C-7500,1.8,1.6,1.8
2025-08-06,2025-08-06 09:51:32.200,MO2508-C-7500,1.8,1.6,1.8
2025-08-06,2025-08-06 09:51:38.700,MO2508-C-7500,1.8,1.6,1.8
2025-08-06,2025-08-06 09:51:39.700,MO2508-C-7500,1.8,1.6,1.8
2025-08-06,2025-08-06 09:51:40.200,MO2508-C-7500,1.8,1.6,1.8
2025-08-06,2025-08-06 09:51:40.700,MO2508-C-7500,1.8,1.6,1.8
2025-08-06,2025-08-06 09:52:01.200,MO2508-C-7500,1.8,1.6,1.8
2025-08-06,2025-08-06 09:52:01.700,MO2508-C-7500,1.8,1.6,1.8
2025-08-06,2025-08-06 09:52:02.700,MO2508-C-7500,1.8,1.6,1.8
2025-08-06,2025-08-06 09:52:07.200,MO2508-C-7500,1.8,1.6,1.8
2025-08-06,2025-08-06 09:52:09.700,MO2508-C-7500,1.8,1.6,1.8
2025-08-06,2025-08-06 09:52:18.700,MO2508-C-7500,1.8,1.6,1.8
2025-08-06,2025-08-06 09:52:19.700,MO2508-C-7500,1.8,1.6,1.8
2025-08-06,2025-08-06 09:52:20.200,MO2508-C-7500,1.8,1.6,1.8
2025-08-06,2025-08-06 09:52:24.700,MO2508-C-7500,1.8,1.6,1.8
2025-08-06,2025-08-06 09:52:32.200,MO2508-C-7500,1.8,1.6,1.8
2025-08-06,2025-08-06 09:52:32.700,MO2508-C-7500,1.8,1.6,1.8
2025-08-06,2025-08-06 09:52:33.200,MO2508-C-7500,1.8,1.6,1.8
2025-08-06,2025-08-06 09:52:34.200,MO2508-C-7500,1.8,1.6,1.8
2025-08-06,2025-08-06 09:52:45.200,MO2508-C-7500,1.8,1.6,1.8
2025-08-06,2025-08-06 09:52:49.700,MO2508-C-7500,1.8,1.6,1.8
2025-08-06,2025-08-06 09:52:50.700,MO2508-C-7500,1.8,1.6,1.8
2025-08-06,2025-08-06 09:52:52.200,MO2508-C-7500,1.8,1.6,1.8
2025-08-06,2025-08-06 09:52:54.700,MO2508-C-7500,1.8,1.6,1.8
2025-08-06,2025-08-06 09:52:56.700,MO2508-C-7500,1.8,1.6,1.8
2025-08-06,2025-08-06 09:52:57.700,MO2508-C-7500,1.8,1.6,1.8
2025-08-06,2025-08-06 09:53:01.700,MO2508-C-7500,1.8,1.6,1.8
2025-08-06,2025-08-06 09:53:17.700,MO2508-C-7500,1.8,1.6,1.8
2025-08-06,2025-08-06 09:53:20.200,MO2508-C-7500,1.8,1.6,1.8
2025-08-06,2025-08-06 09:53:29.700,MO2508-C-7500,1.8,1.6,1.8
2025-08-06,2025-08-06 09:53:30.200,MO2508-C-7500,1.8,1.6,1.8
2025-08-06,2025-08-06 09:53:30.700,MO2508-C-7500,1.8,1.6,1.8
2025-08-06,2025-08-06 09:53:31.200,MO2508-C-7500,1.8,1.6,1.8
2025-08-06,2025-08-06 09:53:32.700,MO2508-C-7500,1.8,1.6,1.8
2025-08-06,2025-08-06 09:53:33.700,MO2508-C-7500,1.8,1.6,1.8
2025-08-06,2025-08-06 09:53:39.200,MO2508-C-7500,1.8,1.6,1.8
2025-08-06,2025-08-06 09:53:40.200,MO2508-C-7500,1.8,1.6,1.8
2025-08-06,2025-08-06 09:53:40.700,MO2508-C-7500,1.8,1.6,1.8
2025-08-06,2025-08-06 09:53:45.700,MO2508-C-7500,1.8,1.6,1.8
2025-08-06,2025-08-06 09:53:50.700,MO2508-C-7500,1.8,1.6,1.8
2025-08-06,2025-08-06 09:54:11.700,MO2508-C-7500,1.8,1.6,1.8
2025-08-06,2025-08-06 09:54:12.200,MO2508-C-7500,1.8,1.6,1.8
2025-08-06,2025-08-06 09:54:22.200,MO2508-C-7500,1.8,1.6,1.8
2025-08-06,2025-08-06 09:54:22.700,MO2508-C-7500,1.8,1.6,1.8
2025-08-06,2025-08-06 09:54:23.200,MO2508-C-7500,1.8,1.6,1.8
2025-08-06,2025-08-06 09:54:23.700,MO2508-C-7500,1.8,1.6,1.8
2025-08-06,2025-08-06 09:54:29.700,MO2508-C-7500,1.8,1.6,1.8
2025-08-06,2025-08-06 09:54:30.200,MO2508-C-7500,1.8,1.6,1.8
2025-08-06,2025-08-06 09:54:32.200,MO2508-C-7500,1.8,1.6,2.0
2025-08-06,2025-08-06 09:54:32.700,MO2508-C-7500,1.8,1.6,2.0
2025-08-06,2025-08-06 09:54:34.200,MO2508-C-7500,1.8,1.6,2.0
2025-08-06,2025-08-06 09:55:01.200,MO2508-C-7500,1.8,1.6,2.0
2025-08-06,2025-08-06 09:55:04.700,MO2508-C-7500,1.8,1.6,2.0
2025-08-06,2025-08-06 09:55:06.200,MO2508-C-7500,1.8,1.6,2.0
2025-08-06,2025-08-06 09:55:06.700,MO2508-C-7500,1.8,1.6,2.0
2025-08-06,2025-08-06 09:55:08.700,MO2508-C-7500,1.8,1.6,2.0
2025-08-06,2025-08-06 09:55:09.200,MO2508-C-7500,1.8,1.6,2.0
2025-08-06,2025-08-06 09:55:10.700,MO2508-C-7500,1.8,1.6,2.0
2025-08-06,2025-08-06 09:55:12.700,MO2508-C-7500,1.8,1.6,2.0
2025-08-06,2025-08-06 09:55:13.200,MO2508-C-7500,1.8,1.6,2.0
2025-08-06,2025-08-06 09:55:15.200,MO2508-C-7500,1.8,1.6,2.0
2025-08-06,2025-08-06 09:55:16.200,MO2508-C-7500,1.8,1.6,2.0
2025-08-06,2025-08-06 09:55:17.700,MO2508-C-7500,1.8,1.6,2.0
2025-08-06,2025-08-06 09:55:18.700,MO2508-C-7500,1.8,1.6,2.0
2025-08-06,2025-08-06 09:55:20.700,MO2508-C-7500,1.8,1.6,2.0
2025-08-06,2025-08-06 09:55:21.200,MO2508-C-7500,1.8,1.6,2.0
2025-08-06,2025-08-06 09:55:24.700,MO2508-C-7500,1.8,1.6,2.0
2025-08-06,2025-08-06 09:55:25.200,MO2508-C-7500,1.8,1.6,2.0
2025-08-06,2025-08-06 09:55:25.700,MO2508-C-7500,1.8,1.6,2.0
2025-08-06,2025-08-06 09:55:26.200,MO2508-C-7500,1.8,1.6,2.0
2025-08-06,2025-08-06 09:55:26.700,MO2508-C-7500,1.8,1.6,2.0
2025-08-06,2025-08-06 09:55:28.700,MO2508-C-7500,1.8,1.6,2.0
2025-08-06,2025-08-06 09:55:29.200,MO2508-C-7500,1.8,1.6,2.0
2025-08-06,2025-08-06 09:55:30.200,MO2508-C-7500,1.8,1.6,2.0
2025-08-06,2025-08-06 09:55:32.700,MO2508-C-7500,1.8,1.6,2.0
2025-08-06,2025-08-06 09:55:33.700,MO2508-C-7500,1.8,1.6,2.0
2025-08-06,2025-08-06 09:55:36.200,MO2508-C-7500,1.8,1.6,2.0
2025-08-06,2025-08-06 09:55:39.200,MO2508-C-7500,1.8,1.6,2.0
2025-08-06,2025-08-06 09:55:39.700,MO2508-C-7500,1.8,1.6,2.0
2025-08-06,2025-08-06 09:55:41.200,MO2508-C-7500,1.8,1.6,2.0
2025-08-06,2025-08-06 09:55:41.700,MO2508-C-7500,1.8,1.6,2.0
2025-08-06,2025-08-06 09:55:42.200,MO2508-C-7500,1.8,1.6,2.0
2025-08-06,2025-08-06 09:55:43.200,MO2508-C-7500,1.8,1.6,2.0
2025-08-06,2025-08-06 09:55:43.700,MO2508-C-7500,1.8,1.6,2.0
2025-08-06,2025-08-06 09:55:45.700,MO2508-C-7500,1.8,1.6,2.0
2025-08-06,2025-08-06 09:55:47.200,MO2508-C-7500,1.8,1.6,2.0
2025-08-06,2025-08-06 09:55:48.200,MO2508-C-7500,1.8,1.6,2.0
2025-08-06,2025-08-06 09:55:49.700,MO2508-C-7500,1.8,1.6,2.0
2025-08-06,2025-08-06 09:55:51.200,MO2508-C-7500,1.8,1.6,2.0
2025-08-06,2025-08-06 09:55:59.200,MO2508-C-7500,1.8,1.6,2.0
2025-08-06,2025-08-06 09:56:00.200,MO2508-C-7500,1.8,1.6,2.0
2025-08-06,2025-08-06 09:56:03.200,MO2508-C-7500,1.8,1.6,2.0
2025-08-06,2025-08-06 09:56:07.200,MO2508-C-7500,1.8,1.6,2.0
2025-08-06,2025-08-06 09:56:15.200,MO2508-C-7500,1.8,1.6,2.0
2025-08-06,2025-08-06 09:56:16.200,MO2508-C-7500,1.8,1.6,2.0
2025-08-06,2025-08-06 09:56:19.700,MO2508-C-7500,1.8,1.6,2.0
2025-08-06,2025-08-06 09:56:23.700,MO2508-C-7500,1.8,1.6,2.0
2025-08-06,2025-08-06 09:56:24.200,MO2508-C-7500,1.8,1.6,2.0
2025-08-06,2025-08-06 09:56:24.700,MO2508-C-7500,1.8,1.6,2.0
2025-08-06,2025-08-06 09:56:25.200,MO2508-C-7500,1.8,1.6,2.0
2025-08-06,2025-08-06 09:56:26.700,MO2508-C-7500,1.8,1.6,2.0
2025-08-06,2025-08-06 09:56:27.200,MO2508-C-7500,1.8,1.6,2.0
2025-08-06,2025-08-06 09:56:30.700,MO2508-C-7500,1.8,1.6,2.0
2025-08-06,2025-08-06 09:56:31.200,MO2508-C-7500,1.8,1.6,2.0
2025-08-06,2025-08-06 09:56:34.200,MO2508-C-7500,1.8,1.6,2.0
2025-08-06,2025-08-06 09:56:39.200,MO2508-C-7500,1.8,1.6,2.0
2025-08-06,2025-08-06 09:56:41.700,MO2508-C-7500,1.8,1.6,2.0
2025-08-06,2025-08-06 09:56:42.200,MO2508-C-7500,1.8,1.6,2.0
2025-08-06,2025-08-06 09:56:44.200,MO2508-C-7500,1.8,1.6,2.0
2025-08-06,2025-08-06 09:56:51.700,MO2508-C-7500,1.8,1.6,2.0
2025-08-06,2025-08-06 09:56:52.200,MO2508-C-7500,1.8,1.6,2.0
2025-08-06,2025-08-06 09:56:53.700,MO2508-C-7500,1.8,1.6,2.0
2025-08-06,2025-08-06 09:56:54.200,MO2508-C-7500,1.8,1.6,2.0
2025-08-06,2025-08-06 09:56:56.200,MO2508-C-7500,1.8,1.6,2.0
2025-08-06,2025-08-06 09:56:56.700,MO2508-C-7500,1.8,1.6,2.0
2025-08-06,2025-08-06 09:56:57.200,MO2508-C-7500,1.8,1.6,2.0
2025-08-06,2025-08-06 09:56:58.200,MO2508-C-7500,1.8,1.6,2.0
2025-08-06,2025-08-06 09:56:59.700,MO2508-C-7500,1.8,1.6,2.0
2025-08-06,2025-08-06 09:57:00.200,MO2508-C-7500,1.8,1.6,2.0
2025-08-06,2025-08-06 09:57:03.200,MO2508-C-7500,1.8,1.6,2.0
2025-08-06,2025-08-06 09:57:08.700,MO2508-C-7500,1.8,1.6,2.0
2025-08-06,2025-08-06 09:57:10.700,MO2508-C-7500,1.8,1.6,2.0
2025-08-06,2025-08-06 09:57:47.200,MO2508-C-7500,1.8,1.6,2.0
2025-08-06,2025-08-06 09:58:04.200,MO2508-C-7500,1.8,1.6,2.0
2025-08-06,2025-08-06 09:58:04.700,MO2508-C-7500,1.8,1.6,2.0
2025-08-06,2025-08-06 09:58:12.200,MO2508-C-7500,1.8,1.6,2.0
2025-08-06,2025-08-06 09:58:13.200,MO2508-C-7500,1.8,1.6,2.0
2025-08-06,2025-08-06 09:58:13.700,MO2508-C-7500,1.8,1.6,2.0
2025-08-06,2025-08-06 09:58:14.200,MO2508-C-7500,1.8,1.6,2.0
2025-08-06,2025-08-06 09:58:14.700,MO2508-C-7500,1.8,1.6,2.0
2025-08-06,2025-08-06 09:58:16.700,MO2508-C-7500,1.8,1.6,2.0
2025-08-06,2025-08-06 09:58:19.200,MO2508-C-7500,1.8,1.6,2.0
2025-08-06,2025-08-06 09:58:25.700,MO2508-C-7500,1.8,1.6,2.0
2025-08-06,2025-08-06 09:58:42.200,MO2508-C-7500,1.8,1.6,2.0
2025-08-06,2025-08-06 09:58:43.700,MO2508-C-7500,1.8,1.6,2.0
2025-08-06,2025-08-06 09:58:44.700,MO2508-C-7500,1.8,1.6,2.0
2025-08-06,2025-08-06 09:58:48.200,MO2508-C-7500,1.8,1.6,2.0
2025-08-06,2025-08-06 09:58:49.700,MO2508-C-7500,1.8,1.6,2.0
2025-08-06,2025-08-06 09:58:51.200,MO2508-C-7500,1.8,1.6,2.0
2025-08-06,2025-08-06 09:58:52.700,MO2508-C-7500,1.8,1.6,2.0
2025-08-06,2025-08-06 09:58:53.700,MO2508-C-7500,1.8,1.6,2.0
2025-08-06,2025-08-06 09:58:55.200,MO2508-C-7500,1.8,1.6,2.0
2025-08-06,2025-08-06 09:58:55.700,MO2508-C-7500,1.8,1.6,2.0
2025-08-06,2025-08-06 09:58:56.700,MO2508-C-7500,1.8,1.6,2.0
2025-08-06,2025-08-06 09:58:57.200,MO2508-C-7500,1.8,1.6,2.0
2025-08-06,2025-08-06 09:58:57.700,MO2508-C-7500,1.8,1.6,2.0
2025-08-06,2025-08-06 09:58:58.700,MO2508-C-7500,1.8,1.6,2.0
2025-08-06,2025-08-06 09:59:29.700,MO2508-C-7500,1.8,1.6,2.0
2025-08-06,2025-08-06 09:59:31.200,MO2508-C-7500,1.8,1.6,2.0
2025-08-06,2025-08-06 09:59:33.200,MO2508-C-7500,1.8,1.6,2.0
2025-08-06,2025-08-06 09:59:34.200,MO2508-C-7500,1.8,1.6,2.0
2025-08-06,2025-08-06 09:59:35.200,MO2508-C-7500,1.8,1.6,2.0
2025-08-06,2025-08-06 09:59:40.200,MO2508-C-7500,1.8,1.6,2.0
2025-08-06,2025-08-06 09:59:42.200,MO2508-C-7500,1.8,1.6,2.0
2025-08-06,2025-08-06 09:59:44.200,MO2508-C-7500,1.8,1.6,2.0
2025-08-06,2025-08-06 09:59:44.700,MO2508-C-7500,1.8,1.6,2.0
2025-08-06,2025-08-06 09:59:45.700,MO2508-C-7500,1.8,1.6,2.0
2025-08-06,2025-08-06 09:59:46.700,MO2508-C-7500,1.8,1.6,2.0
2025-08-06,2025-08-06 09:59:48.200,MO2508-C-7500,1.8,1.6,2.0
2025-08-06,2025-08-06 09:59:54.200,MO2508-C-7500,1.8,1.6,2.0
2025-08-06,2025-08-06 09:59:57.200,MO2508-C-7500,1.8,1.6,2.0
2025-08-06,2025-08-06 09:59:58.700,MO2508-C-7500,1.8,1.6,2.0
2025-08-06,2025-08-06 09:59:59.700,MO2508-C-7500,1.8,1.6,2.0
2025-08-06,2025-08-06 10:00:31.200,MO2508-C-7500,1.8,1.6,2.0
2025-08-06,2025-08-06 10:00:33.200,MO2508-C-7500,1.8,1.6,2.0
2025-08-06,2025-08-06 10:00:53.700,MO2508-C-7500,1.8,1.6,2.0
2025-08-06,2025-08-06 10:01:11.200,MO2508-C-7500,1.8,1.6,2.0
2025-08-06,2025-08-06 10:01:11.700,MO2508-C-7500,1.8,1.8,2.0
2025-08-06,2025-08-06 10:01:12.200,MO2508-C-7500,2.0,1.8,2.0
2025-08-06,2025-08-06 10:01:13.200,MO2508-C-7500,2.0,1.8,2.0
2025-08-06,2025-08-06 10:01:14.200,MO2508-C-7500,2.0,1.8,2.0
2025-08-06,2025-08-06 10:01:14.700,MO2508-C-7500,2.0,1.6,2.0
2025-08-06,2025-08-06 10:01:15.200,MO2508-C-7500,2.0,1.6,2.0
2025-08-06,2025-08-06 10:01:16.200,MO2508-C-7500,2.0,1.6,2.0
2025-08-06,2025-08-06 10:01:17.700,MO2508-C-7500,2.0,1.6,2.0
2025-08-06,2025-08-06 10:01:18.700,MO2508-C-7500,1.6,1.6,2.0
2025-08-06,2025-08-06 10:01:19.200,MO2508-C-7500,1.6,1.6,2.0
2025-08-06,2025-08-06 10:01:21.200,MO2508-C-7500,1.6,1.6,2.0
2025-08-06,2025-08-06 10:01:25.200,MO2508-C-7500,1.6,1.6,2.0
2025-08-06,2025-08-06 10:01:25.700,MO2508-C-7500,1.6,1.6,2.0
2025-08-06,2025-08-06 10:01:32.200,MO2508-C-7500,1.6,1.6,2.0
2025-08-06,2025-08-06 10:01:37.200,MO2508-C-7500,1.6,1.6,2.0
2025-08-06,2025-08-06 10:01:42.700,MO2508-C-7500,1.6,1.6,2.0
2025-08-06,2025-08-06 10:01:43.200,MO2508-C-7500,1.6,1.6,2.0
2025-08-06,2025-08-06 10:01:48.200,MO2508-C-7500,1.6,1.6,1.8
2025-08-06,2025-08-06 10:01:48.700,MO2508-C-7500,1.6,1.6,1.8
2025-08-06,2025-08-06 10:01:49.700,MO2508-C-7500,1.6,1.6,1.8
2025-08-06,2025-08-06 10:01:53.700,MO2508-C-7500,1.6,1.6,1.8
2025-08-06,2025-08-06 10:02:00.200,MO2508-C-7500,1.6,1.6,1.8
2025-08-06,2025-08-06 10:02:03.200,MO2508-C-7500,1.6,1.6,1.8
2025-08-06,2025-08-06 10:02:06.700,MO2508-C-7500,1.6,1.6,1.8
2025-08-06,2025-08-06 10:02:11.200,MO2508-C-7500,1.6,1.6,1.8
2025-08-06,2025-08-06 10:02:11.700,MO2508-C-7500,1.6,1.6,1.8
2025-08-06,2025-08-06 10:02:12.200,MO2508-C-7500,1.6,1.6,1.8
2025-08-06,2025-08-06 10:02:12.700,MO2508-C-7500,1.6,1.6,1.8
2025-08-06,2025-08-06 10:02:18.200,MO2508-C-7500,1.6,1.6,1.8
2025-08-06,2025-08-06 10:02:31.700,MO2508-C-7500,1.6,1.6,1.8
2025-08-06,2025-08-06 10:02:32.200,MO2508-C-7500,1.6,1.6,1.8
2025-08-06,2025-08-06 10:02:33.700,MO2508-C-7500,1.6,1.6,1.8
2025-08-06,2025-08-06 10:02:34.200,MO2508-C-7500,1.6,1.6,1.8
2025-08-06,2025-08-06 10:02:34.700,MO2508-C-7500,1.6,1.6,1.8
2025-08-06,2025-08-06 10:02:35.200,MO2508-C-7500,1.6,1.6,1.8
2025-08-06,2025-08-06 10:02:36.200,MO2508-C-7500,1.6,1.6,1.8
2025-08-06,2025-08-06 10:02:37.200,MO2508-C-7500,1.6,1.6,1.8
2025-08-06,2025-08-06 10:02:37.700,MO2508-C-7500,1.6,1.6,1.8
2025-08-06,2025-08-06 10:02:44.700,MO2508-C-7500,1.6,1.6,1.8
2025-08-06,2025-08-06 10:02:52.200,MO2508-C-7500,1.6,1.6,1.8
2025-08-06,2025-08-06 10:02:54.700,MO2508-C-7500,1.8,1.6,1.8
2025-08-06,2025-08-06 10:02:55.200,MO2508-C-7500,1.8,1.6,1.8
2025-08-06,2025-08-06 10:02:56.700,MO2508-C-7500,1.8,1.6,1.8
2025-08-06,2025-08-06 10:03:00.200,MO2508-C-7500,1.8,1.6,1.8
2025-08-06,2025-08-06 10:03:01.200,MO2508-C-7500,1.8,1.6,1.8
2025-08-06,2025-08-06 10:03:08.200,MO2508-C-7500,1.8,1.6,2.0
2025-08-06,2025-08-06 10:03:08.700,MO2508-C-7500,1.8,1.6,2.0
2025-08-06,2025-08-06 10:03:09.700,MO2508-C-7500,1.8,1.8,2.0
2025-08-06,2025-08-06 10:03:10.200,MO2508-C-7500,1.8,1.8,2.0
2025-08-06,2025-08-06 10:03:10.700,MO2508-C-7500,1.8,1.8,2.0
2025-08-06,2025-08-06 10:03:11.200,MO2508-C-7500,1.8,1.8,2.0
2025-08-06,2025-08-06 10:03:23.200,MO2508-C-7500,1.8,1.8,2.0
2025-08-06,2025-08-06 10:03:23.700,MO2508-C-7500,1.8,1.8,2.0
2025-08-06,2025-08-06 10:03:24.200,MO2508-C-7500,1.8,1.8,2.0
2025-08-06,2025-08-06 10:03:24.700,MO2508-C-7500,1.8,1.8,2.0
2025-08-06,2025-08-06 10:03:25.200,MO2508-C-7500,1.8,1.8,2.0
2025-08-06,2025-08-06 10:03:29.200,MO2508-C-7500,1.8,1.8,2.0
2025-08-06,2025-08-06 10:03:52.200,MO2508-C-7500,1.8,1.8,2.0
2025-08-06,2025-08-06 10:03:52.700,MO2508-C-7500,1.8,1.8,2.0
2025-08-06,2025-08-06 10:03:54.200,MO2508-C-7500,1.8,1.8,2.0
2025-08-06,2025-08-06 10:03:54.700,MO2508-C-7500,1.8,1.8,2.0
2025-08-06,2025-08-06 10:03:55.200,MO2508-C-7500,1.8,1.8,2.0
2025-08-06,2025-08-06 10:03:55.700,MO2508-C-7500,2.0,1.8,2.0
2025-08-06,2025-08-06 10:03:56.200,MO2508-C-7500,2.0,1.8,2.0
2025-08-06,2025-08-06 10:03:56.700,MO2508-C-7500,2.0,1.8,2.0
2025-08-06,2025-08-06 10:04:00.200,MO2508-C-7500,2.0,1.8,2.0
2025-08-06,2025-08-06 10:04:00.700,MO2508-C-7500,2.0,1.8,2.0
2025-08-06,2025-08-06 10:04:01.200,MO2508-C-7500,2.0,1.8,2.0
2025-08-06,2025-08-06 10:04:01.700,MO2508-C-7500,2.0,1.8,2.0
2025-08-06,2025-08-06 10:04:03.200,MO2508-C-7500,1.8,1.8,2.0
2025-08-06,2025-08-06 10:04:03.700,MO2508-C-7500,1.8,1.8,2.0
2025-08-06,2025-08-06 10:04:04.200,MO2508-C-7500,1.8,1.8,2.0
2025-08-06,2025-08-06 10:04:11.700,MO2508-C-7500,1.8,1.8,2.0
2025-08-06,2025-08-06 10:04:12.200,MO2508-C-7500,1.8,1.8,2.0
2025-08-06,2025-08-06 10:04:12.700,MO2508-C-7500,1.8,1.8,2.0
2025-08-06,2025-08-06 10:04:13.700,MO2508-C-7500,1.8,1.8,2.0
2025-08-06,2025-08-06 10:04:14.700,MO2508-C-7500,1.8,1.8,2.0
2025-08-06,2025-08-06 10:04:23.700,MO2508-C-7500,1.8,1.8,2.0
2025-08-06,2025-08-06 10:04:24.200,MO2508-C-7500,1.8,1.8,2.0
2025-08-06,2025-08-06 10:05:12.200,MO2508-C-7500,1.8,1.8,2.0
2025-08-06,2025-08-06 10:05:12.700,MO2508-C-7500,1.8,1.8,2.0
2025-08-06,2025-08-06 10:05:13.200,MO2508-C-7500,2.0,1.8,2.0
2025-08-06,2025-08-06 10:05:13.700,MO2508-C-7500,2.0,1.8,2.0
2025-08-06,2025-08-06 10:05:14.200,MO2508-C-7500,2.0,1.8,2.0
2025-08-06,2025-08-06 10:05:14.700,MO2508-C-7500,2.0,1.8,2.0
2025-08-06,2025-08-06 10:05:15.200,MO2508-C-7500,2.0,1.8,2.0
2025-08-06,2025-08-06 10:05:17.700,MO2508-C-7500,2.0,1.8,2.0
2025-08-06,2025-08-06 10:05:18.200,MO2508-C-7500,2.0,1.8,2.0
2025-08-06,2025-08-06 10:05:38.700,MO2508-C-7500,2.0,1.8,2.0
2025-08-06,2025-08-06 10:05:41.200,MO2508-C-7500,2.0,1.8,2.0
2025-08-06,2025-08-06 10:05:45.700,MO2508-C-7500,2.0,1.8,2.0
2025-08-06,2025-08-06 10:05:56.200,MO2508-C-7500,2.0,1.8,2.0
2025-08-06,2025-08-06 10:05:57.200,MO2508-C-7500,2.0,1.8,2.0
2025-08-06,2025-08-06 10:06:00.700,MO2508-C-7500,2.0,1.8,2.0
2025-08-06,2025-08-06 10:06:01.700,MO2508-C-7500,2.0,1.8,2.0
2025-08-06,2025-08-06 10:06:46.200,MO2508-C-7500,2.0,1.8,2.0
2025-08-06,2025-08-06 10:06:46.700,MO2508-C-7500,2.0,1.8,2.0
2025-08-06,2025-08-06 10:06:47.200,MO2508-C-7500,2.0,1.8,2.0
2025-08-06,2025-08-06 10:06:56.700,MO2508-C-7500,2.0,1.8,2.0
2025-08-06,2025-08-06 10:07:01.200,MO2508-C-7500,2.0,1.8,2.0
2025-08-06,2025-08-06 10:07:02.200,MO2508-C-7500,2.0,1.8,2.0
2025-08-06,2025-08-06 10:07:48.200,MO2508-C-7500,2.0,1.8,2.0
2025-08-06,2025-08-06 10:08:15.200,MO2508-C-7500,2.0,1.8,2.0
2025-08-06,2025-08-06 10:08:17.200,MO2508-C-7500,2.0,1.8,2.0
2025-08-06,2025-08-06 10:08:18.200,MO2508-C-7500,2.0,1.8,2.0
2025-08-06,2025-08-06 10:08:22.200,MO2508-C-7500,2.0,1.8,2.0
2025-08-06,2025-08-06 10:08:27.200,MO2508-C-7500,2.0,1.8,2.0
2025-08-06,2025-08-06 10:08:34.200,MO2508-C-7500,2.0,1.8,2.0
2025-08-06,2025-08-06 10:08:34.700,MO2508-C-7500,2.0,1.8,2.0
2025-08-06,2025-08-06 10:08:40.700,MO2508-C-7500,2.0,1.8,2.0
2025-08-06,2025-08-06 10:08:43.700,MO2508-C-7500,2.0,1.8,2.0
2025-08-06,2025-08-06 10:08:44.700,MO2508-C-7500,2.0,1.8,2.0
2025-08-06,2025-08-06 10:08:46.700,MO2508-C-7500,2.0,1.8,2.0
2025-08-06,2025-08-06 10:08:53.700,MO2508-C-7500,2.0,1.8,2.0
2025-08-06,2025-08-06 10:08:55.700,MO2508-C-7500,2.0,1.8,2.0
2025-08-06,2025-08-06 10:08:57.700,MO2508-C-7500,2.0,1.8,2.0
2025-08-06,2025-08-06 10:08:59.200,MO2508-C-7500,2.0,1.8,2.0
2025-08-06,2025-08-06 10:09:04.200,MO2508-C-7500,2.0,1.8,2.0
2025-08-06,2025-08-06 10:09:22.200,MO2508-C-7500,2.0,1.8,2.0
2025-08-06,2025-08-06 10:09:22.700,MO2508-C-7500,2.0,1.8,2.0
2025-08-06,2025-08-06 10:09:23.200,MO2508-C-7500,2.0,1.8,2.0
2025-08-06,2025-08-06 10:09:57.200,MO2508-C-7500,2.0,1.8,2.0
2025-08-06,2025-08-06 10:09:57.700,MO2508-C-7500,2.0,1.8,2.0
2025-08-06,2025-08-06 10:10:55.200,MO2508-C-7500,2.0,1.8,2.0
2025-08-06,2025-08-06 10:10:56.200,MO2508-C-7500,2.0,1.8,2.0
2025-08-06,2025-08-06 10:11:10.200,MO2508-C-7500,2.0,1.8,2.0
2025-08-06,2025-08-06 10:11:43.700,MO2508-C-7500,2.0,1.8,2.0
2025-08-06,2025-08-06 10:11:44.200,MO2508-C-7500,2.0,1.8,2.0
2025-08-06,2025-08-06 10:11:46.200,MO2508-C-7500,2.0,1.8,2.0
2025-08-06,2025-08-06 10:11:51.700,MO2508-C-7500,2.0,1.8,2.0
2025-08-06,2025-08-06 10:11:52.200,MO2508-C-7500,2.0,1.8,2.0
2025-08-06,2025-08-06 10:11:55.700,MO2508-C-7500,2.0,1.8,2.0
2025-08-06,2025-08-06 10:11:56.200,MO2508-C-7500,2.0,1.8,2.0
2025-08-06,2025-08-06 10:12:00.700,MO2508-C-7500,2.0,1.8,2.0
2025-08-06,2025-08-06 10:12:03.700,MO2508-C-7500,2.0,1.8,2.0
2025-08-06,2025-08-06 10:12:16.700,MO2508-C-7500,2.0,1.8,2.0
2025-08-06,2025-08-06 10:12:50.700,MO2508-C-7500,2.0,1.8,2.0
2025-08-06,2025-08-06 10:12:51.200,MO2508-C-7500,2.0,1.8,2.0
2025-08-06,2025-08-06 10:12:51.700,MO2508-C-7500,2.0,1.8,2.0
2025-08-06,2025-08-06 10:12:56.700,MO2508-C-7500,2.0,1.8,2.0
2025-08-06,2025-08-06 10:12:57.200,MO2508-C-7500,2.0,1.8,2.0
2025-08-06,2025-08-06 10:13:06.700,MO2508-C-7500,2.0,1.8,2.0
2025-08-06,2025-08-06 10:13:07.200,MO2508-C-7500,2.0,1.8,2.0
2025-08-06,2025-08-06 10:13:16.200,MO2508-C-7500,2.0,1.8,2.0
2025-08-06,2025-08-06 10:13:17.200,MO2508-C-7500,2.0,1.8,2.0
2025-08-06,2025-08-06 10:13:28.200,MO2508-C-7500,2.0,1.8,2.0
2025-08-06,2025-08-06 10:13:36.200,MO2508-C-7500,2.0,1.8,2.0
2025-08-06,2025-08-06 10:13:39.700,MO2508-C-7500,2.0,1.8,2.0
2025-08-06,2025-08-06 10:13:40.700,MO2508-C-7500,2.0,1.8,2.0
2025-08-06,2025-08-06 10:13:52.200,MO2508-C-7500,2.0,1.8,2.0
2025-08-06,2025-08-06 10:13:52.700,MO2508-C-7500,2.0,1.8,2.0
2025-08-06,2025-08-06 10:13:54.200,MO2508-C-7500,2.0,1.8,2.0
2025-08-06,2025-08-06 10:13:56.200,MO2508-C-7500,2.0,1.8,2.0
2025-08-06,2025-08-06 10:14:30.700,MO2508-C-7500,2.0,1.8,2.0
2025-08-06,2025-08-06 10:14:31.700,MO2508-C-7500,2.0,1.8,2.0
2025-08-06,2025-08-06 10:14:39.700,MO2508-C-7500,2.0,1.8,2.0
2025-08-06,2025-08-06 10:14:41.700,MO2508-C-7500,2.0,1.8,2.0
2025-08-06,2025-08-06 10:14:42.700,MO2508-C-7500,2.0,1.8,2.0
2025-08-06,2025-08-06 10:14:55.700,MO2508-C-7500,2.0,1.8,2.0
2025-08-06,2025-08-06 10:14:56.700,MO2508-C-7500,2.0,1.8,2.0
2025-08-06,2025-08-06 10:15:31.700,MO2508-C-7500,2.0,1.8,2.0
2025-08-06,2025-08-06 10:15:35.200,MO2508-C-7500,2.0,1.8,2.0
2025-08-06,2025-08-06 10:15:37.700,MO2508-C-7500,2.0,1.8,2.0
2025-08-06,2025-08-06 10:15:42.200,MO2508-C-7500,2.0,1.8,2.0
2025-08-06,2025-08-06 10:15:42.700,MO2508-C-7500,2.0,1.8,2.0
2025-08-06,2025-08-06 10:15:47.200,MO2508-C-7500,2.0,1.8,2.0
2025-08-06,2025-08-06 10:15:47.700,MO2508-C-7500,2.0,1.8,2.0
2025-08-06,2025-08-06 10:15:48.200,MO2508-C-7500,2.0,1.8,2.0
2025-08-06,2025-08-06 10:15:48.700,MO2508-C-7500,2.0,1.8,2.0
2025-08-06,2025-08-06 10:15:51.700,MO2508-C-7500,2.0,1.8,2.0
2025-08-06,2025-08-06 10:15:52.200,MO2508-C-7500,2.0,1.8,2.0
2025-08-06,2025-08-06 10:15:52.700,MO2508-C-7500,2.0,1.8,2.0
2025-08-06,2025-08-06 10:15:53.200,MO2508-C-7500,2.0,1.8,2.0
2025-08-06,2025-08-06 10:15:54.200,MO2508-C-7500,2.0,1.8,2.0
2025-08-06,2025-08-06 10:15:56.200,MO2508-C-7500,2.0,1.8,2.0
2025-08-06,2025-08-06 10:16:01.200,MO2508-C-7500,2.0,1.8,2.0
2025-08-06,2025-08-06 10:16:01.700,MO2508-C-7500,2.0,1.8,2.0
2025-08-06,2025-08-06 10:16:04.200,MO2508-C-7500,2.0,1.8,2.0
2025-08-06,2025-08-06 10:16:11.700,MO2508-C-7500,2.0,1.8,2.0
2025-08-06,2025-08-06 10:16:15.200,MO2508-C-7500,2.0,1.8,2.0
2025-08-06,2025-08-06 10:16:15.700,MO2508-C-7500,2.0,1.8,2.0
2025-08-06,2025-08-06 10:16:16.200,MO2508-C-7500,2.0,1.8,2.0
2025-08-06,2025-08-06 10:16:16.700,MO2508-C-7500,2.0,1.8,2.0
2025-08-06,2025-08-06 10:16:21.200,MO2508-C-7500,2.0,1.8,2.0
2025-08-06,2025-08-06 10:16:25.200,MO2508-C-7500,2.0,1.8,2.0
2025-08-06,2025-08-06 10:16:25.700,MO2508-C-7500,2.0,1.8,2.0
2025-08-06,2025-08-06 10:16:28.200,MO2508-C-7500,2.0,1.8,2.0
2025-08-06,2025-08-06 10:16:29.200,MO2508-C-7500,2.0,1.8,2.0
2025-08-06,2025-08-06 10:16:30.200,MO2508-C-7500,2.0,1.8,2.0
2025-08-06,2025-08-06 10:16:32.200,MO2508-C-7500,2.0,1.8,2.0
2025-08-06,2025-08-06 10:16:33.200,MO2508-C-7500,2.0,1.8,2.0
2025-08-06,2025-08-06 10:16:35.700,MO2508-C-7500,2.0,1.8,2.0
2025-08-06,2025-08-06 10:16:43.200,MO2508-C-7500,2.0,1.8,2.0
2025-08-06,2025-08-06 10:16:45.200,MO2508-C-7500,2.0,1.8,2.0
2025-08-06,2025-08-06 10:16:46.200,MO2508-C-7500,2.0,1.8,2.0
2025-08-06,2025-08-06 10:16:46.700,MO2508-C-7500,2.0,1.8,2.0
2025-08-06,2025-08-06 10:16:47.200,MO2508-C-7500,2.0,1.8,2.0
2025-08-06,2025-08-06 10:16:47.700,MO2508-C-7500,2.0,1.8,2.0
2025-08-06,2025-08-06 10:16:48.200,MO2508-C-7500,2.0,1.8,2.0
2025-08-06,2025-08-06 10:16:52.700,MO2508-C-7500,2.0,1.8,2.0
2025-08-06,2025-08-06 10:16:58.200,MO2508-C-7500,2.0,1.8,2.0
2025-08-06,2025-08-06 10:17:00.700,MO2508-C-7500,1.8,1.8,2.0
2025-08-06,2025-08-06 10:17:05.200,MO2508-C-7500,1.8,1.8,2.0
2025-08-06,2025-08-06 10:17:06.200,MO2508-C-7500,1.8,1.8,2.0
2025-08-06,2025-08-06 10:17:06.700,MO2508-C-7500,1.8,1.8,2.0
2025-08-06,2025-08-06 10:17:07.200,MO2508-C-7500,1.8,1.8,2.0
2025-08-06,2025-08-06 10:17:07.700,MO2508-C-7500,1.8,1.8,2.0
2025-08-06,2025-08-06 10:17:08.200,MO2508-C-7500,1.8,1.8,2.0
2025-08-06,2025-08-06 10:17:08.700,MO2508-C-7500,1.8,1.8,2.0
2025-08-06,2025-08-06 10:17:09.200,MO2508-C-7500,1.8,1.8,2.0
2025-08-06,2025-08-06 10:17:12.700,MO2508-C-7500,1.8,1.8,2.0
2025-08-06,2025-08-06 10:17:13.700,MO2508-C-7500,1.8,1.8,2.0
2025-08-06,2025-08-06 10:17:14.200,MO2508-C-7500,1.8,1.8,2.0
2025-08-06,2025-08-06 10:17:15.700,MO2508-C-7500,1.8,1.8,2.0
2025-08-06,2025-08-06 10:17:16.700,MO2508-C-7500,1.8,1.8,2.0
2025-08-06,2025-08-06 10:17:17.700,MO2508-C-7500,1.8,1.8,2.0
2025-08-06,2025-08-06 10:17:18.700,MO2508-C-7500,1.8,1.8,2.0
2025-08-06,2025-08-06 10:17:19.700,MO2508-C-7500,1.8,1.8,2.0
2025-08-06,2025-08-06 10:17:31.200,MO2508-C-7500,1.8,1.8,2.0
2025-08-06,2025-08-06 10:17:35.200,MO2508-C-7500,1.8,1.8,2.0
2025-08-06,2025-08-06 10:17:35.700,MO2508-C-7500,1.8,1.8,2.0
2025-08-06,2025-08-06 10:17:36.200,MO2508-C-7500,1.8,1.8,2.0
2025-08-06,2025-08-06 10:17:49.700,MO2508-C-7500,1.8,1.8,2.0
2025-08-06,2025-08-06 10:17:54.700,MO2508-C-7500,1.8,1.8,2.0
2025-08-06,2025-08-06 10:17:55.200,MO2508-C-7500,1.8,1.8,2.0
2025-08-06,2025-08-06 10:17:57.700,MO2508-C-7500,1.8,1.8,2.0
2025-08-06,2025-08-06 10:17:59.700,MO2508-C-7500,1.8,1.8,2.0
2025-08-06,2025-08-06 10:18:04.200,MO2508-C-7500,1.8,1.8,2.0
2025-08-06,2025-08-06 10:18:04.700,MO2508-C-7500,1.8,1.8,2.0
2025-08-06,2025-08-06 10:18:19.200,MO2508-C-7500,1.8,1.8,2.0
2025-08-06,2025-08-06 10:18:39.700,MO2508-C-7500,1.8,1.8,2.0
2025-08-06,2025-08-06 10:18:42.700,MO2508-C-7500,1.8,1.8,2.0
2025-08-06,2025-08-06 10:18:45.700,MO2508-C-7500,1.8,1.8,2.0
2025-08-06,2025-08-06 10:18:49.700,MO2508-C-7500,1.8,1.8,2.0
2025-08-06,2025-08-06 10:19:06.200,MO2508-C-7500,1.8,1.8,2.0
2025-08-06,2025-08-06 10:19:07.700,MO2508-C-7500,1.8,1.8,2.0
2025-08-06,2025-08-06 10:19:19.200,MO2508-C-7500,1.8,1.8,2.0
2025-08-06,2025-08-06 10:19:30.200,MO2508-C-7500,1.8,1.8,2.0
2025-08-06,2025-08-06 10:20:23.700,MO2508-C-7500,1.8,1.8,2.0
2025-08-06,2025-08-06 10:20:37.700,MO2508-C-7500,1.8,1.8,2.0
2025-08-06,2025-08-06 10:20:38.700,MO2508-C-7500,1.8,1.8,2.0
2025-08-06,2025-08-06 10:21:10.200,MO2508-C-7500,1.8,1.8,2.0
2025-08-06,2025-08-06 10:21:11.200,MO2508-C-7500,1.8,1.8,2.0
2025-08-06,2025-08-06 10:21:22.700,MO2508-C-7500,1.8,1.8,2.0
2025-08-06,2025-08-06 10:21:23.200,MO2508-C-7500,1.8,1.8,2.0
2025-08-06,2025-08-06 10:21:23.700,MO2508-C-7500,2.0,1.8,2.0
2025-08-06,2025-08-06 10:21:24.200,MO2508-C-7500,2.0,1.8,2.0
2025-08-06,2025-08-06 10:21:24.700,MO2508-C-7500,2.0,1.8,2.0
2025-08-06,2025-08-06 10:21:25.200,MO2508-C-7500,2.0,1.8,2.2
2025-08-06,2025-08-06 10:21:25.700,MO2508-C-7500,2.0,1.8,2.2
2025-08-06,2025-08-06 10:21:26.200,MO2508-C-7500,2.0,1.8,2.2
2025-08-06,2025-08-06 10:21:30.700,MO2508-C-7500,2.0,1.8,2.2
2025-08-06,2025-08-06 10:21:56.200,MO2508-C-7500,2.0,1.8,2.2
2025-08-06,2025-08-06 10:21:56.700,MO2508-C-7500,2.0,1.8,2.2
2025-08-06,2025-08-06 10:21:58.200,MO2508-C-7500,2.0,1.8,2.2
2025-08-06,2025-08-06 10:22:24.200,MO2508-C-7500,2.0,1.8,2.2
2025-08-06,2025-08-06 10:22:24.700,MO2508-C-7500,2.0,1.8,2.2
2025-08-06,2025-08-06 10:22:34.200,MO2508-C-7500,2.0,1.8,2.2
2025-08-06,2025-08-06 10:22:38.700,MO2508-C-7500,2.0,1.8,2.2
2025-08-06,2025-08-06 10:22:39.200,MO2508-C-7500,2.0,1.8,2.2
2025-08-06,2025-08-06 10:22:43.200,MO2508-C-7500,2.0,1.8,2.2
2025-08-06,2025-08-06 10:22:45.700,MO2508-C-7500,2.0,1.8,2.2
2025-08-06,2025-08-06 10:22:46.700,MO2508-C-7500,2.0,1.8,2.2
2025-08-06,2025-08-06 10:22:52.200,MO2508-C-7500,2.0,1.8,2.2
2025-08-06,2025-08-06 10:22:53.700,MO2508-C-7500,2.0,1.8,2.2
2025-08-06,2025-08-06 10:22:54.700,MO2508-C-7500,2.0,1.8,2.2
2025-08-06,2025-08-06 10:22:55.700,MO2508-C-7500,2.0,1.8,2.2
2025-08-06,2025-08-06 10:22:56.200,MO2508-C-7500,2.0,1.8,2.2
2025-08-06,2025-08-06 10:22:59.700,MO2508-C-7500,2.0,1.8,2.2
2025-08-06,2025-08-06 10:23:00.200,MO2508-C-7500,2.0,1.8,2.2
2025-08-06,2025-08-06 10:23:00.700,MO2508-C-7500,2.0,1.8,2.2
2025-08-06,2025-08-06 10:23:01.200,MO2508-C-7500,2.0,1.8,2.2
2025-08-06,2025-08-06 10:23:02.200,MO2508-C-7500,2.0,1.8,2.2
2025-08-06,2025-08-06 10:23:14.200,MO2508-C-7500,2.0,1.8,2.2
2025-08-06,2025-08-06 10:23:14.700,MO2508-C-7500,2.0,1.8,2.2
2025-08-06,2025-08-06 10:23:16.200,MO2508-C-7500,2.0,1.8,2.2
2025-08-06,2025-08-06 10:23:16.700,MO2508-C-7500,2.0,1.8,2.2
2025-08-06,2025-08-06 10:23:17.200,MO2508-C-7500,2.0,1.8,2.2
2025-08-06,2025-08-06 10:23:20.200,MO2508-C-7500,2.0,1.8,2.2
2025-08-06,2025-08-06 10:23:21.700,MO2508-C-7500,2.0,1.8,2.2
2025-08-06,2025-08-06 10:23:24.200,MO2508-C-7500,2.0,1.8,2.2
2025-08-06,2025-08-06 10:23:25.700,MO2508-C-7500,2.0,1.8,2.2
2025-08-06,2025-08-06 10:23:27.200,MO2508-C-7500,2.0,1.8,2.2
2025-08-06,2025-08-06 10:23:35.200,MO2508-C-7500,2.0,1.8,2.2
2025-08-06,2025-08-06 10:23:40.200,MO2508-C-7500,2.0,1.8,2.2
2025-08-06,2025-08-06 10:24:00.700,MO2508-C-7500,2.0,1.8,2.2
2025-08-06,2025-08-06 10:24:01.200,MO2508-C-7500,2.0,1.8,2.2
2025-08-06,2025-08-06 10:24:12.200,MO2508-C-7500,2.0,1.8,2.0
2025-08-06,2025-08-06 10:24:12.700,MO2508-C-7500,2.0,1.8,2.0
2025-08-06,2025-08-06 10:24:13.200,MO2508-C-7500,2.0,1.8,2.0
2025-08-06,2025-08-06 10:24:41.700,MO2508-C-7500,2.0,1.8,2.0
2025-08-06,2025-08-06 10:24:49.700,MO2508-C-7500,2.0,1.8,2.0
2025-08-06,2025-08-06 10:25:15.700,MO2508-C-7500,2.0,1.8,2.0
2025-08-06,2025-08-06 10:25:19.200,MO2508-C-7500,2.0,1.8,2.0
2025-08-06,2025-08-06 10:25:34.700,MO2508-C-7500,2.0,1.8,2.0
2025-08-06,2025-08-06 10:25:35.200,MO2508-C-7500,2.0,1.8,2.0
2025-08-06,2025-08-06 10:25:45.200,MO2508-C-7500,2.0,1.8,2.0
2025-08-06,2025-08-06 10:25:46.700,MO2508-C-7500,2.0,1.8,2.0
2025-08-06,2025-08-06 10:25:47.700,MO2508-C-7500,2.0,1.8,2.0
2025-08-06,2025-08-06 10:25:49.200,MO2508-C-7500,2.0,1.8,2.0
2025-08-06,2025-08-06 10:25:49.700,MO2508-C-7500,2.0,1.8,2.0
2025-08-06,2025-08-06 10:26:06.700,MO2508-C-7500,2.0,1.8,2.0
2025-08-06,2025-08-06 10:26:07.700,MO2508-C-7500,2.0,1.8,2.0
2025-08-06,2025-08-06 10:26:09.200,MO2508-C-7500,2.0,1.8,2.0
2025-08-06,2025-08-06 10:26:09.700,MO2508-C-7500,2.0,1.8,2.0
2025-08-06,2025-08-06 10:26:26.200,MO2508-C-7500,2.0,1.8,2.0
2025-08-06,2025-08-06 10:26:27.200,MO2508-C-7500,2.0,1.8,2.0
2025-08-06,2025-08-06 10:26:29.700,MO2508-C-7500,2.0,1.8,2.0
2025-08-06,2025-08-06 10:26:40.700,MO2508-C-7500,2.0,1.8,2.0
2025-08-06,2025-08-06 10:26:41.700,MO2508-C-7500,2.0,1.8,2.0
2025-08-06,2025-08-06 10:26:52.200,MO2508-C-7500,1.8,1.8,2.0
2025-08-06,2025-08-06 10:26:52.700,MO2508-C-7500,1.8,1.8,2.0
2025-08-06,2025-08-06 10:26:57.200,MO2508-C-7500,1.8,1.8,2.0
2025-08-06,2025-08-06 10:27:01.700,MO2508-C-7500,1.8,1.8,2.0
2025-08-06,2025-08-06 10:27:02.200,MO2508-C-7500,1.8,1.8,2.0
2025-08-06,2025-08-06 10:27:19.200,MO2508-C-7500,1.8,1.8,2.0
2025-08-06,2025-08-06 10:27:20.200,MO2508-C-7500,1.8,1.8,2.0
2025-08-06,2025-08-06 10:27:28.200,MO2508-C-7500,1.8,1.8,2.0
2025-08-06,2025-08-06 10:27:41.700,MO2508-C-7500,1.8,1.8,2.0
2025-08-06,2025-08-06 10:27:42.200,MO2508-C-7500,1.8,1.8,2.0
2025-08-06,2025-08-06 10:27:44.700,MO2508-C-7500,1.8,1.8,2.0
2025-08-06,2025-08-06 10:27:46.200,MO2508-C-7500,1.8,1.8,2.0
2025-08-06,2025-08-06 10:27:47.200,MO2508-C-7500,1.8,1.8,2.0
2025-08-06,2025-08-06 10:27:59.700,MO2508-C-7500,1.8,1.8,2.0
2025-08-06,2025-08-06 10:28:00.200,MO2508-C-7500,1.8,1.8,2.0
2025-08-06,2025-08-06 10:28:26.200,MO2508-C-7500,1.8,1.8,2.0
2025-08-06,2025-08-06 10:29:36.700,MO2508-C-7500,1.8,1.8,2.0
2025-08-06,2025-08-06 10:29:44.700,MO2508-C-7500,1.8,1.8,2.0
2025-08-06,2025-08-06 10:29:56.700,MO2508-C-7500,1.8,1.8,2.0
2025-08-06,2025-08-06 10:29:57.200,MO2508-C-7500,1.8,1.8,2.0
2025-08-06,2025-08-06 10:29:57.700,MO2508-C-7500,1.8,1.8,2.0
2025-08-06,2025-08-06 10:30:03.200,MO2508-C-7500,1.8,1.8,2.0
2025-08-06,2025-08-06 10:30:11.200,MO2508-C-7500,1.8,1.8,2.0
2025-08-06,2025-08-06 10:30:17.700,MO2508-C-7500,1.8,1.8,2.0
2025-08-06,2025-08-06 10:30:23.700,MO2508-C-7500,1.8,1.8,2.0
2025-08-06,2025-08-06 10:30:32.700,MO2508-C-7500,1.8,1.8,2.0
2025-08-06,2025-08-06 10:30:36.700,MO2508-C-7500,1.8,1.8,2.0
2025-08-06,2025-08-06 10:30:37.200,MO2508-C-7500,1.8,1.8,2.0
2025-08-06,2025-08-06 10:30:39.700,MO2508-C-7500,1.8,1.8,2.0
2025-08-06,2025-08-06 10:30:40.200,MO2508-C-7500,1.8,1.8,2.0
2025-08-06,2025-08-06 10:30:41.200,MO2508-C-7500,1.8,1.8,2.0
2025-08-06,2025-08-06 10:30:44.200,MO2508-C-7500,1.8,1.8,2.0
2025-08-06,2025-08-06 10:30:45.200,MO2508-C-7500,1.8,1.8,2.0
2025-08-06,2025-08-06 10:30:47.200,MO2508-C-7500,1.8,1.8,2.0
2025-08-06,2025-08-06 10:30:55.200,MO2508-C-7500,1.8,1.8,2.0
2025-08-06,2025-08-06 10:30:57.200,MO2508-C-7500,1.8,1.8,2.0
2025-08-06,2025-08-06 10:30:58.200,MO2508-C-7500,1.8,1.8,2.0
2025-08-06,2025-08-06 10:31:00.700,MO2508-C-7500,1.8,1.8,2.0
2025-08-06,2025-08-06 10:31:03.700,MO2508-C-7500,1.8,1.8,2.0
2025-08-06,2025-08-06 10:31:07.700,MO2508-C-7500,1.8,1.8,2.0
2025-08-06,2025-08-06 10:31:08.200,MO2508-C-7500,1.8,1.8,2.0
2025-08-06,2025-08-06 10:31:08.700,MO2508-C-7500,1.8,1.8,2.0
2025-08-06,2025-08-06 10:31:09.200,MO2508-C-7500,1.8,1.8,2.0
2025-08-06,2025-08-06 10:31:10.200,MO2508-C-7500,1.8,1.8,2.0
2025-08-06,2025-08-06 10:31:10.700,MO2508-C-7500,1.8,1.6,2.0
2025-08-06,2025-08-06 10:31:11.200,MO2508-C-7500,1.8,1.6,2.0
2025-08-06,2025-08-06 10:31:11.700,MO2508-C-7500,1.8,1.6,2.0
2025-08-06,2025-08-06 10:31:12.200,MO2508-C-7500,1.8,1.6,2.0
2025-08-06,2025-08-06 10:31:12.700,MO2508-C-7500,1.8,1.6,2.0
2025-08-06,2025-08-06 10:31:13.200,MO2508-C-7500,1.8,1.6,2.0
2025-08-06,2025-08-06 10:31:21.700,MO2508-C-7500,1.8,1.6,2.0
2025-08-06,2025-08-06 10:31:22.200,MO2508-C-7500,1.8,1.6,2.0
2025-08-06,2025-08-06 10:31:26.700,MO2508-C-7500,1.8,1.6,2.0
2025-08-06,2025-08-06 10:31:34.700,MO2508-C-7500,1.8,1.6,2.0
2025-08-06,2025-08-06 10:31:35.200,MO2508-C-7500,1.8,1.6,2.0
2025-08-06,2025-08-06 10:32:03.200,MO2508-C-7500,1.8,1.6,2.0
2025-08-06,2025-08-06 10:32:03.700,MO2508-C-7500,1.8,1.6,2.0
2025-08-06,2025-08-06 10:32:05.700,MO2508-C-7500,1.8,1.6,2.0
2025-08-06,2025-08-06 10:32:07.200,MO2508-C-7500,1.8,1.6,2.0
2025-08-06,2025-08-06 10:32:07.700,MO2508-C-7500,1.8,1.6,2.0
2025-08-06,2025-08-06 10:32:08.700,MO2508-C-7500,1.8,1.6,2.0
2025-08-06,2025-08-06 10:32:09.200,MO2508-C-7500,1.8,1.6,2.0
2025-08-06,2025-08-06 10:32:11.700,MO2508-C-7500,1.8,1.6,2.0
2025-08-06,2025-08-06 10:32:18.200,MO2508-C-7500,1.8,1.6,2.0
2025-08-06,2025-08-06 10:32:26.200,MO2508-C-7500,1.8,1.6,2.0
2025-08-06,2025-08-06 10:32:26.700,MO2508-C-7500,1.8,1.6,1.8
2025-08-06,2025-08-06 10:32:27.200,MO2508-C-7500,1.8,1.6,1.8
2025-08-06,2025-08-06 10:32:34.200,MO2508-C-7500,1.8,1.6,1.8
2025-08-06,2025-08-06 10:32:34.700,MO2508-C-7500,1.8,1.6,1.8
2025-08-06,2025-08-06 10:32:35.700,MO2508-C-7500,1.8,1.6,1.8
2025-08-06,2025-08-06 10:32:39.700,MO2508-C-7500,1.8,1.6,1.8
2025-08-06,2025-08-06 10:32:40.200,MO2508-C-7500,1.8,1.6,1.8
2025-08-06,2025-08-06 10:32:42.700,MO2508-C-7500,1.8,1.6,1.8
2025-08-06,2025-08-06 10:32:43.200,MO2508-C-7500,1.8,1.6,1.8
2025-08-06,2025-08-06 10:32:45.200,MO2508-C-7500,1.8,1.6,1.8
2025-08-06,2025-08-06 10:32:45.700,MO2508-C-7500,1.8,1.6,1.8
2025-08-06,2025-08-06 10:32:46.200,MO2508-C-7500,1.8,1.6,1.8
2025-08-06,2025-08-06 10:32:47.700,MO2508-C-7500,1.8,1.6,1.8
2025-08-06,2025-08-06 10:32:48.200,MO2508-C-7500,1.8,1.6,1.8
2025-08-06,2025-08-06 10:33:01.200,MO2508-C-7500,1.8,1.6,1.8
2025-08-06,2025-08-06 10:33:01.700,MO2508-C-7500,1.8,1.6,1.8
2025-08-06,2025-08-06 10:33:02.200,MO2508-C-7500,1.8,1.6,1.8
2025-08-06,2025-08-06 10:33:52.700,MO2508-C-7500,1.8,1.6,1.8
2025-08-06,2025-08-06 10:33:53.200,MO2508-C-7500,1.8,1.6,1.8
2025-08-06,2025-08-06 10:34:11.200,MO2508-C-7500,1.8,1.6,1.8
2025-08-06,2025-08-06 10:34:12.700,MO2508-C-7500,1.8,1.6,1.8
2025-08-06,2025-08-06 10:34:46.200,MO2508-C-7500,1.8,1.6,1.8
2025-08-06,2025-08-06 10:34:46.700,MO2508-C-7500,1.8,1.6,1.8
2025-08-06,2025-08-06 10:34:47.200,MO2508-C-7500,1.8,1.6,1.8
2025-08-06,2025-08-06 10:34:59.700,MO2508-C-7500,1.8,1.6,1.8
2025-08-06,2025-08-06 10:35:16.200,MO2508-C-7500,1.8,1.6,1.8
2025-08-06,2025-08-06 10:35:17.200,MO2508-C-7500,1.8,1.6,1.8
2025-08-06,2025-08-06 10:35:40.200,MO2508-C-7500,1.8,1.6,1.8
2025-08-06,2025-08-06 10:35:41.200,MO2508-C-7500,1.8,1.6,1.8
2025-08-06,2025-08-06 10:35:56.700,MO2508-C-7500,1.8,1.6,1.8
2025-08-06,2025-08-06 10:35:57.200,MO2508-C-7500,1.8,1.6,1.8
2025-08-06,2025-08-06 10:35:58.200,MO2508-C-7500,1.8,1.6,1.8
2025-08-06,2025-08-06 10:35:59.200,MO2508-C-7500,1.8,1.6,1.8
2025-08-06,2025-08-06 10:36:01.200,MO2508-C-7500,1.8,1.6,1.8
2025-08-06,2025-08-06 10:36:01.700,MO2508-C-7500,1.8,1.6,1.8
2025-08-06,2025-08-06 10:36:03.200,MO2508-C-7500,1.8,1.6,1.8
2025-08-06,2025-08-06 10:36:04.200,MO2508-C-7500,1.8,1.6,1.8
2025-08-06,2025-08-06 10:36:06.200,MO2508-C-7500,1.8,1.6,1.8
2025-08-06,2025-08-06 10:36:13.200,MO2508-C-7500,1.8,1.6,1.8
2025-08-06,2025-08-06 10:36:13.700,MO2508-C-7500,1.8,1.6,1.8
2025-08-06,2025-08-06 10:36:16.200,MO2508-C-7500,1.8,1.6,1.8
2025-08-06,2025-08-06 10:36:16.700,MO2508-C-7500,1.8,1.6,1.8
2025-08-06,2025-08-06 10:36:17.200,MO2508-C-7500,1.8,1.6,1.8
2025-08-06,2025-08-06 10:36:20.700,MO2508-C-7500,1.8,1.6,1.8
2025-08-06,2025-08-06 10:36:21.700,MO2508-C-7500,1.8,1.6,1.8
2025-08-06,2025-08-06 10:36:22.700,MO2508-C-7500,1.8,1.6,1.8
2025-08-06,2025-08-06 10:36:24.700,MO2508-C-7500,1.8,1.6,1.8
2025-08-06,2025-08-06 10:36:25.700,MO2508-C-7500,1.8,1.6,1.8
2025-08-06,2025-08-06 10:36:27.700,MO2508-C-7500,1.8,1.6,1.8
2025-08-06,2025-08-06 10:36:29.700,MO2508-C-7500,1.8,1.6,1.8
2025-08-06,2025-08-06 10:36:30.200,MO2508-C-7500,1.8,1.6,1.8
2025-08-06,2025-08-06 10:36:30.700,MO2508-C-7500,1.8,1.6,1.8
2025-08-06,2025-08-06 10:36:33.200,MO2508-C-7500,1.8,1.6,1.8
2025-08-06,2025-08-06 10:36:33.700,MO2508-C-7500,1.8,1.6,1.8
2025-08-06,2025-08-06 10:36:35.200,MO2508-C-7500,1.8,1.6,1.8
2025-08-06,2025-08-06 10:36:36.700,MO2508-C-7500,1.8,1.6,1.8
2025-08-06,2025-08-06 10:36:37.200,MO2508-C-7500,1.8,1.6,1.8
2025-08-06,2025-08-06 10:36:37.700,MO2508-C-7500,1.8,1.6,1.8
2025-08-06,2025-08-06 10:36:38.700,MO2508-C-7500,1.8,1.6,1.8
2025-08-06,2025-08-06 10:36:39.200,MO2508-C-7500,1.8,1.6,1.8
2025-08-06,2025-08-06 10:36:39.700,MO2508-C-7500,1.8,1.6,1.8
2025-08-06,2025-08-06 10:36:40.200,MO2508-C-7500,1.8,1.6,1.8
2025-08-06,2025-08-06 10:36:49.700,MO2508-C-7500,1.8,1.6,1.8
2025-08-06,2025-08-06 10:36:50.200,MO2508-C-7500,1.8,1.6,1.8
2025-08-06,2025-08-06 10:36:59.700,MO2508-C-7500,1.8,1.6,1.8
2025-08-06,2025-08-06 10:37:00.200,MO2508-C-7500,1.8,1.6,1.8
2025-08-06,2025-08-06 10:37:06.200,MO2508-C-7500,1.8,1.6,1.8
2025-08-06,2025-08-06 10:37:06.700,MO2508-C-7500,1.8,1.6,1.8
2025-08-06,2025-08-06 10:37:07.200,MO2508-C-7500,1.8,1.6,1.8
2025-08-06,2025-08-06 10:37:09.700,MO2508-C-7500,1.8,1.6,1.8
2025-08-06,2025-08-06 10:37:10.200,MO2508-C-7500,1.8,1.6,1.8
2025-08-06,2025-08-06 10:37:15.700,MO2508-C-7500,1.8,1.6,1.8
2025-08-06,2025-08-06 10:37:16.200,MO2508-C-7500,1.8,1.6,2.0
2025-08-06,2025-08-06 10:37:16.700,MO2508-C-7500,1.8,1.6,2.0
2025-08-06,2025-08-06 10:37:19.700,MO2508-C-7500,1.8,1.6,2.0
2025-08-06,2025-08-06 10:37:20.200,MO2508-C-7500,1.8,1.6,2.0
2025-08-06,2025-08-06 10:37:29.700,MO2508-C-7500,1.8,1.6,2.0
2025-08-06,2025-08-06 10:37:30.200,MO2508-C-7500,1.8,1.6,2.0
2025-08-06,2025-08-06 10:37:39.700,MO2508-C-7500,1.8,1.6,2.0
2025-08-06,2025-08-06 10:37:40.200,MO2508-C-7500,1.8,1.6,2.0
2025-08-06,2025-08-06 10:37:49.700,MO2508-C-7500,1.8,1.6,2.0
2025-08-06,2025-08-06 10:37:50.200,MO2508-C-7500,1.8,1.6,2.0
2025-08-06,2025-08-06 10:37:59.700,MO2508-C-7500,1.8,1.6,2.0
2025-08-06,2025-08-06 10:38:00.200,MO2508-C-7500,1.8,1.6,2.0
2025-08-06,2025-08-06 10:38:06.200,MO2508-C-7500,1.8,1.6,2.0
2025-08-06,2025-08-06 10:38:07.700,MO2508-C-7500,1.8,1.6,2.0
2025-08-06,2025-08-06 10:38:08.200,MO2508-C-7500,1.8,1.6,2.0
2025-08-06,2025-08-06 10:38:08.700,MO2508-C-7500,1.8,1.6,2.0
2025-08-06,2025-08-06 10:38:09.700,MO2508-C-7500,1.8,1.6,2.0
2025-08-06,2025-08-06 10:38:10.200,MO2508-C-7500,1.8,1.6,2.0
2025-08-06,2025-08-06 10:38:11.200,MO2508-C-7500,1.8,1.6,2.0
2025-08-06,2025-08-06 10:38:14.700,MO2508-C-7500,1.8,1.6,2.0
2025-08-06,2025-08-06 10:38:19.700,MO2508-C-7500,1.8,1.6,2.0
2025-08-06,2025-08-06 10:38:20.200,MO2508-C-7500,1.8,1.6,2.0
2025-08-06,2025-08-06 10:38:20.700,MO2508-C-7500,1.8,1.6,2.0
2025-08-06,2025-08-06 10:38:28.700,MO2508-C-7500,1.8,1.6,2.0
2025-08-06,2025-08-06 10:38:29.700,MO2508-C-7500,1.8,1.6,2.0
2025-08-06,2025-08-06 10:38:30.200,MO2508-C-7500,1.8,1.6,2.0
2025-08-06,2025-08-06 10:38:35.700,MO2508-C-7500,1.8,1.6,2.0
2025-08-06,2025-08-06 10:38:36.700,MO2508-C-7500,1.8,1.6,2.0
2025-08-06,2025-08-06 10:38:37.700,MO2508-C-7500,1.8,1.6,2.0
2025-08-06,2025-08-06 10:38:38.700,MO2508-C-7500,1.8,1.6,2.0
2025-08-06,2025-08-06 10:38:39.700,MO2508-C-7500,1.8,1.6,2.0
2025-08-06,2025-08-06 10:38:40.200,MO2508-C-7500,1.8,1.6,2.0
2025-08-06,2025-08-06 10:38:43.200,MO2508-C-7500,1.8,1.6,2.0
2025-08-06,2025-08-06 10:38:43.700,MO2508-C-7500,1.8,1.6,2.0
2025-08-06,2025-08-06 10:38:44.200,MO2508-C-7500,1.8,1.6,2.0
2025-08-06,2025-08-06 10:38:44.700,MO2508-C-7500,1.8,1.6,2.0
2025-08-06,2025-08-06 10:38:45.200,MO2508-C-7500,1.8,1.6,2.0
2025-08-06,2025-08-06 10:38:49.700,MO2508-C-7500,1.8,1.6,2.0
2025-08-06,2025-08-06 10:38:50.200,MO2508-C-7500,1.8,1.6,2.0
2025-08-06,2025-08-06 10:38:59.700,MO2508-C-7500,1.8,1.6,2.0
2025-08-06,2025-08-06 10:39:00.200,MO2508-C-7500,1.8,1.6,2.0
2025-08-06,2025-08-06 10:39:09.700,MO2508-C-7500,1.8,1.6,2.0
2025-08-06,2025-08-06 10:39:10.200,MO2508-C-7500,1.8,1.6,2.0
2025-08-06,2025-08-06 10:39:19.700,MO2508-C-7500,1.8,1.6,2.0
2025-08-06,2025-08-06 10:39:20.200,MO2508-C-7500,1.8,1.6,2.0
2025-08-06,2025-08-06 10:39:26.200,MO2508-C-7500,1.8,1.6,2.0
2025-08-06,2025-08-06 10:39:26.700,MO2508-C-7500,1.8,1.6,2.0
2025-08-06,2025-08-06 10:39:29.700,MO2508-C-7500,1.8,1.6,2.0
2025-08-06,2025-08-06 10:39:30.200,MO2508-C-7500,1.8,1.6,2.0
2025-08-06,2025-08-06 10:39:39.700,MO2508-C-7500,1.8,1.6,2.0
2025-08-06,2025-08-06 10:39:40.200,MO2508-C-7500,1.8,1.6,2.0
2025-08-06,2025-08-06 10:39:44.200,MO2508-C-7500,1.8,1.6,2.0
2025-08-06,2025-08-06 10:39:49.700,MO2508-C-7500,1.8,1.6,2.0
2025-08-06,2025-08-06 10:39:50.200,MO2508-C-7500,1.8,1.6,2.0
2025-08-06,2025-08-06 10:39:59.700,MO2508-C-7500,1.8,1.6,2.0
2025-08-06,2025-08-06 10:40:00.200,MO2508-C-7500,1.8,1.6,2.0
2025-08-06,2025-08-06 10:40:06.700,MO2508-C-7500,1.8,1.6,2.0
2025-08-06,2025-08-06 10:40:09.700,MO2508-C-7500,1.8,1.6,2.0
2025-08-06,2025-08-06 10:40:10.200,MO2508-C-7500,1.8,1.6,2.0
2025-08-06,2025-08-06 10:40:13.200,MO2508-C-7500,1.8,1.6,2.0
2025-08-06,2025-08-06 10:40:13.700,MO2508-C-7500,1.8,1.6,2.0
2025-08-06,2025-08-06 10:40:14.200,MO2508-C-7500,1.8,1.6,2.0
2025-08-06,2025-08-06 10:40:19.700,MO2508-C-7500,1.8,1.6,2.0
2025-08-06,2025-08-06 10:40:20.200,MO2508-C-7500,1.8,1.6,2.0
2025-08-06,2025-08-06 10:40:26.200,MO2508-C-7500,1.8,1.6,2.0
2025-08-06,2025-08-06 10:40:29.700,MO2508-C-7500,1.8,1.6,2.0
2025-08-06,2025-08-06 10:40:30.200,MO2508-C-7500,1.8,1.6,2.0
2025-08-06,2025-08-06 10:40:30.700,MO2508-C-7500,1.8,1.6,2.0
2025-08-06,2025-08-06 10:40:39.200,MO2508-C-7500,1.8,1.6,2.0
2025-08-06,2025-08-06 10:40:39.700,MO2508-C-7500,1.8,1.6,2.0
2025-08-06,2025-08-06 10:40:40.200,MO2508-C-7500,1.8,1.6,2.0
2025-08-06,2025-08-06 10:40:47.200,MO2508-C-7500,1.8,1.6,2.0
2025-08-06,2025-08-06 10:40:48.700,MO2508-C-7500,1.8,1.6,2.0
2025-08-06,2025-08-06 10:40:49.200,MO2508-C-7500,1.8,1.6,2.0
2025-08-06,2025-08-06 10:40:49.700,MO2508-C-7500,2.0,1.6,2.0
2025-08-06,2025-08-06 10:40:50.200,MO2508-C-7500,2.0,1.6,2.0
2025-08-06,2025-08-06 10:40:55.700,MO2508-C-7500,2.0,1.6,2.0
2025-08-06,2025-08-06 10:40:59.700,MO2508-C-7500,2.0,1.6,2.0
2025-08-06,2025-08-06 10:41:00.200,MO2508-C-7500,2.0,1.6,2.0
2025-08-06,2025-08-06 10:41:01.200,MO2508-C-7500,2.0,1.6,2.0
2025-08-06,2025-08-06 10:41:06.700,MO2508-C-7500,2.0,1.6,2.0
2025-08-06,2025-08-06 10:41:07.200,MO2508-C-7500,2.0,1.6,2.0
2025-08-06,2025-08-06 10:41:09.700,MO2508-C-7500,2.0,1.6,2.0
2025-08-06,2025-08-06 10:41:10.200,MO2508-C-7500,2.0,1.6,2.0
2025-08-06,2025-08-06 10:41:12.200,MO2508-C-7500,2.0,1.6,2.0
2025-08-06,2025-08-06 10:41:12.700,MO2508-C-7500,2.0,1.6,2.0
2025-08-06,2025-08-06 10:41:19.700,MO2508-C-7500,2.0,1.6,2.0
2025-08-06,2025-08-06 10:41:20.200,MO2508-C-7500,2.0,1.6,2.0
2025-08-06,2025-08-06 10:41:29.700,MO2508-C-7500,2.0,1.6,2.0
2025-08-06,2025-08-06 10:41:30.200,MO2508-C-7500,2.0,1.6,2.0
2025-08-06,2025-08-06 10:41:30.700,MO2508-C-7500,2.0,1.6,2.0
2025-08-06,2025-08-06 10:41:32.200,MO2508-C-7500,2.0,1.6,2.0
2025-08-06,2025-08-06 10:41:39.700,MO2508-C-7500,2.0,1.6,2.0
2025-08-06,2025-08-06 10:41:40.200,MO2508-C-7500,2.0,1.6,2.0
2025-08-06,2025-08-06 10:41:49.200,MO2508-C-7500,2.0,1.6,2.0
2025-08-06,2025-08-06 10:41:49.700,MO2508-C-7500,2.0,1.6,2.0
2025-08-06,2025-08-06 10:41:50.200,MO2508-C-7500,2.0,1.6,2.0
2025-08-06,2025-08-06 10:41:59.700,MO2508-C-7500,2.0,1.6,2.0
2025-08-06,2025-08-06 10:42:00.200,MO2508-C-7500,2.0,1.6,2.0
2025-08-06,2025-08-06 10:42:08.700,MO2508-C-7500,2.0,1.6,2.0
2025-08-06,2025-08-06 10:42:09.700,MO2508-C-7500,2.0,1.6,2.0
2025-08-06,2025-08-06 10:42:10.200,MO2508-C-7500,2.0,1.6,2.0
2025-08-06,2025-08-06 10:42:19.700,MO2508-C-7500,2.0,1.6,2.0
2025-08-06,2025-08-06 10:42:20.200,MO2508-C-7500,2.0,1.6,2.0
2025-08-06,2025-08-06 10:42:29.700,MO2508-C-7500,2.0,1.6,2.0
2025-08-06,2025-08-06 10:42:30.200,MO2508-C-7500,2.0,1.6,2.0
2025-08-06,2025-08-06 10:42:39.700,MO2508-C-7500,2.0,1.6,2.0
2025-08-06,2025-08-06 10:42:40.200,MO2508-C-7500,2.0,1.6,2.0
2025-08-06,2025-08-06 10:42:40.700,MO2508-C-7500,2.0,1.6,2.0
2025-08-06,2025-08-06 10:42:44.700,MO2508-C-7500,2.0,1.6,2.0
2025-08-06,2025-08-06 10:42:45.200,MO2508-C-7500,2.0,1.6,2.0
2025-08-06,2025-08-06 10:42:49.700,MO2508-C-7500,2.0,1.6,2.0
2025-08-06,2025-08-06 10:42:50.200,MO2508-C-7500,2.0,1.6,2.0
2025-08-06,2025-08-06 10:42:56.700,MO2508-C-7500,2.0,1.6,2.0
2025-08-06,2025-08-06 10:42:57.700,MO2508-C-7500,2.0,1.6,2.0
2025-08-06,2025-08-06 10:42:58.200,MO2508-C-7500,2.0,1.6,2.0
2025-08-06,2025-08-06 10:42:59.700,MO2508-C-7500,2.0,1.6,2.0
2025-08-06,2025-08-06 10:43:00.200,MO2508-C-7500,2.0,1.6,2.0
2025-08-06,2025-08-06 10:43:01.200,MO2508-C-7500,2.0,1.6,2.0
2025-08-06,2025-08-06 10:43:01.700,MO2508-C-7500,2.0,1.6,2.0
2025-08-06,2025-08-06 10:43:03.200,MO2508-C-7500,2.0,1.8,2.0
2025-08-06,2025-08-06 10:43:03.700,MO2508-C-7500,2.0,1.8,2.0
2025-08-06,2025-08-06 10:43:04.200,MO2508-C-7500,2.0,1.8,2.0
2025-08-06,2025-08-06 10:43:04.700,MO2508-C-7500,2.0,1.8,2.0
2025-08-06,2025-08-06 10:43:09.200,MO2508-C-7500,2.0,1.8,2.0
2025-08-06,2025-08-06 10:43:09.700,MO2508-C-7500,2.0,1.8,2.0
2025-08-06,2025-08-06 10:43:10.200,MO2508-C-7500,2.0,1.8,2.0
2025-08-06,2025-08-06 10:43:12.200,MO2508-C-7500,2.0,1.8,2.0
2025-08-06,2025-08-06 10:43:12.700,MO2508-C-7500,2.0,1.8,2.0
2025-08-06,2025-08-06 10:43:13.200,MO2508-C-7500,2.0,1.8,2.0
2025-08-06,2025-08-06 10:43:14.200,MO2508-C-7500,2.0,1.8,2.0
2025-08-06,2025-08-06 10:43:14.700,MO2508-C-7500,2.0,1.8,2.0
2025-08-06,2025-08-06 10:43:19.700,MO2508-C-7500,2.0,1.8,2.0
2025-08-06,2025-08-06 10:43:20.200,MO2508-C-7500,2.0,1.8,2.0
2025-08-06,2025-08-06 10:43:20.700,MO2508-C-7500,2.0,1.8,2.0
2025-08-06,2025-08-06 10:43:21.200,MO2508-C-7500,2.0,1.8,2.0
2025-08-06,2025-08-06 10:43:23.200,MO2508-C-7500,2.0,1.8,2.0
2025-08-06,2025-08-06 10:43:23.700,MO2508-C-7500,2.0,1.8,2.0
2025-08-06,2025-08-06 10:43:29.700,MO2508-C-7500,2.0,1.8,2.0
2025-08-06,2025-08-06 10:43:30.200,MO2508-C-7500,2.0,1.8,2.0
2025-08-06,2025-08-06 10:43:39.700,MO2508-C-7500,2.0,1.8,2.0
2025-08-06,2025-08-06 10:43:40.200,MO2508-C-7500,2.0,1.8,2.0
2025-08-06,2025-08-06 10:43:49.700,MO2508-C-7500,2.0,1.8,2.0
2025-08-06,2025-08-06 10:43:50.200,MO2508-C-7500,2.0,1.8,2.0
2025-08-06,2025-08-06 10:43:59.700,MO2508-C-7500,2.0,1.8,2.0
2025-08-06,2025-08-06 10:44:00.200,MO2508-C-7500,2.0,1.8,2.0
2025-08-06,2025-08-06 10:44:02.200,MO2508-C-7500,2.0,1.8,2.0
2025-08-06,2025-08-06 10:44:06.200,MO2508-C-7500,2.0,1.8,2.0
2025-08-06,2025-08-06 10:44:07.700,MO2508-C-7500,2.0,1.8,2.0
2025-08-06,2025-08-06 10:44:09.700,MO2508-C-7500,2.0,1.8,2.0
2025-08-06,2025-08-06 10:44:10.200,MO2508-C-7500,2.0,1.8,2.0
2025-08-06,2025-08-06 10:44:11.200,MO2508-C-7500,2.0,1.8,2.0
2025-08-06,2025-08-06 10:44:11.700,MO2508-C-7500,2.0,1.8,2.0
2025-08-06,2025-08-06 10:44:14.700,MO2508-C-7500,2.0,1.8,2.0
2025-08-06,2025-08-06 10:44:17.700,MO2508-C-7500,2.0,1.8,2.0
2025-08-06,2025-08-06 10:44:18.700,MO2508-C-7500,2.0,1.8,2.0
2025-08-06,2025-08-06 10:44:19.700,MO2508-C-7500,2.0,1.8,2.0
2025-08-06,2025-08-06 10:44:20.200,MO2508-C-7500,2.0,1.8,2.0
2025-08-06,2025-08-06 10:44:29.700,MO2508-C-7500,2.0,1.8,2.0
2025-08-06,2025-08-06 10:44:30.200,MO2508-C-7500,2.0,1.8,2.0
2025-08-06,2025-08-06 10:44:39.700,MO2508-C-7500,2.0,1.8,2.0
2025-08-06,2025-08-06 10:44:40.200,MO2508-C-7500,2.0,1.8,2.0
2025-08-06,2025-08-06 10:44:41.700,MO2508-C-7500,2.0,1.8,2.0
2025-08-06,2025-08-06 10:44:43.200,MO2508-C-7500,2.0,1.8,2.0
2025-08-06,2025-08-06 10:44:49.700,MO2508-C-7500,2.0,1.8,2.0
2025-08-06,2025-08-06 10:44:50.200,MO2508-C-7500,2.0,1.8,2.0
2025-08-06,2025-08-06 10:44:59.200,MO2508-C-7500,2.0,1.8,2.0
2025-08-06,2025-08-06 10:44:59.700,MO2508-C-7500,2.0,1.8,2.0
2025-08-06,2025-08-06 10:45:00.200,MO2508-C-7500,2.0,1.6,2.0
2025-08-06,2025-08-06 10:45:00.700,MO2508-C-7500,2.0,1.6,2.0
2025-08-06,2025-08-06 10:45:01.200,MO2508-C-7500,2.0,1.6,2.0
2025-08-06,2025-08-06 10:45:04.700,MO2508-C-7500,2.0,1.6,2.0
2025-08-06,2025-08-06 10:45:05.200,MO2508-C-7500,2.0,1.6,2.0
2025-08-06,2025-08-06 10:45:09.700,MO2508-C-7500,2.0,1.6,2.0
2025-08-06,2025-08-06 10:45:11.200,MO2508-C-7500,2.0,1.6,2.0
2025-08-06,2025-08-06 10:45:11.700,MO2508-C-7500,2.0,1.6,2.0
2025-08-06,2025-08-06 10:45:17.700,MO2508-C-7500,2.0,1.6,2.0
2025-08-06,2025-08-06 10:45:19.700,MO2508-C-7500,2.0,1.6,2.0
2025-08-06,2025-08-06 10:45:20.200,MO2508-C-7500,2.0,1.6,2.0
2025-08-06,2025-08-06 10:45:21.700,MO2508-C-7500,2.0,1.6,2.0
2025-08-06,2025-08-06 10:45:24.200,MO2508-C-7500,2.0,1.6,2.0
2025-08-06,2025-08-06 10:45:25.200,MO2508-C-7500,2.0,1.6,2.0
2025-08-06,2025-08-06 10:45:26.200,MO2508-C-7500,2.0,1.6,2.0
2025-08-06,2025-08-06 10:45:29.700,MO2508-C-7500,2.0,1.6,2.0
2025-08-06,2025-08-06 10:45:30.200,MO2508-C-7500,2.0,1.6,2.0
2025-08-06,2025-08-06 10:45:39.700,MO2508-C-7500,2.0,1.6,2.0
2025-08-06,2025-08-06 10:45:40.200,MO2508-C-7500,2.0,1.6,2.0
2025-08-06,2025-08-06 10:45:44.700,MO2508-C-7500,2.0,1.6,2.0
2025-08-06,2025-08-06 10:45:45.200,MO2508-C-7500,2.0,1.6,2.0
2025-08-06,2025-08-06 10:45:45.700,MO2508-C-7500,2.0,1.6,2.0
2025-08-06,2025-08-06 10:45:48.700,MO2508-C-7500,2.0,1.6,2.0
2025-08-06,2025-08-06 10:45:49.700,MO2508-C-7500,2.0,1.6,2.0
2025-08-06,2025-08-06 10:45:50.200,MO2508-C-7500,2.0,1.6,2.0
2025-08-06,2025-08-06 10:45:59.700,MO2508-C-7500,2.0,1.6,2.0
2025-08-06,2025-08-06 10:46:00.200,MO2508-C-7500,2.0,1.6,2.0
2025-08-06,2025-08-06 10:46:09.700,MO2508-C-7500,2.0,1.6,2.0
2025-08-06,2025-08-06 10:46:10.200,MO2508-C-7500,2.0,1.6,2.0
2025-08-06,2025-08-06 10:46:19.700,MO2508-C-7500,2.0,1.6,2.0
2025-08-06,2025-08-06 10:46:20.200,MO2508-C-7500,2.0,1.6,2.0
2025-08-06,2025-08-06 10:46:29.700,MO2508-C-7500,2.0,1.6,2.0
2025-08-06,2025-08-06 10:46:30.200,MO2508-C-7500,2.0,1.6,2.0
2025-08-06,2025-08-06 10:46:39.700,MO2508-C-7500,2.0,1.6,2.0
2025-08-06,2025-08-06 10:46:40.200,MO2508-C-7500,2.0,1.6,2.0
2025-08-06,2025-08-06 10:46:40.700,MO2508-C-7500,2.0,1.6,2.0
2025-08-06,2025-08-06 10:46:54.700,MO2508-C-7500,2.0,1.6,2.0
2025-08-06,2025-08-06 10:46:58.700,MO2508-C-7500,2.0,1.6,2.0
2025-08-06,2025-08-06 10:47:18.200,MO2508-C-7500,2.0,1.6,2.0
2025-08-06,2025-08-06 10:47:25.700,MO2508-C-7500,2.0,1.6,2.0
2025-08-06,2025-08-06 10:47:34.200,MO2508-C-7500,2.0,1.6,2.0
2025-08-06,2025-08-06 10:47:52.200,MO2508-C-7500,2.0,1.6,2.0
2025-08-06,2025-08-06 10:47:56.700,MO2508-C-7500,2.0,1.6,2.0
2025-08-06,2025-08-06 10:48:12.700,MO2508-C-7500,2.0,1.6,2.0
2025-08-06,2025-08-06 10:48:19.700,MO2508-C-7500,2.0,1.6,2.0
2025-08-06,2025-08-06 10:48:21.200,MO2508-C-7500,2.0,1.6,2.0
2025-08-06,2025-08-06 10:48:22.200,MO2508-C-7500,2.0,1.6,2.0
2025-08-06,2025-08-06 10:48:31.200,MO2508-C-7500,2.0,1.6,2.0
2025-08-06,2025-08-06 10:48:58.200,MO2508-C-7500,2.0,1.6,2.0
2025-08-06,2025-08-06 10:49:15.700,MO2508-C-7500,2.0,1.6,2.0
2025-08-06,2025-08-06 10:49:16.700,MO2508-C-7500,2.0,1.6,2.0
2025-08-06,2025-08-06 10:49:18.200,MO2508-C-7500,2.0,1.6,2.0
2025-08-06,2025-08-06 10:49:19.700,MO2508-C-7500,2.0,1.6,2.0
2025-08-06,2025-08-06 10:49:24.200,MO2508-C-7500,2.0,1.6,2.0
2025-08-06,2025-08-06 10:49:26.200,MO2508-C-7500,2.0,1.6,2.0
2025-08-06,2025-08-06 10:49:27.700,MO2508-C-7500,2.0,1.6,2.0
2025-08-06,2025-08-06 10:49:34.200,MO2508-C-7500,2.0,1.6,2.0
2025-08-06,2025-08-06 10:49:38.200,MO2508-C-7500,2.0,1.6,2.0
2025-08-06,2025-08-06 10:49:48.200,MO2508-C-7500,2.0,1.6,2.0
2025-08-06,2025-08-06 10:49:48.700,MO2508-C-7500,2.0,1.6,2.0
2025-08-06,2025-08-06 10:49:50.200,MO2508-C-7500,2.0,1.6,2.0
2025-08-06,2025-08-06 10:49:56.200,MO2508-C-7500,2.0,1.6,2.0
2025-08-06,2025-08-06 10:50:00.200,MO2508-C-7500,2.0,1.6,2.0
2025-08-06,2025-08-06 10:50:01.200,MO2508-C-7500,2.0,1.6,2.0
2025-08-06,2025-08-06 10:50:02.200,MO2508-C-7500,2.0,1.6,2.0
2025-08-06,2025-08-06 10:50:02.700,MO2508-C-7500,2.0,1.6,2.0
2025-08-06,2025-08-06 10:50:03.700,MO2508-C-7500,2.0,1.6,2.0
2025-08-06,2025-08-06 10:50:05.700,MO2508-C-7500,2.0,1.6,2.0
2025-08-06,2025-08-06 10:50:10.200,MO2508-C-7500,2.0,1.6,2.0
2025-08-06,2025-08-06 10:50:24.200,MO2508-C-7500,2.0,1.6,2.0
2025-08-06,2025-08-06 10:50:25.200,MO2508-C-7500,2.0,1.6,2.0
2025-08-06,2025-08-06 10:50:42.200,MO2508-C-7500,2.0,1.8,2.0
2025-08-06,2025-08-06 10:50:42.700,MO2508-C-7500,2.0,1.8,2.0
2025-08-06,2025-08-06 10:50:44.200,MO2508-C-7500,2.0,1.8,2.0
2025-08-06,2025-08-06 10:50:44.700,MO2508-C-7500,2.0,1.8,2.0
2025-08-06,2025-08-06 10:50:50.700,MO2508-C-7500,2.0,1.8,2.0
2025-08-06,2025-08-06 10:50:51.200,MO2508-C-7500,2.0,1.8,2.0
2025-08-06,2025-08-06 10:50:51.700,MO2508-C-7500,2.0,1.8,2.0
2025-08-06,2025-08-06 10:50:55.700,MO2508-C-7500,2.0,1.8,2.0
2025-08-06,2025-08-06 10:50:56.200,MO2508-C-7500,2.0,1.8,2.0
2025-08-06,2025-08-06 10:50:57.200,MO2508-C-7500,2.0,1.8,2.0
2025-08-06,2025-08-06 10:50:57.700,MO2508-C-7500,2.0,1.8,2.0
2025-08-06,2025-08-06 10:50:58.200,MO2508-C-7500,2.0,1.8,2.0
2025-08-06,2025-08-06 10:50:58.700,MO2508-C-7500,2.0,1.8,2.0
2025-08-06,2025-08-06 10:50:59.200,MO2508-C-7500,2.0,1.8,2.0
2025-08-06,2025-08-06 10:50:59.700,MO2508-C-7500,2.0,1.8,2.0
2025-08-06,2025-08-06 10:51:00.200,MO2508-C-7500,2.0,1.8,2.0
2025-08-06,2025-08-06 10:51:01.700,MO2508-C-7500,2.0,1.8,2.0
2025-08-06,2025-08-06 10:51:04.700,MO2508-C-7500,2.0,1.8,2.0
2025-08-06,2025-08-06 10:51:06.700,MO2508-C-7500,2.0,1.8,2.0
2025-08-06,2025-08-06 10:51:17.700,MO2508-C-7500,2.0,1.8,2.0
2025-08-06,2025-08-06 10:51:18.200,MO2508-C-7500,2.0,1.8,2.0
2025-08-06,2025-08-06 10:51:54.200,MO2508-C-7500,2.0,1.8,2.0
2025-08-06,2025-08-06 10:51:57.700,MO2508-C-7500,2.0,1.8,2.0
2025-08-06,2025-08-06 10:51:58.200,MO2508-C-7500,2.0,1.8,2.0
2025-08-06,2025-08-06 10:52:02.200,MO2508-C-7500,2.0,1.8,2.0
2025-08-06,2025-08-06 10:52:07.700,MO2508-C-7500,2.0,1.8,2.0
2025-08-06,2025-08-06 10:52:08.200,MO2508-C-7500,2.0,1.8,2.0
2025-08-06,2025-08-06 10:52:19.200,MO2508-C-7500,2.0,1.8,2.0
2025-08-06,2025-08-06 10:52:38.700,MO2508-C-7500,2.0,1.8,2.0
2025-08-06,2025-08-06 10:52:39.200,MO2508-C-7500,2.0,1.6,2.0
2025-08-06,2025-08-06 10:52:39.700,MO2508-C-7500,2.0,1.6,2.0
2025-08-06,2025-08-06 10:52:50.200,MO2508-C-7500,2.0,1.6,2.0
2025-08-06,2025-08-06 10:52:50.700,MO2508-C-7500,2.0,1.6,2.0
2025-08-06,2025-08-06 10:53:09.200,MO2508-C-7500,2.0,1.6,2.0
2025-08-06,2025-08-06 10:53:09.700,MO2508-C-7500,2.0,1.6,2.0
2025-08-06,2025-08-06 10:53:10.200,MO2508-C-7500,2.0,1.6,2.0
2025-08-06,2025-08-06 10:53:10.700,MO2508-C-7500,2.0,1.6,2.0
2025-08-06,2025-08-06 10:53:11.700,MO2508-C-7500,2.0,1.6,2.0
2025-08-06,2025-08-06 10:53:13.200,MO2508-C-7500,2.0,1.6,2.0
2025-08-06,2025-08-06 10:53:17.700,MO2508-C-7500,2.0,1.6,2.0
2025-08-06,2025-08-06 10:53:18.700,MO2508-C-7500,2.0,1.6,2.0
2025-08-06,2025-08-06 10:53:19.200,MO2508-C-7500,2.0,1.6,2.0
2025-08-06,2025-08-06 10:53:20.200,MO2508-C-7500,2.0,1.6,2.0
2025-08-06,2025-08-06 10:53:25.200,MO2508-C-7500,2.0,1.6,2.0
2025-08-06,2025-08-06 10:53:27.700,MO2508-C-7500,2.0,1.6,2.0
2025-08-06,2025-08-06 10:53:28.200,MO2508-C-7500,2.0,1.6,2.0
2025-08-06,2025-08-06 10:53:44.700,MO2508-C-7500,2.0,1.6,2.0
2025-08-06,2025-08-06 10:53:45.200,MO2508-C-7500,2.0,1.6,2.0
2025-08-06,2025-08-06 10:53:47.700,MO2508-C-7500,2.0,1.6,2.0
2025-08-06,2025-08-06 10:53:48.200,MO2508-C-7500,2.0,1.6,2.0
2025-08-06,2025-08-06 10:53:49.200,MO2508-C-7500,2.0,1.6,2.0
2025-08-06,2025-08-06 10:53:51.200,MO2508-C-7500,2.0,1.6,2.0
2025-08-06,2025-08-06 10:53:53.200,MO2508-C-7500,2.0,1.6,2.0
2025-08-06,2025-08-06 10:53:54.200,MO2508-C-7500,2.0,1.6,2.0
2025-08-06,2025-08-06 10:53:55.200,MO2508-C-7500,2.0,1.6,2.0
2025-08-06,2025-08-06 10:53:57.700,MO2508-C-7500,2.0,1.6,2.0
2025-08-06,2025-08-06 10:53:58.200,MO2508-C-7500,2.0,1.6,2.0
2025-08-06,2025-08-06 10:53:59.200,MO2508-C-7500,2.0,1.6,2.0
2025-08-06,2025-08-06 10:54:00.200,MO2508-C-7500,2.0,1.6,2.0
2025-08-06,2025-08-06 10:54:00.700,MO2508-C-7500,2.0,1.6,2.0
2025-08-06,2025-08-06 10:54:01.200,MO2508-C-7500,2.0,1.6,2.0
2025-08-06,2025-08-06 10:54:01.700,MO2508-C-7500,2.0,1.6,2.0
2025-08-06,2025-08-06 10:54:02.200,MO2508-C-7500,2.0,1.6,2.0
2025-08-06,2025-08-06 10:54:07.700,MO2508-C-7500,2.0,1.6,2.0
2025-08-06,2025-08-06 10:54:08.200,MO2508-C-7500,2.0,1.6,2.0
2025-08-06,2025-08-06 10:54:17.700,MO2508-C-7500,2.0,1.6,2.0
2025-08-06,2025-08-06 10:54:18.200,MO2508-C-7500,2.0,1.6,2.0
2025-08-06,2025-08-06 10:54:18.700,MO2508-C-7500,2.0,1.6,2.0
2025-08-06,2025-08-06 10:54:20.700,MO2508-C-7500,2.0,1.6,2.0
2025-08-06,2025-08-06 10:54:23.700,MO2508-C-7500,2.0,1.6,2.0
2025-08-06,2025-08-06 10:54:24.200,MO2508-C-7500,2.0,1.6,2.0
2025-08-06,2025-08-06 10:54:25.200,MO2508-C-7500,2.0,1.6,2.0
2025-08-06,2025-08-06 10:54:30.200,MO2508-C-7500,2.0,1.6,2.0
2025-08-06,2025-08-06 10:54:30.700,MO2508-C-7500,2.0,1.6,2.0
2025-08-06,2025-08-06 10:54:35.700,MO2508-C-7500,2.0,1.6,2.0
2025-08-06,2025-08-06 10:54:43.200,MO2508-C-7500,2.0,1.6,2.0
2025-08-06,2025-08-06 10:54:46.200,MO2508-C-7500,2.0,1.6,2.0
2025-08-06,2025-08-06 10:54:48.200,MO2508-C-7500,2.0,1.6,2.0
2025-08-06,2025-08-06 10:54:48.700,MO2508-C-7500,2.0,1.6,2.0
2025-08-06,2025-08-06 10:54:50.200,MO2508-C-7500,2.0,1.6,2.0
2025-08-06,2025-08-06 10:54:51.700,MO2508-C-7500,2.0,1.6,2.0
2025-08-06,2025-08-06 10:54:52.200,MO2508-C-7500,2.0,1.6,2.0
2025-08-06,2025-08-06 10:54:58.700,MO2508-C-7500,2.0,1.6,2.0
2025-08-06,2025-08-06 10:55:07.200,MO2508-C-7500,2.0,1.6,2.0
2025-08-06,2025-08-06 10:55:07.700,MO2508-C-7500,2.0,1.6,2.0
2025-08-06,2025-08-06 10:55:12.200,MO2508-C-7500,2.0,1.6,2.0
2025-08-06,2025-08-06 10:55:34.200,MO2508-C-7500,2.0,1.6,2.0
2025-08-06,2025-08-06 10:55:34.700,MO2508-C-7500,2.0,1.6,2.0
2025-08-06,2025-08-06 10:55:35.700,MO2508-C-7500,2.0,1.6,2.0
2025-08-06,2025-08-06 10:55:36.200,MO2508-C-7500,2.0,1.8,2.0
2025-08-06,2025-08-06 10:55:36.700,MO2508-C-7500,2.0,1.8,2.0
2025-08-06,2025-08-06 10:55:37.200,MO2508-C-7500,2.0,1.8,2.0
2025-08-06,2025-08-06 10:55:37.700,MO2508-C-7500,2.0,1.8,2.0
2025-08-06,2025-08-06 10:55:44.700,MO2508-C-7500,2.0,1.8,2.0
2025-08-06,2025-08-06 10:55:45.200,MO2508-C-7500,2.0,1.8,2.0
2025-08-06,2025-08-06 10:55:48.200,MO2508-C-7500,2.0,1.8,2.0
2025-08-06,2025-08-06 10:55:48.700,MO2508-C-7500,2.0,1.8,2.0
2025-08-06,2025-08-06 10:55:52.200,MO2508-C-7500,1.8,1.8,2.0
2025-08-06,2025-08-06 10:55:52.700,MO2508-C-7500,1.8,1.8,2.0
2025-08-06,2025-08-06 10:55:54.700,MO2508-C-7500,1.8,1.8,2.0
2025-08-06,2025-08-06 10:55:55.200,MO2508-C-7500,1.8,1.8,2.0
2025-08-06,2025-08-06 10:55:55.700,MO2508-C-7500,1.8,1.8,2.0
2025-08-06,2025-08-06 10:56:07.700,MO2508-C-7500,1.8,1.8,2.0
2025-08-06,2025-08-06 10:56:08.200,MO2508-C-7500,1.8,1.8,2.0
2025-08-06,2025-08-06 10:56:08.700,MO2508-C-7500,1.8,1.8,2.0
2025-08-06,2025-08-06 10:56:28.200,MO2508-C-7500,1.8,1.8,2.0
2025-08-06,2025-08-06 10:56:28.700,MO2508-C-7500,1.8,1.8,2.0
2025-08-06,2025-08-06 10:56:29.200,MO2508-C-7500,2.0,1.8,2.0
2025-08-06,2025-08-06 10:56:29.700,MO2508-C-7500,2.0,1.8,2.0
2025-08-06,2025-08-06 10:56:32.700,MO2508-C-7500,2.0,1.8,2.0
2025-08-06,2025-08-06 10:56:33.200,MO2508-C-7500,2.0,1.8,2.0
2025-08-06,2025-08-06 10:56:34.200,MO2508-C-7500,2.0,1.8,2.0
2025-08-06,2025-08-06 10:56:39.700,MO2508-C-7500,2.0,1.8,2.0
2025-08-06,2025-08-06 10:56:40.200,MO2508-C-7500,2.0,1.8,2.0
2025-08-06,2025-08-06 10:56:40.700,MO2508-C-7500,2.0,1.8,2.0
2025-08-06,2025-08-06 10:56:41.200,MO2508-C-7500,2.0,1.8,2.0
2025-08-06,2025-08-06 10:56:49.200,MO2508-C-7500,1.8,1.6,2.0
2025-08-06,2025-08-06 10:56:49.700,MO2508-C-7500,1.8,1.6,2.0
2025-08-06,2025-08-06 10:57:00.200,MO2508-C-7500,1.8,1.6,2.0
2025-08-06,2025-08-06 10:57:00.700,MO2508-C-7500,1.8,1.6,2.0
2025-08-06,2025-08-06 10:57:16.200,MO2508-C-7500,1.8,1.6,2.0
2025-08-06,2025-08-06 10:57:16.700,MO2508-C-7500,1.8,1.6,2.0
2025-08-06,2025-08-06 10:57:17.200,MO2508-C-7500,1.8,1.6,2.0
2025-08-06,2025-08-06 10:57:32.700,MO2508-C-7500,1.8,1.6,2.0
2025-08-06,2025-08-06 10:57:37.700,MO2508-C-7500,1.8,1.6,2.0
2025-08-06,2025-08-06 10:57:38.200,MO2508-C-7500,1.8,1.6,2.0
2025-08-06,2025-08-06 10:57:39.700,MO2508-C-7500,1.8,1.6,2.0
2025-08-06,2025-08-06 10:57:40.200,MO2508-C-7500,1.8,1.6,2.0
2025-08-06,2025-08-06 10:57:40.700,MO2508-C-7500,1.8,1.6,2.0
2025-08-06,2025-08-06 10:57:47.200,MO2508-C-7500,1.8,1.6,2.0
2025-08-06,2025-08-06 10:57:54.200,MO2508-C-7500,1.8,1.6,2.0
2025-08-06,2025-08-06 10:57:58.700,MO2508-C-7500,1.8,1.6,2.0
2025-08-06,2025-08-06 10:57:59.200,MO2508-C-7500,1.8,1.6,2.0
2025-08-06,2025-08-06 10:58:03.700,MO2508-C-7500,1.8,1.6,2.0
2025-08-06,2025-08-06 10:58:06.200,MO2508-C-7500,1.8,1.6,2.0
2025-08-06,2025-08-06 10:58:08.200,MO2508-C-7500,1.8,1.6,2.0
2025-08-06,2025-08-06 10:58:08.700,MO2508-C-7500,1.8,1.6,2.0
2025-08-06,2025-08-06 10:58:28.700,MO2508-C-7500,1.8,1.6,2.0
2025-08-06,2025-08-06 10:58:34.200,MO2508-C-7500,1.8,1.6,2.0
2025-08-06,2025-08-06 10:58:35.700,MO2508-C-7500,1.8,1.6,2.0
2025-08-06,2025-08-06 10:58:48.200,MO2508-C-7500,1.8,1.6,2.0
2025-08-06,2025-08-06 10:58:48.700,MO2508-C-7500,1.8,1.6,2.0
2025-08-06,2025-08-06 10:58:49.700,MO2508-C-7500,2.0,1.6,2.0
2025-08-06,2025-08-06 10:58:54.700,MO2508-C-7500,2.0,1.6,2.0
2025-08-06,2025-08-06 10:58:55.200,MO2508-C-7500,2.0,1.6,2.0
2025-08-06,2025-08-06 10:58:55.700,MO2508-C-7500,2.0,1.6,2.0
2025-08-06,2025-08-06 10:58:58.200,MO2508-C-7500,2.0,1.6,2.0
2025-08-06,2025-08-06 10:58:58.700,MO2508-C-7500,2.0,1.6,2.0
2025-08-06,2025-08-06 10:59:02.200,MO2508-C-7500,2.0,1.6,2.0
2025-08-06,2025-08-06 10:59:02.700,MO2508-C-7500,2.0,1.6,2.0
2025-08-06,2025-08-06 10:59:03.700,MO2508-C-7500,2.0,1.6,2.0
2025-08-06,2025-08-06 10:59:04.200,MO2508-C-7500,2.0,1.6,2.0
2025-08-06,2025-08-06 10:59:04.700,MO2508-C-7500,2.0,1.6,2.0
2025-08-06,2025-08-06 10:59:06.700,MO2508-C-7500,2.0,1.6,2.0
2025-08-06,2025-08-06 10:59:07.200,MO2508-C-7500,2.0,1.6,2.0
2025-08-06,2025-08-06 10:59:08.200,MO2508-C-7500,2.0,1.6,2.0
2025-08-06,2025-08-06 10:59:08.700,MO2508-C-7500,2.0,1.6,2.0
2025-08-06,2025-08-06 10:59:13.200,MO2508-C-7500,2.0,1.6,2.0
2025-08-06,2025-08-06 10:59:14.200,MO2508-C-7500,2.0,1.6,2.0
2025-08-06,2025-08-06 10:59:14.700,MO2508-C-7500,2.0,1.6,2.0
2025-08-06,2025-08-06 10:59:15.200,MO2508-C-7500,2.0,1.6,2.0
2025-08-06,2025-08-06 10:59:18.200,MO2508-C-7500,2.0,1.6,2.0
2025-08-06,2025-08-06 10:59:18.700,MO2508-C-7500,2.0,1.6,2.0
2025-08-06,2025-08-06 10:59:20.200,MO2508-C-7500,2.0,1.6,2.0
2025-08-06,2025-08-06 10:59:20.700,MO2508-C-7500,2.0,1.6,2.0
2025-08-06,2025-08-06 10:59:21.200,MO2508-C-7500,2.0,1.6,2.0
2025-08-06,2025-08-06 10:59:24.200,MO2508-C-7500,2.0,1.6,2.0
2025-08-06,2025-08-06 10:59:26.200,MO2508-C-7500,2.0,1.6,2.0
2025-08-06,2025-08-06 10:59:27.700,MO2508-C-7500,2.0,1.6,2.0
2025-08-06,2025-08-06 10:59:28.200,MO2508-C-7500,2.0,1.6,2.0
2025-08-06,2025-08-06 10:59:28.700,MO2508-C-7500,2.0,1.6,2.0
2025-08-06,2025-08-06 10:59:35.700,MO2508-C-7500,2.0,1.6,2.0
2025-08-06,2025-08-06 10:59:36.200,MO2508-C-7500,2.0,1.6,2.0
2025-08-06,2025-08-06 10:59:37.200,MO2508-C-7500,2.0,1.6,2.0
2025-08-06,2025-08-06 10:59:48.200,MO2508-C-7500,2.0,1.6,2.0
2025-08-06,2025-08-06 10:59:48.700,MO2508-C-7500,2.0,1.6,2.0
2025-08-06,2025-08-06 10:59:57.700,MO2508-C-7500,2.0,1.6,2.0
2025-08-06,2025-08-06 10:59:58.200,MO2508-C-7500,2.0,1.6,2.0
2025-08-06,2025-08-06 10:59:58.700,MO2508-C-7500,2.0,1.6,2.0
2025-08-06,2025-08-06 11:00:08.200,MO2508-C-7500,2.0,1.6,2.0
2025-08-06,2025-08-06 11:00:08.700,MO2508-C-7500,2.0,1.6,2.0
2025-08-06,2025-08-06 11:00:09.700,MO2508-C-7500,2.0,1.6,2.0
2025-08-06,2025-08-06 11:00:11.200,MO2508-C-7500,2.0,1.6,2.0
2025-08-06,2025-08-06 11:00:11.700,MO2508-C-7500,2.0,1.6,2.0
2025-08-06,2025-08-06 11:00:12.200,MO2508-C-7500,2.0,1.6,2.0
2025-08-06,2025-08-06 11:00:13.200,MO2508-C-7500,2.0,1.6,2.0
2025-08-06,2025-08-06 11:00:14.700,MO2508-C-7500,2.0,1.6,2.0
2025-08-06,2025-08-06 11:00:18.200,MO2508-C-7500,2.0,1.6,2.0
2025-08-06,2025-08-06 11:00:18.700,MO2508-C-7500,2.0,1.6,2.0
2025-08-06,2025-08-06 11:00:23.200,MO2508-C-7500,2.0,1.6,2.0
2025-08-06,2025-08-06 11:00:23.700,MO2508-C-7500,2.0,1.6,2.0
2025-08-06,2025-08-06 11:00:28.200,MO2508-C-7500,2.0,1.6,2.0
2025-08-06,2025-08-06 11:00:28.700,MO2508-C-7500,2.0,1.6,2.0
2025-08-06,2025-08-06 11:00:38.200,MO2508-C-7500,2.0,1.6,2.0
2025-08-06,2025-08-06 11:00:38.700,MO2508-C-7500,2.0,1.6,2.0
2025-08-06,2025-08-06 11:00:48.200,MO2508-C-7500,2.0,1.6,2.0
2025-08-06,2025-08-06 11:00:48.700,MO2508-C-7500,2.0,1.6,2.0
2025-08-06,2025-08-06 11:00:58.200,MO2508-C-7500,2.0,1.6,2.0
2025-08-06,2025-08-06 11:00:58.700,MO2508-C-7500,2.0,1.6,2.0
2025-08-06,2025-08-06 11:01:01.200,MO2508-C-7500,2.0,1.6,2.0
2025-08-06,2025-08-06 11:01:02.200,MO2508-C-7500,2.0,1.6,2.0
2025-08-06,2025-08-06 11:01:08.200,MO2508-C-7500,2.0,1.6,2.0
2025-08-06,2025-08-06 11:01:08.700,MO2508-C-7500,2.0,1.6,2.0
2025-08-06,2025-08-06 11:01:14.700,MO2508-C-7500,2.0,1.6,2.0
2025-08-06,2025-08-06 11:01:16.700,MO2508-C-7500,2.0,1.6,2.0
2025-08-06,2025-08-06 11:01:18.200,MO2508-C-7500,2.0,1.6,2.0
2025-08-06,2025-08-06 11:01:18.700,MO2508-C-7500,2.0,1.6,2.0
2025-08-06,2025-08-06 11:01:19.200,MO2508-C-7500,2.0,1.6,2.0
2025-08-06,2025-08-06 11:01:21.700,MO2508-C-7500,2.0,1.6,2.0
2025-08-06,2025-08-06 11:01:28.200,MO2508-C-7500,2.0,1.6,2.0
2025-08-06,2025-08-06 11:01:28.700,MO2508-C-7500,2.0,1.6,2.0
2025-08-06,2025-08-06 11:01:30.200,MO2508-C-7500,2.0,1.6,2.0
2025-08-06,2025-08-06 11:01:32.700,MO2508-C-7500,2.0,1.6,2.0
2025-08-06,2025-08-06 11:01:33.700,MO2508-C-7500,2.0,1.6,2.0
2025-08-06,2025-08-06 11:01:34.200,MO2508-C-7500,2.0,1.6,2.0
2025-08-06,2025-08-06 11:01:38.200,MO2508-C-7500,2.0,1.6,2.0
2025-08-06,2025-08-06 11:01:38.700,MO2508-C-7500,2.0,1.6,2.0
2025-08-06,2025-08-06 11:01:42.200,MO2508-C-7500,2.0,1.6,2.0
2025-08-06,2025-08-06 11:01:47.700,MO2508-C-7500,2.0,1.6,2.0
2025-08-06,2025-08-06 11:01:48.200,MO2508-C-7500,2.0,1.6,2.0
2025-08-06,2025-08-06 11:01:48.700,MO2508-C-7500,2.0,1.6,2.0
2025-08-06,2025-08-06 11:01:49.200,MO2508-C-7500,2.0,1.6,2.0
2025-08-06,2025-08-06 11:01:55.200,MO2508-C-7500,2.0,1.6,2.0
2025-08-06,2025-08-06 11:01:55.700,MO2508-C-7500,2.0,1.6,1.8
2025-08-06,2025-08-06 11:01:56.200,MO2508-C-7500,2.0,1.6,1.8
2025-08-06,2025-08-06 11:01:56.700,MO2508-C-7500,2.0,1.6,1.8
2025-08-06,2025-08-06 11:01:57.200,MO2508-C-7500,2.0,1.6,1.8
2025-08-06,2025-08-06 11:01:58.200,MO2508-C-7500,2.0,1.6,1.8
2025-08-06,2025-08-06 11:01:58.700,MO2508-C-7500,2.0,1.6,1.8
2025-08-06,2025-08-06 11:01:59.200,MO2508-C-7500,1.8,1.6,1.8
2025-08-06,2025-08-06 11:02:04.200,MO2508-C-7500,1.8,1.6,1.8
2025-08-06,2025-08-06 11:02:04.700,MO2508-C-7500,1.8,1.6,1.8
2025-08-06,2025-08-06 11:02:06.200,MO2508-C-7500,1.8,1.6,1.8
2025-08-06,2025-08-06 11:02:08.200,MO2508-C-7500,1.8,1.6,1.8
2025-08-06,2025-08-06 11:02:08.700,MO2508-C-7500,1.8,1.6,1.8
2025-08-06,2025-08-06 11:02:09.200,MO2508-C-7500,1.8,1.6,1.8
2025-08-06,2025-08-06 11:02:09.700,MO2508-C-7500,1.8,1.6,1.8
2025-08-06,2025-08-06 11:02:18.200,MO2508-C-7500,1.8,1.6,1.8
2025-08-06,2025-08-06 11:02:18.700,MO2508-C-7500,1.8,1.6,1.8
2025-08-06,2025-08-06 11:02:28.200,MO2508-C-7500,1.6,1.6,1.8
2025-08-06,2025-08-06 11:02:28.700,MO2508-C-7500,1.6,1.6,1.8
2025-08-06,2025-08-06 11:02:29.200,MO2508-C-7500,1.8,1.6,1.8
2025-08-06,2025-08-06 11:02:38.200,MO2508-C-7500,1.8,1.6,1.8
2025-08-06,2025-08-06 11:02:38.700,MO2508-C-7500,1.8,1.6,1.8
2025-08-06,2025-08-06 11:02:46.700,MO2508-C-7500,1.8,1.6,1.8
2025-08-06,2025-08-06 11:02:47.700,MO2508-C-7500,1.8,1.6,1.8
2025-08-06,2025-08-06 11:02:48.200,MO2508-C-7500,1.8,1.6,1.8
2025-08-06,2025-08-06 11:02:48.700,MO2508-C-7500,1.8,1.6,1.8
2025-08-06,2025-08-06 11:02:58.200,MO2508-C-7500,1.8,1.6,1.8
2025-08-06,2025-08-06 11:02:58.700,MO2508-C-7500,1.8,1.6,1.8
2025-08-06,2025-08-06 11:03:08.200,MO2508-C-7500,1.8,1.6,1.8
2025-08-06,2025-08-06 11:03:08.700,MO2508-C-7500,1.8,1.6,1.8
2025-08-06,2025-08-06 11:03:12.200,MO2508-C-7500,1.8,1.6,1.8
2025-08-06,2025-08-06 11:03:14.700,MO2508-C-7500,1.8,1.6,1.8
2025-08-06,2025-08-06 11:03:15.200,MO2508-C-7500,1.8,1.6,1.8
2025-08-06,2025-08-06 11:03:18.200,MO2508-C-7500,1.8,1.6,1.8
2025-08-06,2025-08-06 11:03:18.700,MO2508-C-7500,1.8,1.6,1.8
2025-08-06,2025-08-06 11:03:26.200,MO2508-C-7500,1.8,1.6,1.8
2025-08-06,2025-08-06 11:03:28.200,MO2508-C-7500,1.8,1.6,1.8
2025-08-06,2025-08-06 11:03:28.700,MO2508-C-7500,1.8,1.6,1.8
2025-08-06,2025-08-06 11:03:29.200,MO2508-C-7500,1.8,1.6,1.8
2025-08-06,2025-08-06 11:03:31.200,MO2508-C-7500,1.8,1.6,1.8
2025-08-06,2025-08-06 11:03:38.200,MO2508-C-7500,1.8,1.6,1.8
2025-08-06,2025-08-06 11:03:38.700,MO2508-C-7500,1.8,1.6,1.8
2025-08-06,2025-08-06 11:03:39.200,MO2508-C-7500,1.8,1.6,1.8
2025-08-06,2025-08-06 11:03:42.700,MO2508-C-7500,1.8,1.6,1.8
2025-08-06,2025-08-06 11:03:43.200,MO2508-C-7500,1.8,1.6,1.8
2025-08-06,2025-08-06 11:03:48.200,MO2508-C-7500,1.8,1.6,1.8
2025-08-06,2025-08-06 11:03:48.700,MO2508-C-7500,1.8,1.6,1.8
2025-08-06,2025-08-06 11:03:49.200,MO2508-C-7500,1.8,1.6,1.8
2025-08-06,2025-08-06 11:03:50.200,MO2508-C-7500,1.8,1.6,1.8
2025-08-06,2025-08-06 11:03:58.200,MO2508-C-7500,1.8,1.6,1.8
2025-08-06,2025-08-06 11:03:58.700,MO2508-C-7500,1.8,1.6,1.8
2025-08-06,2025-08-06 11:04:08.200,MO2508-C-7500,1.8,1.6,1.8
2025-08-06,2025-08-06 11:04:08.700,MO2508-C-7500,1.8,1.6,1.8
2025-08-06,2025-08-06 11:04:18.200,MO2508-C-7500,1.8,1.6,1.8
2025-08-06,2025-08-06 11:04:18.700,MO2508-C-7500,1.8,1.6,1.8
2025-08-06,2025-08-06 11:04:28.200,MO2508-C-7500,1.8,1.6,1.8
2025-08-06,2025-08-06 11:04:28.700,MO2508-C-7500,1.8,1.6,1.8
2025-08-06,2025-08-06 11:04:38.200,MO2508-C-7500,1.8,1.6,1.8
2025-08-06,2025-08-06 11:04:38.700,MO2508-C-7500,1.8,1.6,1.8
2025-08-06,2025-08-06 11:04:48.200,MO2508-C-7500,1.8,1.6,1.8
2025-08-06,2025-08-06 11:04:48.700,MO2508-C-7500,1.8,1.6,1.8
2025-08-06,2025-08-06 11:04:58.200,MO2508-C-7500,1.8,1.6,1.8
2025-08-06,2025-08-06 11:04:58.700,MO2508-C-7500,1.8,1.6,1.8
2025-08-06,2025-08-06 11:05:08.200,MO2508-C-7500,1.8,1.6,1.8
2025-08-06,2025-08-06 11:05:08.700,MO2508-C-7500,1.8,1.6,1.8
2025-08-06,2025-08-06 11:05:09.200,MO2508-C-7500,1.8,1.6,1.8
2025-08-06,2025-08-06 11:05:09.700,MO2508-C-7500,1.8,1.6,1.8
2025-08-06,2025-08-06 11:05:18.200,MO2508-C-7500,1.8,1.6,1.8
2025-08-06,2025-08-06 11:05:18.700,MO2508-C-7500,1.8,1.6,1.8
2025-08-06,2025-08-06 11:05:28.200,MO2508-C-7500,1.8,1.6,1.8
2025-08-06,2025-08-06 11:05:28.700,MO2508-C-7500,1.8,1.6,1.8
2025-08-06,2025-08-06 11:05:37.700,MO2508-C-7500,1.8,1.6,1.8
2025-08-06,2025-08-06 11:05:38.200,MO2508-C-7500,1.8,1.6,1.8
2025-08-06,2025-08-06 11:05:38.700,MO2508-C-7500,1.8,1.6,1.8
2025-08-06,2025-08-06 11:05:48.200,MO2508-C-7500,1.8,1.6,1.8
2025-08-06,2025-08-06 11:05:48.700,MO2508-C-7500,1.8,1.6,1.8
2025-08-06,2025-08-06 11:05:58.200,MO2508-C-7500,1.8,1.6,1.8
2025-08-06,2025-08-06 11:05:58.700,MO2508-C-7500,1.8,1.6,1.8
2025-08-06,2025-08-06 11:06:08.200,MO2508-C-7500,1.8,1.6,1.8
2025-08-06,2025-08-06 11:06:08.700,MO2508-C-7500,1.8,1.6,1.8
2025-08-06,2025-08-06 11:06:18.200,MO2508-C-7500,1.8,1.6,1.8
2025-08-06,2025-08-06 11:06:18.700,MO2508-C-7500,1.8,1.6,1.8
2025-08-06,2025-08-06 11:06:21.700,MO2508-C-7500,1.8,1.6,1.8
2025-08-06,2025-08-06 11:06:28.200,MO2508-C-7500,1.8,1.6,1.8
2025-08-06,2025-08-06 11:06:28.700,MO2508-C-7500,1.8,1.6,1.8
2025-08-06,2025-08-06 11:06:38.200,MO2508-C-7500,1.8,1.6,1.8
2025-08-06,2025-08-06 11:06:38.700,MO2508-C-7500,1.8,1.6,1.8
2025-08-06,2025-08-06 11:06:48.200,MO2508-C-7500,1.8,1.6,1.8
2025-08-06,2025-08-06 11:06:48.700,MO2508-C-7500,1.8,1.6,1.8
2025-08-06,2025-08-06 11:06:58.200,MO2508-C-7500,1.8,1.6,1.8
2025-08-06,2025-08-06 11:06:58.700,MO2508-C-7500,1.8,1.6,1.8
2025-08-06,2025-08-06 11:07:08.200,MO2508-C-7500,1.8,1.6,1.8
2025-08-06,2025-08-06 11:07:08.700,MO2508-C-7500,1.8,1.6,1.8
2025-08-06,2025-08-06 11:07:18.200,MO2508-C-7500,1.8,1.6,1.8
2025-08-06,2025-08-06 11:07:18.700,MO2508-C-7500,1.8,1.6,1.8
2025-08-06,2025-08-06 11:07:28.200,MO2508-C-7500,1.8,1.6,1.8
2025-08-06,2025-08-06 11:07:28.700,MO2508-C-7500,1.8,1.6,1.8
2025-08-06,2025-08-06 11:07:38.200,MO2508-C-7500,1.8,1.6,1.8
2025-08-06,2025-08-06 11:07:38.700,MO2508-C-7500,1.8,1.6,1.8
2025-08-06,2025-08-06 11:07:48.200,MO2508-C-7500,1.8,1.6,1.8
2025-08-06,2025-08-06 11:07:48.700,MO2508-C-7500,1.8,1.6,1.8
2025-08-06,2025-08-06 11:07:53.700,MO2508-C-7500,1.8,1.6,1.8
2025-08-06,2025-08-06 11:07:56.200,MO2508-C-7500,1.8,1.6,1.8
2025-08-06,2025-08-06 11:07:58.200,MO2508-C-7500,1.8,1.6,1.8
2025-08-06,2025-08-06 11:07:58.700,MO2508-C-7500,1.8,1.6,1.8
2025-08-06,2025-08-06 11:08:08.200,MO2508-C-7500,1.8,1.6,1.8
2025-08-06,2025-08-06 11:08:08.700,MO2508-C-7500,1.8,1.6,1.8
2025-08-06,2025-08-06 11:08:18.200,MO2508-C-7500,1.8,1.6,1.8
2025-08-06,2025-08-06 11:08:18.700,MO2508-C-7500,1.8,1.6,1.8
2025-08-06,2025-08-06 11:08:28.200,MO2508-C-7500,1.8,1.6,1.8
2025-08-06,2025-08-06 11:08:28.700,MO2508-C-7500,1.8,1.6,1.8
2025-08-06,2025-08-06 11:08:36.200,MO2508-C-7500,1.8,1.6,1.8
2025-08-06,2025-08-06 11:08:38.200,MO2508-C-7500,1.8,1.6,1.8
2025-08-06,2025-08-06 11:08:38.700,MO2508-C-7500,1.8,1.6,1.8
2025-08-06,2025-08-06 11:08:42.700,MO2508-C-7500,1.8,1.6,1.8
2025-08-06,2025-08-06 11:08:43.700,MO2508-C-7500,1.8,1.6,1.8
2025-08-06,2025-08-06 11:08:44.200,MO2508-C-7500,1.8,1.6,1.8
2025-08-06,2025-08-06 11:08:44.700,MO2508-C-7500,1.8,1.6,1.8
2025-08-06,2025-08-06 11:08:45.700,MO2508-C-7500,1.8,1.6,1.8
2025-08-06,2025-08-06 11:08:47.700,MO2508-C-7500,1.8,1.6,1.8
2025-08-06,2025-08-06 11:08:48.200,MO2508-C-7500,1.8,1.6,1.8
2025-08-06,2025-08-06 11:08:48.700,MO2508-C-7500,1.8,1.6,1.8
2025-08-06,2025-08-06 11:08:50.700,MO2508-C-7500,1.8,1.6,1.8
2025-08-06,2025-08-06 11:08:51.700,MO2508-C-7500,1.8,1.6,1.8
2025-08-06,2025-08-06 11:08:52.700,MO2508-C-7500,1.8,1.6,1.8
2025-08-06,2025-08-06 11:08:54.700,MO2508-C-7500,1.8,1.6,1.8
2025-08-06,2025-08-06 11:08:55.200,MO2508-C-7500,1.8,1.6,1.8
2025-08-06,2025-08-06 11:08:58.200,MO2508-C-7500,1.8,1.6,1.8
2025-08-06,2025-08-06 11:08:58.700,MO2508-C-7500,1.8,1.6,1.8
2025-08-06,2025-08-06 11:09:05.200,MO2508-C-7500,1.8,1.6,1.8
2025-08-06,2025-08-06 11:09:08.200,MO2508-C-7500,1.8,1.6,1.8
2025-08-06,2025-08-06 11:09:08.700,MO2508-C-7500,1.8,1.6,1.8
2025-08-06,2025-08-06 11:09:11.700,MO2508-C-7500,1.8,1.6,1.8
2025-08-06,2025-08-06 11:09:18.200,MO2508-C-7500,1.8,1.6,1.8
2025-08-06,2025-08-06 11:09:18.700,MO2508-C-7500,1.8,1.6,1.8
2025-08-06,2025-08-06 11:09:21.700,MO2508-C-7500,1.8,1.6,1.8
2025-08-06,2025-08-06 11:09:28.200,MO2508-C-7500,1.8,1.6,1.8
2025-08-06,2025-08-06 11:09:28.700,MO2508-C-7500,1.8,1.6,1.8
2025-08-06,2025-08-06 11:09:38.200,MO2508-C-7500,1.8,1.6,1.8
2025-08-06,2025-08-06 11:09:38.700,MO2508-C-7500,1.8,1.6,1.8
2025-08-06,2025-08-06 11:09:47.200,MO2508-C-7500,1.8,1.6,1.8
2025-08-06,2025-08-06 11:09:47.700,MO2508-C-7500,1.8,1.6,1.8
2025-08-06,2025-08-06 11:09:48.200,MO2508-C-7500,1.8,1.6,1.8
2025-08-06,2025-08-06 11:09:48.700,MO2508-C-7500,1.8,1.6,1.8
2025-08-06,2025-08-06 11:09:51.700,MO2508-C-7500,1.8,1.6,1.8
2025-08-06,2025-08-06 11:09:55.200,MO2508-C-7500,1.8,1.6,1.8
2025-08-06,2025-08-06 11:09:58.200,MO2508-C-7500,1.8,1.6,1.8
2025-08-06,2025-08-06 11:09:58.700,MO2508-C-7500,1.8,1.6,1.8
2025-08-06,2025-08-06 11:10:08.200,MO2508-C-7500,1.8,1.6,1.8
2025-08-06,2025-08-06 11:10:08.700,MO2508-C-7500,1.8,1.6,1.8
2025-08-06,2025-08-06 11:10:18.200,MO2508-C-7500,1.8,1.6,1.8
2025-08-06,2025-08-06 11:10:18.700,MO2508-C-7500,1.8,1.6,1.8
2025-08-06,2025-08-06 11:10:22.700,MO2508-C-7500,1.8,1.6,1.8
2025-08-06,2025-08-06 11:10:24.200,MO2508-C-7500,1.8,1.6,1.8
2025-08-06,2025-08-06 11:10:24.700,MO2508-C-7500,1.8,1.6,1.8
2025-08-06,2025-08-06 11:10:25.200,MO2508-C-7500,1.8,1.6,1.8
2025-08-06,2025-08-06 11:10:26.200,MO2508-C-7500,1.8,1.6,1.8
2025-08-06,2025-08-06 11:10:28.200,MO2508-C-7500,1.8,1.6,1.8
2025-08-06,2025-08-06 11:10:28.700,MO2508-C-7500,1.8,1.6,1.8
2025-08-06,2025-08-06 11:10:32.200,MO2508-C-7500,1.8,1.6,1.8
2025-08-06,2025-08-06 11:10:33.200,MO2508-C-7500,1.8,1.6,1.8
2025-08-06,2025-08-06 11:10:38.200,MO2508-C-7500,1.8,1.6,1.8
2025-08-06,2025-08-06 11:10:38.700,MO2508-C-7500,1.8,1.6,1.8
2025-08-06,2025-08-06 11:10:48.200,MO2508-C-7500,1.8,1.6,1.8
2025-08-06,2025-08-06 11:10:48.700,MO2508-C-7500,1.8,1.6,1.8
2025-08-06,2025-08-06 11:10:53.200,MO2508-C-7500,1.8,1.6,1.8
2025-08-06,2025-08-06 11:10:53.700,MO2508-C-7500,1.8,1.6,1.8
2025-08-06,2025-08-06 11:10:55.200,MO2508-C-7500,1.8,1.6,1.8
2025-08-06,2025-08-06 11:10:56.200,MO2508-C-7500,1.8,1.6,1.8
2025-08-06,2025-08-06 11:10:56.700,MO2508-C-7500,1.8,1.6,2.0
2025-08-06,2025-08-06 11:10:57.200,MO2508-C-7500,1.8,1.6,2.0
2025-08-06,2025-08-06 11:10:58.200,MO2508-C-7500,1.8,1.6,2.0
2025-08-06,2025-08-06 11:10:58.700,MO2508-C-7500,1.8,1.8,2.0
2025-08-06,2025-08-06 11:10:59.200,MO2508-C-7500,1.8,1.8,2.0
2025-08-06,2025-08-06 11:10:59.700,MO2508-C-7500,1.8,1.8,2.0
2025-08-06,2025-08-06 11:11:05.200,MO2508-C-7500,1.8,1.8,2.0
2025-08-06,2025-08-06 11:11:05.700,MO2508-C-7500,1.8,1.8,2.0
2025-08-06,2025-08-06 11:11:08.200,MO2508-C-7500,1.8,1.8,2.0
2025-08-06,2025-08-06 11:11:08.700,MO2508-C-7500,1.8,1.8,2.0
2025-08-06,2025-08-06 11:11:09.200,MO2508-C-7500,2.0,1.8,2.0
2025-08-06,2025-08-06 11:11:10.700,MO2508-C-7500,2.0,1.8,2.0
2025-08-06,2025-08-06 11:11:11.200,MO2508-C-7500,2.0,1.8,2.0
2025-08-06,2025-08-06 11:11:11.700,MO2508-C-7500,2.0,1.8,2.0
2025-08-06,2025-08-06 11:11:12.200,MO2508-C-7500,2.0,1.8,2.0
2025-08-06,2025-08-06 11:11:13.200,MO2508-C-7500,2.0,1.8,2.0
2025-08-06,2025-08-06 11:11:15.700,MO2508-C-7500,1.8,1.8,2.0
2025-08-06,2025-08-06 11:11:18.200,MO2508-C-7500,1.8,1.8,2.0
2025-08-06,2025-08-06 11:11:18.700,MO2508-C-7500,1.8,1.8,2.0
2025-08-06,2025-08-06 11:11:19.200,MO2508-C-7500,1.8,1.8,2.0
2025-08-06,2025-08-06 11:11:20.200,MO2508-C-7500,1.8,1.8,2.0
2025-08-06,2025-08-06 11:11:26.200,MO2508-C-7500,1.8,1.8,2.0
2025-08-06,2025-08-06 11:11:28.200,MO2508-C-7500,1.8,1.8,2.0
2025-08-06,2025-08-06 11:11:28.700,MO2508-C-7500,1.8,1.8,2.0
2025-08-06,2025-08-06 11:11:38.200,MO2508-C-7500,1.8,1.8,2.0
2025-08-06,2025-08-06 11:11:38.700,MO2508-C-7500,1.8,1.8,2.0
2025-08-06,2025-08-06 11:11:48.200,MO2508-C-7500,1.8,1.8,2.0
2025-08-06,2025-08-06 11:11:48.700,MO2508-C-7500,1.8,1.8,2.0
2025-08-06,2025-08-06 11:11:53.700,MO2508-C-7500,1.8,1.8,2.0
2025-08-06,2025-08-06 11:11:54.200,MO2508-C-7500,1.8,1.8,2.0
2025-08-06,2025-08-06 11:11:54.700,MO2508-C-7500,1.8,1.8,2.0
2025-08-06,2025-08-06 11:11:56.200,MO2508-C-7500,1.8,1.6,2.0
2025-08-06,2025-08-06 11:11:56.700,MO2508-C-7500,1.8,1.6,2.0
2025-08-06,2025-08-06 11:11:58.200,MO2508-C-7500,1.8,1.6,2.0
2025-08-06,2025-08-06 11:11:58.700,MO2508-C-7500,1.8,1.6,2.0
2025-08-06,2025-08-06 11:12:00.200,MO2508-C-7500,1.8,1.6,2.0
2025-08-06,2025-08-06 11:12:00.700,MO2508-C-7500,1.8,1.6,2.0
2025-08-06,2025-08-06 11:12:01.200,MO2508-C-7500,1.8,1.6,2.0
2025-08-06,2025-08-06 11:12:08.200,MO2508-C-7500,1.8,1.6,2.0
2025-08-06,2025-08-06 11:12:08.700,MO2508-C-7500,1.8,1.6,2.0
2025-08-06,2025-08-06 11:12:12.700,MO2508-C-7500,1.8,1.6,2.0
2025-08-06,2025-08-06 11:12:18.200,MO2508-C-7500,1.8,1.6,2.0
2025-08-06,2025-08-06 11:12:18.700,MO2508-C-7500,1.8,1.6,2.0
2025-08-06,2025-08-06 11:12:28.200,MO2508-C-7500,1.8,1.6,2.0
2025-08-06,2025-08-06 11:12:28.700,MO2508-C-7500,1.8,1.6,2.0
2025-08-06,2025-08-06 11:12:38.200,MO2508-C-7500,1.8,1.6,2.0
2025-08-06,2025-08-06 11:12:38.700,MO2508-C-7500,1.8,1.6,2.0
2025-08-06,2025-08-06 11:12:41.200,MO2508-C-7500,1.8,1.6,2.0
2025-08-06,2025-08-06 11:12:47.200,MO2508-C-7500,1.8,1.6,2.0
2025-08-06,2025-08-06 11:12:48.200,MO2508-C-7500,1.8,1.6,2.0
2025-08-06,2025-08-06 11:12:48.700,MO2508-C-7500,1.8,1.6,2.0
2025-08-06,2025-08-06 11:12:53.200,MO2508-C-7500,1.8,1.6,2.0
2025-08-06,2025-08-06 11:12:53.700,MO2508-C-7500,1.8,1.6,2.0
2025-08-06,2025-08-06 11:12:54.200,MO2508-C-7500,1.8,1.6,2.0
2025-08-06,2025-08-06 11:12:54.700,MO2508-C-7500,1.8,1.6,2.0
2025-08-06,2025-08-06 11:12:58.200,MO2508-C-7500,1.8,1.6,2.0
2025-08-06,2025-08-06 11:12:58.700,MO2508-C-7500,1.8,1.6,2.0
2025-08-06,2025-08-06 11:13:03.700,MO2508-C-7500,1.8,1.6,2.0
2025-08-06,2025-08-06 11:13:08.200,MO2508-C-7500,1.8,1.6,2.0
2025-08-06,2025-08-06 11:13:08.700,MO2508-C-7500,1.8,1.6,2.0
2025-08-06,2025-08-06 11:13:09.200,MO2508-C-7500,1.8,1.6,2.0
2025-08-06,2025-08-06 11:13:09.700,MO2508-C-7500,1.8,1.6,2.0
2025-08-06,2025-08-06 11:13:18.200,MO2508-C-7500,1.8,1.6,2.0
2025-08-06,2025-08-06 11:13:18.700,MO2508-C-7500,1.8,1.6,2.0
2025-08-06,2025-08-06 11:13:21.200,MO2508-C-7500,1.8,1.6,2.0
2025-08-06,2025-08-06 11:13:21.700,MO2508-C-7500,1.8,1.6,2.0
2025-08-06,2025-08-06 11:13:28.200,MO2508-C-7500,1.8,1.6,2.0
2025-08-06,2025-08-06 11:13:28.700,MO2508-C-7500,1.8,1.6,2.0
2025-08-06,2025-08-06 11:13:30.700,MO2508-C-7500,1.8,1.6,2.0
2025-08-06,2025-08-06 11:13:35.200,MO2508-C-7500,1.8,1.6,2.0
2025-08-06,2025-08-06 11:13:35.700,MO2508-C-7500,1.8,1.6,2.0
2025-08-06,2025-08-06 11:13:36.200,MO2508-C-7500,1.8,1.6,2.0
2025-08-06,2025-08-06 11:13:38.200,MO2508-C-7500,1.8,1.6,2.0
2025-08-06,2025-08-06 11:13:38.700,MO2508-C-7500,1.8,1.6,2.0
2025-08-06,2025-08-06 11:13:39.200,MO2508-C-7500,1.8,1.6,2.0
2025-08-06,2025-08-06 11:13:48.200,MO2508-C-7500,1.8,1.6,2.0
2025-08-06,2025-08-06 11:13:48.700,MO2508-C-7500,1.8,1.6,2.0
2025-08-06,2025-08-06 11:13:58.200,MO2508-C-7500,1.8,1.6,2.0
2025-08-06,2025-08-06 11:13:58.700,MO2508-C-7500,1.8,1.6,2.0
2025-08-06,2025-08-06 11:14:04.700,MO2508-C-7500,1.8,1.6,2.0
2025-08-06,2025-08-06 11:14:06.200,MO2508-C-7500,1.8,1.6,2.0
2025-08-06,2025-08-06 11:14:06.700,MO2508-C-7500,1.8,1.6,2.0
2025-08-06,2025-08-06 11:14:07.200,MO2508-C-7500,1.8,1.6,2.0
2025-08-06,2025-08-06 11:14:08.200,MO2508-C-7500,1.8,1.6,2.0
2025-08-06,2025-08-06 11:14:08.700,MO2508-C-7500,1.8,1.6,2.0
2025-08-06,2025-08-06 11:14:18.200,MO2508-C-7500,1.8,1.6,2.0
2025-08-06,2025-08-06 11:14:18.700,MO2508-C-7500,1.8,1.6,2.0
2025-08-06,2025-08-06 11:14:28.200,MO2508-C-7500,1.8,1.6,2.0
2025-08-06,2025-08-06 11:14:28.700,MO2508-C-7500,1.8,1.6,2.0
2025-08-06,2025-08-06 11:14:38.200,MO2508-C-7500,1.8,1.6,2.0
2025-08-06,2025-08-06 11:14:38.700,MO2508-C-7500,1.8,1.6,2.0
2025-08-06,2025-08-06 11:14:44.700,MO2508-C-7500,1.8,1.6,2.0
2025-08-06,2025-08-06 11:14:46.700,MO2508-C-7500,1.8,1.6,2.0
2025-08-06,2025-08-06 11:14:47.700,MO2508-C-7500,1.8,1.6,2.0
2025-08-06,2025-08-06 11:14:48.200,MO2508-C-7500,1.8,1.8,2.0
2025-08-06,2025-08-06 11:14:48.700,MO2508-C-7500,1.8,1.8,2.0
2025-08-06,2025-08-06 11:14:49.200,MO2508-C-7500,2.0,1.8,2.0
2025-08-06,2025-08-06 11:14:58.200,MO2508-C-7500,2.0,1.8,2.0
2025-08-06,2025-08-06 11:14:58.700,MO2508-C-7500,2.0,1.8,2.0
2025-08-06,2025-08-06 11:15:00.700,MO2508-C-7500,2.0,1.8,2.0
2025-08-06,2025-08-06 11:15:01.700,MO2508-C-7500,2.0,1.8,2.0
2025-08-06,2025-08-06 11:15:08.200,MO2508-C-7500,2.0,1.8,2.0
2025-08-06,2025-08-06 11:15:08.700,MO2508-C-7500,2.0,1.8,2.0
2025-08-06,2025-08-06 11:15:09.200,MO2508-C-7500,2.0,1.8,2.0
2025-08-06,2025-08-06 11:15:09.700,MO2508-C-7500,2.0,1.6,2.0
2025-08-06,2025-08-06 11:15:10.200,MO2508-C-7500,2.0,1.6,2.0
2025-08-06,2025-08-06 11:15:14.200,MO2508-C-7500,2.0,1.6,2.0
2025-08-06,2025-08-06 11:15:18.200,MO2508-C-7500,2.0,1.6,2.0
2025-08-06,2025-08-06 11:15:18.700,MO2508-C-7500,2.0,1.6,2.0
2025-08-06,2025-08-06 11:15:20.700,MO2508-C-7500,2.0,1.6,2.0
2025-08-06,2025-08-06 11:15:21.200,MO2508-C-7500,2.0,1.6,2.0
2025-08-06,2025-08-06 11:15:27.700,MO2508-C-7500,2.0,1.6,2.0
2025-08-06,2025-08-06 11:15:28.200,MO2508-C-7500,2.0,1.6,2.0
2025-08-06,2025-08-06 11:15:28.700,MO2508-C-7500,2.0,1.6,2.0
2025-08-06,2025-08-06 11:15:29.700,MO2508-C-7500,2.0,1.6,2.0
2025-08-06,2025-08-06 11:15:30.200,MO2508-C-7500,2.0,1.6,2.0
2025-08-06,2025-08-06 11:15:38.200,MO2508-C-7500,2.0,1.6,2.0
2025-08-06,2025-08-06 11:15:38.700,MO2508-C-7500,2.0,1.6,2.0
2025-08-06,2025-08-06 11:15:41.200,MO2508-C-7500,2.0,1.6,2.0
2025-08-06,2025-08-06 11:15:41.700,MO2508-C-7500,2.0,1.6,2.0
2025-08-06,2025-08-06 11:15:48.200,MO2508-C-7500,2.0,1.6,2.0
2025-08-06,2025-08-06 11:15:48.700,MO2508-C-7500,2.0,1.6,2.0
2025-08-06,2025-08-06 11:15:55.700,MO2508-C-7500,2.0,1.6,2.0
2025-08-06,2025-08-06 11:15:58.200,MO2508-C-7500,2.0,1.6,2.0
2025-08-06,2025-08-06 11:15:58.700,MO2508-C-7500,2.0,1.6,2.0
2025-08-06,2025-08-06 11:16:00.200,MO2508-C-7500,2.0,1.6,2.0
2025-08-06,2025-08-06 11:16:01.200,MO2508-C-7500,2.0,1.6,2.0
2025-08-06,2025-08-06 11:16:01.700,MO2508-C-7500,2.0,1.6,2.0
2025-08-06,2025-08-06 11:16:02.700,MO2508-C-7500,2.0,1.6,2.0
2025-08-06,2025-08-06 11:16:03.200,MO2508-C-7500,2.0,1.6,2.0
2025-08-06,2025-08-06 11:16:03.700,MO2508-C-7500,2.0,1.6,2.0
2025-08-06,2025-08-06 11:16:04.200,MO2508-C-7500,2.0,1.6,2.0
2025-08-06,2025-08-06 11:16:05.700,MO2508-C-7500,2.0,1.6,2.0
2025-08-06,2025-08-06 11:16:08.200,MO2508-C-7500,2.0,1.6,2.0
2025-08-06,2025-08-06 11:16:08.700,MO2508-C-7500,2.0,1.6,2.0
2025-08-06,2025-08-06 11:16:10.200,MO2508-C-7500,2.0,1.6,2.0
2025-08-06,2025-08-06 11:16:10.700,MO2508-C-7500,2.0,1.6,2.0
2025-08-06,2025-08-06 11:16:12.200,MO2508-C-7500,2.0,1.6,2.0
2025-08-06,2025-08-06 11:16:13.200,MO2508-C-7500,2.0,1.6,2.0
2025-08-06,2025-08-06 11:16:17.700,MO2508-C-7500,2.0,1.6,2.0
2025-08-06,2025-08-06 11:16:18.200,MO2508-C-7500,2.0,1.6,2.0
2025-08-06,2025-08-06 11:16:18.700,MO2508-C-7500,2.0,1.6,2.0
2025-08-06,2025-08-06 11:16:19.200,MO2508-C-7500,2.0,1.6,2.0
2025-08-06,2025-08-06 11:16:23.200,MO2508-C-7500,2.0,1.6,2.0
2025-08-06,2025-08-06 11:16:25.200,MO2508-C-7500,2.0,1.6,2.0
2025-08-06,2025-08-06 11:16:26.200,MO2508-C-7500,2.0,1.6,2.0
2025-08-06,2025-08-06 11:16:28.200,MO2508-C-7500,2.0,1.6,2.0
2025-08-06,2025-08-06 11:16:28.700,MO2508-C-7500,2.0,1.6,2.0
2025-08-06,2025-08-06 11:16:31.700,MO2508-C-7500,2.0,1.6,2.0
2025-08-06,2025-08-06 11:16:32.200,MO2508-C-7500,2.0,1.6,2.0
2025-08-06,2025-08-06 11:16:32.700,MO2508-C-7500,2.0,1.6,2.0
2025-08-06,2025-08-06 11:16:33.200,MO2508-C-7500,2.0,1.6,2.0
2025-08-06,2025-08-06 11:16:34.700,MO2508-C-7500,2.0,1.6,2.0
2025-08-06,2025-08-06 11:16:36.200,MO2508-C-7500,2.0,1.6,2.0
2025-08-06,2025-08-06 11:16:37.200,MO2508-C-7500,2.0,1.6,2.0
2025-08-06,2025-08-06 11:16:37.700,MO2508-C-7500,2.0,1.6,2.0
2025-08-06,2025-08-06 11:16:38.200,MO2508-C-7500,2.0,1.6,2.0
2025-08-06,2025-08-06 11:16:38.700,MO2508-C-7500,2.0,1.6,2.0
2025-08-06,2025-08-06 11:16:41.200,MO2508-C-7500,2.0,1.6,2.0
2025-08-06,2025-08-06 11:16:45.200,MO2508-C-7500,2.0,1.6,2.0
2025-08-06,2025-08-06 11:16:48.200,MO2508-C-7500,2.0,1.6,2.0
2025-08-06,2025-08-06 11:16:48.700,MO2508-C-7500,2.0,1.6,2.0
2025-08-06,2025-08-06 11:16:58.200,MO2508-C-7500,2.0,1.6,2.0
2025-08-06,2025-08-06 11:16:58.700,MO2508-C-7500,2.0,1.6,2.0
2025-08-06,2025-08-06 11:17:08.200,MO2508-C-7500,2.0,1.6,2.0
2025-08-06,2025-08-06 11:17:08.700,MO2508-C-7500,2.0,1.6,2.0
2025-08-06,2025-08-06 11:17:12.200,MO2508-C-7500,2.0,1.6,2.0
2025-08-06,2025-08-06 11:17:12.700,MO2508-C-7500,2.0,1.6,2.0
2025-08-06,2025-08-06 11:17:15.700,MO2508-C-7500,2.0,1.6,2.0
2025-08-06,2025-08-06 11:17:18.200,MO2508-C-7500,2.0,1.6,2.0
2025-08-06,2025-08-06 11:17:18.700,MO2508-C-7500,2.0,1.6,2.0
2025-08-06,2025-08-06 11:17:28.200,MO2508-C-7500,2.0,1.6,2.0
2025-08-06,2025-08-06 11:17:28.700,MO2508-C-7500,2.0,1.6,2.0
2025-08-06,2025-08-06 11:17:38.200,MO2508-C-7500,2.0,1.6,2.0
2025-08-06,2025-08-06 11:17:38.700,MO2508-C-7500,2.0,1.6,2.0
2025-08-06,2025-08-06 11:17:40.700,MO2508-C-7500,2.0,1.6,2.0
2025-08-06,2025-08-06 11:17:41.700,MO2508-C-7500,2.0,1.6,2.0
2025-08-06,2025-08-06 11:17:42.700,MO2508-C-7500,2.0,1.6,2.0
2025-08-06,2025-08-06 11:17:43.200,MO2508-C-7500,2.0,1.6,2.0
2025-08-06,2025-08-06 11:17:48.200,MO2508-C-7500,2.0,1.6,2.0
2025-08-06,2025-08-06 11:17:48.700,MO2508-C-7500,2.0,1.6,2.0
2025-08-06,2025-08-06 11:17:56.700,MO2508-C-7500,2.0,1.6,2.0
2025-08-06,2025-08-06 11:17:58.200,MO2508-C-7500,2.0,1.6,2.0
2025-08-06,2025-08-06 11:17:58.700,MO2508-C-7500,2.0,1.6,2.0
2025-08-06,2025-08-06 11:18:04.200,MO2508-C-7500,2.0,1.6,2.0
2025-08-06,2025-08-06 11:18:08.200,MO2508-C-7500,2.0,1.6,2.0
2025-08-06,2025-08-06 11:18:08.700,MO2508-C-7500,2.0,1.6,2.0
2025-08-06,2025-08-06 11:18:09.200,MO2508-C-7500,2.0,1.6,2.0
2025-08-06,2025-08-06 11:18:11.200,MO2508-C-7500,2.0,1.6,2.0
2025-08-06,2025-08-06 11:18:12.200,MO2508-C-7500,2.0,1.6,2.0
2025-08-06,2025-08-06 11:18:12.700,MO2508-C-7500,2.0,1.6,2.0
2025-08-06,2025-08-06 11:18:17.700,MO2508-C-7500,2.0,1.6,2.0
2025-08-06,2025-08-06 11:18:18.200,MO2508-C-7500,2.0,1.6,2.0
2025-08-06,2025-08-06 11:18:18.700,MO2508-C-7500,2.0,1.6,2.0
2025-08-06,2025-08-06 11:18:19.200,MO2508-C-7500,2.0,1.6,2.0
2025-08-06,2025-08-06 11:18:27.700,MO2508-C-7500,2.0,1.6,2.0
2025-08-06,2025-08-06 11:18:28.200,MO2508-C-7500,2.0,1.6,2.0
2025-08-06,2025-08-06 11:18:28.700,MO2508-C-7500,2.0,1.6,2.0
2025-08-06,2025-08-06 11:18:29.200,MO2508-C-7500,2.0,1.6,2.0
2025-08-06,2025-08-06 11:18:29.700,MO2508-C-7500,2.0,1.6,2.0
2025-08-06,2025-08-06 11:18:30.200,MO2508-C-7500,2.0,1.6,2.0
2025-08-06,2025-08-06 11:18:34.700,MO2508-C-7500,2.0,1.6,2.0
2025-08-06,2025-08-06 11:18:35.200,MO2508-C-7500,2.0,1.6,2.0
2025-08-06,2025-08-06 11:18:35.700,MO2508-C-7500,2.0,1.6,2.0
2025-08-06,2025-08-06 11:18:38.200,MO2508-C-7500,2.0,1.6,2.0
2025-08-06,2025-08-06 11:18:38.700,MO2508-C-7500,2.0,1.6,2.0
2025-08-06,2025-08-06 11:18:41.700,MO2508-C-7500,2.0,1.6,2.0
2025-08-06,2025-08-06 11:18:46.200,MO2508-C-7500,2.0,1.6,2.0
2025-08-06,2025-08-06 11:18:48.200,MO2508-C-7500,2.0,1.6,2.0
2025-08-06,2025-08-06 11:18:48.700,MO2508-C-7500,2.0,1.6,2.0
2025-08-06,2025-08-06 11:18:54.700,MO2508-C-7500,2.0,1.6,2.0
2025-08-06,2025-08-06 11:18:55.700,MO2508-C-7500,2.0,1.6,2.0
2025-08-06,2025-08-06 11:18:58.200,MO2508-C-7500,2.0,1.6,2.0
2025-08-06,2025-08-06 11:18:58.700,MO2508-C-7500,2.0,1.6,2.0
2025-08-06,2025-08-06 11:18:59.200,MO2508-C-7500,2.0,1.6,2.0
2025-08-06,2025-08-06 11:19:08.200,MO2508-C-7500,2.0,1.6,2.0
2025-08-06,2025-08-06 11:19:08.700,MO2508-C-7500,2.0,1.6,2.0
2025-08-06,2025-08-06 11:19:12.700,MO2508-C-7500,2.0,1.6,2.0
2025-08-06,2025-08-06 11:19:18.200,MO2508-C-7500,2.0,1.6,2.0
2025-08-06,2025-08-06 11:19:18.700,MO2508-C-7500,2.0,1.6,2.0
2025-08-06,2025-08-06 11:19:28.200,MO2508-C-7500,2.0,1.6,2.0
2025-08-06,2025-08-06 11:19:28.700,MO2508-C-7500,2.0,1.6,2.0
2025-08-06,2025-08-06 11:19:29.700,MO2508-C-7500,2.0,1.8,2.0
2025-08-06,2025-08-06 11:19:30.200,MO2508-C-7500,2.0,1.8,2.0
2025-08-06,2025-08-06 11:19:30.700,MO2508-C-7500,2.0,1.8,2.0
2025-08-06,2025-08-06 11:19:32.200,MO2508-C-7500,2.0,1.8,2.0
2025-08-06,2025-08-06 11:19:32.700,MO2508-C-7500,2.0,1.8,2.0
2025-08-06,2025-08-06 11:19:34.200,MO2508-C-7500,2.0,1.8,2.0
2025-08-06,2025-08-06 11:19:38.200,MO2508-C-7500,2.0,1.8,2.0
2025-08-06,2025-08-06 11:19:38.700,MO2508-C-7500,2.0,1.8,2.0
2025-08-06,2025-08-06 11:19:39.700,MO2508-C-7500,2.0,1.8,2.0
2025-08-06,2025-08-06 11:19:40.700,MO2508-C-7500,2.0,1.8,2.0
2025-08-06,2025-08-06 11:19:44.200,MO2508-C-7500,2.0,1.8,2.0
2025-08-06,2025-08-06 11:19:44.700,MO2508-C-7500,2.0,1.8,2.0
2025-08-06,2025-08-06 11:19:45.200,MO2508-C-7500,2.0,1.8,2.0
2025-08-06,2025-08-06 11:19:48.200,MO2508-C-7500,2.0,1.8,2.0
2025-08-06,2025-08-06 11:19:48.700,MO2508-C-7500,2.0,1.8,2.0
2025-08-06,2025-08-06 11:19:58.200,MO2508-C-7500,2.0,1.8,2.0
2025-08-06,2025-08-06 11:19:58.700,MO2508-C-7500,2.0,1.8,2.0
2025-08-06,2025-08-06 11:20:08.200,MO2508-C-7500,2.0,1.8,2.0
2025-08-06,2025-08-06 11:20:08.700,MO2508-C-7500,2.0,1.8,2.0
2025-08-06,2025-08-06 11:20:13.700,MO2508-C-7500,2.0,1.8,2.0
2025-08-06,2025-08-06 11:20:14.200,MO2508-C-7500,2.0,1.8,2.0
2025-08-06,2025-08-06 11:20:17.200,MO2508-C-7500,2.0,1.8,2.0
2025-08-06,2025-08-06 11:20:17.700,MO2508-C-7500,2.0,1.8,2.0
2025-08-06,2025-08-06 11:20:18.200,MO2508-C-7500,2.0,1.8,2.2
2025-08-06,2025-08-06 11:20:18.700,MO2508-C-7500,2.0,1.8,2.2
2025-08-06,2025-08-06 11:20:19.200,MO2508-C-7500,2.0,1.8,2.2
2025-08-06,2025-08-06 11:20:23.200,MO2508-C-7500,2.0,1.8,2.2
2025-08-06,2025-08-06 11:20:28.200,MO2508-C-7500,2.0,1.8,2.2
2025-08-06,2025-08-06 11:20:28.700,MO2508-C-7500,2.0,1.8,2.2
2025-08-06,2025-08-06 11:20:38.200,MO2508-C-7500,2.0,1.8,2.2
2025-08-06,2025-08-06 11:20:38.700,MO2508-C-7500,2.0,1.8,2.2
2025-08-06,2025-08-06 11:20:48.200,MO2508-C-7500,2.0,1.8,2.2
2025-08-06,2025-08-06 11:20:48.700,MO2508-C-7500,2.0,1.8,2.2
2025-08-06,2025-08-06 11:20:58.200,MO2508-C-7500,2.0,1.8,2.2
2025-08-06,2025-08-06 11:20:58.700,MO2508-C-7500,2.0,1.8,2.2
2025-08-06,2025-08-06 11:21:06.200,MO2508-C-7500,2.0,1.8,2.2
2025-08-06,2025-08-06 11:21:07.700,MO2508-C-7500,2.0,1.8,2.2
2025-08-06,2025-08-06 11:21:08.200,MO2508-C-7500,2.0,1.8,2.2
2025-08-06,2025-08-06 11:21:08.700,MO2508-C-7500,2.0,1.8,2.2
2025-08-06,2025-08-06 11:21:10.700,MO2508-C-7500,2.0,1.8,2.2
2025-08-06,2025-08-06 11:21:14.200,MO2508-C-7500,2.0,1.8,2.2
2025-08-06,2025-08-06 11:21:14.700,MO2508-C-7500,2.0,1.8,2.2
2025-08-06,2025-08-06 11:21:17.700,MO2508-C-7500,2.0,1.8,2.2
2025-08-06,2025-08-06 11:21:18.200,MO2508-C-7500,2.0,1.8,2.2
2025-08-06,2025-08-06 11:21:18.700,MO2508-C-7500,2.0,1.8,2.2
2025-08-06,2025-08-06 11:21:23.200,MO2508-C-7500,2.0,1.8,2.2
2025-08-06,2025-08-06 11:21:28.200,MO2508-C-7500,2.0,1.8,2.2
2025-08-06,2025-08-06 11:21:28.700,MO2508-C-7500,2.0,1.8,2.2
2025-08-06,2025-08-06 11:21:32.200,MO2508-C-7500,2.0,1.8,2.2
2025-08-06,2025-08-06 11:21:35.700,MO2508-C-7500,2.0,1.8,2.2
2025-08-06,2025-08-06 11:21:36.700,MO2508-C-7500,2.0,1.8,2.2
2025-08-06,2025-08-06 11:21:38.200,MO2508-C-7500,2.0,1.8,2.2
2025-08-06,2025-08-06 11:21:38.700,MO2508-C-7500,2.0,1.8,2.2
2025-08-06,2025-08-06 11:21:42.200,MO2508-C-7500,2.0,1.8,2.2
2025-08-06,2025-08-06 11:21:42.700,MO2508-C-7500,2.0,1.8,2.2
2025-08-06,2025-08-06 11:21:47.200,MO2508-C-7500,2.0,1.8,2.2
2025-08-06,2025-08-06 11:21:48.200,MO2508-C-7500,2.0,1.8,2.2
2025-08-06,2025-08-06 11:21:48.700,MO2508-C-7500,2.0,1.8,2.2
2025-08-06,2025-08-06 11:21:57.700,MO2508-C-7500,2.0,1.8,2.2
2025-08-06,2025-08-06 11:21:58.200,MO2508-C-7500,2.0,1.8,2.2
2025-08-06,2025-08-06 11:21:58.700,MO2508-C-7500,2.0,1.8,2.2
2025-08-06,2025-08-06 11:22:08.200,MO2508-C-7500,2.0,1.8,2.2
2025-08-06,2025-08-06 11:22:08.700,MO2508-C-7500,2.0,1.8,2.2
2025-08-06,2025-08-06 11:22:18.200,MO2508-C-7500,2.0,1.8,2.2
2025-08-06,2025-08-06 11:22:18.700,MO2508-C-7500,2.0,1.8,2.2
2025-08-06,2025-08-06 11:22:28.200,MO2508-C-7500,2.0,1.8,2.2
2025-08-06,2025-08-06 11:22:28.700,MO2508-C-7500,2.0,1.8,2.2
2025-08-06,2025-08-06 11:22:29.700,MO2508-C-7500,2.0,1.8,2.2
2025-08-06,2025-08-06 11:22:38.200,MO2508-C-7500,2.0,1.8,2.2
2025-08-06,2025-08-06 11:22:38.700,MO2508-C-7500,2.0,1.8,2.2
2025-08-06,2025-08-06 11:22:48.200,MO2508-C-7500,2.0,1.8,2.2
2025-08-06,2025-08-06 11:22:48.700,MO2508-C-7500,2.0,1.8,2.2
2025-08-06,2025-08-06 11:22:55.200,MO2508-C-7500,2.0,1.8,2.2
2025-08-06,2025-08-06 11:22:58.200,MO2508-C-7500,2.0,1.8,2.2
2025-08-06,2025-08-06 11:22:58.700,MO2508-C-7500,2.0,1.8,2.2
2025-08-06,2025-08-06 11:22:59.200,MO2508-C-7500,2.0,1.8,2.2
2025-08-06,2025-08-06 11:23:01.700,MO2508-C-7500,2.0,1.8,2.2
2025-08-06,2025-08-06 11:23:02.200,MO2508-C-7500,2.0,1.8,2.2
2025-08-06,2025-08-06 11:23:03.200,MO2508-C-7500,2.0,1.8,2.2
2025-08-06,2025-08-06 11:23:04.200,MO2508-C-7500,2.0,1.8,2.2
2025-08-06,2025-08-06 11:23:05.200,MO2508-C-7500,2.0,1.8,2.2
2025-08-06,2025-08-06 11:23:08.200,MO2508-C-7500,2.0,1.8,2.2
2025-08-06,2025-08-06 11:23:08.700,MO2508-C-7500,2.0,1.8,2.2
2025-08-06,2025-08-06 11:23:10.200,MO2508-C-7500,2.0,1.8,2.2
2025-08-06,2025-08-06 11:23:18.200,MO2508-C-7500,2.0,1.8,2.2
2025-08-06,2025-08-06 11:23:18.700,MO2508-C-7500,2.0,1.8,2.2
2025-08-06,2025-08-06 11:23:19.700,MO2508-C-7500,2.0,2.0,2.2
2025-08-06,2025-08-06 11:23:20.200,MO2508-C-7500,2.0,2.0,2.2
2025-08-06,2025-08-06 11:23:20.700,MO2508-C-7500,2.0,2.0,2.2
2025-08-06,2025-08-06 11:23:28.200,MO2508-C-7500,2.0,2.0,2.2
2025-08-06,2025-08-06 11:23:28.700,MO2508-C-7500,2.0,2.0,2.2
2025-08-06,2025-08-06 11:23:33.700,MO2508-C-7500,2.0,2.0,2.2
2025-08-06,2025-08-06 11:23:34.200,MO2508-C-7500,2.0,2.0,2.2
2025-08-06,2025-08-06 11:23:34.700,MO2508-C-7500,2.0,2.0,2.2
2025-08-06,2025-08-06 11:23:35.200,MO2508-C-7500,2.0,2.0,2.2
2025-08-06,2025-08-06 11:23:38.200,MO2508-C-7500,2.0,2.0,2.2
2025-08-06,2025-08-06 11:23:38.700,MO2508-C-7500,2.0,2.0,2.2
2025-08-06,2025-08-06 11:23:39.200,MO2508-C-7500,2.0,2.0,2.2
2025-08-06,2025-08-06 11:23:40.200,MO2508-C-7500,2.0,2.0,2.2
2025-08-06,2025-08-06 11:23:41.200,MO2508-C-7500,2.0,2.0,2.2
2025-08-06,2025-08-06 11:23:41.700,MO2508-C-7500,2.0,2.0,2.2
2025-08-06,2025-08-06 11:23:43.200,MO2508-C-7500,2.0,2.0,2.2
2025-08-06,2025-08-06 11:23:43.700,MO2508-C-7500,2.0,2.0,2.2
2025-08-06,2025-08-06 11:23:48.200,MO2508-C-7500,2.0,2.0,2.2
2025-08-06,2025-08-06 11:23:48.700,MO2508-C-7500,2.0,2.0,2.2
2025-08-06,2025-08-06 11:23:49.200,MO2508-C-7500,2.0,2.0,2.2
2025-08-06,2025-08-06 11:23:49.700,MO2508-C-7500,2.0,2.0,2.2
2025-08-06,2025-08-06 11:23:50.200,MO2508-C-7500,2.0,2.0,2.2
2025-08-06,2025-08-06 11:23:50.700,MO2508-C-7500,2.0,2.0,2.2
2025-08-06,2025-08-06 11:23:51.700,MO2508-C-7500,2.0,2.0,2.2
2025-08-06,2025-08-06 11:23:54.700,MO2508-C-7500,2.0,2.0,2.2
2025-08-06,2025-08-06 11:23:55.200,MO2508-C-7500,2.0,2.0,2.2
2025-08-06,2025-08-06 11:23:56.200,MO2508-C-7500,2.0,2.0,2.2
2025-08-06,2025-08-06 11:23:58.200,MO2508-C-7500,2.0,2.0,2.2
2025-08-06,2025-08-06 11:23:58.700,MO2508-C-7500,2.0,2.0,2.2
2025-08-06,2025-08-06 11:24:01.200,MO2508-C-7500,2.0,2.0,2.2
2025-08-06,2025-08-06 11:24:01.700,MO2508-C-7500,2.0,2.0,2.2
2025-08-06,2025-08-06 11:24:04.200,MO2508-C-7500,2.0,2.0,2.2
2025-08-06,2025-08-06 11:24:04.700,MO2508-C-7500,2.0,2.0,2.2
2025-08-06,2025-08-06 11:24:05.200,MO2508-C-7500,2.0,2.0,2.2
2025-08-06,2025-08-06 11:24:08.200,MO2508-C-7500,2.0,2.0,2.2
2025-08-06,2025-08-06 11:24:08.700,MO2508-C-7500,2.0,2.0,2.2
2025-08-06,2025-08-06 11:24:18.200,MO2508-C-7500,2.0,2.0,2.2
2025-08-06,2025-08-06 11:24:18.700,MO2508-C-7500,2.0,2.0,2.2
2025-08-06,2025-08-06 11:24:21.200,MO2508-C-7500,2.0,2.0,2.2
2025-08-06,2025-08-06 11:24:22.200,MO2508-C-7500,2.0,2.0,2.2
2025-08-06,2025-08-06 11:24:28.200,MO2508-C-7500,2.0,2.0,2.2
2025-08-06,2025-08-06 11:24:28.700,MO2508-C-7500,2.0,2.0,2.2
2025-08-06,2025-08-06 11:24:36.700,MO2508-C-7500,2.0,2.0,2.2
2025-08-06,2025-08-06 11:24:37.700,MO2508-C-7500,2.0,2.0,2.2
2025-08-06,2025-08-06 11:24:38.200,MO2508-C-7500,2.0,2.0,2.2
2025-08-06,2025-08-06 11:24:38.700,MO2508-C-7500,2.0,2.0,2.2
2025-08-06,2025-08-06 11:24:39.200,MO2508-C-7500,2.0,2.0,2.2
2025-08-06,2025-08-06 11:24:40.200,MO2508-C-7500,2.0,2.0,2.2
2025-08-06,2025-08-06 11:24:44.700,MO2508-C-7500,2.0,2.0,2.2
2025-08-06,2025-08-06 11:24:47.200,MO2508-C-7500,2.0,2.0,2.2
2025-08-06,2025-08-06 11:24:47.700,MO2508-C-7500,2.0,2.0,2.2
2025-08-06,2025-08-06 11:24:48.200,MO2508-C-7500,2.0,2.0,2.2
2025-08-06,2025-08-06 11:24:48.700,MO2508-C-7500,2.0,2.0,2.2
2025-08-06,2025-08-06 11:24:49.200,MO2508-C-7500,2.0,2.0,2.2
2025-08-06,2025-08-06 11:24:51.700,MO2508-C-7500,2.0,2.0,2.2
2025-08-06,2025-08-06 11:24:52.700,MO2508-C-7500,2.0,2.0,2.2
2025-08-06,2025-08-06 11:24:53.700,MO2508-C-7500,2.0,2.0,2.2
2025-08-06,2025-08-06 11:24:54.200,MO2508-C-7500,2.0,2.0,2.2
2025-08-06,2025-08-06 11:24:55.200,MO2508-C-7500,2.0,2.0,2.2
2025-08-06,2025-08-06 11:24:56.700,MO2508-C-7500,2.0,2.0,2.2
2025-08-06,2025-08-06 11:24:58.200,MO2508-C-7500,2.0,2.0,2.2
2025-08-06,2025-08-06 11:24:58.700,MO2508-C-7500,2.0,2.0,2.2
2025-08-06,2025-08-06 11:25:01.200,MO2508-C-7500,2.0,2.0,2.2
2025-08-06,2025-08-06 11:25:03.200,MO2508-C-7500,2.0,2.0,2.2
2025-08-06,2025-08-06 11:25:03.700,MO2508-C-7500,2.0,2.0,2.2
2025-08-06,2025-08-06 11:25:08.200,MO2508-C-7500,2.0,2.0,2.2
2025-08-06,2025-08-06 11:25:08.700,MO2508-C-7500,2.0,2.0,2.2
2025-08-06,2025-08-06 11:25:15.200,MO2508-C-7500,2.0,2.0,2.2
2025-08-06,2025-08-06 11:25:16.200,MO2508-C-7500,2.0,2.0,2.2
2025-08-06,2025-08-06 11:25:18.200,MO2508-C-7500,2.0,2.0,2.2
2025-08-06,2025-08-06 11:25:18.700,MO2508-C-7500,2.0,2.0,2.2
2025-08-06,2025-08-06 11:25:20.200,MO2508-C-7500,2.0,2.0,2.2
2025-08-06,2025-08-06 11:25:20.700,MO2508-C-7500,2.0,2.0,2.2
2025-08-06,2025-08-06 11:25:21.200,MO2508-C-7500,2.0,2.0,2.2
2025-08-06,2025-08-06 11:25:23.700,MO2508-C-7500,2.0,2.0,2.2
2025-08-06,2025-08-06 11:25:24.700,MO2508-C-7500,2.2,2.0,2.2
2025-08-06,2025-08-06 11:25:25.200,MO2508-C-7500,2.2,2.0,2.2
2025-08-06,2025-08-06 11:25:25.700,MO2508-C-7500,2.2,2.0,2.4
2025-08-06,2025-08-06 11:25:26.200,MO2508-C-7500,2.2,2.0,2.4
2025-08-06,2025-08-06 11:25:28.200,MO2508-C-7500,2.2,2.0,2.4
2025-08-06,2025-08-06 11:25:28.700,MO2508-C-7500,2.2,2.0,2.4
2025-08-06,2025-08-06 11:25:30.200,MO2508-C-7500,2.2,2.2,2.4
2025-08-06,2025-08-06 11:25:30.700,MO2508-C-7500,2.2,2.2,2.4
2025-08-06,2025-08-06 11:25:31.200,MO2508-C-7500,2.2,2.2,2.4
2025-08-06,2025-08-06 11:25:36.700,MO2508-C-7500,2.2,2.2,2.4
2025-08-06,2025-08-06 11:25:37.200,MO2508-C-7500,2.2,2.2,2.4
2025-08-06,2025-08-06 11:25:37.700,MO2508-C-7500,2.2,2.2,2.4
2025-08-06,2025-08-06 11:25:38.200,MO2508-C-7500,2.2,2.2,2.4
2025-08-06,2025-08-06 11:25:38.700,MO2508-C-7500,2.2,2.2,2.4
2025-08-06,2025-08-06 11:25:46.200,MO2508-C-7500,2.2,2.2,2.4
2025-08-06,2025-08-06 11:25:46.700,MO2508-C-7500,2.2,2.2,2.4
2025-08-06,2025-08-06 11:25:48.200,MO2508-C-7500,2.2,2.2,2.4
2025-08-06,2025-08-06 11:25:48.700,MO2508-C-7500,2.2,2.2,2.4
2025-08-06,2025-08-06 11:25:52.700,MO2508-C-7500,2.2,2.2,2.4
2025-08-06,2025-08-06 11:25:53.200,MO2508-C-7500,2.2,2.2,2.4
2025-08-06,2025-08-06 11:25:54.200,MO2508-C-7500,2.2,2.2,2.4
2025-08-06,2025-08-06 11:25:56.200,MO2508-C-7500,2.2,2.2,2.4
2025-08-06,2025-08-06 11:25:56.700,MO2508-C-7500,2.2,2.2,2.4
2025-08-06,2025-08-06 11:25:57.700,MO2508-C-7500,2.2,2.2,2.4
2025-08-06,2025-08-06 11:25:58.200,MO2508-C-7500,2.2,2.2,2.4
2025-08-06,2025-08-06 11:25:58.700,MO2508-C-7500,2.2,2.2,2.4
2025-08-06,2025-08-06 11:26:08.200,MO2508-C-7500,2.2,2.2,2.4
2025-08-06,2025-08-06 11:26:08.700,MO2508-C-7500,2.2,2.2,2.4
2025-08-06,2025-08-06 11:26:18.200,MO2508-C-7500,2.2,2.2,2.4
2025-08-06,2025-08-06 11:26:18.700,MO2508-C-7500,2.2,2.2,2.4
2025-08-06,2025-08-06 11:26:23.200,MO2508-C-7500,2.2,2.2,2.4
2025-08-06,2025-08-06 11:26:23.700,MO2508-C-7500,2.2,2.2,2.4
2025-08-06,2025-08-06 11:26:25.700,MO2508-C-7500,2.2,2.2,2.4
2025-08-06,2025-08-06 11:26:26.200,MO2508-C-7500,2.2,2.2,2.4
2025-08-06,2025-08-06 11:26:28.200,MO2508-C-7500,2.2,2.2,2.4
2025-08-06,2025-08-06 11:26:28.700,MO2508-C-7500,2.2,2.2,2.4
2025-08-06,2025-08-06 11:26:38.200,MO2508-C-7500,2.2,2.2,2.4
2025-08-06,2025-08-06 11:26:38.700,MO2508-C-7500,2.2,2.2,2.4
2025-08-06,2025-08-06 11:26:40.200,MO2508-C-7500,2.2,2.2,2.4
2025-08-06,2025-08-06 11:26:42.200,MO2508-C-7500,2.2,2.2,2.4
2025-08-06,2025-08-06 11:26:42.700,MO2508-C-7500,2.2,2.2,2.4
2025-08-06,2025-08-06 11:26:46.200,MO2508-C-7500,2.2,2.2,2.4
2025-08-06,2025-08-06 11:26:47.200,MO2508-C-7500,2.2,2.2,2.4
2025-08-06,2025-08-06 11:26:47.700,MO2508-C-7500,2.2,2.2,2.4
2025-08-06,2025-08-06 11:26:48.200,MO2508-C-7500,2.2,2.2,2.4
2025-08-06,2025-08-06 11:26:48.700,MO2508-C-7500,2.2,2.2,2.4
2025-08-06,2025-08-06 11:26:49.200,MO2508-C-7500,2.2,2.2,2.4
2025-08-06,2025-08-06 11:26:49.700,MO2508-C-7500,2.2,2.2,2.4
2025-08-06,2025-08-06 11:26:50.200,MO2508-C-7500,2.2,2.2,2.4
2025-08-06,2025-08-06 11:26:54.700,MO2508-C-7500,2.2,2.2,2.4
2025-08-06,2025-08-06 11:26:58.200,MO2508-C-7500,2.2,2.2,2.4
2025-08-06,2025-08-06 11:26:58.700,MO2508-C-7500,2.2,2.2,2.4
2025-08-06,2025-08-06 11:27:01.700,MO2508-C-7500,2.2,2.2,2.4
2025-08-06,2025-08-06 11:27:02.200,MO2508-C-7500,2.2,2.2,2.4
2025-08-06,2025-08-06 11:27:04.200,MO2508-C-7500,2.2,2.2,2.4
2025-08-06,2025-08-06 11:27:04.700,MO2508-C-7500,2.2,2.2,2.4
2025-08-06,2025-08-06 11:27:05.200,MO2508-C-7500,2.2,2.2,2.4
2025-08-06,2025-08-06 11:27:06.700,MO2508-C-7500,2.2,2.2,2.4
2025-08-06,2025-08-06 11:27:08.200,MO2508-C-7500,2.2,2.2,2.4
2025-08-06,2025-08-06 11:27:08.700,MO2508-C-7500,2.2,2.2,2.4
2025-08-06,2025-08-06 11:27:09.200,MO2508-C-7500,2.4,2.2,2.4
2025-08-06,2025-08-06 11:27:10.200,MO2508-C-7500,2.4,2.2,2.4
2025-08-06,2025-08-06 11:27:12.700,MO2508-C-7500,2.4,2.2,2.4
2025-08-06,2025-08-06 11:27:13.200,MO2508-C-7500,2.4,2.2,2.4
2025-08-06,2025-08-06 11:27:18.200,MO2508-C-7500,2.4,2.2,2.4
2025-08-06,2025-08-06 11:27:18.700,MO2508-C-7500,2.4,2.2,2.4
2025-08-06,2025-08-06 11:27:19.200,MO2508-C-7500,2.4,2.2,2.4
2025-08-06,2025-08-06 11:27:20.200,MO2508-C-7500,2.4,2.2,2.4
2025-08-06,2025-08-06 11:27:26.200,MO2508-C-7500,2.4,2.2,2.4
2025-08-06,2025-08-06 11:27:26.700,MO2508-C-7500,2.4,2.2,2.4
2025-08-06,2025-08-06 11:27:28.200,MO2508-C-7500,2.4,2.2,2.4
2025-08-06,2025-08-06 11:27:28.700,MO2508-C-7500,2.4,2.2,2.4
2025-08-06,2025-08-06 11:27:38.200,MO2508-C-7500,2.4,2.2,2.4
2025-08-06,2025-08-06 11:27:38.700,MO2508-C-7500,2.4,2.2,2.4
2025-08-06,2025-08-06 11:27:39.200,MO2508-C-7500,2.4,2.2,2.4
2025-08-06,2025-08-06 11:27:39.700,MO2508-C-7500,2.4,2.2,2.4
2025-08-06,2025-08-06 11:27:45.700,MO2508-C-7500,2.4,2.2,2.4
2025-08-06,2025-08-06 11:27:46.200,MO2508-C-7500,2.4,2.2,2.4
2025-08-06,2025-08-06 11:27:46.700,MO2508-C-7500,2.4,2.2,2.4
2025-08-06,2025-08-06 11:27:47.200,MO2508-C-7500,2.4,2.2,2.4
2025-08-06,2025-08-06 11:27:48.200,MO2508-C-7500,2.4,2.2,2.4
2025-08-06,2025-08-06 11:27:48.700,MO2508-C-7500,2.4,2.2,2.4
2025-08-06,2025-08-06 11:27:49.200,MO2508-C-7500,2.4,2.2,2.4
2025-08-06,2025-08-06 11:27:49.700,MO2508-C-7500,2.4,2.2,2.4
2025-08-06,2025-08-06 11:27:55.200,MO2508-C-7500,2.4,2.2,2.4
2025-08-06,2025-08-06 11:27:56.200,MO2508-C-7500,2.4,2.2,2.4
2025-08-06,2025-08-06 11:27:58.200,MO2508-C-7500,2.4,2.2,2.4
2025-08-06,2025-08-06 11:27:58.700,MO2508-C-7500,2.4,2.2,2.4
2025-08-06,2025-08-06 11:27:59.200,MO2508-C-7500,2.4,2.2,2.4
2025-08-06,2025-08-06 11:28:01.700,MO2508-C-7500,2.4,2.2,2.4
2025-08-06,2025-08-06 11:28:05.700,MO2508-C-7500,2.4,2.2,2.4
2025-08-06,2025-08-06 11:28:07.700,MO2508-C-7500,2.4,2.2,2.4
2025-08-06,2025-08-06 11:28:08.200,MO2508-C-7500,2.4,2.2,2.4
2025-08-06,2025-08-06 11:28:08.700,MO2508-C-7500,2.4,2.2,2.4
2025-08-06,2025-08-06 11:28:10.200,MO2508-C-7500,2.4,2.2,2.4
2025-08-06,2025-08-06 11:28:11.200,MO2508-C-7500,2.4,2.2,2.4
2025-08-06,2025-08-06 11:28:13.200,MO2508-C-7500,2.4,2.2,2.4
2025-08-06,2025-08-06 11:28:15.700,MO2508-C-7500,2.4,2.2,2.4
2025-08-06,2025-08-06 11:28:17.700,MO2508-C-7500,2.2,2.2,2.4
2025-08-06,2025-08-06 11:28:18.200,MO2508-C-7500,2.2,2.2,2.4
2025-08-06,2025-08-06 11:28:18.700,MO2508-C-7500,2.2,2.2,2.4
2025-08-06,2025-08-06 11:28:19.200,MO2508-C-7500,2.2,2.2,2.4
2025-08-06,2025-08-06 11:28:20.200,MO2508-C-7500,2.2,2.2,2.4
2025-08-06,2025-08-06 11:28:22.700,MO2508-C-7500,2.2,2.2,2.4
2025-08-06,2025-08-06 11:28:28.200,MO2508-C-7500,2.2,2.2,2.4
2025-08-06,2025-08-06 11:28:28.700,MO2508-C-7500,2.2,2.2,2.4
2025-08-06,2025-08-06 11:28:38.200,MO2508-C-7500,2.2,2.2,2.4
2025-08-06,2025-08-06 11:28:38.700,MO2508-C-7500,2.2,2.2,2.4
2025-08-06,2025-08-06 11:28:41.700,MO2508-C-7500,2.4,2.2,2.4
2025-08-06,2025-08-06 11:28:42.200,MO2508-C-7500,2.4,2.2,2.4
2025-08-06,2025-08-06 11:28:46.700,MO2508-C-7500,2.4,2.2,2.4
2025-08-06,2025-08-06 11:28:47.200,MO2508-C-7500,2.4,2.2,2.4
2025-08-06,2025-08-06 11:28:48.200,MO2508-C-7500,2.4,2.2,2.4
2025-08-06,2025-08-06 11:28:48.700,MO2508-C-7500,2.4,2.2,2.4
2025-08-06,2025-08-06 11:28:54.700,MO2508-C-7500,2.4,2.2,2.4
2025-08-06,2025-08-06 11:28:55.200,MO2508-C-7500,2.4,2.2,2.4
2025-08-06,2025-08-06 11:28:58.200,MO2508-C-7500,2.4,2.2,2.4
2025-08-06,2025-08-06 11:28:58.700,MO2508-C-7500,2.4,2.2,2.4
2025-08-06,2025-08-06 11:29:00.700,MO2508-C-7500,2.4,2.2,2.4
2025-08-06,2025-08-06 11:29:08.200,MO2508-C-7500,2.4,2.2,2.4
2025-08-06,2025-08-06 11:29:08.700,MO2508-C-7500,2.4,2.2,2.4
2025-08-06,2025-08-06 11:29:09.200,MO2508-C-7500,2.4,2.2,2.4
2025-08-06,2025-08-06 11:29:09.700,MO2508-C-7500,2.4,2.2,2.4
2025-08-06,2025-08-06 11:29:10.200,MO2508-C-7500,2.4,2.2,2.4
2025-08-06,2025-08-06 11:29:10.700,MO2508-C-7500,2.4,2.2,2.4
2025-08-06,2025-08-06 11:29:14.700,MO2508-C-7500,2.4,2.2,2.4
2025-08-06,2025-08-06 11:29:18.200,MO2508-C-7500,2.4,2.2,2.4
2025-08-06,2025-08-06 11:29:18.700,MO2508-C-7500,2.4,2.2,2.4
2025-08-06,2025-08-06 11:29:20.700,MO2508-C-7500,2.4,2.2,2.4
2025-08-06,2025-08-06 11:29:21.700,MO2508-C-7500,2.4,2.2,2.4
2025-08-06,2025-08-06 11:29:22.200,MO2508-C-7500,2.4,2.2,2.4
2025-08-06,2025-08-06 11:29:25.700,MO2508-C-7500,2.4,2.2,2.4
2025-08-06,2025-08-06 11:29:28.200,MO2508-C-7500,2.4,2.2,2.4
2025-08-06,2025-08-06 11:29:28.700,MO2508-C-7500,2.4,2.2,2.4
2025-08-06,2025-08-06 11:29:29.700,MO2508-C-7500,2.4,2.2,2.4
2025-08-06,2025-08-06 11:29:30.700,MO2508-C-7500,2.4,2.2,2.4
2025-08-06,2025-08-06 11:29:31.200,MO2508-C-7500,2.4,2.2,2.4
2025-08-06,2025-08-06 11:29:31.700,MO2508-C-7500,2.4,2.2,2.4
2025-08-06,2025-08-06 11:29:32.700,MO2508-C-7500,2.4,2.2,2.4
2025-08-06,2025-08-06 11:29:33.200,MO2508-C-7500,2.4,2.2,2.4
2025-08-06,2025-08-06 11:29:33.700,MO2508-C-7500,2.4,2.2,2.4
2025-08-06,2025-08-06 11:29:34.700,MO2508-C-7500,2.4,2.2,2.4
2025-08-06,2025-08-06 11:29:36.200,MO2508-C-7500,2.4,2.2,2.4
2025-08-06,2025-08-06 11:29:38.200,MO2508-C-7500,2.4,2.2,2.4
2025-08-06,2025-08-06 11:29:38.700,MO2508-C-7500,2.4,2.2,2.4
2025-08-06,2025-08-06 11:29:39.200,MO2508-C-7500,2.4,2.2,2.4
2025-08-06,2025-08-06 11:29:40.700,MO2508-C-7500,2.4,2.2,2.4
2025-08-06,2025-08-06 11:29:41.700,MO2508-C-7500,2.4,2.2,2.4
2025-08-06,2025-08-06 11:29:42.700,MO2508-C-7500,2.4,2.2,2.4
2025-08-06,2025-08-06 11:29:45.200,MO2508-C-7500,2.4,2.2,2.4
2025-08-06,2025-08-06 11:29:45.700,MO2508-C-7500,2.4,2.2,2.4
2025-08-06,2025-08-06 11:29:46.200,MO2508-C-7500,2.4,2.2,2.4
2025-08-06,2025-08-06 11:29:46.700,MO2508-C-7500,2.4,2.2,2.4
2025-08-06,2025-08-06 11:29:48.200,MO2508-C-7500,2.4,2.2,2.4
2025-08-06,2025-08-06 11:29:48.700,MO2508-C-7500,2.4,2.2,2.4
2025-08-06,2025-08-06 11:29:52.200,MO2508-C-7500,2.4,2.2,2.4
2025-08-06,2025-08-06 11:29:54.700,MO2508-C-7500,2.4,2.0,2.4
2025-08-06,2025-08-06 11:29:59.700,MO2508-C-7500,2.4,2.0,2.4
2025-08-06,2025-08-06 13:00:00.200,MO2508-C-7500,2.4,2.0,2.4
2025-08-06,2025-08-06 13:00:00.700,MO2508-C-7500,2.4,2.2,2.4
2025-08-06,2025-08-06 13:00:01.200,MO2508-C-7500,2.4,2.2,2.4
2025-08-06,2025-08-06 13:00:02.200,MO2508-C-7500,2.4,2.2,2.4
2025-08-06,2025-08-06 13:00:03.200,MO2508-C-7500,2.4,2.2,2.8
2025-08-06,2025-08-06 13:00:03.700,MO2508-C-7500,2.4,2.2,2.8
2025-08-06,2025-08-06 13:00:09.700,MO2508-C-7500,2.4,2.2,2.6
2025-08-06,2025-08-06 13:00:10.200,MO2508-C-7500,2.4,2.2,2.6
2025-08-06,2025-08-06 13:00:10.700,MO2508-C-7500,2.4,2.2,2.6
2025-08-06,2025-08-06 13:00:11.200,MO2508-C-7500,2.4,2.2,2.6
2025-08-06,2025-08-06 13:00:12.200,MO2508-C-7500,2.4,2.2,2.6
2025-08-06,2025-08-06 13:00:12.700,MO2508-C-7500,2.4,2.2,2.6
2025-08-06,2025-08-06 13:00:15.200,MO2508-C-7500,2.4,2.2,2.6
2025-08-06,2025-08-06 13:00:15.700,MO2508-C-7500,2.4,2.2,2.6
2025-08-06,2025-08-06 13:00:16.200,MO2508-C-7500,2.4,2.2,2.6
2025-08-06,2025-08-06 13:00:16.700,MO2508-C-7500,2.4,2.2,2.6
2025-08-06,2025-08-06 13:00:18.200,MO2508-C-7500,2.4,2.2,2.6
2025-08-06,2025-08-06 13:00:18.700,MO2508-C-7500,2.4,2.2,2.6
2025-08-06,2025-08-06 13:00:19.200,MO2508-C-7500,2.4,2.2,2.6
2025-08-06,2025-08-06 13:00:19.700,MO2508-C-7500,2.4,2.2,2.6
2025-08-06,2025-08-06 13:00:20.200,MO2508-C-7500,2.4,2.2,2.6
2025-08-06,2025-08-06 13:00:20.700,MO2508-C-7500,2.4,2.2,2.6
2025-08-06,2025-08-06 13:00:21.200,MO2508-C-7500,2.4,2.4,2.6
2025-08-06,2025-08-06 13:00:21.700,MO2508-C-7500,2.4,2.4,2.6
2025-08-06,2025-08-06 13:00:22.200,MO2508-C-7500,2.4,2.4,2.6
2025-08-06,2025-08-06 13:00:23.200,MO2508-C-7500,2.4,2.4,2.6
2025-08-06,2025-08-06 13:00:23.700,MO2508-C-7500,2.4,2.4,2.6
2025-08-06,2025-08-06 13:00:24.200,MO2508-C-7500,2.4,2.4,2.6
2025-08-06,2025-08-06 13:00:24.700,MO2508-C-7500,2.4,2.4,2.6
2025-08-06,2025-08-06 13:00:25.700,MO2508-C-7500,2.6,2.4,2.6
2025-08-06,2025-08-06 13:00:26.200,MO2508-C-7500,2.6,2.4,2.6
2025-08-06,2025-08-06 13:00:26.700,MO2508-C-7500,2.6,2.4,2.6
2025-08-06,2025-08-06 13:00:27.200,MO2508-C-7500,2.6,2.4,2.6
2025-08-06,2025-08-06 13:00:27.700,MO2508-C-7500,2.6,2.4,2.6
2025-08-06,2025-08-06 13:00:29.700,MO2508-C-7500,2.6,2.4,2.6
2025-08-06,2025-08-06 13:00:31.200,MO2508-C-7500,2.6,2.4,2.6
2025-08-06,2025-08-06 13:00:31.700,MO2508-C-7500,2.6,2.4,2.6
2025-08-06,2025-08-06 13:00:35.200,MO2508-C-7500,2.6,2.4,2.6
2025-08-06,2025-08-06 13:00:35.700,MO2508-C-7500,2.6,2.4,2.6
2025-08-06,2025-08-06 13:00:36.200,MO2508-C-7500,2.6,2.4,2.6
2025-08-06,2025-08-06 13:00:39.700,MO2508-C-7500,2.6,2.4,2.6
2025-08-06,2025-08-06 13:00:40.200,MO2508-C-7500,2.6,2.4,2.6
2025-08-06,2025-08-06 13:00:44.700,MO2508-C-7500,2.6,2.4,2.6
2025-08-06,2025-08-06 13:00:45.200,MO2508-C-7500,2.6,2.4,2.6
2025-08-06,2025-08-06 13:00:46.700,MO2508-C-7500,2.6,2.4,2.6
2025-08-06,2025-08-06 13:00:48.700,MO2508-C-7500,2.6,2.4,2.6
2025-08-06,2025-08-06 13:00:50.200,MO2508-C-7500,2.6,2.4,2.6
2025-08-06,2025-08-06 13:00:51.200,MO2508-C-7500,2.6,2.4,2.8
2025-08-06,2025-08-06 13:00:51.700,MO2508-C-7500,2.6,2.4,2.8
2025-08-06,2025-08-06 13:00:52.700,MO2508-C-7500,2.6,2.4,2.6
2025-08-06,2025-08-06 13:00:53.200,MO2508-C-7500,2.6,2.4,2.6
2025-08-06,2025-08-06 13:00:55.200,MO2508-C-7500,2.6,2.4,2.6
2025-08-06,2025-08-06 13:00:55.700,MO2508-C-7500,2.6,2.4,2.6
2025-08-06,2025-08-06 13:00:56.200,MO2508-C-7500,2.6,2.4,2.6
2025-08-06,2025-08-06 13:00:57.200,MO2508-C-7500,2.6,2.4,2.6
2025-08-06,2025-08-06 13:00:58.200,MO2508-C-7500,2.6,2.4,2.6
2025-08-06,2025-08-06 13:00:59.200,MO2508-C-7500,2.6,2.4,2.6
2025-08-06,2025-08-06 13:00:59.700,MO2508-C-7500,2.6,2.4,2.6
2025-08-06,2025-08-06 13:01:00.200,MO2508-C-7500,2.6,2.4,2.6
2025-08-06,2025-08-06 13:01:02.200,MO2508-C-7500,2.6,2.4,2.6
2025-08-06,2025-08-06 13:01:05.700,MO2508-C-7500,2.6,2.4,2.6
2025-08-06,2025-08-06 13:01:07.700,MO2508-C-7500,2.6,2.4,2.6
2025-08-06,2025-08-06 13:01:08.200,MO2508-C-7500,2.6,2.4,2.6
2025-08-06,2025-08-06 13:01:11.200,MO2508-C-7500,2.6,2.4,2.6
2025-08-06,2025-08-06 13:01:14.200,MO2508-C-7500,2.6,2.4,2.6
2025-08-06,2025-08-06 13:01:14.700,MO2508-C-7500,2.6,2.4,2.6
2025-08-06,2025-08-06 13:01:15.200,MO2508-C-7500,2.6,2.4,2.6
2025-08-06,2025-08-06 13:01:15.700,MO2508-C-7500,2.6,2.4,2.6
2025-08-06,2025-08-06 13:01:16.700,MO2508-C-7500,2.6,2.4,2.6
2025-08-06,2025-08-06 13:01:17.700,MO2508-C-7500,2.6,2.4,2.6
2025-08-06,2025-08-06 13:01:18.200,MO2508-C-7500,2.6,2.4,2.6
2025-08-06,2025-08-06 13:01:19.200,MO2508-C-7500,2.6,2.4,2.6
2025-08-06,2025-08-06 13:01:19.700,MO2508-C-7500,2.6,2.4,2.6
2025-08-06,2025-08-06 13:01:20.700,MO2508-C-7500,2.6,2.4,2.6
2025-08-06,2025-08-06 13:01:21.700,MO2508-C-7500,2.6,2.4,2.6
2025-08-06,2025-08-06 13:01:26.200,MO2508-C-7500,2.6,2.4,2.6
2025-08-06,2025-08-06 13:01:27.200,MO2508-C-7500,2.6,2.4,2.6
2025-08-06,2025-08-06 13:01:27.700,MO2508-C-7500,2.6,2.4,2.6
2025-08-06,2025-08-06 13:01:28.200,MO2508-C-7500,2.6,2.4,2.6
2025-08-06,2025-08-06 13:01:29.700,MO2508-C-7500,2.6,2.4,2.6
2025-08-06,2025-08-06 13:01:31.700,MO2508-C-7500,2.6,2.6,2.8
2025-08-06,2025-08-06 13:01:32.200,MO2508-C-7500,2.6,2.6,2.8
2025-08-06,2025-08-06 13:01:32.700,MO2508-C-7500,2.6,2.6,2.8
2025-08-06,2025-08-06 13:01:33.200,MO2508-C-7500,2.6,2.6,2.8
2025-08-06,2025-08-06 13:01:34.700,MO2508-C-7500,2.6,2.6,2.8
2025-08-06,2025-08-06 13:01:35.200,MO2508-C-7500,2.6,2.6,2.8
2025-08-06,2025-08-06 13:01:36.700,MO2508-C-7500,2.6,2.6,2.8
2025-08-06,2025-08-06 13:01:37.200,MO2508-C-7500,2.6,2.6,2.8
2025-08-06,2025-08-06 13:01:37.700,MO2508-C-7500,2.6,2.6,2.8
2025-08-06,2025-08-06 13:01:38.200,MO2508-C-7500,2.6,2.6,2.8
2025-08-06,2025-08-06 13:01:46.700,MO2508-C-7500,2.6,2.6,2.8
2025-08-06,2025-08-06 13:01:47.200,MO2508-C-7500,2.6,2.6,2.8
2025-08-06,2025-08-06 13:01:47.700,MO2508-C-7500,2.6,2.6,2.8
2025-08-06,2025-08-06 13:01:48.200,MO2508-C-7500,2.6,2.6,2.8
2025-08-06,2025-08-06 13:01:48.700,MO2508-C-7500,2.6,2.6,2.8
2025-08-06,2025-08-06 13:01:51.700,MO2508-C-7500,2.6,2.6,2.8
2025-08-06,2025-08-06 13:01:52.200,MO2508-C-7500,2.6,2.6,2.8
2025-08-06,2025-08-06 13:01:56.700,MO2508-C-7500,2.6,2.6,2.8
2025-08-06,2025-08-06 13:01:57.700,MO2508-C-7500,2.6,2.6,2.8
2025-08-06,2025-08-06 13:01:58.200,MO2508-C-7500,2.6,2.6,2.8
2025-08-06,2025-08-06 13:01:59.200,MO2508-C-7500,2.6,2.6,2.8
2025-08-06,2025-08-06 13:01:59.700,MO2508-C-7500,2.6,2.6,2.8
2025-08-06,2025-08-06 13:02:05.700,MO2508-C-7500,2.6,2.6,2.8
2025-08-06,2025-08-06 13:02:06.700,MO2508-C-7500,2.6,2.6,2.8
2025-08-06,2025-08-06 13:02:07.700,MO2508-C-7500,2.6,2.6,2.8
2025-08-06,2025-08-06 13:02:08.200,MO2508-C-7500,2.6,2.6,2.8
2025-08-06,2025-08-06 13:02:09.200,MO2508-C-7500,2.6,2.6,2.8
2025-08-06,2025-08-06 13:02:15.700,MO2508-C-7500,2.6,2.6,2.8
2025-08-06,2025-08-06 13:02:16.200,MO2508-C-7500,2.6,2.6,2.8
2025-08-06,2025-08-06 13:02:17.200,MO2508-C-7500,2.6,2.4,2.6
2025-08-06,2025-08-06 13:02:17.700,MO2508-C-7500,2.6,2.4,2.6
2025-08-06,2025-08-06 13:02:18.200,MO2508-C-7500,2.6,2.4,2.6
2025-08-06,2025-08-06 13:02:20.200,MO2508-C-7500,2.6,2.4,2.6
2025-08-06,2025-08-06 13:02:21.200,MO2508-C-7500,2.6,2.4,2.6
2025-08-06,2025-08-06 13:02:22.700,MO2508-C-7500,2.6,2.4,2.6
2025-08-06,2025-08-06 13:02:23.200,MO2508-C-7500,2.6,2.4,2.6
2025-08-06,2025-08-06 13:02:23.700,MO2508-C-7500,2.6,2.4,2.6
2025-08-06,2025-08-06 13:02:24.200,MO2508-C-7500,2.6,2.4,2.6
2025-08-06,2025-08-06 13:02:24.700,MO2508-C-7500,2.6,2.4,2.6
2025-08-06,2025-08-06 13:02:25.200,MO2508-C-7500,2.6,2.4,2.6
2025-08-06,2025-08-06 13:02:25.700,MO2508-C-7500,2.6,2.4,2.6
2025-08-06,2025-08-06 13:02:26.700,MO2508-C-7500,2.6,2.4,2.6
2025-08-06,2025-08-06 13:02:27.700,MO2508-C-7500,2.6,2.4,2.6
2025-08-06,2025-08-06 13:02:28.200,MO2508-C-7500,2.6,2.4,2.6
2025-08-06,2025-08-06 13:02:31.700,MO2508-C-7500,2.6,2.4,2.6
2025-08-06,2025-08-06 13:02:34.700,MO2508-C-7500,2.6,2.4,2.6
2025-08-06,2025-08-06 13:02:36.200,MO2508-C-7500,2.6,2.4,2.6
2025-08-06,2025-08-06 13:02:36.700,MO2508-C-7500,2.6,2.4,2.6
2025-08-06,2025-08-06 13:02:37.700,MO2508-C-7500,2.6,2.4,2.6
2025-08-06,2025-08-06 13:02:38.200,MO2508-C-7500,2.6,2.4,2.6
2025-08-06,2025-08-06 13:02:38.700,MO2508-C-7500,2.6,2.4,2.6
2025-08-06,2025-08-06 13:02:46.200,MO2508-C-7500,2.6,2.4,2.6
2025-08-06,2025-08-06 13:02:47.200,MO2508-C-7500,2.6,2.4,2.6
2025-08-06,2025-08-06 13:02:47.700,MO2508-C-7500,2.6,2.4,2.6
2025-08-06,2025-08-06 13:02:48.200,MO2508-C-7500,2.6,2.4,2.6
2025-08-06,2025-08-06 13:02:53.700,MO2508-C-7500,2.6,2.4,2.6
2025-08-06,2025-08-06 13:02:57.700,MO2508-C-7500,2.6,2.4,2.6
2025-08-06,2025-08-06 13:02:58.200,MO2508-C-7500,2.6,2.4,2.6
2025-08-06,2025-08-06 13:03:01.700,MO2508-C-7500,2.6,2.4,2.6
2025-08-06,2025-08-06 13:03:07.200,MO2508-C-7500,2.6,2.4,2.6
2025-08-06,2025-08-06 13:03:07.700,MO2508-C-7500,2.6,2.4,2.6
2025-08-06,2025-08-06 13:03:08.200,MO2508-C-7500,2.6,2.4,2.6
2025-08-06,2025-08-06 13:03:09.200,MO2508-C-7500,2.6,2.4,2.6
2025-08-06,2025-08-06 13:03:15.200,MO2508-C-7500,2.6,2.4,2.6
2025-08-06,2025-08-06 13:03:17.700,MO2508-C-7500,2.6,2.4,2.6
2025-08-06,2025-08-06 13:03:18.200,MO2508-C-7500,2.6,2.4,2.6
2025-08-06,2025-08-06 13:03:19.200,MO2508-C-7500,2.6,2.4,2.6
2025-08-06,2025-08-06 13:03:19.700,MO2508-C-7500,2.6,2.4,2.6
2025-08-06,2025-08-06 13:03:21.200,MO2508-C-7500,2.6,2.4,2.6
2025-08-06,2025-08-06 13:03:26.200,MO2508-C-7500,2.4,2.4,2.6
2025-08-06,2025-08-06 13:03:26.700,MO2508-C-7500,2.4,2.4,2.6
2025-08-06,2025-08-06 13:03:27.700,MO2508-C-7500,2.4,2.4,2.6
2025-08-06,2025-08-06 13:03:28.200,MO2508-C-7500,2.4,2.4,2.6
2025-08-06,2025-08-06 13:03:36.700,MO2508-C-7500,2.4,2.4,2.6
2025-08-06,2025-08-06 13:03:37.200,MO2508-C-7500,2.4,2.4,2.6
2025-08-06,2025-08-06 13:03:37.700,MO2508-C-7500,2.4,2.4,2.6
2025-08-06,2025-08-06 13:03:38.200,MO2508-C-7500,2.4,2.4,2.6
2025-08-06,2025-08-06 13:03:38.700,MO2508-C-7500,2.4,2.4,2.6
2025-08-06,2025-08-06 13:03:40.200,MO2508-C-7500,2.4,2.4,2.6
2025-08-06,2025-08-06 13:03:40.700,MO2508-C-7500,2.4,2.4,2.6
2025-08-06,2025-08-06 13:03:47.700,MO2508-C-7500,2.4,2.4,2.6
2025-08-06,2025-08-06 13:03:48.200,MO2508-C-7500,2.4,2.4,2.6
2025-08-06,2025-08-06 13:03:51.700,MO2508-C-7500,2.4,2.4,2.6
2025-08-06,2025-08-06 13:03:52.200,MO2508-C-7500,2.4,2.4,2.6
2025-08-06,2025-08-06 13:03:52.700,MO2508-C-7500,2.4,2.4,2.6
2025-08-06,2025-08-06 13:03:57.700,MO2508-C-7500,2.4,2.4,2.6
2025-08-06,2025-08-06 13:03:58.200,MO2508-C-7500,2.4,2.4,2.6
2025-08-06,2025-08-06 13:03:58.700,MO2508-C-7500,2.4,2.4,2.6
2025-08-06,2025-08-06 13:04:02.700,MO2508-C-7500,2.4,2.4,2.6
2025-08-06,2025-08-06 13:04:03.200,MO2508-C-7500,2.4,2.4,2.6
2025-08-06,2025-08-06 13:04:05.200,MO2508-C-7500,2.4,2.4,2.6
2025-08-06,2025-08-06 13:04:05.700,MO2508-C-7500,2.4,2.4,2.6
2025-08-06,2025-08-06 13:04:07.700,MO2508-C-7500,2.4,2.4,2.6
2025-08-06,2025-08-06 13:04:08.200,MO2508-C-7500,2.4,2.4,2.6
2025-08-06,2025-08-06 13:04:14.200,MO2508-C-7500,2.4,2.4,2.6
2025-08-06,2025-08-06 13:04:17.700,MO2508-C-7500,2.4,2.4,2.6
2025-08-06,2025-08-06 13:04:18.200,MO2508-C-7500,2.4,2.4,2.6
2025-08-06,2025-08-06 13:04:20.200,MO2508-C-7500,2.4,2.4,2.6
2025-08-06,2025-08-06 13:04:20.700,MO2508-C-7500,2.4,2.4,2.6
2025-08-06,2025-08-06 13:04:27.700,MO2508-C-7500,2.4,2.4,2.6
2025-08-06,2025-08-06 13:04:28.200,MO2508-C-7500,2.4,2.4,2.6
2025-08-06,2025-08-06 13:04:29.200,MO2508-C-7500,2.4,2.4,2.6
2025-08-06,2025-08-06 13:04:29.700,MO2508-C-7500,2.4,2.4,2.6
2025-08-06,2025-08-06 13:04:32.200,MO2508-C-7500,2.4,2.4,2.6
2025-08-06,2025-08-06 13:04:32.700,MO2508-C-7500,2.4,2.4,2.6
2025-08-06,2025-08-06 13:04:33.200,MO2508-C-7500,2.4,2.4,2.6
2025-08-06,2025-08-06 13:04:37.700,MO2508-C-7500,2.4,2.4,2.6
2025-08-06,2025-08-06 13:04:38.200,MO2508-C-7500,2.4,2.4,2.6
2025-08-06,2025-08-06 13:04:38.700,MO2508-C-7500,2.4,2.4,2.6
2025-08-06,2025-08-06 13:04:43.200,MO2508-C-7500,2.4,2.4,2.6
2025-08-06,2025-08-06 13:04:47.700,MO2508-C-7500,2.4,2.4,2.6
2025-08-06,2025-08-06 13:04:48.200,MO2508-C-7500,2.4,2.4,2.6
2025-08-06,2025-08-06 13:04:52.200,MO2508-C-7500,2.4,2.4,2.6
2025-08-06,2025-08-06 13:04:56.700,MO2508-C-7500,2.4,2.4,2.6
2025-08-06,2025-08-06 13:04:57.200,MO2508-C-7500,2.4,2.4,2.6
2025-08-06,2025-08-06 13:04:57.700,MO2508-C-7500,2.4,2.4,2.6
2025-08-06,2025-08-06 13:04:58.200,MO2508-C-7500,2.4,2.4,2.6
2025-08-06,2025-08-06 13:05:02.700,MO2508-C-7500,2.4,2.4,2.6
2025-08-06,2025-08-06 13:05:03.200,MO2508-C-7500,2.4,2.4,2.6
2025-08-06,2025-08-06 13:05:07.700,MO2508-C-7500,2.4,2.4,2.6
2025-08-06,2025-08-06 13:05:08.200,MO2508-C-7500,2.4,2.4,2.6
2025-08-06,2025-08-06 13:05:17.700,MO2508-C-7500,2.4,2.4,2.6
2025-08-06,2025-08-06 13:05:18.200,MO2508-C-7500,2.4,2.4,2.6
2025-08-06,2025-08-06 13:05:18.700,MO2508-C-7500,2.4,2.4,2.6
2025-08-06,2025-08-06 13:05:19.200,MO2508-C-7500,2.4,2.4,2.6
2025-08-06,2025-08-06 13:05:21.200,MO2508-C-7500,2.4,2.4,2.6
2025-08-06,2025-08-06 13:05:21.700,MO2508-C-7500,2.4,2.4,2.6
2025-08-06,2025-08-06 13:05:24.700,MO2508-C-7500,2.4,2.4,2.6
2025-08-06,2025-08-06 13:05:25.200,MO2508-C-7500,2.4,2.4,2.6
2025-08-06,2025-08-06 13:05:27.200,MO2508-C-7500,2.4,2.4,2.6
2025-08-06,2025-08-06 13:05:27.700,MO2508-C-7500,2.4,2.4,2.6
2025-08-06,2025-08-06 13:05:28.200,MO2508-C-7500,2.4,2.4,2.6
2025-08-06,2025-08-06 13:05:30.200,MO2508-C-7500,2.4,2.4,2.6
2025-08-06,2025-08-06 13:05:37.700,MO2508-C-7500,2.4,2.4,2.6
2025-08-06,2025-08-06 13:05:38.200,MO2508-C-7500,2.4,2.4,2.6
2025-08-06,2025-08-06 13:05:43.700,MO2508-C-7500,2.4,2.4,2.6
2025-08-06,2025-08-06 13:05:47.700,MO2508-C-7500,2.4,2.4,2.6
2025-08-06,2025-08-06 13:05:48.200,MO2508-C-7500,2.4,2.4,2.6
2025-08-06,2025-08-06 13:05:55.700,MO2508-C-7500,2.4,2.4,2.6
2025-08-06,2025-08-06 13:05:57.700,MO2508-C-7500,2.4,2.4,2.6
2025-08-06,2025-08-06 13:05:58.200,MO2508-C-7500,2.4,2.4,2.6
2025-08-06,2025-08-06 13:06:00.700,MO2508-C-7500,2.4,2.4,2.6
2025-08-06,2025-08-06 13:06:01.200,MO2508-C-7500,2.4,2.4,2.6
2025-08-06,2025-08-06 13:06:05.700,MO2508-C-7500,2.4,2.4,2.6
2025-08-06,2025-08-06 13:06:07.700,MO2508-C-7500,2.4,2.4,2.6
2025-08-06,2025-08-06 13:06:08.200,MO2508-C-7500,2.4,2.4,2.6
2025-08-06,2025-08-06 13:06:17.700,MO2508-C-7500,2.4,2.4,2.6
2025-08-06,2025-08-06 13:06:18.200,MO2508-C-7500,2.4,2.4,2.6
2025-08-06,2025-08-06 13:06:18.700,MO2508-C-7500,2.4,2.4,2.6
2025-08-06,2025-08-06 13:06:22.200,MO2508-C-7500,2.6,2.6,2.8
2025-08-06,2025-08-06 13:06:22.700,MO2508-C-7500,2.6,2.6,2.8
2025-08-06,2025-08-06 13:06:23.200,MO2508-C-7500,2.6,2.6,2.8
2025-08-06,2025-08-06 13:06:23.700,MO2508-C-7500,2.6,2.6,2.8
2025-08-06,2025-08-06 13:06:24.200,MO2508-C-7500,2.6,2.6,2.8
2025-08-06,2025-08-06 13:06:27.700,MO2508-C-7500,2.6,2.6,2.8
2025-08-06,2025-08-06 13:06:28.200,MO2508-C-7500,2.6,2.6,2.8
2025-08-06,2025-08-06 13:06:29.200,MO2508-C-7500,2.6,2.6,2.8
2025-08-06,2025-08-06 13:06:31.200,MO2508-C-7500,2.6,2.6,2.8
2025-08-06,2025-08-06 13:06:31.700,MO2508-C-7500,2.6,2.6,2.8
2025-08-06,2025-08-06 13:06:32.700,MO2508-C-7500,2.6,2.6,2.8
2025-08-06,2025-08-06 13:06:37.700,MO2508-C-7500,2.6,2.6,2.8
2025-08-06,2025-08-06 13:06:38.200,MO2508-C-7500,2.6,2.6,2.8
2025-08-06,2025-08-06 13:06:47.700,MO2508-C-7500,2.6,2.6,2.8
2025-08-06,2025-08-06 13:06:48.200,MO2508-C-7500,2.6,2.6,2.8
2025-08-06,2025-08-06 13:06:57.700,MO2508-C-7500,2.6,2.6,2.8
2025-08-06,2025-08-06 13:06:58.200,MO2508-C-7500,2.6,2.6,2.8
2025-08-06,2025-08-06 13:07:06.200,MO2508-C-7500,2.6,2.6,2.8
2025-08-06,2025-08-06 13:07:07.700,MO2508-C-7500,2.6,2.6,2.8
2025-08-06,2025-08-06 13:07:08.200,MO2508-C-7500,2.6,2.6,2.8
2025-08-06,2025-08-06 13:07:10.200,MO2508-C-7500,2.6,2.6,2.8
2025-08-06,2025-08-06 13:07:11.200,MO2508-C-7500,2.6,2.6,2.8
2025-08-06,2025-08-06 13:07:12.200,MO2508-C-7500,2.6,2.6,2.8
2025-08-06,2025-08-06 13:07:12.700,MO2508-C-7500,2.6,2.4,2.8
2025-08-06,2025-08-06 13:07:13.200,MO2508-C-7500,2.6,2.4,2.8
2025-08-06,2025-08-06 13:07:13.700,MO2508-C-7500,2.6,2.4,2.8
2025-08-06,2025-08-06 13:07:15.200,MO2508-C-7500,2.6,2.4,2.8
2025-08-06,2025-08-06 13:07:15.700,MO2508-C-7500,2.6,2.4,2.8
2025-08-06,2025-08-06 13:07:16.200,MO2508-C-7500,2.6,2.4,2.8
2025-08-06,2025-08-06 13:07:16.700,MO2508-C-7500,2.6,2.4,2.8
2025-08-06,2025-08-06 13:07:17.700,MO2508-C-7500,2.6,2.4,2.8
2025-08-06,2025-08-06 13:07:18.200,MO2508-C-7500,2.6,2.4,2.8
2025-08-06,2025-08-06 13:07:20.200,MO2508-C-7500,2.6,2.4,2.8
2025-08-06,2025-08-06 13:07:27.700,MO2508-C-7500,2.6,2.4,2.8
2025-08-06,2025-08-06 13:07:28.200,MO2508-C-7500,2.6,2.4,2.8
2025-08-06,2025-08-06 13:07:29.200,MO2508-C-7500,2.6,2.4,2.8
2025-08-06,2025-08-06 13:07:31.700,MO2508-C-7500,2.6,2.4,2.8
2025-08-06,2025-08-06 13:07:32.200,MO2508-C-7500,2.6,2.4,2.8
2025-08-06,2025-08-06 13:07:37.700,MO2508-C-7500,2.6,2.4,2.8
2025-08-06,2025-08-06 13:07:38.200,MO2508-C-7500,2.6,2.4,2.8
2025-08-06,2025-08-06 13:07:40.200,MO2508-C-7500,2.6,2.4,2.8
2025-08-06,2025-08-06 13:07:41.200,MO2508-C-7500,2.6,2.4,2.8
2025-08-06,2025-08-06 13:07:41.700,MO2508-C-7500,2.6,2.4,2.8
2025-08-06,2025-08-06 13:07:42.200,MO2508-C-7500,2.6,2.4,2.8
2025-08-06,2025-08-06 13:07:42.700,MO2508-C-7500,2.6,2.4,2.8
2025-08-06,2025-08-06 13:07:43.200,MO2508-C-7500,2.6,2.4,2.8
2025-08-06,2025-08-06 13:07:47.700,MO2508-C-7500,2.6,2.4,2.8
2025-08-06,2025-08-06 13:07:48.200,MO2508-C-7500,2.6,2.4,2.8
2025-08-06,2025-08-06 13:07:49.700,MO2508-C-7500,2.6,2.4,2.8
2025-08-06,2025-08-06 13:07:56.200,MO2508-C-7500,2.6,2.4,2.8
2025-08-06,2025-08-06 13:07:56.700,MO2508-C-7500,2.6,2.4,2.8
2025-08-06,2025-08-06 13:07:57.700,MO2508-C-7500,2.6,2.4,2.8
2025-08-06,2025-08-06 13:07:58.200,MO2508-C-7500,2.6,2.4,2.8
2025-08-06,2025-08-06 13:07:59.700,MO2508-C-7500,2.6,2.4,2.8
2025-08-06,2025-08-06 13:08:01.200,MO2508-C-7500,2.6,2.4,2.8
2025-08-06,2025-08-06 13:08:02.700,MO2508-C-7500,2.6,2.4,2.8
2025-08-06,2025-08-06 13:08:04.200,MO2508-C-7500,2.6,2.4,2.8
2025-08-06,2025-08-06 13:08:07.700,MO2508-C-7500,2.6,2.4,2.8
2025-08-06,2025-08-06 13:08:08.200,MO2508-C-7500,2.6,2.4,2.8
2025-08-06,2025-08-06 13:08:09.700,MO2508-C-7500,2.6,2.4,2.8
2025-08-06,2025-08-06 13:08:15.200,MO2508-C-7500,2.6,2.4,2.8
2025-08-06,2025-08-06 13:08:15.700,MO2508-C-7500,2.6,2.4,2.8
2025-08-06,2025-08-06 13:08:16.200,MO2508-C-7500,2.6,2.4,2.8
2025-08-06,2025-08-06 13:08:17.700,MO2508-C-7500,2.6,2.4,2.8
2025-08-06,2025-08-06 13:08:18.200,MO2508-C-7500,2.6,2.4,2.8
2025-08-06,2025-08-06 13:08:20.700,MO2508-C-7500,2.6,2.4,2.8
2025-08-06,2025-08-06 13:08:21.700,MO2508-C-7500,2.6,2.4,2.8
2025-08-06,2025-08-06 13:08:22.200,MO2508-C-7500,2.6,2.4,2.8
2025-08-06,2025-08-06 13:08:22.700,MO2508-C-7500,2.6,2.4,2.8
2025-08-06,2025-08-06 13:08:23.700,MO2508-C-7500,2.6,2.4,2.8
2025-08-06,2025-08-06 13:08:24.200,MO2508-C-7500,2.6,2.4,2.8
2025-08-06,2025-08-06 13:08:24.700,MO2508-C-7500,2.6,2.4,2.8
2025-08-06,2025-08-06 13:08:25.200,MO2508-C-7500,2.6,2.4,2.8
2025-08-06,2025-08-06 13:08:26.200,MO2508-C-7500,2.6,2.4,2.8
2025-08-06,2025-08-06 13:08:26.700,MO2508-C-7500,2.6,2.4,2.8
2025-08-06,2025-08-06 13:08:27.200,MO2508-C-7500,2.6,2.4,2.8
2025-08-06,2025-08-06 13:08:27.700,MO2508-C-7500,2.6,2.4,2.8
2025-08-06,2025-08-06 13:08:28.200,MO2508-C-7500,2.6,2.4,2.8
2025-08-06,2025-08-06 13:08:29.200,MO2508-C-7500,2.6,2.4,2.8
2025-08-06,2025-08-06 13:08:30.200,MO2508-C-7500,2.6,2.4,2.8
2025-08-06,2025-08-06 13:08:31.200,MO2508-C-7500,2.6,2.4,2.8
2025-08-06,2025-08-06 13:08:31.700,MO2508-C-7500,2.6,2.4,2.8
2025-08-06,2025-08-06 13:08:32.200,MO2508-C-7500,2.6,2.4,2.8
2025-08-06,2025-08-06 13:08:32.700,MO2508-C-7500,2.6,2.4,2.8
2025-08-06,2025-08-06 13:08:33.700,MO2508-C-7500,2.6,2.4,2.8
2025-08-06,2025-08-06 13:08:34.700,MO2508-C-7500,2.6,2.4,2.8
2025-08-06,2025-08-06 13:08:35.200,MO2508-C-7500,2.6,2.4,2.8
2025-08-06,2025-08-06 13:08:35.700,MO2508-C-7500,2.6,2.4,2.8
2025-08-06,2025-08-06 13:08:37.700,MO2508-C-7500,2.6,2.4,2.8
2025-08-06,2025-08-06 13:08:38.200,MO2508-C-7500,2.6,2.4,2.8
2025-08-06,2025-08-06 13:08:38.700,MO2508-C-7500,2.6,2.4,2.8
2025-08-06,2025-08-06 13:08:39.200,MO2508-C-7500,2.6,2.4,2.8
2025-08-06,2025-08-06 13:08:39.700,MO2508-C-7500,2.6,2.4,2.8
2025-08-06,2025-08-06 13:08:40.200,MO2508-C-7500,2.6,2.4,2.8
2025-08-06,2025-08-06 13:08:40.700,MO2508-C-7500,2.6,2.4,2.8
2025-08-06,2025-08-06 13:08:41.700,MO2508-C-7500,2.6,2.4,2.8
2025-08-06,2025-08-06 13:08:42.200,MO2508-C-7500,2.6,2.4,2.8
2025-08-06,2025-08-06 13:08:43.200,MO2508-C-7500,2.6,2.4,2.8
2025-08-06,2025-08-06 13:08:44.200,MO2508-C-7500,2.6,2.4,2.8
2025-08-06,2025-08-06 13:08:44.700,MO2508-C-7500,2.6,2.4,2.8
2025-08-06,2025-08-06 13:08:45.200,MO2508-C-7500,2.6,2.4,2.8
2025-08-06,2025-08-06 13:08:45.700,MO2508-C-7500,2.6,2.4,2.8
2025-08-06,2025-08-06 13:08:46.200,MO2508-C-7500,2.6,2.4,2.8
2025-08-06,2025-08-06 13:08:46.700,MO2508-C-7500,2.6,2.4,2.8
2025-08-06,2025-08-06 13:08:47.200,MO2508-C-7500,2.6,2.4,2.8
2025-08-06,2025-08-06 13:08:47.700,MO2508-C-7500,2.6,2.4,2.8
2025-08-06,2025-08-06 13:08:48.200,MO2508-C-7500,2.6,2.4,2.8
2025-08-06,2025-08-06 13:08:51.200,MO2508-C-7500,2.6,2.4,2.8
2025-08-06,2025-08-06 13:08:52.700,MO2508-C-7500,2.6,2.4,2.8
2025-08-06,2025-08-06 13:08:53.200,MO2508-C-7500,2.6,2.4,2.8
2025-08-06,2025-08-06 13:08:55.700,MO2508-C-7500,2.6,2.4,2.8
2025-08-06,2025-08-06 13:08:56.200,MO2508-C-7500,2.6,2.4,2.8
2025-08-06,2025-08-06 13:08:57.700,MO2508-C-7500,2.6,2.4,2.8
2025-08-06,2025-08-06 13:08:58.200,MO2508-C-7500,2.6,2.4,2.8
2025-08-06,2025-08-06 13:08:59.700,MO2508-C-7500,2.6,2.4,2.8
2025-08-06,2025-08-06 13:09:02.700,MO2508-C-7500,2.8,2.4,2.8
2025-08-06,2025-08-06 13:09:03.200,MO2508-C-7500,2.8,2.4,2.8
2025-08-06,2025-08-06 13:09:03.700,MO2508-C-7500,2.8,2.4,2.8
2025-08-06,2025-08-06 13:09:04.200,MO2508-C-7500,2.8,2.4,2.8
2025-08-06,2025-08-06 13:09:07.200,MO2508-C-7500,2.8,2.4,2.8
2025-08-06,2025-08-06 13:09:07.700,MO2508-C-7500,2.8,2.4,2.8
2025-08-06,2025-08-06 13:09:08.200,MO2508-C-7500,2.8,2.4,2.8
2025-08-06,2025-08-06 13:09:17.700,MO2508-C-7500,2.8,2.4,2.8
2025-08-06,2025-08-06 13:09:18.200,MO2508-C-7500,2.8,2.4,2.8
2025-08-06,2025-08-06 13:09:22.700,MO2508-C-7500,2.8,2.4,2.8
2025-08-06,2025-08-06 13:09:26.700,MO2508-C-7500,2.8,2.4,2.8
2025-08-06,2025-08-06 13:09:27.700,MO2508-C-7500,2.8,2.4,2.8
2025-08-06,2025-08-06 13:09:28.200,MO2508-C-7500,2.8,2.4,2.8
2025-08-06,2025-08-06 13:09:37.700,MO2508-C-7500,2.8,2.4,2.8
2025-08-06,2025-08-06 13:09:38.200,MO2508-C-7500,2.8,2.4,2.8
2025-08-06,2025-08-06 13:09:47.700,MO2508-C-7500,2.8,2.4,2.8
2025-08-06,2025-08-06 13:09:48.200,MO2508-C-7500,2.8,2.4,2.8
2025-08-06,2025-08-06 13:09:57.700,MO2508-C-7500,2.8,2.4,2.8
2025-08-06,2025-08-06 13:09:58.200,MO2508-C-7500,2.8,2.4,2.8
2025-08-06,2025-08-06 13:09:59.200,MO2508-C-7500,2.8,2.4,2.8
2025-08-06,2025-08-06 13:10:00.200,MO2508-C-7500,2.8,2.4,2.8
2025-08-06,2025-08-06 13:10:03.200,MO2508-C-7500,2.8,2.4,2.8
2025-08-06,2025-08-06 13:10:05.700,MO2508-C-7500,2.8,2.4,2.8
2025-08-06,2025-08-06 13:10:07.700,MO2508-C-7500,2.8,2.4,2.8
2025-08-06,2025-08-06 13:10:08.200,MO2508-C-7500,2.8,2.4,2.8
2025-08-06,2025-08-06 13:10:15.200,MO2508-C-7500,2.8,2.4,2.8
2025-08-06,2025-08-06 13:10:16.200,MO2508-C-7500,2.8,2.4,2.8
2025-08-06,2025-08-06 13:10:17.700,MO2508-C-7500,2.8,2.4,2.8
2025-08-06,2025-08-06 13:10:18.200,MO2508-C-7500,2.8,2.4,2.8
2025-08-06,2025-08-06 13:10:27.700,MO2508-C-7500,2.8,2.4,2.8
2025-08-06,2025-08-06 13:10:28.200,MO2508-C-7500,2.8,2.4,2.8
2025-08-06,2025-08-06 13:10:29.700,MO2508-C-7500,2.8,2.6,2.8
2025-08-06,2025-08-06 13:10:30.200,MO2508-C-7500,2.8,2.6,2.8
2025-08-06,2025-08-06 13:10:30.700,MO2508-C-7500,2.8,2.6,2.8
2025-08-06,2025-08-06 13:10:31.700,MO2508-C-7500,2.8,2.6,2.8
2025-08-06,2025-08-06 13:10:33.700,MO2508-C-7500,2.8,2.6,2.8
2025-08-06,2025-08-06 13:10:34.200,MO2508-C-7500,2.8,2.6,2.8
2025-08-06,2025-08-06 13:10:34.700,MO2508-C-7500,2.8,2.6,2.8
2025-08-06,2025-08-06 13:10:37.700,MO2508-C-7500,2.8,2.6,2.8
2025-08-06,2025-08-06 13:10:38.200,MO2508-C-7500,2.8,2.6,2.8
2025-08-06,2025-08-06 13:10:47.700,MO2508-C-7500,2.8,2.6,2.8
2025-08-06,2025-08-06 13:10:48.200,MO2508-C-7500,2.8,2.6,2.8
2025-08-06,2025-08-06 13:10:57.700,MO2508-C-7500,2.8,2.6,2.8
2025-08-06,2025-08-06 13:10:58.200,MO2508-C-7500,2.8,2.6,2.8
2025-08-06,2025-08-06 13:11:01.200,MO2508-C-7500,2.8,2.6,2.8
2025-08-06,2025-08-06 13:11:01.700,MO2508-C-7500,2.8,2.6,2.8
2025-08-06,2025-08-06 13:11:04.200,MO2508-C-7500,2.8,2.6,2.8
2025-08-06,2025-08-06 13:11:07.700,MO2508-C-7500,2.8,2.6,2.8
2025-08-06,2025-08-06 13:11:08.200,MO2508-C-7500,2.8,2.6,2.8
2025-08-06,2025-08-06 13:11:17.700,MO2508-C-7500,2.8,2.6,2.8
2025-08-06,2025-08-06 13:11:18.200,MO2508-C-7500,2.8,2.6,2.8
2025-08-06,2025-08-06 13:11:22.700,MO2508-C-7500,2.8,2.6,2.8
2025-08-06,2025-08-06 13:11:23.200,MO2508-C-7500,2.8,2.6,2.8
2025-08-06,2025-08-06 13:11:24.200,MO2508-C-7500,2.8,2.6,2.8
2025-08-06,2025-08-06 13:11:26.200,MO2508-C-7500,2.8,2.6,2.8
2025-08-06,2025-08-06 13:11:27.700,MO2508-C-7500,2.8,2.6,2.8
2025-08-06,2025-08-06 13:11:28.200,MO2508-C-7500,2.8,2.6,2.8
2025-08-06,2025-08-06 13:11:28.700,MO2508-C-7500,2.8,2.6,2.8
2025-08-06,2025-08-06 13:11:37.200,MO2508-C-7500,2.8,2.6,2.8
2025-08-06,2025-08-06 13:11:37.700,MO2508-C-7500,2.8,2.6,2.8
2025-08-06,2025-08-06 13:11:38.200,MO2508-C-7500,2.8,2.6,2.8
2025-08-06,2025-08-06 13:11:39.700,MO2508-C-7500,2.8,2.6,2.8
2025-08-06,2025-08-06 13:11:47.700,MO2508-C-7500,2.8,2.6,2.8
2025-08-06,2025-08-06 13:11:48.200,MO2508-C-7500,2.8,2.6,2.8
2025-08-06,2025-08-06 13:11:53.200,MO2508-C-7500,2.8,2.6,2.8
2025-08-06,2025-08-06 13:11:57.700,MO2508-C-7500,2.8,2.6,2.8
2025-08-06,2025-08-06 13:11:58.200,MO2508-C-7500,2.8,2.6,2.8
2025-08-06,2025-08-06 13:12:03.200,MO2508-C-7500,2.8,2.6,2.8
2025-08-06,2025-08-06 13:12:04.700,MO2508-C-7500,2.8,2.6,2.8
2025-08-06,2025-08-06 13:12:05.200,MO2508-C-7500,2.8,2.6,2.8
2025-08-06,2025-08-06 13:12:07.700,MO2508-C-7500,2.8,2.6,2.8
2025-08-06,2025-08-06 13:12:08.200,MO2508-C-7500,2.8,2.6,2.8
2025-08-06,2025-08-06 13:12:08.700,MO2508-C-7500,2.8,2.6,2.8
2025-08-06,2025-08-06 13:12:12.200,MO2508-C-7500,2.8,2.6,2.8
2025-08-06,2025-08-06 13:12:12.700,MO2508-C-7500,2.8,2.6,2.8
2025-08-06,2025-08-06 13:12:13.200,MO2508-C-7500,2.8,2.6,2.8
2025-08-06,2025-08-06 13:12:15.200,MO2508-C-7500,2.8,2.6,2.8
2025-08-06,2025-08-06 13:12:17.700,MO2508-C-7500,2.8,2.6,2.8
2025-08-06,2025-08-06 13:12:18.200,MO2508-C-7500,2.8,2.6,2.8
2025-08-06,2025-08-06 13:12:20.700,MO2508-C-7500,2.8,2.6,2.8
2025-08-06,2025-08-06 13:12:27.700,MO2508-C-7500,2.8,2.6,2.8
2025-08-06,2025-08-06 13:12:28.200,MO2508-C-7500,2.8,2.6,2.8
2025-08-06,2025-08-06 13:12:30.700,MO2508-C-7500,2.8,2.6,2.8
2025-08-06,2025-08-06 13:12:37.700,MO2508-C-7500,2.8,2.6,2.8
2025-08-06,2025-08-06 13:12:38.200,MO2508-C-7500,2.8,2.6,2.8
2025-08-06,2025-08-06 13:12:43.700,MO2508-C-7500,2.8,2.6,2.8
2025-08-06,2025-08-06 13:12:44.200,MO2508-C-7500,2.8,2.6,2.8
2025-08-06,2025-08-06 13:12:44.700,MO2508-C-7500,2.8,2.6,2.8
2025-08-06,2025-08-06 13:12:46.700,MO2508-C-7500,2.8,2.6,2.8
2025-08-06,2025-08-06 13:12:47.200,MO2508-C-7500,2.8,2.6,2.8
2025-08-06,2025-08-06 13:12:47.700,MO2508-C-7500,2.8,2.6,2.8
2025-08-06,2025-08-06 13:12:48.200,MO2508-C-7500,2.8,2.6,2.8
2025-08-06,2025-08-06 13:12:55.700,MO2508-C-7500,2.8,2.6,2.8
2025-08-06,2025-08-06 13:12:57.700,MO2508-C-7500,2.8,2.6,2.8
2025-08-06,2025-08-06 13:12:58.200,MO2508-C-7500,2.8,2.6,2.8
2025-08-06,2025-08-06 13:12:59.200,MO2508-C-7500,2.8,2.6,2.8
2025-08-06,2025-08-06 13:13:07.700,MO2508-C-7500,2.8,2.6,2.8
2025-08-06,2025-08-06 13:13:08.200,MO2508-C-7500,2.8,2.6,2.8
2025-08-06,2025-08-06 13:13:17.700,MO2508-C-7500,2.8,2.6,2.8
2025-08-06,2025-08-06 13:13:18.200,MO2508-C-7500,2.8,2.6,2.8
2025-08-06,2025-08-06 13:13:23.200,MO2508-C-7500,2.8,2.6,2.8
2025-08-06,2025-08-06 13:13:23.700,MO2508-C-7500,2.8,2.6,2.8
2025-08-06,2025-08-06 13:13:24.200,MO2508-C-7500,2.8,2.6,2.8
2025-08-06,2025-08-06 13:13:25.200,MO2508-C-7500,2.8,2.6,2.8
2025-08-06,2025-08-06 13:13:27.700,MO2508-C-7500,2.8,2.6,2.8
2025-08-06,2025-08-06 13:13:28.200,MO2508-C-7500,2.8,2.6,2.8
2025-08-06,2025-08-06 13:13:28.700,MO2508-C-7500,2.8,2.6,2.8
2025-08-06,2025-08-06 13:13:31.700,MO2508-C-7500,2.8,2.6,2.8
2025-08-06,2025-08-06 13:13:33.200,MO2508-C-7500,2.8,2.6,2.8
2025-08-06,2025-08-06 13:13:37.700,MO2508-C-7500,2.8,2.6,2.8
2025-08-06,2025-08-06 13:13:38.200,MO2508-C-7500,2.8,2.6,2.8
2025-08-06,2025-08-06 13:13:47.700,MO2508-C-7500,2.8,2.6,2.8
2025-08-06,2025-08-06 13:13:48.200,MO2508-C-7500,2.8,2.6,2.8
2025-08-06,2025-08-06 13:13:48.700,MO2508-C-7500,2.8,2.6,2.8
2025-08-06,2025-08-06 13:13:51.200,MO2508-C-7500,2.8,2.6,2.8
2025-08-06,2025-08-06 13:13:54.200,MO2508-C-7500,2.8,2.6,2.8
2025-08-06,2025-08-06 13:13:54.700,MO2508-C-7500,2.8,2.6,2.8
2025-08-06,2025-08-06 13:13:56.700,MO2508-C-7500,2.8,2.6,2.8
2025-08-06,2025-08-06 13:13:57.700,MO2508-C-7500,2.8,2.6,2.8
2025-08-06,2025-08-06 13:13:58.200,MO2508-C-7500,2.8,2.6,2.8
2025-08-06,2025-08-06 13:14:07.700,MO2508-C-7500,2.8,2.6,2.8
2025-08-06,2025-08-06 13:14:08.200,MO2508-C-7500,2.8,2.6,2.8
2025-08-06,2025-08-06 13:14:17.700,MO2508-C-7500,2.8,2.6,2.8
2025-08-06,2025-08-06 13:14:18.200,MO2508-C-7500,2.8,2.6,2.8
2025-08-06,2025-08-06 13:14:18.700,MO2508-C-7500,2.8,2.6,2.8
2025-08-06,2025-08-06 13:14:20.200,MO2508-C-7500,2.8,2.6,2.8
2025-08-06,2025-08-06 13:14:20.700,MO2508-C-7500,2.8,2.6,2.8
2025-08-06,2025-08-06 13:14:21.200,MO2508-C-7500,2.8,2.6,2.8
2025-08-06,2025-08-06 13:14:27.700,MO2508-C-7500,2.8,2.6,2.8
2025-08-06,2025-08-06 13:14:28.200,MO2508-C-7500,2.8,2.6,2.8
2025-08-06,2025-08-06 13:14:33.200,MO2508-C-7500,2.8,2.6,2.8
2025-08-06,2025-08-06 13:14:33.700,MO2508-C-7500,2.8,2.6,3.0
2025-08-06,2025-08-06 13:14:34.200,MO2508-C-7500,2.8,2.6,3.0
2025-08-06,2025-08-06 13:14:34.700,MO2508-C-7500,2.8,2.6,3.0
2025-08-06,2025-08-06 13:14:37.700,MO2508-C-7500,2.8,2.6,3.0
2025-08-06,2025-08-06 13:14:38.200,MO2508-C-7500,2.8,2.6,3.0
2025-08-06,2025-08-06 13:14:40.200,MO2508-C-7500,2.8,2.6,3.0
2025-08-06,2025-08-06 13:14:40.700,MO2508-C-7500,2.8,2.6,3.0
2025-08-06,2025-08-06 13:14:44.700,MO2508-C-7500,2.8,2.6,3.0
2025-08-06,2025-08-06 13:14:45.200,MO2508-C-7500,2.8,2.6,3.0
2025-08-06,2025-08-06 13:14:47.700,MO2508-C-7500,2.8,2.6,3.0
2025-08-06,2025-08-06 13:14:48.200,MO2508-C-7500,2.8,2.6,3.0
2025-08-06,2025-08-06 13:14:51.700,MO2508-C-7500,2.8,2.6,3.0
2025-08-06,2025-08-06 13:14:56.200,MO2508-C-7500,2.8,2.6,3.0
2025-08-06,2025-08-06 13:14:56.700,MO2508-C-7500,2.8,2.6,3.0
2025-08-06,2025-08-06 13:14:57.700,MO2508-C-7500,2.8,2.6,3.0
2025-08-06,2025-08-06 13:14:58.200,MO2508-C-7500,2.8,2.6,3.0
2025-08-06,2025-08-06 13:14:59.700,MO2508-C-7500,2.8,2.6,3.0
2025-08-06,2025-08-06 13:15:00.200,MO2508-C-7500,2.8,2.6,3.0
2025-08-06,2025-08-06 13:15:01.200,MO2508-C-7500,2.8,2.6,3.0
2025-08-06,2025-08-06 13:15:01.700,MO2508-C-7500,2.8,2.6,3.0
2025-08-06,2025-08-06 13:15:02.700,MO2508-C-7500,2.8,2.6,3.0
2025-08-06,2025-08-06 13:15:03.200,MO2508-C-7500,2.8,2.6,3.0
2025-08-06,2025-08-06 13:15:05.200,MO2508-C-7500,2.8,2.6,3.0
2025-08-06,2025-08-06 13:15:06.700,MO2508-C-7500,2.8,2.6,3.0
2025-08-06,2025-08-06 13:15:07.700,MO2508-C-7500,2.8,2.6,3.0
2025-08-06,2025-08-06 13:15:08.200,MO2508-C-7500,2.8,2.6,3.0
2025-08-06,2025-08-06 13:15:09.200,MO2508-C-7500,2.8,2.6,3.0
2025-08-06,2025-08-06 13:15:10.200,MO2508-C-7500,2.8,2.6,3.0
2025-08-06,2025-08-06 13:15:17.700,MO2508-C-7500,2.8,2.6,3.0
2025-08-06,2025-08-06 13:15:18.200,MO2508-C-7500,2.8,2.6,3.0
2025-08-06,2025-08-06 13:15:27.700,MO2508-C-7500,2.8,2.6,3.0
2025-08-06,2025-08-06 13:15:28.200,MO2508-C-7500,2.8,2.6,3.0
2025-08-06,2025-08-06 13:15:30.200,MO2508-C-7500,2.8,2.6,3.0
2025-08-06,2025-08-06 13:15:33.700,MO2508-C-7500,2.8,2.6,3.0
2025-08-06,2025-08-06 13:15:34.200,MO2508-C-7500,2.8,2.6,3.0
2025-08-06,2025-08-06 13:15:37.700,MO2508-C-7500,2.8,2.6,3.0
2025-08-06,2025-08-06 13:15:38.200,MO2508-C-7500,2.8,2.6,3.0
2025-08-06,2025-08-06 13:15:41.700,MO2508-C-7500,2.8,2.6,3.0
2025-08-06,2025-08-06 13:15:43.200,MO2508-C-7500,2.8,2.6,3.0
2025-08-06,2025-08-06 13:15:43.700,MO2508-C-7500,2.8,2.6,3.0
2025-08-06,2025-08-06 13:15:44.200,MO2508-C-7500,2.8,2.6,3.0
2025-08-06,2025-08-06 13:15:44.700,MO2508-C-7500,2.8,2.6,3.0
2025-08-06,2025-08-06 13:15:45.200,MO2508-C-7500,2.8,2.6,3.0
2025-08-06,2025-08-06 13:15:45.700,MO2508-C-7500,2.8,2.6,3.0
2025-08-06,2025-08-06 13:15:47.700,MO2508-C-7500,2.8,2.6,3.0
2025-08-06,2025-08-06 13:15:48.200,MO2508-C-7500,2.8,2.6,3.0
2025-08-06,2025-08-06 13:15:53.700,MO2508-C-7500,2.8,2.8,3.0
2025-08-06,2025-08-06 13:15:54.200,MO2508-C-7500,2.8,2.8,3.0
2025-08-06,2025-08-06 13:15:54.700,MO2508-C-7500,2.8,2.8,3.0
2025-08-06,2025-08-06 13:15:55.200,MO2508-C-7500,2.8,2.8,3.0
2025-08-06,2025-08-06 13:15:56.200,MO2508-C-7500,2.8,2.8,3.0
2025-08-06,2025-08-06 13:15:56.700,MO2508-C-7500,2.8,2.8,3.0
2025-08-06,2025-08-06 13:15:57.200,MO2508-C-7500,2.8,2.8,3.0
2025-08-06,2025-08-06 13:15:57.700,MO2508-C-7500,2.8,2.8,3.0
2025-08-06,2025-08-06 13:15:58.200,MO2508-C-7500,2.8,2.8,3.0
2025-08-06,2025-08-06 13:15:59.200,MO2508-C-7500,2.8,2.8,3.0
2025-08-06,2025-08-06 13:15:59.700,MO2508-C-7500,2.8,2.8,3.0
2025-08-06,2025-08-06 13:16:00.200,MO2508-C-7500,2.8,2.8,3.0
2025-08-06,2025-08-06 13:16:00.700,MO2508-C-7500,2.8,2.8,3.0
2025-08-06,2025-08-06 13:16:01.200,MO2508-C-7500,3.0,2.8,3.0
2025-08-06,2025-08-06 13:16:01.700,MO2508-C-7500,3.0,2.8,3.0
2025-08-06,2025-08-06 13:16:02.700,MO2508-C-7500,3.0,2.8,3.0
2025-08-06,2025-08-06 13:16:07.700,MO2508-C-7500,3.0,2.8,3.0
2025-08-06,2025-08-06 13:16:08.200,MO2508-C-7500,3.0,2.8,3.0
2025-08-06,2025-08-06 13:16:08.700,MO2508-C-7500,3.0,2.8,3.0
2025-08-06,2025-08-06 13:16:09.200,MO2508-C-7500,3.0,2.8,3.0
2025-08-06,2025-08-06 13:16:10.700,MO2508-C-7500,3.0,2.8,3.0
2025-08-06,2025-08-06 13:16:11.200,MO2508-C-7500,3.0,2.8,3.0
2025-08-06,2025-08-06 13:16:11.700,MO2508-C-7500,3.0,2.8,3.0
2025-08-06,2025-08-06 13:16:13.200,MO2508-C-7500,3.0,2.8,3.0
2025-08-06,2025-08-06 13:16:13.700,MO2508-C-7500,3.0,2.8,3.0
2025-08-06,2025-08-06 13:16:14.700,MO2508-C-7500,3.0,2.8,3.0
2025-08-06,2025-08-06 13:16:17.700,MO2508-C-7500,3.0,2.8,3.0
2025-08-06,2025-08-06 13:16:18.200,MO2508-C-7500,3.0,2.8,3.0
2025-08-06,2025-08-06 13:16:21.200,MO2508-C-7500,3.0,2.8,3.0
2025-08-06,2025-08-06 13:16:22.200,MO2508-C-7500,3.0,2.8,3.0
2025-08-06,2025-08-06 13:16:23.700,MO2508-C-7500,3.0,2.8,3.0
2025-08-06,2025-08-06 13:16:24.700,MO2508-C-7500,3.0,2.8,3.0
2025-08-06,2025-08-06 13:16:26.700,MO2508-C-7500,3.0,2.8,3.0
2025-08-06,2025-08-06 13:16:27.200,MO2508-C-7500,3.0,2.8,3.0
2025-08-06,2025-08-06 13:16:27.700,MO2508-C-7500,3.0,2.8,3.0
2025-08-06,2025-08-06 13:16:28.200,MO2508-C-7500,3.0,2.8,3.0
2025-08-06,2025-08-06 13:16:30.200,MO2508-C-7500,3.0,2.8,3.0
2025-08-06,2025-08-06 13:16:30.700,MO2508-C-7500,3.0,2.8,3.0
2025-08-06,2025-08-06 13:16:32.200,MO2508-C-7500,3.0,2.8,3.0
2025-08-06,2025-08-06 13:16:32.700,MO2508-C-7500,3.0,2.8,3.0
2025-08-06,2025-08-06 13:16:34.700,MO2508-C-7500,3.0,2.8,3.0
2025-08-06,2025-08-06 13:16:35.200,MO2508-C-7500,3.0,2.8,3.0
2025-08-06,2025-08-06 13:16:37.700,MO2508-C-7500,3.0,2.8,3.0
2025-08-06,2025-08-06 13:16:38.200,MO2508-C-7500,3.0,2.8,3.0
2025-08-06,2025-08-06 13:16:39.700,MO2508-C-7500,3.0,2.8,3.0
2025-08-06,2025-08-06 13:16:40.700,MO2508-C-7500,3.0,2.8,3.0
2025-08-06,2025-08-06 13:16:41.200,MO2508-C-7500,3.0,2.8,3.0
2025-08-06,2025-08-06 13:16:42.700,MO2508-C-7500,3.0,2.8,3.0
2025-08-06,2025-08-06 13:16:43.200,MO2508-C-7500,3.0,2.8,3.0
2025-08-06,2025-08-06 13:16:45.700,MO2508-C-7500,3.0,2.8,3.0
2025-08-06,2025-08-06 13:16:46.700,MO2508-C-7500,3.0,2.8,3.0
2025-08-06,2025-08-06 13:16:47.700,MO2508-C-7500,3.0,2.8,3.0
2025-08-06,2025-08-06 13:16:48.200,MO2508-C-7500,3.0,2.8,3.0
2025-08-06,2025-08-06 13:16:48.700,MO2508-C-7500,3.0,2.8,3.0
2025-08-06,2025-08-06 13:16:52.200,MO2508-C-7500,3.0,2.8,3.0
2025-08-06,2025-08-06 13:16:52.700,MO2508-C-7500,3.0,2.8,3.0
2025-08-06,2025-08-06 13:16:56.200,MO2508-C-7500,2.8,2.8,3.0
2025-08-06,2025-08-06 13:16:56.700,MO2508-C-7500,2.8,2.8,3.0
2025-08-06,2025-08-06 13:16:57.200,MO2508-C-7500,2.8,2.8,3.0
2025-08-06,2025-08-06 13:16:57.700,MO2508-C-7500,2.8,2.8,3.0
2025-08-06,2025-08-06 13:16:58.200,MO2508-C-7500,2.8,2.8,3.0
2025-08-06,2025-08-06 13:16:58.700,MO2508-C-7500,2.8,2.8,3.0
2025-08-06,2025-08-06 13:16:59.200,MO2508-C-7500,2.8,2.8,3.0
2025-08-06,2025-08-06 13:17:00.700,MO2508-C-7500,2.8,2.8,3.0
2025-08-06,2025-08-06 13:17:01.700,MO2508-C-7500,2.8,2.8,3.0
2025-08-06,2025-08-06 13:17:02.200,MO2508-C-7500,3.0,2.8,3.0
2025-08-06,2025-08-06 13:17:02.700,MO2508-C-7500,3.0,2.8,3.0
2025-08-06,2025-08-06 13:17:03.200,MO2508-C-7500,3.0,2.8,3.2
2025-08-06,2025-08-06 13:17:03.700,MO2508-C-7500,3.0,2.8,3.2
2025-08-06,2025-08-06 13:17:04.200,MO2508-C-7500,3.0,2.8,3.2
2025-08-06,2025-08-06 13:17:05.200,MO2508-C-7500,3.0,2.8,3.2
2025-08-06,2025-08-06 13:17:06.200,MO2508-C-7500,2.8,2.8,3.2
2025-08-06,2025-08-06 13:17:06.700,MO2508-C-7500,2.8,2.8,3.2
2025-08-06,2025-08-06 13:17:07.200,MO2508-C-7500,2.8,2.8,3.2
2025-08-06,2025-08-06 13:17:07.700,MO2508-C-7500,2.8,2.8,3.2
2025-08-06,2025-08-06 13:17:08.200,MO2508-C-7500,2.8,2.8,3.2
2025-08-06,2025-08-06 13:17:10.200,MO2508-C-7500,2.8,2.8,3.2
2025-08-06,2025-08-06 13:17:13.700,MO2508-C-7500,2.8,2.8,3.2
2025-08-06,2025-08-06 13:17:14.200,MO2508-C-7500,2.8,3.0,3.2
2025-08-06,2025-08-06 13:17:14.700,MO2508-C-7500,2.8,3.0,3.2
2025-08-06,2025-08-06 13:17:15.200,MO2508-C-7500,3.0,3.0,3.2
2025-08-06,2025-08-06 13:17:15.700,MO2508-C-7500,3.0,2.8,3.2
2025-08-06,2025-08-06 13:17:16.200,MO2508-C-7500,3.0,2.8,3.2
2025-08-06,2025-08-06 13:17:16.700,MO2508-C-7500,3.0,2.8,3.2
2025-08-06,2025-08-06 13:17:17.200,MO2508-C-7500,3.0,2.8,3.2
2025-08-06,2025-08-06 13:17:17.700,MO2508-C-7500,3.0,2.8,3.2
2025-08-06,2025-08-06 13:17:18.200,MO2508-C-7500,3.0,2.8,3.2
2025-08-06,2025-08-06 13:17:24.200,MO2508-C-7500,3.0,2.8,3.0
2025-08-06,2025-08-06 13:17:26.200,MO2508-C-7500,3.0,2.8,3.0
2025-08-06,2025-08-06 13:17:27.200,MO2508-C-7500,3.0,2.8,3.0
2025-08-06,2025-08-06 13:17:27.700,MO2508-C-7500,3.0,2.8,3.0
2025-08-06,2025-08-06 13:17:28.200,MO2508-C-7500,3.0,2.8,3.0
2025-08-06,2025-08-06 13:17:28.700,MO2508-C-7500,3.0,2.8,3.0
2025-08-06,2025-08-06 13:17:31.200,MO2508-C-7500,3.0,2.8,3.0
2025-08-06,2025-08-06 13:17:35.200,MO2508-C-7500,3.0,2.8,3.0
2025-08-06,2025-08-06 13:17:36.700,MO2508-C-7500,3.0,2.8,3.0
2025-08-06,2025-08-06 13:17:37.700,MO2508-C-7500,3.0,2.8,3.0
2025-08-06,2025-08-06 13:17:38.200,MO2508-C-7500,3.0,2.8,3.0
2025-08-06,2025-08-06 13:17:39.700,MO2508-C-7500,3.0,2.8,3.0
2025-08-06,2025-08-06 13:17:40.200,MO2508-C-7500,3.0,2.8,3.0
2025-08-06,2025-08-06 13:17:44.200,MO2508-C-7500,3.0,2.8,3.0
2025-08-06,2025-08-06 13:17:45.200,MO2508-C-7500,3.0,2.8,3.0
2025-08-06,2025-08-06 13:17:46.700,MO2508-C-7500,3.0,2.8,3.0
2025-08-06,2025-08-06 13:17:47.700,MO2508-C-7500,3.0,2.8,3.0
2025-08-06,2025-08-06 13:17:48.200,MO2508-C-7500,3.0,2.8,3.0
2025-08-06,2025-08-06 13:17:49.700,MO2508-C-7500,3.0,2.8,3.0
2025-08-06,2025-08-06 13:17:50.200,MO2508-C-7500,3.0,2.8,3.0
2025-08-06,2025-08-06 13:17:54.700,MO2508-C-7500,3.0,2.8,3.0
2025-08-06,2025-08-06 13:17:56.700,MO2508-C-7500,3.0,2.8,3.0
2025-08-06,2025-08-06 13:17:57.200,MO2508-C-7500,3.0,2.8,3.0
2025-08-06,2025-08-06 13:17:57.700,MO2508-C-7500,3.0,2.8,3.0
2025-08-06,2025-08-06 13:17:58.200,MO2508-C-7500,3.0,2.8,3.0
2025-08-06,2025-08-06 13:17:58.700,MO2508-C-7500,3.0,2.8,3.0
2025-08-06,2025-08-06 13:18:07.700,MO2508-C-7500,3.0,2.8,3.0
2025-08-06,2025-08-06 13:18:08.200,MO2508-C-7500,3.0,2.8,3.0
2025-08-06,2025-08-06 13:18:08.700,MO2508-C-7500,3.0,2.8,3.0
2025-08-06,2025-08-06 13:18:17.700,MO2508-C-7500,3.0,2.8,3.0
2025-08-06,2025-08-06 13:18:18.200,MO2508-C-7500,3.0,2.8,3.0
2025-08-06,2025-08-06 13:18:18.700,MO2508-C-7500,3.0,2.8,3.0
2025-08-06,2025-08-06 13:18:27.700,MO2508-C-7500,3.0,2.8,3.0
2025-08-06,2025-08-06 13:18:28.200,MO2508-C-7500,3.0,2.8,3.0
2025-08-06,2025-08-06 13:18:28.700,MO2508-C-7500,3.0,2.8,3.0
2025-08-06,2025-08-06 13:18:37.700,MO2508-C-7500,3.0,2.8,3.0
2025-08-06,2025-08-06 13:18:38.200,MO2508-C-7500,3.0,2.8,3.0
2025-08-06,2025-08-06 13:18:38.700,MO2508-C-7500,3.0,2.8,3.0
2025-08-06,2025-08-06 13:18:40.200,MO2508-C-7500,3.0,2.8,3.0
2025-08-06,2025-08-06 13:18:40.700,MO2508-C-7500,3.0,2.8,3.0
2025-08-06,2025-08-06 13:18:47.700,MO2508-C-7500,3.0,2.8,3.0
2025-08-06,2025-08-06 13:18:48.200,MO2508-C-7500,3.0,2.8,3.0
2025-08-06,2025-08-06 13:18:48.700,MO2508-C-7500,3.0,2.8,3.0
2025-08-06,2025-08-06 13:18:57.700,MO2508-C-7500,3.0,2.8,3.0
2025-08-06,2025-08-06 13:18:58.200,MO2508-C-7500,3.0,2.8,3.0
2025-08-06,2025-08-06 13:18:58.700,MO2508-C-7500,3.0,2.8,3.0
2025-08-06,2025-08-06 13:19:07.700,MO2508-C-7500,3.0,2.8,3.0
2025-08-06,2025-08-06 13:19:08.200,MO2508-C-7500,3.0,2.8,3.0
2025-08-06,2025-08-06 13:19:08.700,MO2508-C-7500,3.0,2.8,3.0
2025-08-06,2025-08-06 13:19:13.700,MO2508-C-7500,3.0,2.8,3.0
2025-08-06,2025-08-06 13:19:14.200,MO2508-C-7500,3.0,2.8,3.0
2025-08-06,2025-08-06 13:19:17.700,MO2508-C-7500,3.0,2.8,3.0
2025-08-06,2025-08-06 13:19:18.200,MO2508-C-7500,3.0,2.8,3.0
2025-08-06,2025-08-06 13:19:25.200,MO2508-C-7500,3.0,2.8,3.0
2025-08-06,2025-08-06 13:19:27.700,MO2508-C-7500,3.0,2.8,3.0
2025-08-06,2025-08-06 13:19:28.200,MO2508-C-7500,3.0,2.8,3.0
2025-08-06,2025-08-06 13:19:30.200,MO2508-C-7500,3.0,2.8,3.0
2025-08-06,2025-08-06 13:19:37.700,MO2508-C-7500,3.0,2.8,3.0
2025-08-06,2025-08-06 13:19:38.200,MO2508-C-7500,3.0,2.8,3.0
2025-08-06,2025-08-06 13:19:40.200,MO2508-C-7500,3.0,2.8,3.0
2025-08-06,2025-08-06 13:19:40.700,MO2508-C-7500,3.0,2.8,3.0
2025-08-06,2025-08-06 13:19:46.200,MO2508-C-7500,3.0,2.8,3.0
2025-08-06,2025-08-06 13:19:47.700,MO2508-C-7500,3.0,2.8,3.0
2025-08-06,2025-08-06 13:19:48.200,MO2508-C-7500,3.0,2.8,3.0
2025-08-06,2025-08-06 13:19:57.700,MO2508-C-7500,3.0,2.8,3.0
2025-08-06,2025-08-06 13:19:58.200,MO2508-C-7500,3.0,2.8,3.0
2025-08-06,2025-08-06 13:20:07.700,MO2508-C-7500,3.0,2.8,3.0
2025-08-06,2025-08-06 13:20:08.200,MO2508-C-7500,3.0,2.8,3.0
2025-08-06,2025-08-06 13:20:11.200,MO2508-C-7500,3.0,2.8,3.0
2025-08-06,2025-08-06 13:20:13.200,MO2508-C-7500,3.0,2.8,3.0
2025-08-06,2025-08-06 13:20:16.200,MO2508-C-7500,3.0,2.8,3.0
2025-08-06,2025-08-06 13:20:17.700,MO2508-C-7500,3.0,2.8,3.0
2025-08-06,2025-08-06 13:20:18.200,MO2508-C-7500,3.0,2.8,3.0
2025-08-06,2025-08-06 13:20:27.700,MO2508-C-7500,3.0,2.8,3.0
2025-08-06,2025-08-06 13:20:28.200,MO2508-C-7500,3.0,2.8,3.0
2025-08-06,2025-08-06 13:20:37.700,MO2508-C-7500,3.0,2.8,3.0
2025-08-06,2025-08-06 13:20:38.200,MO2508-C-7500,3.0,2.8,3.0
2025-08-06,2025-08-06 13:20:39.700,MO2508-C-7500,3.0,2.8,3.0
2025-08-06,2025-08-06 13:20:40.700,MO2508-C-7500,3.0,2.8,3.0
2025-08-06,2025-08-06 13:20:42.200,MO2508-C-7500,3.0,2.8,3.0
2025-08-06,2025-08-06 13:20:47.700,MO2508-C-7500,3.0,2.8,3.0
2025-08-06,2025-08-06 13:20:48.200,MO2508-C-7500,3.0,2.8,3.0
2025-08-06,2025-08-06 13:20:48.700,MO2508-C-7500,3.0,2.8,3.0
2025-08-06,2025-08-06 13:20:49.200,MO2508-C-7500,3.0,2.8,3.0
2025-08-06,2025-08-06 13:20:49.700,MO2508-C-7500,3.0,2.8,3.0
2025-08-06,2025-08-06 13:20:50.700,MO2508-C-7500,3.0,2.8,3.0
2025-08-06,2025-08-06 13:20:55.200,MO2508-C-7500,3.0,2.8,3.0
2025-08-06,2025-08-06 13:20:55.700,MO2508-C-7500,3.0,2.8,3.0
2025-08-06,2025-08-06 13:20:56.200,MO2508-C-7500,3.0,2.8,3.0
2025-08-06,2025-08-06 13:20:57.700,MO2508-C-7500,3.0,2.8,3.0
2025-08-06,2025-08-06 13:20:58.200,MO2508-C-7500,3.0,2.8,3.0
2025-08-06,2025-08-06 13:20:58.700,MO2508-C-7500,3.0,2.8,3.0
2025-08-06,2025-08-06 13:21:01.700,MO2508-C-7500,3.0,2.8,3.0
2025-08-06,2025-08-06 13:21:02.200,MO2508-C-7500,3.0,2.8,3.0
2025-08-06,2025-08-06 13:21:04.200,MO2508-C-7500,3.0,2.8,3.0
2025-08-06,2025-08-06 13:21:06.700,MO2508-C-7500,3.0,2.8,3.0
2025-08-06,2025-08-06 13:21:07.200,MO2508-C-7500,3.0,2.8,3.0
2025-08-06,2025-08-06 13:21:07.700,MO2508-C-7500,3.0,2.8,3.0
2025-08-06,2025-08-06 13:21:08.200,MO2508-C-7500,3.0,2.8,3.0
2025-08-06,2025-08-06 13:21:10.200,MO2508-C-7500,3.0,2.8,3.0
2025-08-06,2025-08-06 13:21:11.200,MO2508-C-7500,3.0,2.8,3.0
2025-08-06,2025-08-06 13:21:11.700,MO2508-C-7500,3.0,2.8,3.0
2025-08-06,2025-08-06 13:21:12.200,MO2508-C-7500,3.0,2.8,3.0
2025-08-06,2025-08-06 13:21:12.700,MO2508-C-7500,3.0,2.8,3.0
2025-08-06,2025-08-06 13:21:13.700,MO2508-C-7500,3.0,2.8,3.0
2025-08-06,2025-08-06 13:21:14.200,MO2508-C-7500,3.0,2.8,3.0
2025-08-06,2025-08-06 13:21:14.700,MO2508-C-7500,3.0,2.8,3.0
2025-08-06,2025-08-06 13:21:15.200,MO2508-C-7500,3.0,2.8,3.0
2025-08-06,2025-08-06 13:21:15.700,MO2508-C-7500,3.0,2.8,3.0
2025-08-06,2025-08-06 13:21:17.700,MO2508-C-7500,3.0,2.8,3.0
2025-08-06,2025-08-06 13:21:18.200,MO2508-C-7500,3.0,2.8,3.0
2025-08-06,2025-08-06 13:21:22.700,MO2508-C-7500,3.0,2.8,3.0
2025-08-06,2025-08-06 13:21:27.700,MO2508-C-7500,3.0,2.8,3.0
2025-08-06,2025-08-06 13:21:28.200,MO2508-C-7500,3.0,2.8,3.0
2025-08-06,2025-08-06 13:21:36.200,MO2508-C-7500,3.0,2.8,3.0
2025-08-06,2025-08-06 13:21:37.700,MO2508-C-7500,3.0,2.8,3.0
2025-08-06,2025-08-06 13:21:38.200,MO2508-C-7500,3.0,2.8,3.0
2025-08-06,2025-08-06 13:21:43.200,MO2508-C-7500,3.0,2.8,3.0
2025-08-06,2025-08-06 13:21:47.700,MO2508-C-7500,3.0,2.8,3.0
2025-08-06,2025-08-06 13:21:48.200,MO2508-C-7500,3.0,2.8,3.0
2025-08-06,2025-08-06 13:21:48.700,MO2508-C-7500,3.0,2.8,3.0
2025-08-06,2025-08-06 13:21:57.700,MO2508-C-7500,3.0,2.8,3.0
2025-08-06,2025-08-06 13:21:58.200,MO2508-C-7500,3.0,2.8,3.0
2025-08-06,2025-08-06 13:22:07.700,MO2508-C-7500,3.0,2.8,3.0
2025-08-06,2025-08-06 13:22:08.200,MO2508-C-7500,3.0,2.8,3.0
2025-08-06,2025-08-06 13:22:08.700,MO2508-C-7500,3.0,2.8,3.0
2025-08-06,2025-08-06 13:22:17.700,MO2508-C-7500,3.0,2.8,3.0
2025-08-06,2025-08-06 13:22:18.200,MO2508-C-7500,3.0,2.8,3.0
2025-08-06,2025-08-06 13:22:27.700,MO2508-C-7500,3.0,2.8,3.0
2025-08-06,2025-08-06 13:22:28.200,MO2508-C-7500,3.0,2.8,3.0
2025-08-06,2025-08-06 13:22:29.200,MO2508-C-7500,3.0,2.8,3.0
2025-08-06,2025-08-06 13:22:30.700,MO2508-C-7500,3.0,2.8,3.0
2025-08-06,2025-08-06 13:22:35.700,MO2508-C-7500,3.0,2.8,3.0
2025-08-06,2025-08-06 13:22:36.200,MO2508-C-7500,3.0,2.8,3.0
2025-08-06,2025-08-06 13:22:36.700,MO2508-C-7500,3.0,2.8,3.0
2025-08-06,2025-08-06 13:22:37.700,MO2508-C-7500,3.0,2.8,3.0
2025-08-06,2025-08-06 13:22:38.200,MO2508-C-7500,3.0,2.8,3.0
2025-08-06,2025-08-06 13:22:38.700,MO2508-C-7500,3.0,2.8,3.0
2025-08-06,2025-08-06 13:22:39.200,MO2508-C-7500,3.0,2.8,3.0
2025-08-06,2025-08-06 13:22:39.700,MO2508-C-7500,2.8,2.8,3.0
2025-08-06,2025-08-06 13:22:42.700,MO2508-C-7500,2.8,2.8,3.0
2025-08-06,2025-08-06 13:22:45.200,MO2508-C-7500,2.8,2.8,3.0
2025-08-06,2025-08-06 13:22:45.700,MO2508-C-7500,2.8,2.8,3.0
2025-08-06,2025-08-06 13:22:47.700,MO2508-C-7500,2.8,2.8,3.0
2025-08-06,2025-08-06 13:22:48.200,MO2508-C-7500,2.8,2.8,3.0
2025-08-06,2025-08-06 13:22:49.200,MO2508-C-7500,2.8,2.8,3.0
2025-08-06,2025-08-06 13:22:51.200,MO2508-C-7500,2.8,2.8,3.0
2025-08-06,2025-08-06 13:22:55.200,MO2508-C-7500,2.8,2.8,3.0
2025-08-06,2025-08-06 13:22:57.700,MO2508-C-7500,2.8,2.8,3.0
2025-08-06,2025-08-06 13:22:58.200,MO2508-C-7500,2.8,2.8,3.0
2025-08-06,2025-08-06 13:22:58.700,MO2508-C-7500,2.8,2.8,3.0
2025-08-06,2025-08-06 13:23:01.700,MO2508-C-7500,2.8,2.8,3.0
2025-08-06,2025-08-06 13:23:02.200,MO2508-C-7500,2.8,2.8,3.0
2025-08-06,2025-08-06 13:23:05.700,MO2508-C-7500,2.8,2.8,3.0
2025-08-06,2025-08-06 13:23:07.700,MO2508-C-7500,2.8,2.8,3.0
2025-08-06,2025-08-06 13:23:08.200,MO2508-C-7500,2.8,2.8,3.0
2025-08-06,2025-08-06 13:23:08.700,MO2508-C-7500,2.8,2.8,3.0
2025-08-06,2025-08-06 13:23:09.200,MO2508-C-7500,2.8,2.8,3.0
2025-08-06,2025-08-06 13:23:09.700,MO2508-C-7500,2.8,2.8,3.0
2025-08-06,2025-08-06 13:23:10.700,MO2508-C-7500,2.8,2.8,3.0
2025-08-06,2025-08-06 13:23:17.700,MO2508-C-7500,2.8,2.8,3.0
2025-08-06,2025-08-06 13:23:18.200,MO2508-C-7500,2.8,2.8,3.0
2025-08-06,2025-08-06 13:23:26.700,MO2508-C-7500,2.8,2.8,3.0
2025-08-06,2025-08-06 13:23:27.700,MO2508-C-7500,2.8,2.8,3.0
2025-08-06,2025-08-06 13:23:28.200,MO2508-C-7500,2.8,2.8,3.0
2025-08-06,2025-08-06 13:23:38.200,MO2508-C-7500,2.8,2.8,3.0
2025-08-06,2025-08-06 13:23:38.700,MO2508-C-7500,2.8,2.8,3.0
2025-08-06,2025-08-06 13:23:48.200,MO2508-C-7500,2.8,2.8,3.0
2025-08-06,2025-08-06 13:23:48.700,MO2508-C-7500,2.8,2.8,3.0
2025-08-06,2025-08-06 13:23:50.200,MO2508-C-7500,2.8,2.8,3.0
2025-08-06,2025-08-06 13:23:50.700,MO2508-C-7500,2.8,2.8,3.0
2025-08-06,2025-08-06 13:23:57.200,MO2508-C-7500,2.8,2.8,3.0
2025-08-06,2025-08-06 13:24:01.700,MO2508-C-7500,2.8,2.8,3.0
2025-08-06,2025-08-06 13:24:04.700,MO2508-C-7500,2.8,2.8,3.0
2025-08-06,2025-08-06 13:24:05.700,MO2508-C-7500,2.8,2.6,3.0
2025-08-06,2025-08-06 13:24:06.200,MO2508-C-7500,2.8,2.6,3.0
2025-08-06,2025-08-06 13:24:07.700,MO2508-C-7500,2.8,2.6,3.0
2025-08-06,2025-08-06 13:24:08.200,MO2508-C-7500,2.8,2.6,3.0
2025-08-06,2025-08-06 13:24:17.700,MO2508-C-7500,2.8,2.6,3.0
2025-08-06,2025-08-06 13:24:18.200,MO2508-C-7500,2.8,2.6,3.0
2025-08-06,2025-08-06 13:24:19.200,MO2508-C-7500,2.8,2.6,3.0
2025-08-06,2025-08-06 13:24:19.700,MO2508-C-7500,2.8,2.6,3.0
2025-08-06,2025-08-06 13:24:27.700,MO2508-C-7500,2.8,2.6,3.0
2025-08-06,2025-08-06 13:24:28.200,MO2508-C-7500,2.8,2.6,3.0
2025-08-06,2025-08-06 13:24:28.700,MO2508-C-7500,2.8,2.6,3.0
2025-08-06,2025-08-06 13:24:33.200,MO2508-C-7500,2.8,2.6,2.8
2025-08-06,2025-08-06 13:24:33.700,MO2508-C-7500,2.8,2.6,2.8
2025-08-06,2025-08-06 13:24:34.200,MO2508-C-7500,2.8,2.6,2.8
2025-08-06,2025-08-06 13:24:35.700,MO2508-C-7500,2.8,2.6,2.8
2025-08-06,2025-08-06 13:24:37.700,MO2508-C-7500,2.8,2.6,2.8
2025-08-06,2025-08-06 13:24:38.200,MO2508-C-7500,2.8,2.6,2.8
2025-08-06,2025-08-06 13:24:38.700,MO2508-C-7500,2.8,2.6,2.8
2025-08-06,2025-08-06 13:24:39.200,MO2508-C-7500,2.8,2.6,2.8
2025-08-06,2025-08-06 13:24:44.700,MO2508-C-7500,2.8,2.6,2.8
2025-08-06,2025-08-06 13:24:47.700,MO2508-C-7500,2.8,2.6,2.8
2025-08-06,2025-08-06 13:24:48.200,MO2508-C-7500,2.8,2.6,2.8
2025-08-06,2025-08-06 13:24:50.200,MO2508-C-7500,2.8,2.6,2.8
2025-08-06,2025-08-06 13:24:50.700,MO2508-C-7500,2.8,2.6,2.8
2025-08-06,2025-08-06 13:24:51.200,MO2508-C-7500,2.8,2.6,2.8
2025-08-06,2025-08-06 13:24:53.700,MO2508-C-7500,2.8,2.6,2.8
2025-08-06,2025-08-06 13:24:54.700,MO2508-C-7500,2.8,2.6,2.8
2025-08-06,2025-08-06 13:24:57.700,MO2508-C-7500,2.8,2.6,2.8
2025-08-06,2025-08-06 13:24:58.200,MO2508-C-7500,2.8,2.6,2.8
2025-08-06,2025-08-06 13:25:03.200,MO2508-C-7500,2.8,2.6,2.8
2025-08-06,2025-08-06 13:25:05.200,MO2508-C-7500,2.8,2.6,2.8
2025-08-06,2025-08-06 13:25:07.700,MO2508-C-7500,2.8,2.6,2.8
2025-08-06,2025-08-06 13:25:08.200,MO2508-C-7500,2.8,2.6,2.8
2025-08-06,2025-08-06 13:25:10.700,MO2508-C-7500,2.8,2.8,3.0
2025-08-06,2025-08-06 13:25:11.200,MO2508-C-7500,2.8,2.8,3.0
2025-08-06,2025-08-06 13:25:11.700,MO2508-C-7500,2.8,2.8,3.0
2025-08-06,2025-08-06 13:25:12.200,MO2508-C-7500,2.8,2.8,3.0
2025-08-06,2025-08-06 13:25:12.700,MO2508-C-7500,2.8,2.8,3.0
2025-08-06,2025-08-06 13:25:15.700,MO2508-C-7500,2.8,2.6,3.0
2025-08-06,2025-08-06 13:25:16.200,MO2508-C-7500,2.8,2.6,3.0
2025-08-06,2025-08-06 13:25:16.700,MO2508-C-7500,2.8,2.6,3.0
2025-08-06,2025-08-06 13:25:17.700,MO2508-C-7500,2.8,2.6,3.0
2025-08-06,2025-08-06 13:25:18.200,MO2508-C-7500,2.8,2.6,3.0
2025-08-06,2025-08-06 13:25:21.700,MO2508-C-7500,2.8,2.6,3.0
2025-08-06,2025-08-06 13:25:22.200,MO2508-C-7500,2.8,2.6,3.0
2025-08-06,2025-08-06 13:25:27.700,MO2508-C-7500,2.8,2.6,3.0
2025-08-06,2025-08-06 13:25:28.200,MO2508-C-7500,2.8,2.6,3.0
2025-08-06,2025-08-06 13:25:37.700,MO2508-C-7500,2.8,2.6,3.0
2025-08-06,2025-08-06 13:25:38.200,MO2508-C-7500,2.8,2.6,3.0
2025-08-06,2025-08-06 13:25:41.700,MO2508-C-7500,2.8,2.6,3.0
2025-08-06,2025-08-06 13:25:42.200,MO2508-C-7500,2.8,2.6,3.0
2025-08-06,2025-08-06 13:25:47.700,MO2508-C-7500,2.8,2.6,3.0
2025-08-06,2025-08-06 13:25:48.200,MO2508-C-7500,2.8,2.6,3.0
2025-08-06,2025-08-06 13:25:53.200,MO2508-C-7500,2.8,2.6,3.0
2025-08-06,2025-08-06 13:25:53.700,MO2508-C-7500,2.8,2.6,3.0
2025-08-06,2025-08-06 13:25:54.200,MO2508-C-7500,2.8,2.6,3.0
2025-08-06,2025-08-06 13:25:54.700,MO2508-C-7500,2.8,2.6,3.0
2025-08-06,2025-08-06 13:25:56.700,MO2508-C-7500,2.8,2.6,3.0
2025-08-06,2025-08-06 13:25:57.200,MO2508-C-7500,2.8,2.6,3.0
2025-08-06,2025-08-06 13:25:57.700,MO2508-C-7500,2.8,2.6,3.0
2025-08-06,2025-08-06 13:25:58.200,MO2508-C-7500,2.8,2.6,3.0
2025-08-06,2025-08-06 13:26:07.700,MO2508-C-7500,2.8,2.6,3.0
2025-08-06,2025-08-06 13:26:08.200,MO2508-C-7500,2.8,2.6,3.0
2025-08-06,2025-08-06 13:26:14.200,MO2508-C-7500,2.8,2.6,3.0
2025-08-06,2025-08-06 13:26:14.700,MO2508-C-7500,2.8,2.6,3.0
2025-08-06,2025-08-06 13:26:16.700,MO2508-C-7500,2.8,2.6,3.0
2025-08-06,2025-08-06 13:26:17.700,MO2508-C-7500,2.8,2.6,3.0
2025-08-06,2025-08-06 13:26:18.200,MO2508-C-7500,2.8,2.6,3.0
2025-08-06,2025-08-06 13:26:25.200,MO2508-C-7500,2.8,2.6,3.0
2025-08-06,2025-08-06 13:26:27.200,MO2508-C-7500,2.8,2.6,3.0
2025-08-06,2025-08-06 13:26:27.700,MO2508-C-7500,2.8,2.6,3.0
2025-08-06,2025-08-06 13:26:28.200,MO2508-C-7500,2.8,2.6,3.0
2025-08-06,2025-08-06 13:26:33.700,MO2508-C-7500,2.8,2.6,2.8
2025-08-06,2025-08-06 13:26:34.200,MO2508-C-7500,2.8,2.6,2.8
2025-08-06,2025-08-06 13:26:34.700,MO2508-C-7500,2.8,2.6,2.8
2025-08-06,2025-08-06 13:26:37.700,MO2508-C-7500,2.8,2.6,2.8
2025-08-06,2025-08-06 13:26:38.200,MO2508-C-7500,2.8,2.6,2.8
2025-08-06,2025-08-06 13:26:38.700,MO2508-C-7500,2.8,2.6,2.8
2025-08-06,2025-08-06 13:26:47.700,MO2508-C-7500,2.8,2.6,2.8
2025-08-06,2025-08-06 13:26:48.200,MO2508-C-7500,2.8,2.6,2.8
2025-08-06,2025-08-06 13:26:54.200,MO2508-C-7500,2.8,2.6,2.8
2025-08-06,2025-08-06 13:26:54.700,MO2508-C-7500,2.8,2.6,2.8
2025-08-06,2025-08-06 13:26:56.700,MO2508-C-7500,2.8,2.6,2.8
2025-08-06,2025-08-06 13:26:57.700,MO2508-C-7500,2.8,2.6,2.8
2025-08-06,2025-08-06 13:26:58.200,MO2508-C-7500,2.8,2.6,2.8
2025-08-06,2025-08-06 13:26:59.200,MO2508-C-7500,2.8,2.6,2.8
2025-08-06,2025-08-06 13:27:08.200,MO2508-C-7500,2.8,2.6,2.8
2025-08-06,2025-08-06 13:27:08.700,MO2508-C-7500,2.8,2.6,2.8
2025-08-06,2025-08-06 13:27:18.200,MO2508-C-7500,2.8,2.6,2.8
2025-08-06,2025-08-06 13:27:18.700,MO2508-C-7500,2.8,2.6,2.8
2025-08-06,2025-08-06 13:27:21.200,MO2508-C-7500,2.8,2.6,2.8
2025-08-06,2025-08-06 13:27:22.700,MO2508-C-7500,2.8,2.6,2.8
2025-08-06,2025-08-06 13:27:23.200,MO2508-C-7500,2.8,2.6,2.8
2025-08-06,2025-08-06 13:27:24.700,MO2508-C-7500,2.8,2.6,2.8
2025-08-06,2025-08-06 13:27:27.700,MO2508-C-7500,2.8,2.6,2.8
2025-08-06,2025-08-06 13:27:28.200,MO2508-C-7500,2.8,2.6,2.8
2025-08-06,2025-08-06 13:27:28.700,MO2508-C-7500,2.8,2.6,2.8
2025-08-06,2025-08-06 13:27:29.700,MO2508-C-7500,2.8,2.6,2.8
2025-08-06,2025-08-06 13:27:30.200,MO2508-C-7500,2.8,2.6,2.8
2025-08-06,2025-08-06 13:27:30.700,MO2508-C-7500,2.8,2.6,2.8
2025-08-06,2025-08-06 13:27:36.700,MO2508-C-7500,2.8,2.6,2.8
2025-08-06,2025-08-06 13:27:38.200,MO2508-C-7500,2.8,2.6,2.8
2025-08-06,2025-08-06 13:27:38.700,MO2508-C-7500,2.8,2.6,2.8
2025-08-06,2025-08-06 13:27:39.200,MO2508-C-7500,2.8,2.6,2.8
2025-08-06,2025-08-06 13:27:39.700,MO2508-C-7500,2.8,2.6,2.8
2025-08-06,2025-08-06 13:27:40.200,MO2508-C-7500,2.8,2.6,2.8
2025-08-06,2025-08-06 13:27:43.700,MO2508-C-7500,2.6,2.6,2.8
2025-08-06,2025-08-06 13:27:47.700,MO2508-C-7500,2.6,2.6,2.8
2025-08-06,2025-08-06 13:27:48.200,MO2508-C-7500,2.6,2.6,2.8
2025-08-06,2025-08-06 13:27:48.700,MO2508-C-7500,2.6,2.6,2.8
2025-08-06,2025-08-06 13:27:49.200,MO2508-C-7500,2.6,2.4,2.8
2025-08-06,2025-08-06 13:27:49.700,MO2508-C-7500,2.6,2.4,2.8
2025-08-06,2025-08-06 13:27:50.200,MO2508-C-7500,2.6,2.4,2.8
2025-08-06,2025-08-06 13:27:57.700,MO2508-C-7500,2.6,2.4,2.8
2025-08-06,2025-08-06 13:27:58.200,MO2508-C-7500,2.6,2.4,2.8
2025-08-06,2025-08-06 13:28:00.200,MO2508-C-7500,2.6,2.4,2.8
2025-08-06,2025-08-06 13:28:00.700,MO2508-C-7500,2.6,2.4,2.8
2025-08-06,2025-08-06 13:28:04.200,MO2508-C-7500,2.6,2.4,2.6
2025-08-06,2025-08-06 13:28:04.700,MO2508-C-7500,2.6,2.4,2.6
2025-08-06,2025-08-06 13:28:05.200,MO2508-C-7500,2.6,2.4,2.6
2025-08-06,2025-08-06 13:28:05.700,MO2508-C-7500,2.6,2.4,2.6
2025-08-06,2025-08-06 13:28:07.700,MO2508-C-7500,2.6,2.4,2.6
2025-08-06,2025-08-06 13:28:08.200,MO2508-C-7500,2.6,2.4,2.6
2025-08-06,2025-08-06 13:28:11.200,MO2508-C-7500,2.6,2.4,2.6
2025-08-06,2025-08-06 13:28:12.700,MO2508-C-7500,2.6,2.4,2.6
2025-08-06,2025-08-06 13:28:17.700,MO2508-C-7500,2.6,2.4,2.6
2025-08-06,2025-08-06 13:28:18.200,MO2508-C-7500,2.6,2.4,2.6
2025-08-06,2025-08-06 13:28:19.200,MO2508-C-7500,2.6,2.4,2.6
2025-08-06,2025-08-06 13:28:19.700,MO2508-C-7500,2.6,2.4,2.6
2025-08-06,2025-08-06 13:28:20.200,MO2508-C-7500,2.6,2.4,2.6
2025-08-06,2025-08-06 13:28:20.700,MO2508-C-7500,2.6,2.4,2.6
2025-08-06,2025-08-06 13:28:25.700,MO2508-C-7500,2.6,2.4,2.6
2025-08-06,2025-08-06 13:28:26.200,MO2508-C-7500,2.6,2.4,2.6
2025-08-06,2025-08-06 13:28:27.700,MO2508-C-7500,2.6,2.4,2.6
2025-08-06,2025-08-06 13:28:28.200,MO2508-C-7500,2.6,2.4,2.6
2025-08-06,2025-08-06 13:28:32.200,MO2508-C-7500,2.4,2.4,2.6
2025-08-06,2025-08-06 13:28:37.700,MO2508-C-7500,2.4,2.4,2.6
2025-08-06,2025-08-06 13:28:38.200,MO2508-C-7500,2.4,2.4,2.6
2025-08-06,2025-08-06 13:28:47.700,MO2508-C-7500,2.4,2.4,2.6
2025-08-06,2025-08-06 13:28:48.200,MO2508-C-7500,2.4,2.4,2.6
2025-08-06,2025-08-06 13:28:57.700,MO2508-C-7500,2.4,2.4,2.6
2025-08-06,2025-08-06 13:28:58.200,MO2508-C-7500,2.4,2.4,2.6
2025-08-06,2025-08-06 13:29:02.700,MO2508-C-7500,2.4,2.4,2.6
2025-08-06,2025-08-06 13:29:03.200,MO2508-C-7500,2.4,2.4,2.6
2025-08-06,2025-08-06 13:29:05.200,MO2508-C-7500,2.4,2.4,2.6
2025-08-06,2025-08-06 13:29:05.700,MO2508-C-7500,2.4,2.4,2.6
2025-08-06,2025-08-06 13:29:07.700,MO2508-C-7500,2.4,2.4,2.6
2025-08-06,2025-08-06 13:29:08.200,MO2508-C-7500,2.4,2.4,2.6
2025-08-06,2025-08-06 13:29:08.700,MO2508-C-7500,2.4,2.4,2.6
2025-08-06,2025-08-06 13:29:17.700,MO2508-C-7500,2.4,2.4,2.6
2025-08-06,2025-08-06 13:29:18.200,MO2508-C-7500,2.4,2.4,2.6
2025-08-06,2025-08-06 13:29:18.700,MO2508-C-7500,2.4,2.4,2.6
2025-08-06,2025-08-06 13:29:23.700,MO2508-C-7500,2.4,2.4,2.6
2025-08-06,2025-08-06 13:29:27.700,MO2508-C-7500,2.4,2.4,2.6
2025-08-06,2025-08-06 13:29:28.200,MO2508-C-7500,2.4,2.4,2.6
2025-08-06,2025-08-06 13:29:28.700,MO2508-C-7500,2.4,2.4,2.6
2025-08-06,2025-08-06 13:29:29.700,MO2508-C-7500,2.4,2.4,2.6
2025-08-06,2025-08-06 13:29:30.200,MO2508-C-7500,2.4,2.4,2.6
2025-08-06,2025-08-06 13:29:32.700,MO2508-C-7500,2.4,2.4,2.6
2025-08-06,2025-08-06 13:29:37.200,MO2508-C-7500,2.4,2.4,2.6
2025-08-06,2025-08-06 13:29:37.700,MO2508-C-7500,2.4,2.4,2.6
2025-08-06,2025-08-06 13:29:38.200,MO2508-C-7500,2.4,2.4,2.6
2025-08-06,2025-08-06 13:29:39.200,MO2508-C-7500,2.4,2.4,2.6
2025-08-06,2025-08-06 13:29:41.200,MO2508-C-7500,2.4,2.4,2.6
2025-08-06,2025-08-06 13:29:41.700,MO2508-C-7500,2.4,2.4,2.6
2025-08-06,2025-08-06 13:29:42.700,MO2508-C-7500,2.4,2.4,2.6
2025-08-06,2025-08-06 13:29:43.200,MO2508-C-7500,2.4,2.4,2.6
2025-08-06,2025-08-06 13:29:44.700,MO2508-C-7500,2.4,2.4,2.6
2025-08-06,2025-08-06 13:29:47.700,MO2508-C-7500,2.4,2.4,2.6
2025-08-06,2025-08-06 13:29:48.200,MO2508-C-7500,2.4,2.4,2.6
2025-08-06,2025-08-06 13:29:52.700,MO2508-C-7500,2.4,2.4,2.6
2025-08-06,2025-08-06 13:29:55.200,MO2508-C-7500,2.4,2.4,2.6
2025-08-06,2025-08-06 13:29:55.700,MO2508-C-7500,2.4,2.4,2.6
2025-08-06,2025-08-06 13:29:56.700,MO2508-C-7500,2.4,2.4,2.6
2025-08-06,2025-08-06 13:29:57.700,MO2508-C-7500,2.4,2.4,2.6
2025-08-06,2025-08-06 13:29:58.200,MO2508-C-7500,2.4,2.4,2.6
2025-08-06,2025-08-06 13:29:58.700,MO2508-C-7500,2.4,2.4,2.6
2025-08-06,2025-08-06 13:30:00.200,MO2508-C-7500,2.4,2.4,2.6
2025-08-06,2025-08-06 13:30:08.200,MO2508-C-7500,2.4,2.4,2.6
2025-08-06,2025-08-06 13:30:08.700,MO2508-C-7500,2.4,2.4,2.6
2025-08-06,2025-08-06 13:30:18.200,MO2508-C-7500,2.4,2.4,2.6
2025-08-06,2025-08-06 13:30:18.700,MO2508-C-7500,2.4,2.4,2.6
2025-08-06,2025-08-06 13:30:28.200,MO2508-C-7500,2.4,2.4,2.6
2025-08-06,2025-08-06 13:30:28.700,MO2508-C-7500,2.4,2.4,2.6
2025-08-06,2025-08-06 13:30:32.200,MO2508-C-7500,2.4,2.4,2.6
2025-08-06,2025-08-06 13:30:36.700,MO2508-C-7500,2.4,2.4,2.6
2025-08-06,2025-08-06 13:30:38.200,MO2508-C-7500,2.4,2.4,2.6
2025-08-06,2025-08-06 13:30:38.700,MO2508-C-7500,2.4,2.4,2.6
2025-08-06,2025-08-06 13:30:39.700,MO2508-C-7500,2.4,2.4,2.6
2025-08-06,2025-08-06 13:30:46.200,MO2508-C-7500,2.4,2.4,2.6
2025-08-06,2025-08-06 13:30:48.200,MO2508-C-7500,2.4,2.4,2.6
2025-08-06,2025-08-06 13:30:48.700,MO2508-C-7500,2.4,2.4,2.6
2025-08-06,2025-08-06 13:30:58.200,MO2508-C-7500,2.4,2.4,2.6
2025-08-06,2025-08-06 13:30:58.700,MO2508-C-7500,2.4,2.4,2.6
2025-08-06,2025-08-06 13:31:02.700,MO2508-C-7500,2.4,2.4,2.6
2025-08-06,2025-08-06 13:31:04.700,MO2508-C-7500,2.4,2.4,2.6
2025-08-06,2025-08-06 13:31:06.200,MO2508-C-7500,2.4,2.4,2.6
2025-08-06,2025-08-06 13:31:06.700,MO2508-C-7500,2.4,2.4,2.6
2025-08-06,2025-08-06 13:31:07.200,MO2508-C-7500,2.4,2.4,2.6
2025-08-06,2025-08-06 13:31:07.700,MO2508-C-7500,2.4,2.4,2.6
2025-08-06,2025-08-06 13:31:08.200,MO2508-C-7500,2.4,2.4,2.6
2025-08-06,2025-08-06 13:31:08.700,MO2508-C-7500,2.4,2.4,2.6
2025-08-06,2025-08-06 13:31:09.200,MO2508-C-7500,2.4,2.2,2.6
2025-08-06,2025-08-06 13:31:09.700,MO2508-C-7500,2.4,2.2,2.6
2025-08-06,2025-08-06 13:31:15.200,MO2508-C-7500,2.4,2.2,2.6
2025-08-06,2025-08-06 13:31:18.200,MO2508-C-7500,2.4,2.2,2.6
2025-08-06,2025-08-06 13:31:18.700,MO2508-C-7500,2.4,2.2,2.6
2025-08-06,2025-08-06 13:31:20.200,MO2508-C-7500,2.4,2.2,2.6
2025-08-06,2025-08-06 13:31:20.700,MO2508-C-7500,2.4,2.2,2.6
2025-08-06,2025-08-06 13:31:28.200,MO2508-C-7500,2.4,2.2,2.6
2025-08-06,2025-08-06 13:31:28.700,MO2508-C-7500,2.4,2.2,2.6
2025-08-06,2025-08-06 13:31:34.200,MO2508-C-7500,2.4,2.2,2.4
2025-08-06,2025-08-06 13:31:34.700,MO2508-C-7500,2.4,2.2,2.4
2025-08-06,2025-08-06 13:31:35.200,MO2508-C-7500,2.4,2.2,2.4
2025-08-06,2025-08-06 13:31:37.700,MO2508-C-7500,2.4,2.2,2.4
2025-08-06,2025-08-06 13:31:38.200,MO2508-C-7500,2.4,2.2,2.4
2025-08-06,2025-08-06 13:31:39.200,MO2508-C-7500,2.4,2.2,2.4
2025-08-06,2025-08-06 13:31:42.700,MO2508-C-7500,2.4,2.2,2.4
2025-08-06,2025-08-06 13:31:47.700,MO2508-C-7500,2.4,2.2,2.4
2025-08-06,2025-08-06 13:31:48.200,MO2508-C-7500,2.4,2.2,2.4
2025-08-06,2025-08-06 13:31:57.700,MO2508-C-7500,2.4,2.2,2.4
2025-08-06,2025-08-06 13:31:58.200,MO2508-C-7500,2.4,2.2,2.4
2025-08-06,2025-08-06 13:31:58.700,MO2508-C-7500,2.4,2.2,2.4
2025-08-06,2025-08-06 13:31:59.200,MO2508-C-7500,2.4,2.2,2.4
2025-08-06,2025-08-06 13:32:02.200,MO2508-C-7500,2.4,2.2,2.4
2025-08-06,2025-08-06 13:32:02.700,MO2508-C-7500,2.4,2.2,2.4
2025-08-06,2025-08-06 13:32:03.200,MO2508-C-7500,2.4,2.2,2.4
2025-08-06,2025-08-06 13:32:07.700,MO2508-C-7500,2.4,2.2,2.4
2025-08-06,2025-08-06 13:32:08.200,MO2508-C-7500,2.4,2.2,2.4
2025-08-06,2025-08-06 13:32:17.700,MO2508-C-7500,2.4,2.2,2.4
2025-08-06,2025-08-06 13:32:18.200,MO2508-C-7500,2.4,2.2,2.4
2025-08-06,2025-08-06 13:32:22.700,MO2508-C-7500,2.4,2.2,2.4
2025-08-06,2025-08-06 13:32:23.200,MO2508-C-7500,2.4,2.2,2.4
2025-08-06,2025-08-06 13:32:27.700,MO2508-C-7500,2.4,2.2,2.4
2025-08-06,2025-08-06 13:32:28.200,MO2508-C-7500,2.4,2.2,2.4
2025-08-06,2025-08-06 13:32:29.200,MO2508-C-7500,2.4,2.2,2.4
2025-08-06,2025-08-06 13:32:29.700,MO2508-C-7500,2.4,2.2,2.4
2025-08-06,2025-08-06 13:32:30.200,MO2508-C-7500,2.4,2.2,2.4
2025-08-06,2025-08-06 13:32:32.200,MO2508-C-7500,2.4,2.2,2.4
2025-08-06,2025-08-06 13:32:37.700,MO2508-C-7500,2.4,2.2,2.4
2025-08-06,2025-08-06 13:32:38.200,MO2508-C-7500,2.4,2.2,2.4
2025-08-06,2025-08-06 13:32:39.200,MO2508-C-7500,2.4,2.2,2.4
2025-08-06,2025-08-06 13:32:47.700,MO2508-C-7500,2.4,2.2,2.4
2025-08-06,2025-08-06 13:32:48.200,MO2508-C-7500,2.4,2.2,2.4
2025-08-06,2025-08-06 13:32:49.700,MO2508-C-7500,2.2,2.2,2.4
2025-08-06,2025-08-06 13:32:57.700,MO2508-C-7500,2.2,2.2,2.4
2025-08-06,2025-08-06 13:32:58.200,MO2508-C-7500,2.2,2.2,2.4
2025-08-06,2025-08-06 13:32:58.700,MO2508-C-7500,2.2,2.2,2.4
2025-08-06,2025-08-06 13:33:07.200,MO2508-C-7500,2.4,2.2,2.4
2025-08-06,2025-08-06 13:33:07.700,MO2508-C-7500,2.4,2.2,2.4
2025-08-06,2025-08-06 13:33:08.200,MO2508-C-7500,2.4,2.2,2.4
2025-08-06,2025-08-06 13:33:08.700,MO2508-C-7500,2.4,2.2,2.4
2025-08-06,2025-08-06 13:33:09.200,MO2508-C-7500,2.4,2.2,2.4
2025-08-06,2025-08-06 13:33:10.200,MO2508-C-7500,2.4,2.2,2.4
2025-08-06,2025-08-06 13:33:11.700,MO2508-C-7500,2.4,2.2,2.4
2025-08-06,2025-08-06 13:33:12.200,MO2508-C-7500,2.4,2.2,2.4
2025-08-06,2025-08-06 13:33:12.700,MO2508-C-7500,2.4,2.2,2.4
2025-08-06,2025-08-06 13:33:18.200,MO2508-C-7500,2.4,2.2,2.4
2025-08-06,2025-08-06 13:33:18.700,MO2508-C-7500,2.4,2.2,2.4
2025-08-06,2025-08-06 13:33:19.200,MO2508-C-7500,2.4,2.2,2.4
2025-08-06,2025-08-06 13:33:28.200,MO2508-C-7500,2.4,2.2,2.4
2025-08-06,2025-08-06 13:33:28.700,MO2508-C-7500,2.4,2.2,2.4
2025-08-06,2025-08-06 13:33:29.200,MO2508-C-7500,2.4,2.2,2.4
2025-08-06,2025-08-06 13:33:38.200,MO2508-C-7500,2.4,2.2,2.4
2025-08-06,2025-08-06 13:33:38.700,MO2508-C-7500,2.4,2.2,2.4
2025-08-06,2025-08-06 13:33:39.200,MO2508-C-7500,2.4,2.2,2.4
2025-08-06,2025-08-06 13:33:48.200,MO2508-C-7500,2.4,2.2,2.4
2025-08-06,2025-08-06 13:33:48.700,MO2508-C-7500,2.4,2.2,2.4
2025-08-06,2025-08-06 13:33:49.200,MO2508-C-7500,2.4,2.2,2.4
2025-08-06,2025-08-06 13:33:50.200,MO2508-C-7500,2.4,2.2,2.4
2025-08-06,2025-08-06 13:33:50.700,MO2508-C-7500,2.4,2.2,2.4
2025-08-06,2025-08-06 13:33:51.200,MO2508-C-7500,2.4,2.2,2.4
2025-08-06,2025-08-06 13:33:53.200,MO2508-C-7500,2.4,2.2,2.4
2025-08-06,2025-08-06 13:33:58.200,MO2508-C-7500,2.4,2.2,2.4
2025-08-06,2025-08-06 13:33:58.700,MO2508-C-7500,2.4,2.2,2.4
2025-08-06,2025-08-06 13:34:08.200,MO2508-C-7500,2.4,2.2,2.4
2025-08-06,2025-08-06 13:34:08.700,MO2508-C-7500,2.4,2.2,2.4
2025-08-06,2025-08-06 13:34:09.200,MO2508-C-7500,2.4,2.2,2.4
2025-08-06,2025-08-06 13:34:18.200,MO2508-C-7500,2.4,2.2,2.4
2025-08-06,2025-08-06 13:34:18.700,MO2508-C-7500,2.4,2.2,2.4
2025-08-06,2025-08-06 13:34:28.200,MO2508-C-7500,2.4,2.2,2.4
2025-08-06,2025-08-06 13:34:28.700,MO2508-C-7500,2.4,2.2,2.4
2025-08-06,2025-08-06 13:34:32.700,MO2508-C-7500,2.4,2.2,2.4
2025-08-06,2025-08-06 13:34:37.700,MO2508-C-7500,2.4,2.2,2.4
2025-08-06,2025-08-06 13:34:38.200,MO2508-C-7500,2.4,2.2,2.4
2025-08-06,2025-08-06 13:34:38.700,MO2508-C-7500,2.4,2.2,2.4
2025-08-06,2025-08-06 13:34:42.700,MO2508-C-7500,2.4,2.2,2.4
2025-08-06,2025-08-06 13:34:48.200,MO2508-C-7500,2.4,2.2,2.4
2025-08-06,2025-08-06 13:34:48.700,MO2508-C-7500,2.4,2.2,2.4
2025-08-06,2025-08-06 13:34:51.200,MO2508-C-7500,2.4,2.2,2.4
2025-08-06,2025-08-06 13:34:58.200,MO2508-C-7500,2.4,2.2,2.4
2025-08-06,2025-08-06 13:34:58.700,MO2508-C-7500,2.4,2.2,2.4
2025-08-06,2025-08-06 13:34:59.200,MO2508-C-7500,2.4,2.2,2.4
2025-08-06,2025-08-06 13:34:59.700,MO2508-C-7500,2.4,2.2,2.4
2025-08-06,2025-08-06 13:35:00.200,MO2508-C-7500,2.4,2.0,2.4
2025-08-06,2025-08-06 13:35:00.700,MO2508-C-7500,2.4,2.0,2.4
2025-08-06,2025-08-06 13:35:01.200,MO2508-C-7500,2.4,2.0,2.4
2025-08-06,2025-08-06 13:35:08.200,MO2508-C-7500,2.4,2.0,2.4
2025-08-06,2025-08-06 13:35:08.700,MO2508-C-7500,2.4,2.0,2.4
2025-08-06,2025-08-06 13:35:11.700,MO2508-C-7500,2.4,2.0,2.4
2025-08-06,2025-08-06 13:35:12.200,MO2508-C-7500,2.4,2.0,2.4
2025-08-06,2025-08-06 13:35:18.200,MO2508-C-7500,2.4,2.0,2.4
2025-08-06,2025-08-06 13:35:18.700,MO2508-C-7500,2.4,2.0,2.4
2025-08-06,2025-08-06 13:35:28.200,MO2508-C-7500,2.4,2.0,2.4
2025-08-06,2025-08-06 13:35:28.700,MO2508-C-7500,2.4,2.0,2.4
2025-08-06,2025-08-06 13:35:29.200,MO2508-C-7500,2.4,2.0,2.4
2025-08-06,2025-08-06 13:35:29.700,MO2508-C-7500,2.4,2.0,2.4
2025-08-06,2025-08-06 13:35:30.700,MO2508-C-7500,2.4,2.0,2.4
2025-08-06,2025-08-06 13:35:38.200,MO2508-C-7500,2.4,2.0,2.4
2025-08-06,2025-08-06 13:35:38.700,MO2508-C-7500,2.4,2.0,2.4
2025-08-06,2025-08-06 13:35:42.200,MO2508-C-7500,2.4,2.0,2.2
2025-08-06,2025-08-06 13:35:42.700,MO2508-C-7500,2.4,2.0,2.2
2025-08-06,2025-08-06 13:35:43.200,MO2508-C-7500,2.4,2.0,2.2
2025-08-06,2025-08-06 13:35:43.700,MO2508-C-7500,2.4,2.0,2.2
2025-08-06,2025-08-06 13:35:44.200,MO2508-C-7500,2.4,2.0,2.2
2025-08-06,2025-08-06 13:35:44.700,MO2508-C-7500,2.4,2.0,2.2
2025-08-06,2025-08-06 13:35:48.200,MO2508-C-7500,2.4,2.0,2.2
2025-08-06,2025-08-06 13:35:48.700,MO2508-C-7500,2.4,2.0,2.2
2025-08-06,2025-08-06 13:35:49.200,MO2508-C-7500,2.4,2.0,2.2
2025-08-06,2025-08-06 13:35:51.200,MO2508-C-7500,2.4,2.0,2.2
2025-08-06,2025-08-06 13:35:58.200,MO2508-C-7500,2.4,2.0,2.2
2025-08-06,2025-08-06 13:35:58.700,MO2508-C-7500,2.4,2.0,2.2
2025-08-06,2025-08-06 13:36:08.200,MO2508-C-7500,2.4,2.0,2.2
2025-08-06,2025-08-06 13:36:08.700,MO2508-C-7500,2.4,2.0,2.2
2025-08-06,2025-08-06 13:36:10.200,MO2508-C-7500,2.4,2.0,2.2
2025-08-06,2025-08-06 13:36:11.200,MO2508-C-7500,2.4,2.0,2.2
2025-08-06,2025-08-06 13:36:18.200,MO2508-C-7500,2.4,2.0,2.2
2025-08-06,2025-08-06 13:36:18.700,MO2508-C-7500,2.4,2.0,2.2
2025-08-06,2025-08-06 13:36:28.200,MO2508-C-7500,2.4,2.0,2.2
2025-08-06,2025-08-06 13:36:28.700,MO2508-C-7500,2.4,2.0,2.2
2025-08-06,2025-08-06 13:36:38.200,MO2508-C-7500,2.4,2.0,2.2
2025-08-06,2025-08-06 13:36:38.700,MO2508-C-7500,2.4,2.0,2.2
2025-08-06,2025-08-06 13:36:48.200,MO2508-C-7500,2.4,2.0,2.2
2025-08-06,2025-08-06 13:36:48.700,MO2508-C-7500,2.4,2.0,2.2
2025-08-06,2025-08-06 13:36:50.700,MO2508-C-7500,2.4,2.0,2.2
2025-08-06,2025-08-06 13:36:51.200,MO2508-C-7500,2.4,2.0,2.4
2025-08-06,2025-08-06 13:36:51.700,MO2508-C-7500,2.4,2.0,2.4
2025-08-06,2025-08-06 13:36:58.200,MO2508-C-7500,2.4,2.0,2.4
2025-08-06,2025-08-06 13:36:58.700,MO2508-C-7500,2.4,2.0,2.4
2025-08-06,2025-08-06 13:37:08.200,MO2508-C-7500,2.4,2.0,2.4
2025-08-06,2025-08-06 13:37:08.700,MO2508-C-7500,2.4,2.0,2.4
2025-08-06,2025-08-06 13:37:10.200,MO2508-C-7500,2.4,2.0,2.4
2025-08-06,2025-08-06 13:37:18.200,MO2508-C-7500,2.4,2.0,2.4
2025-08-06,2025-08-06 13:37:18.700,MO2508-C-7500,2.4,2.0,2.4
2025-08-06,2025-08-06 13:37:27.700,MO2508-C-7500,2.4,2.0,2.4
2025-08-06,2025-08-06 13:37:28.200,MO2508-C-7500,2.4,2.0,2.4
2025-08-06,2025-08-06 13:37:28.700,MO2508-C-7500,2.4,2.0,2.4
2025-08-06,2025-08-06 13:37:29.200,MO2508-C-7500,2.4,2.0,2.4
2025-08-06,2025-08-06 13:37:31.700,MO2508-C-7500,2.4,2.0,2.4
2025-08-06,2025-08-06 13:37:32.200,MO2508-C-7500,2.4,2.0,2.4
2025-08-06,2025-08-06 13:37:35.200,MO2508-C-7500,2.4,2.0,2.4
2025-08-06,2025-08-06 13:37:35.700,MO2508-C-7500,2.4,2.0,2.4
2025-08-06,2025-08-06 13:37:38.200,MO2508-C-7500,2.4,2.0,2.4
2025-08-06,2025-08-06 13:37:38.700,MO2508-C-7500,2.4,2.0,2.4
2025-08-06,2025-08-06 13:37:44.700,MO2508-C-7500,2.4,2.0,2.4
2025-08-06,2025-08-06 13:37:45.200,MO2508-C-7500,2.4,2.0,2.4
2025-08-06,2025-08-06 13:37:45.700,MO2508-C-7500,2.4,2.0,2.4
2025-08-06,2025-08-06 13:37:46.200,MO2508-C-7500,2.4,2.0,2.4
2025-08-06,2025-08-06 13:37:48.200,MO2508-C-7500,2.4,2.0,2.4
2025-08-06,2025-08-06 13:37:48.700,MO2508-C-7500,2.4,2.0,2.4
2025-08-06,2025-08-06 13:37:58.200,MO2508-C-7500,2.4,2.0,2.4
2025-08-06,2025-08-06 13:37:58.700,MO2508-C-7500,2.4,2.0,2.4
2025-08-06,2025-08-06 13:38:06.700,MO2508-C-7500,2.4,2.0,2.4
2025-08-06,2025-08-06 13:38:07.200,MO2508-C-7500,2.4,2.0,2.4
2025-08-06,2025-08-06 13:38:07.700,MO2508-C-7500,2.4,2.0,2.4
2025-08-06,2025-08-06 13:38:08.200,MO2508-C-7500,2.4,2.0,2.4
2025-08-06,2025-08-06 13:38:08.700,MO2508-C-7500,2.4,2.0,2.4
2025-08-06,2025-08-06 13:38:13.700,MO2508-C-7500,2.4,2.0,2.4
2025-08-06,2025-08-06 13:38:14.200,MO2508-C-7500,2.4,2.0,2.4
2025-08-06,2025-08-06 13:38:18.200,MO2508-C-7500,2.4,2.0,2.4
2025-08-06,2025-08-06 13:38:18.700,MO2508-C-7500,2.4,2.0,2.4
2025-08-06,2025-08-06 13:38:20.700,MO2508-C-7500,2.4,2.0,2.4
2025-08-06,2025-08-06 13:38:21.200,MO2508-C-7500,2.4,2.0,2.4
2025-08-06,2025-08-06 13:38:21.700,MO2508-C-7500,2.4,2.0,2.4
2025-08-06,2025-08-06 13:38:28.200,MO2508-C-7500,2.4,2.0,2.4
2025-08-06,2025-08-06 13:38:28.700,MO2508-C-7500,2.4,2.0,2.4
2025-08-06,2025-08-06 13:38:31.200,MO2508-C-7500,2.4,2.0,2.4
2025-08-06,2025-08-06 13:38:32.700,MO2508-C-7500,2.4,2.0,2.4
2025-08-06,2025-08-06 13:38:33.700,MO2508-C-7500,2.4,2.0,2.4
2025-08-06,2025-08-06 13:38:34.200,MO2508-C-7500,2.4,2.0,2.4
2025-08-06,2025-08-06 13:38:34.700,MO2508-C-7500,2.4,2.0,2.4
2025-08-06,2025-08-06 13:38:35.700,MO2508-C-7500,2.4,2.0,2.4
2025-08-06,2025-08-06 13:38:36.200,MO2508-C-7500,2.4,2.0,2.4
2025-08-06,2025-08-06 13:38:36.700,MO2508-C-7500,2.4,2.0,2.4
2025-08-06,2025-08-06 13:38:37.700,MO2508-C-7500,2.4,2.0,2.4
2025-08-06,2025-08-06 13:38:38.200,MO2508-C-7500,2.4,2.0,2.4
2025-08-06,2025-08-06 13:38:38.700,MO2508-C-7500,2.4,2.0,2.4
2025-08-06,2025-08-06 13:38:39.200,MO2508-C-7500,2.4,2.0,2.4
2025-08-06,2025-08-06 13:38:39.700,MO2508-C-7500,2.4,2.0,2.4
2025-08-06,2025-08-06 13:38:40.200,MO2508-C-7500,2.4,2.0,2.4
2025-08-06,2025-08-06 13:38:40.700,MO2508-C-7500,2.4,2.0,2.4
2025-08-06,2025-08-06 13:38:41.200,MO2508-C-7500,2.4,2.0,2.4
2025-08-06,2025-08-06 13:38:46.200,MO2508-C-7500,2.4,2.0,2.4
2025-08-06,2025-08-06 13:38:48.200,MO2508-C-7500,2.4,2.0,2.4
2025-08-06,2025-08-06 13:38:48.700,MO2508-C-7500,2.4,2.0,2.4
2025-08-06,2025-08-06 13:38:58.200,MO2508-C-7500,2.4,2.0,2.4
2025-08-06,2025-08-06 13:38:58.700,MO2508-C-7500,2.4,2.0,2.4
2025-08-06,2025-08-06 13:38:59.700,MO2508-C-7500,2.4,2.0,2.4
2025-08-06,2025-08-06 13:39:00.200,MO2508-C-7500,2.4,2.0,2.4
2025-08-06,2025-08-06 13:39:01.200,MO2508-C-7500,2.4,2.0,2.4
2025-08-06,2025-08-06 13:39:02.200,MO2508-C-7500,2.4,2.0,2.4
2025-08-06,2025-08-06 13:39:08.200,MO2508-C-7500,2.4,2.0,2.4
2025-08-06,2025-08-06 13:39:08.700,MO2508-C-7500,2.4,2.0,2.4
2025-08-06,2025-08-06 13:39:09.200,MO2508-C-7500,2.4,2.0,2.4
2025-08-06,2025-08-06 13:39:18.200,MO2508-C-7500,2.4,2.0,2.4
2025-08-06,2025-08-06 13:39:18.700,MO2508-C-7500,2.4,2.0,2.4
2025-08-06,2025-08-06 13:39:19.700,MO2508-C-7500,2.4,2.0,2.4
2025-08-06,2025-08-06 13:39:20.200,MO2508-C-7500,2.4,2.0,2.4
2025-08-06,2025-08-06 13:39:21.200,MO2508-C-7500,2.4,2.0,2.4
2025-08-06,2025-08-06 13:39:22.200,MO2508-C-7500,2.4,2.0,2.4
2025-08-06,2025-08-06 13:39:24.200,MO2508-C-7500,2.4,2.0,2.4
2025-08-06,2025-08-06 13:39:24.700,MO2508-C-7500,2.4,2.0,2.4
2025-08-06,2025-08-06 13:39:28.200,MO2508-C-7500,2.4,2.0,2.4
2025-08-06,2025-08-06 13:39:28.700,MO2508-C-7500,2.4,2.0,2.4
2025-08-06,2025-08-06 13:39:30.700,MO2508-C-7500,2.4,2.0,2.4
2025-08-06,2025-08-06 13:39:31.200,MO2508-C-7500,2.4,2.0,2.4
2025-08-06,2025-08-06 13:39:32.200,MO2508-C-7500,2.4,2.0,2.4
2025-08-06,2025-08-06 13:39:33.700,MO2508-C-7500,2.4,2.0,2.4
2025-08-06,2025-08-06 13:39:34.200,MO2508-C-7500,2.4,2.0,2.4
2025-08-06,2025-08-06 13:39:38.200,MO2508-C-7500,2.4,2.0,2.4
2025-08-06,2025-08-06 13:39:38.700,MO2508-C-7500,2.4,2.0,2.4
2025-08-06,2025-08-06 13:39:40.700,MO2508-C-7500,2.4,2.2,2.4
2025-08-06,2025-08-06 13:39:41.200,MO2508-C-7500,2.4,2.2,2.4
2025-08-06,2025-08-06 13:39:41.700,MO2508-C-7500,2.4,2.2,2.4
2025-08-06,2025-08-06 13:39:48.200,MO2508-C-7500,2.4,2.2,2.4
2025-08-06,2025-08-06 13:39:48.700,MO2508-C-7500,2.4,2.2,2.4
2025-08-06,2025-08-06 13:39:53.700,MO2508-C-7500,2.4,2.2,2.4
2025-08-06,2025-08-06 13:39:55.700,MO2508-C-7500,2.4,2.2,2.4
2025-08-06,2025-08-06 13:39:58.200,MO2508-C-7500,2.4,2.2,2.4
2025-08-06,2025-08-06 13:39:58.700,MO2508-C-7500,2.4,2.2,2.4
2025-08-06,2025-08-06 13:40:00.700,MO2508-C-7500,2.4,2.2,2.4
2025-08-06,2025-08-06 13:40:01.200,MO2508-C-7500,2.4,2.2,2.4
2025-08-06,2025-08-06 13:40:02.200,MO2508-C-7500,2.4,2.2,2.4
2025-08-06,2025-08-06 13:40:02.700,MO2508-C-7500,2.4,2.2,2.4
2025-08-06,2025-08-06 13:40:04.700,MO2508-C-7500,2.4,2.2,2.4
2025-08-06,2025-08-06 13:40:08.200,MO2508-C-7500,2.4,2.2,2.4
2025-08-06,2025-08-06 13:40:08.700,MO2508-C-7500,2.4,2.2,2.4
2025-08-06,2025-08-06 13:40:09.200,MO2508-C-7500,2.4,2.2,2.4
2025-08-06,2025-08-06 13:40:11.200,MO2508-C-7500,2.4,2.2,2.4
2025-08-06,2025-08-06 13:40:11.700,MO2508-C-7500,2.4,2.2,2.4
2025-08-06,2025-08-06 13:40:17.700,MO2508-C-7500,2.4,2.2,2.4
2025-08-06,2025-08-06 13:40:18.200,MO2508-C-7500,2.4,2.2,2.4
2025-08-06,2025-08-06 13:40:18.700,MO2508-C-7500,2.4,2.2,2.4
2025-08-06,2025-08-06 13:40:27.700,MO2508-C-7500,2.2,2.2,2.4
2025-08-06,2025-08-06 13:40:28.200,MO2508-C-7500,2.2,2.2,2.4
2025-08-06,2025-08-06 13:40:28.700,MO2508-C-7500,2.2,2.2,2.4
2025-08-06,2025-08-06 13:40:38.200,MO2508-C-7500,2.2,2.2,2.4
2025-08-06,2025-08-06 13:40:38.700,MO2508-C-7500,2.2,2.2,2.4
2025-08-06,2025-08-06 13:40:48.200,MO2508-C-7500,2.2,2.2,2.4
2025-08-06,2025-08-06 13:40:48.700,MO2508-C-7500,2.2,2.2,2.4
2025-08-06,2025-08-06 13:40:56.200,MO2508-C-7500,2.2,2.2,2.4
2025-08-06,2025-08-06 13:40:56.700,MO2508-C-7500,2.2,2.2,2.4
2025-08-06,2025-08-06 13:40:58.200,MO2508-C-7500,2.2,2.2,2.4
2025-08-06,2025-08-06 13:40:58.700,MO2508-C-7500,2.2,2.2,2.4
2025-08-06,2025-08-06 13:41:08.200,MO2508-C-7500,2.2,2.2,2.4
2025-08-06,2025-08-06 13:41:08.700,MO2508-C-7500,2.2,2.2,2.4
2025-08-06,2025-08-06 13:41:18.200,MO2508-C-7500,2.2,2.2,2.4
2025-08-06,2025-08-06 13:41:18.700,MO2508-C-7500,2.2,2.2,2.4
2025-08-06,2025-08-06 13:41:21.700,MO2508-C-7500,2.2,2.2,2.4
2025-08-06,2025-08-06 13:41:28.200,MO2508-C-7500,2.2,2.2,2.4
2025-08-06,2025-08-06 13:41:28.700,MO2508-C-7500,2.2,2.2,2.4
2025-08-06,2025-08-06 13:41:33.200,MO2508-C-7500,2.2,2.2,2.4
2025-08-06,2025-08-06 13:41:33.700,MO2508-C-7500,2.2,2.2,2.4
2025-08-06,2025-08-06 13:41:38.200,MO2508-C-7500,2.2,2.2,2.4
2025-08-06,2025-08-06 13:41:38.700,MO2508-C-7500,2.2,2.2,2.4
2025-08-06,2025-08-06 13:41:48.200,MO2508-C-7500,2.2,2.2,2.4
2025-08-06,2025-08-06 13:41:48.700,MO2508-C-7500,2.2,2.2,2.4
2025-08-06,2025-08-06 13:41:53.700,MO2508-C-7500,2.2,2.2,2.4
2025-08-06,2025-08-06 13:41:58.200,MO2508-C-7500,2.2,2.2,2.4
2025-08-06,2025-08-06 13:41:58.700,MO2508-C-7500,2.2,2.2,2.4
2025-08-06,2025-08-06 13:41:59.200,MO2508-C-7500,2.2,2.2,2.4
2025-08-06,2025-08-06 13:42:02.200,MO2508-C-7500,2.2,2.2,2.4
2025-08-06,2025-08-06 13:42:08.200,MO2508-C-7500,2.2,2.2,2.4
2025-08-06,2025-08-06 13:42:08.700,MO2508-C-7500,2.2,2.2,2.4
2025-08-06,2025-08-06 13:42:13.700,MO2508-C-7500,2.2,2.2,2.4
2025-08-06,2025-08-06 13:42:18.200,MO2508-C-7500,2.2,2.2,2.4
2025-08-06,2025-08-06 13:42:18.700,MO2508-C-7500,2.2,2.2,2.4
2025-08-06,2025-08-06 13:42:27.200,MO2508-C-7500,2.2,2.2,2.4
2025-08-06,2025-08-06 13:42:27.700,MO2508-C-7500,2.2,2.2,2.4
2025-08-06,2025-08-06 13:42:28.200,MO2508-C-7500,2.2,2.2,2.4
2025-08-06,2025-08-06 13:42:28.700,MO2508-C-7500,2.2,2.2,2.4
2025-08-06,2025-08-06 13:42:37.700,MO2508-C-7500,2.2,2.2,2.4
2025-08-06,2025-08-06 13:42:38.200,MO2508-C-7500,2.2,2.2,2.4
2025-08-06,2025-08-06 13:42:38.700,MO2508-C-7500,2.2,2.2,2.4
2025-08-06,2025-08-06 13:42:48.200,MO2508-C-7500,2.2,2.2,2.4
2025-08-06,2025-08-06 13:42:48.700,MO2508-C-7500,2.2,2.2,2.4
2025-08-06,2025-08-06 13:42:58.200,MO2508-C-7500,2.2,2.2,2.4
2025-08-06,2025-08-06 13:42:58.700,MO2508-C-7500,2.2,2.2,2.4
2025-08-06,2025-08-06 13:43:04.700,MO2508-C-7500,2.2,2.2,2.4
2025-08-06,2025-08-06 13:43:05.200,MO2508-C-7500,2.2,2.2,2.4
2025-08-06,2025-08-06 13:43:05.700,MO2508-C-7500,2.2,2.2,2.4
2025-08-06,2025-08-06 13:43:08.200,MO2508-C-7500,2.2,2.2,2.4
2025-08-06,2025-08-06 13:43:08.700,MO2508-C-7500,2.2,2.2,2.4
2025-08-06,2025-08-06 13:43:17.200,MO2508-C-7500,2.2,2.2,2.4
2025-08-06,2025-08-06 13:43:17.700,MO2508-C-7500,2.2,2.2,2.4
2025-08-06,2025-08-06 13:43:18.200,MO2508-C-7500,2.2,2.2,2.4
2025-08-06,2025-08-06 13:43:18.700,MO2508-C-7500,2.2,2.2,2.4
2025-08-06,2025-08-06 13:43:28.200,MO2508-C-7500,2.2,2.2,2.4
2025-08-06,2025-08-06 13:43:28.700,MO2508-C-7500,2.2,2.2,2.4
2025-08-06,2025-08-06 13:43:32.200,MO2508-C-7500,2.2,2.2,2.4
2025-08-06,2025-08-06 13:43:32.700,MO2508-C-7500,2.2,2.2,2.4
2025-08-06,2025-08-06 13:43:38.200,MO2508-C-7500,2.2,2.2,2.4
2025-08-06,2025-08-06 13:43:38.700,MO2508-C-7500,2.2,2.2,2.4
2025-08-06,2025-08-06 13:43:40.200,MO2508-C-7500,2.2,2.2,2.4
2025-08-06,2025-08-06 13:43:40.700,MO2508-C-7500,2.2,2.2,2.4
2025-08-06,2025-08-06 13:43:41.200,MO2508-C-7500,2.2,2.2,2.4
2025-08-06,2025-08-06 13:43:44.700,MO2508-C-7500,2.2,2.2,2.4
2025-08-06,2025-08-06 13:43:48.200,MO2508-C-7500,2.2,2.2,2.4
2025-08-06,2025-08-06 13:43:48.700,MO2508-C-7500,2.2,2.2,2.4
2025-08-06,2025-08-06 13:43:49.200,MO2508-C-7500,2.2,2.2,2.4
2025-08-06,2025-08-06 13:43:49.700,MO2508-C-7500,2.2,2.2,2.4
2025-08-06,2025-08-06 13:43:58.200,MO2508-C-7500,2.2,2.2,2.4
2025-08-06,2025-08-06 13:43:58.700,MO2508-C-7500,2.2,2.2,2.4
2025-08-06,2025-08-06 13:43:59.200,MO2508-C-7500,2.2,2.2,2.4
2025-08-06,2025-08-06 13:44:08.200,MO2508-C-7500,2.2,2.2,2.4
2025-08-06,2025-08-06 13:44:08.700,MO2508-C-7500,2.2,2.2,2.4
2025-08-06,2025-08-06 13:44:15.200,MO2508-C-7500,2.2,2.2,2.4
2025-08-06,2025-08-06 13:44:18.200,MO2508-C-7500,2.2,2.2,2.4
2025-08-06,2025-08-06 13:44:18.700,MO2508-C-7500,2.2,2.2,2.4
2025-08-06,2025-08-06 13:44:28.200,MO2508-C-7500,2.2,2.2,2.4
2025-08-06,2025-08-06 13:44:28.700,MO2508-C-7500,2.2,2.2,2.4
2025-08-06,2025-08-06 13:44:29.200,MO2508-C-7500,2.2,2.2,2.4
2025-08-06,2025-08-06 13:44:37.700,MO2508-C-7500,2.2,2.0,2.4
2025-08-06,2025-08-06 13:44:38.200,MO2508-C-7500,2.2,2.0,2.4
2025-08-06,2025-08-06 13:44:38.700,MO2508-C-7500,2.2,2.0,2.4
2025-08-06,2025-08-06 13:44:45.200,MO2508-C-7500,2.2,2.2,2.4
2025-08-06,2025-08-06 13:44:45.700,MO2508-C-7500,2.2,2.2,2.4
2025-08-06,2025-08-06 13:44:46.200,MO2508-C-7500,2.2,2.2,2.4
2025-08-06,2025-08-06 13:44:46.700,MO2508-C-7500,2.2,2.2,2.4
2025-08-06,2025-08-06 13:44:47.200,MO2508-C-7500,2.2,2.0,2.4
2025-08-06,2025-08-06 13:44:47.700,MO2508-C-7500,2.2,2.2,2.4
2025-08-06,2025-08-06 13:44:48.200,MO2508-C-7500,2.2,2.2,2.4
2025-08-06,2025-08-06 13:44:48.700,MO2508-C-7500,2.2,2.2,2.4
2025-08-06,2025-08-06 13:44:49.200,MO2508-C-7500,2.2,2.2,2.4
2025-08-06,2025-08-06 13:44:53.200,MO2508-C-7500,2.4,2.2,2.4
2025-08-06,2025-08-06 13:44:53.700,MO2508-C-7500,2.4,2.2,2.4
2025-08-06,2025-08-06 13:44:54.200,MO2508-C-7500,2.4,2.2,2.4
2025-08-06,2025-08-06 13:44:54.700,MO2508-C-7500,2.4,2.2,2.4
2025-08-06,2025-08-06 13:44:55.700,MO2508-C-7500,2.4,2.2,2.4
2025-08-06,2025-08-06 13:44:56.200,MO2508-C-7500,2.4,2.2,2.4
2025-08-06,2025-08-06 13:44:58.200,MO2508-C-7500,2.4,2.2,2.4
2025-08-06,2025-08-06 13:44:58.700,MO2508-C-7500,2.4,2.2,2.4
2025-08-06,2025-08-06 13:44:59.200,MO2508-C-7500,2.4,2.2,2.4
2025-08-06,2025-08-06 13:45:02.700,MO2508-C-7500,2.4,2.2,2.4
2025-08-06,2025-08-06 13:45:03.200,MO2508-C-7500,2.4,2.2,2.4
2025-08-06,2025-08-06 13:45:08.200,MO2508-C-7500,2.4,2.2,2.4
2025-08-06,2025-08-06 13:45:08.700,MO2508-C-7500,2.4,2.2,2.4
2025-08-06,2025-08-06 13:45:11.700,MO2508-C-7500,2.4,2.2,2.4
2025-08-06,2025-08-06 13:45:12.200,MO2508-C-7500,2.4,2.2,2.4
2025-08-06,2025-08-06 13:45:14.200,MO2508-C-7500,2.4,2.2,2.4
2025-08-06,2025-08-06 13:45:17.700,MO2508-C-7500,2.4,2.2,2.4
2025-08-06,2025-08-06 13:45:18.200,MO2508-C-7500,2.4,2.2,2.4
2025-08-06,2025-08-06 13:45:18.700,MO2508-C-7500,2.4,2.2,2.4
2025-08-06,2025-08-06 13:45:26.200,MO2508-C-7500,2.4,2.2,2.4
2025-08-06,2025-08-06 13:45:28.200,MO2508-C-7500,2.4,2.2,2.4
2025-08-06,2025-08-06 13:45:28.700,MO2508-C-7500,2.4,2.2,2.4
2025-08-06,2025-08-06 13:45:38.200,MO2508-C-7500,2.4,2.2,2.4
2025-08-06,2025-08-06 13:45:38.700,MO2508-C-7500,2.4,2.2,2.4
2025-08-06,2025-08-06 13:45:40.700,MO2508-C-7500,2.4,2.2,2.4
2025-08-06,2025-08-06 13:45:48.200,MO2508-C-7500,2.4,2.2,2.4
2025-08-06,2025-08-06 13:45:48.700,MO2508-C-7500,2.4,2.2,2.4
2025-08-06,2025-08-06 13:45:58.200,MO2508-C-7500,2.4,2.2,2.4
2025-08-06,2025-08-06 13:45:58.700,MO2508-C-7500,2.4,2.2,2.4
2025-08-06,2025-08-06 13:46:08.200,MO2508-C-7500,2.4,2.2,2.4
2025-08-06,2025-08-06 13:46:08.700,MO2508-C-7500,2.4,2.2,2.4
2025-08-06,2025-08-06 13:46:17.200,MO2508-C-7500,2.4,2.2,2.4
2025-08-06,2025-08-06 13:46:18.200,MO2508-C-7500,2.4,2.2,2.4
2025-08-06,2025-08-06 13:46:18.700,MO2508-C-7500,2.4,2.2,2.4
2025-08-06,2025-08-06 13:46:19.200,MO2508-C-7500,2.4,2.2,2.4
2025-08-06,2025-08-06 13:46:19.700,MO2508-C-7500,2.4,2.2,2.4
2025-08-06,2025-08-06 13:46:20.700,MO2508-C-7500,2.4,2.2,2.4
2025-08-06,2025-08-06 13:46:21.200,MO2508-C-7500,2.4,2.2,2.4
2025-08-06,2025-08-06 13:46:28.200,MO2508-C-7500,2.4,2.2,2.4
2025-08-06,2025-08-06 13:46:28.700,MO2508-C-7500,2.4,2.2,2.4
2025-08-06,2025-08-06 13:46:35.700,MO2508-C-7500,2.4,2.2,2.4
2025-08-06,2025-08-06 13:46:38.200,MO2508-C-7500,2.4,2.2,2.4
2025-08-06,2025-08-06 13:46:38.700,MO2508-C-7500,2.4,2.2,2.4
2025-08-06,2025-08-06 13:46:48.200,MO2508-C-7500,2.4,2.2,2.4
2025-08-06,2025-08-06 13:46:48.700,MO2508-C-7500,2.4,2.2,2.4
2025-08-06,2025-08-06 13:46:58.200,MO2508-C-7500,2.4,2.2,2.4
2025-08-06,2025-08-06 13:46:58.700,MO2508-C-7500,2.4,2.2,2.4
2025-08-06,2025-08-06 13:46:59.200,MO2508-C-7500,2.4,2.2,2.4
2025-08-06,2025-08-06 13:47:01.700,MO2508-C-7500,2.4,2.2,2.4
2025-08-06,2025-08-06 13:47:02.200,MO2508-C-7500,2.4,2.2,2.4
2025-08-06,2025-08-06 13:47:06.700,MO2508-C-7500,2.4,2.2,2.4
2025-08-06,2025-08-06 13:47:08.200,MO2508-C-7500,2.4,2.2,2.4
2025-08-06,2025-08-06 13:47:08.700,MO2508-C-7500,2.4,2.2,2.4
2025-08-06,2025-08-06 13:47:09.200,MO2508-C-7500,2.4,2.2,2.4
2025-08-06,2025-08-06 13:47:09.700,MO2508-C-7500,2.4,2.2,2.4
2025-08-06,2025-08-06 13:47:13.700,MO2508-C-7500,2.4,2.2,2.4
2025-08-06,2025-08-06 13:47:15.700,MO2508-C-7500,2.4,2.4,2.6
2025-08-06,2025-08-06 13:47:16.200,MO2508-C-7500,2.4,2.4,2.6
2025-08-06,2025-08-06 13:47:16.700,MO2508-C-7500,2.4,2.4,2.6
2025-08-06,2025-08-06 13:47:17.700,MO2508-C-7500,2.4,2.4,2.6
2025-08-06,2025-08-06 13:47:18.200,MO2508-C-7500,2.4,2.4,2.6
2025-08-06,2025-08-06 13:47:18.700,MO2508-C-7500,2.4,2.4,2.6
2025-08-06,2025-08-06 13:47:19.200,MO2508-C-7500,2.4,2.4,2.6
2025-08-06,2025-08-06 13:47:22.700,MO2508-C-7500,2.4,2.4,2.6
2025-08-06,2025-08-06 13:47:23.200,MO2508-C-7500,2.4,2.4,2.6
2025-08-06,2025-08-06 13:47:26.700,MO2508-C-7500,2.4,2.4,2.6
2025-08-06,2025-08-06 13:47:27.200,MO2508-C-7500,2.4,2.4,2.6
2025-08-06,2025-08-06 13:47:28.200,MO2508-C-7500,2.4,2.4,2.6
2025-08-06,2025-08-06 13:47:28.700,MO2508-C-7500,2.4,2.4,2.6
2025-08-06,2025-08-06 13:47:29.700,MO2508-C-7500,2.4,2.4,2.6
2025-08-06,2025-08-06 13:47:32.200,MO2508-C-7500,2.4,2.4,2.6
2025-08-06,2025-08-06 13:47:32.700,MO2508-C-7500,2.4,2.4,2.6
2025-08-06,2025-08-06 13:47:36.200,MO2508-C-7500,2.4,2.4,2.6
2025-08-06,2025-08-06 13:47:36.700,MO2508-C-7500,2.4,2.4,2.6
2025-08-06,2025-08-06 13:47:37.200,MO2508-C-7500,2.4,2.4,2.6
2025-08-06,2025-08-06 13:47:38.200,MO2508-C-7500,2.4,2.4,2.6
2025-08-06,2025-08-06 13:47:38.700,MO2508-C-7500,2.4,2.4,2.6
2025-08-06,2025-08-06 13:47:40.700,MO2508-C-7500,2.4,2.4,2.6
2025-08-06,2025-08-06 13:47:41.200,MO2508-C-7500,2.4,2.4,2.6
2025-08-06,2025-08-06 13:47:48.200,MO2508-C-7500,2.6,2.4,2.6
2025-08-06,2025-08-06 13:47:48.700,MO2508-C-7500,2.6,2.4,2.6
2025-08-06,2025-08-06 13:47:54.200,MO2508-C-7500,2.6,2.4,2.6
2025-08-06,2025-08-06 13:47:54.700,MO2508-C-7500,2.6,2.4,2.6
2025-08-06,2025-08-06 13:47:55.200,MO2508-C-7500,2.6,2.4,2.6
2025-08-06,2025-08-06 13:47:57.700,MO2508-C-7500,2.6,2.4,2.6
2025-08-06,2025-08-06 13:47:58.200,MO2508-C-7500,2.6,2.4,2.6
2025-08-06,2025-08-06 13:47:58.700,MO2508-C-7500,2.6,2.4,2.6
2025-08-06,2025-08-06 13:47:59.200,MO2508-C-7500,2.6,2.4,2.6
2025-08-06,2025-08-06 13:48:00.200,MO2508-C-7500,2.6,2.4,2.6
2025-08-06,2025-08-06 13:48:01.200,MO2508-C-7500,2.6,2.4,2.6
2025-08-06,2025-08-06 13:48:01.700,MO2508-C-7500,2.6,2.4,2.6
2025-08-06,2025-08-06 13:48:02.200,MO2508-C-7500,2.6,2.4,2.6
2025-08-06,2025-08-06 13:48:05.200,MO2508-C-7500,2.6,2.4,2.6
2025-08-06,2025-08-06 13:48:06.200,MO2508-C-7500,2.6,2.4,2.6
2025-08-06,2025-08-06 13:48:07.700,MO2508-C-7500,2.6,2.4,2.6
2025-08-06,2025-08-06 13:48:08.200,MO2508-C-7500,2.6,2.4,2.6
2025-08-06,2025-08-06 13:48:08.700,MO2508-C-7500,2.6,2.4,2.6
2025-08-06,2025-08-06 13:48:09.700,MO2508-C-7500,2.6,2.4,2.6
2025-08-06,2025-08-06 13:48:10.200,MO2508-C-7500,2.6,2.4,2.6
2025-08-06,2025-08-06 13:48:10.700,MO2508-C-7500,2.6,2.4,2.8
2025-08-06,2025-08-06 13:48:11.200,MO2508-C-7500,2.6,2.4,2.8
2025-08-06,2025-08-06 13:48:11.700,MO2508-C-7500,2.6,2.4,2.8
2025-08-06,2025-08-06 13:48:15.200,MO2508-C-7500,2.6,2.4,2.8
2025-08-06,2025-08-06 13:48:16.200,MO2508-C-7500,2.6,2.4,2.8
2025-08-06,2025-08-06 13:48:17.700,MO2508-C-7500,2.6,2.4,2.8
2025-08-06,2025-08-06 13:48:18.200,MO2508-C-7500,2.6,2.6,2.8
2025-08-06,2025-08-06 13:48:18.700,MO2508-C-7500,2.6,2.6,2.8
2025-08-06,2025-08-06 13:48:19.700,MO2508-C-7500,2.6,2.4,2.6
2025-08-06,2025-08-06 13:48:20.200,MO2508-C-7500,2.6,2.4,2.6
2025-08-06,2025-08-06 13:48:20.700,MO2508-C-7500,2.6,2.4,2.6
2025-08-06,2025-08-06 13:48:22.200,MO2508-C-7500,2.6,2.4,2.6
2025-08-06,2025-08-06 13:48:23.200,MO2508-C-7500,2.6,2.4,2.6
2025-08-06,2025-08-06 13:48:25.700,MO2508-C-7500,2.6,2.4,2.6
2025-08-06,2025-08-06 13:48:28.200,MO2508-C-7500,2.6,2.4,2.6
2025-08-06,2025-08-06 13:48:28.700,MO2508-C-7500,2.6,2.4,2.6
2025-08-06,2025-08-06 13:48:38.200,MO2508-C-7500,2.6,2.4,2.6
2025-08-06,2025-08-06 13:48:38.700,MO2508-C-7500,2.6,2.4,2.6
2025-08-06,2025-08-06 13:48:48.200,MO2508-C-7500,2.6,2.4,2.6
2025-08-06,2025-08-06 13:48:48.700,MO2508-C-7500,2.6,2.4,2.6
2025-08-06,2025-08-06 13:48:54.700,MO2508-C-7500,2.6,2.4,2.8
2025-08-06,2025-08-06 13:48:55.200,MO2508-C-7500,2.6,2.4,2.8
2025-08-06,2025-08-06 13:48:55.700,MO2508-C-7500,2.6,2.4,2.8
2025-08-06,2025-08-06 13:48:58.200,MO2508-C-7500,2.6,2.4,2.8
2025-08-06,2025-08-06 13:48:58.700,MO2508-C-7500,2.6,2.6,2.8
2025-08-06,2025-08-06 13:48:59.200,MO2508-C-7500,2.6,2.6,2.8
2025-08-06,2025-08-06 13:49:02.700,MO2508-C-7500,2.6,2.6,2.8
2025-08-06,2025-08-06 13:49:03.200,MO2508-C-7500,2.6,2.6,2.8
2025-08-06,2025-08-06 13:49:03.700,MO2508-C-7500,2.6,2.6,2.8
2025-08-06,2025-08-06 13:49:04.200,MO2508-C-7500,2.6,2.6,2.8
2025-08-06,2025-08-06 13:49:04.700,MO2508-C-7500,2.6,2.6,2.8
2025-08-06,2025-08-06 13:49:05.200,MO2508-C-7500,2.6,2.6,2.8
2025-08-06,2025-08-06 13:49:05.700,MO2508-C-7500,2.6,2.6,2.8
2025-08-06,2025-08-06 13:49:06.200,MO2508-C-7500,2.6,2.6,2.8
2025-08-06,2025-08-06 13:49:06.700,MO2508-C-7500,2.6,2.6,2.8
2025-08-06,2025-08-06 13:49:07.200,MO2508-C-7500,2.6,2.6,2.8
2025-08-06,2025-08-06 13:49:08.200,MO2508-C-7500,2.6,2.6,2.8
2025-08-06,2025-08-06 13:49:08.700,MO2508-C-7500,2.6,2.6,2.8
2025-08-06,2025-08-06 13:49:14.200,MO2508-C-7500,2.6,2.6,2.8
2025-08-06,2025-08-06 13:49:14.700,MO2508-C-7500,2.6,2.6,2.8
2025-08-06,2025-08-06 13:49:15.200,MO2508-C-7500,2.6,2.6,2.8
2025-08-06,2025-08-06 13:49:18.200,MO2508-C-7500,2.6,2.6,2.8
2025-08-06,2025-08-06 13:49:18.700,MO2508-C-7500,2.6,2.6,2.8
2025-08-06,2025-08-06 13:49:19.200,MO2508-C-7500,2.6,2.6,2.8
2025-08-06,2025-08-06 13:49:21.200,MO2508-C-7500,2.6,2.6,2.8
2025-08-06,2025-08-06 13:49:21.700,MO2508-C-7500,2.6,2.6,2.8
2025-08-06,2025-08-06 13:49:22.700,MO2508-C-7500,2.6,2.6,2.8
2025-08-06,2025-08-06 13:49:23.200,MO2508-C-7500,2.6,2.6,2.8
2025-08-06,2025-08-06 13:49:24.700,MO2508-C-7500,2.6,2.6,2.8
2025-08-06,2025-08-06 13:49:25.200,MO2508-C-7500,2.6,2.6,2.8
2025-08-06,2025-08-06 13:49:25.700,MO2508-C-7500,2.6,2.6,2.8
2025-08-06,2025-08-06 13:49:28.200,MO2508-C-7500,2.6,2.6,2.8
2025-08-06,2025-08-06 13:49:28.700,MO2508-C-7500,2.6,2.6,2.8
2025-08-06,2025-08-06 13:49:29.200,MO2508-C-7500,2.6,2.6,2.8
2025-08-06,2025-08-06 13:49:35.700,MO2508-C-7500,2.6,2.6,2.8
2025-08-06,2025-08-06 13:49:36.200,MO2508-C-7500,2.6,2.6,2.8
2025-08-06,2025-08-06 13:49:36.700,MO2508-C-7500,2.6,2.6,2.8
2025-08-06,2025-08-06 13:49:37.200,MO2508-C-7500,2.6,2.6,2.8
2025-08-06,2025-08-06 13:49:38.200,MO2508-C-7500,2.6,2.6,2.8
2025-08-06,2025-08-06 13:49:38.700,MO2508-C-7500,2.6,2.6,2.8
2025-08-06,2025-08-06 13:49:42.200,MO2508-C-7500,2.6,2.6,2.8
2025-08-06,2025-08-06 13:49:44.700,MO2508-C-7500,2.6,2.6,2.8
2025-08-06,2025-08-06 13:49:48.200,MO2508-C-7500,2.6,2.6,2.8
2025-08-06,2025-08-06 13:49:48.700,MO2508-C-7500,2.6,2.6,2.8
2025-08-06,2025-08-06 13:49:49.200,MO2508-C-7500,2.6,2.6,2.8
2025-08-06,2025-08-06 13:49:49.700,MO2508-C-7500,2.6,2.6,2.8
2025-08-06,2025-08-06 13:49:55.700,MO2508-C-7500,2.6,2.6,2.8
2025-08-06,2025-08-06 13:49:58.200,MO2508-C-7500,2.6,2.6,2.8
2025-08-06,2025-08-06 13:49:58.700,MO2508-C-7500,2.6,2.6,2.8
2025-08-06,2025-08-06 13:50:06.700,MO2508-C-7500,2.6,2.6,2.8
2025-08-06,2025-08-06 13:50:08.200,MO2508-C-7500,2.6,2.6,2.8
2025-08-06,2025-08-06 13:50:08.700,MO2508-C-7500,2.6,2.6,2.8
2025-08-06,2025-08-06 13:50:09.200,MO2508-C-7500,2.6,2.6,2.8
2025-08-06,2025-08-06 13:50:13.200,MO2508-C-7500,2.6,2.6,2.8
2025-08-06,2025-08-06 13:50:15.700,MO2508-C-7500,2.8,2.6,2.8
2025-08-06,2025-08-06 13:50:16.200,MO2508-C-7500,2.8,2.6,2.8
2025-08-06,2025-08-06 13:50:17.200,MO2508-C-7500,2.8,2.6,2.8
2025-08-06,2025-08-06 13:50:17.700,MO2508-C-7500,2.8,2.6,2.8
2025-08-06,2025-08-06 13:50:18.200,MO2508-C-7500,2.8,2.6,2.8
2025-08-06,2025-08-06 13:50:18.700,MO2508-C-7500,2.8,2.6,2.8
2025-08-06,2025-08-06 13:50:20.700,MO2508-C-7500,2.8,2.6,2.8
2025-08-06,2025-08-06 13:50:23.200,MO2508-C-7500,2.8,2.6,2.8
2025-08-06,2025-08-06 13:50:23.700,MO2508-C-7500,2.8,2.6,2.8
2025-08-06,2025-08-06 13:50:28.200,MO2508-C-7500,2.8,2.6,2.8
2025-08-06,2025-08-06 13:50:28.700,MO2508-C-7500,2.8,2.6,2.8
2025-08-06,2025-08-06 13:50:29.200,MO2508-C-7500,2.8,2.6,2.8
2025-08-06,2025-08-06 13:50:30.200,MO2508-C-7500,2.8,2.6,2.8
2025-08-06,2025-08-06 13:50:30.700,MO2508-C-7500,2.8,2.6,2.8
2025-08-06,2025-08-06 13:50:38.200,MO2508-C-7500,2.8,2.6,2.8
2025-08-06,2025-08-06 13:50:38.700,MO2508-C-7500,2.8,2.6,2.8
2025-08-06,2025-08-06 13:50:39.200,MO2508-C-7500,2.8,2.6,2.8
2025-08-06,2025-08-06 13:50:39.700,MO2508-C-7500,2.8,2.6,2.8
2025-08-06,2025-08-06 13:50:40.200,MO2508-C-7500,2.8,2.6,2.8
2025-08-06,2025-08-06 13:50:41.200,MO2508-C-7500,2.8,2.6,2.8
2025-08-06,2025-08-06 13:50:41.700,MO2508-C-7500,2.8,2.6,2.8
2025-08-06,2025-08-06 13:50:42.200,MO2508-C-7500,2.8,2.6,2.8
2025-08-06,2025-08-06 13:50:42.700,MO2508-C-7500,2.8,2.6,2.8
2025-08-06,2025-08-06 13:50:43.200,MO2508-C-7500,2.8,2.6,2.8
2025-08-06,2025-08-06 13:50:48.200,MO2508-C-7500,2.8,2.6,2.8
2025-08-06,2025-08-06 13:50:48.700,MO2508-C-7500,2.8,2.6,2.8
2025-08-06,2025-08-06 13:50:49.700,MO2508-C-7500,2.8,2.6,2.8
2025-08-06,2025-08-06 13:50:50.200,MO2508-C-7500,2.8,2.6,2.8
2025-08-06,2025-08-06 13:50:58.200,MO2508-C-7500,2.8,2.6,2.8
2025-08-06,2025-08-06 13:50:58.700,MO2508-C-7500,2.8,2.6,2.8
2025-08-06,2025-08-06 13:50:59.200,MO2508-C-7500,2.8,2.6,2.8
2025-08-06,2025-08-06 13:50:59.700,MO2508-C-7500,2.8,2.6,2.8
2025-08-06,2025-08-06 13:51:00.200,MO2508-C-7500,2.8,2.6,2.8
2025-08-06,2025-08-06 13:51:00.700,MO2508-C-7500,2.8,2.6,2.8
2025-08-06,2025-08-06 13:51:03.700,MO2508-C-7500,2.8,2.6,2.8
2025-08-06,2025-08-06 13:51:05.200,MO2508-C-7500,2.8,2.6,2.8
2025-08-06,2025-08-06 13:51:08.200,MO2508-C-7500,2.8,2.6,2.8
2025-08-06,2025-08-06 13:51:08.700,MO2508-C-7500,2.8,2.6,2.8
2025-08-06,2025-08-06 13:51:12.700,MO2508-C-7500,2.8,2.6,2.8
2025-08-06,2025-08-06 13:51:13.200,MO2508-C-7500,2.8,2.6,2.8
2025-08-06,2025-08-06 13:51:13.700,MO2508-C-7500,2.8,2.6,2.8
2025-08-06,2025-08-06 13:51:14.200,MO2508-C-7500,2.8,2.6,2.8
2025-08-06,2025-08-06 13:51:15.700,MO2508-C-7500,2.8,2.6,2.8
2025-08-06,2025-08-06 13:51:16.200,MO2508-C-7500,2.8,2.6,2.8
2025-08-06,2025-08-06 13:51:16.700,MO2508-C-7500,2.8,2.6,2.8
2025-08-06,2025-08-06 13:51:17.200,MO2508-C-7500,2.8,2.6,2.8
2025-08-06,2025-08-06 13:51:18.200,MO2508-C-7500,2.8,2.6,2.8
2025-08-06,2025-08-06 13:51:18.700,MO2508-C-7500,2.8,2.6,2.8
2025-08-06,2025-08-06 13:51:19.700,MO2508-C-7500,2.8,2.6,2.8
2025-08-06,2025-08-06 13:51:21.200,MO2508-C-7500,2.8,2.6,2.8
2025-08-06,2025-08-06 13:51:28.200,MO2508-C-7500,2.8,2.6,2.8
2025-08-06,2025-08-06 13:51:28.700,MO2508-C-7500,2.8,2.6,2.8
2025-08-06,2025-08-06 13:51:30.200,MO2508-C-7500,2.8,2.6,2.8
2025-08-06,2025-08-06 13:51:38.200,MO2508-C-7500,2.8,2.6,2.8
2025-08-06,2025-08-06 13:51:38.700,MO2508-C-7500,2.8,2.6,2.8
2025-08-06,2025-08-06 13:51:44.200,MO2508-C-7500,2.8,2.6,2.8
2025-08-06,2025-08-06 13:51:44.700,MO2508-C-7500,2.8,2.6,2.8
2025-08-06,2025-08-06 13:51:48.200,MO2508-C-7500,2.8,2.6,2.8
2025-08-06,2025-08-06 13:51:48.700,MO2508-C-7500,2.8,2.6,2.8
2025-08-06,2025-08-06 13:51:50.200,MO2508-C-7500,2.8,2.6,2.8
2025-08-06,2025-08-06 13:51:50.700,MO2508-C-7500,2.8,2.6,2.8
2025-08-06,2025-08-06 13:51:51.200,MO2508-C-7500,2.8,2.6,2.8
2025-08-06,2025-08-06 13:51:54.200,MO2508-C-7500,2.8,2.6,2.8
2025-08-06,2025-08-06 13:51:54.700,MO2508-C-7500,2.8,2.6,2.8
2025-08-06,2025-08-06 13:51:57.200,MO2508-C-7500,2.8,2.6,2.8
2025-08-06,2025-08-06 13:51:58.200,MO2508-C-7500,2.8,2.6,2.8
2025-08-06,2025-08-06 13:51:58.700,MO2508-C-7500,2.8,2.6,2.8
2025-08-06,2025-08-06 13:51:59.700,MO2508-C-7500,2.8,2.6,2.8
2025-08-06,2025-08-06 13:52:04.200,MO2508-C-7500,2.8,2.6,2.8
2025-08-06,2025-08-06 13:52:04.700,MO2508-C-7500,2.8,2.6,2.8
2025-08-06,2025-08-06 13:52:06.200,MO2508-C-7500,2.8,2.6,2.8
2025-08-06,2025-08-06 13:52:06.700,MO2508-C-7500,2.8,2.6,2.8
2025-08-06,2025-08-06 13:52:07.700,MO2508-C-7500,2.8,2.6,2.8
2025-08-06,2025-08-06 13:52:08.200,MO2508-C-7500,2.8,2.6,2.8
2025-08-06,2025-08-06 13:52:08.700,MO2508-C-7500,2.8,2.6,2.8
2025-08-06,2025-08-06 13:52:09.200,MO2508-C-7500,2.8,2.6,2.8
2025-08-06,2025-08-06 13:52:09.700,MO2508-C-7500,2.8,2.6,2.8
2025-08-06,2025-08-06 13:52:11.700,MO2508-C-7500,2.8,2.6,2.8
2025-08-06,2025-08-06 13:52:12.200,MO2508-C-7500,2.8,2.6,2.8
2025-08-06,2025-08-06 13:52:13.700,MO2508-C-7500,2.8,2.6,2.8
2025-08-06,2025-08-06 13:52:14.200,MO2508-C-7500,2.8,2.6,2.8
2025-08-06,2025-08-06 13:52:14.700,MO2508-C-7500,2.8,2.6,2.8
2025-08-06,2025-08-06 13:52:17.200,MO2508-C-7500,2.8,2.6,2.8
2025-08-06,2025-08-06 13:52:17.700,MO2508-C-7500,2.8,2.6,2.8
2025-08-06,2025-08-06 13:52:18.200,MO2508-C-7500,2.8,2.6,2.8
2025-08-06,2025-08-06 13:52:18.700,MO2508-C-7500,2.8,2.6,2.8
2025-08-06,2025-08-06 13:52:19.200,MO2508-C-7500,2.8,2.6,2.8
2025-08-06,2025-08-06 13:52:21.200,MO2508-C-7500,2.8,2.6,2.8
2025-08-06,2025-08-06 13:52:21.700,MO2508-C-7500,2.8,2.6,2.8
2025-08-06,2025-08-06 13:52:22.200,MO2508-C-7500,2.8,2.6,2.8
2025-08-06,2025-08-06 13:52:24.700,MO2508-C-7500,2.8,2.6,2.8
2025-08-06,2025-08-06 13:52:28.200,MO2508-C-7500,2.8,2.6,2.8
2025-08-06,2025-08-06 13:52:28.700,MO2508-C-7500,2.8,2.6,2.8
2025-08-06,2025-08-06 13:52:38.200,MO2508-C-7500,2.8,2.6,2.8
2025-08-06,2025-08-06 13:52:38.700,MO2508-C-7500,2.8,2.6,2.8
2025-08-06,2025-08-06 13:52:42.200,MO2508-C-7500,2.8,2.6,2.8
2025-08-06,2025-08-06 13:52:42.700,MO2508-C-7500,2.8,2.6,2.8
2025-08-06,2025-08-06 13:52:45.700,MO2508-C-7500,2.8,2.6,2.8
2025-08-06,2025-08-06 13:52:48.200,MO2508-C-7500,2.8,2.6,2.8
2025-08-06,2025-08-06 13:52:48.700,MO2508-C-7500,2.8,2.6,2.8
2025-08-06,2025-08-06 13:52:55.700,MO2508-C-7500,2.8,2.6,2.8
2025-08-06,2025-08-06 13:52:56.200,MO2508-C-7500,2.8,2.6,2.8
2025-08-06,2025-08-06 13:52:58.200,MO2508-C-7500,2.8,2.6,2.8
2025-08-06,2025-08-06 13:52:58.700,MO2508-C-7500,2.8,2.6,2.8
2025-08-06,2025-08-06 13:53:05.200,MO2508-C-7500,2.8,2.6,2.8
2025-08-06,2025-08-06 13:53:07.700,MO2508-C-7500,2.8,2.6,2.8
2025-08-06,2025-08-06 13:53:08.200,MO2508-C-7500,2.8,2.6,2.8
2025-08-06,2025-08-06 13:53:08.700,MO2508-C-7500,2.8,2.6,2.8
2025-08-06,2025-08-06 13:53:13.700,MO2508-C-7500,2.8,2.6,2.8
2025-08-06,2025-08-06 13:53:18.200,MO2508-C-7500,2.8,2.6,2.8
2025-08-06,2025-08-06 13:53:18.700,MO2508-C-7500,2.8,2.6,2.8
2025-08-06,2025-08-06 13:53:26.700,MO2508-C-7500,2.8,2.6,2.8
2025-08-06,2025-08-06 13:53:28.200,MO2508-C-7500,2.8,2.6,2.8
2025-08-06,2025-08-06 13:53:28.700,MO2508-C-7500,2.8,2.6,2.8
2025-08-06,2025-08-06 13:53:29.200,MO2508-C-7500,2.8,2.6,2.8
2025-08-06,2025-08-06 13:53:33.200,MO2508-C-7500,2.8,2.6,2.8
2025-08-06,2025-08-06 13:53:33.700,MO2508-C-7500,2.8,2.6,2.8
2025-08-06,2025-08-06 13:53:36.200,MO2508-C-7500,2.8,2.6,2.8
2025-08-06,2025-08-06 13:53:38.200,MO2508-C-7500,2.8,2.6,2.8
2025-08-06,2025-08-06 13:53:38.700,MO2508-C-7500,2.8,2.6,2.8
2025-08-06,2025-08-06 13:53:40.700,MO2508-C-7500,2.8,2.6,2.8
2025-08-06,2025-08-06 13:53:41.200,MO2508-C-7500,2.8,2.6,2.8
2025-08-06,2025-08-06 13:53:42.200,MO2508-C-7500,2.6,2.6,2.8
2025-08-06,2025-08-06 13:53:42.700,MO2508-C-7500,2.6,2.6,2.8
2025-08-06,2025-08-06 13:53:43.200,MO2508-C-7500,2.6,2.6,2.8
2025-08-06,2025-08-06 13:53:46.200,MO2508-C-7500,2.6,2.6,2.8
2025-08-06,2025-08-06 13:53:47.700,MO2508-C-7500,2.6,2.6,2.8
2025-08-06,2025-08-06 13:53:48.200,MO2508-C-7500,2.6,2.6,2.8
2025-08-06,2025-08-06 13:53:48.700,MO2508-C-7500,2.6,2.6,2.8
2025-08-06,2025-08-06 13:53:49.200,MO2508-C-7500,2.6,2.6,2.8
2025-08-06,2025-08-06 13:53:49.700,MO2508-C-7500,2.6,2.6,2.8
2025-08-06,2025-08-06 13:53:50.200,MO2508-C-7500,2.6,2.6,2.8
2025-08-06,2025-08-06 13:53:53.200,MO2508-C-7500,2.6,2.6,2.8
2025-08-06,2025-08-06 13:53:53.700,MO2508-C-7500,2.6,2.6,2.8
2025-08-06,2025-08-06 13:53:55.200,MO2508-C-7500,2.6,2.6,2.8
2025-08-06,2025-08-06 13:53:57.200,MO2508-C-7500,2.6,2.6,2.8
2025-08-06,2025-08-06 13:53:57.700,MO2508-C-7500,2.6,2.6,2.8
2025-08-06,2025-08-06 13:53:58.200,MO2508-C-7500,2.6,2.6,2.8
2025-08-06,2025-08-06 13:53:58.700,MO2508-C-7500,2.6,2.6,2.8
2025-08-06,2025-08-06 13:53:59.200,MO2508-C-7500,2.6,2.6,2.8
2025-08-06,2025-08-06 13:53:59.700,MO2508-C-7500,2.6,2.6,2.8
2025-08-06,2025-08-06 13:54:00.200,MO2508-C-7500,2.6,2.6,2.8
2025-08-06,2025-08-06 13:54:00.700,MO2508-C-7500,2.6,2.6,2.8
2025-08-06,2025-08-06 13:54:01.200,MO2508-C-7500,2.6,2.6,2.8
2025-08-06,2025-08-06 13:54:04.700,MO2508-C-7500,2.6,2.4,2.6
2025-08-06,2025-08-06 13:54:05.200,MO2508-C-7500,2.6,2.4,2.6
2025-08-06,2025-08-06 13:54:05.700,MO2508-C-7500,2.6,2.4,2.6
2025-08-06,2025-08-06 13:54:06.700,MO2508-C-7500,2.6,2.4,2.6
2025-08-06,2025-08-06 13:54:07.200,MO2508-C-7500,2.6,2.4,2.6
2025-08-06,2025-08-06 13:54:08.200,MO2508-C-7500,2.6,2.4,2.6
2025-08-06,2025-08-06 13:54:08.700,MO2508-C-7500,2.6,2.4,2.6
2025-08-06,2025-08-06 13:54:10.200,MO2508-C-7500,2.6,2.4,2.6
2025-08-06,2025-08-06 13:54:10.700,MO2508-C-7500,2.6,2.4,2.6
2025-08-06,2025-08-06 13:54:11.200,MO2508-C-7500,2.6,2.4,2.6
2025-08-06,2025-08-06 13:54:15.700,MO2508-C-7500,2.6,2.4,2.6
2025-08-06,2025-08-06 13:54:16.200,MO2508-C-7500,2.6,2.4,2.6
2025-08-06,2025-08-06 13:54:17.200,MO2508-C-7500,2.6,2.4,2.6
2025-08-06,2025-08-06 13:54:18.200,MO2508-C-7500,2.6,2.4,2.6
2025-08-06,2025-08-06 13:54:18.700,MO2508-C-7500,2.6,2.4,2.6
2025-08-06,2025-08-06 13:54:20.200,MO2508-C-7500,2.6,2.4,2.6
2025-08-06,2025-08-06 13:54:22.700,MO2508-C-7500,2.6,2.4,2.6
2025-08-06,2025-08-06 13:54:25.200,MO2508-C-7500,2.6,2.4,2.6
2025-08-06,2025-08-06 13:54:25.700,MO2508-C-7500,2.6,2.4,2.6
2025-08-06,2025-08-06 13:54:26.700,MO2508-C-7500,2.6,2.4,2.6
2025-08-06,2025-08-06 13:54:28.200,MO2508-C-7500,2.6,2.4,2.6
2025-08-06,2025-08-06 13:54:28.700,MO2508-C-7500,2.6,2.4,2.6
2025-08-06,2025-08-06 13:54:35.200,MO2508-C-7500,2.6,2.4,2.6
2025-08-06,2025-08-06 13:54:35.700,MO2508-C-7500,2.6,2.4,2.6
2025-08-06,2025-08-06 13:54:38.200,MO2508-C-7500,2.6,2.4,2.6
2025-08-06,2025-08-06 13:54:38.700,MO2508-C-7500,2.6,2.4,2.6
2025-08-06,2025-08-06 13:54:48.200,MO2508-C-7500,2.6,2.4,2.6
2025-08-06,2025-08-06 13:54:48.700,MO2508-C-7500,2.6,2.4,2.6
2025-08-06,2025-08-06 13:54:50.200,MO2508-C-7500,2.6,2.4,2.6
2025-08-06,2025-08-06 13:54:50.700,MO2508-C-7500,2.6,2.4,2.6
2025-08-06,2025-08-06 13:54:58.200,MO2508-C-7500,2.6,2.4,2.6
2025-08-06,2025-08-06 13:54:58.700,MO2508-C-7500,2.6,2.4,2.6
2025-08-06,2025-08-06 13:54:59.200,MO2508-C-7500,2.6,2.4,2.6
2025-08-06,2025-08-06 13:54:59.700,MO2508-C-7500,2.6,2.4,2.6
2025-08-06,2025-08-06 13:55:00.200,MO2508-C-7500,2.6,2.4,2.6
2025-08-06,2025-08-06 13:55:00.700,MO2508-C-7500,2.6,2.4,2.6
2025-08-06,2025-08-06 13:55:08.200,MO2508-C-7500,2.6,2.4,2.6
2025-08-06,2025-08-06 13:55:08.700,MO2508-C-7500,2.6,2.4,2.6
2025-08-06,2025-08-06 13:55:11.200,MO2508-C-7500,2.6,2.4,2.6
2025-08-06,2025-08-06 13:55:11.700,MO2508-C-7500,2.6,2.4,2.6
2025-08-06,2025-08-06 13:55:18.200,MO2508-C-7500,2.6,2.4,2.6
2025-08-06,2025-08-06 13:55:18.700,MO2508-C-7500,2.6,2.4,2.6
2025-08-06,2025-08-06 13:55:28.200,MO2508-C-7500,2.6,2.4,2.6
2025-08-06,2025-08-06 13:55:28.700,MO2508-C-7500,2.6,2.4,2.6
2025-08-06,2025-08-06 13:55:29.200,MO2508-C-7500,2.6,2.4,2.6
2025-08-06,2025-08-06 13:55:29.700,MO2508-C-7500,2.6,2.4,2.6
2025-08-06,2025-08-06 13:55:34.700,MO2508-C-7500,2.6,2.4,2.6
2025-08-06,2025-08-06 13:55:35.200,MO2508-C-7500,2.6,2.4,2.6
2025-08-06,2025-08-06 13:55:36.200,MO2508-C-7500,2.6,2.4,2.6
2025-08-06,2025-08-06 13:55:36.700,MO2508-C-7500,2.6,2.4,2.6
2025-08-06,2025-08-06 13:55:37.200,MO2508-C-7500,2.6,2.4,2.6
2025-08-06,2025-08-06 13:55:38.200,MO2508-C-7500,2.6,2.4,2.6
2025-08-06,2025-08-06 13:55:38.700,MO2508-C-7500,2.6,2.4,2.6
2025-08-06,2025-08-06 13:55:39.200,MO2508-C-7500,2.6,2.4,2.6
2025-08-06,2025-08-06 13:55:41.700,MO2508-C-7500,2.6,2.4,2.6
2025-08-06,2025-08-06 13:55:44.700,MO2508-C-7500,2.6,2.4,2.6
2025-08-06,2025-08-06 13:55:47.700,MO2508-C-7500,2.6,2.4,2.6
2025-08-06,2025-08-06 13:55:48.200,MO2508-C-7500,2.6,2.4,2.6
2025-08-06,2025-08-06 13:55:48.700,MO2508-C-7500,2.6,2.4,2.6
2025-08-06,2025-08-06 13:55:49.700,MO2508-C-7500,2.6,2.4,2.6
2025-08-06,2025-08-06 13:55:58.200,MO2508-C-7500,2.6,2.4,2.6
2025-08-06,2025-08-06 13:55:58.700,MO2508-C-7500,2.6,2.4,2.6
2025-08-06,2025-08-06 13:56:05.200,MO2508-C-7500,2.6,2.4,2.6
2025-08-06,2025-08-06 13:56:05.700,MO2508-C-7500,2.6,2.4,2.6
2025-08-06,2025-08-06 13:56:08.200,MO2508-C-7500,2.6,2.4,2.6
2025-08-06,2025-08-06 13:56:08.700,MO2508-C-7500,2.6,2.4,2.6
2025-08-06,2025-08-06 13:56:14.700,MO2508-C-7500,2.6,2.4,2.8
2025-08-06,2025-08-06 13:56:15.200,MO2508-C-7500,2.6,2.4,2.8
2025-08-06,2025-08-06 13:56:18.200,MO2508-C-7500,2.6,2.4,2.8
2025-08-06,2025-08-06 13:56:18.700,MO2508-C-7500,2.6,2.4,2.8
2025-08-06,2025-08-06 13:56:20.200,MO2508-C-7500,2.6,2.4,2.8
2025-08-06,2025-08-06 13:56:27.200,MO2508-C-7500,2.6,2.4,2.8
2025-08-06,2025-08-06 13:56:28.200,MO2508-C-7500,2.4,2.4,2.6
2025-08-06,2025-08-06 13:56:28.700,MO2508-C-7500,2.4,2.4,2.6
2025-08-06,2025-08-06 13:56:33.200,MO2508-C-7500,2.4,2.4,2.6
2025-08-06,2025-08-06 13:56:34.200,MO2508-C-7500,2.4,2.4,2.6
2025-08-06,2025-08-06 13:56:35.200,MO2508-C-7500,2.4,2.4,2.6
2025-08-06,2025-08-06 13:56:36.200,MO2508-C-7500,2.4,2.4,2.6
2025-08-06,2025-08-06 13:56:36.700,MO2508-C-7500,2.4,2.4,2.6
2025-08-06,2025-08-06 13:56:38.200,MO2508-C-7500,2.4,2.4,2.6
2025-08-06,2025-08-06 13:56:38.700,MO2508-C-7500,2.4,2.4,2.6
2025-08-06,2025-08-06 13:56:42.200,MO2508-C-7500,2.4,2.4,2.6
2025-08-06,2025-08-06 13:56:44.200,MO2508-C-7500,2.4,2.4,2.6
2025-08-06,2025-08-06 13:56:46.700,MO2508-C-7500,2.4,2.4,2.6
2025-08-06,2025-08-06 13:56:47.200,MO2508-C-7500,2.4,2.4,2.6
2025-08-06,2025-08-06 13:56:47.700,MO2508-C-7500,2.4,2.4,2.6
2025-08-06,2025-08-06 13:56:48.200,MO2508-C-7500,2.4,2.4,2.6
2025-08-06,2025-08-06 13:56:48.700,MO2508-C-7500,2.4,2.4,2.6
2025-08-06,2025-08-06 13:56:49.200,MO2508-C-7500,2.4,2.4,2.6
2025-08-06,2025-08-06 13:56:49.700,MO2508-C-7500,2.4,2.4,2.6
2025-08-06,2025-08-06 13:56:50.200,MO2508-C-7500,2.4,2.4,2.6
2025-08-06,2025-08-06 13:56:50.700,MO2508-C-7500,2.4,2.4,2.6
2025-08-06,2025-08-06 13:56:51.200,MO2508-C-7500,2.4,2.4,2.6
2025-08-06,2025-08-06 13:56:53.700,MO2508-C-7500,2.4,2.4,2.6
2025-08-06,2025-08-06 13:56:54.200,MO2508-C-7500,2.4,2.4,2.6
2025-08-06,2025-08-06 13:56:58.200,MO2508-C-7500,2.4,2.4,2.6
2025-08-06,2025-08-06 13:56:58.700,MO2508-C-7500,2.4,2.4,2.6
2025-08-06,2025-08-06 13:57:03.200,MO2508-C-7500,2.4,2.4,2.6
2025-08-06,2025-08-06 13:57:03.700,MO2508-C-7500,2.4,2.4,2.6
2025-08-06,2025-08-06 13:57:04.200,MO2508-C-7500,2.4,2.4,2.6
2025-08-06,2025-08-06 13:57:04.700,MO2508-C-7500,2.4,2.4,2.6
2025-08-06,2025-08-06 13:57:07.200,MO2508-C-7500,2.4,2.4,2.6
2025-08-06,2025-08-06 13:57:08.200,MO2508-C-7500,2.4,2.4,2.6
2025-08-06,2025-08-06 13:57:08.700,MO2508-C-7500,2.4,2.4,2.6
2025-08-06,2025-08-06 13:57:18.200,MO2508-C-7500,2.4,2.4,2.6
2025-08-06,2025-08-06 13:57:18.700,MO2508-C-7500,2.4,2.4,2.6
2025-08-06,2025-08-06 13:57:26.700,MO2508-C-7500,2.4,2.4,2.6
2025-08-06,2025-08-06 13:57:28.200,MO2508-C-7500,2.4,2.4,2.6
2025-08-06,2025-08-06 13:57:28.700,MO2508-C-7500,2.4,2.4,2.6
2025-08-06,2025-08-06 13:57:37.700,MO2508-C-7500,2.4,2.4,2.6
2025-08-06,2025-08-06 13:57:38.200,MO2508-C-7500,2.4,2.4,2.6
2025-08-06,2025-08-06 13:57:38.700,MO2508-C-7500,2.4,2.4,2.6
2025-08-06,2025-08-06 13:57:48.200,MO2508-C-7500,2.4,2.4,2.6
2025-08-06,2025-08-06 13:57:48.700,MO2508-C-7500,2.4,2.4,2.6
2025-08-06,2025-08-06 13:57:49.200,MO2508-C-7500,2.4,2.4,2.6
2025-08-06,2025-08-06 13:57:49.700,MO2508-C-7500,2.4,2.4,2.6
2025-08-06,2025-08-06 13:57:50.200,MO2508-C-7500,2.4,2.4,2.6
2025-08-06,2025-08-06 13:57:58.200,MO2508-C-7500,2.4,2.4,2.6
2025-08-06,2025-08-06 13:57:58.700,MO2508-C-7500,2.4,2.4,2.6
2025-08-06,2025-08-06 13:58:08.200,MO2508-C-7500,2.4,2.4,2.6
2025-08-06,2025-08-06 13:58:08.700,MO2508-C-7500,2.4,2.4,2.6
2025-08-06,2025-08-06 13:58:09.200,MO2508-C-7500,2.4,2.4,2.6
2025-08-06,2025-08-06 13:58:09.700,MO2508-C-7500,2.4,2.4,2.6
2025-08-06,2025-08-06 13:58:10.200,MO2508-C-7500,2.4,2.4,2.6
2025-08-06,2025-08-06 13:58:10.700,MO2508-C-7500,2.4,2.4,2.6
2025-08-06,2025-08-06 13:58:11.200,MO2508-C-7500,2.4,2.4,2.6
2025-08-06,2025-08-06 13:58:18.200,MO2508-C-7500,2.4,2.4,2.6
2025-08-06,2025-08-06 13:58:18.700,MO2508-C-7500,2.4,2.4,2.6
2025-08-06,2025-08-06 13:58:19.200,MO2508-C-7500,2.4,2.4,2.6
2025-08-06,2025-08-06 13:58:20.200,MO2508-C-7500,2.4,2.4,2.6
2025-08-06,2025-08-06 13:58:20.700,MO2508-C-7500,2.4,2.4,2.6
2025-08-06,2025-08-06 13:58:21.200,MO2508-C-7500,2.4,2.4,2.6
2025-08-06,2025-08-06 13:58:21.700,MO2508-C-7500,2.4,2.4,2.6
2025-08-06,2025-08-06 13:58:24.700,MO2508-C-7500,2.4,2.4,2.6
2025-08-06,2025-08-06 13:58:25.700,MO2508-C-7500,2.4,2.4,2.6
2025-08-06,2025-08-06 13:58:26.200,MO2508-C-7500,2.4,2.4,2.6
2025-08-06,2025-08-06 13:58:26.700,MO2508-C-7500,2.4,2.4,2.6
2025-08-06,2025-08-06 13:58:28.200,MO2508-C-7500,2.4,2.4,2.6
2025-08-06,2025-08-06 13:58:28.700,MO2508-C-7500,2.4,2.4,2.6
2025-08-06,2025-08-06 13:58:38.200,MO2508-C-7500,2.4,2.4,2.6
2025-08-06,2025-08-06 13:58:38.700,MO2508-C-7500,2.4,2.4,2.6
2025-08-06,2025-08-06 13:58:41.700,MO2508-C-7500,2.4,2.4,2.6
2025-08-06,2025-08-06 13:58:44.700,MO2508-C-7500,2.4,2.4,2.6
2025-08-06,2025-08-06 13:58:45.700,MO2508-C-7500,2.4,2.4,2.6
2025-08-06,2025-08-06 13:58:46.200,MO2508-C-7500,2.4,2.4,2.6
2025-08-06,2025-08-06 13:58:46.700,MO2508-C-7500,2.4,2.4,2.6
2025-08-06,2025-08-06 13:58:47.200,MO2508-C-7500,2.4,2.4,2.6
2025-08-06,2025-08-06 13:58:48.200,MO2508-C-7500,2.4,2.4,2.6
2025-08-06,2025-08-06 13:58:48.700,MO2508-C-7500,2.4,2.4,2.6
2025-08-06,2025-08-06 13:58:50.700,MO2508-C-7500,2.4,2.4,2.6
2025-08-06,2025-08-06 13:58:52.200,MO2508-C-7500,2.4,2.4,2.6
2025-08-06,2025-08-06 13:58:52.700,MO2508-C-7500,2.4,2.4,2.6
2025-08-06,2025-08-06 13:58:58.200,MO2508-C-7500,2.4,2.4,2.6
2025-08-06,2025-08-06 13:58:58.700,MO2508-C-7500,2.4,2.4,2.6
2025-08-06,2025-08-06 13:58:59.200,MO2508-C-7500,2.4,2.4,2.6
2025-08-06,2025-08-06 13:59:03.700,MO2508-C-7500,2.4,2.4,2.6
2025-08-06,2025-08-06 13:59:08.200,MO2508-C-7500,2.4,2.4,2.6
2025-08-06,2025-08-06 13:59:08.700,MO2508-C-7500,2.4,2.4,2.6
2025-08-06,2025-08-06 13:59:10.700,MO2508-C-7500,2.4,2.4,2.6
2025-08-06,2025-08-06 13:59:18.200,MO2508-C-7500,2.4,2.4,2.6
2025-08-06,2025-08-06 13:59:18.700,MO2508-C-7500,2.4,2.4,2.6
2025-08-06,2025-08-06 13:59:24.700,MO2508-C-7500,2.4,2.4,2.6
2025-08-06,2025-08-06 13:59:25.200,MO2508-C-7500,2.4,2.4,2.6
2025-08-06,2025-08-06 13:59:27.200,MO2508-C-7500,2.4,2.4,2.6
2025-08-06,2025-08-06 13:59:28.200,MO2508-C-7500,2.4,2.4,2.6
2025-08-06,2025-08-06 13:59:28.700,MO2508-C-7500,2.4,2.4,2.6
2025-08-06,2025-08-06 13:59:38.200,MO2508-C-7500,2.4,2.4,2.6
2025-08-06,2025-08-06 13:59:38.700,MO2508-C-7500,2.4,2.4,2.6
2025-08-06,2025-08-06 13:59:48.200,MO2508-C-7500,2.4,2.4,2.6
2025-08-06,2025-08-06 13:59:48.700,MO2508-C-7500,2.4,2.4,2.6
2025-08-06,2025-08-06 13:59:52.700,MO2508-C-7500,2.4,2.4,2.6
2025-08-06,2025-08-06 13:59:53.200,MO2508-C-7500,2.4,2.4,2.6
2025-08-06,2025-08-06 13:59:58.200,MO2508-C-7500,2.4,2.4,2.6
2025-08-06,2025-08-06 13:59:58.700,MO2508-C-7500,2.4,2.4,2.6
2025-08-06,2025-08-06 13:59:59.200,MO2508-C-7500,2.4,2.4,2.6
2025-08-06,2025-08-06 14:00:04.700,MO2508-C-7500,2.6,2.4,2.6
2025-08-06,2025-08-06 14:00:05.700,MO2508-C-7500,2.6,2.4,2.6
2025-08-06,2025-08-06 14:00:06.200,MO2508-C-7500,2.6,2.4,2.6
2025-08-06,2025-08-06 14:00:06.700,MO2508-C-7500,2.6,2.4,2.6
2025-08-06,2025-08-06 14:00:08.200,MO2508-C-7500,2.6,2.4,2.6
2025-08-06,2025-08-06 14:00:08.700,MO2508-C-7500,2.6,2.4,2.6
2025-08-06,2025-08-06 14:00:16.700,MO2508-C-7500,2.6,2.4,2.6
2025-08-06,2025-08-06 14:00:18.200,MO2508-C-7500,2.6,2.4,2.6
2025-08-06,2025-08-06 14:00:18.700,MO2508-C-7500,2.6,2.4,2.6
2025-08-06,2025-08-06 14:00:19.200,MO2508-C-7500,2.6,2.4,2.6
2025-08-06,2025-08-06 14:00:19.700,MO2508-C-7500,2.6,2.4,2.6
2025-08-06,2025-08-06 14:00:21.200,MO2508-C-7500,2.6,2.4,2.6
2025-08-06,2025-08-06 14:00:21.700,MO2508-C-7500,2.6,2.4,2.6
2025-08-06,2025-08-06 14:00:22.200,MO2508-C-7500,2.6,2.4,2.6
2025-08-06,2025-08-06 14:00:28.200,MO2508-C-7500,2.6,2.4,2.6
2025-08-06,2025-08-06 14:00:28.700,MO2508-C-7500,2.6,2.4,2.6
2025-08-06,2025-08-06 14:00:38.200,MO2508-C-7500,2.6,2.4,2.6
2025-08-06,2025-08-06 14:00:38.700,MO2508-C-7500,2.6,2.4,2.6
2025-08-06,2025-08-06 14:00:44.200,MO2508-C-7500,2.6,2.4,2.6
2025-08-06,2025-08-06 14:00:48.200,MO2508-C-7500,2.6,2.4,2.6
2025-08-06,2025-08-06 14:00:48.700,MO2508-C-7500,2.6,2.4,2.6
2025-08-06,2025-08-06 14:00:51.200,MO2508-C-7500,2.6,2.4,2.6
2025-08-06,2025-08-06 14:00:51.700,MO2508-C-7500,2.6,2.4,2.6
2025-08-06,2025-08-06 14:00:58.200,MO2508-C-7500,2.6,2.4,2.6
2025-08-06,2025-08-06 14:00:58.700,MO2508-C-7500,2.6,2.4,2.6
2025-08-06,2025-08-06 14:01:08.200,MO2508-C-7500,2.6,2.4,2.6
2025-08-06,2025-08-06 14:01:08.700,MO2508-C-7500,2.6,2.4,2.6
2025-08-06,2025-08-06 14:01:10.700,MO2508-C-7500,2.6,2.4,2.6
2025-08-06,2025-08-06 14:01:11.700,MO2508-C-7500,2.6,2.4,2.6
2025-08-06,2025-08-06 14:01:12.700,MO2508-C-7500,2.6,2.4,2.6
2025-08-06,2025-08-06 14:01:18.200,MO2508-C-7500,2.6,2.4,2.6
2025-08-06,2025-08-06 14:01:18.700,MO2508-C-7500,2.6,2.4,2.6
2025-08-06,2025-08-06 14:01:23.200,MO2508-C-7500,2.6,2.4,2.6
2025-08-06,2025-08-06 14:01:23.700,MO2508-C-7500,2.6,2.4,2.6
2025-08-06,2025-08-06 14:01:24.200,MO2508-C-7500,2.6,2.4,2.6
2025-08-06,2025-08-06 14:01:24.700,MO2508-C-7500,2.6,2.4,2.6
2025-08-06,2025-08-06 14:01:26.700,MO2508-C-7500,2.6,2.4,2.6
2025-08-06,2025-08-06 14:01:27.700,MO2508-C-7500,2.6,2.4,2.6
2025-08-06,2025-08-06 14:01:28.200,MO2508-C-7500,2.6,2.4,2.6
2025-08-06,2025-08-06 14:01:28.700,MO2508-C-7500,2.6,2.4,2.6
2025-08-06,2025-08-06 14:01:29.200,MO2508-C-7500,2.6,2.4,2.6
2025-08-06,2025-08-06 14:01:29.700,MO2508-C-7500,2.6,2.4,2.6
2025-08-06,2025-08-06 14:01:30.200,MO2508-C-7500,2.6,2.4,2.6
2025-08-06,2025-08-06 14:01:38.200,MO2508-C-7500,2.6,2.4,2.6
2025-08-06,2025-08-06 14:01:38.700,MO2508-C-7500,2.6,2.4,2.6
2025-08-06,2025-08-06 14:01:39.200,MO2508-C-7500,2.6,2.4,2.6
2025-08-06,2025-08-06 14:01:39.700,MO2508-C-7500,2.6,2.4,2.6
2025-08-06,2025-08-06 14:01:40.700,MO2508-C-7500,2.6,2.4,2.6
2025-08-06,2025-08-06 14:01:41.700,MO2508-C-7500,2.6,2.4,2.6
2025-08-06,2025-08-06 14:01:42.200,MO2508-C-7500,2.6,2.4,2.6
2025-08-06,2025-08-06 14:01:42.700,MO2508-C-7500,2.6,2.4,2.6
2025-08-06,2025-08-06 14:01:43.200,MO2508-C-7500,2.6,2.4,2.6
2025-08-06,2025-08-06 14:01:43.700,MO2508-C-7500,2.6,2.4,2.6
2025-08-06,2025-08-06 14:01:46.200,MO2508-C-7500,2.6,2.4,2.6
2025-08-06,2025-08-06 14:01:46.700,MO2508-C-7500,2.6,2.4,2.6
2025-08-06,2025-08-06 14:01:47.200,MO2508-C-7500,2.6,2.4,2.6
2025-08-06,2025-08-06 14:01:48.200,MO2508-C-7500,2.6,2.4,2.6
2025-08-06,2025-08-06 14:01:48.700,MO2508-C-7500,2.6,2.4,2.6
2025-08-06,2025-08-06 14:01:50.700,MO2508-C-7500,2.6,2.4,2.6
2025-08-06,2025-08-06 14:01:51.200,MO2508-C-7500,2.6,2.4,2.6
2025-08-06,2025-08-06 14:01:51.700,MO2508-C-7500,2.6,2.4,2.6
2025-08-06,2025-08-06 14:01:52.200,MO2508-C-7500,2.6,2.4,2.6
2025-08-06,2025-08-06 14:01:55.200,MO2508-C-7500,2.6,2.4,2.6
2025-08-06,2025-08-06 14:01:58.200,MO2508-C-7500,2.6,2.4,2.6
2025-08-06,2025-08-06 14:01:58.700,MO2508-C-7500,2.6,2.4,2.6
2025-08-06,2025-08-06 14:01:59.200,MO2508-C-7500,2.6,2.4,2.6
2025-08-06,2025-08-06 14:01:59.700,MO2508-C-7500,2.6,2.4,2.6
2025-08-06,2025-08-06 14:02:00.700,MO2508-C-7500,2.6,2.4,2.6
2025-08-06,2025-08-06 14:02:01.200,MO2508-C-7500,2.6,2.4,2.6
2025-08-06,2025-08-06 14:02:02.200,MO2508-C-7500,2.6,2.4,2.6
2025-08-06,2025-08-06 14:02:02.700,MO2508-C-7500,2.6,2.4,2.6
2025-08-06,2025-08-06 14:02:03.200,MO2508-C-7500,2.6,2.4,2.6
2025-08-06,2025-08-06 14:02:08.200,MO2508-C-7500,2.6,2.4,2.6
2025-08-06,2025-08-06 14:02:08.700,MO2508-C-7500,2.6,2.4,2.6
2025-08-06,2025-08-06 14:02:16.200,MO2508-C-7500,2.6,2.4,2.6
2025-08-06,2025-08-06 14:02:17.700,MO2508-C-7500,2.6,2.4,2.6
2025-08-06,2025-08-06 14:02:18.200,MO2508-C-7500,2.6,2.4,2.6
2025-08-06,2025-08-06 14:02:18.700,MO2508-C-7500,2.6,2.4,2.6
2025-08-06,2025-08-06 14:02:20.700,MO2508-C-7500,2.6,2.4,2.6
2025-08-06,2025-08-06 14:02:28.200,MO2508-C-7500,2.6,2.4,2.6
2025-08-06,2025-08-06 14:02:28.700,MO2508-C-7500,2.6,2.4,2.6
2025-08-06,2025-08-06 14:02:37.200,MO2508-C-7500,2.6,2.4,2.6
2025-08-06,2025-08-06 14:02:38.200,MO2508-C-7500,2.6,2.4,2.6
2025-08-06,2025-08-06 14:02:38.700,MO2508-C-7500,2.6,2.4,2.6
2025-08-06,2025-08-06 14:02:48.200,MO2508-C-7500,2.6,2.4,2.6
2025-08-06,2025-08-06 14:02:48.700,MO2508-C-7500,2.6,2.4,2.6
2025-08-06,2025-08-06 14:02:58.200,MO2508-C-7500,2.6,2.4,2.6
2025-08-06,2025-08-06 14:02:58.700,MO2508-C-7500,2.6,2.4,2.6
2025-08-06,2025-08-06 14:03:08.200,MO2508-C-7500,2.6,2.4,2.6
2025-08-06,2025-08-06 14:03:08.700,MO2508-C-7500,2.6,2.4,2.6
2025-08-06,2025-08-06 14:03:15.200,MO2508-C-7500,2.6,2.4,2.6
2025-08-06,2025-08-06 14:03:18.200,MO2508-C-7500,2.6,2.4,2.6
2025-08-06,2025-08-06 14:03:18.700,MO2508-C-7500,2.6,2.4,2.6
2025-08-06,2025-08-06 14:03:20.200,MO2508-C-7500,2.6,2.4,2.6
2025-08-06,2025-08-06 14:03:28.200,MO2508-C-7500,2.6,2.4,2.6
2025-08-06,2025-08-06 14:03:28.700,MO2508-C-7500,2.6,2.4,2.6
2025-08-06,2025-08-06 14:03:38.200,MO2508-C-7500,2.6,2.4,2.6
2025-08-06,2025-08-06 14:03:38.700,MO2508-C-7500,2.6,2.4,2.6
2025-08-06,2025-08-06 14:03:41.200,MO2508-C-7500,2.6,2.4,2.6
2025-08-06,2025-08-06 14:03:48.200,MO2508-C-7500,2.6,2.4,2.6
2025-08-06,2025-08-06 14:03:48.700,MO2508-C-7500,2.6,2.4,2.6
2025-08-06,2025-08-06 14:03:50.700,MO2508-C-7500,2.6,2.4,2.6
2025-08-06,2025-08-06 14:03:54.700,MO2508-C-7500,2.6,2.4,2.6
2025-08-06,2025-08-06 14:03:58.200,MO2508-C-7500,2.6,2.4,2.6
2025-08-06,2025-08-06 14:03:58.700,MO2508-C-7500,2.6,2.4,2.6
2025-08-06,2025-08-06 14:04:08.200,MO2508-C-7500,2.6,2.4,2.6
2025-08-06,2025-08-06 14:04:08.700,MO2508-C-7500,2.6,2.4,2.6
2025-08-06,2025-08-06 14:04:13.200,MO2508-C-7500,2.6,2.4,2.6
2025-08-06,2025-08-06 14:04:17.700,MO2508-C-7500,2.6,2.4,2.6
2025-08-06,2025-08-06 14:04:18.200,MO2508-C-7500,2.6,2.4,2.6
2025-08-06,2025-08-06 14:04:18.700,MO2508-C-7500,2.6,2.4,2.6
2025-08-06,2025-08-06 14:04:19.200,MO2508-C-7500,2.6,2.4,2.6
2025-08-06,2025-08-06 14:04:19.700,MO2508-C-7500,2.6,2.4,2.6
2025-08-06,2025-08-06 14:04:20.200,MO2508-C-7500,2.6,2.6,2.8
2025-08-06,2025-08-06 14:04:20.700,MO2508-C-7500,2.6,2.6,2.8
2025-08-06,2025-08-06 14:04:21.200,MO2508-C-7500,2.6,2.6,2.8
2025-08-06,2025-08-06 14:04:21.700,MO2508-C-7500,2.6,2.6,2.8
2025-08-06,2025-08-06 14:04:27.700,MO2508-C-7500,2.6,2.6,2.8
2025-08-06,2025-08-06 14:04:28.200,MO2508-C-7500,2.6,2.6,2.8
2025-08-06,2025-08-06 14:04:28.700,MO2508-C-7500,2.6,2.6,2.8
2025-08-06,2025-08-06 14:04:32.700,MO2508-C-7500,2.6,2.4,2.8
2025-08-06,2025-08-06 14:04:33.200,MO2508-C-7500,2.6,2.4,2.8
2025-08-06,2025-08-06 14:04:38.200,MO2508-C-7500,2.6,2.4,2.8
2025-08-06,2025-08-06 14:04:38.700,MO2508-C-7500,2.6,2.4,2.8
2025-08-06,2025-08-06 14:04:41.200,MO2508-C-7500,2.6,2.6,2.8
2025-08-06,2025-08-06 14:04:41.700,MO2508-C-7500,2.6,2.6,2.8
2025-08-06,2025-08-06 14:04:42.200,MO2508-C-7500,2.6,2.6,2.8
2025-08-06,2025-08-06 14:04:48.200,MO2508-C-7500,2.6,2.6,2.8
2025-08-06,2025-08-06 14:04:48.700,MO2508-C-7500,2.6,2.6,2.8
2025-08-06,2025-08-06 14:04:56.700,MO2508-C-7500,2.6,2.6,2.8
2025-08-06,2025-08-06 14:04:58.200,MO2508-C-7500,2.6,2.6,2.8
2025-08-06,2025-08-06 14:04:58.700,MO2508-C-7500,2.6,2.6,2.8
2025-08-06,2025-08-06 14:05:08.200,MO2508-C-7500,2.6,2.6,2.8
2025-08-06,2025-08-06 14:05:08.700,MO2508-C-7500,2.6,2.6,2.8
2025-08-06,2025-08-06 14:05:18.200,MO2508-C-7500,2.6,2.6,2.8
2025-08-06,2025-08-06 14:05:18.700,MO2508-C-7500,2.6,2.6,2.8
2025-08-06,2025-08-06 14:05:20.200,MO2508-C-7500,2.6,2.6,2.8
2025-08-06,2025-08-06 14:05:22.200,MO2508-C-7500,2.6,2.6,2.8
2025-08-06,2025-08-06 14:05:28.200,MO2508-C-7500,2.6,2.6,2.8
2025-08-06,2025-08-06 14:05:28.700,MO2508-C-7500,2.6,2.6,2.8
2025-08-06,2025-08-06 14:05:33.200,MO2508-C-7500,2.6,2.6,2.8
2025-08-06,2025-08-06 14:05:33.700,MO2508-C-7500,2.6,2.6,2.8
2025-08-06,2025-08-06 14:05:35.200,MO2508-C-7500,2.6,2.6,2.8
2025-08-06,2025-08-06 14:05:35.700,MO2508-C-7500,2.6,2.6,2.8
2025-08-06,2025-08-06 14:05:36.200,MO2508-C-7500,2.6,2.6,2.8
2025-08-06,2025-08-06 14:05:36.700,MO2508-C-7500,2.6,2.6,2.8
2025-08-06,2025-08-06 14:05:38.200,MO2508-C-7500,2.6,2.6,2.8
2025-08-06,2025-08-06 14:05:38.700,MO2508-C-7500,2.6,2.6,2.8
2025-08-06,2025-08-06 14:05:39.200,MO2508-C-7500,2.6,2.6,2.8
2025-08-06,2025-08-06 14:05:39.700,MO2508-C-7500,2.6,2.6,2.8
2025-08-06,2025-08-06 14:05:40.200,MO2508-C-7500,2.6,2.6,2.8
2025-08-06,2025-08-06 14:05:40.700,MO2508-C-7500,2.6,2.6,2.8
2025-08-06,2025-08-06 14:05:41.200,MO2508-C-7500,2.6,2.6,2.8
2025-08-06,2025-08-06 14:05:41.700,MO2508-C-7500,2.6,2.6,2.8
2025-08-06,2025-08-06 14:05:48.200,MO2508-C-7500,2.6,2.6,2.8
2025-08-06,2025-08-06 14:05:48.700,MO2508-C-7500,2.6,2.6,2.8
2025-08-06,2025-08-06 14:05:49.200,MO2508-C-7500,2.6,2.6,2.8
2025-08-06,2025-08-06 14:05:49.700,MO2508-C-7500,2.6,2.6,2.8
2025-08-06,2025-08-06 14:05:50.200,MO2508-C-7500,2.6,2.6,2.8
2025-08-06,2025-08-06 14:05:50.700,MO2508-C-7500,2.6,2.6,2.8
2025-08-06,2025-08-06 14:05:51.700,MO2508-C-7500,2.6,2.6,2.8
2025-08-06,2025-08-06 14:05:52.200,MO2508-C-7500,2.6,2.6,2.8
2025-08-06,2025-08-06 14:05:56.200,MO2508-C-7500,2.6,2.6,2.8
2025-08-06,2025-08-06 14:05:56.700,MO2508-C-7500,2.6,2.6,2.8
2025-08-06,2025-08-06 14:05:57.200,MO2508-C-7500,2.6,2.6,2.8
2025-08-06,2025-08-06 14:05:57.700,MO2508-C-7500,2.6,2.6,2.8
2025-08-06,2025-08-06 14:05:58.200,MO2508-C-7500,2.6,2.6,2.8
2025-08-06,2025-08-06 14:05:58.700,MO2508-C-7500,2.6,2.6,2.8
2025-08-06,2025-08-06 14:06:06.700,MO2508-C-7500,2.6,2.6,2.8
2025-08-06,2025-08-06 14:06:07.200,MO2508-C-7500,2.6,2.6,2.8
2025-08-06,2025-08-06 14:06:08.200,MO2508-C-7500,2.6,2.6,2.8
2025-08-06,2025-08-06 14:06:08.700,MO2508-C-7500,2.6,2.6,2.8
2025-08-06,2025-08-06 14:06:17.700,MO2508-C-7500,2.6,2.6,2.8
2025-08-06,2025-08-06 14:06:18.200,MO2508-C-7500,2.6,2.6,2.8
2025-08-06,2025-08-06 14:06:18.700,MO2508-C-7500,2.6,2.6,2.8
2025-08-06,2025-08-06 14:06:28.200,MO2508-C-7500,2.6,2.6,2.8
2025-08-06,2025-08-06 14:06:28.700,MO2508-C-7500,2.6,2.6,2.8
2025-08-06,2025-08-06 14:06:32.700,MO2508-C-7500,2.6,2.6,2.8
2025-08-06,2025-08-06 14:06:36.700,MO2508-C-7500,2.6,2.6,2.8
2025-08-06,2025-08-06 14:06:37.200,MO2508-C-7500,2.6,2.6,2.8
2025-08-06,2025-08-06 14:06:38.200,MO2508-C-7500,2.6,2.6,2.8
2025-08-06,2025-08-06 14:06:38.700,MO2508-C-7500,2.6,2.6,2.8
2025-08-06,2025-08-06 14:06:39.700,MO2508-C-7500,2.6,2.6,2.8
2025-08-06,2025-08-06 14:06:40.700,MO2508-C-7500,2.6,2.6,2.8
2025-08-06,2025-08-06 14:06:44.700,MO2508-C-7500,2.6,2.6,2.8
2025-08-06,2025-08-06 14:06:45.700,MO2508-C-7500,2.6,2.6,2.8
2025-08-06,2025-08-06 14:06:48.200,MO2508-C-7500,2.6,2.6,2.8
2025-08-06,2025-08-06 14:06:48.700,MO2508-C-7500,2.6,2.6,2.8
2025-08-06,2025-08-06 14:06:49.700,MO2508-C-7500,2.6,2.6,2.8
2025-08-06,2025-08-06 14:06:52.200,MO2508-C-7500,2.6,2.6,2.8
2025-08-06,2025-08-06 14:06:52.700,MO2508-C-7500,2.6,2.6,2.8
2025-08-06,2025-08-06 14:06:53.700,MO2508-C-7500,2.6,2.6,2.8
2025-08-06,2025-08-06 14:06:54.700,MO2508-C-7500,2.6,2.6,2.8
2025-08-06,2025-08-06 14:06:55.200,MO2508-C-7500,2.6,2.6,2.8
2025-08-06,2025-08-06 14:06:57.700,MO2508-C-7500,2.6,2.6,2.8
2025-08-06,2025-08-06 14:06:58.200,MO2508-C-7500,2.6,2.6,2.8
2025-08-06,2025-08-06 14:06:58.700,MO2508-C-7500,2.6,2.6,2.8
2025-08-06,2025-08-06 14:07:00.700,MO2508-C-7500,2.6,2.6,2.8
2025-08-06,2025-08-06 14:07:02.700,MO2508-C-7500,2.6,2.6,2.8
2025-08-06,2025-08-06 14:07:03.200,MO2508-C-7500,2.6,2.6,2.8
2025-08-06,2025-08-06 14:07:05.700,MO2508-C-7500,2.6,2.6,2.8
2025-08-06,2025-08-06 14:07:06.200,MO2508-C-7500,2.6,2.6,2.8
2025-08-06,2025-08-06 14:07:06.700,MO2508-C-7500,2.6,2.6,2.8
2025-08-06,2025-08-06 14:07:07.700,MO2508-C-7500,2.6,2.6,2.8
2025-08-06,2025-08-06 14:07:08.200,MO2508-C-7500,2.6,2.6,2.8
2025-08-06,2025-08-06 14:07:08.700,MO2508-C-7500,2.6,2.6,2.8
2025-08-06,2025-08-06 14:07:09.200,MO2508-C-7500,2.6,2.6,2.8
2025-08-06,2025-08-06 14:07:09.700,MO2508-C-7500,2.6,2.6,2.8
2025-08-06,2025-08-06 14:07:13.200,MO2508-C-7500,2.6,2.6,2.8
2025-08-06,2025-08-06 14:07:13.700,MO2508-C-7500,2.6,2.6,2.8
2025-08-06,2025-08-06 14:07:14.200,MO2508-C-7500,2.6,2.6,2.8
2025-08-06,2025-08-06 14:07:18.200,MO2508-C-7500,2.6,2.6,2.8
2025-08-06,2025-08-06 14:07:18.700,MO2508-C-7500,2.6,2.6,2.8
2025-08-06,2025-08-06 14:07:19.200,MO2508-C-7500,2.6,2.6,2.8
2025-08-06,2025-08-06 14:07:19.700,MO2508-C-7500,2.6,2.6,2.8
2025-08-06,2025-08-06 14:07:21.700,MO2508-C-7500,2.6,2.6,2.8
2025-08-06,2025-08-06 14:07:22.200,MO2508-C-7500,2.6,2.6,2.8
2025-08-06,2025-08-06 14:07:28.200,MO2508-C-7500,2.6,2.6,2.8
2025-08-06,2025-08-06 14:07:28.700,MO2508-C-7500,2.6,2.6,2.8
2025-08-06,2025-08-06 14:07:30.700,MO2508-C-7500,2.6,2.6,2.8
2025-08-06,2025-08-06 14:07:31.200,MO2508-C-7500,2.6,2.6,2.8
2025-08-06,2025-08-06 14:07:32.200,MO2508-C-7500,2.6,2.6,2.8
2025-08-06,2025-08-06 14:07:38.200,MO2508-C-7500,2.6,2.6,2.8
2025-08-06,2025-08-06 14:07:38.700,MO2508-C-7500,2.6,2.6,2.8
2025-08-06,2025-08-06 14:07:39.700,MO2508-C-7500,2.6,2.6,2.8
2025-08-06,2025-08-06 14:07:40.200,MO2508-C-7500,2.6,2.6,2.8
2025-08-06,2025-08-06 14:07:47.700,MO2508-C-7500,2.6,2.6,2.8
2025-08-06,2025-08-06 14:07:48.200,MO2508-C-7500,2.6,2.6,2.8
2025-08-06,2025-08-06 14:07:48.700,MO2508-C-7500,2.6,2.6,2.8
2025-08-06,2025-08-06 14:07:51.700,MO2508-C-7500,2.6,2.6,2.8
2025-08-06,2025-08-06 14:07:53.700,MO2508-C-7500,2.6,2.6,2.8
2025-08-06,2025-08-06 14:07:58.200,MO2508-C-7500,2.6,2.6,2.8
2025-08-06,2025-08-06 14:07:58.700,MO2508-C-7500,2.6,2.6,2.8
2025-08-06,2025-08-06 14:08:07.700,MO2508-C-7500,2.6,2.6,2.8
2025-08-06,2025-08-06 14:08:08.200,MO2508-C-7500,2.6,2.6,2.8
2025-08-06,2025-08-06 14:08:08.700,MO2508-C-7500,2.6,2.6,2.8
2025-08-06,2025-08-06 14:08:09.200,MO2508-C-7500,2.6,2.6,2.8
2025-08-06,2025-08-06 14:08:09.700,MO2508-C-7500,2.6,2.6,2.8
2025-08-06,2025-08-06 14:08:18.200,MO2508-C-7500,2.6,2.6,2.8
2025-08-06,2025-08-06 14:08:18.700,MO2508-C-7500,2.6,2.6,2.8
2025-08-06,2025-08-06 14:08:22.200,MO2508-C-7500,2.6,2.6,2.8
2025-08-06,2025-08-06 14:08:22.700,MO2508-C-7500,2.6,2.6,2.8
2025-08-06,2025-08-06 14:08:28.200,MO2508-C-7500,2.6,2.6,2.8
2025-08-06,2025-08-06 14:08:28.700,MO2508-C-7500,2.6,2.6,2.8
2025-08-06,2025-08-06 14:08:31.700,MO2508-C-7500,2.6,2.6,2.8
2025-08-06,2025-08-06 14:08:33.700,MO2508-C-7500,2.6,2.6,2.8
2025-08-06,2025-08-06 14:08:38.200,MO2508-C-7500,2.6,2.6,2.8
2025-08-06,2025-08-06 14:08:38.700,MO2508-C-7500,2.6,2.6,2.8
2025-08-06,2025-08-06 14:08:41.200,MO2508-C-7500,2.6,2.6,2.8
2025-08-06,2025-08-06 14:08:41.700,MO2508-C-7500,2.6,2.6,2.8
2025-08-06,2025-08-06 14:08:44.700,MO2508-C-7500,2.6,2.6,2.8
2025-08-06,2025-08-06 14:08:45.700,MO2508-C-7500,2.6,2.6,2.8
2025-08-06,2025-08-06 14:08:48.200,MO2508-C-7500,2.6,2.6,2.8
2025-08-06,2025-08-06 14:08:48.700,MO2508-C-7500,2.6,2.6,2.8
2025-08-06,2025-08-06 14:08:49.200,MO2508-C-7500,2.6,2.6,2.8
2025-08-06,2025-08-06 14:08:54.700,MO2508-C-7500,2.6,2.6,2.8
2025-08-06,2025-08-06 14:08:55.200,MO2508-C-7500,2.6,2.6,2.8
2025-08-06,2025-08-06 14:08:58.200,MO2508-C-7500,2.6,2.6,2.8
2025-08-06,2025-08-06 14:08:58.700,MO2508-C-7500,2.6,2.6,2.8
2025-08-06,2025-08-06 14:09:05.200,MO2508-C-7500,2.6,2.6,2.8
2025-08-06,2025-08-06 14:09:08.200,MO2508-C-7500,2.6,2.6,2.8
2025-08-06,2025-08-06 14:09:08.700,MO2508-C-7500,2.6,2.6,2.8
2025-08-06,2025-08-06 14:09:12.200,MO2508-C-7500,2.6,2.6,2.8
2025-08-06,2025-08-06 14:09:14.700,MO2508-C-7500,2.6,2.6,2.8
2025-08-06,2025-08-06 14:09:17.700,MO2508-C-7500,2.6,2.6,2.8
2025-08-06,2025-08-06 14:09:18.200,MO2508-C-7500,2.6,2.6,2.8
2025-08-06,2025-08-06 14:09:18.700,MO2508-C-7500,2.6,2.6,2.8
2025-08-06,2025-08-06 14:09:19.200,MO2508-C-7500,2.6,2.6,2.8
2025-08-06,2025-08-06 14:09:28.200,MO2508-C-7500,2.6,2.6,2.8
2025-08-06,2025-08-06 14:09:28.700,MO2508-C-7500,2.6,2.6,2.8
2025-08-06,2025-08-06 14:09:34.700,MO2508-C-7500,2.6,2.6,2.8
2025-08-06,2025-08-06 14:09:35.200,MO2508-C-7500,2.6,2.6,2.8
2025-08-06,2025-08-06 14:09:38.200,MO2508-C-7500,2.6,2.6,2.8
2025-08-06,2025-08-06 14:09:38.700,MO2508-C-7500,2.6,2.6,2.8
2025-08-06,2025-08-06 14:09:39.700,MO2508-C-7500,2.6,2.6,2.8
2025-08-06,2025-08-06 14:09:40.700,MO2508-C-7500,2.6,2.6,2.8
2025-08-06,2025-08-06 14:09:42.200,MO2508-C-7500,2.6,2.6,2.8
2025-08-06,2025-08-06 14:09:48.200,MO2508-C-7500,2.6,2.6,2.8
2025-08-06,2025-08-06 14:09:48.700,MO2508-C-7500,2.6,2.6,2.8
2025-08-06,2025-08-06 14:09:58.200,MO2508-C-7500,2.6,2.6,2.8
2025-08-06,2025-08-06 14:09:58.700,MO2508-C-7500,2.6,2.6,2.8
2025-08-06,2025-08-06 14:10:02.700,MO2508-C-7500,2.6,2.6,2.8
2025-08-06,2025-08-06 14:10:07.700,MO2508-C-7500,2.6,2.6,2.8
2025-08-06,2025-08-06 14:10:08.200,MO2508-C-7500,2.6,2.6,2.8
2025-08-06,2025-08-06 14:10:08.700,MO2508-C-7500,2.6,2.6,2.8
2025-08-06,2025-08-06 14:10:09.200,MO2508-C-7500,2.6,2.6,2.8
2025-08-06,2025-08-06 14:10:09.700,MO2508-C-7500,2.6,2.6,2.8
2025-08-06,2025-08-06 14:10:12.200,MO2508-C-7500,2.6,2.6,2.8
2025-08-06,2025-08-06 14:10:18.200,MO2508-C-7500,2.6,2.6,2.8
2025-08-06,2025-08-06 14:10:18.700,MO2508-C-7500,2.6,2.6,2.8
2025-08-06,2025-08-06 14:10:24.200,MO2508-C-7500,2.6,2.6,2.8
2025-08-06,2025-08-06 14:10:27.700,MO2508-C-7500,2.6,2.6,2.8
2025-08-06,2025-08-06 14:10:28.200,MO2508-C-7500,2.6,2.6,2.8
2025-08-06,2025-08-06 14:10:28.700,MO2508-C-7500,2.6,2.6,2.8
2025-08-06,2025-08-06 14:10:37.700,MO2508-C-7500,2.6,2.6,2.8
2025-08-06,2025-08-06 14:10:38.200,MO2508-C-7500,2.6,2.6,2.8
2025-08-06,2025-08-06 14:10:38.700,MO2508-C-7500,2.6,2.6,2.8
2025-08-06,2025-08-06 14:10:42.700,MO2508-C-7500,2.6,2.6,2.8
2025-08-06,2025-08-06 14:10:48.200,MO2508-C-7500,2.6,2.6,2.8
2025-08-06,2025-08-06 14:10:48.700,MO2508-C-7500,2.6,2.6,2.8
2025-08-06,2025-08-06 14:10:58.200,MO2508-C-7500,2.6,2.6,2.8
2025-08-06,2025-08-06 14:10:58.700,MO2508-C-7500,2.6,2.6,2.8
2025-08-06,2025-08-06 14:11:00.200,MO2508-C-7500,2.6,2.6,2.8
2025-08-06,2025-08-06 14:11:08.200,MO2508-C-7500,2.6,2.6,2.8
2025-08-06,2025-08-06 14:11:08.700,MO2508-C-7500,2.6,2.6,2.8
2025-08-06,2025-08-06 14:11:17.700,MO2508-C-7500,2.8,2.6,2.8
2025-08-06,2025-08-06 14:11:18.200,MO2508-C-7500,2.8,2.6,2.8
2025-08-06,2025-08-06 14:11:18.700,MO2508-C-7500,2.8,2.6,2.8
2025-08-06,2025-08-06 14:11:19.200,MO2508-C-7500,2.8,2.6,2.8
2025-08-06,2025-08-06 14:11:21.200,MO2508-C-7500,2.8,2.6,2.8
2025-08-06,2025-08-06 14:11:25.200,MO2508-C-7500,2.8,2.6,2.8
2025-08-06,2025-08-06 14:11:25.700,MO2508-C-7500,2.8,2.6,2.8
2025-08-06,2025-08-06 14:11:26.200,MO2508-C-7500,2.8,2.6,2.8
2025-08-06,2025-08-06 14:11:28.200,MO2508-C-7500,2.8,2.6,2.8
2025-08-06,2025-08-06 14:11:28.700,MO2508-C-7500,2.8,2.6,2.8
2025-08-06,2025-08-06 14:11:38.200,MO2508-C-7500,2.8,2.6,2.8
2025-08-06,2025-08-06 14:11:38.700,MO2508-C-7500,2.8,2.6,2.8
2025-08-06,2025-08-06 14:11:48.200,MO2508-C-7500,2.8,2.6,2.8
2025-08-06,2025-08-06 14:11:48.700,MO2508-C-7500,2.8,2.6,2.8
2025-08-06,2025-08-06 14:11:58.200,MO2508-C-7500,2.8,2.6,2.8
2025-08-06,2025-08-06 14:11:58.700,MO2508-C-7500,2.8,2.6,2.8
2025-08-06,2025-08-06 14:12:02.200,MO2508-C-7500,2.8,2.6,2.8
2025-08-06,2025-08-06 14:12:02.700,MO2508-C-7500,2.8,2.6,2.8
2025-08-06,2025-08-06 14:12:04.200,MO2508-C-7500,2.8,2.6,2.8
2025-08-06,2025-08-06 14:12:07.200,MO2508-C-7500,2.8,2.6,2.8
2025-08-06,2025-08-06 14:12:08.200,MO2508-C-7500,2.8,2.6,2.8
2025-08-06,2025-08-06 14:12:08.700,MO2508-C-7500,2.8,2.6,2.8
2025-08-06,2025-08-06 14:12:09.200,MO2508-C-7500,2.8,2.6,2.8
2025-08-06,2025-08-06 14:12:18.200,MO2508-C-7500,2.8,2.6,2.8
2025-08-06,2025-08-06 14:12:18.700,MO2508-C-7500,2.8,2.6,2.8
2025-08-06,2025-08-06 14:12:28.200,MO2508-C-7500,2.8,2.6,2.8
2025-08-06,2025-08-06 14:12:28.700,MO2508-C-7500,2.8,2.6,2.8
2025-08-06,2025-08-06 14:12:29.200,MO2508-C-7500,2.8,2.6,2.8
2025-08-06,2025-08-06 14:12:36.200,MO2508-C-7500,2.8,2.6,2.8
2025-08-06,2025-08-06 14:12:38.200,MO2508-C-7500,2.8,2.6,2.8
2025-08-06,2025-08-06 14:12:38.700,MO2508-C-7500,2.8,2.6,2.8
2025-08-06,2025-08-06 14:12:48.200,MO2508-C-7500,2.8,2.6,2.8
2025-08-06,2025-08-06 14:12:48.700,MO2508-C-7500,2.8,2.6,2.8
2025-08-06,2025-08-06 14:12:55.700,MO2508-C-7500,2.8,2.6,2.8
2025-08-06,2025-08-06 14:12:58.200,MO2508-C-7500,2.8,2.6,2.8
2025-08-06,2025-08-06 14:12:58.700,MO2508-C-7500,2.8,2.6,2.8
2025-08-06,2025-08-06 14:12:59.200,MO2508-C-7500,2.8,2.6,2.8
2025-08-06,2025-08-06 14:13:01.200,MO2508-C-7500,2.8,2.6,2.8
2025-08-06,2025-08-06 14:13:01.700,MO2508-C-7500,2.8,2.6,2.8
2025-08-06,2025-08-06 14:13:02.200,MO2508-C-7500,2.8,2.6,2.8
2025-08-06,2025-08-06 14:13:02.700,MO2508-C-7500,2.8,2.6,2.8
2025-08-06,2025-08-06 14:13:03.200,MO2508-C-7500,2.8,2.6,2.8
2025-08-06,2025-08-06 14:13:07.700,MO2508-C-7500,2.8,2.6,2.8
2025-08-06,2025-08-06 14:13:08.200,MO2508-C-7500,2.8,2.6,2.8
2025-08-06,2025-08-06 14:13:08.700,MO2508-C-7500,2.8,2.6,2.8
2025-08-06,2025-08-06 14:13:14.200,MO2508-C-7500,2.8,2.6,2.8
2025-08-06,2025-08-06 14:13:14.700,MO2508-C-7500,2.8,2.6,2.8
2025-08-06,2025-08-06 14:13:18.200,MO2508-C-7500,2.8,2.6,2.8
2025-08-06,2025-08-06 14:13:18.700,MO2508-C-7500,2.8,2.6,2.8
2025-08-06,2025-08-06 14:13:24.200,MO2508-C-7500,2.8,2.6,2.8
2025-08-06,2025-08-06 14:13:24.700,MO2508-C-7500,2.8,2.6,2.8
2025-08-06,2025-08-06 14:13:28.200,MO2508-C-7500,2.8,2.6,2.8
2025-08-06,2025-08-06 14:13:28.700,MO2508-C-7500,2.8,2.6,2.8
2025-08-06,2025-08-06 14:13:33.700,MO2508-C-7500,2.8,2.6,2.8
2025-08-06,2025-08-06 14:13:38.200,MO2508-C-7500,2.8,2.6,2.8
2025-08-06,2025-08-06 14:13:38.700,MO2508-C-7500,2.8,2.6,2.8
2025-08-06,2025-08-06 14:13:48.200,MO2508-C-7500,2.8,2.6,2.8
2025-08-06,2025-08-06 14:13:48.700,MO2508-C-7500,2.8,2.6,2.8
2025-08-06,2025-08-06 14:13:58.200,MO2508-C-7500,2.8,2.6,2.8
2025-08-06,2025-08-06 14:13:58.700,MO2508-C-7500,2.8,2.6,2.8
2025-08-06,2025-08-06 14:13:59.700,MO2508-C-7500,2.8,2.6,2.8
2025-08-06,2025-08-06 14:14:08.200,MO2508-C-7500,2.8,2.6,2.8
2025-08-06,2025-08-06 14:14:08.700,MO2508-C-7500,2.8,2.6,2.8
2025-08-06,2025-08-06 14:14:10.200,MO2508-C-7500,2.8,2.6,2.8
2025-08-06,2025-08-06 14:14:18.200,MO2508-C-7500,2.8,2.6,2.8
2025-08-06,2025-08-06 14:14:18.700,MO2508-C-7500,2.8,2.6,2.8
2025-08-06,2025-08-06 14:14:22.200,MO2508-C-7500,2.8,2.6,2.8
2025-08-06,2025-08-06 14:14:28.200,MO2508-C-7500,2.8,2.6,2.8
2025-08-06,2025-08-06 14:14:28.700,MO2508-C-7500,2.8,2.6,2.8
2025-08-06,2025-08-06 14:14:38.200,MO2508-C-7500,2.8,2.6,2.8
2025-08-06,2025-08-06 14:14:38.700,MO2508-C-7500,2.8,2.6,2.8
2025-08-06,2025-08-06 14:14:39.700,MO2508-C-7500,2.8,2.6,2.8
2025-08-06,2025-08-06 14:14:42.200,MO2508-C-7500,2.8,2.6,2.8
2025-08-06,2025-08-06 14:14:47.700,MO2508-C-7500,2.8,2.6,2.8
2025-08-06,2025-08-06 14:14:48.200,MO2508-C-7500,2.8,2.6,2.8
2025-08-06,2025-08-06 14:14:48.700,MO2508-C-7500,2.8,2.6,2.8
2025-08-06,2025-08-06 14:14:54.200,MO2508-C-7500,2.8,2.6,2.8
2025-08-06,2025-08-06 14:14:54.700,MO2508-C-7500,2.8,2.6,2.8
2025-08-06,2025-08-06 14:14:58.200,MO2508-C-7500,2.8,2.6,2.8
2025-08-06,2025-08-06 14:14:58.700,MO2508-C-7500,2.8,2.6,2.8
2025-08-06,2025-08-06 14:15:08.200,MO2508-C-7500,2.8,2.6,2.8
2025-08-06,2025-08-06 14:15:08.700,MO2508-C-7500,2.8,2.6,2.8
2025-08-06,2025-08-06 14:15:13.200,MO2508-C-7500,2.8,2.6,2.8
2025-08-06,2025-08-06 14:15:14.200,MO2508-C-7500,2.8,2.6,2.8
2025-08-06,2025-08-06 14:15:15.200,MO2508-C-7500,2.8,2.6,2.8
2025-08-06,2025-08-06 14:15:17.200,MO2508-C-7500,2.8,2.6,2.8
2025-08-06,2025-08-06 14:15:18.200,MO2508-C-7500,2.8,2.6,2.8
2025-08-06,2025-08-06 14:15:18.700,MO2508-C-7500,2.8,2.6,2.8
2025-08-06,2025-08-06 14:15:25.200,MO2508-C-7500,2.8,2.6,2.8
2025-08-06,2025-08-06 14:15:25.700,MO2508-C-7500,2.8,2.6,2.8
2025-08-06,2025-08-06 14:15:28.200,MO2508-C-7500,2.8,2.6,2.8
2025-08-06,2025-08-06 14:15:28.700,MO2508-C-7500,2.8,2.6,2.8
2025-08-06,2025-08-06 14:15:30.200,MO2508-C-7500,2.8,2.6,2.8
2025-08-06,2025-08-06 14:15:35.200,MO2508-C-7500,2.8,2.6,2.8
2025-08-06,2025-08-06 14:15:37.700,MO2508-C-7500,2.8,2.6,2.8
2025-08-06,2025-08-06 14:15:38.200,MO2508-C-7500,2.8,2.6,2.8
2025-08-06,2025-08-06 14:15:38.700,MO2508-C-7500,2.8,2.6,2.8
2025-08-06,2025-08-06 14:15:39.200,MO2508-C-7500,2.8,2.6,2.8
2025-08-06,2025-08-06 14:15:42.700,MO2508-C-7500,2.8,2.6,2.8
2025-08-06,2025-08-06 14:15:48.200,MO2508-C-7500,2.8,2.6,2.8
2025-08-06,2025-08-06 14:15:48.700,MO2508-C-7500,2.8,2.6,2.8
2025-08-06,2025-08-06 14:15:58.200,MO2508-C-7500,2.8,2.6,2.8
2025-08-06,2025-08-06 14:15:58.700,MO2508-C-7500,2.8,2.6,2.8
2025-08-06,2025-08-06 14:15:59.700,MO2508-C-7500,2.8,2.6,2.8
2025-08-06,2025-08-06 14:16:08.200,MO2508-C-7500,2.8,2.6,2.8
2025-08-06,2025-08-06 14:16:08.700,MO2508-C-7500,2.8,2.6,2.8
2025-08-06,2025-08-06 14:16:16.200,MO2508-C-7500,2.8,2.6,2.8
2025-08-06,2025-08-06 14:16:18.200,MO2508-C-7500,2.8,2.6,2.8
2025-08-06,2025-08-06 14:16:18.700,MO2508-C-7500,2.8,2.6,2.8
2025-08-06,2025-08-06 14:16:19.200,MO2508-C-7500,2.8,2.6,2.8
2025-08-06,2025-08-06 14:16:28.200,MO2508-C-7500,2.8,2.6,2.8
2025-08-06,2025-08-06 14:16:28.700,MO2508-C-7500,2.8,2.6,2.8
2025-08-06,2025-08-06 14:16:29.200,MO2508-C-7500,2.8,2.6,2.8
2025-08-06,2025-08-06 14:16:32.700,MO2508-C-7500,2.8,2.6,2.8
2025-08-06,2025-08-06 14:16:33.200,MO2508-C-7500,2.8,2.6,2.8
2025-08-06,2025-08-06 14:16:33.700,MO2508-C-7500,2.8,2.6,2.8
2025-08-06,2025-08-06 14:16:34.200,MO2508-C-7500,2.8,2.6,2.8
2025-08-06,2025-08-06 14:16:35.200,MO2508-C-7500,2.8,2.6,2.8
2025-08-06,2025-08-06 14:16:36.700,MO2508-C-7500,2.8,2.6,2.8
2025-08-06,2025-08-06 14:16:38.200,MO2508-C-7500,2.8,2.6,2.8
2025-08-06,2025-08-06 14:16:38.700,MO2508-C-7500,2.8,2.6,2.8
2025-08-06,2025-08-06 14:16:40.700,MO2508-C-7500,2.8,2.6,2.8
2025-08-06,2025-08-06 14:16:48.200,MO2508-C-7500,2.8,2.6,2.8
2025-08-06,2025-08-06 14:16:48.700,MO2508-C-7500,2.8,2.6,2.8
2025-08-06,2025-08-06 14:16:58.200,MO2508-C-7500,2.8,2.6,2.8
2025-08-06,2025-08-06 14:16:58.700,MO2508-C-7500,2.8,2.6,2.8
2025-08-06,2025-08-06 14:16:59.200,MO2508-C-7500,2.8,2.6,2.8
2025-08-06,2025-08-06 14:16:59.700,MO2508-C-7500,2.8,2.6,2.8
2025-08-06,2025-08-06 14:17:00.200,MO2508-C-7500,2.8,2.6,2.8
2025-08-06,2025-08-06 14:17:02.700,MO2508-C-7500,2.8,2.6,2.8
2025-08-06,2025-08-06 14:17:03.200,MO2508-C-7500,2.8,2.6,2.8
2025-08-06,2025-08-06 14:17:03.700,MO2508-C-7500,2.8,2.6,2.8
2025-08-06,2025-08-06 14:17:08.200,MO2508-C-7500,2.8,2.6,2.8
2025-08-06,2025-08-06 14:17:08.700,MO2508-C-7500,2.8,2.6,2.8
2025-08-06,2025-08-06 14:17:09.200,MO2508-C-7500,2.8,2.6,2.8
2025-08-06,2025-08-06 14:17:09.700,MO2508-C-7500,2.8,2.6,2.8
2025-08-06,2025-08-06 14:17:11.200,MO2508-C-7500,2.8,2.6,2.8
2025-08-06,2025-08-06 14:17:18.200,MO2508-C-7500,2.8,2.6,2.8
2025-08-06,2025-08-06 14:17:18.700,MO2508-C-7500,2.8,2.6,2.8
2025-08-06,2025-08-06 14:17:25.200,MO2508-C-7500,2.8,2.6,2.8
2025-08-06,2025-08-06 14:17:28.200,MO2508-C-7500,2.8,2.6,2.8
2025-08-06,2025-08-06 14:17:28.700,MO2508-C-7500,2.8,2.6,2.8
2025-08-06,2025-08-06 14:17:29.700,MO2508-C-7500,2.8,2.6,2.8
2025-08-06,2025-08-06 14:17:30.200,MO2508-C-7500,2.8,2.6,2.8
2025-08-06,2025-08-06 14:17:31.700,MO2508-C-7500,2.8,2.6,2.8
2025-08-06,2025-08-06 14:17:38.200,MO2508-C-7500,2.8,2.6,2.8
2025-08-06,2025-08-06 14:17:38.700,MO2508-C-7500,2.8,2.6,2.8
2025-08-06,2025-08-06 14:17:40.200,MO2508-C-7500,2.8,2.6,2.8
2025-08-06,2025-08-06 14:17:42.200,MO2508-C-7500,2.8,2.6,2.8
2025-08-06,2025-08-06 14:17:48.200,MO2508-C-7500,2.8,2.6,2.8
2025-08-06,2025-08-06 14:17:48.700,MO2508-C-7500,2.8,2.6,2.8
2025-08-06,2025-08-06 14:17:51.200,MO2508-C-7500,2.8,2.6,2.8
2025-08-06,2025-08-06 14:17:52.200,MO2508-C-7500,2.8,2.6,2.8
2025-08-06,2025-08-06 14:17:55.700,MO2508-C-7500,2.8,2.6,2.8
2025-08-06,2025-08-06 14:17:56.700,MO2508-C-7500,2.8,2.6,2.8
2025-08-06,2025-08-06 14:17:58.200,MO2508-C-7500,2.8,2.6,2.8
2025-08-06,2025-08-06 14:17:58.700,MO2508-C-7500,2.8,2.6,2.8
2025-08-06,2025-08-06 14:18:08.200,MO2508-C-7500,2.8,2.6,2.8
2025-08-06,2025-08-06 14:18:08.700,MO2508-C-7500,2.8,2.6,2.8
2025-08-06,2025-08-06 14:18:09.200,MO2508-C-7500,2.8,2.6,2.8
2025-08-06,2025-08-06 14:18:09.700,MO2508-C-7500,2.8,2.6,2.8
2025-08-06,2025-08-06 14:18:17.200,MO2508-C-7500,2.8,2.6,2.8
2025-08-06,2025-08-06 14:18:18.200,MO2508-C-7500,2.8,2.6,2.8
2025-08-06,2025-08-06 14:18:18.700,MO2508-C-7500,2.8,2.6,2.8
2025-08-06,2025-08-06 14:18:20.700,MO2508-C-7500,2.8,2.6,2.8
2025-08-06,2025-08-06 14:18:21.700,MO2508-C-7500,2.8,2.6,2.8
2025-08-06,2025-08-06 14:18:28.200,MO2508-C-7500,2.8,2.6,2.8
2025-08-06,2025-08-06 14:18:28.700,MO2508-C-7500,2.8,2.6,2.8
2025-08-06,2025-08-06 14:18:30.200,MO2508-C-7500,2.8,2.6,2.8
2025-08-06,2025-08-06 14:18:38.200,MO2508-C-7500,2.8,2.6,2.8
2025-08-06,2025-08-06 14:18:38.700,MO2508-C-7500,2.8,2.6,2.8
2025-08-06,2025-08-06 14:18:42.700,MO2508-C-7500,2.8,2.6,2.8
2025-08-06,2025-08-06 14:18:43.200,MO2508-C-7500,2.8,2.6,2.8
2025-08-06,2025-08-06 14:18:44.200,MO2508-C-7500,2.8,2.6,2.8
2025-08-06,2025-08-06 14:18:48.200,MO2508-C-7500,2.8,2.6,2.8
2025-08-06,2025-08-06 14:18:48.700,MO2508-C-7500,2.8,2.6,2.8
2025-08-06,2025-08-06 14:18:53.200,MO2508-C-7500,2.8,2.6,2.8
2025-08-06,2025-08-06 14:18:53.700,MO2508-C-7500,2.8,2.6,2.8
2025-08-06,2025-08-06 14:18:54.200,MO2508-C-7500,2.8,2.6,2.8
2025-08-06,2025-08-06 14:18:54.700,MO2508-C-7500,2.8,2.6,2.8
2025-08-06,2025-08-06 14:18:55.200,MO2508-C-7500,2.8,2.6,2.8
2025-08-06,2025-08-06 14:18:55.700,MO2508-C-7500,2.8,2.6,2.8
2025-08-06,2025-08-06 14:18:56.200,MO2508-C-7500,2.8,2.6,2.8
2025-08-06,2025-08-06 14:18:58.200,MO2508-C-7500,2.8,2.6,2.8
2025-08-06,2025-08-06 14:18:58.700,MO2508-C-7500,2.8,2.6,2.8
2025-08-06,2025-08-06 14:19:00.200,MO2508-C-7500,2.8,2.6,2.8
2025-08-06,2025-08-06 14:19:00.700,MO2508-C-7500,2.8,2.6,2.8
2025-08-06,2025-08-06 14:19:01.700,MO2508-C-7500,2.8,2.6,2.8
2025-08-06,2025-08-06 14:19:02.200,MO2508-C-7500,2.8,2.6,2.8
2025-08-06,2025-08-06 14:19:02.700,MO2508-C-7500,2.8,2.6,2.8
2025-08-06,2025-08-06 14:19:03.200,MO2508-C-7500,2.8,2.6,2.8
2025-08-06,2025-08-06 14:19:04.200,MO2508-C-7500,2.8,2.6,2.8
2025-08-06,2025-08-06 14:19:04.700,MO2508-C-7500,2.8,2.6,2.8
2025-08-06,2025-08-06 14:19:05.200,MO2508-C-7500,2.8,2.6,2.8
2025-08-06,2025-08-06 14:19:05.700,MO2508-C-7500,2.8,2.6,2.8
2025-08-06,2025-08-06 14:19:06.200,MO2508-C-7500,2.8,2.6,2.8
2025-08-06,2025-08-06 14:19:06.700,MO2508-C-7500,2.8,2.6,2.8
2025-08-06,2025-08-06 14:19:07.200,MO2508-C-7500,2.8,2.6,2.8
2025-08-06,2025-08-06 14:19:07.700,MO2508-C-7500,2.8,2.6,2.8
2025-08-06,2025-08-06 14:19:08.200,MO2508-C-7500,2.8,2.6,2.8
2025-08-06,2025-08-06 14:19:08.700,MO2508-C-7500,2.8,2.6,2.8
2025-08-06,2025-08-06 14:19:15.700,MO2508-C-7500,2.8,2.6,2.8
2025-08-06,2025-08-06 14:19:17.700,MO2508-C-7500,2.8,2.6,2.8
2025-08-06,2025-08-06 14:19:18.200,MO2508-C-7500,2.8,2.6,2.8
2025-08-06,2025-08-06 14:19:18.700,MO2508-C-7500,2.8,2.6,2.8
2025-08-06,2025-08-06 14:19:19.200,MO2508-C-7500,2.8,2.6,2.8
2025-08-06,2025-08-06 14:19:20.200,MO2508-C-7500,2.8,2.6,2.8
2025-08-06,2025-08-06 14:19:21.200,MO2508-C-7500,2.8,2.6,2.8
2025-08-06,2025-08-06 14:19:23.700,MO2508-C-7500,2.8,2.6,2.8
2025-08-06,2025-08-06 14:19:27.700,MO2508-C-7500,2.8,2.6,2.8
2025-08-06,2025-08-06 14:19:28.200,MO2508-C-7500,2.8,2.6,2.8
2025-08-06,2025-08-06 14:19:28.700,MO2508-C-7500,2.8,2.6,2.8
2025-08-06,2025-08-06 14:19:30.700,MO2508-C-7500,2.8,2.6,2.8
2025-08-06,2025-08-06 14:19:31.200,MO2508-C-7500,2.8,2.6,2.8
2025-08-06,2025-08-06 14:19:32.700,MO2508-C-7500,2.8,2.6,2.8
2025-08-06,2025-08-06 14:19:34.200,MO2508-C-7500,2.8,2.6,2.8
2025-08-06,2025-08-06 14:19:37.200,MO2508-C-7500,2.8,2.6,2.8
2025-08-06,2025-08-06 14:19:38.200,MO2508-C-7500,2.8,2.6,2.8
2025-08-06,2025-08-06 14:19:38.700,MO2508-C-7500,2.8,2.6,2.8
2025-08-06,2025-08-06 14:19:45.700,MO2508-C-7500,2.8,2.6,2.8
2025-08-06,2025-08-06 14:19:48.200,MO2508-C-7500,2.8,2.6,2.8
2025-08-06,2025-08-06 14:19:48.700,MO2508-C-7500,2.8,2.6,2.8
2025-08-06,2025-08-06 14:19:58.200,MO2508-C-7500,2.8,2.6,2.8
2025-08-06,2025-08-06 14:19:58.700,MO2508-C-7500,2.8,2.6,2.8
2025-08-06,2025-08-06 14:20:08.200,MO2508-C-7500,2.8,2.6,2.8
2025-08-06,2025-08-06 14:20:08.700,MO2508-C-7500,2.8,2.6,2.8
2025-08-06,2025-08-06 14:20:09.200,MO2508-C-7500,2.8,2.6,2.8
2025-08-06,2025-08-06 14:20:12.200,MO2508-C-7500,2.8,2.6,2.8
2025-08-06,2025-08-06 14:20:12.700,MO2508-C-7500,2.8,2.6,2.8
2025-08-06,2025-08-06 14:20:15.700,MO2508-C-7500,2.8,2.6,2.8
2025-08-06,2025-08-06 14:20:16.200,MO2508-C-7500,2.8,2.6,2.8
2025-08-06,2025-08-06 14:20:17.200,MO2508-C-7500,2.8,2.6,2.8
2025-08-06,2025-08-06 14:20:18.200,MO2508-C-7500,2.8,2.6,2.8
2025-08-06,2025-08-06 14:20:18.700,MO2508-C-7500,2.8,2.6,2.8
2025-08-06,2025-08-06 14:20:19.200,MO2508-C-7500,2.8,2.6,2.8
2025-08-06,2025-08-06 14:20:20.200,MO2508-C-7500,2.8,2.6,2.8
2025-08-06,2025-08-06 14:20:20.700,MO2508-C-7500,2.8,2.6,2.8
2025-08-06,2025-08-06 14:20:22.200,MO2508-C-7500,2.8,2.6,2.8
2025-08-06,2025-08-06 14:20:28.200,MO2508-C-7500,2.8,2.6,2.8
2025-08-06,2025-08-06 14:20:28.700,MO2508-C-7500,2.8,2.6,2.8
2025-08-06,2025-08-06 14:20:30.700,MO2508-C-7500,2.8,2.6,2.8
2025-08-06,2025-08-06 14:20:31.200,MO2508-C-7500,2.8,2.6,2.8
2025-08-06,2025-08-06 14:20:38.200,MO2508-C-7500,2.8,2.6,2.8
2025-08-06,2025-08-06 14:20:38.700,MO2508-C-7500,2.8,2.6,2.8
2025-08-06,2025-08-06 14:20:48.200,MO2508-C-7500,2.8,2.6,2.8
2025-08-06,2025-08-06 14:20:48.700,MO2508-C-7500,2.8,2.6,2.8
2025-08-06,2025-08-06 14:20:51.700,MO2508-C-7500,2.8,2.6,2.8
2025-08-06,2025-08-06 14:20:52.200,MO2508-C-7500,2.8,2.6,2.8
2025-08-06,2025-08-06 14:20:58.200,MO2508-C-7500,2.8,2.6,2.8
2025-08-06,2025-08-06 14:20:58.700,MO2508-C-7500,2.8,2.6,2.8
2025-08-06,2025-08-06 14:21:07.700,MO2508-C-7500,2.8,2.6,2.8
2025-08-06,2025-08-06 14:21:08.200,MO2508-C-7500,2.8,2.6,2.8
2025-08-06,2025-08-06 14:21:08.700,MO2508-C-7500,2.8,2.6,2.8
2025-08-06,2025-08-06 14:21:11.700,MO2508-C-7500,2.8,2.6,3.0
2025-08-06,2025-08-06 14:21:12.200,MO2508-C-7500,2.8,2.8,3.0
2025-08-06,2025-08-06 14:21:12.700,MO2508-C-7500,2.8,2.8,3.0
2025-08-06,2025-08-06 14:21:16.700,MO2508-C-7500,2.8,2.8,3.0
2025-08-06,2025-08-06 14:21:17.200,MO2508-C-7500,2.8,2.8,3.0
2025-08-06,2025-08-06 14:21:18.200,MO2508-C-7500,2.8,2.8,3.0
2025-08-06,2025-08-06 14:21:18.700,MO2508-C-7500,2.8,2.8,3.0
2025-08-06,2025-08-06 14:21:19.200,MO2508-C-7500,2.8,2.8,3.0
2025-08-06,2025-08-06 14:21:19.700,MO2508-C-7500,2.8,2.8,3.0
2025-08-06,2025-08-06 14:21:20.700,MO2508-C-7500,2.8,2.8,3.0
2025-08-06,2025-08-06 14:21:22.700,MO2508-C-7500,3.0,2.8,3.0
2025-08-06,2025-08-06 14:21:23.200,MO2508-C-7500,3.0,2.8,3.0
2025-08-06,2025-08-06 14:21:25.200,MO2508-C-7500,3.0,2.8,3.0
2025-08-06,2025-08-06 14:21:28.200,MO2508-C-7500,3.0,2.8,3.0
2025-08-06,2025-08-06 14:21:28.700,MO2508-C-7500,3.0,2.8,3.0
2025-08-06,2025-08-06 14:21:37.700,MO2508-C-7500,3.0,2.8,3.0
2025-08-06,2025-08-06 14:21:38.200,MO2508-C-7500,3.0,2.8,3.0
2025-08-06,2025-08-06 14:21:38.700,MO2508-C-7500,3.0,2.8,3.0
2025-08-06,2025-08-06 14:21:40.700,MO2508-C-7500,3.0,2.8,3.0
2025-08-06,2025-08-06 14:21:42.200,MO2508-C-7500,3.0,2.8,3.0
2025-08-06,2025-08-06 14:21:46.200,MO2508-C-7500,3.0,2.8,3.0
2025-08-06,2025-08-06 14:21:48.200,MO2508-C-7500,3.0,2.8,3.0
2025-08-06,2025-08-06 14:21:48.700,MO2508-C-7500,3.0,2.8,3.0
2025-08-06,2025-08-06 14:21:52.700,MO2508-C-7500,3.0,2.8,3.0
2025-08-06,2025-08-06 14:21:53.200,MO2508-C-7500,3.0,2.8,3.0
2025-08-06,2025-08-06 14:21:56.700,MO2508-C-7500,3.0,2.8,3.0
2025-08-06,2025-08-06 14:21:57.200,MO2508-C-7500,3.0,2.8,3.0
2025-08-06,2025-08-06 14:21:57.700,MO2508-C-7500,3.0,2.8,3.0
2025-08-06,2025-08-06 14:21:58.200,MO2508-C-7500,3.0,2.8,3.0
2025-08-06,2025-08-06 14:21:58.700,MO2508-C-7500,3.0,2.8,3.0
2025-08-06,2025-08-06 14:22:01.700,MO2508-C-7500,2.8,2.8,3.0
2025-08-06,2025-08-06 14:22:02.200,MO2508-C-7500,2.8,2.8,3.0
2025-08-06,2025-08-06 14:22:02.700,MO2508-C-7500,2.8,2.8,3.0
2025-08-06,2025-08-06 14:22:08.200,MO2508-C-7500,2.8,2.8,3.0
2025-08-06,2025-08-06 14:22:08.700,MO2508-C-7500,2.8,2.8,3.0
2025-08-06,2025-08-06 14:22:09.200,MO2508-C-7500,2.8,2.8,3.0
2025-08-06,2025-08-06 14:22:10.200,MO2508-C-7500,2.8,2.8,3.0
2025-08-06,2025-08-06 14:22:18.200,MO2508-C-7500,2.8,2.8,3.0
2025-08-06,2025-08-06 14:22:18.700,MO2508-C-7500,2.8,2.8,3.0
2025-08-06,2025-08-06 14:22:21.700,MO2508-C-7500,2.8,2.8,3.0
2025-08-06,2025-08-06 14:22:28.200,MO2508-C-7500,2.8,2.8,3.0
2025-08-06,2025-08-06 14:22:28.700,MO2508-C-7500,2.8,2.8,3.0
2025-08-06,2025-08-06 14:22:29.200,MO2508-C-7500,2.8,2.8,3.0
2025-08-06,2025-08-06 14:22:35.700,MO2508-C-7500,2.8,2.8,3.0
2025-08-06,2025-08-06 14:22:36.200,MO2508-C-7500,2.8,2.8,3.0
2025-08-06,2025-08-06 14:22:38.200,MO2508-C-7500,2.8,2.8,3.0
2025-08-06,2025-08-06 14:22:38.700,MO2508-C-7500,2.8,2.8,3.0
2025-08-06,2025-08-06 14:22:41.700,MO2508-C-7500,2.8,2.8,3.0
2025-08-06,2025-08-06 14:22:42.200,MO2508-C-7500,2.8,2.8,3.0
2025-08-06,2025-08-06 14:22:43.200,MO2508-C-7500,2.8,2.8,3.0
2025-08-06,2025-08-06 14:22:48.200,MO2508-C-7500,2.8,2.8,3.0
2025-08-06,2025-08-06 14:22:48.700,MO2508-C-7500,2.8,2.8,3.0
2025-08-06,2025-08-06 14:22:53.700,MO2508-C-7500,2.8,2.8,3.0
2025-08-06,2025-08-06 14:22:54.200,MO2508-C-7500,2.8,2.8,3.0
2025-08-06,2025-08-06 14:22:54.700,MO2508-C-7500,2.8,2.8,3.0
2025-08-06,2025-08-06 14:22:56.200,MO2508-C-7500,2.8,2.8,3.0
2025-08-06,2025-08-06 14:22:58.200,MO2508-C-7500,2.8,2.8,3.0
2025-08-06,2025-08-06 14:22:58.700,MO2508-C-7500,2.8,2.8,3.0
2025-08-06,2025-08-06 14:23:03.700,MO2508-C-7500,2.8,2.8,3.0
2025-08-06,2025-08-06 14:23:08.200,MO2508-C-7500,2.8,2.8,3.0
2025-08-06,2025-08-06 14:23:08.700,MO2508-C-7500,2.8,2.8,3.0
2025-08-06,2025-08-06 14:23:12.200,MO2508-C-7500,2.8,2.8,3.0
2025-08-06,2025-08-06 14:23:12.700,MO2508-C-7500,2.8,2.8,3.0
2025-08-06,2025-08-06 14:23:13.200,MO2508-C-7500,2.8,2.8,3.0
2025-08-06,2025-08-06 14:23:13.700,MO2508-C-7500,2.8,2.8,3.0
2025-08-06,2025-08-06 14:23:14.200,MO2508-C-7500,2.8,2.8,3.0
2025-08-06,2025-08-06 14:23:15.700,MO2508-C-7500,3.0,2.8,3.0
2025-08-06,2025-08-06 14:23:16.200,MO2508-C-7500,3.0,2.8,3.0
2025-08-06,2025-08-06 14:23:16.700,MO2508-C-7500,3.0,2.8,3.0
2025-08-06,2025-08-06 14:23:18.200,MO2508-C-7500,3.0,2.8,3.0
2025-08-06,2025-08-06 14:23:18.700,MO2508-C-7500,3.0,2.8,3.0
2025-08-06,2025-08-06 14:23:22.200,MO2508-C-7500,3.0,2.8,3.0
2025-08-06,2025-08-06 14:23:28.200,MO2508-C-7500,3.0,2.8,3.0
2025-08-06,2025-08-06 14:23:28.700,MO2508-C-7500,3.0,2.8,3.0
2025-08-06,2025-08-06 14:23:38.200,MO2508-C-7500,3.0,2.8,3.0
2025-08-06,2025-08-06 14:23:38.700,MO2508-C-7500,3.0,2.8,3.0
2025-08-06,2025-08-06 14:23:39.200,MO2508-C-7500,3.0,2.8,3.0
2025-08-06,2025-08-06 14:23:39.700,MO2508-C-7500,3.0,2.8,3.0
2025-08-06,2025-08-06 14:23:40.200,MO2508-C-7500,3.0,2.8,3.2
2025-08-06,2025-08-06 14:23:40.700,MO2508-C-7500,3.0,3.0,3.2
2025-08-06,2025-08-06 14:23:41.200,MO2508-C-7500,3.0,3.0,3.2
2025-08-06,2025-08-06 14:23:41.700,MO2508-C-7500,3.0,3.0,3.2
2025-08-06,2025-08-06 14:23:45.700,MO2508-C-7500,3.0,3.0,3.2
2025-08-06,2025-08-06 14:23:48.200,MO2508-C-7500,3.0,3.0,3.2
2025-08-06,2025-08-06 14:23:48.700,MO2508-C-7500,3.0,3.0,3.2
2025-08-06,2025-08-06 14:23:49.700,MO2508-C-7500,3.0,3.0,3.2
2025-08-06,2025-08-06 14:23:50.200,MO2508-C-7500,3.0,3.0,3.2
2025-08-06,2025-08-06 14:23:50.700,MO2508-C-7500,3.0,3.0,3.2
2025-08-06,2025-08-06 14:23:51.200,MO2508-C-7500,3.0,3.0,3.2
2025-08-06,2025-08-06 14:23:51.700,MO2508-C-7500,3.0,3.0,3.2
2025-08-06,2025-08-06 14:23:52.700,MO2508-C-7500,3.0,3.0,3.2
2025-08-06,2025-08-06 14:23:58.200,MO2508-C-7500,3.0,3.0,3.2
2025-08-06,2025-08-06 14:23:58.700,MO2508-C-7500,3.0,3.0,3.2
2025-08-06,2025-08-06 14:24:01.200,MO2508-C-7500,3.0,3.0,3.2
2025-08-06,2025-08-06 14:24:04.200,MO2508-C-7500,3.0,3.0,3.2
2025-08-06,2025-08-06 14:24:04.700,MO2508-C-7500,3.0,3.0,3.2
2025-08-06,2025-08-06 14:24:06.700,MO2508-C-7500,3.0,3.0,3.2
2025-08-06,2025-08-06 14:24:07.200,MO2508-C-7500,3.0,3.0,3.2
2025-08-06,2025-08-06 14:24:08.200,MO2508-C-7500,3.0,3.0,3.2
2025-08-06,2025-08-06 14:24:08.700,MO2508-C-7500,3.0,3.0,3.2
2025-08-06,2025-08-06 14:24:09.200,MO2508-C-7500,3.0,3.0,3.2
2025-08-06,2025-08-06 14:24:12.200,MO2508-C-7500,3.0,3.0,3.2
2025-08-06,2025-08-06 14:24:14.700,MO2508-C-7500,3.0,3.0,3.2
2025-08-06,2025-08-06 14:24:15.200,MO2508-C-7500,3.0,3.0,3.2
2025-08-06,2025-08-06 14:24:18.200,MO2508-C-7500,3.2,3.0,3.2
2025-08-06,2025-08-06 14:24:18.700,MO2508-C-7500,3.2,3.0,3.2
2025-08-06,2025-08-06 14:24:19.200,MO2508-C-7500,3.2,3.0,3.2
2025-08-06,2025-08-06 14:24:19.700,MO2508-C-7500,3.2,3.0,3.2
2025-08-06,2025-08-06 14:24:22.200,MO2508-C-7500,3.2,3.0,3.2
2025-08-06,2025-08-06 14:24:24.700,MO2508-C-7500,3.2,3.0,3.2
2025-08-06,2025-08-06 14:24:25.200,MO2508-C-7500,3.2,3.0,3.2
2025-08-06,2025-08-06 14:24:25.700,MO2508-C-7500,3.2,3.0,3.2
2025-08-06,2025-08-06 14:24:28.200,MO2508-C-7500,3.2,3.0,3.2
2025-08-06,2025-08-06 14:24:28.700,MO2508-C-7500,3.2,3.0,3.2
2025-08-06,2025-08-06 14:24:29.200,MO2508-C-7500,3.2,3.0,3.2
2025-08-06,2025-08-06 14:24:29.700,MO2508-C-7500,3.2,3.0,3.2
2025-08-06,2025-08-06 14:24:35.200,MO2508-C-7500,3.2,3.0,3.2
2025-08-06,2025-08-06 14:24:38.200,MO2508-C-7500,3.2,3.0,3.2
2025-08-06,2025-08-06 14:24:38.700,MO2508-C-7500,3.2,3.0,3.2
2025-08-06,2025-08-06 14:24:39.200,MO2508-C-7500,3.2,3.0,3.2
2025-08-06,2025-08-06 14:24:48.200,MO2508-C-7500,3.2,3.0,3.2
2025-08-06,2025-08-06 14:24:48.700,MO2508-C-7500,3.2,3.0,3.2
2025-08-06,2025-08-06 14:24:58.200,MO2508-C-7500,3.2,3.0,3.2
2025-08-06,2025-08-06 14:24:58.700,MO2508-C-7500,3.2,3.0,3.2
2025-08-06,2025-08-06 14:25:08.200,MO2508-C-7500,3.2,3.0,3.2
2025-08-06,2025-08-06 14:25:08.700,MO2508-C-7500,3.2,3.0,3.2
2025-08-06,2025-08-06 14:25:18.200,MO2508-C-7500,3.2,3.0,3.2
2025-08-06,2025-08-06 14:25:18.700,MO2508-C-7500,3.2,3.0,3.2
2025-08-06,2025-08-06 14:25:22.700,MO2508-C-7500,3.2,3.0,3.2
2025-08-06,2025-08-06 14:25:23.200,MO2508-C-7500,3.2,3.0,3.2
2025-08-06,2025-08-06 14:25:24.200,MO2508-C-7500,3.2,3.0,3.2
2025-08-06,2025-08-06 14:25:25.700,MO2508-C-7500,3.2,3.0,3.2
2025-08-06,2025-08-06 14:25:26.700,MO2508-C-7500,3.2,3.0,3.2
2025-08-06,2025-08-06 14:25:28.200,MO2508-C-7500,3.2,3.0,3.2
2025-08-06,2025-08-06 14:25:28.700,MO2508-C-7500,3.2,3.0,3.2
2025-08-06,2025-08-06 14:25:35.200,MO2508-C-7500,3.2,3.0,3.2
2025-08-06,2025-08-06 14:25:38.200,MO2508-C-7500,3.2,3.0,3.2
2025-08-06,2025-08-06 14:25:38.700,MO2508-C-7500,3.2,3.0,3.2
2025-08-06,2025-08-06 14:25:46.700,MO2508-C-7500,3.2,3.0,3.2
2025-08-06,2025-08-06 14:25:48.200,MO2508-C-7500,3.2,3.0,3.2
2025-08-06,2025-08-06 14:25:48.700,MO2508-C-7500,3.2,3.0,3.2
2025-08-06,2025-08-06 14:25:55.200,MO2508-C-7500,3.2,3.0,3.2
2025-08-06,2025-08-06 14:25:57.200,MO2508-C-7500,3.2,3.0,3.2
2025-08-06,2025-08-06 14:25:58.200,MO2508-C-7500,3.2,3.0,3.2
2025-08-06,2025-08-06 14:25:58.700,MO2508-C-7500,3.2,3.0,3.2
2025-08-06,2025-08-06 14:26:05.200,MO2508-C-7500,3.2,3.0,3.2
2025-08-06,2025-08-06 14:26:08.200,MO2508-C-7500,3.2,3.0,3.2
2025-08-06,2025-08-06 14:26:08.700,MO2508-C-7500,3.2,3.0,3.2
2025-08-06,2025-08-06 14:26:18.200,MO2508-C-7500,3.2,3.0,3.2
2025-08-06,2025-08-06 14:26:18.700,MO2508-C-7500,3.2,3.0,3.2
2025-08-06,2025-08-06 14:26:28.200,MO2508-C-7500,3.2,3.0,3.2
2025-08-06,2025-08-06 14:26:28.700,MO2508-C-7500,3.2,3.0,3.2
2025-08-06,2025-08-06 14:26:30.700,MO2508-C-7500,3.2,3.0,3.2
2025-08-06,2025-08-06 14:26:33.200,MO2508-C-7500,3.2,3.0,3.2
2025-08-06,2025-08-06 14:26:34.200,MO2508-C-7500,3.2,3.0,3.2
2025-08-06,2025-08-06 14:26:38.200,MO2508-C-7500,3.2,3.0,3.2
2025-08-06,2025-08-06 14:26:38.700,MO2508-C-7500,3.2,3.0,3.2
2025-08-06,2025-08-06 14:26:44.700,MO2508-C-7500,3.0,3.0,3.2
2025-08-06,2025-08-06 14:26:45.200,MO2508-C-7500,3.0,3.0,3.2
2025-08-06,2025-08-06 14:26:45.700,MO2508-C-7500,3.0,3.0,3.2
2025-08-06,2025-08-06 14:26:46.200,MO2508-C-7500,3.0,3.0,3.2
2025-08-06,2025-08-06 14:26:47.700,MO2508-C-7500,3.0,3.0,3.2
2025-08-06,2025-08-06 14:26:48.200,MO2508-C-7500,3.0,3.0,3.2
2025-08-06,2025-08-06 14:26:48.700,MO2508-C-7500,3.0,3.0,3.2
2025-08-06,2025-08-06 14:26:49.200,MO2508-C-7500,3.0,3.0,3.2
2025-08-06,2025-08-06 14:26:50.200,MO2508-C-7500,3.0,3.0,3.2
2025-08-06,2025-08-06 14:26:50.700,MO2508-C-7500,3.0,3.0,3.2
2025-08-06,2025-08-06 14:26:51.200,MO2508-C-7500,3.0,3.0,3.2
2025-08-06,2025-08-06 14:26:51.700,MO2508-C-7500,3.0,3.0,3.2
2025-08-06,2025-08-06 14:26:52.200,MO2508-C-7500,3.0,3.0,3.2
2025-08-06,2025-08-06 14:26:54.200,MO2508-C-7500,3.0,3.0,3.2
2025-08-06,2025-08-06 14:26:54.700,MO2508-C-7500,3.0,3.0,3.2
2025-08-06,2025-08-06 14:26:55.200,MO2508-C-7500,3.0,3.0,3.2
2025-08-06,2025-08-06 14:26:56.200,MO2508-C-7500,3.0,3.0,3.2
2025-08-06,2025-08-06 14:26:56.700,MO2508-C-7500,3.0,3.0,3.2
2025-08-06,2025-08-06 14:26:58.200,MO2508-C-7500,3.0,3.0,3.2
2025-08-06,2025-08-06 14:26:58.700,MO2508-C-7500,3.0,3.0,3.2
2025-08-06,2025-08-06 14:27:01.700,MO2508-C-7500,3.0,3.0,3.2
2025-08-06,2025-08-06 14:27:04.700,MO2508-C-7500,3.0,3.0,3.2
2025-08-06,2025-08-06 14:27:05.200,MO2508-C-7500,3.0,3.0,3.2
2025-08-06,2025-08-06 14:27:08.200,MO2508-C-7500,3.0,3.0,3.2
2025-08-06,2025-08-06 14:27:08.700,MO2508-C-7500,3.0,3.0,3.2
2025-08-06,2025-08-06 14:27:14.200,MO2508-C-7500,3.0,3.0,3.2
2025-08-06,2025-08-06 14:27:18.200,MO2508-C-7500,3.0,3.0,3.2
2025-08-06,2025-08-06 14:27:18.700,MO2508-C-7500,3.0,3.0,3.2
2025-08-06,2025-08-06 14:27:19.200,MO2508-C-7500,3.0,3.0,3.2
2025-08-06,2025-08-06 14:27:20.200,MO2508-C-7500,3.0,3.0,3.2
2025-08-06,2025-08-06 14:27:20.700,MO2508-C-7500,3.0,3.0,3.2
2025-08-06,2025-08-06 14:27:21.200,MO2508-C-7500,3.0,3.0,3.2
2025-08-06,2025-08-06 14:27:21.700,MO2508-C-7500,3.0,3.0,3.2
2025-08-06,2025-08-06 14:27:22.700,MO2508-C-7500,3.0,3.0,3.2
2025-08-06,2025-08-06 14:27:23.200,MO2508-C-7500,3.0,3.0,3.2
2025-08-06,2025-08-06 14:27:24.700,MO2508-C-7500,3.0,3.0,3.2
2025-08-06,2025-08-06 14:27:28.200,MO2508-C-7500,3.0,3.0,3.2
2025-08-06,2025-08-06 14:27:28.700,MO2508-C-7500,3.0,3.0,3.2
2025-08-06,2025-08-06 14:27:29.200,MO2508-C-7500,3.0,3.0,3.2
2025-08-06,2025-08-06 14:27:34.700,MO2508-C-7500,3.0,3.0,3.2
2025-08-06,2025-08-06 14:27:35.200,MO2508-C-7500,3.0,3.0,3.2
2025-08-06,2025-08-06 14:27:38.200,MO2508-C-7500,3.0,3.0,3.2
2025-08-06,2025-08-06 14:27:38.700,MO2508-C-7500,3.0,3.0,3.2
2025-08-06,2025-08-06 14:27:39.200,MO2508-C-7500,3.0,3.0,3.2
2025-08-06,2025-08-06 14:27:39.700,MO2508-C-7500,3.0,3.0,3.2
2025-08-06,2025-08-06 14:27:47.200,MO2508-C-7500,3.0,3.0,3.2
2025-08-06,2025-08-06 14:27:48.200,MO2508-C-7500,3.0,3.0,3.2
2025-08-06,2025-08-06 14:27:48.700,MO2508-C-7500,3.0,3.0,3.2
2025-08-06,2025-08-06 14:27:53.200,MO2508-C-7500,3.0,3.0,3.2
2025-08-06,2025-08-06 14:27:53.700,MO2508-C-7500,3.0,3.0,3.2
2025-08-06,2025-08-06 14:27:54.200,MO2508-C-7500,3.0,3.0,3.2
2025-08-06,2025-08-06 14:27:54.700,MO2508-C-7500,3.0,3.0,3.2
2025-08-06,2025-08-06 14:27:56.200,MO2508-C-7500,3.0,3.0,3.2
2025-08-06,2025-08-06 14:27:56.700,MO2508-C-7500,3.0,3.0,3.2
2025-08-06,2025-08-06 14:27:57.200,MO2508-C-7500,3.0,3.0,3.2
2025-08-06,2025-08-06 14:27:58.200,MO2508-C-7500,3.0,3.0,3.2
2025-08-06,2025-08-06 14:27:58.700,MO2508-C-7500,3.0,3.0,3.2
2025-08-06,2025-08-06 14:28:08.200,MO2508-C-7500,3.0,3.0,3.2
2025-08-06,2025-08-06 14:28:08.700,MO2508-C-7500,3.0,3.0,3.2
2025-08-06,2025-08-06 14:28:09.200,MO2508-C-7500,3.0,3.0,3.2
2025-08-06,2025-08-06 14:28:11.200,MO2508-C-7500,3.0,3.0,3.2
2025-08-06,2025-08-06 14:28:12.700,MO2508-C-7500,3.0,3.0,3.2
2025-08-06,2025-08-06 14:28:18.200,MO2508-C-7500,3.0,3.0,3.2
2025-08-06,2025-08-06 14:28:18.700,MO2508-C-7500,3.0,3.0,3.2
2025-08-06,2025-08-06 14:28:23.700,MO2508-C-7500,3.0,3.0,3.2
2025-08-06,2025-08-06 14:28:28.200,MO2508-C-7500,3.0,3.0,3.2
2025-08-06,2025-08-06 14:28:28.700,MO2508-C-7500,3.0,3.0,3.2
2025-08-06,2025-08-06 14:28:35.700,MO2508-C-7500,3.0,3.0,3.2
2025-08-06,2025-08-06 14:28:36.200,MO2508-C-7500,3.0,3.0,3.2
2025-08-06,2025-08-06 14:28:38.200,MO2508-C-7500,3.0,3.0,3.2
2025-08-06,2025-08-06 14:28:38.700,MO2508-C-7500,3.0,3.0,3.2
2025-08-06,2025-08-06 14:28:39.700,MO2508-C-7500,3.0,3.0,3.2
2025-08-06,2025-08-06 14:28:40.200,MO2508-C-7500,3.0,3.0,3.2
2025-08-06,2025-08-06 14:28:48.200,MO2508-C-7500,3.0,3.0,3.2
2025-08-06,2025-08-06 14:28:48.700,MO2508-C-7500,3.0,3.0,3.2
2025-08-06,2025-08-06 14:28:56.700,MO2508-C-7500,3.0,3.0,3.2
2025-08-06,2025-08-06 14:28:57.200,MO2508-C-7500,3.0,3.0,3.2
2025-08-06,2025-08-06 14:28:58.200,MO2508-C-7500,3.0,3.0,3.2
2025-08-06,2025-08-06 14:28:58.700,MO2508-C-7500,3.0,3.0,3.2
2025-08-06,2025-08-06 14:28:59.200,MO2508-C-7500,3.0,3.0,3.2
2025-08-06,2025-08-06 14:29:05.200,MO2508-C-7500,3.0,3.0,3.2
2025-08-06,2025-08-06 14:29:05.700,MO2508-C-7500,3.0,3.0,3.2
2025-08-06,2025-08-06 14:29:06.200,MO2508-C-7500,3.0,3.0,3.2
2025-08-06,2025-08-06 14:29:08.200,MO2508-C-7500,3.0,3.0,3.2
2025-08-06,2025-08-06 14:29:08.700,MO2508-C-7500,3.0,3.0,3.2
2025-08-06,2025-08-06 14:29:09.200,MO2508-C-7500,3.0,3.0,3.2
2025-08-06,2025-08-06 14:29:10.200,MO2508-C-7500,3.0,3.0,3.2
2025-08-06,2025-08-06 14:29:12.200,MO2508-C-7500,3.0,3.0,3.2
2025-08-06,2025-08-06 14:29:18.200,MO2508-C-7500,3.0,3.0,3.2
2025-08-06,2025-08-06 14:29:18.700,MO2508-C-7500,3.0,3.0,3.2
2025-08-06,2025-08-06 14:29:19.200,MO2508-C-7500,3.0,3.0,3.2
2025-08-06,2025-08-06 14:29:26.700,MO2508-C-7500,3.0,3.0,3.2
2025-08-06,2025-08-06 14:29:27.200,MO2508-C-7500,3.0,3.0,3.2
2025-08-06,2025-08-06 14:29:28.200,MO2508-C-7500,3.0,3.0,3.2
2025-08-06,2025-08-06 14:29:28.700,MO2508-C-7500,3.0,3.0,3.2
2025-08-06,2025-08-06 14:29:33.700,MO2508-C-7500,3.0,3.0,3.2
2025-08-06,2025-08-06 14:29:38.200,MO2508-C-7500,3.0,3.0,3.2
2025-08-06,2025-08-06 14:29:38.700,MO2508-C-7500,3.0,3.0,3.2
2025-08-06,2025-08-06 14:29:48.200,MO2508-C-7500,3.0,3.0,3.2
2025-08-06,2025-08-06 14:29:48.700,MO2508-C-7500,3.0,3.0,3.2
2025-08-06,2025-08-06 14:29:51.200,MO2508-C-7500,3.0,3.0,3.2
2025-08-06,2025-08-06 14:29:55.200,MO2508-C-7500,3.0,3.0,3.2
2025-08-06,2025-08-06 14:29:56.200,MO2508-C-7500,3.0,3.0,3.2
2025-08-06,2025-08-06 14:29:58.200,MO2508-C-7500,3.0,3.0,3.2
2025-08-06,2025-08-06 14:29:58.700,MO2508-C-7500,3.0,3.0,3.2
2025-08-06,2025-08-06 14:30:01.200,MO2508-C-7500,3.0,3.0,3.2
2025-08-06,2025-08-06 14:30:01.700,MO2508-C-7500,3.0,3.0,3.2
2025-08-06,2025-08-06 14:30:02.200,MO2508-C-7500,3.0,3.0,3.2
2025-08-06,2025-08-06 14:30:04.200,MO2508-C-7500,3.0,3.0,3.2
2025-08-06,2025-08-06 14:30:08.200,MO2508-C-7500,3.0,3.0,3.2
2025-08-06,2025-08-06 14:30:08.700,MO2508-C-7500,3.0,3.0,3.2
2025-08-06,2025-08-06 14:30:09.700,MO2508-C-7500,3.0,3.0,3.2
2025-08-06,2025-08-06 14:30:18.200,MO2508-C-7500,3.0,3.0,3.2
2025-08-06,2025-08-06 14:30:18.700,MO2508-C-7500,3.0,3.0,3.2
2025-08-06,2025-08-06 14:30:19.200,MO2508-C-7500,3.0,3.0,3.2
2025-08-06,2025-08-06 14:30:24.700,MO2508-C-7500,3.0,3.0,3.2
2025-08-06,2025-08-06 14:30:25.700,MO2508-C-7500,3.0,3.0,3.2
2025-08-06,2025-08-06 14:30:28.200,MO2508-C-7500,3.0,3.0,3.2
2025-08-06,2025-08-06 14:30:28.700,MO2508-C-7500,3.0,3.0,3.2
2025-08-06,2025-08-06 14:30:29.200,MO2508-C-7500,3.0,3.0,3.2
2025-08-06,2025-08-06 14:30:30.200,MO2508-C-7500,3.0,3.0,3.2
2025-08-06,2025-08-06 14:30:30.700,MO2508-C-7500,3.0,3.0,3.2
2025-08-06,2025-08-06 14:30:31.700,MO2508-C-7500,3.0,3.0,3.2
2025-08-06,2025-08-06 14:30:35.700,MO2508-C-7500,3.0,3.0,3.2
2025-08-06,2025-08-06 14:30:38.200,MO2508-C-7500,3.0,3.0,3.2
2025-08-06,2025-08-06 14:30:38.700,MO2508-C-7500,3.0,3.0,3.2
2025-08-06,2025-08-06 14:30:48.200,MO2508-C-7500,3.0,3.0,3.2
2025-08-06,2025-08-06 14:30:48.700,MO2508-C-7500,3.0,3.0,3.2
2025-08-06,2025-08-06 14:30:50.200,MO2508-C-7500,3.0,3.0,3.2
2025-08-06,2025-08-06 14:30:55.200,MO2508-C-7500,3.0,3.0,3.2
2025-08-06,2025-08-06 14:30:56.200,MO2508-C-7500,3.0,3.0,3.2
2025-08-06,2025-08-06 14:30:58.200,MO2508-C-7500,3.0,3.0,3.2
2025-08-06,2025-08-06 14:30:58.700,MO2508-C-7500,3.0,3.0,3.2
2025-08-06,2025-08-06 14:31:08.200,MO2508-C-7500,3.0,3.0,3.2
2025-08-06,2025-08-06 14:31:08.700,MO2508-C-7500,3.0,3.0,3.2
2025-08-06,2025-08-06 14:31:18.200,MO2508-C-7500,3.0,3.0,3.2
2025-08-06,2025-08-06 14:31:18.700,MO2508-C-7500,3.0,3.0,3.2
2025-08-06,2025-08-06 14:31:26.700,MO2508-C-7500,3.0,3.0,3.2
2025-08-06,2025-08-06 14:31:27.200,MO2508-C-7500,3.0,3.0,3.2
2025-08-06,2025-08-06 14:31:28.200,MO2508-C-7500,3.0,3.0,3.2
2025-08-06,2025-08-06 14:31:28.700,MO2508-C-7500,3.0,3.0,3.2
2025-08-06,2025-08-06 14:31:34.200,MO2508-C-7500,3.0,3.0,3.2
2025-08-06,2025-08-06 14:31:38.200,MO2508-C-7500,3.0,3.0,3.2
2025-08-06,2025-08-06 14:31:38.700,MO2508-C-7500,3.0,3.0,3.2
2025-08-06,2025-08-06 14:31:48.200,MO2508-C-7500,3.0,3.0,3.2
2025-08-06,2025-08-06 14:31:48.700,MO2508-C-7500,3.0,3.0,3.2
2025-08-06,2025-08-06 14:31:58.200,MO2508-C-7500,3.0,3.0,3.2
2025-08-06,2025-08-06 14:31:58.700,MO2508-C-7500,3.0,3.0,3.2
2025-08-06,2025-08-06 14:32:08.200,MO2508-C-7500,3.0,3.0,3.2
2025-08-06,2025-08-06 14:32:08.700,MO2508-C-7500,3.0,3.0,3.2
2025-08-06,2025-08-06 14:32:18.200,MO2508-C-7500,3.0,3.0,3.2
2025-08-06,2025-08-06 14:32:18.700,MO2508-C-7500,3.0,3.0,3.2
2025-08-06,2025-08-06 14:32:28.200,MO2508-C-7500,3.0,3.0,3.2
2025-08-06,2025-08-06 14:32:28.700,MO2508-C-7500,3.0,3.0,3.2
2025-08-06,2025-08-06 14:32:29.200,MO2508-C-7500,3.0,3.0,3.2
2025-08-06,2025-08-06 14:32:29.700,MO2508-C-7500,3.0,3.0,3.2
2025-08-06,2025-08-06 14:32:30.200,MO2508-C-7500,3.0,3.0,3.2
2025-08-06,2025-08-06 14:32:38.200,MO2508-C-7500,3.0,3.0,3.2
2025-08-06,2025-08-06 14:32:38.700,MO2508-C-7500,3.0,3.0,3.2
2025-08-06,2025-08-06 14:32:48.200,MO2508-C-7500,3.0,3.0,3.2
2025-08-06,2025-08-06 14:32:48.700,MO2508-C-7500,3.0,3.0,3.2
2025-08-06,2025-08-06 14:32:53.700,MO2508-C-7500,3.0,3.0,3.2
2025-08-06,2025-08-06 14:32:54.200,MO2508-C-7500,3.0,3.0,3.2
2025-08-06,2025-08-06 14:32:54.700,MO2508-C-7500,3.0,3.0,3.2
2025-08-06,2025-08-06 14:32:55.700,MO2508-C-7500,3.0,3.0,3.2
2025-08-06,2025-08-06 14:32:56.200,MO2508-C-7500,3.0,3.0,3.2
2025-08-06,2025-08-06 14:32:58.200,MO2508-C-7500,3.0,3.0,3.2
2025-08-06,2025-08-06 14:32:58.700,MO2508-C-7500,3.0,3.0,3.2
2025-08-06,2025-08-06 14:32:59.200,MO2508-C-7500,3.0,3.0,3.2
2025-08-06,2025-08-06 14:33:00.700,MO2508-C-7500,3.0,3.0,3.2
2025-08-06,2025-08-06 14:33:01.200,MO2508-C-7500,3.0,3.0,3.2
2025-08-06,2025-08-06 14:33:01.700,MO2508-C-7500,3.0,3.0,3.2
2025-08-06,2025-08-06 14:33:03.200,MO2508-C-7500,3.0,3.0,3.2
2025-08-06,2025-08-06 14:33:03.700,MO2508-C-7500,3.0,3.0,3.2
2025-08-06,2025-08-06 14:33:08.200,MO2508-C-7500,3.0,3.0,3.2
2025-08-06,2025-08-06 14:33:08.700,MO2508-C-7500,3.0,3.0,3.2
2025-08-06,2025-08-06 14:33:13.700,MO2508-C-7500,3.2,3.0,3.2
2025-08-06,2025-08-06 14:33:14.200,MO2508-C-7500,3.2,3.0,3.2
2025-08-06,2025-08-06 14:33:15.200,MO2508-C-7500,3.2,3.0,3.2
2025-08-06,2025-08-06 14:33:15.700,MO2508-C-7500,3.2,3.0,3.2
2025-08-06,2025-08-06 14:33:18.200,MO2508-C-7500,3.2,3.0,3.2
2025-08-06,2025-08-06 14:33:18.700,MO2508-C-7500,3.2,3.0,3.2
2025-08-06,2025-08-06 14:33:25.700,MO2508-C-7500,3.2,3.0,3.2
2025-08-06,2025-08-06 14:33:26.200,MO2508-C-7500,3.2,3.0,3.2
2025-08-06,2025-08-06 14:33:28.200,MO2508-C-7500,3.2,3.0,3.2
2025-08-06,2025-08-06 14:33:28.700,MO2508-C-7500,3.2,3.0,3.2
2025-08-06,2025-08-06 14:33:30.700,MO2508-C-7500,3.2,3.0,3.2
2025-08-06,2025-08-06 14:33:31.200,MO2508-C-7500,3.2,3.0,3.2
2025-08-06,2025-08-06 14:33:35.700,MO2508-C-7500,3.2,3.0,3.2
2025-08-06,2025-08-06 14:33:38.200,MO2508-C-7500,3.2,3.0,3.2
2025-08-06,2025-08-06 14:33:38.700,MO2508-C-7500,3.2,3.0,3.2
2025-08-06,2025-08-06 14:33:41.200,MO2508-C-7500,3.2,3.0,3.2
2025-08-06,2025-08-06 14:33:45.200,MO2508-C-7500,3.2,3.0,3.2
2025-08-06,2025-08-06 14:33:45.700,MO2508-C-7500,3.2,3.0,3.2
2025-08-06,2025-08-06 14:33:48.200,MO2508-C-7500,3.2,3.0,3.2
2025-08-06,2025-08-06 14:33:48.700,MO2508-C-7500,3.2,3.0,3.2
2025-08-06,2025-08-06 14:33:58.200,MO2508-C-7500,3.2,3.0,3.2
2025-08-06,2025-08-06 14:33:58.700,MO2508-C-7500,3.2,3.0,3.2
2025-08-06,2025-08-06 14:34:08.200,MO2508-C-7500,3.2,3.0,3.2
2025-08-06,2025-08-06 14:34:08.700,MO2508-C-7500,3.2,3.0,3.2
2025-08-06,2025-08-06 14:34:18.200,MO2508-C-7500,3.2,3.0,3.2
2025-08-06,2025-08-06 14:34:18.700,MO2508-C-7500,3.2,3.0,3.2
2025-08-06,2025-08-06 14:34:28.200,MO2508-C-7500,3.2,3.0,3.2
2025-08-06,2025-08-06 14:34:28.700,MO2508-C-7500,3.2,3.0,3.2
2025-08-06,2025-08-06 14:34:30.700,MO2508-C-7500,3.2,3.0,3.2
2025-08-06,2025-08-06 14:34:32.200,MO2508-C-7500,3.2,3.0,3.2
2025-08-06,2025-08-06 14:34:38.200,MO2508-C-7500,3.2,3.0,3.2
2025-08-06,2025-08-06 14:34:38.700,MO2508-C-7500,3.2,3.0,3.2
2025-08-06,2025-08-06 14:34:41.200,MO2508-C-7500,3.2,3.0,3.2
2025-08-06,2025-08-06 14:34:48.200,MO2508-C-7500,3.2,3.0,3.2
2025-08-06,2025-08-06 14:34:48.700,MO2508-C-7500,3.2,3.0,3.2
2025-08-06,2025-08-06 14:34:58.200,MO2508-C-7500,3.2,3.0,3.2
2025-08-06,2025-08-06 14:34:58.700,MO2508-C-7500,3.2,3.0,3.2
2025-08-06,2025-08-06 14:35:02.200,MO2508-C-7500,3.2,3.0,3.2
2025-08-06,2025-08-06 14:35:05.200,MO2508-C-7500,3.2,3.0,3.2
2025-08-06,2025-08-06 14:35:05.700,MO2508-C-7500,3.2,3.0,3.2
2025-08-06,2025-08-06 14:35:08.200,MO2508-C-7500,3.2,3.0,3.2
2025-08-06,2025-08-06 14:35:08.700,MO2508-C-7500,3.2,3.0,3.2
2025-08-06,2025-08-06 14:35:16.200,MO2508-C-7500,3.2,3.0,3.2
2025-08-06,2025-08-06 14:35:18.200,MO2508-C-7500,3.2,3.0,3.2
2025-08-06,2025-08-06 14:35:18.700,MO2508-C-7500,3.2,3.0,3.2
2025-08-06,2025-08-06 14:35:28.200,MO2508-C-7500,3.2,3.0,3.2
2025-08-06,2025-08-06 14:35:28.700,MO2508-C-7500,3.2,3.0,3.2
2025-08-06,2025-08-06 14:35:38.200,MO2508-C-7500,3.2,3.0,3.2
2025-08-06,2025-08-06 14:35:38.700,MO2508-C-7500,3.2,3.0,3.2
2025-08-06,2025-08-06 14:35:48.200,MO2508-C-7500,3.2,3.0,3.2
2025-08-06,2025-08-06 14:35:48.700,MO2508-C-7500,3.2,3.0,3.2
2025-08-06,2025-08-06 14:35:58.200,MO2508-C-7500,3.2,3.0,3.2
2025-08-06,2025-08-06 14:35:58.700,MO2508-C-7500,3.2,3.0,3.2
2025-08-06,2025-08-06 14:36:07.700,MO2508-C-7500,3.0,3.0,3.2
2025-08-06,2025-08-06 14:36:08.200,MO2508-C-7500,3.0,3.0,3.2
2025-08-06,2025-08-06 14:36:08.700,MO2508-C-7500,3.0,3.0,3.2
2025-08-06,2025-08-06 14:36:13.200,MO2508-C-7500,3.0,3.0,3.2
2025-08-06,2025-08-06 14:36:18.200,MO2508-C-7500,3.0,3.0,3.2
2025-08-06,2025-08-06 14:36:18.700,MO2508-C-7500,3.0,3.0,3.2
2025-08-06,2025-08-06 14:36:28.200,MO2508-C-7500,3.0,3.0,3.2
2025-08-06,2025-08-06 14:36:28.700,MO2508-C-7500,3.0,3.0,3.2
2025-08-06,2025-08-06 14:36:35.700,MO2508-C-7500,3.0,3.0,3.2
2025-08-06,2025-08-06 14:36:36.200,MO2508-C-7500,3.0,3.0,3.2
2025-08-06,2025-08-06 14:36:37.200,MO2508-C-7500,3.0,3.0,3.2
2025-08-06,2025-08-06 14:36:37.700,MO2508-C-7500,3.0,3.0,3.2
2025-08-06,2025-08-06 14:36:38.200,MO2508-C-7500,3.0,3.0,3.2
2025-08-06,2025-08-06 14:36:38.700,MO2508-C-7500,3.0,3.0,3.2
2025-08-06,2025-08-06 14:36:39.200,MO2508-C-7500,3.0,3.0,3.2
2025-08-06,2025-08-06 14:36:39.700,MO2508-C-7500,3.0,3.0,3.2
2025-08-06,2025-08-06 14:36:40.200,MO2508-C-7500,3.0,3.0,3.2
2025-08-06,2025-08-06 14:36:40.700,MO2508-C-7500,3.0,3.0,3.2
2025-08-06,2025-08-06 14:36:41.200,MO2508-C-7500,3.0,3.0,3.2
2025-08-06,2025-08-06 14:36:41.700,MO2508-C-7500,3.0,3.0,3.2
2025-08-06,2025-08-06 14:36:42.700,MO2508-C-7500,3.0,3.0,3.2
2025-08-06,2025-08-06 14:36:43.200,MO2508-C-7500,3.0,3.0,3.2
2025-08-06,2025-08-06 14:36:48.200,MO2508-C-7500,3.0,3.0,3.2
2025-08-06,2025-08-06 14:36:48.700,MO2508-C-7500,3.0,3.0,3.2
2025-08-06,2025-08-06 14:36:49.700,MO2508-C-7500,3.0,3.0,3.2
2025-08-06,2025-08-06 14:36:50.700,MO2508-C-7500,3.0,3.0,3.2
2025-08-06,2025-08-06 14:36:52.200,MO2508-C-7500,3.0,3.0,3.2
2025-08-06,2025-08-06 14:36:58.200,MO2508-C-7500,3.0,3.0,3.2
2025-08-06,2025-08-06 14:36:58.700,MO2508-C-7500,3.0,3.0,3.2
2025-08-06,2025-08-06 14:37:00.200,MO2508-C-7500,3.0,3.0,3.2
2025-08-06,2025-08-06 14:37:08.200,MO2508-C-7500,3.0,3.0,3.2
2025-08-06,2025-08-06 14:37:08.700,MO2508-C-7500,3.0,3.0,3.2
2025-08-06,2025-08-06 14:37:10.200,MO2508-C-7500,3.0,2.8,3.2
2025-08-06,2025-08-06 14:37:10.700,MO2508-C-7500,3.0,2.8,3.2
2025-08-06,2025-08-06 14:37:11.200,MO2508-C-7500,3.0,2.8,3.2
2025-08-06,2025-08-06 14:37:15.200,MO2508-C-7500,3.0,2.8,3.2
2025-08-06,2025-08-06 14:37:16.700,MO2508-C-7500,3.0,2.8,3.2
2025-08-06,2025-08-06 14:37:18.200,MO2508-C-7500,3.0,2.8,3.0
2025-08-06,2025-08-06 14:37:18.700,MO2508-C-7500,3.0,2.8,3.0
2025-08-06,2025-08-06 14:37:19.200,MO2508-C-7500,3.0,2.8,3.0
2025-08-06,2025-08-06 14:37:21.200,MO2508-C-7500,3.0,2.8,3.0
2025-08-06,2025-08-06 14:37:21.700,MO2508-C-7500,3.0,2.8,3.0
2025-08-06,2025-08-06 14:37:23.700,MO2508-C-7500,3.0,2.8,3.0
2025-08-06,2025-08-06 14:37:25.700,MO2508-C-7500,3.0,2.8,3.0
2025-08-06,2025-08-06 14:37:28.200,MO2508-C-7500,3.0,2.8,3.0
2025-08-06,2025-08-06 14:37:28.700,MO2508-C-7500,3.0,2.8,3.0
2025-08-06,2025-08-06 14:37:30.700,MO2508-C-7500,3.0,2.8,3.0
2025-08-06,2025-08-06 14:37:38.200,MO2508-C-7500,3.0,2.8,3.0
2025-08-06,2025-08-06 14:37:38.700,MO2508-C-7500,3.0,2.8,3.0
2025-08-06,2025-08-06 14:37:43.700,MO2508-C-7500,3.0,2.8,3.0
2025-08-06,2025-08-06 14:37:46.200,MO2508-C-7500,3.0,2.8,3.0
2025-08-06,2025-08-06 14:37:48.200,MO2508-C-7500,3.0,2.8,3.0
2025-08-06,2025-08-06 14:37:48.700,MO2508-C-7500,3.0,2.8,3.0
2025-08-06,2025-08-06 14:37:50.700,MO2508-C-7500,3.0,2.8,3.0
2025-08-06,2025-08-06 14:37:58.200,MO2508-C-7500,3.0,2.8,3.0
2025-08-06,2025-08-06 14:37:58.700,MO2508-C-7500,3.0,2.8,3.0
2025-08-06,2025-08-06 14:37:59.700,MO2508-C-7500,3.0,2.8,3.0
2025-08-06,2025-08-06 14:38:00.200,MO2508-C-7500,3.0,2.8,3.0
2025-08-06,2025-08-06 14:38:00.700,MO2508-C-7500,3.0,2.8,3.0
2025-08-06,2025-08-06 14:38:01.200,MO2508-C-7500,3.0,2.8,3.0
2025-08-06,2025-08-06 14:38:08.200,MO2508-C-7500,3.0,2.8,3.0
2025-08-06,2025-08-06 14:38:08.700,MO2508-C-7500,3.0,2.8,3.0
2025-08-06,2025-08-06 14:38:09.200,MO2508-C-7500,3.0,2.8,3.0
2025-08-06,2025-08-06 14:38:10.700,MO2508-C-7500,3.0,2.8,3.0
2025-08-06,2025-08-06 14:38:18.200,MO2508-C-7500,3.0,2.8,3.0
2025-08-06,2025-08-06 14:38:18.700,MO2508-C-7500,3.0,2.8,3.0
2025-08-06,2025-08-06 14:38:28.200,MO2508-C-7500,3.0,2.8,3.0
2025-08-06,2025-08-06 14:38:28.700,MO2508-C-7500,3.0,2.8,3.0
2025-08-06,2025-08-06 14:38:30.700,MO2508-C-7500,3.0,2.8,3.0
2025-08-06,2025-08-06 14:38:35.200,MO2508-C-7500,3.0,2.8,3.0
2025-08-06,2025-08-06 14:38:35.700,MO2508-C-7500,3.0,2.8,3.0
2025-08-06,2025-08-06 14:38:38.200,MO2508-C-7500,3.0,2.8,3.0
2025-08-06,2025-08-06 14:38:38.700,MO2508-C-7500,3.0,2.8,3.0
2025-08-06,2025-08-06 14:38:48.200,MO2508-C-7500,3.0,2.8,3.0
2025-08-06,2025-08-06 14:38:48.700,MO2508-C-7500,3.0,2.8,3.0
2025-08-06,2025-08-06 14:38:52.700,MO2508-C-7500,3.0,2.8,3.0
2025-08-06,2025-08-06 14:38:55.700,MO2508-C-7500,3.0,2.8,3.0
2025-08-06,2025-08-06 14:38:56.700,MO2508-C-7500,3.0,2.8,3.0
2025-08-06,2025-08-06 14:38:57.200,MO2508-C-7500,3.0,2.8,3.0
2025-08-06,2025-08-06 14:38:58.200,MO2508-C-7500,3.0,2.8,3.0
2025-08-06,2025-08-06 14:38:58.700,MO2508-C-7500,3.0,2.8,3.0
2025-08-06,2025-08-06 14:39:08.200,MO2508-C-7500,3.0,2.8,3.0
2025-08-06,2025-08-06 14:39:08.700,MO2508-C-7500,3.0,2.8,3.0
2025-08-06,2025-08-06 14:39:09.200,MO2508-C-7500,3.0,2.8,3.0
2025-08-06,2025-08-06 14:39:09.700,MO2508-C-7500,3.0,2.8,3.0
2025-08-06,2025-08-06 14:39:10.200,MO2508-C-7500,3.0,2.8,3.0
2025-08-06,2025-08-06 14:39:18.200,MO2508-C-7500,3.0,2.8,3.0
2025-08-06,2025-08-06 14:39:18.700,MO2508-C-7500,3.0,2.8,3.0
2025-08-06,2025-08-06 14:39:19.200,MO2508-C-7500,3.0,2.8,3.0
2025-08-06,2025-08-06 14:39:28.200,MO2508-C-7500,3.0,2.8,3.0
2025-08-06,2025-08-06 14:39:28.700,MO2508-C-7500,3.0,2.8,3.0
2025-08-06,2025-08-06 14:39:29.700,MO2508-C-7500,3.0,2.8,3.0
2025-08-06,2025-08-06 14:39:36.700,MO2508-C-7500,3.0,2.8,3.0
2025-08-06,2025-08-06 14:39:37.700,MO2508-C-7500,3.0,2.8,3.0
2025-08-06,2025-08-06 14:39:38.200,MO2508-C-7500,3.0,2.8,3.0
2025-08-06,2025-08-06 14:39:38.700,MO2508-C-7500,3.0,2.8,3.0
2025-08-06,2025-08-06 14:39:42.700,MO2508-C-7500,3.0,2.8,3.0
2025-08-06,2025-08-06 14:39:48.200,MO2508-C-7500,3.0,2.8,3.0
2025-08-06,2025-08-06 14:39:48.700,MO2508-C-7500,3.0,2.8,3.0
2025-08-06,2025-08-06 14:39:51.700,MO2508-C-7500,3.0,2.8,3.0
2025-08-06,2025-08-06 14:39:58.200,MO2508-C-7500,3.0,2.8,3.0
2025-08-06,2025-08-06 14:39:58.700,MO2508-C-7500,3.0,2.8,3.0
2025-08-06,2025-08-06 14:40:08.200,MO2508-C-7500,3.0,2.8,3.0
2025-08-06,2025-08-06 14:40:08.700,MO2508-C-7500,3.0,2.8,3.0
2025-08-06,2025-08-06 14:40:10.700,MO2508-C-7500,3.0,2.8,3.0
2025-08-06,2025-08-06 14:40:11.700,MO2508-C-7500,3.0,2.8,3.0
2025-08-06,2025-08-06 14:40:12.200,MO2508-C-7500,3.0,2.8,3.0
2025-08-06,2025-08-06 14:40:14.700,MO2508-C-7500,3.0,2.8,3.0
2025-08-06,2025-08-06 14:40:18.200,MO2508-C-7500,3.0,2.8,3.0
2025-08-06,2025-08-06 14:40:18.700,MO2508-C-7500,3.0,2.8,3.0
2025-08-06,2025-08-06 14:40:28.200,MO2508-C-7500,3.0,2.8,3.0
2025-08-06,2025-08-06 14:40:28.700,MO2508-C-7500,3.0,2.8,3.0
2025-08-06,2025-08-06 14:40:36.200,MO2508-C-7500,3.0,2.8,3.0
2025-08-06,2025-08-06 14:40:38.200,MO2508-C-7500,3.0,2.8,3.0
2025-08-06,2025-08-06 14:40:38.700,MO2508-C-7500,3.0,2.8,3.0
2025-08-06,2025-08-06 14:40:48.200,MO2508-C-7500,3.0,2.8,3.0
2025-08-06,2025-08-06 14:40:48.700,MO2508-C-7500,3.0,2.8,3.0
2025-08-06,2025-08-06 14:40:51.700,MO2508-C-7500,3.0,2.8,3.0
2025-08-06,2025-08-06 14:40:58.200,MO2508-C-7500,3.0,2.8,3.0
2025-08-06,2025-08-06 14:40:58.700,MO2508-C-7500,3.0,2.8,3.0
2025-08-06,2025-08-06 14:40:59.700,MO2508-C-7500,3.0,2.8,3.0
2025-08-06,2025-08-06 14:41:08.200,MO2508-C-7500,3.0,2.8,3.0
2025-08-06,2025-08-06 14:41:08.700,MO2508-C-7500,3.0,2.8,3.0
2025-08-06,2025-08-06 14:41:18.200,MO2508-C-7500,3.0,2.8,3.0
2025-08-06,2025-08-06 14:41:18.700,MO2508-C-7500,3.0,2.8,3.0
2025-08-06,2025-08-06 14:41:28.200,MO2508-C-7500,3.0,2.8,3.0
2025-08-06,2025-08-06 14:41:28.700,MO2508-C-7500,3.0,2.8,3.0
2025-08-06,2025-08-06 14:41:36.700,MO2508-C-7500,3.0,2.8,3.0
2025-08-06,2025-08-06 14:41:37.200,MO2508-C-7500,3.0,2.8,3.0
2025-08-06,2025-08-06 14:41:38.200,MO2508-C-7500,3.0,2.8,3.0
2025-08-06,2025-08-06 14:41:38.700,MO2508-C-7500,3.0,2.8,3.0
2025-08-06,2025-08-06 14:41:39.200,MO2508-C-7500,3.0,2.8,3.0
2025-08-06,2025-08-06 14:41:48.200,MO2508-C-7500,3.0,2.8,3.0
2025-08-06,2025-08-06 14:41:48.700,MO2508-C-7500,3.0,2.8,3.0
2025-08-06,2025-08-06 14:41:49.200,MO2508-C-7500,3.0,2.8,3.0
2025-08-06,2025-08-06 14:41:50.700,MO2508-C-7500,3.0,2.8,3.0
2025-08-06,2025-08-06 14:41:51.200,MO2508-C-7500,3.0,2.8,3.0
2025-08-06,2025-08-06 14:41:58.200,MO2508-C-7500,3.0,2.8,3.0
2025-08-06,2025-08-06 14:41:58.700,MO2508-C-7500,3.0,2.8,3.0
2025-08-06,2025-08-06 14:42:08.200,MO2508-C-7500,3.0,2.8,3.0
2025-08-06,2025-08-06 14:42:08.700,MO2508-C-7500,3.0,2.8,3.0
2025-08-06,2025-08-06 14:42:09.700,MO2508-C-7500,3.0,2.8,3.0
2025-08-06,2025-08-06 14:42:10.200,MO2508-C-7500,3.0,2.8,3.0
2025-08-06,2025-08-06 14:42:18.200,MO2508-C-7500,3.0,2.8,3.0
2025-08-06,2025-08-06 14:42:18.700,MO2508-C-7500,3.0,2.8,3.0
2025-08-06,2025-08-06 14:42:19.200,MO2508-C-7500,3.0,2.8,3.0
2025-08-06,2025-08-06 14:42:28.200,MO2508-C-7500,3.0,2.8,3.0
2025-08-06,2025-08-06 14:42:28.700,MO2508-C-7500,3.0,2.8,3.0
2025-08-06,2025-08-06 14:42:29.200,MO2508-C-7500,3.0,2.8,3.0
2025-08-06,2025-08-06 14:42:38.200,MO2508-C-7500,3.0,2.8,3.0
2025-08-06,2025-08-06 14:42:38.700,MO2508-C-7500,3.0,2.8,3.0
2025-08-06,2025-08-06 14:42:39.200,MO2508-C-7500,3.0,2.8,3.0
2025-08-06,2025-08-06 14:42:48.200,MO2508-C-7500,3.0,2.8,3.0
2025-08-06,2025-08-06 14:42:48.700,MO2508-C-7500,3.0,2.8,3.0
2025-08-06,2025-08-06 14:42:49.200,MO2508-C-7500,3.0,2.8,3.0
2025-08-06,2025-08-06 14:42:58.200,MO2508-C-7500,3.0,2.8,3.0
2025-08-06,2025-08-06 14:42:58.700,MO2508-C-7500,3.0,2.8,3.0
2025-08-06,2025-08-06 14:42:59.200,MO2508-C-7500,3.0,2.8,3.0
2025-08-06,2025-08-06 14:43:06.200,MO2508-C-7500,3.0,2.8,3.0
2025-08-06,2025-08-06 14:43:06.700,MO2508-C-7500,3.0,2.8,3.0
2025-08-06,2025-08-06 14:43:08.200,MO2508-C-7500,3.0,2.8,3.0
2025-08-06,2025-08-06 14:43:08.700,MO2508-C-7500,3.0,2.8,3.0
2025-08-06,2025-08-06 14:43:14.200,MO2508-C-7500,3.0,2.8,3.0
2025-08-06,2025-08-06 14:43:14.700,MO2508-C-7500,3.0,2.8,3.0
2025-08-06,2025-08-06 14:43:18.200,MO2508-C-7500,3.0,2.8,3.0
2025-08-06,2025-08-06 14:43:18.700,MO2508-C-7500,3.0,2.8,3.0
2025-08-06,2025-08-06 14:43:19.200,MO2508-C-7500,3.0,2.8,3.0
2025-08-06,2025-08-06 14:43:24.200,MO2508-C-7500,2.8,2.8,3.0
2025-08-06,2025-08-06 14:43:24.700,MO2508-C-7500,2.8,2.8,3.0
2025-08-06,2025-08-06 14:43:25.700,MO2508-C-7500,2.8,2.8,3.0
2025-08-06,2025-08-06 14:43:28.200,MO2508-C-7500,2.8,2.8,3.0
2025-08-06,2025-08-06 14:43:28.700,MO2508-C-7500,2.8,2.8,3.0
2025-08-06,2025-08-06 14:43:29.200,MO2508-C-7500,2.8,2.8,3.0
2025-08-06,2025-08-06 14:43:35.200,MO2508-C-7500,2.8,2.8,3.0
2025-08-06,2025-08-06 14:43:35.700,MO2508-C-7500,2.8,2.8,3.0
2025-08-06,2025-08-06 14:43:36.200,MO2508-C-7500,2.8,2.8,3.0
2025-08-06,2025-08-06 14:43:36.700,MO2508-C-7500,2.8,2.8,3.0
2025-08-06,2025-08-06 14:43:38.200,MO2508-C-7500,2.8,2.8,3.0
2025-08-06,2025-08-06 14:43:38.700,MO2508-C-7500,2.8,2.8,3.0
2025-08-06,2025-08-06 14:43:40.200,MO2508-C-7500,2.8,2.8,3.0
2025-08-06,2025-08-06 14:43:40.700,MO2508-C-7500,2.8,2.8,3.0
2025-08-06,2025-08-06 14:43:44.200,MO2508-C-7500,2.8,2.8,3.0
2025-08-06,2025-08-06 14:43:47.200,MO2508-C-7500,2.8,2.8,3.0
2025-08-06,2025-08-06 14:43:48.200,MO2508-C-7500,2.8,2.8,3.0
2025-08-06,2025-08-06 14:43:48.700,MO2508-C-7500,2.8,2.8,3.0
2025-08-06,2025-08-06 14:43:50.200,MO2508-C-7500,2.8,2.8,3.0
2025-08-06,2025-08-06 14:43:51.200,MO2508-C-7500,2.8,2.8,3.0
2025-08-06,2025-08-06 14:43:52.700,MO2508-C-7500,2.8,2.8,3.0
2025-08-06,2025-08-06 14:43:56.700,MO2508-C-7500,2.8,2.6,3.0
2025-08-06,2025-08-06 14:43:57.200,MO2508-C-7500,2.8,2.6,3.0
2025-08-06,2025-08-06 14:43:58.200,MO2508-C-7500,2.8,2.6,3.0
2025-08-06,2025-08-06 14:43:58.700,MO2508-C-7500,2.8,2.6,3.0
2025-08-06,2025-08-06 14:43:59.700,MO2508-C-7500,2.8,2.6,3.0
2025-08-06,2025-08-06 14:44:00.700,MO2508-C-7500,2.8,2.6,3.0
2025-08-06,2025-08-06 14:44:01.200,MO2508-C-7500,2.8,2.6,3.0
2025-08-06,2025-08-06 14:44:01.700,MO2508-C-7500,2.8,2.6,3.0
2025-08-06,2025-08-06 14:44:02.200,MO2508-C-7500,2.8,2.6,3.0
2025-08-06,2025-08-06 14:44:06.200,MO2508-C-7500,2.8,2.8,3.0
2025-08-06,2025-08-06 14:44:06.700,MO2508-C-7500,2.8,2.8,3.0
2025-08-06,2025-08-06 14:44:07.200,MO2508-C-7500,2.8,2.8,3.0
2025-08-06,2025-08-06 14:44:08.200,MO2508-C-7500,2.8,2.8,3.0
2025-08-06,2025-08-06 14:44:08.700,MO2508-C-7500,2.8,2.6,3.0
2025-08-06,2025-08-06 14:44:09.200,MO2508-C-7500,2.8,2.6,3.0
2025-08-06,2025-08-06 14:44:09.700,MO2508-C-7500,2.8,2.6,3.0
2025-08-06,2025-08-06 14:44:11.200,MO2508-C-7500,2.8,2.6,2.8
2025-08-06,2025-08-06 14:44:11.700,MO2508-C-7500,2.8,2.6,2.8
2025-08-06,2025-08-06 14:44:12.200,MO2508-C-7500,2.8,2.6,2.8
2025-08-06,2025-08-06 14:44:14.200,MO2508-C-7500,2.8,2.6,2.8
2025-08-06,2025-08-06 14:44:18.200,MO2508-C-7500,2.8,2.6,2.8
2025-08-06,2025-08-06 14:44:18.700,MO2508-C-7500,2.8,2.6,2.8
2025-08-06,2025-08-06 14:44:19.700,MO2508-C-7500,2.8,2.6,2.8
2025-08-06,2025-08-06 14:44:20.200,MO2508-C-7500,2.8,2.6,2.8
2025-08-06,2025-08-06 14:44:21.200,MO2508-C-7500,2.8,2.6,2.8
2025-08-06,2025-08-06 14:44:22.700,MO2508-C-7500,2.8,2.6,2.8
2025-08-06,2025-08-06 14:44:23.200,MO2508-C-7500,2.8,2.6,2.8
2025-08-06,2025-08-06 14:44:25.200,MO2508-C-7500,2.8,2.6,2.8
2025-08-06,2025-08-06 14:44:26.200,MO2508-C-7500,2.8,2.6,2.8
2025-08-06,2025-08-06 14:44:27.200,MO2508-C-7500,2.8,2.6,2.8
2025-08-06,2025-08-06 14:44:27.700,MO2508-C-7500,2.8,2.6,2.8
2025-08-06,2025-08-06 14:44:28.200,MO2508-C-7500,2.8,2.6,2.8
2025-08-06,2025-08-06 14:44:28.700,MO2508-C-7500,2.8,2.6,2.8
2025-08-06,2025-08-06 14:44:32.200,MO2508-C-7500,2.8,2.6,2.8
2025-08-06,2025-08-06 14:44:38.200,MO2508-C-7500,2.8,2.6,2.8
2025-08-06,2025-08-06 14:44:38.700,MO2508-C-7500,2.8,2.6,2.8
2025-08-06,2025-08-06 14:44:40.200,MO2508-C-7500,2.8,2.6,2.8
2025-08-06,2025-08-06 14:44:48.200,MO2508-C-7500,2.8,2.6,2.8
2025-08-06,2025-08-06 14:44:48.700,MO2508-C-7500,2.8,2.6,2.8
2025-08-06,2025-08-06 14:44:56.200,MO2508-C-7500,2.8,2.6,2.8
2025-08-06,2025-08-06 14:44:58.200,MO2508-C-7500,2.8,2.6,2.8
2025-08-06,2025-08-06 14:44:58.700,MO2508-C-7500,2.8,2.6,2.8
2025-08-06,2025-08-06 14:45:03.700,MO2508-C-7500,2.8,2.6,2.8
2025-08-06,2025-08-06 14:45:04.700,MO2508-C-7500,2.8,2.6,2.8
2025-08-06,2025-08-06 14:45:06.700,MO2508-C-7500,2.8,2.6,2.8
2025-08-06,2025-08-06 14:45:07.700,MO2508-C-7500,2.8,2.6,2.8
2025-08-06,2025-08-06 14:45:08.200,MO2508-C-7500,2.8,2.6,2.8
2025-08-06,2025-08-06 14:45:08.700,MO2508-C-7500,2.8,2.6,2.8
2025-08-06,2025-08-06 14:45:09.700,MO2508-C-7500,2.8,2.6,2.8
2025-08-06,2025-08-06 14:45:10.700,MO2508-C-7500,2.8,2.6,2.8
2025-08-06,2025-08-06 14:45:18.200,MO2508-C-7500,2.8,2.6,2.8
2025-08-06,2025-08-06 14:45:18.700,MO2508-C-7500,2.8,2.6,2.8
2025-08-06,2025-08-06 14:45:21.700,MO2508-C-7500,2.8,2.6,2.8
2025-08-06,2025-08-06 14:45:25.200,MO2508-C-7500,2.8,2.6,2.8
2025-08-06,2025-08-06 14:45:28.200,MO2508-C-7500,2.8,2.6,2.8
2025-08-06,2025-08-06 14:45:28.700,MO2508-C-7500,2.8,2.6,2.8
2025-08-06,2025-08-06 14:45:30.700,MO2508-C-7500,2.8,2.6,2.8
2025-08-06,2025-08-06 14:45:38.200,MO2508-C-7500,2.8,2.6,2.8
2025-08-06,2025-08-06 14:45:38.700,MO2508-C-7500,2.8,2.6,2.8
2025-08-06,2025-08-06 14:45:48.200,MO2508-C-7500,2.8,2.6,2.8
2025-08-06,2025-08-06 14:45:48.700,MO2508-C-7500,2.8,2.6,2.8
2025-08-06,2025-08-06 14:45:58.200,MO2508-C-7500,2.8,2.6,2.8
2025-08-06,2025-08-06 14:45:58.700,MO2508-C-7500,2.8,2.6,2.8
2025-08-06,2025-08-06 14:46:02.700,MO2508-C-7500,2.8,2.6,2.8
2025-08-06,2025-08-06 14:46:05.200,MO2508-C-7500,2.8,2.6,2.8
2025-08-06,2025-08-06 14:46:08.200,MO2508-C-7500,2.8,2.6,2.8
2025-08-06,2025-08-06 14:46:08.700,MO2508-C-7500,2.8,2.6,2.8
2025-08-06,2025-08-06 14:46:09.700,MO2508-C-7500,2.8,2.6,2.8
2025-08-06,2025-08-06 14:46:18.200,MO2508-C-7500,2.8,2.6,2.8
2025-08-06,2025-08-06 14:46:18.700,MO2508-C-7500,2.8,2.6,2.8
2025-08-06,2025-08-06 14:46:28.200,MO2508-C-7500,2.8,2.6,2.8
2025-08-06,2025-08-06 14:46:28.700,MO2508-C-7500,2.8,2.6,2.8
2025-08-06,2025-08-06 14:46:29.200,MO2508-C-7500,2.8,2.6,2.8
2025-08-06,2025-08-06 14:46:37.200,MO2508-C-7500,2.8,2.6,2.8
2025-08-06,2025-08-06 14:46:38.200,MO2508-C-7500,2.8,2.6,2.8
2025-08-06,2025-08-06 14:46:38.700,MO2508-C-7500,2.8,2.6,2.8
2025-08-06,2025-08-06 14:46:41.700,MO2508-C-7500,2.8,2.6,2.8
2025-08-06,2025-08-06 14:46:46.200,MO2508-C-7500,2.8,2.6,2.8
2025-08-06,2025-08-06 14:46:48.200,MO2508-C-7500,2.8,2.6,2.8
2025-08-06,2025-08-06 14:46:48.700,MO2508-C-7500,2.8,2.6,2.8
2025-08-06,2025-08-06 14:46:49.200,MO2508-C-7500,2.8,2.6,2.8
2025-08-06,2025-08-06 14:46:50.700,MO2508-C-7500,2.8,2.6,2.8
2025-08-06,2025-08-06 14:46:51.200,MO2508-C-7500,2.8,2.6,2.8
2025-08-06,2025-08-06 14:46:52.700,MO2508-C-7500,2.8,2.6,2.8
2025-08-06,2025-08-06 14:46:53.200,MO2508-C-7500,2.8,2.6,2.8
2025-08-06,2025-08-06 14:46:53.700,MO2508-C-7500,2.8,2.6,2.8
2025-08-06,2025-08-06 14:46:54.200,MO2508-C-7500,2.8,2.6,2.8
2025-08-06,2025-08-06 14:46:58.200,MO2508-C-7500,2.8,2.6,2.8
2025-08-06,2025-08-06 14:46:58.700,MO2508-C-7500,2.8,2.6,2.8
2025-08-06,2025-08-06 14:47:00.700,MO2508-C-7500,2.8,2.6,2.8
2025-08-06,2025-08-06 14:47:01.200,MO2508-C-7500,2.8,2.6,2.8
2025-08-06,2025-08-06 14:47:01.700,MO2508-C-7500,2.8,2.6,2.8
2025-08-06,2025-08-06 14:47:08.200,MO2508-C-7500,2.8,2.6,2.8
2025-08-06,2025-08-06 14:47:08.700,MO2508-C-7500,2.8,2.6,2.8
2025-08-06,2025-08-06 14:47:12.200,MO2508-C-7500,2.8,2.6,2.8
2025-08-06,2025-08-06 14:47:17.700,MO2508-C-7500,2.8,2.6,2.8
2025-08-06,2025-08-06 14:47:18.200,MO2508-C-7500,2.8,2.6,2.8
2025-08-06,2025-08-06 14:47:18.700,MO2508-C-7500,2.8,2.6,2.8
2025-08-06,2025-08-06 14:47:28.200,MO2508-C-7500,2.8,2.6,2.8
2025-08-06,2025-08-06 14:47:28.700,MO2508-C-7500,2.8,2.6,2.8
2025-08-06,2025-08-06 14:47:29.200,MO2508-C-7500,2.8,2.6,2.8
2025-08-06,2025-08-06 14:47:38.200,MO2508-C-7500,2.8,2.6,2.8
2025-08-06,2025-08-06 14:47:38.700,MO2508-C-7500,2.8,2.6,2.8
2025-08-06,2025-08-06 14:47:39.200,MO2508-C-7500,2.8,2.6,2.8
2025-08-06,2025-08-06 14:47:39.700,MO2508-C-7500,2.8,2.6,2.8
2025-08-06,2025-08-06 14:47:41.200,MO2508-C-7500,2.8,2.6,2.8
2025-08-06,2025-08-06 14:47:41.700,MO2508-C-7500,2.8,2.6,2.8
2025-08-06,2025-08-06 14:47:42.200,MO2508-C-7500,2.8,2.6,2.8
2025-08-06,2025-08-06 14:47:42.700,MO2508-C-7500,2.8,2.6,2.8
2025-08-06,2025-08-06 14:47:47.700,MO2508-C-7500,2.8,2.6,2.8
2025-08-06,2025-08-06 14:47:48.200,MO2508-C-7500,2.8,2.6,2.8
2025-08-06,2025-08-06 14:47:48.700,MO2508-C-7500,2.8,2.6,2.8
2025-08-06,2025-08-06 14:47:49.200,MO2508-C-7500,2.8,2.6,2.8
2025-08-06,2025-08-06 14:47:50.200,MO2508-C-7500,2.8,2.6,2.8
2025-08-06,2025-08-06 14:47:58.200,MO2508-C-7500,2.8,2.6,2.8
2025-08-06,2025-08-06 14:47:58.700,MO2508-C-7500,2.8,2.6,2.8
2025-08-06,2025-08-06 14:48:02.700,MO2508-C-7500,2.8,2.6,2.8
2025-08-06,2025-08-06 14:48:06.700,MO2508-C-7500,2.8,2.6,2.8
2025-08-06,2025-08-06 14:48:08.200,MO2508-C-7500,2.8,2.6,2.8
2025-08-06,2025-08-06 14:48:08.700,MO2508-C-7500,2.8,2.6,2.8
2025-08-06,2025-08-06 14:48:10.200,MO2508-C-7500,2.8,2.6,2.8
2025-08-06,2025-08-06 14:48:10.700,MO2508-C-7500,2.8,2.6,2.8
2025-08-06,2025-08-06 14:48:11.700,MO2508-C-7500,2.8,2.6,2.8
2025-08-06,2025-08-06 14:48:12.700,MO2508-C-7500,2.8,2.6,2.8
2025-08-06,2025-08-06 14:48:14.200,MO2508-C-7500,2.8,2.6,2.8
2025-08-06,2025-08-06 14:48:14.700,MO2508-C-7500,2.8,2.6,2.8
2025-08-06,2025-08-06 14:48:17.200,MO2508-C-7500,2.8,2.6,2.8
2025-08-06,2025-08-06 14:48:17.700,MO2508-C-7500,2.8,2.6,2.8
2025-08-06,2025-08-06 14:48:18.200,MO2508-C-7500,2.8,2.6,2.8
2025-08-06,2025-08-06 14:48:18.700,MO2508-C-7500,2.8,2.6,2.8
2025-08-06,2025-08-06 14:48:22.200,MO2508-C-7500,2.6,2.6,2.8
2025-08-06,2025-08-06 14:48:27.700,MO2508-C-7500,2.6,2.6,2.8
2025-08-06,2025-08-06 14:48:28.200,MO2508-C-7500,2.6,2.6,2.8
2025-08-06,2025-08-06 14:48:28.700,MO2508-C-7500,2.6,2.6,2.8
2025-08-06,2025-08-06 14:48:29.700,MO2508-C-7500,2.6,2.6,2.8
2025-08-06,2025-08-06 14:48:37.200,MO2508-C-7500,2.6,2.6,2.8
2025-08-06,2025-08-06 14:48:38.200,MO2508-C-7500,2.6,2.6,2.8
2025-08-06,2025-08-06 14:48:38.700,MO2508-C-7500,2.6,2.6,2.8
2025-08-06,2025-08-06 14:48:48.200,MO2508-C-7500,2.6,2.6,2.8
2025-08-06,2025-08-06 14:48:48.700,MO2508-C-7500,2.6,2.6,2.8
2025-08-06,2025-08-06 14:48:52.700,MO2508-C-7500,2.8,2.6,2.8
2025-08-06,2025-08-06 14:48:53.200,MO2508-C-7500,2.8,2.6,2.8
2025-08-06,2025-08-06 14:48:57.700,MO2508-C-7500,2.8,2.6,2.8
2025-08-06,2025-08-06 14:48:58.200,MO2508-C-7500,2.8,2.6,2.8
2025-08-06,2025-08-06 14:48:58.700,MO2508-C-7500,2.8,2.6,2.8
2025-08-06,2025-08-06 14:49:01.200,MO2508-C-7500,2.8,2.6,2.8
2025-08-06,2025-08-06 14:49:03.700,MO2508-C-7500,2.8,2.6,2.8
2025-08-06,2025-08-06 14:49:08.200,MO2508-C-7500,2.8,2.6,2.8
2025-08-06,2025-08-06 14:49:08.700,MO2508-C-7500,2.8,2.6,2.8
2025-08-06,2025-08-06 14:49:18.200,MO2508-C-7500,2.8,2.6,2.8
2025-08-06,2025-08-06 14:49:18.700,MO2508-C-7500,2.8,2.6,2.8
2025-08-06,2025-08-06 14:49:28.200,MO2508-C-7500,2.8,2.6,2.8
2025-08-06,2025-08-06 14:49:28.700,MO2508-C-7500,2.8,2.6,2.8
2025-08-06,2025-08-06 14:49:30.200,MO2508-C-7500,2.8,2.6,2.8
2025-08-06,2025-08-06 14:49:35.200,MO2508-C-7500,2.8,2.6,2.8
2025-08-06,2025-08-06 14:49:38.200,MO2508-C-7500,2.8,2.6,2.8
2025-08-06,2025-08-06 14:49:38.700,MO2508-C-7500,2.8,2.6,2.8
2025-08-06,2025-08-06 14:49:47.700,MO2508-C-7500,2.8,2.6,2.8
2025-08-06,2025-08-06 14:49:48.200,MO2508-C-7500,2.8,2.6,2.8
2025-08-06,2025-08-06 14:49:48.700,MO2508-C-7500,2.8,2.6,2.8
2025-08-06,2025-08-06 14:49:51.200,MO2508-C-7500,2.8,2.6,2.8
2025-08-06,2025-08-06 14:49:55.200,MO2508-C-7500,2.8,2.6,2.8
2025-08-06,2025-08-06 14:49:58.200,MO2508-C-7500,2.8,2.6,2.8
2025-08-06,2025-08-06 14:49:58.700,MO2508-C-7500,2.8,2.6,2.8
2025-08-06,2025-08-06 14:49:59.200,MO2508-C-7500,2.8,2.6,2.8
2025-08-06,2025-08-06 14:50:00.200,MO2508-C-7500,2.8,2.6,2.8
2025-08-06,2025-08-06 14:50:01.200,MO2508-C-7500,2.8,2.6,2.8
2025-08-06,2025-08-06 14:50:02.700,MO2508-C-7500,2.8,2.6,2.8
2025-08-06,2025-08-06 14:50:08.200,MO2508-C-7500,2.8,2.6,2.8
2025-08-06,2025-08-06 14:50:08.700,MO2508-C-7500,2.8,2.6,2.8
2025-08-06,2025-08-06 14:50:11.700,MO2508-C-7500,2.8,2.6,2.8
2025-08-06,2025-08-06 14:50:12.200,MO2508-C-7500,2.8,2.6,2.8
2025-08-06,2025-08-06 14:50:18.200,MO2508-C-7500,2.8,2.6,2.8
2025-08-06,2025-08-06 14:50:18.700,MO2508-C-7500,2.8,2.6,2.8
2025-08-06,2025-08-06 14:50:19.200,MO2508-C-7500,2.8,2.6,2.8
2025-08-06,2025-08-06 14:50:21.700,MO2508-C-7500,2.8,2.6,2.8
2025-08-06,2025-08-06 14:50:28.200,MO2508-C-7500,2.8,2.6,2.8
2025-08-06,2025-08-06 14:50:28.700,MO2508-C-7500,2.8,2.6,2.8
2025-08-06,2025-08-06 14:50:29.700,MO2508-C-7500,2.8,2.6,2.8
2025-08-06,2025-08-06 14:50:38.200,MO2508-C-7500,2.8,2.6,2.8
2025-08-06,2025-08-06 14:50:38.700,MO2508-C-7500,2.8,2.6,2.8
2025-08-06,2025-08-06 14:50:43.700,MO2508-C-7500,2.8,2.6,2.8
2025-08-06,2025-08-06 14:50:48.200,MO2508-C-7500,2.8,2.6,2.8
2025-08-06,2025-08-06 14:50:48.700,MO2508-C-7500,2.8,2.6,2.8
2025-08-06,2025-08-06 14:50:58.200,MO2508-C-7500,2.8,2.6,2.8
2025-08-06,2025-08-06 14:50:58.700,MO2508-C-7500,2.8,2.6,2.8
2025-08-06,2025-08-06 14:50:59.200,MO2508-C-7500,2.8,2.6,2.8
2025-08-06,2025-08-06 14:50:59.700,MO2508-C-7500,2.8,2.6,2.8
2025-08-06,2025-08-06 14:51:02.200,MO2508-C-7500,2.8,2.6,2.8
2025-08-06,2025-08-06 14:51:08.200,MO2508-C-7500,2.8,2.6,2.8
2025-08-06,2025-08-06 14:51:08.700,MO2508-C-7500,2.8,2.6,2.8
2025-08-06,2025-08-06 14:51:09.200,MO2508-C-7500,2.8,2.6,2.8
2025-08-06,2025-08-06 14:51:18.200,MO2508-C-7500,2.8,2.6,2.8
2025-08-06,2025-08-06 14:51:18.700,MO2508-C-7500,2.8,2.6,2.8
2025-08-06,2025-08-06 14:51:28.200,MO2508-C-7500,2.8,2.6,2.8
2025-08-06,2025-08-06 14:51:28.700,MO2508-C-7500,2.8,2.6,2.8
2025-08-06,2025-08-06 14:51:32.200,MO2508-C-7500,2.8,2.6,2.8
2025-08-06,2025-08-06 14:51:38.200,MO2508-C-7500,2.8,2.6,2.8
2025-08-06,2025-08-06 14:51:38.700,MO2508-C-7500,2.8,2.6,2.8
2025-08-06,2025-08-06 14:51:39.700,MO2508-C-7500,2.8,2.6,2.8
2025-08-06,2025-08-06 14:51:41.700,MO2508-C-7500,2.8,2.6,2.8
2025-08-06,2025-08-06 14:51:48.200,MO2508-C-7500,2.8,2.6,2.8
2025-08-06,2025-08-06 14:51:48.700,MO2508-C-7500,2.8,2.6,2.8
2025-08-06,2025-08-06 14:51:58.200,MO2508-C-7500,2.8,2.6,2.8
2025-08-06,2025-08-06 14:51:58.700,MO2508-C-7500,2.8,2.6,2.8
2025-08-06,2025-08-06 14:52:04.200,MO2508-C-7500,2.8,2.6,2.8
2025-08-06,2025-08-06 14:52:08.200,MO2508-C-7500,2.8,2.6,2.8
2025-08-06,2025-08-06 14:52:08.700,MO2508-C-7500,2.8,2.6,2.8
2025-08-06,2025-08-06 14:52:18.200,MO2508-C-7500,2.8,2.6,2.8
2025-08-06,2025-08-06 14:52:18.700,MO2508-C-7500,2.8,2.6,2.8
2025-08-06,2025-08-06 14:52:28.200,MO2508-C-7500,2.8,2.6,2.8
2025-08-06,2025-08-06 14:52:28.700,MO2508-C-7500,2.8,2.6,2.8
2025-08-06,2025-08-06 14:52:35.700,MO2508-C-7500,2.8,2.6,2.8
2025-08-06,2025-08-06 14:52:38.200,MO2508-C-7500,2.8,2.6,2.8
2025-08-06,2025-08-06 14:52:38.700,MO2508-C-7500,2.8,2.6,2.8
2025-08-06,2025-08-06 14:52:39.200,MO2508-C-7500,2.8,2.6,2.8
2025-08-06,2025-08-06 14:52:41.700,MO2508-C-7500,2.8,2.6,2.8
2025-08-06,2025-08-06 14:52:42.200,MO2508-C-7500,2.8,2.6,2.8
2025-08-06,2025-08-06 14:52:42.700,MO2508-C-7500,2.8,2.6,2.8
2025-08-06,2025-08-06 14:52:43.200,MO2508-C-7500,2.8,2.6,2.8
2025-08-06,2025-08-06 14:52:44.200,MO2508-C-7500,2.8,2.6,2.8
2025-08-06,2025-08-06 14:52:48.200,MO2508-C-7500,2.8,2.6,2.8
2025-08-06,2025-08-06 14:52:48.700,MO2508-C-7500,2.8,2.6,2.8
2025-08-06,2025-08-06 14:52:50.200,MO2508-C-7500,2.8,2.6,2.8
2025-08-06,2025-08-06 14:52:58.200,MO2508-C-7500,2.8,2.6,2.8
2025-08-06,2025-08-06 14:52:58.700,MO2508-C-7500,2.8,2.6,2.8
2025-08-06,2025-08-06 14:53:08.200,MO2508-C-7500,2.8,2.6,2.8
2025-08-06,2025-08-06 14:53:08.700,MO2508-C-7500,2.8,2.6,2.8
2025-08-06,2025-08-06 14:53:18.200,MO2508-C-7500,2.8,2.6,2.8
2025-08-06,2025-08-06 14:53:18.700,MO2508-C-7500,2.8,2.6,2.8
2025-08-06,2025-08-06 14:53:19.200,MO2508-C-7500,2.8,2.6,2.8
2025-08-06,2025-08-06 14:53:26.700,MO2508-C-7500,2.8,2.6,2.8
2025-08-06,2025-08-06 14:53:28.200,MO2508-C-7500,2.8,2.6,2.8
2025-08-06,2025-08-06 14:53:28.700,MO2508-C-7500,2.8,2.6,2.8
2025-08-06,2025-08-06 14:53:38.200,MO2508-C-7500,2.8,2.6,2.8
2025-08-06,2025-08-06 14:53:38.700,MO2508-C-7500,2.8,2.6,2.8
2025-08-06,2025-08-06 14:53:40.700,MO2508-C-7500,2.8,2.6,2.8
2025-08-06,2025-08-06 14:53:48.200,MO2508-C-7500,2.8,2.6,2.8
2025-08-06,2025-08-06 14:53:48.700,MO2508-C-7500,2.8,2.6,2.8
2025-08-06,2025-08-06 14:53:58.200,MO2508-C-7500,2.8,2.6,2.8
2025-08-06,2025-08-06 14:53:58.700,MO2508-C-7500,2.8,2.6,2.8
2025-08-06,2025-08-06 14:54:02.700,MO2508-C-7500,2.8,2.6,2.8
2025-08-06,2025-08-06 14:54:04.200,MO2508-C-7500,2.8,2.6,2.8
2025-08-06,2025-08-06 14:54:04.700,MO2508-C-7500,2.8,2.6,2.8
2025-08-06,2025-08-06 14:54:05.200,MO2508-C-7500,2.8,2.6,2.8
2025-08-06,2025-08-06 14:54:08.200,MO2508-C-7500,2.8,2.6,2.8
2025-08-06,2025-08-06 14:54:08.700,MO2508-C-7500,2.8,2.6,2.8
2025-08-06,2025-08-06 14:54:09.200,MO2508-C-7500,2.8,2.6,2.8
2025-08-06,2025-08-06 14:54:09.700,MO2508-C-7500,2.8,2.6,2.8
2025-08-06,2025-08-06 14:54:14.700,MO2508-C-7500,2.8,2.6,2.8
2025-08-06,2025-08-06 14:54:15.700,MO2508-C-7500,2.8,2.6,2.8
2025-08-06,2025-08-06 14:54:16.200,MO2508-C-7500,2.8,2.6,2.8
2025-08-06,2025-08-06 14:54:17.200,MO2508-C-7500,2.8,2.6,2.8
2025-08-06,2025-08-06 14:54:17.700,MO2508-C-7500,2.8,2.6,2.8
2025-08-06,2025-08-06 14:54:18.200,MO2508-C-7500,2.8,2.6,2.8
2025-08-06,2025-08-06 14:54:18.700,MO2508-C-7500,2.8,2.6,2.8
2025-08-06,2025-08-06 14:54:24.200,MO2508-C-7500,2.8,2.6,2.8
2025-08-06,2025-08-06 14:54:28.200,MO2508-C-7500,2.8,2.6,2.8
2025-08-06,2025-08-06 14:54:28.700,MO2508-C-7500,2.8,2.6,2.8
2025-08-06,2025-08-06 14:54:30.200,MO2508-C-7500,2.8,2.6,2.8
2025-08-06,2025-08-06 14:54:38.200,MO2508-C-7500,2.8,2.6,2.8
2025-08-06,2025-08-06 14:54:38.700,MO2508-C-7500,2.8,2.6,2.8
2025-08-06,2025-08-06 14:54:40.700,MO2508-C-7500,2.8,2.6,2.8
2025-08-06,2025-08-06 14:54:48.200,MO2508-C-7500,2.8,2.6,2.8
2025-08-06,2025-08-06 14:54:48.700,MO2508-C-7500,2.8,2.6,2.8
2025-08-06,2025-08-06 14:54:53.700,MO2508-C-7500,2.8,2.6,2.8
2025-08-06,2025-08-06 14:54:54.200,MO2508-C-7500,2.8,2.6,2.8
2025-08-06,2025-08-06 14:54:55.200,MO2508-C-7500,2.8,2.6,2.8
2025-08-06,2025-08-06 14:54:58.200,MO2508-C-7500,2.8,2.6,2.8
2025-08-06,2025-08-06 14:54:58.700,MO2508-C-7500,2.8,2.6,2.8
2025-08-06,2025-08-06 14:55:01.200,MO2508-C-7500,2.8,2.6,2.8
2025-08-06,2025-08-06 14:55:01.700,MO2508-C-7500,2.8,2.6,2.8
2025-08-06,2025-08-06 14:55:02.200,MO2508-C-7500,2.8,2.6,2.8
2025-08-06,2025-08-06 14:55:08.200,MO2508-C-7500,2.8,2.6,2.8
2025-08-06,2025-08-06 14:55:08.700,MO2508-C-7500,2.8,2.6,2.8
2025-08-06,2025-08-06 14:55:18.200,MO2508-C-7500,2.8,2.6,2.8
2025-08-06,2025-08-06 14:55:18.700,MO2508-C-7500,2.8,2.6,2.8
2025-08-06,2025-08-06 14:55:19.200,MO2508-C-7500,2.8,2.6,2.8
2025-08-06,2025-08-06 14:55:25.700,MO2508-C-7500,2.8,2.6,2.8
2025-08-06,2025-08-06 14:55:26.200,MO2508-C-7500,2.8,2.6,2.8
2025-08-06,2025-08-06 14:55:28.200,MO2508-C-7500,2.8,2.6,2.8
2025-08-06,2025-08-06 14:55:28.700,MO2508-C-7500,2.8,2.6,2.8
2025-08-06,2025-08-06 14:55:29.200,MO2508-C-7500,2.8,2.6,2.8
2025-08-06,2025-08-06 14:55:36.200,MO2508-C-7500,2.8,2.6,2.8
2025-08-06,2025-08-06 14:55:38.200,MO2508-C-7500,2.8,2.6,2.8
2025-08-06,2025-08-06 14:55:38.700,MO2508-C-7500,2.8,2.6,2.8
2025-08-06,2025-08-06 14:55:40.200,MO2508-C-7500,2.6,2.6,2.8
2025-08-06,2025-08-06 14:55:40.700,MO2508-C-7500,2.6,2.6,2.8
2025-08-06,2025-08-06 14:55:45.700,MO2508-C-7500,2.6,2.6,2.8
2025-08-06,2025-08-06 14:55:46.200,MO2508-C-7500,2.6,2.6,2.8
2025-08-06,2025-08-06 14:55:48.200,MO2508-C-7500,2.6,2.6,2.8
2025-08-06,2025-08-06 14:55:48.700,MO2508-C-7500,2.6,2.6,2.8
2025-08-06,2025-08-06 14:55:58.200,MO2508-C-7500,2.6,2.6,2.8
2025-08-06,2025-08-06 14:55:58.700,MO2508-C-7500,2.6,2.6,2.8
2025-08-06,2025-08-06 14:55:59.200,MO2508-C-7500,2.6,2.6,2.8
2025-08-06,2025-08-06 14:56:08.200,MO2508-C-7500,2.6,2.6,2.8
2025-08-06,2025-08-06 14:56:08.700,MO2508-C-7500,2.6,2.6,2.8
2025-08-06,2025-08-06 14:56:10.200,MO2508-C-7500,2.6,2.6,2.8
2025-08-06,2025-08-06 14:56:10.700,MO2508-C-7500,2.6,2.6,2.8
2025-08-06,2025-08-06 14:56:11.700,MO2508-C-7500,2.6,2.6,2.8
2025-08-06,2025-08-06 14:56:15.200,MO2508-C-7500,2.6,2.6,2.8
2025-08-06,2025-08-06 14:56:18.200,MO2508-C-7500,2.6,2.6,2.8
2025-08-06,2025-08-06 14:56:18.700,MO2508-C-7500,2.6,2.6,2.8
2025-08-06,2025-08-06 14:56:23.700,MO2508-C-7500,2.8,2.6,2.8
2025-08-06,2025-08-06 14:56:24.200,MO2508-C-7500,2.8,2.6,2.8
2025-08-06,2025-08-06 14:56:28.200,MO2508-C-7500,2.8,2.6,2.8
2025-08-06,2025-08-06 14:56:28.700,MO2508-C-7500,2.8,2.6,2.8
2025-08-06,2025-08-06 14:56:30.700,MO2508-C-7500,2.8,2.6,2.8
2025-08-06,2025-08-06 14:56:33.700,MO2508-C-7500,2.8,2.6,2.8
2025-08-06,2025-08-06 14:56:36.200,MO2508-C-7500,2.8,2.6,2.8
2025-08-06,2025-08-06 14:56:38.200,MO2508-C-7500,2.8,2.6,2.8
2025-08-06,2025-08-06 14:56:38.700,MO2508-C-7500,2.8,2.6,2.8
2025-08-06,2025-08-06 14:56:40.700,MO2508-C-7500,2.8,2.6,2.8
2025-08-06,2025-08-06 14:56:45.700,MO2508-C-7500,2.8,2.6,2.8
2025-08-06,2025-08-06 14:56:48.200,MO2508-C-7500,2.8,2.6,2.8
2025-08-06,2025-08-06 14:56:48.700,MO2508-C-7500,2.8,2.6,2.8
2025-08-06,2025-08-06 14:56:51.200,MO2508-C-7500,2.8,2.6,2.8
2025-08-06,2025-08-06 14:56:58.700,MO2508-C-7500,2.8,2.6,2.8
2025-08-06,2025-08-06 14:56:59.700,MO2508-C-7500,2.8,2.6,2.8
2025-08-06,2025-08-06 15:00:00.200,MO2508-C-7500,2.8,2.6,2.8
2025-08-06,2025-08-06 15:25:55.200,MO2508-C-7500,2.8,2.6,2.8
2025-08-06,2025-08-06 15:30:32.200,MO2508-C-7500,2.8,2.6,2.8
2025-08-07,2025-08-07 09:29:00.400,MO2508-C-7500,2.8,1.8,5.0
2025-08-07,2025-08-07 09:30:00.400,MO2508-C-7500,2.8,2.0,3.2
2025-08-07,2025-08-07 09:30:00.900,MO2508-C-7500,2.8,2.0,3.2
2025-08-07,2025-08-07 09:30:01.900,MO2508-C-7500,2.8,1.8,5.0
2025-08-07,2025-08-07 09:30:02.400,MO2508-C-7500,2.8,2.0,4.8
2025-08-07,2025-08-07 09:30:10.900,MO2508-C-7500,2.8,2.0,4.8
2025-08-07,2025-08-07 09:30:11.900,MO2508-C-7500,2.8,2.2,4.6
2025-08-07,2025-08-07 09:30:12.400,MO2508-C-7500,2.8,2.4,4.4
2025-08-07,2025-08-07 09:30:12.900,MO2508-C-7500,2.8,2.6,4.2
2025-08-07,2025-08-07 09:30:13.400,MO2508-C-7500,2.8,2.6,4.0
2025-08-07,2025-08-07 09:30:13.900,MO2508-C-7500,2.8,2.6,3.8
2025-08-07,2025-08-07 09:30:14.400,MO2508-C-7500,2.8,2.6,3.6
2025-08-07,2025-08-07 09:30:14.900,MO2508-C-7500,2.8,2.6,3.4
2025-08-07,2025-08-07 09:30:15.400,MO2508-C-7500,2.8,2.6,3.2
2025-08-07,2025-08-07 09:30:15.900,MO2508-C-7500,2.8,2.8,3.2
2025-08-07,2025-08-07 09:30:16.400,MO2508-C-7500,2.8,2.8,3.2
2025-08-07,2025-08-07 09:30:16.900,MO2508-C-7500,2.8,2.8,3.2
2025-08-07,2025-08-07 09:30:17.400,MO2508-C-7500,2.8,3.0,3.2
2025-08-07,2025-08-07 09:30:17.900,MO2508-C-7500,2.8,2.8,3.2
2025-08-07,2025-08-07 09:30:19.400,MO2508-C-7500,2.8,2.8,3.2
2025-08-07,2025-08-07 09:30:20.900,MO2508-C-7500,2.8,2.8,3.2
2025-08-07,2025-08-07 09:30:21.400,MO2508-C-7500,2.8,2.8,3.2
2025-08-07,2025-08-07 09:30:21.900,MO2508-C-7500,2.8,2.8,3.2
2025-08-07,2025-08-07 09:30:22.400,MO2508-C-7500,2.8,2.8,3.0
2025-08-07,2025-08-07 09:30:22.900,MO2508-C-7500,2.8,2.8,3.0
2025-08-07,2025-08-07 09:30:23.400,MO2508-C-7500,2.8,2.8,3.0
2025-08-07,2025-08-07 09:30:24.900,MO2508-C-7500,2.8,2.8,3.0
2025-08-07,2025-08-07 09:30:25.900,MO2508-C-7500,2.8,2.8,3.0
2025-08-07,2025-08-07 09:30:26.400,MO2508-C-7500,2.8,2.8,3.0
2025-08-07,2025-08-07 09:30:26.900,MO2508-C-7500,2.8,2.6,3.0
2025-08-07,2025-08-07 09:30:27.400,MO2508-C-7500,2.8,2.8,3.0
2025-08-07,2025-08-07 09:30:27.900,MO2508-C-7500,2.8,2.8,3.0
2025-08-07,2025-08-07 09:30:28.400,MO2508-C-7500,2.8,2.6,3.0
2025-08-07,2025-08-07 09:30:28.900,MO2508-C-7500,2.8,2.8,3.0
2025-08-07,2025-08-07 09:30:29.400,MO2508-C-7500,2.8,2.8,3.0
2025-08-07,2025-08-07 09:30:29.900,MO2508-C-7500,2.8,2.6,3.0
2025-08-07,2025-08-07 09:30:30.400,MO2508-C-7500,2.8,2.6,3.0
2025-08-07,2025-08-07 09:30:30.900,MO2508-C-7500,2.8,2.6,3.0
2025-08-07,2025-08-07 09:30:31.400,MO2508-C-7500,2.8,2.6,3.0
2025-08-07,2025-08-07 09:30:32.900,MO2508-C-7500,2.8,2.6,3.0
2025-08-07,2025-08-07 09:30:33.400,MO2508-C-7500,2.8,2.8,3.0
2025-08-07,2025-08-07 09:30:33.900,MO2508-C-7500,2.8,2.8,3.0
2025-08-07,2025-08-07 09:30:36.900,MO2508-C-7500,2.8,2.8,3.0
2025-08-07,2025-08-07 09:30:37.400,MO2508-C-7500,2.8,2.8,3.0
2025-08-07,2025-08-07 09:30:39.400,MO2508-C-7500,2.8,2.8,3.0
2025-08-07,2025-08-07 09:30:40.900,MO2508-C-7500,2.8,2.8,3.0
2025-08-07,2025-08-07 09:30:41.400,MO2508-C-7500,2.8,2.8,3.0
2025-08-07,2025-08-07 09:30:41.900,MO2508-C-7500,2.8,2.8,3.0
2025-08-07,2025-08-07 09:30:42.400,MO2508-C-7500,2.8,2.8,3.0
2025-08-07,2025-08-07 09:30:42.900,MO2508-C-7500,2.8,2.6,3.0
2025-08-07,2025-08-07 09:30:43.400,MO2508-C-7500,2.8,2.8,3.0
2025-08-07,2025-08-07 09:30:43.900,MO2508-C-7500,2.8,2.8,3.0
2025-08-07,2025-08-07 09:30:44.400,MO2508-C-7500,2.8,2.8,3.0
2025-08-07,2025-08-07 09:30:44.900,MO2508-C-7500,2.8,2.8,3.0
2025-08-07,2025-08-07 09:30:45.400,MO2508-C-7500,2.8,2.8,3.0
2025-08-07,2025-08-07 09:30:46.900,MO2508-C-7500,2.8,2.8,3.0
2025-08-07,2025-08-07 09:30:47.400,MO2508-C-7500,2.8,2.8,3.2
2025-08-07,2025-08-07 09:30:47.900,MO2508-C-7500,2.8,2.8,3.2
2025-08-07,2025-08-07 09:30:48.900,MO2508-C-7500,2.8,2.8,3.2
2025-08-07,2025-08-07 09:30:49.400,MO2508-C-7500,2.8,2.8,3.2
2025-08-07,2025-08-07 09:30:50.900,MO2508-C-7500,2.8,2.8,3.2
2025-08-07,2025-08-07 09:30:51.900,MO2508-C-7500,2.8,2.8,3.0
2025-08-07,2025-08-07 09:30:52.400,MO2508-C-7500,2.8,2.8,3.0
2025-08-07,2025-08-07 09:30:52.900,MO2508-C-7500,2.8,2.8,3.0
2025-08-07,2025-08-07 09:30:54.400,MO2508-C-7500,2.8,2.8,3.0
2025-08-07,2025-08-07 09:30:54.900,MO2508-C-7500,2.8,2.8,3.0
2025-08-07,2025-08-07 09:30:55.400,MO2508-C-7500,2.8,2.8,3.0
2025-08-07,2025-08-07 09:30:56.900,MO2508-C-7500,2.8,2.8,3.0
2025-08-07,2025-08-07 09:30:57.400,MO2508-C-7500,2.8,2.8,3.0
2025-08-07,2025-08-07 09:30:59.900,MO2508-C-7500,2.8,2.8,3.0
2025-08-07,2025-08-07 09:31:02.400,MO2508-C-7500,2.8,2.8,3.0
2025-08-07,2025-08-07 09:31:03.400,MO2508-C-7500,2.8,2.8,3.0
2025-08-07,2025-08-07 09:31:03.900,MO2508-C-7500,2.8,2.8,3.0
2025-08-07,2025-08-07 09:31:05.400,MO2508-C-7500,2.8,2.8,3.0
2025-08-07,2025-08-07 09:31:06.400,MO2508-C-7500,2.8,2.8,3.0
2025-08-07,2025-08-07 09:31:08.900,MO2508-C-7500,2.8,2.8,3.0
2025-08-07,2025-08-07 09:31:09.900,MO2508-C-7500,2.8,2.8,3.0
2025-08-07,2025-08-07 09:31:10.400,MO2508-C-7500,2.8,2.8,3.0
2025-08-07,2025-08-07 09:31:13.900,MO2508-C-7500,2.8,2.8,3.0
2025-08-07,2025-08-07 09:31:17.900,MO2508-C-7500,2.8,2.8,3.0
2025-08-07,2025-08-07 09:31:20.400,MO2508-C-7500,2.8,2.8,3.0
2025-08-07,2025-08-07 09:31:20.900,MO2508-C-7500,2.8,2.8,3.0
2025-08-07,2025-08-07 09:31:24.900,MO2508-C-7500,2.8,2.8,3.0
2025-08-07,2025-08-07 09:31:26.400,MO2508-C-7500,2.8,2.8,3.0
2025-08-07,2025-08-07 09:31:26.900,MO2508-C-7500,2.8,2.8,3.0
2025-08-07,2025-08-07 09:31:31.400,MO2508-C-7500,2.8,2.8,3.0
2025-08-07,2025-08-07 09:31:31.900,MO2508-C-7500,2.8,2.8,3.0
2025-08-07,2025-08-07 09:31:33.900,MO2508-C-7500,2.8,2.8,3.0
2025-08-07,2025-08-07 09:31:34.400,MO2508-C-7500,2.8,2.8,3.0
2025-08-07,2025-08-07 09:31:34.900,MO2508-C-7500,2.8,2.8,3.0
2025-08-07,2025-08-07 09:31:35.400,MO2508-C-7500,2.8,2.8,3.0
2025-08-07,2025-08-07 09:31:35.900,MO2508-C-7500,2.8,2.8,3.0
2025-08-07,2025-08-07 09:31:36.900,MO2508-C-7500,2.8,2.8,3.0
2025-08-07,2025-08-07 09:31:38.900,MO2508-C-7500,2.8,2.8,3.0
2025-08-07,2025-08-07 09:31:40.400,MO2508-C-7500,2.8,2.8,3.0
2025-08-07,2025-08-07 09:31:40.900,MO2508-C-7500,2.8,2.8,3.0
2025-08-07,2025-08-07 09:31:41.900,MO2508-C-7500,2.8,2.8,3.0
2025-08-07,2025-08-07 09:31:42.400,MO2508-C-7500,2.8,2.8,3.0
2025-08-07,2025-08-07 09:31:42.900,MO2508-C-7500,2.8,2.8,3.0
2025-08-07,2025-08-07 09:31:43.400,MO2508-C-7500,2.8,2.8,3.0
2025-08-07,2025-08-07 09:31:44.400,MO2508-C-7500,2.8,2.8,3.0
2025-08-07,2025-08-07 09:31:44.900,MO2508-C-7500,2.8,2.8,3.0
2025-08-07,2025-08-07 09:31:45.400,MO2508-C-7500,2.8,2.8,3.0
2025-08-07,2025-08-07 09:31:46.400,MO2508-C-7500,2.8,2.8,3.0
2025-08-07,2025-08-07 09:31:46.900,MO2508-C-7500,2.8,2.8,3.0
2025-08-07,2025-08-07 09:31:47.900,MO2508-C-7500,2.8,2.8,3.0
2025-08-07,2025-08-07 09:31:48.400,MO2508-C-7500,2.8,2.8,3.0
2025-08-07,2025-08-07 09:31:49.400,MO2508-C-7500,2.8,2.8,3.0
2025-08-07,2025-08-07 09:31:49.900,MO2508-C-7500,2.8,2.8,3.0
2025-08-07,2025-08-07 09:31:51.400,MO2508-C-7500,2.8,2.8,3.0
2025-08-07,2025-08-07 09:31:52.900,MO2508-C-7500,2.8,2.8,3.0
2025-08-07,2025-08-07 09:31:54.400,MO2508-C-7500,2.8,2.6,3.0
2025-08-07,2025-08-07 09:31:54.900,MO2508-C-7500,2.8,2.6,3.0
2025-08-07,2025-08-07 09:31:55.400,MO2508-C-7500,2.8,2.6,3.0
2025-08-07,2025-08-07 09:31:55.900,MO2508-C-7500,2.8,2.6,3.0
2025-08-07,2025-08-07 09:31:56.900,MO2508-C-7500,2.8,2.6,3.0
2025-08-07,2025-08-07 09:31:57.400,MO2508-C-7500,2.8,2.6,3.0
2025-08-07,2025-08-07 09:31:57.900,MO2508-C-7500,2.8,2.6,3.0
2025-08-07,2025-08-07 09:31:59.400,MO2508-C-7500,2.8,2.6,3.0
2025-08-07,2025-08-07 09:32:00.900,MO2508-C-7500,2.8,2.6,3.0
2025-08-07,2025-08-07 09:32:01.400,MO2508-C-7500,2.8,2.6,3.0
2025-08-07,2025-08-07 09:32:01.900,MO2508-C-7500,2.8,2.6,3.0
2025-08-07,2025-08-07 09:32:02.400,MO2508-C-7500,2.8,2.6,2.8
2025-08-07,2025-08-07 09:32:02.900,MO2508-C-7500,2.8,2.6,2.8
2025-08-07,2025-08-07 09:32:03.400,MO2508-C-7500,2.8,2.6,2.8
2025-08-07,2025-08-07 09:32:03.900,MO2508-C-7500,2.8,2.6,2.8
2025-08-07,2025-08-07 09:32:04.400,MO2508-C-7500,2.8,2.6,2.8
2025-08-07,2025-08-07 09:32:04.900,MO2508-C-7500,2.8,2.6,2.8
2025-08-07,2025-08-07 09:32:05.400,MO2508-C-7500,2.8,2.6,3.0
2025-08-07,2025-08-07 09:32:05.900,MO2508-C-7500,2.8,2.6,3.0
2025-08-07,2025-08-07 09:32:06.400,MO2508-C-7500,2.8,2.6,3.0
2025-08-07,2025-08-07 09:32:06.900,MO2508-C-7500,2.8,2.6,3.0
2025-08-07,2025-08-07 09:32:07.400,MO2508-C-7500,2.8,2.6,2.8
2025-08-07,2025-08-07 09:32:07.900,MO2508-C-7500,2.8,2.6,2.8
2025-08-07,2025-08-07 09:32:08.400,MO2508-C-7500,2.8,2.6,3.0
2025-08-07,2025-08-07 09:32:08.900,MO2508-C-7500,2.8,2.6,3.0
2025-08-07,2025-08-07 09:32:09.400,MO2508-C-7500,2.8,2.6,3.0
2025-08-07,2025-08-07 09:32:09.900,MO2508-C-7500,2.8,2.6,3.0
2025-08-07,2025-08-07 09:32:10.400,MO2508-C-7500,2.8,2.6,3.0
2025-08-07,2025-08-07 09:32:10.900,MO2508-C-7500,2.8,2.6,3.0
2025-08-07,2025-08-07 09:32:13.400,MO2508-C-7500,2.8,2.6,3.0
2025-08-07,2025-08-07 09:32:13.900,MO2508-C-7500,2.8,2.6,3.0
2025-08-07,2025-08-07 09:32:14.400,MO2508-C-7500,2.8,2.6,3.0
2025-08-07,2025-08-07 09:32:14.900,MO2508-C-7500,2.8,2.6,3.0
2025-08-07,2025-08-07 09:32:16.400,MO2508-C-7500,2.8,2.6,3.0
2025-08-07,2025-08-07 09:32:18.400,MO2508-C-7500,2.8,2.6,3.0
2025-08-07,2025-08-07 09:32:18.900,MO2508-C-7500,2.8,2.6,3.0
2025-08-07,2025-08-07 09:32:19.400,MO2508-C-7500,2.8,2.6,3.0
2025-08-07,2025-08-07 09:32:19.900,MO2508-C-7500,2.8,2.8,3.0
2025-08-07,2025-08-07 09:32:20.400,MO2508-C-7500,2.8,2.8,3.0
2025-08-07,2025-08-07 09:32:20.900,MO2508-C-7500,2.8,2.8,3.0
2025-08-07,2025-08-07 09:32:21.400,MO2508-C-7500,2.8,2.8,3.0
2025-08-07,2025-08-07 09:32:21.900,MO2508-C-7500,2.8,2.8,3.0
2025-08-07,2025-08-07 09:32:23.900,MO2508-C-7500,2.8,2.8,3.0
2025-08-07,2025-08-07 09:32:24.400,MO2508-C-7500,2.8,2.8,3.0
2025-08-07,2025-08-07 09:32:24.900,MO2508-C-7500,2.8,2.8,3.0
2025-08-07,2025-08-07 09:32:25.400,MO2508-C-7500,2.8,2.8,3.0
2025-08-07,2025-08-07 09:32:25.900,MO2508-C-7500,2.8,2.8,3.0
2025-08-07,2025-08-07 09:32:26.400,MO2508-C-7500,2.8,2.8,3.0
2025-08-07,2025-08-07 09:32:27.400,MO2508-C-7500,2.8,2.8,3.0
2025-08-07,2025-08-07 09:32:27.900,MO2508-C-7500,2.8,2.8,3.0
2025-08-07,2025-08-07 09:32:29.400,MO2508-C-7500,2.8,2.8,3.0
2025-08-07,2025-08-07 09:32:29.900,MO2508-C-7500,2.8,2.8,3.0
2025-08-07,2025-08-07 09:32:30.400,MO2508-C-7500,3.0,2.8,3.0
2025-08-07,2025-08-07 09:32:30.900,MO2508-C-7500,3.0,2.8,3.0
2025-08-07,2025-08-07 09:32:31.900,MO2508-C-7500,3.0,2.8,3.0
2025-08-07,2025-08-07 09:32:32.400,MO2508-C-7500,3.0,2.8,3.0
2025-08-07,2025-08-07 09:32:32.900,MO2508-C-7500,3.0,2.8,3.0
2025-08-07,2025-08-07 09:32:34.900,MO2508-C-7500,3.0,2.8,3.0
2025-08-07,2025-08-07 09:32:35.400,MO2508-C-7500,3.0,2.8,3.0
2025-08-07,2025-08-07 09:32:35.900,MO2508-C-7500,3.0,2.8,3.0
2025-08-07,2025-08-07 09:32:37.900,MO2508-C-7500,3.0,2.8,3.0
2025-08-07,2025-08-07 09:32:39.900,MO2508-C-7500,3.0,2.8,3.0
2025-08-07,2025-08-07 09:32:40.400,MO2508-C-7500,3.0,2.8,3.0
2025-08-07,2025-08-07 09:32:41.400,MO2508-C-7500,3.0,2.8,3.0
2025-08-07,2025-08-07 09:32:41.900,MO2508-C-7500,3.0,2.8,3.0
2025-08-07,2025-08-07 09:32:44.900,MO2508-C-7500,3.0,2.8,3.0
2025-08-07,2025-08-07 09:32:45.400,MO2508-C-7500,3.0,2.8,3.0
2025-08-07,2025-08-07 09:32:47.400,MO2508-C-7500,3.0,2.8,3.0
2025-08-07,2025-08-07 09:32:47.900,MO2508-C-7500,3.0,2.8,3.0
2025-08-07,2025-08-07 09:32:48.400,MO2508-C-7500,3.0,2.8,3.0
2025-08-07,2025-08-07 09:32:48.900,MO2508-C-7500,3.0,2.8,3.0
2025-08-07,2025-08-07 09:32:49.400,MO2508-C-7500,3.0,2.8,3.2
2025-08-07,2025-08-07 09:32:49.900,MO2508-C-7500,3.0,2.8,3.2
2025-08-07,2025-08-07 09:32:50.400,MO2508-C-7500,3.0,2.8,3.2
2025-08-07,2025-08-07 09:32:50.900,MO2508-C-7500,3.0,2.8,3.2
2025-08-07,2025-08-07 09:32:51.900,MO2508-C-7500,3.0,2.8,3.2
2025-08-07,2025-08-07 09:32:53.400,MO2508-C-7500,3.0,2.8,3.2
2025-08-07,2025-08-07 09:32:53.900,MO2508-C-7500,3.0,2.8,3.2
2025-08-07,2025-08-07 09:32:54.400,MO2508-C-7500,3.0,2.8,3.2
2025-08-07,2025-08-07 09:32:54.900,MO2508-C-7500,3.0,2.8,3.0
2025-08-07,2025-08-07 09:32:55.400,MO2508-C-7500,3.0,2.8,3.0
2025-08-07,2025-08-07 09:32:55.900,MO2508-C-7500,3.0,2.8,3.0
2025-08-07,2025-08-07 09:32:56.400,MO2508-C-7500,3.0,2.8,3.0
2025-08-07,2025-08-07 09:32:57.400,MO2508-C-7500,3.0,2.8,3.0
2025-08-07,2025-08-07 09:32:58.400,MO2508-C-7500,3.0,2.8,3.0
2025-08-07,2025-08-07 09:32:58.900,MO2508-C-7500,3.0,2.8,3.0
2025-08-07,2025-08-07 09:33:00.400,MO2508-C-7500,3.0,2.8,3.0
2025-08-07,2025-08-07 09:33:02.400,MO2508-C-7500,3.0,2.8,3.0
2025-08-07,2025-08-07 09:33:02.900,MO2508-C-7500,3.0,2.8,3.0
2025-08-07,2025-08-07 09:33:03.400,MO2508-C-7500,3.0,2.8,3.0
2025-08-07,2025-08-07 09:33:03.900,MO2508-C-7500,3.0,2.8,3.0
2025-08-07,2025-08-07 09:33:04.900,MO2508-C-7500,3.0,2.8,3.0
2025-08-07,2025-08-07 09:33:05.400,MO2508-C-7500,3.0,2.8,3.0
2025-08-07,2025-08-07 09:33:06.900,MO2508-C-7500,3.0,2.8,3.0
2025-08-07,2025-08-07 09:33:07.400,MO2508-C-7500,3.0,2.8,3.0
2025-08-07,2025-08-07 09:33:07.900,MO2508-C-7500,2.8,2.8,3.0
2025-08-07,2025-08-07 09:33:08.400,MO2508-C-7500,2.8,2.8,3.0
2025-08-07,2025-08-07 09:33:08.900,MO2508-C-7500,2.8,2.8,3.0
2025-08-07,2025-08-07 09:33:09.400,MO2508-C-7500,2.8,2.8,3.0
2025-08-07,2025-08-07 09:33:09.900,MO2508-C-7500,2.8,2.8,3.0
2025-08-07,2025-08-07 09:33:10.400,MO2508-C-7500,2.8,2.8,3.0
2025-08-07,2025-08-07 09:33:11.900,MO2508-C-7500,2.8,2.8,3.0
2025-08-07,2025-08-07 09:33:12.900,MO2508-C-7500,2.8,2.8,3.0
2025-08-07,2025-08-07 09:33:14.900,MO2508-C-7500,2.8,2.8,3.0
2025-08-07,2025-08-07 09:33:15.400,MO2508-C-7500,2.8,2.8,3.0
2025-08-07,2025-08-07 09:33:16.900,MO2508-C-7500,2.8,2.8,3.0
2025-08-07,2025-08-07 09:33:17.900,MO2508-C-7500,2.8,2.8,3.0
2025-08-07,2025-08-07 09:33:18.400,MO2508-C-7500,2.8,2.8,3.0
2025-08-07,2025-08-07 09:33:24.900,MO2508-C-7500,2.8,2.8,3.0
2025-08-07,2025-08-07 09:33:25.400,MO2508-C-7500,2.8,2.8,3.0
2025-08-07,2025-08-07 09:33:25.900,MO2508-C-7500,2.8,2.8,3.0
2025-08-07,2025-08-07 09:33:26.900,MO2508-C-7500,2.8,2.8,3.0
2025-08-07,2025-08-07 09:33:28.400,MO2508-C-7500,2.8,2.8,3.0
2025-08-07,2025-08-07 09:33:29.900,MO2508-C-7500,2.8,2.8,3.0
2025-08-07,2025-08-07 09:33:30.400,MO2508-C-7500,2.8,2.8,3.0
2025-08-07,2025-08-07 09:33:30.900,MO2508-C-7500,3.0,2.8,3.0
2025-08-07,2025-08-07 09:33:31.400,MO2508-C-7500,3.0,2.8,3.0
2025-08-07,2025-08-07 09:33:31.900,MO2508-C-7500,3.0,2.8,3.0
2025-08-07,2025-08-07 09:33:32.400,MO2508-C-7500,3.0,2.8,3.0
2025-08-07,2025-08-07 09:33:33.900,MO2508-C-7500,3.0,2.8,3.0
2025-08-07,2025-08-07 09:33:34.900,MO2508-C-7500,3.0,2.8,3.0
2025-08-07,2025-08-07 09:33:35.400,MO2508-C-7500,3.0,2.8,3.0
2025-08-07,2025-08-07 09:33:35.900,MO2508-C-7500,3.0,2.8,3.0
2025-08-07,2025-08-07 09:33:36.400,MO2508-C-7500,3.0,2.8,3.0
2025-08-07,2025-08-07 09:33:37.900,MO2508-C-7500,2.8,2.8,3.0
2025-08-07,2025-08-07 09:33:39.400,MO2508-C-7500,2.8,2.8,3.0
2025-08-07,2025-08-07 09:33:39.900,MO2508-C-7500,2.8,2.8,3.0
2025-08-07,2025-08-07 09:33:42.900,MO2508-C-7500,2.8,2.8,3.0
2025-08-07,2025-08-07 09:33:43.900,MO2508-C-7500,2.8,2.8,3.0
2025-08-07,2025-08-07 09:33:44.900,MO2508-C-7500,2.8,2.8,3.0
2025-08-07,2025-08-07 09:33:45.400,MO2508-C-7500,2.8,2.8,3.0
2025-08-07,2025-08-07 09:33:49.400,MO2508-C-7500,2.8,2.8,3.0
2025-08-07,2025-08-07 09:33:50.900,MO2508-C-7500,2.8,2.8,3.0
2025-08-07,2025-08-07 09:33:51.400,MO2508-C-7500,2.8,2.8,3.0
2025-08-07,2025-08-07 09:33:51.900,MO2508-C-7500,2.8,2.8,3.0
2025-08-07,2025-08-07 09:33:52.900,MO2508-C-7500,2.8,2.8,3.0
2025-08-07,2025-08-07 09:33:53.400,MO2508-C-7500,2.8,2.8,3.0
2025-08-07,2025-08-07 09:33:53.900,MO2508-C-7500,2.8,2.8,3.0
2025-08-07,2025-08-07 09:33:54.900,MO2508-C-7500,2.8,2.8,3.0
2025-08-07,2025-08-07 09:33:55.400,MO2508-C-7500,2.8,2.8,3.0
2025-08-07,2025-08-07 09:33:56.900,MO2508-C-7500,2.8,2.8,3.0
2025-08-07,2025-08-07 09:33:59.400,MO2508-C-7500,2.8,2.8,3.0
2025-08-07,2025-08-07 09:34:00.400,MO2508-C-7500,2.8,2.8,3.0
2025-08-07,2025-08-07 09:34:00.900,MO2508-C-7500,2.8,2.8,3.0
2025-08-07,2025-08-07 09:34:01.400,MO2508-C-7500,2.8,2.8,3.0
2025-08-07,2025-08-07 09:34:02.900,MO2508-C-7500,2.8,2.8,3.0
2025-08-07,2025-08-07 09:34:03.900,MO2508-C-7500,2.8,2.8,3.0
2025-08-07,2025-08-07 09:34:04.400,MO2508-C-7500,2.8,2.8,3.0
2025-08-07,2025-08-07 09:34:04.900,MO2508-C-7500,3.0,2.8,3.0
2025-08-07,2025-08-07 09:34:05.400,MO2508-C-7500,3.0,2.8,3.0
2025-08-07,2025-08-07 09:34:05.900,MO2508-C-7500,3.0,2.8,3.0
2025-08-07,2025-08-07 09:34:06.400,MO2508-C-7500,3.0,2.8,3.0
2025-08-07,2025-08-07 09:34:14.900,MO2508-C-7500,3.0,2.8,3.0
2025-08-07,2025-08-07 09:34:15.400,MO2508-C-7500,3.0,2.8,3.0
2025-08-07,2025-08-07 09:34:15.900,MO2508-C-7500,3.0,2.8,3.0
2025-08-07,2025-08-07 09:34:16.400,MO2508-C-7500,3.0,2.8,3.0
2025-08-07,2025-08-07 09:34:16.900,MO2508-C-7500,3.0,2.8,3.0
2025-08-07,2025-08-07 09:34:18.400,MO2508-C-7500,3.0,2.8,3.0
2025-08-07,2025-08-07 09:34:18.900,MO2508-C-7500,3.0,2.8,3.0
2025-08-07,2025-08-07 09:34:20.400,MO2508-C-7500,3.0,2.8,3.0
2025-08-07,2025-08-07 09:34:21.900,MO2508-C-7500,3.0,2.8,3.0
2025-08-07,2025-08-07 09:34:22.900,MO2508-C-7500,3.0,2.8,3.0
2025-08-07,2025-08-07 09:34:23.400,MO2508-C-7500,3.0,2.8,3.0
2025-08-07,2025-08-07 09:34:23.900,MO2508-C-7500,3.0,2.8,3.0
2025-08-07,2025-08-07 09:34:24.900,MO2508-C-7500,3.0,2.8,3.0
2025-08-07,2025-08-07 09:34:25.400,MO2508-C-7500,3.0,2.8,3.0
2025-08-07,2025-08-07 09:34:26.900,MO2508-C-7500,3.0,2.8,3.0
2025-08-07,2025-08-07 09:34:27.400,MO2508-C-7500,3.0,2.8,3.0
2025-08-07,2025-08-07 09:34:27.900,MO2508-C-7500,3.0,2.8,3.0
2025-08-07,2025-08-07 09:34:28.400,MO2508-C-7500,3.0,2.8,3.0
2025-08-07,2025-08-07 09:34:33.400,MO2508-C-7500,3.0,2.8,3.0
2025-08-07,2025-08-07 09:34:33.900,MO2508-C-7500,3.0,2.8,3.0
2025-08-07,2025-08-07 09:34:34.400,MO2508-C-7500,3.0,2.8,3.0
2025-08-07,2025-08-07 09:34:34.900,MO2508-C-7500,3.0,2.8,3.0
2025-08-07,2025-08-07 09:34:35.400,MO2508-C-7500,3.0,2.8,3.0
2025-08-07,2025-08-07 09:34:39.400,MO2508-C-7500,3.0,2.8,3.0
2025-08-07,2025-08-07 09:34:40.900,MO2508-C-7500,3.0,2.8,3.0
2025-08-07,2025-08-07 09:34:41.900,MO2508-C-7500,3.0,2.8,3.0
2025-08-07,2025-08-07 09:34:44.900,MO2508-C-7500,3.0,2.8,3.0
2025-08-07,2025-08-07 09:34:45.400,MO2508-C-7500,3.0,2.8,3.0
2025-08-07,2025-08-07 09:34:46.900,MO2508-C-7500,3.0,2.8,3.0
2025-08-07,2025-08-07 09:34:48.400,MO2508-C-7500,3.0,2.8,3.0
2025-08-07,2025-08-07 09:34:48.900,MO2508-C-7500,3.0,2.8,3.0
2025-08-07,2025-08-07 09:34:49.900,MO2508-C-7500,3.0,2.8,3.0
2025-08-07,2025-08-07 09:34:51.400,MO2508-C-7500,3.0,2.8,3.0
2025-08-07,2025-08-07 09:34:52.400,MO2508-C-7500,3.0,2.8,3.0
2025-08-07,2025-08-07 09:34:52.900,MO2508-C-7500,3.0,2.8,3.0
2025-08-07,2025-08-07 09:34:54.900,MO2508-C-7500,3.0,2.8,3.0
2025-08-07,2025-08-07 09:34:55.400,MO2508-C-7500,3.0,2.8,3.0
2025-08-07,2025-08-07 09:35:03.900,MO2508-C-7500,3.0,2.8,3.0
2025-08-07,2025-08-07 09:35:04.400,MO2508-C-7500,3.0,2.8,3.0
2025-08-07,2025-08-07 09:35:04.900,MO2508-C-7500,3.0,2.8,3.0
2025-08-07,2025-08-07 09:35:05.400,MO2508-C-7500,3.0,2.8,3.0
2025-08-07,2025-08-07 09:35:10.400,MO2508-C-7500,3.0,2.8,3.0
2025-08-07,2025-08-07 09:35:10.900,MO2508-C-7500,3.0,2.8,3.0
2025-08-07,2025-08-07 09:35:14.900,MO2508-C-7500,3.0,2.8,3.0
2025-08-07,2025-08-07 09:35:15.400,MO2508-C-7500,3.0,2.8,3.0
2025-08-07,2025-08-07 09:35:18.400,MO2508-C-7500,3.0,2.8,3.0
2025-08-07,2025-08-07 09:35:19.400,MO2508-C-7500,3.0,2.8,3.0
2025-08-07,2025-08-07 09:35:19.900,MO2508-C-7500,3.0,2.8,3.0
2025-08-07,2025-08-07 09:35:20.400,MO2508-C-7500,3.0,2.8,3.0
2025-08-07,2025-08-07 09:35:22.900,MO2508-C-7500,3.0,2.8,3.0
2025-08-07,2025-08-07 09:35:23.400,MO2508-C-7500,3.0,2.8,3.0
2025-08-07,2025-08-07 09:35:24.900,MO2508-C-7500,3.0,2.8,3.0
2025-08-07,2025-08-07 09:35:25.400,MO2508-C-7500,3.0,2.8,3.0
2025-08-07,2025-08-07 09:35:26.400,MO2508-C-7500,3.0,2.8,3.0
2025-08-07,2025-08-07 09:35:26.900,MO2508-C-7500,3.0,2.8,3.0
2025-08-07,2025-08-07 09:35:31.900,MO2508-C-7500,3.0,2.8,3.0
2025-08-07,2025-08-07 09:35:32.400,MO2508-C-7500,3.0,2.8,3.0
2025-08-07,2025-08-07 09:35:33.400,MO2508-C-7500,3.0,2.8,3.0
2025-08-07,2025-08-07 09:35:34.400,MO2508-C-7500,3.0,2.8,3.0
2025-08-07,2025-08-07 09:35:34.900,MO2508-C-7500,3.0,2.8,3.0
2025-08-07,2025-08-07 09:35:35.400,MO2508-C-7500,3.0,2.8,3.0
2025-08-07,2025-08-07 09:35:42.900,MO2508-C-7500,3.0,2.8,3.0
2025-08-07,2025-08-07 09:35:44.900,MO2508-C-7500,3.0,2.8,3.0
2025-08-07,2025-08-07 09:35:45.400,MO2508-C-7500,3.0,2.8,3.0
2025-08-07,2025-08-07 09:35:50.400,MO2508-C-7500,3.0,2.8,3.0
2025-08-07,2025-08-07 09:35:52.900,MO2508-C-7500,3.0,2.8,3.0
2025-08-07,2025-08-07 09:35:54.900,MO2508-C-7500,3.0,2.8,3.0
2025-08-07,2025-08-07 09:35:55.400,MO2508-C-7500,3.0,2.8,3.0
2025-08-07,2025-08-07 09:35:55.900,MO2508-C-7500,3.0,2.8,3.0
2025-08-07,2025-08-07 09:35:56.400,MO2508-C-7500,3.0,2.8,3.0
2025-08-07,2025-08-07 09:35:57.400,MO2508-C-7500,3.0,2.8,3.0
2025-08-07,2025-08-07 09:35:59.400,MO2508-C-7500,3.0,2.8,3.0
2025-08-07,2025-08-07 09:35:59.900,MO2508-C-7500,3.0,2.8,3.0
2025-08-07,2025-08-07 09:36:01.400,MO2508-C-7500,3.0,2.8,3.0
2025-08-07,2025-08-07 09:36:01.900,MO2508-C-7500,3.0,2.8,3.0
2025-08-07,2025-08-07 09:36:02.400,MO2508-C-7500,3.0,2.8,3.0
2025-08-07,2025-08-07 09:36:02.900,MO2508-C-7500,3.0,2.8,3.0
2025-08-07,2025-08-07 09:36:04.900,MO2508-C-7500,3.0,2.8,3.0
2025-08-07,2025-08-07 09:36:05.400,MO2508-C-7500,3.0,2.8,3.0
2025-08-07,2025-08-07 09:36:12.400,MO2508-C-7500,3.0,2.8,3.0
2025-08-07,2025-08-07 09:36:13.900,MO2508-C-7500,3.0,2.8,3.0
2025-08-07,2025-08-07 09:36:14.900,MO2508-C-7500,3.0,2.8,3.0
2025-08-07,2025-08-07 09:36:15.400,MO2508-C-7500,3.0,2.8,3.0
2025-08-07,2025-08-07 09:36:17.900,MO2508-C-7500,3.0,2.8,3.0
2025-08-07,2025-08-07 09:36:19.900,MO2508-C-7500,3.0,2.8,3.0
2025-08-07,2025-08-07 09:36:23.400,MO2508-C-7500,3.0,2.8,3.0
2025-08-07,2025-08-07 09:36:24.900,MO2508-C-7500,3.0,2.8,3.0
2025-08-07,2025-08-07 09:36:25.400,MO2508-C-7500,3.0,2.8,3.0
2025-08-07,2025-08-07 09:36:34.900,MO2508-C-7500,3.0,2.8,3.0
2025-08-07,2025-08-07 09:36:35.400,MO2508-C-7500,3.0,2.8,3.0
2025-08-07,2025-08-07 09:36:36.400,MO2508-C-7500,3.0,2.8,3.0
2025-08-07,2025-08-07 09:36:36.900,MO2508-C-7500,3.0,2.8,3.0
2025-08-07,2025-08-07 09:36:44.900,MO2508-C-7500,3.0,2.8,3.0
2025-08-07,2025-08-07 09:36:45.400,MO2508-C-7500,3.0,2.8,3.0
2025-08-07,2025-08-07 09:36:47.900,MO2508-C-7500,3.0,2.8,3.0
2025-08-07,2025-08-07 09:36:48.400,MO2508-C-7500,3.0,2.8,3.0
2025-08-07,2025-08-07 09:36:48.900,MO2508-C-7500,3.0,2.8,3.0
2025-08-07,2025-08-07 09:36:49.400,MO2508-C-7500,3.0,2.8,3.0
2025-08-07,2025-08-07 09:36:49.900,MO2508-C-7500,3.0,2.8,3.0
2025-08-07,2025-08-07 09:36:51.400,MO2508-C-7500,3.0,2.8,3.0
2025-08-07,2025-08-07 09:36:51.900,MO2508-C-7500,3.0,2.8,3.0
2025-08-07,2025-08-07 09:36:53.400,MO2508-C-7500,3.0,2.8,3.0
2025-08-07,2025-08-07 09:36:54.900,MO2508-C-7500,3.0,2.8,3.0
2025-08-07,2025-08-07 09:36:55.400,MO2508-C-7500,3.0,2.8,3.0
2025-08-07,2025-08-07 09:36:55.900,MO2508-C-7500,3.0,2.8,3.0
2025-08-07,2025-08-07 09:36:56.900,MO2508-C-7500,3.0,2.8,3.0
2025-08-07,2025-08-07 09:36:57.400,MO2508-C-7500,3.0,2.8,3.0
2025-08-07,2025-08-07 09:36:58.900,MO2508-C-7500,3.0,2.8,3.0
2025-08-07,2025-08-07 09:36:59.900,MO2508-C-7500,3.0,2.8,3.0
2025-08-07,2025-08-07 09:37:01.400,MO2508-C-7500,3.0,2.8,3.0
2025-08-07,2025-08-07 09:37:01.900,MO2508-C-7500,3.0,2.8,3.0
2025-08-07,2025-08-07 09:37:02.900,MO2508-C-7500,3.0,2.8,3.0
2025-08-07,2025-08-07 09:37:03.400,MO2508-C-7500,3.0,2.8,3.0
2025-08-07,2025-08-07 09:37:03.900,MO2508-C-7500,3.0,2.8,3.0
2025-08-07,2025-08-07 09:37:04.400,MO2508-C-7500,3.0,2.8,3.0
2025-08-07,2025-08-07 09:37:04.900,MO2508-C-7500,3.0,2.8,3.0
2025-08-07,2025-08-07 09:37:05.400,MO2508-C-7500,3.0,2.8,3.0
2025-08-07,2025-08-07 09:37:05.900,MO2508-C-7500,3.0,2.8,3.0
2025-08-07,2025-08-07 09:37:06.400,MO2508-C-7500,3.0,2.8,3.0
2025-08-07,2025-08-07 09:37:08.900,MO2508-C-7500,3.0,2.8,3.0
2025-08-07,2025-08-07 09:37:09.400,MO2508-C-7500,3.0,2.8,3.0
2025-08-07,2025-08-07 09:37:09.900,MO2508-C-7500,3.0,2.8,3.0
2025-08-07,2025-08-07 09:37:10.900,MO2508-C-7500,3.0,2.8,3.0
2025-08-07,2025-08-07 09:37:11.400,MO2508-C-7500,3.0,2.8,3.0
2025-08-07,2025-08-07 09:37:11.900,MO2508-C-7500,3.0,2.8,3.0
2025-08-07,2025-08-07 09:37:12.400,MO2508-C-7500,3.0,2.8,3.0
2025-08-07,2025-08-07 09:37:12.900,MO2508-C-7500,3.0,2.8,3.0
2025-08-07,2025-08-07 09:37:13.900,MO2508-C-7500,3.0,2.8,3.0
2025-08-07,2025-08-07 09:37:14.900,MO2508-C-7500,3.0,2.8,3.0
2025-08-07,2025-08-07 09:37:15.400,MO2508-C-7500,3.0,2.8,3.0
2025-08-07,2025-08-07 09:37:16.400,MO2508-C-7500,3.0,2.8,3.0
2025-08-07,2025-08-07 09:37:16.900,MO2508-C-7500,3.0,2.8,3.0
2025-08-07,2025-08-07 09:37:17.400,MO2508-C-7500,3.0,2.8,3.0
2025-08-07,2025-08-07 09:37:17.900,MO2508-C-7500,3.0,2.8,3.0
2025-08-07,2025-08-07 09:37:18.900,MO2508-C-7500,3.0,2.8,3.0
2025-08-07,2025-08-07 09:37:19.400,MO2508-C-7500,3.0,2.8,3.0
2025-08-07,2025-08-07 09:37:19.900,MO2508-C-7500,3.0,2.8,3.0
2025-08-07,2025-08-07 09:37:20.400,MO2508-C-7500,3.0,2.8,3.0
2025-08-07,2025-08-07 09:37:20.900,MO2508-C-7500,3.0,2.8,3.0
2025-08-07,2025-08-07 09:37:21.400,MO2508-C-7500,3.0,2.8,3.0
2025-08-07,2025-08-07 09:37:21.900,MO2508-C-7500,3.0,2.8,3.0
2025-08-07,2025-08-07 09:37:22.900,MO2508-C-7500,3.0,2.8,3.0
2025-08-07,2025-08-07 09:37:23.900,MO2508-C-7500,3.0,2.8,3.0
2025-08-07,2025-08-07 09:37:24.400,MO2508-C-7500,3.0,2.8,3.0
2025-08-07,2025-08-07 09:37:24.900,MO2508-C-7500,3.0,2.8,3.0
2025-08-07,2025-08-07 09:37:25.400,MO2508-C-7500,3.0,2.8,3.0
2025-08-07,2025-08-07 09:37:25.900,MO2508-C-7500,3.0,2.8,3.0
2025-08-07,2025-08-07 09:37:26.400,MO2508-C-7500,3.0,2.8,3.0
2025-08-07,2025-08-07 09:37:26.900,MO2508-C-7500,3.0,2.8,3.0
2025-08-07,2025-08-07 09:37:27.400,MO2508-C-7500,3.0,2.8,3.0
2025-08-07,2025-08-07 09:37:27.900,MO2508-C-7500,3.0,2.8,3.0
2025-08-07,2025-08-07 09:37:28.400,MO2508-C-7500,3.0,2.8,3.0
2025-08-07,2025-08-07 09:37:31.900,MO2508-C-7500,3.0,2.8,3.0
2025-08-07,2025-08-07 09:37:32.400,MO2508-C-7500,3.0,2.8,3.0
2025-08-07,2025-08-07 09:37:34.400,MO2508-C-7500,3.0,2.8,3.0
2025-08-07,2025-08-07 09:37:34.900,MO2508-C-7500,3.0,2.8,3.0
2025-08-07,2025-08-07 09:37:35.400,MO2508-C-7500,3.0,2.8,3.0
2025-08-07,2025-08-07 09:37:36.900,MO2508-C-7500,3.0,2.8,3.0
2025-08-07,2025-08-07 09:37:37.900,MO2508-C-7500,3.0,2.8,3.0
2025-08-07,2025-08-07 09:37:43.900,MO2508-C-7500,2.8,2.8,3.0
2025-08-07,2025-08-07 09:37:44.400,MO2508-C-7500,2.8,2.8,3.0
2025-08-07,2025-08-07 09:37:44.900,MO2508-C-7500,2.8,2.8,3.0
2025-08-07,2025-08-07 09:37:45.400,MO2508-C-7500,2.8,2.8,3.0
2025-08-07,2025-08-07 09:37:48.400,MO2508-C-7500,2.8,2.8,3.0
2025-08-07,2025-08-07 09:37:49.900,MO2508-C-7500,2.8,2.8,3.0
2025-08-07,2025-08-07 09:37:51.400,MO2508-C-7500,2.8,2.8,3.0
2025-08-07,2025-08-07 09:37:52.400,MO2508-C-7500,2.8,2.8,3.0
2025-08-07,2025-08-07 09:37:53.900,MO2508-C-7500,2.8,2.8,3.0
2025-08-07,2025-08-07 09:37:54.400,MO2508-C-7500,2.8,2.8,3.0
2025-08-07,2025-08-07 09:37:54.900,MO2508-C-7500,2.8,2.8,3.0
2025-08-07,2025-08-07 09:37:55.400,MO2508-C-7500,2.8,2.8,3.0
2025-08-07,2025-08-07 09:37:55.900,MO2508-C-7500,3.0,2.8,3.0
2025-08-07,2025-08-07 09:37:59.900,MO2508-C-7500,3.0,2.8,3.0
2025-08-07,2025-08-07 09:38:00.400,MO2508-C-7500,3.0,2.8,3.0
2025-08-07,2025-08-07 09:38:02.900,MO2508-C-7500,3.0,2.8,3.0
2025-08-07,2025-08-07 09:38:03.400,MO2508-C-7500,3.0,2.8,3.0
2025-08-07,2025-08-07 09:38:03.900,MO2508-C-7500,3.0,2.8,3.0
2025-08-07,2025-08-07 09:38:04.400,MO2508-C-7500,3.0,2.8,3.0
2025-08-07,2025-08-07 09:38:04.900,MO2508-C-7500,3.0,2.8,3.0
2025-08-07,2025-08-07 09:38:05.400,MO2508-C-7500,3.0,2.8,3.0
2025-08-07,2025-08-07 09:38:05.900,MO2508-C-7500,3.0,2.8,3.0
2025-08-07,2025-08-07 09:38:06.400,MO2508-C-7500,3.0,2.8,3.0
2025-08-07,2025-08-07 09:38:06.900,MO2508-C-7500,3.0,2.8,3.0
2025-08-07,2025-08-07 09:38:08.400,MO2508-C-7500,3.0,2.8,3.0
2025-08-07,2025-08-07 09:38:08.900,MO2508-C-7500,3.0,2.8,3.0
2025-08-07,2025-08-07 09:38:09.900,MO2508-C-7500,3.0,2.8,3.0
2025-08-07,2025-08-07 09:38:11.400,MO2508-C-7500,3.0,2.8,3.0
2025-08-07,2025-08-07 09:38:11.900,MO2508-C-7500,3.0,2.8,3.0
2025-08-07,2025-08-07 09:38:12.400,MO2508-C-7500,3.0,2.8,3.0
2025-08-07,2025-08-07 09:38:12.900,MO2508-C-7500,3.0,2.8,3.0
2025-08-07,2025-08-07 09:38:13.400,MO2508-C-7500,3.0,2.8,3.0
2025-08-07,2025-08-07 09:38:14.900,MO2508-C-7500,3.0,2.8,3.0
2025-08-07,2025-08-07 09:38:15.400,MO2508-C-7500,3.0,2.8,3.0
2025-08-07,2025-08-07 09:38:15.900,MO2508-C-7500,3.0,2.8,3.0
2025-08-07,2025-08-07 09:38:16.400,MO2508-C-7500,3.0,2.8,3.0
2025-08-07,2025-08-07 09:38:17.400,MO2508-C-7500,3.0,2.8,3.0
2025-08-07,2025-08-07 09:38:18.400,MO2508-C-7500,3.0,2.8,3.0
2025-08-07,2025-08-07 09:38:20.400,MO2508-C-7500,3.0,2.8,3.0
2025-08-07,2025-08-07 09:38:20.900,MO2508-C-7500,3.0,2.8,3.0
2025-08-07,2025-08-07 09:38:22.400,MO2508-C-7500,3.0,2.8,3.0
2025-08-07,2025-08-07 09:38:22.900,MO2508-C-7500,3.0,2.8,3.0
2025-08-07,2025-08-07 09:38:23.400,MO2508-C-7500,3.0,2.8,3.0
2025-08-07,2025-08-07 09:38:23.900,MO2508-C-7500,3.0,2.8,3.0
2025-08-07,2025-08-07 09:38:24.900,MO2508-C-7500,3.0,2.8,3.0
2025-08-07,2025-08-07 09:38:25.400,MO2508-C-7500,3.0,2.8,3.0
2025-08-07,2025-08-07 09:38:26.900,MO2508-C-7500,3.0,2.8,3.0
2025-08-07,2025-08-07 09:38:27.400,MO2508-C-7500,3.0,2.8,3.0
2025-08-07,2025-08-07 09:38:27.900,MO2508-C-7500,3.0,2.8,3.0
2025-08-07,2025-08-07 09:38:28.400,MO2508-C-7500,3.0,2.8,3.0
2025-08-07,2025-08-07 09:38:28.900,MO2508-C-7500,3.0,2.8,3.0
2025-08-07,2025-08-07 09:38:29.400,MO2508-C-7500,3.0,2.8,3.0
2025-08-07,2025-08-07 09:38:30.900,MO2508-C-7500,3.0,2.8,3.0
2025-08-07,2025-08-07 09:38:31.400,MO2508-C-7500,3.0,2.8,3.0
2025-08-07,2025-08-07 09:38:32.400,MO2508-C-7500,3.0,2.8,3.0
2025-08-07,2025-08-07 09:38:34.900,MO2508-C-7500,3.0,2.8,3.0
2025-08-07,2025-08-07 09:38:35.400,MO2508-C-7500,3.0,2.8,3.0
2025-08-07,2025-08-07 09:38:35.900,MO2508-C-7500,3.0,2.8,3.0
2025-08-07,2025-08-07 09:38:38.400,MO2508-C-7500,3.0,2.8,3.0
2025-08-07,2025-08-07 09:38:39.400,MO2508-C-7500,3.0,2.8,3.0
2025-08-07,2025-08-07 09:38:40.400,MO2508-C-7500,3.0,2.8,3.0
2025-08-07,2025-08-07 09:38:40.900,MO2508-C-7500,2.8,2.6,3.0
2025-08-07,2025-08-07 09:38:41.400,MO2508-C-7500,2.8,2.6,3.0
2025-08-07,2025-08-07 09:38:43.400,MO2508-C-7500,2.8,2.6,3.0
2025-08-07,2025-08-07 09:38:43.900,MO2508-C-7500,2.8,2.6,3.0
2025-08-07,2025-08-07 09:38:44.900,MO2508-C-7500,2.8,2.6,3.0
2025-08-07,2025-08-07 09:38:45.400,MO2508-C-7500,2.8,2.6,3.0
2025-08-07,2025-08-07 09:38:48.900,MO2508-C-7500,2.8,2.6,3.0
2025-08-07,2025-08-07 09:38:49.400,MO2508-C-7500,2.8,2.6,3.0
2025-08-07,2025-08-07 09:38:54.400,MO2508-C-7500,2.8,2.6,3.0
2025-08-07,2025-08-07 09:38:54.900,MO2508-C-7500,2.8,2.6,3.0
2025-08-07,2025-08-07 09:38:55.400,MO2508-C-7500,2.8,2.6,3.0
2025-08-07,2025-08-07 09:38:56.400,MO2508-C-7500,2.8,2.6,3.0
2025-08-07,2025-08-07 09:38:57.400,MO2508-C-7500,2.8,2.6,3.0
2025-08-07,2025-08-07 09:38:57.900,MO2508-C-7500,2.8,2.6,3.0
2025-08-07,2025-08-07 09:38:58.400,MO2508-C-7500,2.8,2.6,3.0
2025-08-07,2025-08-07 09:38:58.900,MO2508-C-7500,2.8,2.6,3.0
2025-08-07,2025-08-07 09:38:59.900,MO2508-C-7500,2.8,2.6,3.0
2025-08-07,2025-08-07 09:39:04.900,MO2508-C-7500,2.8,2.6,3.0
2025-08-07,2025-08-07 09:39:05.400,MO2508-C-7500,2.8,2.6,3.0
2025-08-07,2025-08-07 09:39:05.900,MO2508-C-7500,2.8,2.6,3.0
2025-08-07,2025-08-07 09:39:06.400,MO2508-C-7500,2.8,2.6,3.0
2025-08-07,2025-08-07 09:39:06.900,MO2508-C-7500,2.8,2.6,3.0
2025-08-07,2025-08-07 09:39:07.400,MO2508-C-7500,2.8,2.6,3.0
2025-08-07,2025-08-07 09:39:08.900,MO2508-C-7500,2.8,2.6,3.0
2025-08-07,2025-08-07 09:39:10.400,MO2508-C-7500,2.8,2.6,3.0
2025-08-07,2025-08-07 09:39:11.900,MO2508-C-7500,2.8,2.6,3.0
2025-08-07,2025-08-07 09:39:12.400,MO2508-C-7500,2.8,2.6,3.0
2025-08-07,2025-08-07 09:39:14.400,MO2508-C-7500,2.8,2.6,3.0
2025-08-07,2025-08-07 09:39:14.900,MO2508-C-7500,2.8,2.6,3.0
2025-08-07,2025-08-07 09:39:15.400,MO2508-C-7500,2.8,2.6,3.0
2025-08-07,2025-08-07 09:39:16.900,MO2508-C-7500,2.8,2.6,3.0
2025-08-07,2025-08-07 09:39:17.900,MO2508-C-7500,2.8,2.6,3.0
2025-08-07,2025-08-07 09:39:21.900,MO2508-C-7500,2.8,2.6,3.0
2025-08-07,2025-08-07 09:39:22.400,MO2508-C-7500,2.8,2.6,3.0
2025-08-07,2025-08-07 09:39:23.400,MO2508-C-7500,2.8,2.6,3.0
2025-08-07,2025-08-07 09:39:23.900,MO2508-C-7500,2.8,2.6,3.0
2025-08-07,2025-08-07 09:39:24.900,MO2508-C-7500,2.8,2.6,3.0
2025-08-07,2025-08-07 09:39:25.400,MO2508-C-7500,2.8,2.6,3.0
2025-08-07,2025-08-07 09:39:25.900,MO2508-C-7500,2.8,2.6,3.0
2025-08-07,2025-08-07 09:39:26.400,MO2508-C-7500,2.8,2.6,2.8
2025-08-07,2025-08-07 09:39:26.900,MO2508-C-7500,2.8,2.6,2.8
2025-08-07,2025-08-07 09:39:27.400,MO2508-C-7500,2.8,2.6,2.8
2025-08-07,2025-08-07 09:39:27.900,MO2508-C-7500,2.8,2.6,2.8
2025-08-07,2025-08-07 09:39:28.400,MO2508-C-7500,2.8,2.6,2.8
2025-08-07,2025-08-07 09:39:29.900,MO2508-C-7500,2.8,2.6,2.8
2025-08-07,2025-08-07 09:39:31.400,MO2508-C-7500,2.8,2.6,2.8
2025-08-07,2025-08-07 09:39:31.900,MO2508-C-7500,2.8,2.6,2.8
2025-08-07,2025-08-07 09:39:33.900,MO2508-C-7500,2.8,2.6,2.8
2025-08-07,2025-08-07 09:39:34.400,MO2508-C-7500,2.8,2.6,2.8
2025-08-07,2025-08-07 09:39:34.900,MO2508-C-7500,2.8,2.6,2.8
2025-08-07,2025-08-07 09:39:35.400,MO2508-C-7500,2.8,2.6,2.8
2025-08-07,2025-08-07 09:39:36.400,MO2508-C-7500,2.8,2.6,2.8
2025-08-07,2025-08-07 09:39:36.900,MO2508-C-7500,2.8,2.6,2.8
2025-08-07,2025-08-07 09:39:37.400,MO2508-C-7500,2.8,2.6,2.8
2025-08-07,2025-08-07 09:39:43.400,MO2508-C-7500,2.8,2.6,2.8
2025-08-07,2025-08-07 09:39:44.900,MO2508-C-7500,2.8,2.6,2.8
2025-08-07,2025-08-07 09:39:45.400,MO2508-C-7500,2.8,2.6,2.8
2025-08-07,2025-08-07 09:39:45.900,MO2508-C-7500,2.8,2.6,2.8
2025-08-07,2025-08-07 09:39:48.900,MO2508-C-7500,2.8,2.6,2.8
2025-08-07,2025-08-07 09:39:49.400,MO2508-C-7500,2.8,2.6,2.8
2025-08-07,2025-08-07 09:39:49.900,MO2508-C-7500,2.8,2.6,2.8
2025-08-07,2025-08-07 09:39:50.900,MO2508-C-7500,2.8,2.6,2.8
2025-08-07,2025-08-07 09:39:52.900,MO2508-C-7500,2.8,2.6,2.8
2025-08-07,2025-08-07 09:39:53.400,MO2508-C-7500,2.8,2.6,2.8
2025-08-07,2025-08-07 09:39:53.900,MO2508-C-7500,2.8,2.6,2.8
2025-08-07,2025-08-07 09:39:54.400,MO2508-C-7500,2.8,2.6,2.8
2025-08-07,2025-08-07 09:39:54.900,MO2508-C-7500,2.8,2.6,2.8
2025-08-07,2025-08-07 09:39:55.400,MO2508-C-7500,2.8,2.6,2.8
2025-08-07,2025-08-07 09:39:57.900,MO2508-C-7500,2.8,2.6,2.8
2025-08-07,2025-08-07 09:39:58.900,MO2508-C-7500,2.8,2.6,2.8
2025-08-07,2025-08-07 09:40:01.900,MO2508-C-7500,2.8,2.6,2.8
2025-08-07,2025-08-07 09:40:04.900,MO2508-C-7500,2.8,2.6,2.8
2025-08-07,2025-08-07 09:40:05.400,MO2508-C-7500,2.8,2.6,2.8
2025-08-07,2025-08-07 09:40:05.900,MO2508-C-7500,2.8,2.6,2.8
2025-08-07,2025-08-07 09:40:06.900,MO2508-C-7500,2.8,2.6,2.8
2025-08-07,2025-08-07 09:40:07.900,MO2508-C-7500,2.8,2.6,2.8
2025-08-07,2025-08-07 09:40:10.400,MO2508-C-7500,2.8,2.6,2.8
2025-08-07,2025-08-07 09:40:11.400,MO2508-C-7500,2.8,2.6,2.8
2025-08-07,2025-08-07 09:40:11.900,MO2508-C-7500,2.8,2.6,2.8
2025-08-07,2025-08-07 09:40:13.400,MO2508-C-7500,2.8,2.6,2.8
2025-08-07,2025-08-07 09:40:14.900,MO2508-C-7500,2.8,2.6,2.8
2025-08-07,2025-08-07 09:40:15.400,MO2508-C-7500,2.8,2.6,2.8
2025-08-07,2025-08-07 09:40:16.900,MO2508-C-7500,2.8,2.6,2.8
2025-08-07,2025-08-07 09:40:17.400,MO2508-C-7500,2.8,2.6,2.8
2025-08-07,2025-08-07 09:40:18.900,MO2508-C-7500,2.8,2.6,2.8
2025-08-07,2025-08-07 09:40:19.400,MO2508-C-7500,2.8,2.6,2.8
2025-08-07,2025-08-07 09:40:19.900,MO2508-C-7500,2.8,2.6,2.8
2025-08-07,2025-08-07 09:40:24.900,MO2508-C-7500,2.8,2.6,2.8
2025-08-07,2025-08-07 09:40:25.400,MO2508-C-7500,2.8,2.6,2.8
2025-08-07,2025-08-07 09:40:25.900,MO2508-C-7500,2.8,2.6,2.8
2025-08-07,2025-08-07 09:40:30.900,MO2508-C-7500,2.8,2.6,2.8
2025-08-07,2025-08-07 09:40:31.400,MO2508-C-7500,2.8,2.6,2.8
2025-08-07,2025-08-07 09:40:34.900,MO2508-C-7500,2.8,2.6,2.8
2025-08-07,2025-08-07 09:40:35.400,MO2508-C-7500,2.8,2.6,2.8
2025-08-07,2025-08-07 09:40:36.900,MO2508-C-7500,2.8,2.6,2.8
2025-08-07,2025-08-07 09:40:39.400,MO2508-C-7500,2.8,2.6,2.8
2025-08-07,2025-08-07 09:40:44.400,MO2508-C-7500,2.8,2.6,2.8
2025-08-07,2025-08-07 09:40:44.900,MO2508-C-7500,2.8,2.6,2.8
2025-08-07,2025-08-07 09:40:45.400,MO2508-C-7500,2.8,2.6,2.8
2025-08-07,2025-08-07 09:40:54.900,MO2508-C-7500,2.8,2.6,2.8
2025-08-07,2025-08-07 09:40:55.400,MO2508-C-7500,2.8,2.6,2.8
2025-08-07,2025-08-07 09:40:59.400,MO2508-C-7500,2.8,2.6,2.8
2025-08-07,2025-08-07 09:41:02.900,MO2508-C-7500,2.8,2.6,2.8
2025-08-07,2025-08-07 09:41:03.400,MO2508-C-7500,2.8,2.6,2.8
2025-08-07,2025-08-07 09:41:03.900,MO2508-C-7500,2.8,2.6,2.8
2025-08-07,2025-08-07 09:41:04.400,MO2508-C-7500,2.8,2.6,2.8
2025-08-07,2025-08-07 09:41:04.900,MO2508-C-7500,2.8,2.6,2.8
2025-08-07,2025-08-07 09:41:05.400,MO2508-C-7500,2.8,2.6,2.8
2025-08-07,2025-08-07 09:41:05.900,MO2508-C-7500,2.8,2.6,2.8
2025-08-07,2025-08-07 09:41:14.900,MO2508-C-7500,2.8,2.6,2.8
2025-08-07,2025-08-07 09:41:15.400,MO2508-C-7500,2.8,2.6,2.8
2025-08-07,2025-08-07 09:41:15.900,MO2508-C-7500,2.8,2.6,2.8
2025-08-07,2025-08-07 09:41:16.400,MO2508-C-7500,2.8,2.6,2.8
2025-08-07,2025-08-07 09:41:16.900,MO2508-C-7500,2.8,2.6,2.8
2025-08-07,2025-08-07 09:41:17.400,MO2508-C-7500,2.8,2.6,2.8
2025-08-07,2025-08-07 09:41:18.400,MO2508-C-7500,2.8,2.6,2.8
2025-08-07,2025-08-07 09:41:18.900,MO2508-C-7500,2.8,2.6,2.8
2025-08-07,2025-08-07 09:41:24.900,MO2508-C-7500,2.8,2.6,2.8
2025-08-07,2025-08-07 09:41:25.400,MO2508-C-7500,2.8,2.6,2.8
2025-08-07,2025-08-07 09:41:26.400,MO2508-C-7500,2.8,2.6,2.8
2025-08-07,2025-08-07 09:41:26.900,MO2508-C-7500,2.8,2.6,2.8
2025-08-07,2025-08-07 09:41:27.400,MO2508-C-7500,2.8,2.6,2.8
2025-08-07,2025-08-07 09:41:29.900,MO2508-C-7500,2.8,2.6,2.8
2025-08-07,2025-08-07 09:41:34.900,MO2508-C-7500,2.8,2.6,2.8
2025-08-07,2025-08-07 09:41:35.400,MO2508-C-7500,2.8,2.6,2.8
2025-08-07,2025-08-07 09:41:35.900,MO2508-C-7500,2.8,2.6,2.8
2025-08-07,2025-08-07 09:41:37.400,MO2508-C-7500,2.8,2.6,2.8
2025-08-07,2025-08-07 09:41:38.900,MO2508-C-7500,2.8,2.6,2.8
2025-08-07,2025-08-07 09:41:39.400,MO2508-C-7500,2.8,2.6,2.8
2025-08-07,2025-08-07 09:41:39.900,MO2508-C-7500,2.8,2.6,2.8
2025-08-07,2025-08-07 09:41:40.900,MO2508-C-7500,2.8,2.6,2.8
2025-08-07,2025-08-07 09:41:42.400,MO2508-C-7500,2.8,2.6,2.8
2025-08-07,2025-08-07 09:41:42.900,MO2508-C-7500,2.8,2.6,2.8
2025-08-07,2025-08-07 09:41:43.900,MO2508-C-7500,2.8,2.6,2.8
2025-08-07,2025-08-07 09:41:44.400,MO2508-C-7500,2.8,2.6,2.8
2025-08-07,2025-08-07 09:41:44.900,MO2508-C-7500,2.8,2.6,2.8
2025-08-07,2025-08-07 09:41:45.400,MO2508-C-7500,2.8,2.6,2.8
2025-08-07,2025-08-07 09:41:48.900,MO2508-C-7500,2.8,2.6,2.8
2025-08-07,2025-08-07 09:41:49.400,MO2508-C-7500,2.8,2.6,2.8
2025-08-07,2025-08-07 09:41:49.900,MO2508-C-7500,2.8,2.6,2.8
2025-08-07,2025-08-07 09:41:54.900,MO2508-C-7500,2.8,2.6,2.8
2025-08-07,2025-08-07 09:41:55.400,MO2508-C-7500,2.8,2.6,2.8
2025-08-07,2025-08-07 09:42:02.900,MO2508-C-7500,2.6,2.6,2.8
2025-08-07,2025-08-07 09:42:03.400,MO2508-C-7500,2.6,2.6,2.8
2025-08-07,2025-08-07 09:42:04.900,MO2508-C-7500,2.6,2.6,2.8
2025-08-07,2025-08-07 09:42:05.400,MO2508-C-7500,2.6,2.6,2.8
2025-08-07,2025-08-07 09:42:08.400,MO2508-C-7500,2.6,2.6,2.8
2025-08-07,2025-08-07 09:42:08.900,MO2508-C-7500,2.6,2.6,2.8
2025-08-07,2025-08-07 09:42:11.400,MO2508-C-7500,2.6,2.6,2.8
2025-08-07,2025-08-07 09:42:11.900,MO2508-C-7500,2.6,2.6,2.8
2025-08-07,2025-08-07 09:42:12.400,MO2508-C-7500,2.6,2.4,2.8
2025-08-07,2025-08-07 09:42:12.900,MO2508-C-7500,2.6,2.4,2.8
2025-08-07,2025-08-07 09:42:13.400,MO2508-C-7500,2.6,2.4,2.8
2025-08-07,2025-08-07 09:42:14.900,MO2508-C-7500,2.6,2.4,2.8
2025-08-07,2025-08-07 09:42:15.400,MO2508-C-7500,2.6,2.4,2.8
2025-08-07,2025-08-07 09:42:16.900,MO2508-C-7500,2.6,2.4,2.8
2025-08-07,2025-08-07 09:42:17.400,MO2508-C-7500,2.6,2.4,2.8
2025-08-07,2025-08-07 09:42:17.900,MO2508-C-7500,2.6,2.4,2.8
2025-08-07,2025-08-07 09:42:18.400,MO2508-C-7500,2.6,2.4,2.8
2025-08-07,2025-08-07 09:42:18.900,MO2508-C-7500,2.6,2.4,2.8
2025-08-07,2025-08-07 09:42:23.400,MO2508-C-7500,2.6,2.4,2.8
2025-08-07,2025-08-07 09:42:23.900,MO2508-C-7500,2.6,2.4,2.8
2025-08-07,2025-08-07 09:42:24.900,MO2508-C-7500,2.6,2.4,2.8
2025-08-07,2025-08-07 09:42:25.400,MO2508-C-7500,2.6,2.4,2.8
2025-08-07,2025-08-07 09:42:30.400,MO2508-C-7500,2.6,2.4,2.8
2025-08-07,2025-08-07 09:42:31.900,MO2508-C-7500,2.6,2.4,2.8
2025-08-07,2025-08-07 09:42:33.900,MO2508-C-7500,2.6,2.4,2.8
2025-08-07,2025-08-07 09:42:34.900,MO2508-C-7500,2.6,2.4,2.8
2025-08-07,2025-08-07 09:42:35.400,MO2508-C-7500,2.6,2.4,2.8
2025-08-07,2025-08-07 09:42:38.400,MO2508-C-7500,2.6,2.4,2.8
2025-08-07,2025-08-07 09:42:39.900,MO2508-C-7500,2.6,2.4,2.8
2025-08-07,2025-08-07 09:42:41.400,MO2508-C-7500,2.6,2.4,2.8
2025-08-07,2025-08-07 09:42:44.900,MO2508-C-7500,2.6,2.4,2.8
2025-08-07,2025-08-07 09:42:45.400,MO2508-C-7500,2.6,2.4,2.8
2025-08-07,2025-08-07 09:42:48.900,MO2508-C-7500,2.6,2.4,2.6
2025-08-07,2025-08-07 09:42:49.400,MO2508-C-7500,2.6,2.4,2.6
2025-08-07,2025-08-07 09:42:50.400,MO2508-C-7500,2.6,2.4,2.6
2025-08-07,2025-08-07 09:42:54.900,MO2508-C-7500,2.6,2.4,2.6
2025-08-07,2025-08-07 09:42:55.400,MO2508-C-7500,2.6,2.4,2.6
2025-08-07,2025-08-07 09:42:58.400,MO2508-C-7500,2.6,2.4,2.6
2025-08-07,2025-08-07 09:43:03.900,MO2508-C-7500,2.6,2.4,2.6
2025-08-07,2025-08-07 09:43:04.400,MO2508-C-7500,2.6,2.4,2.6
2025-08-07,2025-08-07 09:43:04.900,MO2508-C-7500,2.6,2.4,2.6
2025-08-07,2025-08-07 09:43:05.400,MO2508-C-7500,2.6,2.4,2.6
2025-08-07,2025-08-07 09:43:05.900,MO2508-C-7500,2.6,2.4,2.6
2025-08-07,2025-08-07 09:43:06.400,MO2508-C-7500,2.6,2.4,2.6
2025-08-07,2025-08-07 09:43:06.900,MO2508-C-7500,2.6,2.4,2.6
2025-08-07,2025-08-07 09:43:08.900,MO2508-C-7500,2.6,2.4,2.6
2025-08-07,2025-08-07 09:43:09.400,MO2508-C-7500,2.6,2.4,2.6
2025-08-07,2025-08-07 09:43:09.900,MO2508-C-7500,2.6,2.4,2.6
2025-08-07,2025-08-07 09:43:10.400,MO2508-C-7500,2.6,2.4,2.6
2025-08-07,2025-08-07 09:43:10.900,MO2508-C-7500,2.6,2.4,2.6
2025-08-07,2025-08-07 09:43:11.400,MO2508-C-7500,2.6,2.4,2.6
2025-08-07,2025-08-07 09:43:14.900,MO2508-C-7500,2.6,2.4,2.6
2025-08-07,2025-08-07 09:43:15.400,MO2508-C-7500,2.6,2.4,2.6
2025-08-07,2025-08-07 09:43:17.900,MO2508-C-7500,2.6,2.4,2.6
2025-08-07,2025-08-07 09:43:18.400,MO2508-C-7500,2.6,2.4,2.6
2025-08-07,2025-08-07 09:43:24.900,MO2508-C-7500,2.6,2.4,2.6
2025-08-07,2025-08-07 09:43:25.400,MO2508-C-7500,2.6,2.4,2.6
2025-08-07,2025-08-07 09:43:28.900,MO2508-C-7500,2.6,2.4,2.6
2025-08-07,2025-08-07 09:43:34.900,MO2508-C-7500,2.6,2.4,2.6
2025-08-07,2025-08-07 09:43:35.400,MO2508-C-7500,2.6,2.4,2.6
2025-08-07,2025-08-07 09:43:38.900,MO2508-C-7500,2.6,2.4,2.6
2025-08-07,2025-08-07 09:43:39.400,MO2508-C-7500,2.6,2.4,2.6
2025-08-07,2025-08-07 09:43:41.900,MO2508-C-7500,2.6,2.4,2.6
2025-08-07,2025-08-07 09:43:44.900,MO2508-C-7500,2.6,2.4,2.6
2025-08-07,2025-08-07 09:43:45.400,MO2508-C-7500,2.6,2.4,2.6
2025-08-07,2025-08-07 09:43:45.900,MO2508-C-7500,2.6,2.4,2.6
2025-08-07,2025-08-07 09:43:48.400,MO2508-C-7500,2.6,2.4,2.6
2025-08-07,2025-08-07 09:43:48.900,MO2508-C-7500,2.6,2.4,2.6
2025-08-07,2025-08-07 09:43:49.400,MO2508-C-7500,2.6,2.4,2.6
2025-08-07,2025-08-07 09:43:49.900,MO2508-C-7500,2.6,2.4,2.6
2025-08-07,2025-08-07 09:43:52.900,MO2508-C-7500,2.6,2.4,2.6
2025-08-07,2025-08-07 09:43:53.400,MO2508-C-7500,2.6,2.4,2.6
2025-08-07,2025-08-07 09:43:53.900,MO2508-C-7500,2.6,2.4,2.6
2025-08-07,2025-08-07 09:43:54.900,MO2508-C-7500,2.6,2.4,2.6
2025-08-07,2025-08-07 09:43:55.400,MO2508-C-7500,2.6,2.4,2.6
2025-08-07,2025-08-07 09:43:55.900,MO2508-C-7500,2.6,2.4,2.6
2025-08-07,2025-08-07 09:43:56.400,MO2508-C-7500,2.6,2.4,2.6
2025-08-07,2025-08-07 09:43:56.900,MO2508-C-7500,2.6,2.4,2.6
2025-08-07,2025-08-07 09:44:01.900,MO2508-C-7500,2.6,2.4,2.6
2025-08-07,2025-08-07 09:44:02.400,MO2508-C-7500,2.6,2.4,2.6
2025-08-07,2025-08-07 09:44:02.900,MO2508-C-7500,2.6,2.4,2.6
2025-08-07,2025-08-07 09:44:03.400,MO2508-C-7500,2.6,2.4,2.6
2025-08-07,2025-08-07 09:44:03.900,MO2508-C-7500,2.6,2.4,2.6
2025-08-07,2025-08-07 09:44:04.900,MO2508-C-7500,2.6,2.4,2.6
2025-08-07,2025-08-07 09:44:05.400,MO2508-C-7500,2.6,2.4,2.6
2025-08-07,2025-08-07 09:44:05.900,MO2508-C-7500,2.6,2.2,2.6
2025-08-07,2025-08-07 09:44:06.400,MO2508-C-7500,2.6,2.2,2.6
2025-08-07,2025-08-07 09:44:07.400,MO2508-C-7500,2.6,2.4,2.6
2025-08-07,2025-08-07 09:44:07.900,MO2508-C-7500,2.6,2.4,2.6
2025-08-07,2025-08-07 09:44:08.400,MO2508-C-7500,2.6,2.4,2.6
2025-08-07,2025-08-07 09:44:10.400,MO2508-C-7500,2.6,2.4,2.6
2025-08-07,2025-08-07 09:44:10.900,MO2508-C-7500,2.6,2.4,2.6
2025-08-07,2025-08-07 09:44:12.900,MO2508-C-7500,2.6,2.4,2.6
2025-08-07,2025-08-07 09:44:14.400,MO2508-C-7500,2.6,2.4,2.6
2025-08-07,2025-08-07 09:44:14.900,MO2508-C-7500,2.6,2.4,2.6
2025-08-07,2025-08-07 09:44:15.400,MO2508-C-7500,2.6,2.4,2.6
2025-08-07,2025-08-07 09:44:16.400,MO2508-C-7500,2.6,2.4,2.6
2025-08-07,2025-08-07 09:44:16.900,MO2508-C-7500,2.6,2.2,2.6
2025-08-07,2025-08-07 09:44:17.400,MO2508-C-7500,2.6,2.2,2.6
2025-08-07,2025-08-07 09:44:17.900,MO2508-C-7500,2.6,2.2,2.4
2025-08-07,2025-08-07 09:44:18.900,MO2508-C-7500,2.6,2.2,2.4
2025-08-07,2025-08-07 09:44:24.400,MO2508-C-7500,2.6,2.2,2.4
2025-08-07,2025-08-07 09:44:24.900,MO2508-C-7500,2.6,2.2,2.4
2025-08-07,2025-08-07 09:44:25.400,MO2508-C-7500,2.6,2.2,2.4
2025-08-07,2025-08-07 09:44:27.900,MO2508-C-7500,2.6,2.2,2.4
2025-08-07,2025-08-07 09:44:28.400,MO2508-C-7500,2.6,2.2,2.4
2025-08-07,2025-08-07 09:44:32.400,MO2508-C-7500,2.6,2.2,2.4
2025-08-07,2025-08-07 09:44:34.900,MO2508-C-7500,2.6,2.2,2.4
2025-08-07,2025-08-07 09:44:35.400,MO2508-C-7500,2.6,2.2,2.4
2025-08-07,2025-08-07 09:44:44.900,MO2508-C-7500,2.6,2.2,2.4
2025-08-07,2025-08-07 09:44:45.400,MO2508-C-7500,2.6,2.2,2.4
2025-08-07,2025-08-07 09:44:47.400,MO2508-C-7500,2.2,2.2,2.4
2025-08-07,2025-08-07 09:44:47.900,MO2508-C-7500,2.2,2.2,2.4
2025-08-07,2025-08-07 09:44:48.400,MO2508-C-7500,2.2,2.2,2.4
2025-08-07,2025-08-07 09:44:50.400,MO2508-C-7500,2.2,2.2,2.4
2025-08-07,2025-08-07 09:44:50.900,MO2508-C-7500,2.2,2.2,2.4
2025-08-07,2025-08-07 09:44:52.400,MO2508-C-7500,2.2,2.2,2.4
2025-08-07,2025-08-07 09:44:52.900,MO2508-C-7500,2.2,2.2,2.4
2025-08-07,2025-08-07 09:44:53.400,MO2508-C-7500,2.2,2.2,2.4
2025-08-07,2025-08-07 09:44:54.900,MO2508-C-7500,2.2,2.2,2.4
2025-08-07,2025-08-07 09:44:55.400,MO2508-C-7500,2.2,2.2,2.4
2025-08-07,2025-08-07 09:44:57.900,MO2508-C-7500,2.2,2.2,2.4
2025-08-07,2025-08-07 09:44:58.400,MO2508-C-7500,2.2,2.2,2.4
2025-08-07,2025-08-07 09:44:59.900,MO2508-C-7500,2.2,2.2,2.4
2025-08-07,2025-08-07 09:45:00.400,MO2508-C-7500,2.2,2.2,2.4
2025-08-07,2025-08-07 09:45:01.400,MO2508-C-7500,2.4,2.4,2.6
2025-08-07,2025-08-07 09:45:01.900,MO2508-C-7500,2.6,2.2,2.6
2025-08-07,2025-08-07 09:45:02.400,MO2508-C-7500,2.6,2.2,2.4
2025-08-07,2025-08-07 09:45:02.900,MO2508-C-7500,2.6,2.2,2.4
2025-08-07,2025-08-07 09:45:03.400,MO2508-C-7500,2.6,2.2,2.4
2025-08-07,2025-08-07 09:45:04.900,MO2508-C-7500,2.6,2.2,2.4
2025-08-07,2025-08-07 09:45:05.400,MO2508-C-7500,2.6,2.2,2.4
2025-08-07,2025-08-07 09:45:06.900,MO2508-C-7500,2.6,2.2,2.4
2025-08-07,2025-08-07 09:45:07.400,MO2508-C-7500,2.6,2.2,2.4
2025-08-07,2025-08-07 09:45:07.900,MO2508-C-7500,2.6,2.2,2.4
2025-08-07,2025-08-07 09:45:08.400,MO2508-C-7500,2.6,2.2,2.4
2025-08-07,2025-08-07 09:45:08.900,MO2508-C-7500,2.6,2.2,2.4
2025-08-07,2025-08-07 09:45:09.400,MO2508-C-7500,2.6,2.2,2.4
2025-08-07,2025-08-07 09:45:09.900,MO2508-C-7500,2.6,2.2,2.4
2025-08-07,2025-08-07 09:45:10.400,MO2508-C-7500,2.6,2.2,2.4
2025-08-07,2025-08-07 09:45:13.400,MO2508-C-7500,2.6,2.2,2.4
2025-08-07,2025-08-07 09:45:13.900,MO2508-C-7500,2.6,2.2,2.4
2025-08-07,2025-08-07 09:45:14.400,MO2508-C-7500,2.6,2.2,2.4
2025-08-07,2025-08-07 09:45:14.900,MO2508-C-7500,2.6,2.2,2.4
2025-08-07,2025-08-07 09:45:15.400,MO2508-C-7500,2.6,2.2,2.4
2025-08-07,2025-08-07 09:45:15.900,MO2508-C-7500,2.6,2.2,2.4
2025-08-07,2025-08-07 09:45:16.400,MO2508-C-7500,2.6,2.2,2.4
2025-08-07,2025-08-07 09:45:16.900,MO2508-C-7500,2.6,2.2,2.4
2025-08-07,2025-08-07 09:45:17.400,MO2508-C-7500,2.6,2.2,2.4
2025-08-07,2025-08-07 09:45:17.900,MO2508-C-7500,2.6,2.2,2.4
2025-08-07,2025-08-07 09:45:18.400,MO2508-C-7500,2.2,2.0,2.2
2025-08-07,2025-08-07 09:45:18.900,MO2508-C-7500,2.2,2.0,2.2
2025-08-07,2025-08-07 09:45:19.400,MO2508-C-7500,2.2,2.0,2.2
2025-08-07,2025-08-07 09:45:19.900,MO2508-C-7500,2.2,2.0,2.2
2025-08-07,2025-08-07 09:45:20.400,MO2508-C-7500,2.2,2.0,2.2
2025-08-07,2025-08-07 09:45:20.900,MO2508-C-7500,2.2,2.0,2.4
2025-08-07,2025-08-07 09:45:21.400,MO2508-C-7500,2.2,2.0,2.4
2025-08-07,2025-08-07 09:45:22.900,MO2508-C-7500,2.0,2.0,2.4
2025-08-07,2025-08-07 09:45:23.400,MO2508-C-7500,2.0,2.0,2.4
2025-08-07,2025-08-07 09:45:24.900,MO2508-C-7500,2.0,2.0,2.4
2025-08-07,2025-08-07 09:45:25.400,MO2508-C-7500,2.0,2.0,2.4
2025-08-07,2025-08-07 09:45:28.900,MO2508-C-7500,2.0,2.0,2.4
2025-08-07,2025-08-07 09:45:29.400,MO2508-C-7500,2.0,2.0,2.4
2025-08-07,2025-08-07 09:45:29.900,MO2508-C-7500,2.0,2.0,2.4
2025-08-07,2025-08-07 09:45:34.900,MO2508-C-7500,2.0,2.0,2.4
2025-08-07,2025-08-07 09:45:35.400,MO2508-C-7500,2.0,2.0,2.4
2025-08-07,2025-08-07 09:45:36.400,MO2508-C-7500,2.0,2.0,2.4
2025-08-07,2025-08-07 09:45:37.400,MO2508-C-7500,2.0,2.0,2.4
2025-08-07,2025-08-07 09:45:37.900,MO2508-C-7500,2.0,2.0,2.4
2025-08-07,2025-08-07 09:45:39.400,MO2508-C-7500,2.0,2.0,2.4
2025-08-07,2025-08-07 09:45:44.900,MO2508-C-7500,2.0,2.0,2.4
2025-08-07,2025-08-07 09:45:45.400,MO2508-C-7500,2.0,2.0,2.4
2025-08-07,2025-08-07 09:45:47.900,MO2508-C-7500,2.0,2.0,2.4
2025-08-07,2025-08-07 09:45:53.400,MO2508-C-7500,2.0,2.0,2.4
2025-08-07,2025-08-07 09:45:53.900,MO2508-C-7500,2.0,2.0,2.4
2025-08-07,2025-08-07 09:45:54.400,MO2508-C-7500,2.0,2.0,2.4
2025-08-07,2025-08-07 09:45:54.900,MO2508-C-7500,2.0,2.0,2.4
2025-08-07,2025-08-07 09:45:55.400,MO2508-C-7500,2.0,2.0,2.4
2025-08-07,2025-08-07 09:46:03.900,MO2508-C-7500,2.0,2.0,2.4
2025-08-07,2025-08-07 09:46:04.400,MO2508-C-7500,2.0,2.0,2.4
2025-08-07,2025-08-07 09:46:04.900,MO2508-C-7500,2.0,2.0,2.4
2025-08-07,2025-08-07 09:46:05.400,MO2508-C-7500,2.0,2.0,2.4
2025-08-07,2025-08-07 09:46:09.400,MO2508-C-7500,2.0,2.0,2.2
2025-08-07,2025-08-07 09:46:09.900,MO2508-C-7500,2.0,2.0,2.2
2025-08-07,2025-08-07 09:46:10.900,MO2508-C-7500,2.0,2.0,2.2
2025-08-07,2025-08-07 09:46:14.900,MO2508-C-7500,2.0,2.0,2.2
2025-08-07,2025-08-07 09:46:15.400,MO2508-C-7500,2.0,2.0,2.2
2025-08-07,2025-08-07 09:46:16.900,MO2508-C-7500,2.0,2.0,2.2
2025-08-07,2025-08-07 09:46:17.400,MO2508-C-7500,2.0,2.0,2.2
2025-08-07,2025-08-07 09:46:21.400,MO2508-C-7500,2.0,2.0,2.2
2025-08-07,2025-08-07 09:46:22.900,MO2508-C-7500,2.0,2.0,2.2
2025-08-07,2025-08-07 09:46:24.900,MO2508-C-7500,2.0,2.0,2.2
2025-08-07,2025-08-07 09:46:25.400,MO2508-C-7500,2.0,2.0,2.2
2025-08-07,2025-08-07 09:46:26.400,MO2508-C-7500,2.0,2.0,2.2
2025-08-07,2025-08-07 09:46:27.900,MO2508-C-7500,2.0,2.0,2.2
2025-08-07,2025-08-07 09:46:34.900,MO2508-C-7500,2.0,2.0,2.2
2025-08-07,2025-08-07 09:46:35.400,MO2508-C-7500,2.0,2.0,2.2
2025-08-07,2025-08-07 09:46:38.400,MO2508-C-7500,2.0,2.0,2.2
2025-08-07,2025-08-07 09:46:38.900,MO2508-C-7500,2.0,2.0,2.2
2025-08-07,2025-08-07 09:46:39.400,MO2508-C-7500,2.0,2.0,2.2
2025-08-07,2025-08-07 09:46:43.400,MO2508-C-7500,2.0,2.0,2.2
2025-08-07,2025-08-07 09:46:43.900,MO2508-C-7500,2.0,2.0,2.2
2025-08-07,2025-08-07 09:46:44.400,MO2508-C-7500,2.0,2.0,2.2
2025-08-07,2025-08-07 09:46:44.900,MO2508-C-7500,2.0,2.0,2.2
2025-08-07,2025-08-07 09:46:45.400,MO2508-C-7500,2.0,2.0,2.2
2025-08-07,2025-08-07 09:46:46.400,MO2508-C-7500,2.0,2.0,2.2
2025-08-07,2025-08-07 09:46:46.900,MO2508-C-7500,2.0,2.0,2.2
2025-08-07,2025-08-07 09:46:47.400,MO2508-C-7500,2.0,2.0,2.2
2025-08-07,2025-08-07 09:46:47.900,MO2508-C-7500,2.0,2.0,2.2
2025-08-07,2025-08-07 09:46:49.400,MO2508-C-7500,2.0,2.0,2.2
2025-08-07,2025-08-07 09:46:52.900,MO2508-C-7500,2.0,2.0,2.2
2025-08-07,2025-08-07 09:46:53.400,MO2508-C-7500,2.0,2.0,2.2
2025-08-07,2025-08-07 09:46:53.900,MO2508-C-7500,2.0,2.0,2.2
2025-08-07,2025-08-07 09:46:54.900,MO2508-C-7500,2.0,2.0,2.2
2025-08-07,2025-08-07 09:46:55.400,MO2508-C-7500,2.0,2.0,2.2
2025-08-07,2025-08-07 09:46:59.400,MO2508-C-7500,2.0,2.0,2.2
2025-08-07,2025-08-07 09:46:59.900,MO2508-C-7500,2.0,2.0,2.2
2025-08-07,2025-08-07 09:47:04.900,MO2508-C-7500,2.0,2.0,2.2
2025-08-07,2025-08-07 09:47:05.400,MO2508-C-7500,2.0,2.0,2.2
2025-08-07,2025-08-07 09:47:14.900,MO2508-C-7500,2.0,2.0,2.2
2025-08-07,2025-08-07 09:47:15.400,MO2508-C-7500,2.0,2.0,2.2
2025-08-07,2025-08-07 09:47:20.400,MO2508-C-7500,2.0,2.0,2.2
2025-08-07,2025-08-07 09:47:24.900,MO2508-C-7500,2.0,2.0,2.2
2025-08-07,2025-08-07 09:47:25.400,MO2508-C-7500,2.0,2.0,2.2
2025-08-07,2025-08-07 09:47:34.900,MO2508-C-7500,2.0,2.0,2.2
2025-08-07,2025-08-07 09:47:35.400,MO2508-C-7500,2.0,2.0,2.2
2025-08-07,2025-08-07 09:47:40.400,MO2508-C-7500,2.0,2.0,2.2
2025-08-07,2025-08-07 09:47:44.900,MO2508-C-7500,2.0,2.0,2.2
2025-08-07,2025-08-07 09:47:45.400,MO2508-C-7500,2.0,2.0,2.2
2025-08-07,2025-08-07 09:47:48.400,MO2508-C-7500,2.0,2.0,2.2
2025-08-07,2025-08-07 09:47:48.900,MO2508-C-7500,2.0,2.0,2.2
2025-08-07,2025-08-07 09:47:54.900,MO2508-C-7500,2.0,2.0,2.2
2025-08-07,2025-08-07 09:47:55.400,MO2508-C-7500,2.0,2.0,2.2
2025-08-07,2025-08-07 09:47:57.900,MO2508-C-7500,2.0,2.0,2.2
2025-08-07,2025-08-07 09:47:59.400,MO2508-C-7500,2.0,2.0,2.2
2025-08-07,2025-08-07 09:48:01.900,MO2508-C-7500,2.0,2.0,2.2
2025-08-07,2025-08-07 09:48:03.400,MO2508-C-7500,2.0,2.0,2.2
2025-08-07,2025-08-07 09:48:03.900,MO2508-C-7500,2.0,2.0,2.2
2025-08-07,2025-08-07 09:48:04.400,MO2508-C-7500,2.0,2.0,2.2
2025-08-07,2025-08-07 09:48:04.900,MO2508-C-7500,2.0,2.0,2.2
2025-08-07,2025-08-07 09:48:05.400,MO2508-C-7500,2.0,2.0,2.2
2025-08-07,2025-08-07 09:48:06.400,MO2508-C-7500,2.0,2.0,2.2
2025-08-07,2025-08-07 09:48:07.400,MO2508-C-7500,2.0,2.0,2.2
2025-08-07,2025-08-07 09:48:09.400,MO2508-C-7500,2.0,2.0,2.2
2025-08-07,2025-08-07 09:48:11.400,MO2508-C-7500,2.0,2.0,2.2
2025-08-07,2025-08-07 09:48:11.900,MO2508-C-7500,2.0,2.0,2.2
2025-08-07,2025-08-07 09:48:12.900,MO2508-C-7500,2.0,2.0,2.2
2025-08-07,2025-08-07 09:48:14.400,MO2508-C-7500,2.0,2.0,2.2
2025-08-07,2025-08-07 09:48:14.900,MO2508-C-7500,2.0,2.0,2.2
2025-08-07,2025-08-07 09:48:15.400,MO2508-C-7500,2.0,2.0,2.2
2025-08-07,2025-08-07 09:48:17.900,MO2508-C-7500,2.0,2.0,2.2
2025-08-07,2025-08-07 09:48:18.400,MO2508-C-7500,2.0,2.0,2.2
2025-08-07,2025-08-07 09:48:24.900,MO2508-C-7500,2.0,2.0,2.2
2025-08-07,2025-08-07 09:48:25.400,MO2508-C-7500,2.0,2.0,2.2
2025-08-07,2025-08-07 09:48:29.900,MO2508-C-7500,2.0,2.0,2.2
2025-08-07,2025-08-07 09:48:34.900,MO2508-C-7500,2.0,2.0,2.2
2025-08-07,2025-08-07 09:48:35.400,MO2508-C-7500,2.0,2.0,2.2
2025-08-07,2025-08-07 09:48:35.900,MO2508-C-7500,2.0,2.0,2.2
2025-08-07,2025-08-07 09:48:37.900,MO2508-C-7500,2.0,2.0,2.2
2025-08-07,2025-08-07 09:48:38.400,MO2508-C-7500,2.0,2.0,2.2
2025-08-07,2025-08-07 09:48:44.900,MO2508-C-7500,2.0,2.0,2.2
2025-08-07,2025-08-07 09:48:45.400,MO2508-C-7500,2.0,2.0,2.2
2025-08-07,2025-08-07 09:48:49.400,MO2508-C-7500,2.0,2.0,2.2
2025-08-07,2025-08-07 09:48:51.900,MO2508-C-7500,2.0,2.0,2.2
2025-08-07,2025-08-07 09:48:52.400,MO2508-C-7500,2.0,2.0,2.2
2025-08-07,2025-08-07 09:48:54.900,MO2508-C-7500,2.0,2.0,2.2
2025-08-07,2025-08-07 09:48:55.400,MO2508-C-7500,2.0,2.0,2.2
2025-08-07,2025-08-07 09:48:56.400,MO2508-C-7500,2.0,2.0,2.2
2025-08-07,2025-08-07 09:49:04.900,MO2508-C-7500,2.0,2.0,2.2
2025-08-07,2025-08-07 09:49:05.400,MO2508-C-7500,2.0,2.0,2.2
2025-08-07,2025-08-07 09:49:14.900,MO2508-C-7500,2.0,2.0,2.2
2025-08-07,2025-08-07 09:49:15.400,MO2508-C-7500,2.0,2.0,2.2
2025-08-07,2025-08-07 09:49:19.400,MO2508-C-7500,2.0,2.0,2.2
2025-08-07,2025-08-07 09:49:21.400,MO2508-C-7500,2.0,2.0,2.2
2025-08-07,2025-08-07 09:49:21.900,MO2508-C-7500,2.0,2.0,2.2
2025-08-07,2025-08-07 09:49:22.400,MO2508-C-7500,2.0,2.0,2.2
2025-08-07,2025-08-07 09:49:22.900,MO2508-C-7500,2.0,2.0,2.2
2025-08-07,2025-08-07 09:49:24.900,MO2508-C-7500,2.0,2.0,2.2
2025-08-07,2025-08-07 09:49:25.400,MO2508-C-7500,2.0,2.0,2.2
2025-08-07,2025-08-07 09:49:25.900,MO2508-C-7500,2.0,2.0,2.2
2025-08-07,2025-08-07 09:49:34.900,MO2508-C-7500,2.0,2.0,2.2
2025-08-07,2025-08-07 09:49:35.400,MO2508-C-7500,2.0,2.0,2.2
2025-08-07,2025-08-07 09:49:38.400,MO2508-C-7500,2.0,2.0,2.2
2025-08-07,2025-08-07 09:49:44.900,MO2508-C-7500,2.0,2.0,2.2
2025-08-07,2025-08-07 09:49:45.400,MO2508-C-7500,2.0,2.0,2.2
2025-08-07,2025-08-07 09:49:50.400,MO2508-C-7500,2.0,2.0,2.2
2025-08-07,2025-08-07 09:49:51.900,MO2508-C-7500,2.0,2.0,2.2
2025-08-07,2025-08-07 09:49:52.400,MO2508-C-7500,2.0,2.0,2.2
2025-08-07,2025-08-07 09:49:53.400,MO2508-C-7500,2.0,2.0,2.2
2025-08-07,2025-08-07 09:49:54.900,MO2508-C-7500,2.0,2.0,2.2
2025-08-07,2025-08-07 09:49:55.400,MO2508-C-7500,2.0,2.0,2.2
2025-08-07,2025-08-07 09:49:58.900,MO2508-C-7500,2.0,2.0,2.2
2025-08-07,2025-08-07 09:49:59.900,MO2508-C-7500,2.0,2.0,2.2
2025-08-07,2025-08-07 09:50:00.400,MO2508-C-7500,2.0,2.0,2.2
2025-08-07,2025-08-07 09:50:00.900,MO2508-C-7500,2.0,2.0,2.2
2025-08-07,2025-08-07 09:50:03.400,MO2508-C-7500,2.0,2.0,2.2
2025-08-07,2025-08-07 09:50:04.900,MO2508-C-7500,2.0,2.0,2.2
2025-08-07,2025-08-07 09:50:05.400,MO2508-C-7500,2.0,2.0,2.2
2025-08-07,2025-08-07 09:50:06.900,MO2508-C-7500,2.0,2.0,2.2
2025-08-07,2025-08-07 09:50:07.400,MO2508-C-7500,2.0,2.0,2.2
2025-08-07,2025-08-07 09:50:08.900,MO2508-C-7500,2.0,2.0,2.2
2025-08-07,2025-08-07 09:50:12.900,MO2508-C-7500,2.0,2.0,2.2
2025-08-07,2025-08-07 09:50:14.900,MO2508-C-7500,2.0,2.0,2.2
2025-08-07,2025-08-07 09:50:15.400,MO2508-C-7500,2.0,2.0,2.2
2025-08-07,2025-08-07 09:50:17.400,MO2508-C-7500,2.0,2.0,2.2
2025-08-07,2025-08-07 09:50:18.400,MO2508-C-7500,2.0,2.0,2.2
2025-08-07,2025-08-07 09:50:19.400,MO2508-C-7500,2.0,2.0,2.2
2025-08-07,2025-08-07 09:50:20.900,MO2508-C-7500,2.0,2.0,2.2
2025-08-07,2025-08-07 09:50:21.400,MO2508-C-7500,2.0,2.0,2.2
2025-08-07,2025-08-07 09:50:24.900,MO2508-C-7500,2.0,2.0,2.2
2025-08-07,2025-08-07 09:50:25.400,MO2508-C-7500,2.0,2.0,2.2
2025-08-07,2025-08-07 09:50:26.900,MO2508-C-7500,2.0,2.0,2.2
2025-08-07,2025-08-07 09:50:34.900,MO2508-C-7500,2.0,2.0,2.2
2025-08-07,2025-08-07 09:50:35.400,MO2508-C-7500,2.0,2.0,2.2
2025-08-07,2025-08-07 09:50:39.900,MO2508-C-7500,2.0,2.0,2.2
2025-08-07,2025-08-07 09:50:44.900,MO2508-C-7500,2.0,2.0,2.2
2025-08-07,2025-08-07 09:50:45.400,MO2508-C-7500,2.0,2.0,2.2
2025-08-07,2025-08-07 09:50:54.900,MO2508-C-7500,2.0,2.0,2.2
2025-08-07,2025-08-07 09:50:55.400,MO2508-C-7500,2.0,2.0,2.2
2025-08-07,2025-08-07 09:50:56.400,MO2508-C-7500,2.0,2.0,2.2
2025-08-07,2025-08-07 09:50:58.400,MO2508-C-7500,2.0,2.0,2.2
2025-08-07,2025-08-07 09:51:04.900,MO2508-C-7500,2.0,2.0,2.2
2025-08-07,2025-08-07 09:51:05.400,MO2508-C-7500,2.0,2.0,2.2
2025-08-07,2025-08-07 09:51:05.900,MO2508-C-7500,2.0,2.0,2.2
2025-08-07,2025-08-07 09:51:06.900,MO2508-C-7500,2.0,2.0,2.2
2025-08-07,2025-08-07 09:51:07.400,MO2508-C-7500,2.0,2.0,2.2
2025-08-07,2025-08-07 09:51:14.900,MO2508-C-7500,2.0,2.0,2.2
2025-08-07,2025-08-07 09:51:15.400,MO2508-C-7500,2.0,2.0,2.2
2025-08-07,2025-08-07 09:51:20.400,MO2508-C-7500,2.0,2.0,2.2
2025-08-07,2025-08-07 09:51:24.900,MO2508-C-7500,2.0,2.0,2.2
2025-08-07,2025-08-07 09:51:25.400,MO2508-C-7500,2.0,2.0,2.2
2025-08-07,2025-08-07 09:51:25.900,MO2508-C-7500,2.0,2.0,2.2
2025-08-07,2025-08-07 09:51:29.400,MO2508-C-7500,2.0,2.0,2.2
2025-08-07,2025-08-07 09:51:32.400,MO2508-C-7500,2.0,2.0,2.2
2025-08-07,2025-08-07 09:51:34.900,MO2508-C-7500,2.0,2.0,2.2
2025-08-07,2025-08-07 09:51:35.400,MO2508-C-7500,2.0,2.0,2.2
2025-08-07,2025-08-07 09:51:35.900,MO2508-C-7500,2.0,2.0,2.2
2025-08-07,2025-08-07 09:51:42.900,MO2508-C-7500,2.0,2.0,2.2
2025-08-07,2025-08-07 09:51:44.900,MO2508-C-7500,2.0,2.0,2.2
2025-08-07,2025-08-07 09:51:45.400,MO2508-C-7500,2.0,2.0,2.2
2025-08-07,2025-08-07 09:51:54.900,MO2508-C-7500,2.0,2.0,2.2
2025-08-07,2025-08-07 09:51:55.400,MO2508-C-7500,2.0,2.0,2.2
2025-08-07,2025-08-07 09:52:04.900,MO2508-C-7500,2.0,2.0,2.2
2025-08-07,2025-08-07 09:52:05.400,MO2508-C-7500,2.0,2.0,2.2
2025-08-07,2025-08-07 09:52:06.900,MO2508-C-7500,2.0,2.0,2.2
2025-08-07,2025-08-07 09:52:08.400,MO2508-C-7500,2.0,2.0,2.2
2025-08-07,2025-08-07 09:52:09.400,MO2508-C-7500,2.0,2.0,2.2
2025-08-07,2025-08-07 09:52:14.900,MO2508-C-7500,2.0,2.0,2.2
2025-08-07,2025-08-07 09:52:15.400,MO2508-C-7500,2.0,2.0,2.2
2025-08-07,2025-08-07 09:52:22.900,MO2508-C-7500,2.0,2.0,2.2
2025-08-07,2025-08-07 09:52:23.400,MO2508-C-7500,2.0,2.0,2.2
2025-08-07,2025-08-07 09:52:24.900,MO2508-C-7500,2.0,2.0,2.2
2025-08-07,2025-08-07 09:52:25.400,MO2508-C-7500,2.0,2.0,2.2
2025-08-07,2025-08-07 09:52:27.400,MO2508-C-7500,2.0,2.0,2.2
2025-08-07,2025-08-07 09:52:28.400,MO2508-C-7500,2.0,2.0,2.2
2025-08-07,2025-08-07 09:52:28.900,MO2508-C-7500,2.0,2.0,2.2
2025-08-07,2025-08-07 09:52:34.900,MO2508-C-7500,2.0,2.0,2.2
2025-08-07,2025-08-07 09:52:35.400,MO2508-C-7500,2.0,2.0,2.2
2025-08-07,2025-08-07 09:52:44.900,MO2508-C-7500,2.0,2.0,2.2
2025-08-07,2025-08-07 09:52:45.400,MO2508-C-7500,2.0,2.0,2.2
2025-08-07,2025-08-07 09:52:47.400,MO2508-C-7500,2.0,2.0,2.2
2025-08-07,2025-08-07 09:52:48.900,MO2508-C-7500,2.0,2.0,2.2
2025-08-07,2025-08-07 09:52:54.900,MO2508-C-7500,2.0,2.0,2.2
2025-08-07,2025-08-07 09:52:55.400,MO2508-C-7500,2.0,2.0,2.2
2025-08-07,2025-08-07 09:53:04.900,MO2508-C-7500,2.0,2.0,2.2
2025-08-07,2025-08-07 09:53:05.400,MO2508-C-7500,2.0,2.0,2.2
2025-08-07,2025-08-07 09:53:14.900,MO2508-C-7500,2.0,2.0,2.2
2025-08-07,2025-08-07 09:53:15.400,MO2508-C-7500,2.0,2.0,2.2
2025-08-07,2025-08-07 09:53:16.900,MO2508-C-7500,2.0,2.0,2.2
2025-08-07,2025-08-07 09:53:21.400,MO2508-C-7500,2.0,2.0,2.2
2025-08-07,2025-08-07 09:53:24.900,MO2508-C-7500,2.0,2.0,2.2
2025-08-07,2025-08-07 09:53:25.400,MO2508-C-7500,2.0,2.0,2.2
2025-08-07,2025-08-07 09:53:30.900,MO2508-C-7500,2.0,2.0,2.2
2025-08-07,2025-08-07 09:53:34.900,MO2508-C-7500,2.0,2.0,2.2
2025-08-07,2025-08-07 09:53:35.400,MO2508-C-7500,2.0,2.0,2.2
2025-08-07,2025-08-07 09:53:39.900,MO2508-C-7500,2.0,2.0,2.2
2025-08-07,2025-08-07 09:53:40.900,MO2508-C-7500,2.0,2.0,2.2
2025-08-07,2025-08-07 09:53:44.900,MO2508-C-7500,2.0,2.0,2.2
2025-08-07,2025-08-07 09:53:45.400,MO2508-C-7500,2.0,2.0,2.2
2025-08-07,2025-08-07 09:53:46.400,MO2508-C-7500,2.0,2.0,2.2
2025-08-07,2025-08-07 09:53:46.900,MO2508-C-7500,2.0,2.0,2.4
2025-08-07,2025-08-07 09:53:47.400,MO2508-C-7500,2.0,2.2,2.4
2025-08-07,2025-08-07 09:53:47.900,MO2508-C-7500,2.0,2.2,2.4
2025-08-07,2025-08-07 09:53:48.400,MO2508-C-7500,2.0,2.2,2.4
2025-08-07,2025-08-07 09:53:49.400,MO2508-C-7500,2.0,2.2,2.4
2025-08-07,2025-08-07 09:53:54.900,MO2508-C-7500,2.0,2.2,2.4
2025-08-07,2025-08-07 09:53:55.400,MO2508-C-7500,2.0,2.2,2.4
2025-08-07,2025-08-07 09:54:00.900,MO2508-C-7500,2.0,2.2,2.4
2025-08-07,2025-08-07 09:54:01.400,MO2508-C-7500,2.0,2.2,2.4
2025-08-07,2025-08-07 09:54:03.400,MO2508-C-7500,2.0,2.2,2.4
2025-08-07,2025-08-07 09:54:04.400,MO2508-C-7500,2.0,2.2,2.4
2025-08-07,2025-08-07 09:54:04.900,MO2508-C-7500,2.0,2.2,2.4
2025-08-07,2025-08-07 09:54:05.400,MO2508-C-7500,2.0,2.2,2.4
2025-08-07,2025-08-07 09:54:06.400,MO2508-C-7500,2.0,2.2,2.4
2025-08-07,2025-08-07 09:54:08.400,MO2508-C-7500,2.0,2.2,2.4
2025-08-07,2025-08-07 09:54:08.900,MO2508-C-7500,2.0,2.2,2.4
2025-08-07,2025-08-07 09:54:09.900,MO2508-C-7500,2.0,2.2,2.4
2025-08-07,2025-08-07 09:54:12.400,MO2508-C-7500,2.0,2.2,2.4
2025-08-07,2025-08-07 09:54:12.900,MO2508-C-7500,2.0,2.2,2.4
2025-08-07,2025-08-07 09:54:14.900,MO2508-C-7500,2.0,2.2,2.4
2025-08-07,2025-08-07 09:54:15.400,MO2508-C-7500,2.0,2.2,2.4
2025-08-07,2025-08-07 09:54:24.900,MO2508-C-7500,2.0,2.2,2.4
2025-08-07,2025-08-07 09:54:25.400,MO2508-C-7500,2.0,2.2,2.4
2025-08-07,2025-08-07 09:54:25.900,MO2508-C-7500,2.0,2.2,2.4
2025-08-07,2025-08-07 09:54:34.900,MO2508-C-7500,2.0,2.2,2.4
2025-08-07,2025-08-07 09:54:35.400,MO2508-C-7500,2.0,2.2,2.4
2025-08-07,2025-08-07 09:54:44.900,MO2508-C-7500,2.0,2.2,2.4
2025-08-07,2025-08-07 09:54:45.400,MO2508-C-7500,2.0,2.2,2.4
2025-08-07,2025-08-07 09:54:46.400,MO2508-C-7500,2.0,2.2,2.4
2025-08-07,2025-08-07 09:54:49.900,MO2508-C-7500,2.0,2.2,2.4
2025-08-07,2025-08-07 09:54:50.400,MO2508-C-7500,2.0,2.2,2.4
2025-08-07,2025-08-07 09:54:54.400,MO2508-C-7500,2.0,2.2,2.4
2025-08-07,2025-08-07 09:54:54.900,MO2508-C-7500,2.0,2.2,2.4
2025-08-07,2025-08-07 09:54:55.400,MO2508-C-7500,2.0,2.2,2.4
2025-08-07,2025-08-07 09:54:57.900,MO2508-C-7500,2.0,2.2,2.4
2025-08-07,2025-08-07 09:54:58.400,MO2508-C-7500,2.0,2.2,2.4
2025-08-07,2025-08-07 09:55:04.900,MO2508-C-7500,2.0,2.2,2.4
2025-08-07,2025-08-07 09:55:05.400,MO2508-C-7500,2.0,2.2,2.4
2025-08-07,2025-08-07 09:55:11.900,MO2508-C-7500,2.0,2.2,2.4
2025-08-07,2025-08-07 09:55:12.400,MO2508-C-7500,2.0,2.2,2.4
2025-08-07,2025-08-07 09:55:12.900,MO2508-C-7500,2.0,2.2,2.4
2025-08-07,2025-08-07 09:55:13.400,MO2508-C-7500,2.2,2.2,2.4
2025-08-07,2025-08-07 09:55:14.900,MO2508-C-7500,2.2,2.2,2.4
2025-08-07,2025-08-07 09:55:15.400,MO2508-C-7500,2.2,2.2,2.4
2025-08-07,2025-08-07 09:55:18.400,MO2508-C-7500,2.2,2.2,2.4
2025-08-07,2025-08-07 09:55:19.400,MO2508-C-7500,2.2,2.2,2.4
2025-08-07,2025-08-07 09:55:22.900,MO2508-C-7500,2.2,2.2,2.4
2025-08-07,2025-08-07 09:55:24.900,MO2508-C-7500,2.2,2.2,2.4
2025-08-07,2025-08-07 09:55:25.400,MO2508-C-7500,2.2,2.2,2.4
2025-08-07,2025-08-07 09:55:34.900,MO2508-C-7500,2.2,2.2,2.4
2025-08-07,2025-08-07 09:55:35.400,MO2508-C-7500,2.2,2.2,2.4
2025-08-07,2025-08-07 09:55:35.900,MO2508-C-7500,2.2,2.2,2.4
2025-08-07,2025-08-07 09:55:36.900,MO2508-C-7500,2.2,2.2,2.4
2025-08-07,2025-08-07 09:55:44.900,MO2508-C-7500,2.2,2.2,2.4
2025-08-07,2025-08-07 09:55:45.400,MO2508-C-7500,2.2,2.2,2.4
2025-08-07,2025-08-07 09:55:45.900,MO2508-C-7500,2.2,2.2,2.4
2025-08-07,2025-08-07 09:55:46.400,MO2508-C-7500,2.2,2.2,2.4
2025-08-07,2025-08-07 09:55:48.400,MO2508-C-7500,2.2,2.2,2.4
2025-08-07,2025-08-07 09:55:48.900,MO2508-C-7500,2.2,2.2,2.4
2025-08-07,2025-08-07 09:55:49.400,MO2508-C-7500,2.2,2.2,2.4
2025-08-07,2025-08-07 09:55:50.400,MO2508-C-7500,2.2,2.2,2.4
2025-08-07,2025-08-07 09:55:50.900,MO2508-C-7500,2.2,2.2,2.4
2025-08-07,2025-08-07 09:55:52.400,MO2508-C-7500,2.2,2.2,2.4
2025-08-07,2025-08-07 09:55:52.900,MO2508-C-7500,2.2,2.2,2.4
2025-08-07,2025-08-07 09:55:54.900,MO2508-C-7500,2.2,2.2,2.4
2025-08-07,2025-08-07 09:55:55.400,MO2508-C-7500,2.2,2.2,2.4
2025-08-07,2025-08-07 09:56:01.400,MO2508-C-7500,2.2,2.2,2.4
2025-08-07,2025-08-07 09:56:04.400,MO2508-C-7500,2.2,2.2,2.4
2025-08-07,2025-08-07 09:56:04.900,MO2508-C-7500,2.2,2.2,2.4
2025-08-07,2025-08-07 09:56:05.400,MO2508-C-7500,2.2,2.2,2.4
2025-08-07,2025-08-07 09:56:05.900,MO2508-C-7500,2.2,2.2,2.4
2025-08-07,2025-08-07 09:56:14.900,MO2508-C-7500,2.2,2.2,2.4
2025-08-07,2025-08-07 09:56:15.400,MO2508-C-7500,2.2,2.2,2.4
2025-08-07,2025-08-07 09:56:15.900,MO2508-C-7500,2.2,2.2,2.4
2025-08-07,2025-08-07 09:56:18.400,MO2508-C-7500,2.2,2.2,2.4
2025-08-07,2025-08-07 09:56:18.900,MO2508-C-7500,2.2,2.2,2.4
2025-08-07,2025-08-07 09:56:19.400,MO2508-C-7500,2.2,2.2,2.4
2025-08-07,2025-08-07 09:56:24.900,MO2508-C-7500,2.2,2.2,2.4
2025-08-07,2025-08-07 09:56:25.400,MO2508-C-7500,2.2,2.2,2.4
2025-08-07,2025-08-07 09:56:25.900,MO2508-C-7500,2.2,2.2,2.4
2025-08-07,2025-08-07 09:56:27.900,MO2508-C-7500,2.2,2.2,2.4
2025-08-07,2025-08-07 09:56:28.400,MO2508-C-7500,2.2,2.2,2.4
2025-08-07,2025-08-07 09:56:30.900,MO2508-C-7500,2.2,2.2,2.4
2025-08-07,2025-08-07 09:56:31.400,MO2508-C-7500,2.2,2.2,2.4
2025-08-07,2025-08-07 09:56:32.900,MO2508-C-7500,2.2,2.2,2.4
2025-08-07,2025-08-07 09:56:34.900,MO2508-C-7500,2.2,2.2,2.4
2025-08-07,2025-08-07 09:56:35.400,MO2508-C-7500,2.2,2.2,2.4
2025-08-07,2025-08-07 09:56:35.900,MO2508-C-7500,2.2,2.2,2.4
2025-08-07,2025-08-07 09:56:39.400,MO2508-C-7500,2.2,2.2,2.4
2025-08-07,2025-08-07 09:56:40.900,MO2508-C-7500,2.2,2.2,2.4
2025-08-07,2025-08-07 09:56:44.900,MO2508-C-7500,2.2,2.2,2.4
2025-08-07,2025-08-07 09:56:45.400,MO2508-C-7500,2.2,2.2,2.4
2025-08-07,2025-08-07 09:56:45.900,MO2508-C-7500,2.2,2.2,2.4
2025-08-07,2025-08-07 09:56:54.900,MO2508-C-7500,2.2,2.2,2.4
2025-08-07,2025-08-07 09:56:55.400,MO2508-C-7500,2.2,2.2,2.4
2025-08-07,2025-08-07 09:56:55.900,MO2508-C-7500,2.2,2.2,2.4
2025-08-07,2025-08-07 09:56:57.400,MO2508-C-7500,2.2,2.2,2.4
2025-08-07,2025-08-07 09:56:57.900,MO2508-C-7500,2.2,2.2,2.4
2025-08-07,2025-08-07 09:56:58.400,MO2508-C-7500,2.2,2.2,2.4
2025-08-07,2025-08-07 09:56:58.900,MO2508-C-7500,2.2,2.2,2.4
2025-08-07,2025-08-07 09:56:59.400,MO2508-C-7500,2.2,2.2,2.4
2025-08-07,2025-08-07 09:57:00.400,MO2508-C-7500,2.2,2.2,2.4
2025-08-07,2025-08-07 09:57:01.900,MO2508-C-7500,2.2,2.2,2.4
2025-08-07,2025-08-07 09:57:02.900,MO2508-C-7500,2.2,2.2,2.4
2025-08-07,2025-08-07 09:57:04.900,MO2508-C-7500,2.2,2.2,2.4
2025-08-07,2025-08-07 09:57:05.400,MO2508-C-7500,2.2,2.2,2.4
2025-08-07,2025-08-07 09:57:14.900,MO2508-C-7500,2.2,2.2,2.4
2025-08-07,2025-08-07 09:57:15.400,MO2508-C-7500,2.2,2.2,2.4
2025-08-07,2025-08-07 09:57:19.900,MO2508-C-7500,2.2,2.2,2.4
2025-08-07,2025-08-07 09:57:22.400,MO2508-C-7500,2.2,2.2,2.4
2025-08-07,2025-08-07 09:57:24.400,MO2508-C-7500,2.2,2.2,2.4
2025-08-07,2025-08-07 09:57:24.900,MO2508-C-7500,2.2,2.2,2.4
2025-08-07,2025-08-07 09:57:25.400,MO2508-C-7500,2.2,2.2,2.4
2025-08-07,2025-08-07 09:57:25.900,MO2508-C-7500,2.2,2.2,2.4
2025-08-07,2025-08-07 09:57:31.900,MO2508-C-7500,2.2,2.2,2.4
2025-08-07,2025-08-07 09:57:32.400,MO2508-C-7500,2.2,2.2,2.4
2025-08-07,2025-08-07 09:57:32.900,MO2508-C-7500,2.2,2.2,2.4
2025-08-07,2025-08-07 09:57:34.400,MO2508-C-7500,2.2,2.2,2.4
2025-08-07,2025-08-07 09:57:34.900,MO2508-C-7500,2.2,2.2,2.4
2025-08-07,2025-08-07 09:57:35.400,MO2508-C-7500,2.2,2.2,2.4
2025-08-07,2025-08-07 09:57:35.900,MO2508-C-7500,2.2,2.2,2.4
2025-08-07,2025-08-07 09:57:36.400,MO2508-C-7500,2.2,2.2,2.4
2025-08-07,2025-08-07 09:57:36.900,MO2508-C-7500,2.2,2.2,2.4
2025-08-07,2025-08-07 09:57:37.400,MO2508-C-7500,2.2,2.2,2.4
2025-08-07,2025-08-07 09:57:37.900,MO2508-C-7500,2.2,2.2,2.4
2025-08-07,2025-08-07 09:57:43.400,MO2508-C-7500,2.2,2.2,2.4
2025-08-07,2025-08-07 09:57:43.900,MO2508-C-7500,2.2,2.2,2.4
2025-08-07,2025-08-07 09:57:44.400,MO2508-C-7500,2.2,2.2,2.6
2025-08-07,2025-08-07 09:57:44.900,MO2508-C-7500,2.2,2.2,2.6
2025-08-07,2025-08-07 09:57:45.400,MO2508-C-7500,2.2,2.2,2.6
2025-08-07,2025-08-07 09:57:45.900,MO2508-C-7500,2.2,2.4,2.6
2025-08-07,2025-08-07 09:57:46.400,MO2508-C-7500,2.2,2.4,2.6
2025-08-07,2025-08-07 09:57:47.400,MO2508-C-7500,2.2,2.4,2.6
2025-08-07,2025-08-07 09:57:47.900,MO2508-C-7500,2.2,2.4,2.6
2025-08-07,2025-08-07 09:57:48.400,MO2508-C-7500,2.2,2.4,2.6
2025-08-07,2025-08-07 09:57:54.900,MO2508-C-7500,2.2,2.4,2.6
2025-08-07,2025-08-07 09:57:55.400,MO2508-C-7500,2.2,2.4,2.6
2025-08-07,2025-08-07 09:57:55.900,MO2508-C-7500,2.2,2.4,2.6
2025-08-07,2025-08-07 09:57:58.900,MO2508-C-7500,2.2,2.4,2.6
2025-08-07,2025-08-07 09:58:01.900,MO2508-C-7500,2.2,2.4,2.6
2025-08-07,2025-08-07 09:58:04.900,MO2508-C-7500,2.2,2.4,2.6
2025-08-07,2025-08-07 09:58:05.400,MO2508-C-7500,2.2,2.4,2.6
2025-08-07,2025-08-07 09:58:07.400,MO2508-C-7500,2.2,2.4,2.6
2025-08-07,2025-08-07 09:58:11.400,MO2508-C-7500,2.2,2.4,2.6
2025-08-07,2025-08-07 09:58:12.400,MO2508-C-7500,2.2,2.4,2.6
2025-08-07,2025-08-07 09:58:13.400,MO2508-C-7500,2.2,2.4,2.6
2025-08-07,2025-08-07 09:58:14.900,MO2508-C-7500,2.2,2.4,2.6
2025-08-07,2025-08-07 09:58:15.400,MO2508-C-7500,2.2,2.4,2.6
2025-08-07,2025-08-07 09:58:18.400,MO2508-C-7500,2.2,2.4,2.6
2025-08-07,2025-08-07 09:58:18.900,MO2508-C-7500,2.2,2.4,2.6
2025-08-07,2025-08-07 09:58:22.900,MO2508-C-7500,2.2,2.4,2.6
2025-08-07,2025-08-07 09:58:23.400,MO2508-C-7500,2.2,2.4,2.6
2025-08-07,2025-08-07 09:58:23.900,MO2508-C-7500,2.2,2.4,2.6
2025-08-07,2025-08-07 09:58:24.400,MO2508-C-7500,2.2,2.4,2.6
2025-08-07,2025-08-07 09:58:24.900,MO2508-C-7500,2.2,2.4,2.6
2025-08-07,2025-08-07 09:58:25.400,MO2508-C-7500,2.2,2.4,2.6
2025-08-07,2025-08-07 09:58:27.900,MO2508-C-7500,2.2,2.4,2.6
2025-08-07,2025-08-07 09:58:28.900,MO2508-C-7500,2.2,2.4,2.6
2025-08-07,2025-08-07 09:58:32.900,MO2508-C-7500,2.2,2.4,2.6
2025-08-07,2025-08-07 09:58:33.900,MO2508-C-7500,2.2,2.4,2.6
2025-08-07,2025-08-07 09:58:34.400,MO2508-C-7500,2.2,2.4,2.6
2025-08-07,2025-08-07 09:58:34.900,MO2508-C-7500,2.2,2.4,2.6
2025-08-07,2025-08-07 09:58:35.400,MO2508-C-7500,2.2,2.4,2.6
2025-08-07,2025-08-07 09:58:38.400,MO2508-C-7500,2.2,2.4,2.6
2025-08-07,2025-08-07 09:58:38.900,MO2508-C-7500,2.2,2.4,2.6
2025-08-07,2025-08-07 09:58:39.400,MO2508-C-7500,2.2,2.4,2.6
2025-08-07,2025-08-07 09:58:39.900,MO2508-C-7500,2.2,2.4,2.6
2025-08-07,2025-08-07 09:58:44.900,MO2508-C-7500,2.2,2.4,2.6
2025-08-07,2025-08-07 09:58:45.400,MO2508-C-7500,2.2,2.4,2.6
2025-08-07,2025-08-07 09:58:45.900,MO2508-C-7500,2.2,2.4,2.6
2025-08-07,2025-08-07 09:58:47.400,MO2508-C-7500,2.2,2.4,2.6
2025-08-07,2025-08-07 09:58:47.900,MO2508-C-7500,2.2,2.4,2.6
2025-08-07,2025-08-07 09:58:48.400,MO2508-C-7500,2.2,2.4,2.6
2025-08-07,2025-08-07 09:58:49.900,MO2508-C-7500,2.2,2.4,2.6
2025-08-07,2025-08-07 09:58:54.900,MO2508-C-7500,2.2,2.4,2.6
2025-08-07,2025-08-07 09:58:55.400,MO2508-C-7500,2.2,2.4,2.6
2025-08-07,2025-08-07 09:58:56.900,MO2508-C-7500,2.2,2.4,2.6
2025-08-07,2025-08-07 09:58:57.400,MO2508-C-7500,2.2,2.4,2.6
2025-08-07,2025-08-07 09:58:57.900,MO2508-C-7500,2.2,2.4,2.6
2025-08-07,2025-08-07 09:58:58.400,MO2508-C-7500,2.2,2.4,2.6
2025-08-07,2025-08-07 09:58:58.900,MO2508-C-7500,2.2,2.4,2.6
2025-08-07,2025-08-07 09:59:04.900,MO2508-C-7500,2.2,2.4,2.6
2025-08-07,2025-08-07 09:59:05.400,MO2508-C-7500,2.2,2.4,2.6
2025-08-07,2025-08-07 09:59:09.900,MO2508-C-7500,2.2,2.4,2.6
2025-08-07,2025-08-07 09:59:10.400,MO2508-C-7500,2.2,2.4,2.6
2025-08-07,2025-08-07 09:59:10.900,MO2508-C-7500,2.2,2.4,2.6
2025-08-07,2025-08-07 09:59:12.400,MO2508-C-7500,2.2,2.4,2.6
2025-08-07,2025-08-07 09:59:12.900,MO2508-C-7500,2.2,2.4,2.6
2025-08-07,2025-08-07 09:59:13.400,MO2508-C-7500,2.2,2.4,2.6
2025-08-07,2025-08-07 09:59:13.900,MO2508-C-7500,2.2,2.4,2.6
2025-08-07,2025-08-07 09:59:14.400,MO2508-C-7500,2.2,2.4,2.6
2025-08-07,2025-08-07 09:59:14.900,MO2508-C-7500,2.2,2.4,2.6
2025-08-07,2025-08-07 09:59:15.400,MO2508-C-7500,2.2,2.4,2.6
2025-08-07,2025-08-07 09:59:15.900,MO2508-C-7500,2.2,2.4,2.6
2025-08-07,2025-08-07 09:59:16.400,MO2508-C-7500,2.2,2.4,2.6
2025-08-07,2025-08-07 09:59:16.900,MO2508-C-7500,2.2,2.4,2.6
2025-08-07,2025-08-07 09:59:17.400,MO2508-C-7500,2.2,2.4,2.6
2025-08-07,2025-08-07 09:59:17.900,MO2508-C-7500,2.2,2.4,2.6
2025-08-07,2025-08-07 09:59:20.900,MO2508-C-7500,2.2,2.4,2.6
2025-08-07,2025-08-07 09:59:21.400,MO2508-C-7500,2.2,2.4,2.6
2025-08-07,2025-08-07 09:59:21.900,MO2508-C-7500,2.2,2.4,2.6
2025-08-07,2025-08-07 09:59:22.400,MO2508-C-7500,2.2,2.4,2.6
2025-08-07,2025-08-07 09:59:22.900,MO2508-C-7500,2.2,2.4,2.6
2025-08-07,2025-08-07 09:59:24.900,MO2508-C-7500,2.2,2.4,2.6
2025-08-07,2025-08-07 09:59:25.400,MO2508-C-7500,2.2,2.4,2.6
2025-08-07,2025-08-07 09:59:25.900,MO2508-C-7500,2.2,2.4,2.6
2025-08-07,2025-08-07 09:59:26.900,MO2508-C-7500,2.2,2.4,2.6
2025-08-07,2025-08-07 09:59:28.400,MO2508-C-7500,2.2,2.4,2.6
2025-08-07,2025-08-07 09:59:28.900,MO2508-C-7500,2.2,2.4,2.6
2025-08-07,2025-08-07 09:59:34.900,MO2508-C-7500,2.2,2.4,2.6
2025-08-07,2025-08-07 09:59:35.400,MO2508-C-7500,2.2,2.4,2.6
2025-08-07,2025-08-07 09:59:36.900,MO2508-C-7500,2.2,2.4,2.6
2025-08-07,2025-08-07 09:59:37.400,MO2508-C-7500,2.2,2.4,2.6
2025-08-07,2025-08-07 09:59:44.900,MO2508-C-7500,2.2,2.4,2.6
2025-08-07,2025-08-07 09:59:45.400,MO2508-C-7500,2.2,2.4,2.6
2025-08-07,2025-08-07 09:59:51.400,MO2508-C-7500,2.2,2.4,2.6
2025-08-07,2025-08-07 09:59:51.900,MO2508-C-7500,2.2,2.4,2.6
2025-08-07,2025-08-07 09:59:53.900,MO2508-C-7500,2.2,2.4,2.6
2025-08-07,2025-08-07 09:59:54.900,MO2508-C-7500,2.2,2.4,2.6
2025-08-07,2025-08-07 09:59:55.400,MO2508-C-7500,2.2,2.4,2.6
2025-08-07,2025-08-07 10:00:02.900,MO2508-C-7500,2.2,2.4,2.6
2025-08-07,2025-08-07 10:00:03.400,MO2508-C-7500,2.2,2.4,2.6
2025-08-07,2025-08-07 10:00:04.900,MO2508-C-7500,2.2,2.4,2.6
2025-08-07,2025-08-07 10:00:05.400,MO2508-C-7500,2.2,2.4,2.6
2025-08-07,2025-08-07 10:00:05.900,MO2508-C-7500,2.2,2.4,2.6
2025-08-07,2025-08-07 10:00:06.900,MO2508-C-7500,2.2,2.4,2.6
2025-08-07,2025-08-07 10:00:07.400,MO2508-C-7500,2.2,2.4,2.6
2025-08-07,2025-08-07 10:00:07.900,MO2508-C-7500,2.2,2.4,2.6
2025-08-07,2025-08-07 10:00:08.400,MO2508-C-7500,2.2,2.4,2.6
2025-08-07,2025-08-07 10:00:08.900,MO2508-C-7500,2.2,2.4,2.6
2025-08-07,2025-08-07 10:00:09.400,MO2508-C-7500,2.2,2.4,2.6
2025-08-07,2025-08-07 10:00:11.900,MO2508-C-7500,2.2,2.4,2.6
2025-08-07,2025-08-07 10:00:12.400,MO2508-C-7500,2.2,2.4,2.6
2025-08-07,2025-08-07 10:00:12.900,MO2508-C-7500,2.2,2.4,2.6
2025-08-07,2025-08-07 10:00:13.400,MO2508-C-7500,2.2,2.4,2.6
2025-08-07,2025-08-07 10:00:14.900,MO2508-C-7500,2.2,2.4,2.6
2025-08-07,2025-08-07 10:00:15.400,MO2508-C-7500,2.2,2.4,2.6
2025-08-07,2025-08-07 10:00:19.400,MO2508-C-7500,2.2,2.4,2.6
2025-08-07,2025-08-07 10:00:19.900,MO2508-C-7500,2.2,2.4,2.6
2025-08-07,2025-08-07 10:00:20.400,MO2508-C-7500,2.2,2.4,2.6
2025-08-07,2025-08-07 10:00:24.900,MO2508-C-7500,2.2,2.4,2.6
2025-08-07,2025-08-07 10:00:25.400,MO2508-C-7500,2.2,2.4,2.6
2025-08-07,2025-08-07 10:00:25.900,MO2508-C-7500,2.2,2.4,2.6
2025-08-07,2025-08-07 10:00:28.400,MO2508-C-7500,2.2,2.4,2.6
2025-08-07,2025-08-07 10:00:28.900,MO2508-C-7500,2.2,2.4,2.6
2025-08-07,2025-08-07 10:00:34.900,MO2508-C-7500,2.2,2.4,2.6
2025-08-07,2025-08-07 10:00:35.400,MO2508-C-7500,2.2,2.4,2.6
2025-08-07,2025-08-07 10:00:43.400,MO2508-C-7500,2.2,2.4,2.6
2025-08-07,2025-08-07 10:00:44.900,MO2508-C-7500,2.2,2.4,2.6
2025-08-07,2025-08-07 10:00:45.400,MO2508-C-7500,2.2,2.4,2.6
2025-08-07,2025-08-07 10:00:54.900,MO2508-C-7500,2.2,2.4,2.6
2025-08-07,2025-08-07 10:00:55.400,MO2508-C-7500,2.2,2.4,2.6
2025-08-07,2025-08-07 10:01:04.900,MO2508-C-7500,2.2,2.4,2.6
2025-08-07,2025-08-07 10:01:05.400,MO2508-C-7500,2.2,2.4,2.6
2025-08-07,2025-08-07 10:01:07.900,MO2508-C-7500,2.2,2.4,2.6
2025-08-07,2025-08-07 10:01:08.400,MO2508-C-7500,2.2,2.4,2.6
2025-08-07,2025-08-07 10:01:14.900,MO2508-C-7500,2.2,2.4,2.6
2025-08-07,2025-08-07 10:01:15.400,MO2508-C-7500,2.2,2.4,2.6
2025-08-07,2025-08-07 10:01:24.900,MO2508-C-7500,2.2,2.4,2.6
2025-08-07,2025-08-07 10:01:25.400,MO2508-C-7500,2.2,2.4,2.6
2025-08-07,2025-08-07 10:01:34.900,MO2508-C-7500,2.2,2.4,2.6
2025-08-07,2025-08-07 10:01:35.400,MO2508-C-7500,2.2,2.4,2.6
2025-08-07,2025-08-07 10:01:35.900,MO2508-C-7500,2.2,2.4,2.6
2025-08-07,2025-08-07 10:01:36.400,MO2508-C-7500,2.2,2.4,2.6
2025-08-07,2025-08-07 10:01:40.900,MO2508-C-7500,2.2,2.4,2.6
2025-08-07,2025-08-07 10:01:44.900,MO2508-C-7500,2.2,2.4,2.6
2025-08-07,2025-08-07 10:01:45.400,MO2508-C-7500,2.2,2.4,2.6
2025-08-07,2025-08-07 10:01:54.900,MO2508-C-7500,2.2,2.4,2.6
2025-08-07,2025-08-07 10:01:55.400,MO2508-C-7500,2.2,2.4,2.6
2025-08-07,2025-08-07 10:01:56.400,MO2508-C-7500,2.2,2.4,2.6
2025-08-07,2025-08-07 10:01:56.900,MO2508-C-7500,2.2,2.4,2.6
2025-08-07,2025-08-07 10:02:03.400,MO2508-C-7500,2.2,2.4,2.6
2025-08-07,2025-08-07 10:02:03.900,MO2508-C-7500,2.2,2.4,2.6
2025-08-07,2025-08-07 10:02:04.400,MO2508-C-7500,2.2,2.4,2.6
2025-08-07,2025-08-07 10:02:04.900,MO2508-C-7500,2.2,2.4,2.6
2025-08-07,2025-08-07 10:02:05.400,MO2508-C-7500,2.2,2.4,2.6
2025-08-07,2025-08-07 10:02:12.400,MO2508-C-7500,2.2,2.4,2.6
2025-08-07,2025-08-07 10:02:12.900,MO2508-C-7500,2.2,2.4,2.6
2025-08-07,2025-08-07 10:02:14.900,MO2508-C-7500,2.2,2.4,2.6
2025-08-07,2025-08-07 10:02:15.400,MO2508-C-7500,2.2,2.4,2.6
2025-08-07,2025-08-07 10:02:24.900,MO2508-C-7500,2.2,2.4,2.6
2025-08-07,2025-08-07 10:02:25.400,MO2508-C-7500,2.2,2.4,2.6
2025-08-07,2025-08-07 10:02:25.900,MO2508-C-7500,2.2,2.4,2.6
2025-08-07,2025-08-07 10:02:26.400,MO2508-C-7500,2.2,2.4,2.6
2025-08-07,2025-08-07 10:02:34.900,MO2508-C-7500,2.2,2.4,2.6
2025-08-07,2025-08-07 10:02:35.400,MO2508-C-7500,2.2,2.4,2.6
2025-08-07,2025-08-07 10:02:43.900,MO2508-C-7500,2.2,2.4,2.6
2025-08-07,2025-08-07 10:02:44.400,MO2508-C-7500,2.2,2.4,2.6
2025-08-07,2025-08-07 10:02:44.900,MO2508-C-7500,2.2,2.4,2.6
2025-08-07,2025-08-07 10:02:45.400,MO2508-C-7500,2.2,2.4,2.6
2025-08-07,2025-08-07 10:02:54.900,MO2508-C-7500,2.2,2.4,2.6
2025-08-07,2025-08-07 10:02:55.400,MO2508-C-7500,2.2,2.4,2.6
2025-08-07,2025-08-07 10:02:55.900,MO2508-C-7500,2.2,2.4,2.6
2025-08-07,2025-08-07 10:02:56.400,MO2508-C-7500,2.2,2.4,2.6
2025-08-07,2025-08-07 10:02:57.900,MO2508-C-7500,2.2,2.4,2.6
2025-08-07,2025-08-07 10:03:02.400,MO2508-C-7500,2.4,2.4,2.6
2025-08-07,2025-08-07 10:03:02.900,MO2508-C-7500,2.4,2.4,2.6
2025-08-07,2025-08-07 10:03:03.900,MO2508-C-7500,2.4,2.4,2.6
2025-08-07,2025-08-07 10:03:04.900,MO2508-C-7500,2.4,2.4,2.6
2025-08-07,2025-08-07 10:03:05.400,MO2508-C-7500,2.4,2.4,2.6
2025-08-07,2025-08-07 10:03:10.900,MO2508-C-7500,2.4,2.4,2.6
2025-08-07,2025-08-07 10:03:11.400,MO2508-C-7500,2.4,2.4,2.6
2025-08-07,2025-08-07 10:03:11.900,MO2508-C-7500,2.4,2.4,2.6
2025-08-07,2025-08-07 10:03:12.900,MO2508-C-7500,2.4,2.4,2.6
2025-08-07,2025-08-07 10:03:13.900,MO2508-C-7500,2.4,2.4,2.6
2025-08-07,2025-08-07 10:03:14.900,MO2508-C-7500,2.4,2.4,2.6
2025-08-07,2025-08-07 10:03:15.400,MO2508-C-7500,2.4,2.4,2.6
2025-08-07,2025-08-07 10:03:15.900,MO2508-C-7500,2.4,2.4,2.6
2025-08-07,2025-08-07 10:03:16.900,MO2508-C-7500,2.4,2.4,2.6
2025-08-07,2025-08-07 10:03:18.900,MO2508-C-7500,2.4,2.4,2.6
2025-08-07,2025-08-07 10:03:24.400,MO2508-C-7500,2.6,2.4,2.6
2025-08-07,2025-08-07 10:03:24.900,MO2508-C-7500,2.6,2.4,2.6
2025-08-07,2025-08-07 10:03:25.400,MO2508-C-7500,2.6,2.4,2.6
2025-08-07,2025-08-07 10:03:25.900,MO2508-C-7500,2.6,2.4,2.6
2025-08-07,2025-08-07 10:03:26.400,MO2508-C-7500,2.6,2.4,2.6
2025-08-07,2025-08-07 10:03:26.900,MO2508-C-7500,2.6,2.4,2.6
2025-08-07,2025-08-07 10:03:27.400,MO2508-C-7500,2.6,2.4,2.6
2025-08-07,2025-08-07 10:03:29.900,MO2508-C-7500,2.6,2.4,2.6
2025-08-07,2025-08-07 10:03:30.400,MO2508-C-7500,2.6,2.4,2.6
2025-08-07,2025-08-07 10:03:34.900,MO2508-C-7500,2.6,2.4,2.6
2025-08-07,2025-08-07 10:03:35.400,MO2508-C-7500,2.6,2.4,2.6
2025-08-07,2025-08-07 10:03:37.900,MO2508-C-7500,2.6,2.4,2.6
2025-08-07,2025-08-07 10:03:39.900,MO2508-C-7500,2.6,2.4,2.6
2025-08-07,2025-08-07 10:03:40.400,MO2508-C-7500,2.6,2.4,2.6
2025-08-07,2025-08-07 10:03:40.900,MO2508-C-7500,2.6,2.4,2.6
2025-08-07,2025-08-07 10:03:42.400,MO2508-C-7500,2.6,2.4,2.6
2025-08-07,2025-08-07 10:03:42.900,MO2508-C-7500,2.6,2.4,2.6
2025-08-07,2025-08-07 10:03:44.900,MO2508-C-7500,2.6,2.4,2.6
2025-08-07,2025-08-07 10:03:45.400,MO2508-C-7500,2.6,2.4,2.6
2025-08-07,2025-08-07 10:03:45.900,MO2508-C-7500,2.6,2.4,2.6
2025-08-07,2025-08-07 10:03:46.400,MO2508-C-7500,2.6,2.4,2.6
2025-08-07,2025-08-07 10:03:46.900,MO2508-C-7500,2.6,2.4,2.6
2025-08-07,2025-08-07 10:03:47.400,MO2508-C-7500,2.6,2.4,2.6
2025-08-07,2025-08-07 10:03:49.400,MO2508-C-7500,2.6,2.4,2.6
2025-08-07,2025-08-07 10:03:54.900,MO2508-C-7500,2.6,2.4,2.6
2025-08-07,2025-08-07 10:03:55.400,MO2508-C-7500,2.6,2.4,2.6
2025-08-07,2025-08-07 10:03:55.900,MO2508-C-7500,2.6,2.4,2.6
2025-08-07,2025-08-07 10:04:04.400,MO2508-C-7500,2.6,2.4,2.6
2025-08-07,2025-08-07 10:04:04.900,MO2508-C-7500,2.6,2.4,2.6
2025-08-07,2025-08-07 10:04:05.400,MO2508-C-7500,2.6,2.4,2.6
2025-08-07,2025-08-07 10:04:05.900,MO2508-C-7500,2.6,2.4,2.6
2025-08-07,2025-08-07 10:04:06.900,MO2508-C-7500,2.6,2.4,2.6
2025-08-07,2025-08-07 10:04:14.900,MO2508-C-7500,2.6,2.4,2.6
2025-08-07,2025-08-07 10:04:15.400,MO2508-C-7500,2.6,2.4,2.6
2025-08-07,2025-08-07 10:04:15.900,MO2508-C-7500,2.6,2.4,2.6
2025-08-07,2025-08-07 10:04:17.400,MO2508-C-7500,2.6,2.4,2.6
2025-08-07,2025-08-07 10:04:21.900,MO2508-C-7500,2.6,2.4,2.6
2025-08-07,2025-08-07 10:04:22.400,MO2508-C-7500,2.6,2.4,2.6
2025-08-07,2025-08-07 10:04:22.900,MO2508-C-7500,2.6,2.4,2.6
2025-08-07,2025-08-07 10:04:24.400,MO2508-C-7500,2.6,2.4,2.6
2025-08-07,2025-08-07 10:04:24.900,MO2508-C-7500,2.6,2.4,2.6
2025-08-07,2025-08-07 10:04:25.400,MO2508-C-7500,2.6,2.4,2.6
2025-08-07,2025-08-07 10:04:25.900,MO2508-C-7500,2.6,2.4,2.6
2025-08-07,2025-08-07 10:04:26.400,MO2508-C-7500,2.6,2.4,2.6
2025-08-07,2025-08-07 10:04:33.900,MO2508-C-7500,2.4,2.2,2.4
2025-08-07,2025-08-07 10:04:34.400,MO2508-C-7500,2.4,2.2,2.4
2025-08-07,2025-08-07 10:04:34.900,MO2508-C-7500,2.4,2.2,2.4
2025-08-07,2025-08-07 10:04:35.400,MO2508-C-7500,2.4,2.2,2.4
2025-08-07,2025-08-07 10:04:36.400,MO2508-C-7500,2.4,2.2,2.4
2025-08-07,2025-08-07 10:04:36.900,MO2508-C-7500,2.4,2.2,2.4
2025-08-07,2025-08-07 10:04:37.900,MO2508-C-7500,2.4,2.2,2.4
2025-08-07,2025-08-07 10:04:38.400,MO2508-C-7500,2.4,2.2,2.4
2025-08-07,2025-08-07 10:04:38.900,MO2508-C-7500,2.4,2.2,2.6
2025-08-07,2025-08-07 10:04:39.400,MO2508-C-7500,2.4,2.2,2.6
2025-08-07,2025-08-07 10:04:39.900,MO2508-C-7500,2.2,2.2,2.4
2025-08-07,2025-08-07 10:04:40.400,MO2508-C-7500,2.2,2.2,2.4
2025-08-07,2025-08-07 10:04:40.900,MO2508-C-7500,2.4,2.2,2.4
2025-08-07,2025-08-07 10:04:41.400,MO2508-C-7500,2.4,2.2,2.4
2025-08-07,2025-08-07 10:04:44.900,MO2508-C-7500,2.4,2.2,2.4
2025-08-07,2025-08-07 10:04:45.400,MO2508-C-7500,2.4,2.2,2.4
2025-08-07,2025-08-07 10:04:45.900,MO2508-C-7500,2.4,2.2,2.4
2025-08-07,2025-08-07 10:04:47.400,MO2508-C-7500,2.4,2.2,2.4
2025-08-07,2025-08-07 10:04:47.900,MO2508-C-7500,2.4,2.2,2.4
2025-08-07,2025-08-07 10:04:48.400,MO2508-C-7500,2.4,2.2,2.4
2025-08-07,2025-08-07 10:04:49.400,MO2508-C-7500,2.4,2.2,2.4
2025-08-07,2025-08-07 10:04:49.900,MO2508-C-7500,2.4,2.2,2.4
2025-08-07,2025-08-07 10:04:51.400,MO2508-C-7500,2.4,2.2,2.4
2025-08-07,2025-08-07 10:04:51.900,MO2508-C-7500,2.4,2.2,2.4
2025-08-07,2025-08-07 10:04:52.400,MO2508-C-7500,2.4,2.2,2.4
2025-08-07,2025-08-07 10:04:52.900,MO2508-C-7500,2.4,2.2,2.4
2025-08-07,2025-08-07 10:04:54.900,MO2508-C-7500,2.4,2.2,2.4
2025-08-07,2025-08-07 10:04:55.400,MO2508-C-7500,2.4,2.2,2.4
2025-08-07,2025-08-07 10:04:55.900,MO2508-C-7500,2.4,2.2,2.4
2025-08-07,2025-08-07 10:04:56.400,MO2508-C-7500,2.4,2.2,2.4
2025-08-07,2025-08-07 10:04:58.900,MO2508-C-7500,2.4,2.2,2.4
2025-08-07,2025-08-07 10:04:59.400,MO2508-C-7500,2.4,2.2,2.4
2025-08-07,2025-08-07 10:04:59.900,MO2508-C-7500,2.4,2.2,2.4
2025-08-07,2025-08-07 10:05:00.400,MO2508-C-7500,2.4,2.2,2.4
2025-08-07,2025-08-07 10:05:01.400,MO2508-C-7500,2.4,2.2,2.4
2025-08-07,2025-08-07 10:05:01.900,MO2508-C-7500,2.4,2.2,2.4
2025-08-07,2025-08-07 10:05:02.400,MO2508-C-7500,2.4,2.2,2.4
2025-08-07,2025-08-07 10:05:03.400,MO2508-C-7500,2.4,2.2,2.4
2025-08-07,2025-08-07 10:05:04.400,MO2508-C-7500,2.4,2.2,2.4
2025-08-07,2025-08-07 10:05:04.900,MO2508-C-7500,2.4,2.2,2.4
2025-08-07,2025-08-07 10:05:05.400,MO2508-C-7500,2.4,2.0,2.4
2025-08-07,2025-08-07 10:05:05.900,MO2508-C-7500,2.4,2.0,2.2
2025-08-07,2025-08-07 10:05:06.400,MO2508-C-7500,2.4,2.0,2.2
2025-08-07,2025-08-07 10:05:06.900,MO2508-C-7500,2.4,2.0,2.2
2025-08-07,2025-08-07 10:05:12.400,MO2508-C-7500,2.4,2.0,2.2
2025-08-07,2025-08-07 10:05:13.400,MO2508-C-7500,2.4,2.0,2.2
2025-08-07,2025-08-07 10:05:13.900,MO2508-C-7500,2.4,2.0,2.2
2025-08-07,2025-08-07 10:05:14.900,MO2508-C-7500,2.4,2.0,2.2
2025-08-07,2025-08-07 10:05:15.400,MO2508-C-7500,2.4,2.0,2.2
2025-08-07,2025-08-07 10:05:16.400,MO2508-C-7500,2.4,2.0,2.2
2025-08-07,2025-08-07 10:05:16.900,MO2508-C-7500,2.4,2.0,2.2
2025-08-07,2025-08-07 10:05:19.900,MO2508-C-7500,2.4,2.0,2.2
2025-08-07,2025-08-07 10:05:22.900,MO2508-C-7500,2.4,2.0,2.2
2025-08-07,2025-08-07 10:05:23.400,MO2508-C-7500,2.4,2.0,2.2
2025-08-07,2025-08-07 10:05:24.400,MO2508-C-7500,2.4,2.0,2.2
2025-08-07,2025-08-07 10:05:24.900,MO2508-C-7500,2.4,2.0,2.2
2025-08-07,2025-08-07 10:05:25.400,MO2508-C-7500,2.4,2.0,2.2
2025-08-07,2025-08-07 10:05:26.400,MO2508-C-7500,2.4,2.0,2.2
2025-08-07,2025-08-07 10:05:34.900,MO2508-C-7500,2.4,2.0,2.2
2025-08-07,2025-08-07 10:05:35.400,MO2508-C-7500,2.4,2.0,2.2
2025-08-07,2025-08-07 10:05:36.900,MO2508-C-7500,2.4,2.0,2.2
2025-08-07,2025-08-07 10:05:40.400,MO2508-C-7500,2.4,2.0,2.2
2025-08-07,2025-08-07 10:05:40.900,MO2508-C-7500,2.4,2.0,2.2
2025-08-07,2025-08-07 10:05:41.400,MO2508-C-7500,2.4,2.0,2.2
2025-08-07,2025-08-07 10:05:41.900,MO2508-C-7500,2.4,2.0,2.2
2025-08-07,2025-08-07 10:05:42.400,MO2508-C-7500,2.4,2.0,2.2
2025-08-07,2025-08-07 10:05:42.900,MO2508-C-7500,2.4,2.0,2.2
2025-08-07,2025-08-07 10:05:43.900,MO2508-C-7500,2.4,2.0,2.2
2025-08-07,2025-08-07 10:05:44.400,MO2508-C-7500,2.4,2.0,2.2
2025-08-07,2025-08-07 10:05:44.900,MO2508-C-7500,2.4,2.0,2.2
2025-08-07,2025-08-07 10:05:45.400,MO2508-C-7500,2.4,2.0,2.2
2025-08-07,2025-08-07 10:05:45.900,MO2508-C-7500,2.4,2.0,2.2
2025-08-07,2025-08-07 10:05:46.400,MO2508-C-7500,2.4,2.0,2.2
2025-08-07,2025-08-07 10:05:46.900,MO2508-C-7500,2.4,2.0,2.2
2025-08-07,2025-08-07 10:05:47.400,MO2508-C-7500,2.4,2.0,2.2
2025-08-07,2025-08-07 10:05:50.900,MO2508-C-7500,2.4,2.0,2.2
2025-08-07,2025-08-07 10:05:54.900,MO2508-C-7500,2.4,2.0,2.2
2025-08-07,2025-08-07 10:05:55.400,MO2508-C-7500,2.4,2.0,2.2
2025-08-07,2025-08-07 10:05:57.900,MO2508-C-7500,2.4,2.0,2.2
2025-08-07,2025-08-07 10:05:58.900,MO2508-C-7500,2.4,2.0,2.2
2025-08-07,2025-08-07 10:06:00.900,MO2508-C-7500,2.4,2.0,2.2
2025-08-07,2025-08-07 10:06:01.400,MO2508-C-7500,2.4,2.0,2.2
2025-08-07,2025-08-07 10:06:04.900,MO2508-C-7500,2.4,2.0,2.2
2025-08-07,2025-08-07 10:06:05.400,MO2508-C-7500,2.4,2.0,2.2
2025-08-07,2025-08-07 10:06:13.900,MO2508-C-7500,2.4,2.0,2.2
2025-08-07,2025-08-07 10:06:14.900,MO2508-C-7500,2.4,2.0,2.2
2025-08-07,2025-08-07 10:06:15.400,MO2508-C-7500,2.4,2.0,2.2
2025-08-07,2025-08-07 10:06:24.900,MO2508-C-7500,2.4,2.0,2.2
2025-08-07,2025-08-07 10:06:25.400,MO2508-C-7500,2.4,2.0,2.2
2025-08-07,2025-08-07 10:06:34.900,MO2508-C-7500,2.4,2.0,2.2
2025-08-07,2025-08-07 10:06:35.400,MO2508-C-7500,2.4,2.0,2.2
2025-08-07,2025-08-07 10:06:44.900,MO2508-C-7500,2.4,2.0,2.2
2025-08-07,2025-08-07 10:06:45.400,MO2508-C-7500,2.4,2.0,2.2
2025-08-07,2025-08-07 10:06:51.400,MO2508-C-7500,2.4,2.0,2.2
2025-08-07,2025-08-07 10:06:52.400,MO2508-C-7500,2.4,2.0,2.2
2025-08-07,2025-08-07 10:06:54.900,MO2508-C-7500,2.4,2.0,2.2
2025-08-07,2025-08-07 10:06:55.400,MO2508-C-7500,2.4,2.0,2.2
2025-08-07,2025-08-07 10:06:59.900,MO2508-C-7500,2.4,2.0,2.2
2025-08-07,2025-08-07 10:07:04.400,MO2508-C-7500,2.4,2.0,2.2
2025-08-07,2025-08-07 10:07:04.900,MO2508-C-7500,2.4,2.0,2.2
2025-08-07,2025-08-07 10:07:05.400,MO2508-C-7500,2.4,2.0,2.2
2025-08-07,2025-08-07 10:07:09.400,MO2508-C-7500,2.4,2.0,2.2
2025-08-07,2025-08-07 10:07:14.900,MO2508-C-7500,2.4,2.0,2.2
2025-08-07,2025-08-07 10:07:15.400,MO2508-C-7500,2.4,2.0,2.2
2025-08-07,2025-08-07 10:07:23.900,MO2508-C-7500,2.4,2.0,2.2
2025-08-07,2025-08-07 10:07:24.900,MO2508-C-7500,2.4,2.0,2.2
2025-08-07,2025-08-07 10:07:25.400,MO2508-C-7500,2.4,2.0,2.2
2025-08-07,2025-08-07 10:07:33.900,MO2508-C-7500,2.4,2.0,2.2
2025-08-07,2025-08-07 10:07:34.900,MO2508-C-7500,2.4,2.0,2.2
2025-08-07,2025-08-07 10:07:35.400,MO2508-C-7500,2.4,2.0,2.2
2025-08-07,2025-08-07 10:07:35.900,MO2508-C-7500,2.4,2.0,2.2
2025-08-07,2025-08-07 10:07:43.400,MO2508-C-7500,2.4,2.0,2.2
2025-08-07,2025-08-07 10:07:44.900,MO2508-C-7500,2.4,2.0,2.2
2025-08-07,2025-08-07 10:07:45.400,MO2508-C-7500,2.4,2.0,2.2
2025-08-07,2025-08-07 10:07:46.900,MO2508-C-7500,2.4,2.0,2.2
2025-08-07,2025-08-07 10:07:49.400,MO2508-C-7500,2.4,2.0,2.2
2025-08-07,2025-08-07 10:07:54.900,MO2508-C-7500,2.4,2.0,2.2
2025-08-07,2025-08-07 10:07:55.400,MO2508-C-7500,2.4,2.0,2.2
2025-08-07,2025-08-07 10:08:04.900,MO2508-C-7500,2.4,2.0,2.2
2025-08-07,2025-08-07 10:08:05.400,MO2508-C-7500,2.4,2.0,2.2
2025-08-07,2025-08-07 10:08:10.400,MO2508-C-7500,2.4,2.0,2.2
2025-08-07,2025-08-07 10:08:14.900,MO2508-C-7500,2.4,2.0,2.2
2025-08-07,2025-08-07 10:08:15.400,MO2508-C-7500,2.4,2.0,2.2
2025-08-07,2025-08-07 10:08:18.900,MO2508-C-7500,2.4,2.0,2.2
2025-08-07,2025-08-07 10:08:24.900,MO2508-C-7500,2.4,2.0,2.2
2025-08-07,2025-08-07 10:08:25.400,MO2508-C-7500,2.4,2.0,2.2
2025-08-07,2025-08-07 10:08:26.900,MO2508-C-7500,2.4,2.0,2.2
2025-08-07,2025-08-07 10:08:29.900,MO2508-C-7500,2.4,2.0,2.2
2025-08-07,2025-08-07 10:08:30.400,MO2508-C-7500,2.4,2.0,2.2
2025-08-07,2025-08-07 10:08:34.900,MO2508-C-7500,2.4,2.0,2.2
2025-08-07,2025-08-07 10:08:35.400,MO2508-C-7500,2.4,2.0,2.2
2025-08-07,2025-08-07 10:08:42.400,MO2508-C-7500,2.4,2.0,2.2
2025-08-07,2025-08-07 10:08:44.900,MO2508-C-7500,2.4,2.0,2.2
2025-08-07,2025-08-07 10:08:45.400,MO2508-C-7500,2.4,2.0,2.2
2025-08-07,2025-08-07 10:08:47.400,MO2508-C-7500,2.4,2.0,2.2
2025-08-07,2025-08-07 10:08:47.900,MO2508-C-7500,2.4,2.0,2.2
2025-08-07,2025-08-07 10:08:54.900,MO2508-C-7500,2.4,2.0,2.2
2025-08-07,2025-08-07 10:08:55.400,MO2508-C-7500,2.4,2.0,2.2
2025-08-07,2025-08-07 10:08:57.900,MO2508-C-7500,2.4,2.0,2.2
2025-08-07,2025-08-07 10:09:04.900,MO2508-C-7500,2.0,2.0,2.2
2025-08-07,2025-08-07 10:09:05.400,MO2508-C-7500,2.0,2.0,2.2
2025-08-07,2025-08-07 10:09:14.900,MO2508-C-7500,2.0,2.0,2.2
2025-08-07,2025-08-07 10:09:15.400,MO2508-C-7500,2.0,2.0,2.2
2025-08-07,2025-08-07 10:09:15.900,MO2508-C-7500,2.0,2.0,2.2
2025-08-07,2025-08-07 10:09:21.400,MO2508-C-7500,2.0,2.0,2.2
2025-08-07,2025-08-07 10:09:24.900,MO2508-C-7500,2.0,2.0,2.2
2025-08-07,2025-08-07 10:09:25.400,MO2508-C-7500,2.0,2.0,2.2
2025-08-07,2025-08-07 10:09:26.900,MO2508-C-7500,2.0,2.0,2.2
2025-08-07,2025-08-07 10:09:34.900,MO2508-C-7500,2.0,2.0,2.2
2025-08-07,2025-08-07 10:09:35.400,MO2508-C-7500,2.0,2.0,2.2
2025-08-07,2025-08-07 10:09:36.400,MO2508-C-7500,2.0,2.0,2.2
2025-08-07,2025-08-07 10:09:38.900,MO2508-C-7500,2.0,2.0,2.2
2025-08-07,2025-08-07 10:09:39.400,MO2508-C-7500,2.0,2.0,2.2
2025-08-07,2025-08-07 10:09:44.900,MO2508-C-7500,2.0,2.0,2.2
2025-08-07,2025-08-07 10:09:45.400,MO2508-C-7500,2.0,2.0,2.2
2025-08-07,2025-08-07 10:09:53.900,MO2508-C-7500,2.0,2.0,2.2
2025-08-07,2025-08-07 10:09:54.900,MO2508-C-7500,2.0,2.0,2.2
2025-08-07,2025-08-07 10:09:55.400,MO2508-C-7500,2.0,2.0,2.2
2025-08-07,2025-08-07 10:09:56.400,MO2508-C-7500,2.0,2.0,2.2
2025-08-07,2025-08-07 10:10:01.900,MO2508-C-7500,2.0,2.0,2.2
2025-08-07,2025-08-07 10:10:04.900,MO2508-C-7500,2.0,2.0,2.2
2025-08-07,2025-08-07 10:10:05.400,MO2508-C-7500,2.0,2.0,2.2
2025-08-07,2025-08-07 10:10:05.900,MO2508-C-7500,2.0,2.0,2.2
2025-08-07,2025-08-07 10:10:07.400,MO2508-C-7500,2.0,2.0,2.2
2025-08-07,2025-08-07 10:10:12.900,MO2508-C-7500,2.0,2.0,2.2
2025-08-07,2025-08-07 10:10:13.400,MO2508-C-7500,2.0,2.0,2.2
2025-08-07,2025-08-07 10:10:13.900,MO2508-C-7500,2.0,2.0,2.2
2025-08-07,2025-08-07 10:10:14.900,MO2508-C-7500,2.0,2.0,2.2
2025-08-07,2025-08-07 10:10:15.400,MO2508-C-7500,2.0,2.0,2.2
2025-08-07,2025-08-07 10:10:24.900,MO2508-C-7500,2.0,2.0,2.2
2025-08-07,2025-08-07 10:10:25.400,MO2508-C-7500,2.0,2.0,2.2
2025-08-07,2025-08-07 10:10:26.900,MO2508-C-7500,2.0,2.0,2.2
2025-08-07,2025-08-07 10:10:29.900,MO2508-C-7500,2.0,2.0,2.2
2025-08-07,2025-08-07 10:10:34.900,MO2508-C-7500,2.0,2.0,2.2
2025-08-07,2025-08-07 10:10:35.400,MO2508-C-7500,2.0,2.0,2.2
2025-08-07,2025-08-07 10:10:38.400,MO2508-C-7500,2.0,2.0,2.2
2025-08-07,2025-08-07 10:10:42.400,MO2508-C-7500,2.0,2.0,2.2
2025-08-07,2025-08-07 10:10:44.900,MO2508-C-7500,2.0,2.0,2.2
2025-08-07,2025-08-07 10:10:45.400,MO2508-C-7500,2.0,2.0,2.2
2025-08-07,2025-08-07 10:10:46.400,MO2508-C-7500,2.0,2.0,2.2
2025-08-07,2025-08-07 10:10:47.400,MO2508-C-7500,2.0,2.0,2.2
2025-08-07,2025-08-07 10:10:54.400,MO2508-C-7500,2.0,2.0,2.2
2025-08-07,2025-08-07 10:10:54.900,MO2508-C-7500,2.0,2.0,2.2
2025-08-07,2025-08-07 10:10:55.400,MO2508-C-7500,2.0,2.0,2.2
2025-08-07,2025-08-07 10:11:04.900,MO2508-C-7500,2.0,2.0,2.2
2025-08-07,2025-08-07 10:11:05.400,MO2508-C-7500,2.0,2.0,2.2
2025-08-07,2025-08-07 10:11:14.900,MO2508-C-7500,2.0,2.0,2.2
2025-08-07,2025-08-07 10:11:15.400,MO2508-C-7500,2.0,2.0,2.2
2025-08-07,2025-08-07 10:11:21.400,MO2508-C-7500,2.0,2.0,2.2
2025-08-07,2025-08-07 10:11:24.900,MO2508-C-7500,2.0,2.0,2.2
2025-08-07,2025-08-07 10:11:25.400,MO2508-C-7500,2.0,2.0,2.2
2025-08-07,2025-08-07 10:11:31.400,MO2508-C-7500,2.0,2.0,2.2
2025-08-07,2025-08-07 10:11:31.900,MO2508-C-7500,2.0,2.0,2.2
2025-08-07,2025-08-07 10:11:34.900,MO2508-C-7500,2.0,2.0,2.2
2025-08-07,2025-08-07 10:11:35.400,MO2508-C-7500,2.0,2.0,2.2
2025-08-07,2025-08-07 10:11:36.400,MO2508-C-7500,2.0,2.0,2.2
2025-08-07,2025-08-07 10:11:39.900,MO2508-C-7500,2.0,2.0,2.2
2025-08-07,2025-08-07 10:11:42.900,MO2508-C-7500,2.0,2.0,2.2
2025-08-07,2025-08-07 10:11:43.400,MO2508-C-7500,2.0,2.0,2.2
2025-08-07,2025-08-07 10:11:44.400,MO2508-C-7500,2.0,2.0,2.2
2025-08-07,2025-08-07 10:11:44.900,MO2508-C-7500,2.0,2.0,2.2
2025-08-07,2025-08-07 10:11:45.400,MO2508-C-7500,2.0,2.0,2.2
2025-08-07,2025-08-07 10:11:52.400,MO2508-C-7500,2.0,2.0,2.2
2025-08-07,2025-08-07 10:11:54.900,MO2508-C-7500,2.0,2.0,2.2
2025-08-07,2025-08-07 10:11:55.400,MO2508-C-7500,2.0,2.0,2.2
2025-08-07,2025-08-07 10:11:56.900,MO2508-C-7500,2.0,2.0,2.2
2025-08-07,2025-08-07 10:11:59.900,MO2508-C-7500,2.0,2.0,2.2
2025-08-07,2025-08-07 10:12:00.400,MO2508-C-7500,2.0,2.0,2.2
2025-08-07,2025-08-07 10:12:02.900,MO2508-C-7500,2.0,2.0,2.2
2025-08-07,2025-08-07 10:12:04.900,MO2508-C-7500,2.0,2.0,2.2
2025-08-07,2025-08-07 10:12:05.400,MO2508-C-7500,2.0,2.0,2.2
2025-08-07,2025-08-07 10:12:05.900,MO2508-C-7500,2.0,2.0,2.2
2025-08-07,2025-08-07 10:12:07.900,MO2508-C-7500,2.0,2.0,2.2
2025-08-07,2025-08-07 10:12:08.400,MO2508-C-7500,2.0,2.0,2.2
2025-08-07,2025-08-07 10:12:08.900,MO2508-C-7500,2.0,2.0,2.2
2025-08-07,2025-08-07 10:12:14.900,MO2508-C-7500,2.0,2.0,2.2
2025-08-07,2025-08-07 10:12:15.400,MO2508-C-7500,2.0,2.0,2.2
2025-08-07,2025-08-07 10:12:15.900,MO2508-C-7500,2.0,2.0,2.2
2025-08-07,2025-08-07 10:12:24.900,MO2508-C-7500,2.0,2.0,2.2
2025-08-07,2025-08-07 10:12:25.400,MO2508-C-7500,2.0,2.0,2.2
2025-08-07,2025-08-07 10:12:34.900,MO2508-C-7500,2.0,2.0,2.2
2025-08-07,2025-08-07 10:12:35.400,MO2508-C-7500,2.0,2.0,2.2
2025-08-07,2025-08-07 10:12:36.400,MO2508-C-7500,2.0,2.0,2.2
2025-08-07,2025-08-07 10:12:37.900,MO2508-C-7500,2.0,2.0,2.2
2025-08-07,2025-08-07 10:12:44.900,MO2508-C-7500,2.0,2.0,2.2
2025-08-07,2025-08-07 10:12:45.400,MO2508-C-7500,2.0,2.0,2.2
2025-08-07,2025-08-07 10:12:54.900,MO2508-C-7500,2.0,2.0,2.2
2025-08-07,2025-08-07 10:12:55.400,MO2508-C-7500,2.0,2.0,2.2
2025-08-07,2025-08-07 10:12:56.900,MO2508-C-7500,2.0,2.0,2.2
2025-08-07,2025-08-07 10:13:01.900,MO2508-C-7500,2.0,2.0,2.2
2025-08-07,2025-08-07 10:13:02.900,MO2508-C-7500,2.0,2.0,2.2
2025-08-07,2025-08-07 10:13:04.900,MO2508-C-7500,2.0,2.0,2.2
2025-08-07,2025-08-07 10:13:05.400,MO2508-C-7500,2.0,2.0,2.2
2025-08-07,2025-08-07 10:13:05.900,MO2508-C-7500,2.0,2.0,2.2
2025-08-07,2025-08-07 10:13:06.900,MO2508-C-7500,2.0,2.0,2.2
2025-08-07,2025-08-07 10:13:07.900,MO2508-C-7500,2.0,2.0,2.2
2025-08-07,2025-08-07 10:13:11.400,MO2508-C-7500,2.0,2.0,2.2
2025-08-07,2025-08-07 10:13:14.900,MO2508-C-7500,2.0,2.0,2.2
2025-08-07,2025-08-07 10:13:15.400,MO2508-C-7500,2.0,2.0,2.2
2025-08-07,2025-08-07 10:13:16.900,MO2508-C-7500,2.0,2.0,2.2
2025-08-07,2025-08-07 10:13:21.900,MO2508-C-7500,2.0,2.0,2.2
2025-08-07,2025-08-07 10:13:24.900,MO2508-C-7500,2.0,2.0,2.2
2025-08-07,2025-08-07 10:13:25.400,MO2508-C-7500,2.0,2.0,2.2
2025-08-07,2025-08-07 10:13:34.900,MO2508-C-7500,2.0,2.0,2.2
2025-08-07,2025-08-07 10:13:35.400,MO2508-C-7500,2.0,2.0,2.2
2025-08-07,2025-08-07 10:13:37.400,MO2508-C-7500,2.0,2.0,2.2
2025-08-07,2025-08-07 10:13:39.900,MO2508-C-7500,2.0,2.0,2.2
2025-08-07,2025-08-07 10:13:41.900,MO2508-C-7500,2.0,2.0,2.2
2025-08-07,2025-08-07 10:13:44.900,MO2508-C-7500,2.0,2.0,2.2
2025-08-07,2025-08-07 10:13:45.400,MO2508-C-7500,2.0,2.0,2.2
2025-08-07,2025-08-07 10:13:47.400,MO2508-C-7500,2.0,2.0,2.2
2025-08-07,2025-08-07 10:13:47.900,MO2508-C-7500,2.0,2.0,2.2
2025-08-07,2025-08-07 10:13:48.400,MO2508-C-7500,2.0,2.0,2.2
2025-08-07,2025-08-07 10:13:48.900,MO2508-C-7500,2.0,2.0,2.2
2025-08-07,2025-08-07 10:13:51.400,MO2508-C-7500,2.0,2.0,2.2
2025-08-07,2025-08-07 10:13:54.900,MO2508-C-7500,2.0,2.0,2.2
2025-08-07,2025-08-07 10:13:55.400,MO2508-C-7500,2.0,2.0,2.2
2025-08-07,2025-08-07 10:13:58.400,MO2508-C-7500,2.0,2.0,2.2
2025-08-07,2025-08-07 10:13:58.900,MO2508-C-7500,2.0,2.0,2.2
2025-08-07,2025-08-07 10:14:04.900,MO2508-C-7500,2.0,2.0,2.2
2025-08-07,2025-08-07 10:14:05.400,MO2508-C-7500,2.0,2.0,2.2
2025-08-07,2025-08-07 10:14:14.900,MO2508-C-7500,2.0,2.0,2.2
2025-08-07,2025-08-07 10:14:15.400,MO2508-C-7500,2.0,2.0,2.2
2025-08-07,2025-08-07 10:14:18.400,MO2508-C-7500,2.0,2.0,2.2
2025-08-07,2025-08-07 10:14:18.900,MO2508-C-7500,2.0,2.0,2.2
2025-08-07,2025-08-07 10:14:20.400,MO2508-C-7500,2.0,2.0,2.2
2025-08-07,2025-08-07 10:14:21.900,MO2508-C-7500,2.0,2.0,2.2
2025-08-07,2025-08-07 10:14:22.400,MO2508-C-7500,2.0,2.0,2.2
2025-08-07,2025-08-07 10:14:22.900,MO2508-C-7500,2.0,2.0,2.2
2025-08-07,2025-08-07 10:14:23.400,MO2508-C-7500,2.0,2.0,2.2
2025-08-07,2025-08-07 10:14:24.900,MO2508-C-7500,2.0,2.0,2.2
2025-08-07,2025-08-07 10:14:25.400,MO2508-C-7500,2.0,2.0,2.2
2025-08-07,2025-08-07 10:14:34.900,MO2508-C-7500,2.0,2.0,2.2
2025-08-07,2025-08-07 10:14:35.400,MO2508-C-7500,2.0,2.0,2.2
2025-08-07,2025-08-07 10:14:37.900,MO2508-C-7500,2.0,2.0,2.2
2025-08-07,2025-08-07 10:14:38.400,MO2508-C-7500,2.0,2.0,2.2
2025-08-07,2025-08-07 10:14:44.900,MO2508-C-7500,2.0,2.0,2.2
2025-08-07,2025-08-07 10:14:45.400,MO2508-C-7500,2.0,2.0,2.2
2025-08-07,2025-08-07 10:14:50.400,MO2508-C-7500,2.0,2.0,2.2
2025-08-07,2025-08-07 10:14:51.400,MO2508-C-7500,2.0,2.0,2.2
2025-08-07,2025-08-07 10:14:54.900,MO2508-C-7500,2.0,2.0,2.2
2025-08-07,2025-08-07 10:14:55.400,MO2508-C-7500,2.0,2.0,2.2
2025-08-07,2025-08-07 10:15:04.900,MO2508-C-7500,2.0,2.0,2.2
2025-08-07,2025-08-07 10:15:05.400,MO2508-C-7500,2.0,2.0,2.2
2025-08-07,2025-08-07 10:15:14.900,MO2508-C-7500,2.0,2.0,2.2
2025-08-07,2025-08-07 10:15:15.400,MO2508-C-7500,2.0,2.0,2.2
2025-08-07,2025-08-07 10:15:17.400,MO2508-C-7500,2.0,2.0,2.2
2025-08-07,2025-08-07 10:15:24.900,MO2508-C-7500,2.0,2.0,2.2
2025-08-07,2025-08-07 10:15:25.400,MO2508-C-7500,2.0,2.0,2.2
2025-08-07,2025-08-07 10:15:34.900,MO2508-C-7500,2.0,2.0,2.2
2025-08-07,2025-08-07 10:15:35.400,MO2508-C-7500,2.0,2.0,2.2
2025-08-07,2025-08-07 10:15:39.400,MO2508-C-7500,2.0,2.0,2.2
2025-08-07,2025-08-07 10:15:39.900,MO2508-C-7500,2.0,2.0,2.2
2025-08-07,2025-08-07 10:15:40.900,MO2508-C-7500,2.0,2.0,2.2
2025-08-07,2025-08-07 10:15:42.400,MO2508-C-7500,2.0,2.0,2.2
2025-08-07,2025-08-07 10:15:42.900,MO2508-C-7500,2.0,2.0,2.2
2025-08-07,2025-08-07 10:15:44.900,MO2508-C-7500,2.0,2.0,2.2
2025-08-07,2025-08-07 10:15:45.400,MO2508-C-7500,2.0,2.0,2.2
2025-08-07,2025-08-07 10:15:49.900,MO2508-C-7500,2.0,2.0,2.2
2025-08-07,2025-08-07 10:15:50.400,MO2508-C-7500,2.0,2.0,2.2
2025-08-07,2025-08-07 10:15:54.900,MO2508-C-7500,2.0,2.0,2.2
2025-08-07,2025-08-07 10:15:55.400,MO2508-C-7500,2.0,2.0,2.2
2025-08-07,2025-08-07 10:15:56.900,MO2508-C-7500,2.0,2.0,2.2
2025-08-07,2025-08-07 10:16:04.900,MO2508-C-7500,2.0,2.0,2.2
2025-08-07,2025-08-07 10:16:05.400,MO2508-C-7500,2.0,2.0,2.2
2025-08-07,2025-08-07 10:16:14.900,MO2508-C-7500,2.0,2.0,2.2
2025-08-07,2025-08-07 10:16:15.400,MO2508-C-7500,2.0,2.0,2.2
2025-08-07,2025-08-07 10:16:16.900,MO2508-C-7500,2.0,2.0,2.2
2025-08-07,2025-08-07 10:16:17.900,MO2508-C-7500,2.0,2.0,2.2
2025-08-07,2025-08-07 10:16:18.900,MO2508-C-7500,2.0,2.0,2.2
2025-08-07,2025-08-07 10:16:22.900,MO2508-C-7500,2.0,2.0,2.2
2025-08-07,2025-08-07 10:16:24.900,MO2508-C-7500,2.0,2.0,2.2
2025-08-07,2025-08-07 10:16:25.400,MO2508-C-7500,2.0,2.0,2.2
2025-08-07,2025-08-07 10:16:26.900,MO2508-C-7500,2.0,2.0,2.2
2025-08-07,2025-08-07 10:16:27.400,MO2508-C-7500,2.0,2.0,2.2
2025-08-07,2025-08-07 10:16:27.900,MO2508-C-7500,2.0,2.0,2.2
2025-08-07,2025-08-07 10:16:29.400,MO2508-C-7500,2.0,1.8,2.2
2025-08-07,2025-08-07 10:16:29.900,MO2508-C-7500,2.0,1.8,2.0
2025-08-07,2025-08-07 10:16:30.400,MO2508-C-7500,2.0,1.8,2.0
2025-08-07,2025-08-07 10:16:30.900,MO2508-C-7500,2.0,1.8,2.0
2025-08-07,2025-08-07 10:16:31.400,MO2508-C-7500,2.0,1.8,2.0
2025-08-07,2025-08-07 10:16:34.400,MO2508-C-7500,2.0,1.8,2.0
2025-08-07,2025-08-07 10:16:34.900,MO2508-C-7500,2.0,1.8,2.0
2025-08-07,2025-08-07 10:16:35.400,MO2508-C-7500,2.0,1.8,2.0
2025-08-07,2025-08-07 10:16:35.900,MO2508-C-7500,2.0,1.8,2.0
2025-08-07,2025-08-07 10:16:36.400,MO2508-C-7500,2.0,1.8,2.0
2025-08-07,2025-08-07 10:16:37.900,MO2508-C-7500,2.0,1.8,2.0
2025-08-07,2025-08-07 10:16:38.900,MO2508-C-7500,2.0,1.8,2.0
2025-08-07,2025-08-07 10:16:40.400,MO2508-C-7500,2.0,1.8,2.0
2025-08-07,2025-08-07 10:16:40.900,MO2508-C-7500,2.0,1.8,2.0
2025-08-07,2025-08-07 10:16:41.900,MO2508-C-7500,2.0,1.8,2.0
2025-08-07,2025-08-07 10:16:44.900,MO2508-C-7500,2.0,1.8,2.0
2025-08-07,2025-08-07 10:16:45.400,MO2508-C-7500,2.0,1.8,2.0
2025-08-07,2025-08-07 10:16:46.900,MO2508-C-7500,2.0,1.8,2.0
2025-08-07,2025-08-07 10:16:53.400,MO2508-C-7500,2.0,1.8,2.0
2025-08-07,2025-08-07 10:16:53.900,MO2508-C-7500,2.0,1.8,2.0
2025-08-07,2025-08-07 10:16:54.900,MO2508-C-7500,2.0,1.8,2.0
2025-08-07,2025-08-07 10:16:55.400,MO2508-C-7500,2.0,1.8,2.0
2025-08-07,2025-08-07 10:16:57.900,MO2508-C-7500,2.0,1.8,2.0
2025-08-07,2025-08-07 10:17:04.900,MO2508-C-7500,2.0,1.8,2.0
2025-08-07,2025-08-07 10:17:05.400,MO2508-C-7500,2.0,1.8,2.0
2025-08-07,2025-08-07 10:17:05.900,MO2508-C-7500,2.0,1.8,2.0
2025-08-07,2025-08-07 10:17:06.400,MO2508-C-7500,2.0,1.8,2.0
2025-08-07,2025-08-07 10:17:06.900,MO2508-C-7500,2.0,1.8,2.0
2025-08-07,2025-08-07 10:17:07.400,MO2508-C-7500,2.0,1.8,2.0
2025-08-07,2025-08-07 10:17:12.400,MO2508-C-7500,2.0,1.8,2.0
2025-08-07,2025-08-07 10:17:14.900,MO2508-C-7500,2.0,1.8,2.0
2025-08-07,2025-08-07 10:17:15.400,MO2508-C-7500,2.0,1.8,2.0
2025-08-07,2025-08-07 10:17:23.400,MO2508-C-7500,2.0,1.8,2.0
2025-08-07,2025-08-07 10:17:24.900,MO2508-C-7500,2.0,1.8,2.0
2025-08-07,2025-08-07 10:17:25.400,MO2508-C-7500,2.0,1.8,2.0
2025-08-07,2025-08-07 10:17:29.900,MO2508-C-7500,2.0,1.8,2.0
2025-08-07,2025-08-07 10:17:30.400,MO2508-C-7500,1.8,1.6,2.0
2025-08-07,2025-08-07 10:17:30.900,MO2508-C-7500,1.8,1.6,1.8
2025-08-07,2025-08-07 10:17:31.400,MO2508-C-7500,1.8,1.6,1.8
2025-08-07,2025-08-07 10:17:31.900,MO2508-C-7500,1.8,1.6,1.8
2025-08-07,2025-08-07 10:17:32.400,MO2508-C-7500,1.8,1.6,1.8
2025-08-07,2025-08-07 10:17:34.900,MO2508-C-7500,1.8,1.6,1.8
2025-08-07,2025-08-07 10:17:35.400,MO2508-C-7500,1.8,1.6,1.8
2025-08-07,2025-08-07 10:17:37.400,MO2508-C-7500,1.8,1.6,1.8
2025-08-07,2025-08-07 10:17:37.900,MO2508-C-7500,1.8,1.6,1.8
2025-08-07,2025-08-07 10:17:39.900,MO2508-C-7500,1.8,1.6,1.8
2025-08-07,2025-08-07 10:17:41.400,MO2508-C-7500,1.8,1.6,1.8
2025-08-07,2025-08-07 10:17:41.900,MO2508-C-7500,1.8,1.6,1.8
2025-08-07,2025-08-07 10:17:44.900,MO2508-C-7500,1.8,1.6,1.8
2025-08-07,2025-08-07 10:17:45.400,MO2508-C-7500,1.8,1.6,1.8
2025-08-07,2025-08-07 10:17:46.400,MO2508-C-7500,1.8,1.6,1.8
2025-08-07,2025-08-07 10:17:46.900,MO2508-C-7500,1.8,1.6,1.8
2025-08-07,2025-08-07 10:17:47.400,MO2508-C-7500,1.8,1.6,1.8
2025-08-07,2025-08-07 10:17:47.900,MO2508-C-7500,1.8,1.6,1.8
2025-08-07,2025-08-07 10:17:48.400,MO2508-C-7500,1.8,1.6,1.8
2025-08-07,2025-08-07 10:17:51.900,MO2508-C-7500,1.6,1.6,1.8
2025-08-07,2025-08-07 10:17:53.400,MO2508-C-7500,1.6,1.6,1.8
2025-08-07,2025-08-07 10:17:53.900,MO2508-C-7500,1.6,1.4,1.8
2025-08-07,2025-08-07 10:17:54.400,MO2508-C-7500,1.6,1.4,1.6
2025-08-07,2025-08-07 10:17:54.900,MO2508-C-7500,1.6,1.4,1.6
2025-08-07,2025-08-07 10:17:55.400,MO2508-C-7500,1.6,1.4,1.6
2025-08-07,2025-08-07 10:17:57.400,MO2508-C-7500,1.6,1.4,1.6
2025-08-07,2025-08-07 10:17:57.900,MO2508-C-7500,1.6,1.4,1.6
2025-08-07,2025-08-07 10:17:58.400,MO2508-C-7500,1.6,1.4,1.6
2025-08-07,2025-08-07 10:17:58.900,MO2508-C-7500,1.6,1.4,1.6
2025-08-07,2025-08-07 10:18:00.900,MO2508-C-7500,1.6,1.4,1.6
2025-08-07,2025-08-07 10:18:01.400,MO2508-C-7500,1.6,1.4,1.6
2025-08-07,2025-08-07 10:18:01.900,MO2508-C-7500,1.6,1.4,1.6
2025-08-07,2025-08-07 10:18:04.400,MO2508-C-7500,1.6,1.4,1.6
2025-08-07,2025-08-07 10:18:04.900,MO2508-C-7500,1.6,1.6,1.8
2025-08-07,2025-08-07 10:18:05.400,MO2508-C-7500,1.6,1.6,1.8
2025-08-07,2025-08-07 10:18:08.400,MO2508-C-7500,1.6,1.6,1.8
2025-08-07,2025-08-07 10:18:08.900,MO2508-C-7500,1.6,1.6,1.8
2025-08-07,2025-08-07 10:18:09.400,MO2508-C-7500,1.6,1.6,1.8
2025-08-07,2025-08-07 10:18:14.900,MO2508-C-7500,1.6,1.6,1.8
2025-08-07,2025-08-07 10:18:15.400,MO2508-C-7500,1.6,1.6,1.8
2025-08-07,2025-08-07 10:18:15.900,MO2508-C-7500,1.6,1.4,1.6
2025-08-07,2025-08-07 10:18:16.400,MO2508-C-7500,1.6,1.4,1.6
2025-08-07,2025-08-07 10:18:16.900,MO2508-C-7500,1.6,1.4,1.6
2025-08-07,2025-08-07 10:18:24.900,MO2508-C-7500,1.6,1.4,1.6
2025-08-07,2025-08-07 10:18:25.400,MO2508-C-7500,1.6,1.4,1.6
2025-08-07,2025-08-07 10:18:28.900,MO2508-C-7500,1.6,1.4,1.6
2025-08-07,2025-08-07 10:18:29.400,MO2508-C-7500,1.6,1.4,1.6
2025-08-07,2025-08-07 10:18:29.900,MO2508-C-7500,1.6,1.4,1.6
2025-08-07,2025-08-07 10:18:34.400,MO2508-C-7500,1.6,1.4,1.6
2025-08-07,2025-08-07 10:18:34.900,MO2508-C-7500,1.6,1.4,1.6
2025-08-07,2025-08-07 10:18:35.400,MO2508-C-7500,1.6,1.4,1.6
2025-08-07,2025-08-07 10:18:39.900,MO2508-C-7500,1.6,1.4,1.6
2025-08-07,2025-08-07 10:18:44.900,MO2508-C-7500,1.6,1.4,1.6
2025-08-07,2025-08-07 10:18:45.400,MO2508-C-7500,1.6,1.4,1.6
2025-08-07,2025-08-07 10:18:47.400,MO2508-C-7500,1.6,1.4,1.6
2025-08-07,2025-08-07 10:18:54.900,MO2508-C-7500,1.6,1.4,1.6
2025-08-07,2025-08-07 10:18:55.400,MO2508-C-7500,1.6,1.4,1.6
2025-08-07,2025-08-07 10:18:58.400,MO2508-C-7500,1.6,1.4,1.6
2025-08-07,2025-08-07 10:18:58.900,MO2508-C-7500,1.6,1.4,1.6
2025-08-07,2025-08-07 10:18:59.400,MO2508-C-7500,1.6,1.4,1.6
2025-08-07,2025-08-07 10:19:03.900,MO2508-C-7500,1.6,1.4,1.6
2025-08-07,2025-08-07 10:19:04.900,MO2508-C-7500,1.6,1.4,1.6
2025-08-07,2025-08-07 10:19:05.400,MO2508-C-7500,1.6,1.4,1.6
2025-08-07,2025-08-07 10:19:05.900,MO2508-C-7500,1.6,1.4,1.6
2025-08-07,2025-08-07 10:19:06.400,MO2508-C-7500,1.6,1.4,1.6
2025-08-07,2025-08-07 10:19:08.900,MO2508-C-7500,1.6,1.4,1.6
2025-08-07,2025-08-07 10:19:09.400,MO2508-C-7500,1.6,1.4,1.6
2025-08-07,2025-08-07 10:19:14.400,MO2508-C-7500,1.6,1.4,1.6
2025-08-07,2025-08-07 10:19:14.900,MO2508-C-7500,1.6,1.4,1.6
2025-08-07,2025-08-07 10:19:15.400,MO2508-C-7500,1.6,1.4,1.6
2025-08-07,2025-08-07 10:19:17.400,MO2508-C-7500,1.6,1.4,1.6
2025-08-07,2025-08-07 10:19:24.900,MO2508-C-7500,1.6,1.4,1.6
2025-08-07,2025-08-07 10:19:25.400,MO2508-C-7500,1.6,1.4,1.6
2025-08-07,2025-08-07 10:19:34.900,MO2508-C-7500,1.6,1.4,1.6
2025-08-07,2025-08-07 10:19:35.400,MO2508-C-7500,1.6,1.4,1.6
2025-08-07,2025-08-07 10:19:40.900,MO2508-C-7500,1.6,1.4,1.6
2025-08-07,2025-08-07 10:19:41.400,MO2508-C-7500,1.6,1.4,1.6
2025-08-07,2025-08-07 10:19:41.900,MO2508-C-7500,1.6,1.4,1.6
2025-08-07,2025-08-07 10:19:44.900,MO2508-C-7500,1.6,1.4,1.6
2025-08-07,2025-08-07 10:19:45.400,MO2508-C-7500,1.6,1.4,1.6
2025-08-07,2025-08-07 10:19:47.400,MO2508-C-7500,1.6,1.4,1.6
2025-08-07,2025-08-07 10:19:49.400,MO2508-C-7500,1.6,1.4,1.6
2025-08-07,2025-08-07 10:19:49.900,MO2508-C-7500,1.6,1.4,1.6
2025-08-07,2025-08-07 10:19:50.900,MO2508-C-7500,1.6,1.4,1.6
2025-08-07,2025-08-07 10:19:54.900,MO2508-C-7500,1.6,1.4,1.6
2025-08-07,2025-08-07 10:19:55.400,MO2508-C-7500,1.6,1.4,1.6
2025-08-07,2025-08-07 10:20:03.400,MO2508-C-7500,1.6,1.4,1.6
2025-08-07,2025-08-07 10:20:04.900,MO2508-C-7500,1.6,1.4,1.6
2025-08-07,2025-08-07 10:20:05.400,MO2508-C-7500,1.6,1.4,1.6
2025-08-07,2025-08-07 10:20:05.900,MO2508-C-7500,1.6,1.4,1.6
2025-08-07,2025-08-07 10:20:14.900,MO2508-C-7500,1.6,1.4,1.6
2025-08-07,2025-08-07 10:20:15.400,MO2508-C-7500,1.6,1.4,1.6
2025-08-07,2025-08-07 10:20:16.400,MO2508-C-7500,1.6,1.4,1.6
2025-08-07,2025-08-07 10:20:16.900,MO2508-C-7500,1.6,1.4,1.6
2025-08-07,2025-08-07 10:20:19.400,MO2508-C-7500,1.6,1.4,1.6
2025-08-07,2025-08-07 10:20:21.900,MO2508-C-7500,1.6,1.4,1.6
2025-08-07,2025-08-07 10:20:24.900,MO2508-C-7500,1.6,1.4,1.6
2025-08-07,2025-08-07 10:20:25.400,MO2508-C-7500,1.6,1.4,1.6
2025-08-07,2025-08-07 10:20:30.400,MO2508-C-7500,1.6,1.4,1.6
2025-08-07,2025-08-07 10:20:30.900,MO2508-C-7500,1.6,1.4,1.6
2025-08-07,2025-08-07 10:20:34.900,MO2508-C-7500,1.6,1.4,1.6
2025-08-07,2025-08-07 10:20:35.400,MO2508-C-7500,1.6,1.4,1.6
2025-08-07,2025-08-07 10:20:36.900,MO2508-C-7500,1.6,1.4,1.6
2025-08-07,2025-08-07 10:20:39.900,MO2508-C-7500,1.6,1.4,1.6
2025-08-07,2025-08-07 10:20:41.400,MO2508-C-7500,1.6,1.4,1.6
2025-08-07,2025-08-07 10:20:42.400,MO2508-C-7500,1.6,1.4,1.6
2025-08-07,2025-08-07 10:20:44.900,MO2508-C-7500,1.6,1.4,1.6
2025-08-07,2025-08-07 10:20:45.400,MO2508-C-7500,1.6,1.4,1.6
2025-08-07,2025-08-07 10:20:45.900,MO2508-C-7500,1.6,1.4,1.6
2025-08-07,2025-08-07 10:20:49.400,MO2508-C-7500,1.6,1.4,1.6
2025-08-07,2025-08-07 10:20:51.900,MO2508-C-7500,1.6,1.4,1.6
2025-08-07,2025-08-07 10:20:54.900,MO2508-C-7500,1.6,1.4,1.6
2025-08-07,2025-08-07 10:20:55.400,MO2508-C-7500,1.6,1.4,1.6
2025-08-07,2025-08-07 10:20:57.900,MO2508-C-7500,1.6,1.4,1.6
2025-08-07,2025-08-07 10:21:01.400,MO2508-C-7500,1.6,1.4,1.6
2025-08-07,2025-08-07 10:21:02.900,MO2508-C-7500,1.6,1.4,1.6
2025-08-07,2025-08-07 10:21:03.900,MO2508-C-7500,1.6,1.4,1.6
2025-08-07,2025-08-07 10:21:04.400,MO2508-C-7500,1.6,1.4,1.6
2025-08-07,2025-08-07 10:21:04.900,MO2508-C-7500,1.6,1.4,1.6
2025-08-07,2025-08-07 10:21:05.400,MO2508-C-7500,1.6,1.4,1.6
2025-08-07,2025-08-07 10:21:14.900,MO2508-C-7500,1.6,1.4,1.6
2025-08-07,2025-08-07 10:21:15.400,MO2508-C-7500,1.6,1.4,1.6
2025-08-07,2025-08-07 10:21:16.400,MO2508-C-7500,1.6,1.4,1.6
2025-08-07,2025-08-07 10:21:18.900,MO2508-C-7500,1.6,1.4,1.6
2025-08-07,2025-08-07 10:21:24.900,MO2508-C-7500,1.6,1.4,1.6
2025-08-07,2025-08-07 10:21:25.400,MO2508-C-7500,1.6,1.4,1.6
2025-08-07,2025-08-07 10:21:32.400,MO2508-C-7500,1.6,1.4,1.6
2025-08-07,2025-08-07 10:21:33.400,MO2508-C-7500,1.6,1.4,1.6
2025-08-07,2025-08-07 10:21:34.900,MO2508-C-7500,1.6,1.4,1.6
2025-08-07,2025-08-07 10:21:35.400,MO2508-C-7500,1.6,1.4,1.6
2025-08-07,2025-08-07 10:21:44.900,MO2508-C-7500,1.6,1.4,1.6
2025-08-07,2025-08-07 10:21:45.400,MO2508-C-7500,1.6,1.4,1.6
2025-08-07,2025-08-07 10:21:54.900,MO2508-C-7500,1.6,1.4,1.6
2025-08-07,2025-08-07 10:21:55.400,MO2508-C-7500,1.6,1.4,1.6
2025-08-07,2025-08-07 10:22:02.400,MO2508-C-7500,1.6,1.4,1.6
2025-08-07,2025-08-07 10:22:02.900,MO2508-C-7500,1.6,1.4,1.6
2025-08-07,2025-08-07 10:22:03.400,MO2508-C-7500,1.6,1.4,1.6
2025-08-07,2025-08-07 10:22:03.900,MO2508-C-7500,1.6,1.4,1.6
2025-08-07,2025-08-07 10:22:04.400,MO2508-C-7500,1.6,1.4,1.6
2025-08-07,2025-08-07 10:22:04.900,MO2508-C-7500,1.6,1.4,1.6
2025-08-07,2025-08-07 10:22:05.400,MO2508-C-7500,1.6,1.4,1.6
2025-08-07,2025-08-07 10:22:14.900,MO2508-C-7500,1.6,1.4,1.6
2025-08-07,2025-08-07 10:22:15.400,MO2508-C-7500,1.6,1.4,1.6
2025-08-07,2025-08-07 10:22:19.900,MO2508-C-7500,1.6,1.4,1.6
2025-08-07,2025-08-07 10:22:20.900,MO2508-C-7500,1.6,1.4,1.6
2025-08-07,2025-08-07 10:22:21.900,MO2508-C-7500,1.6,1.4,1.6
2025-08-07,2025-08-07 10:22:24.900,MO2508-C-7500,1.6,1.4,1.6
2025-08-07,2025-08-07 10:22:25.400,MO2508-C-7500,1.6,1.4,1.6
2025-08-07,2025-08-07 10:22:34.400,MO2508-C-7500,1.6,1.4,1.6
2025-08-07,2025-08-07 10:22:34.900,MO2508-C-7500,1.6,1.4,1.6
2025-08-07,2025-08-07 10:22:35.400,MO2508-C-7500,1.6,1.4,1.6
2025-08-07,2025-08-07 10:22:36.400,MO2508-C-7500,1.6,1.4,1.6
2025-08-07,2025-08-07 10:22:44.900,MO2508-C-7500,1.6,1.4,1.6
2025-08-07,2025-08-07 10:22:45.400,MO2508-C-7500,1.6,1.4,1.6
2025-08-07,2025-08-07 10:22:54.900,MO2508-C-7500,1.6,1.4,1.6
2025-08-07,2025-08-07 10:22:55.400,MO2508-C-7500,1.6,1.4,1.6
2025-08-07,2025-08-07 10:23:04.900,MO2508-C-7500,1.6,1.4,1.6
2025-08-07,2025-08-07 10:23:05.400,MO2508-C-7500,1.6,1.4,1.6
2025-08-07,2025-08-07 10:23:06.900,MO2508-C-7500,1.6,1.4,1.6
2025-08-07,2025-08-07 10:23:07.400,MO2508-C-7500,1.6,1.4,1.6
2025-08-07,2025-08-07 10:23:07.900,MO2508-C-7500,1.6,1.4,1.6
2025-08-07,2025-08-07 10:23:14.400,MO2508-C-7500,1.6,1.4,1.6
2025-08-07,2025-08-07 10:23:14.900,MO2508-C-7500,1.6,1.4,1.6
2025-08-07,2025-08-07 10:23:15.400,MO2508-C-7500,1.6,1.4,1.6
2025-08-07,2025-08-07 10:23:16.900,MO2508-C-7500,1.6,1.4,1.6
2025-08-07,2025-08-07 10:23:17.900,MO2508-C-7500,1.6,1.4,1.6
2025-08-07,2025-08-07 10:23:19.900,MO2508-C-7500,1.6,1.4,1.6
2025-08-07,2025-08-07 10:23:24.900,MO2508-C-7500,1.6,1.4,1.6
2025-08-07,2025-08-07 10:23:25.400,MO2508-C-7500,1.6,1.4,1.6
2025-08-07,2025-08-07 10:23:26.900,MO2508-C-7500,1.6,1.4,1.6
2025-08-07,2025-08-07 10:23:27.900,MO2508-C-7500,1.6,1.4,1.6
2025-08-07,2025-08-07 10:23:28.400,MO2508-C-7500,1.6,1.4,1.6
2025-08-07,2025-08-07 10:23:28.900,MO2508-C-7500,1.6,1.4,1.6
2025-08-07,2025-08-07 10:23:29.400,MO2508-C-7500,1.6,1.4,1.6
2025-08-07,2025-08-07 10:23:34.900,MO2508-C-7500,1.6,1.4,1.6
2025-08-07,2025-08-07 10:23:35.400,MO2508-C-7500,1.6,1.4,1.6
2025-08-07,2025-08-07 10:23:35.900,MO2508-C-7500,1.6,1.4,1.6
2025-08-07,2025-08-07 10:23:44.900,MO2508-C-7500,1.6,1.4,1.6
2025-08-07,2025-08-07 10:23:45.400,MO2508-C-7500,1.6,1.4,1.6
2025-08-07,2025-08-07 10:23:53.900,MO2508-C-7500,1.6,1.4,1.6
2025-08-07,2025-08-07 10:23:54.900,MO2508-C-7500,1.6,1.4,1.6
2025-08-07,2025-08-07 10:23:55.400,MO2508-C-7500,1.6,1.4,1.6
2025-08-07,2025-08-07 10:24:03.400,MO2508-C-7500,1.6,1.4,1.6
2025-08-07,2025-08-07 10:24:04.900,MO2508-C-7500,1.6,1.4,1.6
2025-08-07,2025-08-07 10:24:05.400,MO2508-C-7500,1.6,1.4,1.6
2025-08-07,2025-08-07 10:24:12.400,MO2508-C-7500,1.6,1.4,1.6
2025-08-07,2025-08-07 10:24:14.900,MO2508-C-7500,1.6,1.4,1.6
2025-08-07,2025-08-07 10:24:15.400,MO2508-C-7500,1.6,1.4,1.6
2025-08-07,2025-08-07 10:24:16.400,MO2508-C-7500,1.6,1.4,1.6
2025-08-07,2025-08-07 10:24:18.900,MO2508-C-7500,1.6,1.4,1.6
2025-08-07,2025-08-07 10:24:23.400,MO2508-C-7500,1.6,1.4,1.6
2025-08-07,2025-08-07 10:24:24.400,MO2508-C-7500,1.6,1.4,1.6
2025-08-07,2025-08-07 10:24:24.900,MO2508-C-7500,1.6,1.4,1.6
2025-08-07,2025-08-07 10:24:25.400,MO2508-C-7500,1.6,1.4,1.6
2025-08-07,2025-08-07 10:24:26.400,MO2508-C-7500,1.6,1.4,1.6
2025-08-07,2025-08-07 10:24:34.900,MO2508-C-7500,1.6,1.4,1.6
2025-08-07,2025-08-07 10:24:35.400,MO2508-C-7500,1.6,1.4,1.6
2025-08-07,2025-08-07 10:24:44.400,MO2508-C-7500,1.6,1.4,1.6
2025-08-07,2025-08-07 10:24:44.900,MO2508-C-7500,1.6,1.4,1.6
2025-08-07,2025-08-07 10:24:45.400,MO2508-C-7500,1.6,1.4,1.6
2025-08-07,2025-08-07 10:24:54.900,MO2508-C-7500,1.6,1.4,1.6
2025-08-07,2025-08-07 10:24:55.400,MO2508-C-7500,1.6,1.4,1.6
2025-08-07,2025-08-07 10:24:55.900,MO2508-C-7500,1.6,1.4,1.6
2025-08-07,2025-08-07 10:24:56.900,MO2508-C-7500,1.6,1.4,1.6
2025-08-07,2025-08-07 10:25:04.900,MO2508-C-7500,1.6,1.4,1.6
2025-08-07,2025-08-07 10:25:05.400,MO2508-C-7500,1.6,1.4,1.6
2025-08-07,2025-08-07 10:25:06.400,MO2508-C-7500,1.6,1.4,1.6
2025-08-07,2025-08-07 10:25:12.900,MO2508-C-7500,1.6,1.4,1.6
2025-08-07,2025-08-07 10:25:14.900,MO2508-C-7500,1.6,1.4,1.6
2025-08-07,2025-08-07 10:25:15.400,MO2508-C-7500,1.6,1.4,1.6
2025-08-07,2025-08-07 10:25:18.400,MO2508-C-7500,1.6,1.4,1.6
2025-08-07,2025-08-07 10:25:24.900,MO2508-C-7500,1.6,1.4,1.6
2025-08-07,2025-08-07 10:25:25.400,MO2508-C-7500,1.6,1.4,1.6
2025-08-07,2025-08-07 10:25:34.900,MO2508-C-7500,1.6,1.4,1.6
2025-08-07,2025-08-07 10:25:35.400,MO2508-C-7500,1.6,1.4,1.6
2025-08-07,2025-08-07 10:25:36.900,MO2508-C-7500,1.6,1.4,1.6
2025-08-07,2025-08-07 10:25:37.400,MO2508-C-7500,1.6,1.4,1.6
2025-08-07,2025-08-07 10:25:43.900,MO2508-C-7500,1.6,1.4,1.6
2025-08-07,2025-08-07 10:25:44.400,MO2508-C-7500,1.6,1.4,1.6
2025-08-07,2025-08-07 10:25:44.900,MO2508-C-7500,1.6,1.4,1.6
2025-08-07,2025-08-07 10:25:45.400,MO2508-C-7500,1.6,1.4,1.6
2025-08-07,2025-08-07 10:25:46.400,MO2508-C-7500,1.6,1.4,1.6
2025-08-07,2025-08-07 10:25:54.900,MO2508-C-7500,1.6,1.4,1.6
2025-08-07,2025-08-07 10:25:55.400,MO2508-C-7500,1.6,1.4,1.6
2025-08-07,2025-08-07 10:26:01.400,MO2508-C-7500,1.6,1.4,1.6
2025-08-07,2025-08-07 10:26:04.900,MO2508-C-7500,1.6,1.4,1.6
2025-08-07,2025-08-07 10:26:05.400,MO2508-C-7500,1.6,1.4,1.6
2025-08-07,2025-08-07 10:26:10.900,MO2508-C-7500,1.6,1.4,1.6
2025-08-07,2025-08-07 10:26:11.900,MO2508-C-7500,1.6,1.4,1.6
2025-08-07,2025-08-07 10:26:14.900,MO2508-C-7500,1.6,1.4,1.6
2025-08-07,2025-08-07 10:26:15.400,MO2508-C-7500,1.6,1.4,1.6
2025-08-07,2025-08-07 10:26:24.900,MO2508-C-7500,1.6,1.4,1.6
2025-08-07,2025-08-07 10:26:25.400,MO2508-C-7500,1.6,1.4,1.6
2025-08-07,2025-08-07 10:26:34.900,MO2508-C-7500,1.6,1.4,1.6
2025-08-07,2025-08-07 10:26:35.400,MO2508-C-7500,1.6,1.4,1.6
2025-08-07,2025-08-07 10:26:35.900,MO2508-C-7500,1.6,1.4,1.6
2025-08-07,2025-08-07 10:26:36.900,MO2508-C-7500,1.6,1.4,1.6
2025-08-07,2025-08-07 10:26:44.900,MO2508-C-7500,1.6,1.4,1.6
2025-08-07,2025-08-07 10:26:45.400,MO2508-C-7500,1.6,1.4,1.6
2025-08-07,2025-08-07 10:26:51.400,MO2508-C-7500,1.6,1.4,1.6
2025-08-07,2025-08-07 10:26:51.900,MO2508-C-7500,1.6,1.4,1.6
2025-08-07,2025-08-07 10:26:54.900,MO2508-C-7500,1.6,1.4,1.6
2025-08-07,2025-08-07 10:26:55.400,MO2508-C-7500,1.6,1.4,1.6
2025-08-07,2025-08-07 10:26:55.900,MO2508-C-7500,1.6,1.4,1.6
2025-08-07,2025-08-07 10:27:04.900,MO2508-C-7500,1.6,1.4,1.6
2025-08-07,2025-08-07 10:27:05.400,MO2508-C-7500,1.6,1.4,1.6
2025-08-07,2025-08-07 10:27:05.900,MO2508-C-7500,1.6,1.4,1.6
2025-08-07,2025-08-07 10:27:14.900,MO2508-C-7500,1.6,1.4,1.6
2025-08-07,2025-08-07 10:27:15.400,MO2508-C-7500,1.6,1.4,1.6
2025-08-07,2025-08-07 10:27:15.900,MO2508-C-7500,1.6,1.4,1.6
2025-08-07,2025-08-07 10:27:16.400,MO2508-C-7500,1.6,1.4,1.6
2025-08-07,2025-08-07 10:27:17.400,MO2508-C-7500,1.6,1.4,1.6
2025-08-07,2025-08-07 10:27:17.900,MO2508-C-7500,1.6,1.4,1.6
2025-08-07,2025-08-07 10:27:18.400,MO2508-C-7500,1.6,1.4,1.6
2025-08-07,2025-08-07 10:27:20.400,MO2508-C-7500,1.6,1.4,1.6
2025-08-07,2025-08-07 10:27:20.900,MO2508-C-7500,1.6,1.4,1.6
2025-08-07,2025-08-07 10:27:21.900,MO2508-C-7500,1.6,1.4,1.6
2025-08-07,2025-08-07 10:27:24.900,MO2508-C-7500,1.6,1.4,1.6
2025-08-07,2025-08-07 10:27:25.400,MO2508-C-7500,1.6,1.4,1.6
2025-08-07,2025-08-07 10:27:25.900,MO2508-C-7500,1.6,1.4,1.6
2025-08-07,2025-08-07 10:27:32.400,MO2508-C-7500,1.6,1.4,1.6
2025-08-07,2025-08-07 10:27:32.900,MO2508-C-7500,1.6,1.4,1.6
2025-08-07,2025-08-07 10:27:34.900,MO2508-C-7500,1.6,1.4,1.6
2025-08-07,2025-08-07 10:27:35.400,MO2508-C-7500,1.6,1.4,1.6
2025-08-07,2025-08-07 10:27:40.400,MO2508-C-7500,1.6,1.4,1.6
2025-08-07,2025-08-07 10:27:40.900,MO2508-C-7500,1.6,1.4,1.6
2025-08-07,2025-08-07 10:27:41.400,MO2508-C-7500,1.6,1.4,1.6
2025-08-07,2025-08-07 10:27:41.900,MO2508-C-7500,1.6,1.4,1.6
2025-08-07,2025-08-07 10:27:42.900,MO2508-C-7500,1.6,1.4,1.6
2025-08-07,2025-08-07 10:27:43.400,MO2508-C-7500,1.6,1.4,1.6
2025-08-07,2025-08-07 10:27:43.900,MO2508-C-7500,1.6,1.4,1.6
2025-08-07,2025-08-07 10:27:44.400,MO2508-C-7500,1.6,1.4,1.6
2025-08-07,2025-08-07 10:27:44.900,MO2508-C-7500,1.6,1.4,1.6
2025-08-07,2025-08-07 10:27:45.400,MO2508-C-7500,1.6,1.4,1.6
2025-08-07,2025-08-07 10:27:45.900,MO2508-C-7500,1.6,1.4,1.6
2025-08-07,2025-08-07 10:27:54.900,MO2508-C-7500,1.6,1.4,1.6
2025-08-07,2025-08-07 10:27:55.400,MO2508-C-7500,1.6,1.4,1.6
2025-08-07,2025-08-07 10:27:55.900,MO2508-C-7500,1.6,1.4,1.6
2025-08-07,2025-08-07 10:28:02.400,MO2508-C-7500,1.6,1.4,1.6
2025-08-07,2025-08-07 10:28:02.900,MO2508-C-7500,1.6,1.4,1.6
2025-08-07,2025-08-07 10:28:03.400,MO2508-C-7500,1.6,1.4,1.6
2025-08-07,2025-08-07 10:28:04.900,MO2508-C-7500,1.6,1.4,1.6
2025-08-07,2025-08-07 10:28:05.400,MO2508-C-7500,1.6,1.4,1.6
2025-08-07,2025-08-07 10:28:06.900,MO2508-C-7500,1.6,1.4,1.6
2025-08-07,2025-08-07 10:28:07.400,MO2508-C-7500,1.6,1.4,1.6
2025-08-07,2025-08-07 10:28:14.900,MO2508-C-7500,1.6,1.4,1.6
2025-08-07,2025-08-07 10:28:15.400,MO2508-C-7500,1.6,1.4,1.6
2025-08-07,2025-08-07 10:28:15.900,MO2508-C-7500,1.6,1.4,1.6
2025-08-07,2025-08-07 10:28:21.900,MO2508-C-7500,1.6,1.4,1.6
2025-08-07,2025-08-07 10:28:22.400,MO2508-C-7500,1.6,1.4,1.6
2025-08-07,2025-08-07 10:28:22.900,MO2508-C-7500,1.6,1.4,1.6
2025-08-07,2025-08-07 10:28:23.400,MO2508-C-7500,1.6,1.4,1.6
2025-08-07,2025-08-07 10:28:24.900,MO2508-C-7500,1.6,1.4,1.6
2025-08-07,2025-08-07 10:28:25.400,MO2508-C-7500,1.6,1.4,1.6
2025-08-07,2025-08-07 10:28:33.400,MO2508-C-7500,1.6,1.4,1.6
2025-08-07,2025-08-07 10:28:34.900,MO2508-C-7500,1.6,1.4,1.6
2025-08-07,2025-08-07 10:28:35.400,MO2508-C-7500,1.6,1.4,1.6
2025-08-07,2025-08-07 10:28:38.400,MO2508-C-7500,1.6,1.4,1.6
2025-08-07,2025-08-07 10:28:38.900,MO2508-C-7500,1.6,1.4,1.6
2025-08-07,2025-08-07 10:28:39.400,MO2508-C-7500,1.6,1.4,1.6
2025-08-07,2025-08-07 10:28:44.900,MO2508-C-7500,1.6,1.4,1.6
2025-08-07,2025-08-07 10:28:45.400,MO2508-C-7500,1.6,1.4,1.6
2025-08-07,2025-08-07 10:28:54.900,MO2508-C-7500,1.6,1.4,1.6
2025-08-07,2025-08-07 10:28:55.400,MO2508-C-7500,1.6,1.4,1.6
2025-08-07,2025-08-07 10:29:01.400,MO2508-C-7500,1.6,1.4,1.6
2025-08-07,2025-08-07 10:29:02.900,MO2508-C-7500,1.6,1.4,1.6
2025-08-07,2025-08-07 10:29:04.900,MO2508-C-7500,1.6,1.4,1.6
2025-08-07,2025-08-07 10:29:05.400,MO2508-C-7500,1.6,1.4,1.6
2025-08-07,2025-08-07 10:29:06.400,MO2508-C-7500,1.6,1.4,1.6
2025-08-07,2025-08-07 10:29:07.900,MO2508-C-7500,1.6,1.4,1.6
2025-08-07,2025-08-07 10:29:08.400,MO2508-C-7500,1.6,1.4,1.6
2025-08-07,2025-08-07 10:29:08.900,MO2508-C-7500,1.6,1.4,1.6
2025-08-07,2025-08-07 10:29:09.400,MO2508-C-7500,1.6,1.4,1.6
2025-08-07,2025-08-07 10:29:14.900,MO2508-C-7500,1.6,1.4,1.6
2025-08-07,2025-08-07 10:29:15.400,MO2508-C-7500,1.6,1.4,1.6
2025-08-07,2025-08-07 10:29:18.400,MO2508-C-7500,1.6,1.4,1.6
2025-08-07,2025-08-07 10:29:18.900,MO2508-C-7500,1.6,1.4,1.6
2025-08-07,2025-08-07 10:29:20.400,MO2508-C-7500,1.6,1.4,1.6
2025-08-07,2025-08-07 10:29:22.900,MO2508-C-7500,1.6,1.4,1.6
2025-08-07,2025-08-07 10:29:24.900,MO2508-C-7500,1.6,1.4,1.6
2025-08-07,2025-08-07 10:29:25.400,MO2508-C-7500,1.6,1.4,1.6
2025-08-07,2025-08-07 10:29:34.900,MO2508-C-7500,1.6,1.4,1.6
2025-08-07,2025-08-07 10:29:35.400,MO2508-C-7500,1.6,1.4,1.6
2025-08-07,2025-08-07 10:29:44.400,MO2508-C-7500,1.6,1.4,1.6
2025-08-07,2025-08-07 10:29:44.900,MO2508-C-7500,1.6,1.4,1.6
2025-08-07,2025-08-07 10:29:45.400,MO2508-C-7500,1.6,1.4,1.6
2025-08-07,2025-08-07 10:29:46.900,MO2508-C-7500,1.6,1.4,1.6
2025-08-07,2025-08-07 10:29:49.400,MO2508-C-7500,1.6,1.4,1.6
2025-08-07,2025-08-07 10:29:50.400,MO2508-C-7500,1.6,1.4,1.6
2025-08-07,2025-08-07 10:29:50.900,MO2508-C-7500,1.6,1.4,1.6
2025-08-07,2025-08-07 10:29:51.400,MO2508-C-7500,1.4,1.2,1.6
2025-08-07,2025-08-07 10:29:51.900,MO2508-C-7500,1.4,1.2,1.6
2025-08-07,2025-08-07 10:29:52.400,MO2508-C-7500,1.4,1.2,1.6
2025-08-07,2025-08-07 10:29:52.900,MO2508-C-7500,1.4,1.2,1.6
2025-08-07,2025-08-07 10:29:54.400,MO2508-C-7500,1.4,1.2,1.6
2025-08-07,2025-08-07 10:29:54.900,MO2508-C-7500,1.4,1.2,1.6
2025-08-07,2025-08-07 10:29:55.400,MO2508-C-7500,1.4,1.2,1.6
2025-08-07,2025-08-07 10:29:57.400,MO2508-C-7500,1.4,1.2,1.4
2025-08-07,2025-08-07 10:29:57.900,MO2508-C-7500,1.4,1.2,1.4
2025-08-07,2025-08-07 10:29:58.400,MO2508-C-7500,1.4,1.2,1.4
2025-08-07,2025-08-07 10:29:58.900,MO2508-C-7500,1.4,1.2,1.4
2025-08-07,2025-08-07 10:30:00.900,MO2508-C-7500,1.4,1.2,1.4
2025-08-07,2025-08-07 10:30:01.400,MO2508-C-7500,1.4,1.2,1.4
2025-08-07,2025-08-07 10:30:02.400,MO2508-C-7500,1.4,1.2,1.4
2025-08-07,2025-08-07 10:30:02.900,MO2508-C-7500,1.4,1.2,1.4
2025-08-07,2025-08-07 10:30:03.400,MO2508-C-7500,1.4,1.2,1.4
2025-08-07,2025-08-07 10:30:03.900,MO2508-C-7500,1.2,1.2,1.4
2025-08-07,2025-08-07 10:30:04.400,MO2508-C-7500,1.2,1.2,1.4
2025-08-07,2025-08-07 10:30:04.900,MO2508-C-7500,1.2,1.2,1.4
2025-08-07,2025-08-07 10:30:05.400,MO2508-C-7500,1.2,1.2,1.4
2025-08-07,2025-08-07 10:30:06.400,MO2508-C-7500,1.2,1.2,1.4
2025-08-07,2025-08-07 10:30:07.900,MO2508-C-7500,1.2,1.2,1.4
2025-08-07,2025-08-07 10:30:14.900,MO2508-C-7500,1.2,1.2,1.4
2025-08-07,2025-08-07 10:30:15.400,MO2508-C-7500,1.2,1.2,1.4
2025-08-07,2025-08-07 10:30:15.900,MO2508-C-7500,1.2,1.2,1.4
2025-08-07,2025-08-07 10:30:16.900,MO2508-C-7500,1.2,1.2,1.4
2025-08-07,2025-08-07 10:30:17.900,MO2508-C-7500,1.2,1.2,1.4
2025-08-07,2025-08-07 10:30:18.400,MO2508-C-7500,1.2,1.2,1.4
2025-08-07,2025-08-07 10:30:18.900,MO2508-C-7500,1.2,1.2,1.4
2025-08-07,2025-08-07 10:30:19.400,MO2508-C-7500,1.2,1.2,1.4
2025-08-07,2025-08-07 10:30:19.900,MO2508-C-7500,1.2,1.2,1.4
2025-08-07,2025-08-07 10:30:22.400,MO2508-C-7500,1.2,1.2,1.4
2025-08-07,2025-08-07 10:30:22.900,MO2508-C-7500,1.2,1.2,1.4
2025-08-07,2025-08-07 10:30:23.400,MO2508-C-7500,1.2,1.2,1.4
2025-08-07,2025-08-07 10:30:24.900,MO2508-C-7500,1.2,1.2,1.4
2025-08-07,2025-08-07 10:30:25.400,MO2508-C-7500,1.2,1.2,1.4
2025-08-07,2025-08-07 10:30:31.900,MO2508-C-7500,1.2,1.2,1.4
2025-08-07,2025-08-07 10:30:32.400,MO2508-C-7500,1.2,1.2,1.4
2025-08-07,2025-08-07 10:30:34.900,MO2508-C-7500,1.2,1.2,1.4
2025-08-07,2025-08-07 10:30:35.400,MO2508-C-7500,1.2,1.2,1.4
2025-08-07,2025-08-07 10:30:36.900,MO2508-C-7500,1.2,1.2,1.4
2025-08-07,2025-08-07 10:30:40.400,MO2508-C-7500,1.2,1.2,1.4
2025-08-07,2025-08-07 10:30:40.900,MO2508-C-7500,1.2,1.2,1.4
2025-08-07,2025-08-07 10:30:41.400,MO2508-C-7500,1.2,1.2,1.4
2025-08-07,2025-08-07 10:30:44.900,MO2508-C-7500,1.2,1.2,1.4
2025-08-07,2025-08-07 10:30:45.400,MO2508-C-7500,1.2,1.2,1.4
2025-08-07,2025-08-07 10:30:48.400,MO2508-C-7500,1.2,1.2,1.4
2025-08-07,2025-08-07 10:30:49.900,MO2508-C-7500,1.2,1.2,1.4
2025-08-07,2025-08-07 10:30:51.400,MO2508-C-7500,1.4,1.2,1.4
2025-08-07,2025-08-07 10:30:51.900,MO2508-C-7500,1.4,1.2,1.4
2025-08-07,2025-08-07 10:30:52.400,MO2508-C-7500,1.4,1.2,1.4
2025-08-07,2025-08-07 10:30:52.900,MO2508-C-7500,1.4,1.2,1.4
2025-08-07,2025-08-07 10:30:53.400,MO2508-C-7500,1.4,1.2,1.4
2025-08-07,2025-08-07 10:30:53.900,MO2508-C-7500,1.4,1.2,1.4
2025-08-07,2025-08-07 10:30:54.900,MO2508-C-7500,1.4,1.2,1.4
2025-08-07,2025-08-07 10:30:55.400,MO2508-C-7500,1.4,1.2,1.4
2025-08-07,2025-08-07 10:30:58.400,MO2508-C-7500,1.4,1.2,1.4
2025-08-07,2025-08-07 10:30:58.900,MO2508-C-7500,1.4,1.2,1.4
2025-08-07,2025-08-07 10:30:59.400,MO2508-C-7500,1.4,1.2,1.4
2025-08-07,2025-08-07 10:31:00.900,MO2508-C-7500,1.4,1.2,1.4
2025-08-07,2025-08-07 10:31:01.400,MO2508-C-7500,1.4,1.2,1.4
2025-08-07,2025-08-07 10:31:02.400,MO2508-C-7500,1.4,1.2,1.6
2025-08-07,2025-08-07 10:31:02.900,MO2508-C-7500,1.4,1.2,1.6
2025-08-07,2025-08-07 10:31:03.400,MO2508-C-7500,1.4,1.2,1.6
2025-08-07,2025-08-07 10:31:04.900,MO2508-C-7500,1.4,1.2,1.6
2025-08-07,2025-08-07 10:31:05.400,MO2508-C-7500,1.4,1.2,1.6
2025-08-07,2025-08-07 10:31:14.900,MO2508-C-7500,1.4,1.2,1.6
2025-08-07,2025-08-07 10:31:15.400,MO2508-C-7500,1.4,1.2,1.6
2025-08-07,2025-08-07 10:31:24.400,MO2508-C-7500,1.4,1.2,1.6
2025-08-07,2025-08-07 10:31:24.900,MO2508-C-7500,1.4,1.2,1.6
2025-08-07,2025-08-07 10:31:25.400,MO2508-C-7500,1.4,1.2,1.6
2025-08-07,2025-08-07 10:31:30.400,MO2508-C-7500,1.4,1.2,1.6
2025-08-07,2025-08-07 10:31:34.900,MO2508-C-7500,1.4,1.2,1.6
2025-08-07,2025-08-07 10:31:35.400,MO2508-C-7500,1.4,1.2,1.6
2025-08-07,2025-08-07 10:31:44.900,MO2508-C-7500,1.4,1.2,1.6
2025-08-07,2025-08-07 10:31:45.400,MO2508-C-7500,1.4,1.2,1.4
2025-08-07,2025-08-07 10:31:45.900,MO2508-C-7500,1.4,1.2,1.4
2025-08-07,2025-08-07 10:31:46.900,MO2508-C-7500,1.4,1.2,1.4
2025-08-07,2025-08-07 10:31:54.900,MO2508-C-7500,1.4,1.2,1.4
2025-08-07,2025-08-07 10:31:55.400,MO2508-C-7500,1.4,1.2,1.4
2025-08-07,2025-08-07 10:32:03.900,MO2508-C-7500,1.4,1.2,1.4
2025-08-07,2025-08-07 10:32:04.400,MO2508-C-7500,1.4,1.2,1.4
2025-08-07,2025-08-07 10:32:04.900,MO2508-C-7500,1.4,1.2,1.4
2025-08-07,2025-08-07 10:32:05.400,MO2508-C-7500,1.4,1.2,1.4
2025-08-07,2025-08-07 10:32:06.900,MO2508-C-7500,1.4,1.2,1.4
2025-08-07,2025-08-07 10:32:14.900,MO2508-C-7500,1.4,1.2,1.4
2025-08-07,2025-08-07 10:32:15.400,MO2508-C-7500,1.4,1.2,1.4
2025-08-07,2025-08-07 10:32:24.900,MO2508-C-7500,1.4,1.2,1.4
2025-08-07,2025-08-07 10:32:25.400,MO2508-C-7500,1.4,1.2,1.4
2025-08-07,2025-08-07 10:32:34.900,MO2508-C-7500,1.4,1.2,1.4
2025-08-07,2025-08-07 10:32:35.400,MO2508-C-7500,1.4,1.2,1.4
2025-08-07,2025-08-07 10:32:35.900,MO2508-C-7500,1.4,1.2,1.4
2025-08-07,2025-08-07 10:32:40.900,MO2508-C-7500,1.4,1.2,1.4
2025-08-07,2025-08-07 10:32:41.400,MO2508-C-7500,1.4,1.2,1.4
2025-08-07,2025-08-07 10:32:41.900,MO2508-C-7500,1.4,1.2,1.4
2025-08-07,2025-08-07 10:32:44.900,MO2508-C-7500,1.4,1.2,1.4
2025-08-07,2025-08-07 10:32:45.400,MO2508-C-7500,1.4,1.2,1.4
2025-08-07,2025-08-07 10:32:46.900,MO2508-C-7500,1.4,1.2,1.4
2025-08-07,2025-08-07 10:32:47.400,MO2508-C-7500,1.4,1.2,1.4
2025-08-07,2025-08-07 10:32:47.900,MO2508-C-7500,1.4,1.2,1.4
2025-08-07,2025-08-07 10:32:48.400,MO2508-C-7500,1.4,1.2,1.4
2025-08-07,2025-08-07 10:32:49.400,MO2508-C-7500,1.4,1.2,1.4
2025-08-07,2025-08-07 10:32:49.900,MO2508-C-7500,1.4,1.2,1.4
2025-08-07,2025-08-07 10:32:50.400,MO2508-C-7500,1.4,1.2,1.4
2025-08-07,2025-08-07 10:32:54.900,MO2508-C-7500,1.4,1.2,1.4
2025-08-07,2025-08-07 10:32:55.400,MO2508-C-7500,1.4,1.2,1.4
2025-08-07,2025-08-07 10:32:58.400,MO2508-C-7500,1.4,1.2,1.6
2025-08-07,2025-08-07 10:33:00.400,MO2508-C-7500,1.4,1.2,1.6
2025-08-07,2025-08-07 10:33:03.400,MO2508-C-7500,1.4,1.2,1.6
2025-08-07,2025-08-07 10:33:03.900,MO2508-C-7500,1.4,1.2,1.6
2025-08-07,2025-08-07 10:33:04.900,MO2508-C-7500,1.4,1.2,1.6
2025-08-07,2025-08-07 10:33:05.400,MO2508-C-7500,1.4,1.2,1.6
2025-08-07,2025-08-07 10:33:09.400,MO2508-C-7500,1.4,1.2,1.6
2025-08-07,2025-08-07 10:33:14.900,MO2508-C-7500,1.4,1.2,1.6
2025-08-07,2025-08-07 10:33:15.400,MO2508-C-7500,1.4,1.2,1.6
2025-08-07,2025-08-07 10:33:21.400,MO2508-C-7500,1.4,1.2,1.6
2025-08-07,2025-08-07 10:33:22.400,MO2508-C-7500,1.4,1.2,1.6
2025-08-07,2025-08-07 10:33:24.900,MO2508-C-7500,1.4,1.2,1.6
2025-08-07,2025-08-07 10:33:25.400,MO2508-C-7500,1.4,1.2,1.6
2025-08-07,2025-08-07 10:33:30.900,MO2508-C-7500,1.4,1.2,1.6
2025-08-07,2025-08-07 10:33:31.400,MO2508-C-7500,1.4,1.2,1.6
2025-08-07,2025-08-07 10:33:33.400,MO2508-C-7500,1.4,1.2,1.6
2025-08-07,2025-08-07 10:33:34.900,MO2508-C-7500,1.4,1.2,1.6
2025-08-07,2025-08-07 10:33:35.400,MO2508-C-7500,1.4,1.2,1.6
2025-08-07,2025-08-07 10:33:35.900,MO2508-C-7500,1.4,1.2,1.6
2025-08-07,2025-08-07 10:33:36.400,MO2508-C-7500,1.4,1.2,1.6
2025-08-07,2025-08-07 10:33:44.900,MO2508-C-7500,1.4,1.2,1.6
2025-08-07,2025-08-07 10:33:45.400,MO2508-C-7500,1.4,1.2,1.6
2025-08-07,2025-08-07 10:33:46.400,MO2508-C-7500,1.4,1.2,1.6
2025-08-07,2025-08-07 10:33:51.400,MO2508-C-7500,1.4,1.2,1.6
2025-08-07,2025-08-07 10:33:54.900,MO2508-C-7500,1.4,1.2,1.6
2025-08-07,2025-08-07 10:33:55.400,MO2508-C-7500,1.4,1.2,1.6
2025-08-07,2025-08-07 10:34:04.900,MO2508-C-7500,1.4,1.2,1.6
2025-08-07,2025-08-07 10:34:05.400,MO2508-C-7500,1.4,1.2,1.6
2025-08-07,2025-08-07 10:34:14.900,MO2508-C-7500,1.4,1.2,1.6
2025-08-07,2025-08-07 10:34:15.400,MO2508-C-7500,1.4,1.2,1.6
2025-08-07,2025-08-07 10:34:24.400,MO2508-C-7500,1.4,1.2,1.6
2025-08-07,2025-08-07 10:34:24.900,MO2508-C-7500,1.4,1.2,1.6
2025-08-07,2025-08-07 10:34:25.400,MO2508-C-7500,1.4,1.2,1.6
2025-08-07,2025-08-07 10:34:34.900,MO2508-C-7500,1.4,1.2,1.6
2025-08-07,2025-08-07 10:34:35.400,MO2508-C-7500,1.4,1.2,1.6
2025-08-07,2025-08-07 10:34:37.900,MO2508-C-7500,1.4,1.2,1.6
2025-08-07,2025-08-07 10:34:44.900,MO2508-C-7500,1.4,1.2,1.6
2025-08-07,2025-08-07 10:34:45.400,MO2508-C-7500,1.4,1.2,1.6
2025-08-07,2025-08-07 10:34:47.900,MO2508-C-7500,1.4,1.2,1.6
2025-08-07,2025-08-07 10:34:51.400,MO2508-C-7500,1.4,1.2,1.6
2025-08-07,2025-08-07 10:34:53.900,MO2508-C-7500,1.4,1.2,1.6
2025-08-07,2025-08-07 10:34:54.400,MO2508-C-7500,1.4,1.2,1.6
2025-08-07,2025-08-07 10:34:54.900,MO2508-C-7500,1.4,1.2,1.6
2025-08-07,2025-08-07 10:34:55.400,MO2508-C-7500,1.4,1.2,1.6
2025-08-07,2025-08-07 10:34:58.900,MO2508-C-7500,1.4,1.2,1.6
2025-08-07,2025-08-07 10:34:59.400,MO2508-C-7500,1.4,1.2,1.6
2025-08-07,2025-08-07 10:34:59.900,MO2508-C-7500,1.4,1.2,1.6
2025-08-07,2025-08-07 10:35:03.400,MO2508-C-7500,1.4,1.2,1.6
2025-08-07,2025-08-07 10:35:04.900,MO2508-C-7500,1.4,1.2,1.6
2025-08-07,2025-08-07 10:35:05.400,MO2508-C-7500,1.4,1.2,1.6
2025-08-07,2025-08-07 10:35:14.900,MO2508-C-7500,1.4,1.2,1.6
2025-08-07,2025-08-07 10:35:15.400,MO2508-C-7500,1.4,1.2,1.6
2025-08-07,2025-08-07 10:35:16.400,MO2508-C-7500,1.4,1.2,1.6
2025-08-07,2025-08-07 10:35:22.900,MO2508-C-7500,1.4,1.2,1.6
2025-08-07,2025-08-07 10:35:24.900,MO2508-C-7500,1.4,1.2,1.6
2025-08-07,2025-08-07 10:35:25.400,MO2508-C-7500,1.4,1.2,1.6
2025-08-07,2025-08-07 10:35:34.900,MO2508-C-7500,1.4,1.2,1.6
2025-08-07,2025-08-07 10:35:35.400,MO2508-C-7500,1.4,1.2,1.6
2025-08-07,2025-08-07 10:35:42.400,MO2508-C-7500,1.4,1.2,1.6
2025-08-07,2025-08-07 10:35:44.900,MO2508-C-7500,1.4,1.2,1.6
2025-08-07,2025-08-07 10:35:45.400,MO2508-C-7500,1.4,1.2,1.6
2025-08-07,2025-08-07 10:35:46.400,MO2508-C-7500,1.4,1.2,1.6
2025-08-07,2025-08-07 10:35:46.900,MO2508-C-7500,1.4,1.2,1.6
2025-08-07,2025-08-07 10:35:47.400,MO2508-C-7500,1.4,1.2,1.6
2025-08-07,2025-08-07 10:35:47.900,MO2508-C-7500,1.4,1.2,1.6
2025-08-07,2025-08-07 10:35:54.900,MO2508-C-7500,1.4,1.2,1.6
2025-08-07,2025-08-07 10:35:55.400,MO2508-C-7500,1.4,1.2,1.6
2025-08-07,2025-08-07 10:36:01.400,MO2508-C-7500,1.4,1.2,1.6
2025-08-07,2025-08-07 10:36:01.900,MO2508-C-7500,1.4,1.2,1.6
2025-08-07,2025-08-07 10:36:02.900,MO2508-C-7500,1.4,1.2,1.6
2025-08-07,2025-08-07 10:36:04.900,MO2508-C-7500,1.4,1.2,1.6
2025-08-07,2025-08-07 10:36:05.400,MO2508-C-7500,1.4,1.2,1.6
2025-08-07,2025-08-07 10:36:14.900,MO2508-C-7500,1.4,1.2,1.6
2025-08-07,2025-08-07 10:36:15.400,MO2508-C-7500,1.4,1.2,1.6
2025-08-07,2025-08-07 10:36:24.900,MO2508-C-7500,1.4,1.2,1.6
2025-08-07,2025-08-07 10:36:25.400,MO2508-C-7500,1.4,1.2,1.6
2025-08-07,2025-08-07 10:36:31.900,MO2508-C-7500,1.4,1.2,1.6
2025-08-07,2025-08-07 10:36:34.900,MO2508-C-7500,1.4,1.2,1.6
2025-08-07,2025-08-07 10:36:35.400,MO2508-C-7500,1.4,1.2,1.6
2025-08-07,2025-08-07 10:36:38.900,MO2508-C-7500,1.4,1.2,1.6
2025-08-07,2025-08-07 10:36:39.400,MO2508-C-7500,1.4,1.2,1.6
2025-08-07,2025-08-07 10:36:44.900,MO2508-C-7500,1.4,1.2,1.6
2025-08-07,2025-08-07 10:36:45.400,MO2508-C-7500,1.4,1.2,1.6
2025-08-07,2025-08-07 10:36:47.400,MO2508-C-7500,1.4,1.2,1.6
2025-08-07,2025-08-07 10:36:52.400,MO2508-C-7500,1.4,1.2,1.6
2025-08-07,2025-08-07 10:36:54.900,MO2508-C-7500,1.4,1.2,1.6
2025-08-07,2025-08-07 10:36:55.400,MO2508-C-7500,1.4,1.2,1.6
2025-08-07,2025-08-07 10:36:59.400,MO2508-C-7500,1.4,1.2,1.6
2025-08-07,2025-08-07 10:37:03.900,MO2508-C-7500,1.4,1.2,1.6
2025-08-07,2025-08-07 10:37:04.900,MO2508-C-7500,1.4,1.2,1.6
2025-08-07,2025-08-07 10:37:05.400,MO2508-C-7500,1.4,1.2,1.6
2025-08-07,2025-08-07 10:37:08.400,MO2508-C-7500,1.4,1.4,1.6
2025-08-07,2025-08-07 10:37:08.900,MO2508-C-7500,1.4,1.4,1.6
2025-08-07,2025-08-07 10:37:09.400,MO2508-C-7500,1.4,1.4,1.6
2025-08-07,2025-08-07 10:37:10.400,MO2508-C-7500,1.4,1.4,1.6
2025-08-07,2025-08-07 10:37:14.900,MO2508-C-7500,1.4,1.4,1.6
2025-08-07,2025-08-07 10:37:15.400,MO2508-C-7500,1.4,1.4,1.6
2025-08-07,2025-08-07 10:37:19.400,MO2508-C-7500,1.4,1.4,1.6
2025-08-07,2025-08-07 10:37:19.900,MO2508-C-7500,1.4,1.4,1.6
2025-08-07,2025-08-07 10:37:22.900,MO2508-C-7500,1.4,1.4,1.6
2025-08-07,2025-08-07 10:37:23.400,MO2508-C-7500,1.4,1.4,1.6
2025-08-07,2025-08-07 10:37:24.400,MO2508-C-7500,1.4,1.4,1.6
2025-08-07,2025-08-07 10:37:24.900,MO2508-C-7500,1.4,1.4,1.6
2025-08-07,2025-08-07 10:37:25.400,MO2508-C-7500,1.4,1.4,1.6
2025-08-07,2025-08-07 10:37:34.900,MO2508-C-7500,1.4,1.4,1.6
2025-08-07,2025-08-07 10:37:35.400,MO2508-C-7500,1.4,1.4,1.6
2025-08-07,2025-08-07 10:37:44.900,MO2508-C-7500,1.4,1.4,1.6
2025-08-07,2025-08-07 10:37:45.400,MO2508-C-7500,1.4,1.4,1.6
2025-08-07,2025-08-07 10:37:54.900,MO2508-C-7500,1.4,1.4,1.6
2025-08-07,2025-08-07 10:37:55.400,MO2508-C-7500,1.4,1.4,1.6
2025-08-07,2025-08-07 10:37:55.900,MO2508-C-7500,1.4,1.4,1.6
2025-08-07,2025-08-07 10:37:56.900,MO2508-C-7500,1.4,1.4,1.6
2025-08-07,2025-08-07 10:38:04.900,MO2508-C-7500,1.4,1.4,1.6
2025-08-07,2025-08-07 10:38:05.400,MO2508-C-7500,1.4,1.4,1.6
2025-08-07,2025-08-07 10:38:14.900,MO2508-C-7500,1.4,1.4,1.6
2025-08-07,2025-08-07 10:38:15.400,MO2508-C-7500,1.4,1.4,1.6
2025-08-07,2025-08-07 10:38:24.900,MO2508-C-7500,1.4,1.4,1.6
2025-08-07,2025-08-07 10:38:25.400,MO2508-C-7500,1.4,1.4,1.6
2025-08-07,2025-08-07 10:38:34.900,MO2508-C-7500,1.4,1.4,1.6
2025-08-07,2025-08-07 10:38:35.400,MO2508-C-7500,1.4,1.4,1.6
2025-08-07,2025-08-07 10:38:40.900,MO2508-C-7500,1.4,1.4,1.6
2025-08-07,2025-08-07 10:38:41.400,MO2508-C-7500,1.4,1.4,1.6
2025-08-07,2025-08-07 10:38:41.900,MO2508-C-7500,1.4,1.4,1.6
2025-08-07,2025-08-07 10:38:42.400,MO2508-C-7500,1.4,1.4,1.6
2025-08-07,2025-08-07 10:38:44.900,MO2508-C-7500,1.4,1.4,1.6
2025-08-07,2025-08-07 10:38:45.400,MO2508-C-7500,1.4,1.4,1.6
2025-08-07,2025-08-07 10:38:54.900,MO2508-C-7500,1.4,1.4,1.6
2025-08-07,2025-08-07 10:38:55.400,MO2508-C-7500,1.4,1.4,1.6
2025-08-07,2025-08-07 10:39:03.900,MO2508-C-7500,1.4,1.4,1.6
2025-08-07,2025-08-07 10:39:04.900,MO2508-C-7500,1.4,1.4,1.6
2025-08-07,2025-08-07 10:39:05.400,MO2508-C-7500,1.4,1.4,1.6
2025-08-07,2025-08-07 10:39:10.900,MO2508-C-7500,1.4,1.4,1.6
2025-08-07,2025-08-07 10:39:11.400,MO2508-C-7500,1.4,1.4,1.6
2025-08-07,2025-08-07 10:39:14.900,MO2508-C-7500,1.4,1.4,1.6
2025-08-07,2025-08-07 10:39:15.400,MO2508-C-7500,1.4,1.4,1.6
2025-08-07,2025-08-07 10:39:15.900,MO2508-C-7500,1.4,1.4,1.6
2025-08-07,2025-08-07 10:39:16.900,MO2508-C-7500,1.4,1.4,1.6
2025-08-07,2025-08-07 10:39:18.900,MO2508-C-7500,1.4,1.4,1.6
2025-08-07,2025-08-07 10:39:19.400,MO2508-C-7500,1.4,1.4,1.6
2025-08-07,2025-08-07 10:39:19.900,MO2508-C-7500,1.4,1.4,1.6
2025-08-07,2025-08-07 10:39:20.400,MO2508-C-7500,1.4,1.4,1.6
2025-08-07,2025-08-07 10:39:22.900,MO2508-C-7500,1.4,1.4,1.6
2025-08-07,2025-08-07 10:39:24.900,MO2508-C-7500,1.4,1.4,1.6
2025-08-07,2025-08-07 10:39:25.400,MO2508-C-7500,1.4,1.4,1.6
2025-08-07,2025-08-07 10:39:29.400,MO2508-C-7500,1.4,1.4,1.6
2025-08-07,2025-08-07 10:39:34.900,MO2508-C-7500,1.4,1.4,1.6
2025-08-07,2025-08-07 10:39:35.400,MO2508-C-7500,1.4,1.4,1.6
2025-08-07,2025-08-07 10:39:44.900,MO2508-C-7500,1.4,1.4,1.6
2025-08-07,2025-08-07 10:39:45.400,MO2508-C-7500,1.4,1.4,1.6
2025-08-07,2025-08-07 10:39:54.900,MO2508-C-7500,1.4,1.4,1.6
2025-08-07,2025-08-07 10:39:55.400,MO2508-C-7500,1.4,1.4,1.6
2025-08-07,2025-08-07 10:40:04.900,MO2508-C-7500,1.4,1.4,1.6
2025-08-07,2025-08-07 10:40:05.400,MO2508-C-7500,1.4,1.4,1.6
2025-08-07,2025-08-07 10:40:10.400,MO2508-C-7500,1.4,1.4,1.6
2025-08-07,2025-08-07 10:40:10.900,MO2508-C-7500,1.4,1.4,1.6
2025-08-07,2025-08-07 10:40:14.900,MO2508-C-7500,1.4,1.4,1.6
2025-08-07,2025-08-07 10:40:15.400,MO2508-C-7500,1.4,1.4,1.6
2025-08-07,2025-08-07 10:40:17.900,MO2508-C-7500,1.4,1.4,1.6
2025-08-07,2025-08-07 10:40:18.400,MO2508-C-7500,1.4,1.4,1.6
2025-08-07,2025-08-07 10:40:19.900,MO2508-C-7500,1.4,1.4,1.6
2025-08-07,2025-08-07 10:40:24.900,MO2508-C-7500,1.4,1.4,1.6
2025-08-07,2025-08-07 10:40:25.400,MO2508-C-7500,1.4,1.4,1.6
2025-08-07,2025-08-07 10:40:29.400,MO2508-C-7500,1.4,1.4,1.6
2025-08-07,2025-08-07 10:40:34.900,MO2508-C-7500,1.4,1.4,1.6
2025-08-07,2025-08-07 10:40:35.400,MO2508-C-7500,1.4,1.4,1.6
2025-08-07,2025-08-07 10:40:42.900,MO2508-C-7500,1.4,1.4,1.6
2025-08-07,2025-08-07 10:40:44.900,MO2508-C-7500,1.4,1.4,1.6
2025-08-07,2025-08-07 10:40:45.400,MO2508-C-7500,1.4,1.4,1.6
2025-08-07,2025-08-07 10:40:54.900,MO2508-C-7500,1.4,1.4,1.6
2025-08-07,2025-08-07 10:40:55.400,MO2508-C-7500,1.4,1.4,1.6
2025-08-07,2025-08-07 10:41:04.900,MO2508-C-7500,1.4,1.4,1.6
2025-08-07,2025-08-07 10:41:05.400,MO2508-C-7500,1.4,1.4,1.6
2025-08-07,2025-08-07 10:41:07.400,MO2508-C-7500,1.4,1.4,1.6
2025-08-07,2025-08-07 10:41:12.900,MO2508-C-7500,1.4,1.4,1.6
2025-08-07,2025-08-07 10:41:14.900,MO2508-C-7500,1.4,1.4,1.6
2025-08-07,2025-08-07 10:41:15.400,MO2508-C-7500,1.4,1.4,1.6
2025-08-07,2025-08-07 10:41:19.900,MO2508-C-7500,1.6,1.4,1.6
2025-08-07,2025-08-07 10:41:20.900,MO2508-C-7500,1.6,1.4,1.6
2025-08-07,2025-08-07 10:41:22.400,MO2508-C-7500,1.6,1.4,1.6
2025-08-07,2025-08-07 10:41:23.900,MO2508-C-7500,1.6,1.4,1.6
2025-08-07,2025-08-07 10:41:24.900,MO2508-C-7500,1.6,1.4,1.6
2025-08-07,2025-08-07 10:41:25.400,MO2508-C-7500,1.6,1.4,1.6
2025-08-07,2025-08-07 10:41:34.900,MO2508-C-7500,1.6,1.4,1.6
2025-08-07,2025-08-07 10:41:35.400,MO2508-C-7500,1.6,1.4,1.6
2025-08-07,2025-08-07 10:41:44.900,MO2508-C-7500,1.6,1.4,1.6
2025-08-07,2025-08-07 10:41:45.400,MO2508-C-7500,1.6,1.4,1.6
2025-08-07,2025-08-07 10:41:46.400,MO2508-C-7500,1.6,1.4,1.6
2025-08-07,2025-08-07 10:41:54.900,MO2508-C-7500,1.6,1.4,1.6
2025-08-07,2025-08-07 10:41:55.400,MO2508-C-7500,1.6,1.4,1.6
2025-08-07,2025-08-07 10:41:57.400,MO2508-C-7500,1.6,1.4,1.6
2025-08-07,2025-08-07 10:42:04.900,MO2508-C-7500,1.6,1.4,1.6
2025-08-07,2025-08-07 10:42:05.400,MO2508-C-7500,1.6,1.4,1.6
2025-08-07,2025-08-07 10:42:08.400,MO2508-C-7500,1.6,1.4,1.6
2025-08-07,2025-08-07 10:42:14.900,MO2508-C-7500,1.6,1.4,1.6
2025-08-07,2025-08-07 10:42:15.400,MO2508-C-7500,1.6,1.4,1.6
2025-08-07,2025-08-07 10:42:16.900,MO2508-C-7500,1.6,1.4,1.6
2025-08-07,2025-08-07 10:42:24.900,MO2508-C-7500,1.6,1.4,1.6
2025-08-07,2025-08-07 10:42:25.400,MO2508-C-7500,1.6,1.4,1.6
2025-08-07,2025-08-07 10:42:34.900,MO2508-C-7500,1.6,1.4,1.6
2025-08-07,2025-08-07 10:42:35.400,MO2508-C-7500,1.6,1.4,1.6
2025-08-07,2025-08-07 10:42:36.900,MO2508-C-7500,1.6,1.4,1.6
2025-08-07,2025-08-07 10:42:44.900,MO2508-C-7500,1.6,1.4,1.6
2025-08-07,2025-08-07 10:42:45.400,MO2508-C-7500,1.6,1.4,1.6
2025-08-07,2025-08-07 10:42:54.900,MO2508-C-7500,1.6,1.4,1.6
2025-08-07,2025-08-07 10:42:55.400,MO2508-C-7500,1.6,1.4,1.6
2025-08-07,2025-08-07 10:42:56.900,MO2508-C-7500,1.6,1.4,1.6
2025-08-07,2025-08-07 10:42:58.400,MO2508-C-7500,1.6,1.4,1.6
2025-08-07,2025-08-07 10:43:04.900,MO2508-C-7500,1.6,1.4,1.6
2025-08-07,2025-08-07 10:43:05.400,MO2508-C-7500,1.6,1.4,1.6
2025-08-07,2025-08-07 10:43:11.400,MO2508-C-7500,1.6,1.4,1.6
2025-08-07,2025-08-07 10:43:12.400,MO2508-C-7500,1.6,1.4,1.6
2025-08-07,2025-08-07 10:43:14.900,MO2508-C-7500,1.6,1.4,1.6
2025-08-07,2025-08-07 10:43:15.400,MO2508-C-7500,1.6,1.4,1.6
2025-08-07,2025-08-07 10:43:24.900,MO2508-C-7500,1.6,1.4,1.6
2025-08-07,2025-08-07 10:43:25.400,MO2508-C-7500,1.6,1.4,1.6
2025-08-07,2025-08-07 10:43:34.900,MO2508-C-7500,1.6,1.4,1.6
2025-08-07,2025-08-07 10:43:35.400,MO2508-C-7500,1.6,1.4,1.6
2025-08-07,2025-08-07 10:43:44.900,MO2508-C-7500,1.6,1.4,1.6
2025-08-07,2025-08-07 10:43:45.400,MO2508-C-7500,1.6,1.4,1.6
2025-08-07,2025-08-07 10:43:54.900,MO2508-C-7500,1.6,1.4,1.6
2025-08-07,2025-08-07 10:43:55.400,MO2508-C-7500,1.6,1.4,1.6
2025-08-07,2025-08-07 10:43:58.400,MO2508-C-7500,1.6,1.4,1.6
2025-08-07,2025-08-07 10:43:58.900,MO2508-C-7500,1.6,1.4,1.6
2025-08-07,2025-08-07 10:44:01.400,MO2508-C-7500,1.6,1.4,1.6
2025-08-07,2025-08-07 10:44:04.900,MO2508-C-7500,1.6,1.4,1.6
2025-08-07,2025-08-07 10:44:05.400,MO2508-C-7500,1.6,1.4,1.6
2025-08-07,2025-08-07 10:44:08.400,MO2508-C-7500,1.6,1.4,1.6
2025-08-07,2025-08-07 10:44:11.400,MO2508-C-7500,1.6,1.4,1.6
2025-08-07,2025-08-07 10:44:14.900,MO2508-C-7500,1.6,1.4,1.6
2025-08-07,2025-08-07 10:44:15.400,MO2508-C-7500,1.6,1.4,1.6
2025-08-07,2025-08-07 10:44:16.900,MO2508-C-7500,1.6,1.4,1.6
2025-08-07,2025-08-07 10:44:24.400,MO2508-C-7500,1.6,1.4,1.6
2025-08-07,2025-08-07 10:44:24.900,MO2508-C-7500,1.6,1.4,1.6
2025-08-07,2025-08-07 10:44:25.400,MO2508-C-7500,1.6,1.4,1.6
2025-08-07,2025-08-07 10:44:28.400,MO2508-C-7500,1.6,1.4,1.6
2025-08-07,2025-08-07 10:44:34.900,MO2508-C-7500,1.6,1.4,1.6
2025-08-07,2025-08-07 10:44:35.400,MO2508-C-7500,1.6,1.4,1.6
2025-08-07,2025-08-07 10:44:44.900,MO2508-C-7500,1.6,1.4,1.6
2025-08-07,2025-08-07 10:44:45.400,MO2508-C-7500,1.6,1.4,1.6
2025-08-07,2025-08-07 10:44:50.900,MO2508-C-7500,1.6,1.4,1.6
2025-08-07,2025-08-07 10:44:54.900,MO2508-C-7500,1.6,1.4,1.6
2025-08-07,2025-08-07 10:44:55.400,MO2508-C-7500,1.6,1.4,1.6
2025-08-07,2025-08-07 10:44:57.400,MO2508-C-7500,1.6,1.4,1.6
2025-08-07,2025-08-07 10:45:02.900,MO2508-C-7500,1.6,1.4,1.6
2025-08-07,2025-08-07 10:45:03.400,MO2508-C-7500,1.6,1.4,1.6
2025-08-07,2025-08-07 10:45:03.900,MO2508-C-7500,1.6,1.4,1.6
2025-08-07,2025-08-07 10:45:04.400,MO2508-C-7500,1.6,1.4,1.6
2025-08-07,2025-08-07 10:45:04.900,MO2508-C-7500,1.6,1.4,1.6
2025-08-07,2025-08-07 10:45:05.400,MO2508-C-7500,1.6,1.4,1.6
2025-08-07,2025-08-07 10:45:10.400,MO2508-C-7500,1.6,1.4,1.6
2025-08-07,2025-08-07 10:45:14.900,MO2508-C-7500,1.6,1.4,1.6
2025-08-07,2025-08-07 10:45:15.400,MO2508-C-7500,1.6,1.4,1.6
2025-08-07,2025-08-07 10:45:15.900,MO2508-C-7500,1.6,1.4,1.6
2025-08-07,2025-08-07 10:45:16.900,MO2508-C-7500,1.6,1.4,1.6
2025-08-07,2025-08-07 10:45:17.900,MO2508-C-7500,1.6,1.4,1.6
2025-08-07,2025-08-07 10:45:18.400,MO2508-C-7500,1.6,1.4,1.6
2025-08-07,2025-08-07 10:45:19.400,MO2508-C-7500,1.6,1.4,1.6
2025-08-07,2025-08-07 10:45:21.900,MO2508-C-7500,1.6,1.4,1.6
2025-08-07,2025-08-07 10:45:24.900,MO2508-C-7500,1.6,1.4,1.6
2025-08-07,2025-08-07 10:45:25.400,MO2508-C-7500,1.6,1.4,1.6
2025-08-07,2025-08-07 10:45:27.400,MO2508-C-7500,1.6,1.4,1.6
2025-08-07,2025-08-07 10:45:28.400,MO2508-C-7500,1.6,1.4,1.6
2025-08-07,2025-08-07 10:45:28.900,MO2508-C-7500,1.6,1.4,1.6
2025-08-07,2025-08-07 10:45:34.900,MO2508-C-7500,1.6,1.4,1.6
2025-08-07,2025-08-07 10:45:35.400,MO2508-C-7500,1.6,1.4,1.6
2025-08-07,2025-08-07 10:45:44.900,MO2508-C-7500,1.6,1.4,1.6
2025-08-07,2025-08-07 10:45:45.400,MO2508-C-7500,1.6,1.4,1.6
2025-08-07,2025-08-07 10:45:54.400,MO2508-C-7500,1.6,1.4,1.6
2025-08-07,2025-08-07 10:45:54.900,MO2508-C-7500,1.6,1.4,1.6
2025-08-07,2025-08-07 10:45:55.400,MO2508-C-7500,1.6,1.4,1.6
2025-08-07,2025-08-07 10:46:00.900,MO2508-C-7500,1.6,1.4,1.6
2025-08-07,2025-08-07 10:46:02.400,MO2508-C-7500,1.6,1.4,1.6
2025-08-07,2025-08-07 10:46:04.900,MO2508-C-7500,1.6,1.4,1.6
2025-08-07,2025-08-07 10:46:05.400,MO2508-C-7500,1.6,1.4,1.6
2025-08-07,2025-08-07 10:46:14.900,MO2508-C-7500,1.6,1.4,1.6
2025-08-07,2025-08-07 10:46:15.400,MO2508-C-7500,1.6,1.4,1.6
2025-08-07,2025-08-07 10:46:18.900,MO2508-C-7500,1.6,1.4,1.6
2025-08-07,2025-08-07 10:46:19.900,MO2508-C-7500,1.6,1.4,1.6
2025-08-07,2025-08-07 10:46:24.900,MO2508-C-7500,1.6,1.4,1.6
2025-08-07,2025-08-07 10:46:25.400,MO2508-C-7500,1.6,1.4,1.6
2025-08-07,2025-08-07 10:46:29.400,MO2508-C-7500,1.6,1.4,1.6
2025-08-07,2025-08-07 10:46:29.900,MO2508-C-7500,1.6,1.4,1.6
2025-08-07,2025-08-07 10:46:32.400,MO2508-C-7500,1.6,1.4,1.6
2025-08-07,2025-08-07 10:46:34.900,MO2508-C-7500,1.6,1.4,1.6
2025-08-07,2025-08-07 10:46:35.400,MO2508-C-7500,1.6,1.4,1.6
2025-08-07,2025-08-07 10:46:36.400,MO2508-C-7500,1.4,1.4,1.6
2025-08-07,2025-08-07 10:46:36.900,MO2508-C-7500,1.4,1.4,1.6
2025-08-07,2025-08-07 10:46:44.900,MO2508-C-7500,1.4,1.4,1.6
2025-08-07,2025-08-07 10:46:45.400,MO2508-C-7500,1.4,1.4,1.6
2025-08-07,2025-08-07 10:46:45.900,MO2508-C-7500,1.4,1.4,1.6
2025-08-07,2025-08-07 10:46:54.900,MO2508-C-7500,1.4,1.4,1.6
2025-08-07,2025-08-07 10:46:55.400,MO2508-C-7500,1.4,1.4,1.6
2025-08-07,2025-08-07 10:46:56.900,MO2508-C-7500,1.4,1.4,1.6
2025-08-07,2025-08-07 10:47:00.400,MO2508-C-7500,1.4,1.4,1.6
2025-08-07,2025-08-07 10:47:00.900,MO2508-C-7500,1.4,1.4,1.6
2025-08-07,2025-08-07 10:47:04.900,MO2508-C-7500,1.4,1.4,1.6
2025-08-07,2025-08-07 10:47:05.400,MO2508-C-7500,1.4,1.4,1.6
2025-08-07,2025-08-07 10:47:14.900,MO2508-C-7500,1.4,1.4,1.6
2025-08-07,2025-08-07 10:47:15.400,MO2508-C-7500,1.4,1.4,1.6
2025-08-07,2025-08-07 10:47:15.900,MO2508-C-7500,1.4,1.4,1.6
2025-08-07,2025-08-07 10:47:24.900,MO2508-C-7500,1.4,1.4,1.6
2025-08-07,2025-08-07 10:47:25.400,MO2508-C-7500,1.4,1.4,1.6
2025-08-07,2025-08-07 10:47:25.900,MO2508-C-7500,1.4,1.4,1.6
2025-08-07,2025-08-07 10:47:30.400,MO2508-C-7500,1.4,1.4,1.6
2025-08-07,2025-08-07 10:47:32.900,MO2508-C-7500,1.4,1.4,1.6
2025-08-07,2025-08-07 10:47:33.900,MO2508-C-7500,1.4,1.4,1.6
2025-08-07,2025-08-07 10:47:34.400,MO2508-C-7500,1.4,1.4,1.6
2025-08-07,2025-08-07 10:47:34.900,MO2508-C-7500,1.4,1.4,1.6
2025-08-07,2025-08-07 10:47:35.400,MO2508-C-7500,1.4,1.4,1.6
2025-08-07,2025-08-07 10:47:35.900,MO2508-C-7500,1.4,1.4,1.6
2025-08-07,2025-08-07 10:47:36.400,MO2508-C-7500,1.4,1.4,1.6
2025-08-07,2025-08-07 10:47:38.900,MO2508-C-7500,1.4,1.4,1.6
2025-08-07,2025-08-07 10:47:39.400,MO2508-C-7500,1.4,1.4,1.6
2025-08-07,2025-08-07 10:47:39.900,MO2508-C-7500,1.4,1.4,1.6
2025-08-07,2025-08-07 10:47:40.400,MO2508-C-7500,1.4,1.4,1.6
2025-08-07,2025-08-07 10:47:42.900,MO2508-C-7500,1.4,1.4,1.6
2025-08-07,2025-08-07 10:47:43.400,MO2508-C-7500,1.4,1.4,1.6
2025-08-07,2025-08-07 10:47:44.900,MO2508-C-7500,1.4,1.4,1.6
2025-08-07,2025-08-07 10:47:45.400,MO2508-C-7500,1.4,1.4,1.6
2025-08-07,2025-08-07 10:47:46.400,MO2508-C-7500,1.4,1.4,1.6
2025-08-07,2025-08-07 10:47:54.900,MO2508-C-7500,1.4,1.4,1.6
2025-08-07,2025-08-07 10:47:55.400,MO2508-C-7500,1.4,1.4,1.6
2025-08-07,2025-08-07 10:48:04.900,MO2508-C-7500,1.4,1.4,1.6
2025-08-07,2025-08-07 10:48:05.400,MO2508-C-7500,1.4,1.4,1.6
2025-08-07,2025-08-07 10:48:09.400,MO2508-C-7500,1.4,1.4,1.6
2025-08-07,2025-08-07 10:48:09.900,MO2508-C-7500,1.4,1.4,1.6
2025-08-07,2025-08-07 10:48:10.400,MO2508-C-7500,1.4,1.4,1.6
2025-08-07,2025-08-07 10:48:10.900,MO2508-C-7500,1.4,1.4,1.6
2025-08-07,2025-08-07 10:48:11.900,MO2508-C-7500,1.4,1.4,1.6
2025-08-07,2025-08-07 10:48:12.400,MO2508-C-7500,1.4,1.4,1.6
2025-08-07,2025-08-07 10:48:14.900,MO2508-C-7500,1.4,1.4,1.6
2025-08-07,2025-08-07 10:48:15.400,MO2508-C-7500,1.4,1.4,1.6
2025-08-07,2025-08-07 10:48:24.900,MO2508-C-7500,1.4,1.4,1.6
2025-08-07,2025-08-07 10:48:25.400,MO2508-C-7500,1.4,1.4,1.6
2025-08-07,2025-08-07 10:48:26.400,MO2508-C-7500,1.4,1.4,1.6
2025-08-07,2025-08-07 10:48:32.400,MO2508-C-7500,1.4,1.4,1.6
2025-08-07,2025-08-07 10:48:33.900,MO2508-C-7500,1.4,1.4,1.6
2025-08-07,2025-08-07 10:48:34.900,MO2508-C-7500,1.4,1.4,1.6
2025-08-07,2025-08-07 10:48:35.400,MO2508-C-7500,1.4,1.4,1.6
2025-08-07,2025-08-07 10:48:44.900,MO2508-C-7500,1.4,1.4,1.6
2025-08-07,2025-08-07 10:48:45.400,MO2508-C-7500,1.4,1.4,1.6
2025-08-07,2025-08-07 10:48:54.900,MO2508-C-7500,1.4,1.4,1.6
2025-08-07,2025-08-07 10:48:55.400,MO2508-C-7500,1.4,1.4,1.6
2025-08-07,2025-08-07 10:49:04.900,MO2508-C-7500,1.4,1.4,1.6
2025-08-07,2025-08-07 10:49:05.400,MO2508-C-7500,1.4,1.4,1.6
2025-08-07,2025-08-07 10:49:12.400,MO2508-C-7500,1.4,1.4,1.6
2025-08-07,2025-08-07 10:49:14.900,MO2508-C-7500,1.4,1.4,1.6
2025-08-07,2025-08-07 10:49:15.400,MO2508-C-7500,1.4,1.4,1.6
2025-08-07,2025-08-07 10:49:24.900,MO2508-C-7500,1.4,1.4,1.6
2025-08-07,2025-08-07 10:49:25.400,MO2508-C-7500,1.4,1.4,1.6
2025-08-07,2025-08-07 10:49:34.900,MO2508-C-7500,1.4,1.4,1.6
2025-08-07,2025-08-07 10:49:35.400,MO2508-C-7500,1.4,1.4,1.6
2025-08-07,2025-08-07 10:49:44.900,MO2508-C-7500,1.4,1.4,1.6
2025-08-07,2025-08-07 10:49:45.400,MO2508-C-7500,1.4,1.4,1.6
2025-08-07,2025-08-07 10:49:46.400,MO2508-C-7500,1.4,1.4,1.6
2025-08-07,2025-08-07 10:49:52.900,MO2508-C-7500,1.4,1.4,1.6
2025-08-07,2025-08-07 10:49:54.900,MO2508-C-7500,1.4,1.4,1.6
2025-08-07,2025-08-07 10:49:55.400,MO2508-C-7500,1.4,1.4,1.6
2025-08-07,2025-08-07 10:50:04.900,MO2508-C-7500,1.4,1.4,1.6
2025-08-07,2025-08-07 10:50:05.400,MO2508-C-7500,1.4,1.4,1.6
2025-08-07,2025-08-07 10:50:14.900,MO2508-C-7500,1.4,1.4,1.6
2025-08-07,2025-08-07 10:50:15.400,MO2508-C-7500,1.4,1.4,1.6
2025-08-07,2025-08-07 10:50:24.900,MO2508-C-7500,1.4,1.4,1.6
2025-08-07,2025-08-07 10:50:25.400,MO2508-C-7500,1.4,1.4,1.6
2025-08-07,2025-08-07 10:50:34.900,MO2508-C-7500,1.4,1.4,1.6
2025-08-07,2025-08-07 10:50:35.400,MO2508-C-7500,1.4,1.4,1.6
2025-08-07,2025-08-07 10:50:44.900,MO2508-C-7500,1.4,1.4,1.6
2025-08-07,2025-08-07 10:50:45.400,MO2508-C-7500,1.4,1.4,1.6
2025-08-07,2025-08-07 10:50:51.900,MO2508-C-7500,1.4,1.4,1.6
2025-08-07,2025-08-07 10:50:54.900,MO2508-C-7500,1.4,1.4,1.6
2025-08-07,2025-08-07 10:50:55.400,MO2508-C-7500,1.4,1.4,1.6
2025-08-07,2025-08-07 10:51:00.900,MO2508-C-7500,1.4,1.4,1.6
2025-08-07,2025-08-07 10:51:03.900,MO2508-C-7500,1.4,1.4,1.6
2025-08-07,2025-08-07 10:51:04.900,MO2508-C-7500,1.4,1.4,1.6
2025-08-07,2025-08-07 10:51:05.400,MO2508-C-7500,1.4,1.4,1.6
2025-08-07,2025-08-07 10:51:08.400,MO2508-C-7500,1.4,1.4,1.6
2025-08-07,2025-08-07 10:51:14.900,MO2508-C-7500,1.4,1.4,1.6
2025-08-07,2025-08-07 10:51:15.400,MO2508-C-7500,1.4,1.4,1.6
2025-08-07,2025-08-07 10:51:24.900,MO2508-C-7500,1.4,1.4,1.6
2025-08-07,2025-08-07 10:51:25.400,MO2508-C-7500,1.4,1.4,1.6
2025-08-07,2025-08-07 10:51:31.900,MO2508-C-7500,1.4,1.4,1.6
2025-08-07,2025-08-07 10:51:32.900,MO2508-C-7500,1.4,1.4,1.6
2025-08-07,2025-08-07 10:51:34.900,MO2508-C-7500,1.4,1.4,1.6
2025-08-07,2025-08-07 10:51:35.400,MO2508-C-7500,1.4,1.4,1.6
2025-08-07,2025-08-07 10:51:40.900,MO2508-C-7500,1.4,1.4,1.6
2025-08-07,2025-08-07 10:51:42.900,MO2508-C-7500,1.4,1.4,1.6
2025-08-07,2025-08-07 10:51:44.900,MO2508-C-7500,1.4,1.4,1.6
2025-08-07,2025-08-07 10:51:45.400,MO2508-C-7500,1.4,1.4,1.6
2025-08-07,2025-08-07 10:51:54.900,MO2508-C-7500,1.4,1.4,1.6
2025-08-07,2025-08-07 10:51:55.400,MO2508-C-7500,1.4,1.4,1.6
2025-08-07,2025-08-07 10:51:55.900,MO2508-C-7500,1.4,1.4,1.6
2025-08-07,2025-08-07 10:51:56.900,MO2508-C-7500,1.4,1.4,1.6
2025-08-07,2025-08-07 10:52:04.400,MO2508-C-7500,1.4,1.4,1.6
2025-08-07,2025-08-07 10:52:04.900,MO2508-C-7500,1.4,1.4,1.6
2025-08-07,2025-08-07 10:52:05.400,MO2508-C-7500,1.4,1.4,1.6
2025-08-07,2025-08-07 10:52:12.400,MO2508-C-7500,1.4,1.4,1.6
2025-08-07,2025-08-07 10:52:14.900,MO2508-C-7500,1.4,1.4,1.6
2025-08-07,2025-08-07 10:52:15.400,MO2508-C-7500,1.4,1.4,1.6
2025-08-07,2025-08-07 10:52:24.900,MO2508-C-7500,1.4,1.4,1.6
2025-08-07,2025-08-07 10:52:25.400,MO2508-C-7500,1.4,1.4,1.6
2025-08-07,2025-08-07 10:52:26.900,MO2508-C-7500,1.4,1.4,1.6
2025-08-07,2025-08-07 10:52:34.900,MO2508-C-7500,1.4,1.4,1.6
2025-08-07,2025-08-07 10:52:35.400,MO2508-C-7500,1.4,1.4,1.6
2025-08-07,2025-08-07 10:52:41.900,MO2508-C-7500,1.4,1.4,1.6
2025-08-07,2025-08-07 10:52:42.900,MO2508-C-7500,1.4,1.4,1.6
2025-08-07,2025-08-07 10:52:44.900,MO2508-C-7500,1.4,1.4,1.6
2025-08-07,2025-08-07 10:52:45.400,MO2508-C-7500,1.4,1.4,1.6
2025-08-07,2025-08-07 10:52:54.900,MO2508-C-7500,1.4,1.4,1.6
2025-08-07,2025-08-07 10:52:55.400,MO2508-C-7500,1.4,1.4,1.6
2025-08-07,2025-08-07 10:53:01.400,MO2508-C-7500,1.4,1.4,1.6
2025-08-07,2025-08-07 10:53:01.900,MO2508-C-7500,1.4,1.4,1.6
2025-08-07,2025-08-07 10:53:04.900,MO2508-C-7500,1.4,1.4,1.6
2025-08-07,2025-08-07 10:53:05.400,MO2508-C-7500,1.4,1.4,1.6
2025-08-07,2025-08-07 10:53:06.400,MO2508-C-7500,1.4,1.4,1.6
2025-08-07,2025-08-07 10:53:14.900,MO2508-C-7500,1.4,1.4,1.6
2025-08-07,2025-08-07 10:53:15.400,MO2508-C-7500,1.4,1.4,1.6
2025-08-07,2025-08-07 10:53:24.900,MO2508-C-7500,1.4,1.4,1.6
2025-08-07,2025-08-07 10:53:25.400,MO2508-C-7500,1.4,1.4,1.6
2025-08-07,2025-08-07 10:53:29.400,MO2508-C-7500,1.4,1.4,1.6
2025-08-07,2025-08-07 10:53:29.900,MO2508-C-7500,1.4,1.4,1.6
2025-08-07,2025-08-07 10:53:30.400,MO2508-C-7500,1.4,1.4,1.6
2025-08-07,2025-08-07 10:53:30.900,MO2508-C-7500,1.4,1.4,1.6
2025-08-07,2025-08-07 10:53:31.900,MO2508-C-7500,1.4,1.4,1.6
2025-08-07,2025-08-07 10:53:32.400,MO2508-C-7500,1.4,1.4,1.6
2025-08-07,2025-08-07 10:53:34.900,MO2508-C-7500,1.4,1.4,1.6
2025-08-07,2025-08-07 10:53:35.400,MO2508-C-7500,1.4,1.4,1.6
2025-08-07,2025-08-07 10:53:35.900,MO2508-C-7500,1.4,1.4,1.6
2025-08-07,2025-08-07 10:53:36.400,MO2508-C-7500,1.4,1.4,1.6
2025-08-07,2025-08-07 10:53:36.900,MO2508-C-7500,1.4,1.4,1.6
2025-08-07,2025-08-07 10:53:37.400,MO2508-C-7500,1.4,1.4,1.6
2025-08-07,2025-08-07 10:53:44.900,MO2508-C-7500,1.4,1.4,1.6
2025-08-07,2025-08-07 10:53:45.400,MO2508-C-7500,1.4,1.4,1.6
2025-08-07,2025-08-07 10:53:45.900,MO2508-C-7500,1.4,1.4,1.6
2025-08-07,2025-08-07 10:53:51.900,MO2508-C-7500,1.4,1.4,1.6
2025-08-07,2025-08-07 10:53:52.400,MO2508-C-7500,1.4,1.4,1.6
2025-08-07,2025-08-07 10:53:54.900,MO2508-C-7500,1.4,1.4,1.6
2025-08-07,2025-08-07 10:53:55.400,MO2508-C-7500,1.4,1.4,1.6
2025-08-07,2025-08-07 10:54:04.900,MO2508-C-7500,1.4,1.4,1.6
2025-08-07,2025-08-07 10:54:05.400,MO2508-C-7500,1.4,1.4,1.6
2025-08-07,2025-08-07 10:54:06.900,MO2508-C-7500,1.4,1.4,1.6
2025-08-07,2025-08-07 10:54:07.900,MO2508-C-7500,1.4,1.4,1.6
2025-08-07,2025-08-07 10:54:14.900,MO2508-C-7500,1.4,1.4,1.6
2025-08-07,2025-08-07 10:54:15.400,MO2508-C-7500,1.4,1.4,1.6
2025-08-07,2025-08-07 10:54:17.400,MO2508-C-7500,1.4,1.4,1.6
2025-08-07,2025-08-07 10:54:24.900,MO2508-C-7500,1.4,1.4,1.6
2025-08-07,2025-08-07 10:54:25.400,MO2508-C-7500,1.4,1.4,1.6
2025-08-07,2025-08-07 10:54:34.900,MO2508-C-7500,1.4,1.4,1.6
2025-08-07,2025-08-07 10:54:35.400,MO2508-C-7500,1.4,1.4,1.6
2025-08-07,2025-08-07 10:54:44.900,MO2508-C-7500,1.4,1.4,1.6
2025-08-07,2025-08-07 10:54:45.400,MO2508-C-7500,1.4,1.4,1.6
2025-08-07,2025-08-07 10:54:51.900,MO2508-C-7500,1.4,1.4,1.6
2025-08-07,2025-08-07 10:54:54.900,MO2508-C-7500,1.4,1.4,1.6
2025-08-07,2025-08-07 10:54:55.400,MO2508-C-7500,1.4,1.4,1.6
2025-08-07,2025-08-07 10:55:04.900,MO2508-C-7500,1.4,1.4,1.6
2025-08-07,2025-08-07 10:55:05.400,MO2508-C-7500,1.4,1.4,1.6
2025-08-07,2025-08-07 10:55:12.900,MO2508-C-7500,1.4,1.4,1.6
2025-08-07,2025-08-07 10:55:14.900,MO2508-C-7500,1.4,1.4,1.6
2025-08-07,2025-08-07 10:55:15.400,MO2508-C-7500,1.4,1.4,1.6
2025-08-07,2025-08-07 10:55:20.900,MO2508-C-7500,1.4,1.4,1.6
2025-08-07,2025-08-07 10:55:23.400,MO2508-C-7500,1.4,1.4,1.6
2025-08-07,2025-08-07 10:55:24.900,MO2508-C-7500,1.4,1.4,1.6
2025-08-07,2025-08-07 10:55:25.400,MO2508-C-7500,1.4,1.4,1.6
2025-08-07,2025-08-07 10:55:34.900,MO2508-C-7500,1.4,1.4,1.6
2025-08-07,2025-08-07 10:55:35.400,MO2508-C-7500,1.4,1.4,1.6
2025-08-07,2025-08-07 10:55:35.900,MO2508-C-7500,1.4,1.4,1.6
2025-08-07,2025-08-07 10:55:37.900,MO2508-C-7500,1.4,1.4,1.6
2025-08-07,2025-08-07 10:55:44.900,MO2508-C-7500,1.4,1.4,1.6
2025-08-07,2025-08-07 10:55:45.400,MO2508-C-7500,1.4,1.4,1.6
2025-08-07,2025-08-07 10:55:50.400,MO2508-C-7500,1.4,1.4,1.6
2025-08-07,2025-08-07 10:55:50.900,MO2508-C-7500,1.4,1.4,1.6
2025-08-07,2025-08-07 10:55:54.900,MO2508-C-7500,1.4,1.4,1.6
2025-08-07,2025-08-07 10:55:55.400,MO2508-C-7500,1.4,1.4,1.6
2025-08-07,2025-08-07 10:55:56.400,MO2508-C-7500,1.4,1.4,1.6
2025-08-07,2025-08-07 10:56:04.900,MO2508-C-7500,1.4,1.4,1.6
2025-08-07,2025-08-07 10:56:05.400,MO2508-C-7500,1.4,1.4,1.6
2025-08-07,2025-08-07 10:56:06.400,MO2508-C-7500,1.4,1.4,1.6
2025-08-07,2025-08-07 10:56:14.900,MO2508-C-7500,1.4,1.4,1.6
2025-08-07,2025-08-07 10:56:15.400,MO2508-C-7500,1.4,1.4,1.6
2025-08-07,2025-08-07 10:56:24.900,MO2508-C-7500,1.4,1.4,1.6
2025-08-07,2025-08-07 10:56:25.400,MO2508-C-7500,1.4,1.4,1.6
2025-08-07,2025-08-07 10:56:34.900,MO2508-C-7500,1.4,1.4,1.6
2025-08-07,2025-08-07 10:56:35.400,MO2508-C-7500,1.4,1.4,1.6
2025-08-07,2025-08-07 10:56:44.900,MO2508-C-7500,1.4,1.4,1.6
2025-08-07,2025-08-07 10:56:45.400,MO2508-C-7500,1.4,1.4,1.6
2025-08-07,2025-08-07 10:56:45.900,MO2508-C-7500,1.4,1.4,1.6
2025-08-07,2025-08-07 10:56:54.900,MO2508-C-7500,1.4,1.4,1.6
2025-08-07,2025-08-07 10:56:55.400,MO2508-C-7500,1.4,1.4,1.6
2025-08-07,2025-08-07 10:57:00.400,MO2508-C-7500,1.4,1.4,1.6
2025-08-07,2025-08-07 10:57:01.400,MO2508-C-7500,1.4,1.4,1.6
2025-08-07,2025-08-07 10:57:04.400,MO2508-C-7500,1.4,1.4,1.6
2025-08-07,2025-08-07 10:57:04.900,MO2508-C-7500,1.4,1.4,1.6
2025-08-07,2025-08-07 10:57:05.400,MO2508-C-7500,1.4,1.4,1.6
2025-08-07,2025-08-07 10:57:06.900,MO2508-C-7500,1.4,1.4,1.6
2025-08-07,2025-08-07 10:57:08.900,MO2508-C-7500,1.4,1.4,1.6
2025-08-07,2025-08-07 10:57:10.900,MO2508-C-7500,1.4,1.4,1.6
2025-08-07,2025-08-07 10:57:12.900,MO2508-C-7500,1.4,1.4,1.6
2025-08-07,2025-08-07 10:57:13.900,MO2508-C-7500,1.4,1.4,1.6
2025-08-07,2025-08-07 10:57:14.900,MO2508-C-7500,1.4,1.4,1.6
2025-08-07,2025-08-07 10:57:15.400,MO2508-C-7500,1.4,1.4,1.6
2025-08-07,2025-08-07 10:57:18.900,MO2508-C-7500,1.4,1.4,1.6
2025-08-07,2025-08-07 10:57:24.900,MO2508-C-7500,1.4,1.4,1.6
2025-08-07,2025-08-07 10:57:25.400,MO2508-C-7500,1.4,1.4,1.6
2025-08-07,2025-08-07 10:57:34.900,MO2508-C-7500,1.4,1.4,1.6
2025-08-07,2025-08-07 10:57:35.400,MO2508-C-7500,1.4,1.4,1.6
2025-08-07,2025-08-07 10:57:44.900,MO2508-C-7500,1.4,1.4,1.6
2025-08-07,2025-08-07 10:57:45.400,MO2508-C-7500,1.4,1.4,1.6
2025-08-07,2025-08-07 10:57:54.900,MO2508-C-7500,1.4,1.4,1.6
2025-08-07,2025-08-07 10:57:55.400,MO2508-C-7500,1.4,1.4,1.6
2025-08-07,2025-08-07 10:58:04.900,MO2508-C-7500,1.4,1.4,1.6
2025-08-07,2025-08-07 10:58:05.400,MO2508-C-7500,1.4,1.4,1.6
2025-08-07,2025-08-07 10:58:07.900,MO2508-C-7500,1.4,1.4,1.6
2025-08-07,2025-08-07 10:58:14.900,MO2508-C-7500,1.4,1.4,1.6
2025-08-07,2025-08-07 10:58:15.400,MO2508-C-7500,1.4,1.4,1.6
2025-08-07,2025-08-07 10:58:24.900,MO2508-C-7500,1.4,1.4,1.6
2025-08-07,2025-08-07 10:58:25.400,MO2508-C-7500,1.4,1.4,1.6
2025-08-07,2025-08-07 10:58:26.900,MO2508-C-7500,1.4,1.4,1.6
2025-08-07,2025-08-07 10:58:27.400,MO2508-C-7500,1.4,1.4,1.6
2025-08-07,2025-08-07 10:58:27.900,MO2508-C-7500,1.4,1.4,1.6
2025-08-07,2025-08-07 10:58:34.900,MO2508-C-7500,1.4,1.4,1.6
2025-08-07,2025-08-07 10:58:35.400,MO2508-C-7500,1.4,1.4,1.6
2025-08-07,2025-08-07 10:58:44.900,MO2508-C-7500,1.4,1.4,1.6
2025-08-07,2025-08-07 10:58:45.400,MO2508-C-7500,1.4,1.4,1.6
2025-08-07,2025-08-07 10:58:54.900,MO2508-C-7500,1.4,1.4,1.6
2025-08-07,2025-08-07 10:58:55.400,MO2508-C-7500,1.4,1.4,1.6
2025-08-07,2025-08-07 10:59:02.900,MO2508-C-7500,1.4,1.4,1.6
2025-08-07,2025-08-07 10:59:03.900,MO2508-C-7500,1.4,1.4,1.6
2025-08-07,2025-08-07 10:59:04.900,MO2508-C-7500,1.4,1.4,1.6
2025-08-07,2025-08-07 10:59:05.400,MO2508-C-7500,1.4,1.4,1.6
2025-08-07,2025-08-07 10:59:14.900,MO2508-C-7500,1.4,1.4,1.6
2025-08-07,2025-08-07 10:59:15.400,MO2508-C-7500,1.4,1.4,1.6
2025-08-07,2025-08-07 10:59:22.900,MO2508-C-7500,1.4,1.4,1.6
2025-08-07,2025-08-07 10:59:24.400,MO2508-C-7500,1.4,1.4,1.6
2025-08-07,2025-08-07 10:59:24.900,MO2508-C-7500,1.4,1.4,1.6
2025-08-07,2025-08-07 10:59:25.400,MO2508-C-7500,1.4,1.4,1.6
2025-08-07,2025-08-07 10:59:27.900,MO2508-C-7500,1.4,1.4,1.6
2025-08-07,2025-08-07 10:59:29.400,MO2508-C-7500,1.4,1.4,1.6
2025-08-07,2025-08-07 10:59:30.400,MO2508-C-7500,1.4,1.4,1.6
2025-08-07,2025-08-07 10:59:34.900,MO2508-C-7500,1.4,1.4,1.6
2025-08-07,2025-08-07 10:59:35.400,MO2508-C-7500,1.4,1.4,1.6
2025-08-07,2025-08-07 10:59:44.900,MO2508-C-7500,1.4,1.4,1.6
2025-08-07,2025-08-07 10:59:45.400,MO2508-C-7500,1.4,1.4,1.6
2025-08-07,2025-08-07 10:59:54.900,MO2508-C-7500,1.4,1.4,1.6
2025-08-07,2025-08-07 10:59:55.400,MO2508-C-7500,1.4,1.4,1.6
2025-08-07,2025-08-07 11:00:04.900,MO2508-C-7500,1.4,1.4,1.6
2025-08-07,2025-08-07 11:00:05.400,MO2508-C-7500,1.4,1.4,1.6
2025-08-07,2025-08-07 11:00:05.900,MO2508-C-7500,1.4,1.4,1.6
2025-08-07,2025-08-07 11:00:06.900,MO2508-C-7500,1.4,1.4,1.6
2025-08-07,2025-08-07 11:00:14.900,MO2508-C-7500,1.4,1.4,1.6
2025-08-07,2025-08-07 11:00:15.400,MO2508-C-7500,1.4,1.4,1.6
2025-08-07,2025-08-07 11:00:20.400,MO2508-C-7500,1.4,1.4,1.6
2025-08-07,2025-08-07 11:00:24.900,MO2508-C-7500,1.4,1.4,1.6
2025-08-07,2025-08-07 11:00:25.400,MO2508-C-7500,1.4,1.4,1.6
2025-08-07,2025-08-07 11:00:34.900,MO2508-C-7500,1.4,1.4,1.6
2025-08-07,2025-08-07 11:00:35.400,MO2508-C-7500,1.4,1.4,1.6
2025-08-07,2025-08-07 11:00:44.900,MO2508-C-7500,1.4,1.4,1.6
2025-08-07,2025-08-07 11:00:45.400,MO2508-C-7500,1.4,1.4,1.6
2025-08-07,2025-08-07 11:00:54.900,MO2508-C-7500,1.4,1.4,1.6
2025-08-07,2025-08-07 11:00:55.400,MO2508-C-7500,1.4,1.4,1.6
2025-08-07,2025-08-07 11:01:04.900,MO2508-C-7500,1.4,1.4,1.6
2025-08-07,2025-08-07 11:01:05.400,MO2508-C-7500,1.4,1.4,1.6
2025-08-07,2025-08-07 11:01:12.900,MO2508-C-7500,1.4,1.4,1.6
2025-08-07,2025-08-07 11:01:13.400,MO2508-C-7500,1.4,1.4,1.6
2025-08-07,2025-08-07 11:01:13.900,MO2508-C-7500,1.4,1.4,1.6
2025-08-07,2025-08-07 11:01:14.900,MO2508-C-7500,1.4,1.4,1.6
2025-08-07,2025-08-07 11:01:15.400,MO2508-C-7500,1.4,1.4,1.6
2025-08-07,2025-08-07 11:01:15.900,MO2508-C-7500,1.4,1.4,1.6
2025-08-07,2025-08-07 11:01:17.900,MO2508-C-7500,1.4,1.4,1.6
2025-08-07,2025-08-07 11:01:18.900,MO2508-C-7500,1.4,1.4,1.6
2025-08-07,2025-08-07 11:01:21.400,MO2508-C-7500,1.4,1.4,1.6
2025-08-07,2025-08-07 11:01:21.900,MO2508-C-7500,1.4,1.4,1.6
2025-08-07,2025-08-07 11:01:22.400,MO2508-C-7500,1.4,1.4,1.6
2025-08-07,2025-08-07 11:01:24.900,MO2508-C-7500,1.4,1.4,1.6
2025-08-07,2025-08-07 11:01:25.400,MO2508-C-7500,1.4,1.4,1.6
2025-08-07,2025-08-07 11:01:34.900,MO2508-C-7500,1.4,1.4,1.6
2025-08-07,2025-08-07 11:01:35.400,MO2508-C-7500,1.4,1.4,1.6
2025-08-07,2025-08-07 11:01:44.900,MO2508-C-7500,1.4,1.4,1.6
2025-08-07,2025-08-07 11:01:45.400,MO2508-C-7500,1.4,1.4,1.6
2025-08-07,2025-08-07 11:01:54.900,MO2508-C-7500,1.4,1.4,1.6
2025-08-07,2025-08-07 11:01:55.400,MO2508-C-7500,1.4,1.4,1.6
2025-08-07,2025-08-07 11:01:55.900,MO2508-C-7500,1.4,1.4,1.6
2025-08-07,2025-08-07 11:01:56.400,MO2508-C-7500,1.4,1.4,1.6
2025-08-07,2025-08-07 11:02:02.400,MO2508-C-7500,1.4,1.4,1.6
2025-08-07,2025-08-07 11:02:02.900,MO2508-C-7500,1.4,1.4,1.6
2025-08-07,2025-08-07 11:02:04.900,MO2508-C-7500,1.4,1.4,1.6
2025-08-07,2025-08-07 11:02:05.400,MO2508-C-7500,1.4,1.4,1.6
2025-08-07,2025-08-07 11:02:06.900,MO2508-C-7500,1.4,1.4,1.6
2025-08-07,2025-08-07 11:02:09.400,MO2508-C-7500,1.4,1.4,1.6
2025-08-07,2025-08-07 11:02:14.900,MO2508-C-7500,1.4,1.4,1.6
2025-08-07,2025-08-07 11:02:15.400,MO2508-C-7500,1.4,1.4,1.6
2025-08-07,2025-08-07 11:02:17.400,MO2508-C-7500,1.4,1.4,1.6
2025-08-07,2025-08-07 11:02:17.900,MO2508-C-7500,1.4,1.2,1.6
2025-08-07,2025-08-07 11:02:18.400,MO2508-C-7500,1.4,1.2,1.6
2025-08-07,2025-08-07 11:02:20.400,MO2508-C-7500,1.4,1.2,1.6
2025-08-07,2025-08-07 11:02:20.900,MO2508-C-7500,1.4,1.2,1.4
2025-08-07,2025-08-07 11:02:21.400,MO2508-C-7500,1.4,1.2,1.4
2025-08-07,2025-08-07 11:02:21.900,MO2508-C-7500,1.4,1.2,1.4
2025-08-07,2025-08-07 11:02:23.400,MO2508-C-7500,1.4,1.2,1.4
2025-08-07,2025-08-07 11:02:24.900,MO2508-C-7500,1.4,1.2,1.4
2025-08-07,2025-08-07 11:02:25.400,MO2508-C-7500,1.4,1.2,1.4
2025-08-07,2025-08-07 11:02:25.900,MO2508-C-7500,1.4,1.2,1.4
2025-08-07,2025-08-07 11:02:26.400,MO2508-C-7500,1.4,1.2,1.4
2025-08-07,2025-08-07 11:02:27.400,MO2508-C-7500,1.4,1.2,1.4
2025-08-07,2025-08-07 11:02:28.900,MO2508-C-7500,1.4,1.2,1.4
2025-08-07,2025-08-07 11:02:29.400,MO2508-C-7500,1.4,1.2,1.4
2025-08-07,2025-08-07 11:02:34.900,MO2508-C-7500,1.4,1.2,1.4
2025-08-07,2025-08-07 11:02:35.400,MO2508-C-7500,1.4,1.2,1.4
2025-08-07,2025-08-07 11:02:37.400,MO2508-C-7500,1.4,1.2,1.4
2025-08-07,2025-08-07 11:02:44.900,MO2508-C-7500,1.4,1.2,1.4
2025-08-07,2025-08-07 11:02:45.400,MO2508-C-7500,1.4,1.2,1.4
2025-08-07,2025-08-07 11:02:52.900,MO2508-C-7500,1.4,1.2,1.4
2025-08-07,2025-08-07 11:02:54.900,MO2508-C-7500,1.4,1.2,1.4
2025-08-07,2025-08-07 11:02:55.400,MO2508-C-7500,1.4,1.2,1.4
2025-08-07,2025-08-07 11:02:56.400,MO2508-C-7500,1.4,1.2,1.4
2025-08-07,2025-08-07 11:02:56.900,MO2508-C-7500,1.4,1.2,1.4
2025-08-07,2025-08-07 11:03:01.900,MO2508-C-7500,1.4,1.2,1.4
2025-08-07,2025-08-07 11:03:04.900,MO2508-C-7500,1.4,1.2,1.4
2025-08-07,2025-08-07 11:03:05.400,MO2508-C-7500,1.4,1.2,1.4
2025-08-07,2025-08-07 11:03:07.900,MO2508-C-7500,1.4,1.2,1.4
2025-08-07,2025-08-07 11:03:14.900,MO2508-C-7500,1.4,1.2,1.4
2025-08-07,2025-08-07 11:03:15.400,MO2508-C-7500,1.4,1.2,1.4
2025-08-07,2025-08-07 11:03:16.400,MO2508-C-7500,1.4,1.2,1.6
2025-08-07,2025-08-07 11:03:16.900,MO2508-C-7500,1.4,1.2,1.6
2025-08-07,2025-08-07 11:03:17.400,MO2508-C-7500,1.4,1.2,1.6
2025-08-07,2025-08-07 11:03:19.400,MO2508-C-7500,1.4,1.2,1.6
2025-08-07,2025-08-07 11:03:23.900,MO2508-C-7500,1.4,1.2,1.6
2025-08-07,2025-08-07 11:03:24.900,MO2508-C-7500,1.4,1.2,1.6
2025-08-07,2025-08-07 11:03:25.400,MO2508-C-7500,1.4,1.2,1.6
2025-08-07,2025-08-07 11:03:34.900,MO2508-C-7500,1.4,1.2,1.6
2025-08-07,2025-08-07 11:03:35.400,MO2508-C-7500,1.4,1.2,1.6
2025-08-07,2025-08-07 11:03:44.900,MO2508-C-7500,1.4,1.2,1.6
2025-08-07,2025-08-07 11:03:45.400,MO2508-C-7500,1.4,1.2,1.6
2025-08-07,2025-08-07 11:03:46.400,MO2508-C-7500,1.4,1.2,1.6
2025-08-07,2025-08-07 11:03:50.900,MO2508-C-7500,1.4,1.2,1.6
2025-08-07,2025-08-07 11:03:51.400,MO2508-C-7500,1.4,1.2,1.6
2025-08-07,2025-08-07 11:03:51.900,MO2508-C-7500,1.4,1.2,1.6
2025-08-07,2025-08-07 11:03:54.900,MO2508-C-7500,1.4,1.2,1.6
2025-08-07,2025-08-07 11:03:55.400,MO2508-C-7500,1.4,1.2,1.6
2025-08-07,2025-08-07 11:04:04.900,MO2508-C-7500,1.4,1.2,1.6
2025-08-07,2025-08-07 11:04:05.400,MO2508-C-7500,1.4,1.2,1.6
2025-08-07,2025-08-07 11:04:11.900,MO2508-C-7500,1.4,1.2,1.6
2025-08-07,2025-08-07 11:04:12.400,MO2508-C-7500,1.4,1.2,1.6
2025-08-07,2025-08-07 11:04:12.900,MO2508-C-7500,1.4,1.2,1.6
2025-08-07,2025-08-07 11:04:13.400,MO2508-C-7500,1.4,1.2,1.6
2025-08-07,2025-08-07 11:04:14.400,MO2508-C-7500,1.4,1.2,1.6
2025-08-07,2025-08-07 11:04:14.900,MO2508-C-7500,1.4,1.2,1.6
2025-08-07,2025-08-07 11:04:15.400,MO2508-C-7500,1.4,1.2,1.6
2025-08-07,2025-08-07 11:04:17.900,MO2508-C-7500,1.4,1.2,1.6
2025-08-07,2025-08-07 11:04:18.400,MO2508-C-7500,1.4,1.2,1.6
2025-08-07,2025-08-07 11:04:24.900,MO2508-C-7500,1.4,1.2,1.6
2025-08-07,2025-08-07 11:04:25.400,MO2508-C-7500,1.4,1.2,1.6
2025-08-07,2025-08-07 11:04:29.400,MO2508-C-7500,1.4,1.2,1.6
2025-08-07,2025-08-07 11:04:29.900,MO2508-C-7500,1.4,1.2,1.6
2025-08-07,2025-08-07 11:04:30.400,MO2508-C-7500,1.4,1.2,1.6
2025-08-07,2025-08-07 11:04:30.900,MO2508-C-7500,1.4,1.2,1.6
2025-08-07,2025-08-07 11:04:31.400,MO2508-C-7500,1.4,1.2,1.6
2025-08-07,2025-08-07 11:04:31.900,MO2508-C-7500,1.4,1.2,1.6
2025-08-07,2025-08-07 11:04:32.400,MO2508-C-7500,1.4,1.2,1.6
2025-08-07,2025-08-07 11:04:32.900,MO2508-C-7500,1.4,1.2,1.6
2025-08-07,2025-08-07 11:04:33.900,MO2508-C-7500,1.4,1.2,1.6
2025-08-07,2025-08-07 11:04:34.400,MO2508-C-7500,1.4,1.2,1.6
2025-08-07,2025-08-07 11:04:34.900,MO2508-C-7500,1.4,1.2,1.6
2025-08-07,2025-08-07 11:04:35.400,MO2508-C-7500,1.4,1.2,1.6
2025-08-07,2025-08-07 11:04:35.900,MO2508-C-7500,1.4,1.2,1.6
2025-08-07,2025-08-07 11:04:36.400,MO2508-C-7500,1.4,1.2,1.6
2025-08-07,2025-08-07 11:04:36.900,MO2508-C-7500,1.4,1.2,1.6
2025-08-07,2025-08-07 11:04:44.900,MO2508-C-7500,1.4,1.2,1.6
2025-08-07,2025-08-07 11:04:45.400,MO2508-C-7500,1.4,1.2,1.6
2025-08-07,2025-08-07 11:04:45.900,MO2508-C-7500,1.4,1.2,1.6
2025-08-07,2025-08-07 11:04:54.400,MO2508-C-7500,1.4,1.2,1.6
2025-08-07,2025-08-07 11:04:54.900,MO2508-C-7500,1.4,1.2,1.6
2025-08-07,2025-08-07 11:04:55.400,MO2508-C-7500,1.4,1.2,1.6
2025-08-07,2025-08-07 11:04:56.400,MO2508-C-7500,1.4,1.2,1.6
2025-08-07,2025-08-07 11:04:56.900,MO2508-C-7500,1.4,1.2,1.6
2025-08-07,2025-08-07 11:04:57.400,MO2508-C-7500,1.4,1.2,1.6
2025-08-07,2025-08-07 11:04:57.900,MO2508-C-7500,1.4,1.2,1.6
2025-08-07,2025-08-07 11:04:58.400,MO2508-C-7500,1.4,1.2,1.6
2025-08-07,2025-08-07 11:04:58.900,MO2508-C-7500,1.4,1.2,1.6
2025-08-07,2025-08-07 11:05:00.900,MO2508-C-7500,1.4,1.2,1.6
2025-08-07,2025-08-07 11:05:01.400,MO2508-C-7500,1.4,1.2,1.6
2025-08-07,2025-08-07 11:05:04.900,MO2508-C-7500,1.4,1.2,1.6
2025-08-07,2025-08-07 11:05:05.400,MO2508-C-7500,1.4,1.2,1.6
2025-08-07,2025-08-07 11:05:09.900,MO2508-C-7500,1.4,1.2,1.6
2025-08-07,2025-08-07 11:05:14.900,MO2508-C-7500,1.4,1.2,1.6
2025-08-07,2025-08-07 11:05:15.400,MO2508-C-7500,1.4,1.2,1.6
2025-08-07,2025-08-07 11:05:16.900,MO2508-C-7500,1.4,1.2,1.6
2025-08-07,2025-08-07 11:05:24.900,MO2508-C-7500,1.4,1.2,1.6
2025-08-07,2025-08-07 11:05:25.400,MO2508-C-7500,1.4,1.2,1.6
2025-08-07,2025-08-07 11:05:29.400,MO2508-C-7500,1.4,1.2,1.6
2025-08-07,2025-08-07 11:05:30.400,MO2508-C-7500,1.4,1.2,1.6
2025-08-07,2025-08-07 11:05:34.900,MO2508-C-7500,1.4,1.2,1.6
2025-08-07,2025-08-07 11:05:35.400,MO2508-C-7500,1.4,1.2,1.6
2025-08-07,2025-08-07 11:05:35.900,MO2508-C-7500,1.4,1.2,1.6
2025-08-07,2025-08-07 11:05:40.400,MO2508-C-7500,1.4,1.2,1.6
2025-08-07,2025-08-07 11:05:41.900,MO2508-C-7500,1.4,1.2,1.6
2025-08-07,2025-08-07 11:05:43.900,MO2508-C-7500,1.4,1.2,1.6
2025-08-07,2025-08-07 11:05:44.400,MO2508-C-7500,1.4,1.2,1.6
2025-08-07,2025-08-07 11:05:44.900,MO2508-C-7500,1.4,1.2,1.6
2025-08-07,2025-08-07 11:05:45.400,MO2508-C-7500,1.4,1.2,1.6
2025-08-07,2025-08-07 11:05:54.900,MO2508-C-7500,1.4,1.2,1.6
2025-08-07,2025-08-07 11:05:55.400,MO2508-C-7500,1.4,1.2,1.6
2025-08-07,2025-08-07 11:05:55.900,MO2508-C-7500,1.4,1.2,1.6
2025-08-07,2025-08-07 11:06:02.400,MO2508-C-7500,1.4,1.2,1.6
2025-08-07,2025-08-07 11:06:04.900,MO2508-C-7500,1.4,1.2,1.6
2025-08-07,2025-08-07 11:06:05.400,MO2508-C-7500,1.4,1.2,1.6
2025-08-07,2025-08-07 11:06:09.400,MO2508-C-7500,1.4,1.2,1.6
2025-08-07,2025-08-07 11:06:10.900,MO2508-C-7500,1.4,1.2,1.6
2025-08-07,2025-08-07 11:06:11.900,MO2508-C-7500,1.4,1.2,1.6
2025-08-07,2025-08-07 11:06:12.400,MO2508-C-7500,1.4,1.2,1.6
2025-08-07,2025-08-07 11:06:14.900,MO2508-C-7500,1.4,1.2,1.6
2025-08-07,2025-08-07 11:06:15.400,MO2508-C-7500,1.4,1.2,1.6
2025-08-07,2025-08-07 11:06:17.400,MO2508-C-7500,1.4,1.2,1.6
2025-08-07,2025-08-07 11:06:18.900,MO2508-C-7500,1.4,1.2,1.6
2025-08-07,2025-08-07 11:06:19.400,MO2508-C-7500,1.4,1.2,1.6
2025-08-07,2025-08-07 11:06:24.900,MO2508-C-7500,1.4,1.2,1.6
2025-08-07,2025-08-07 11:06:25.400,MO2508-C-7500,1.4,1.2,1.6
2025-08-07,2025-08-07 11:06:27.900,MO2508-C-7500,1.4,1.2,1.6
2025-08-07,2025-08-07 11:06:29.400,MO2508-C-7500,1.4,1.2,1.6
2025-08-07,2025-08-07 11:06:29.900,MO2508-C-7500,1.4,1.2,1.6
2025-08-07,2025-08-07 11:06:30.900,MO2508-C-7500,1.4,1.2,1.6
2025-08-07,2025-08-07 11:06:31.900,MO2508-C-7500,1.4,1.2,1.6
2025-08-07,2025-08-07 11:06:34.400,MO2508-C-7500,1.4,1.2,1.6
2025-08-07,2025-08-07 11:06:34.900,MO2508-C-7500,1.4,1.2,1.6
2025-08-07,2025-08-07 11:06:35.400,MO2508-C-7500,1.4,1.2,1.6
2025-08-07,2025-08-07 11:06:44.900,MO2508-C-7500,1.4,1.2,1.6
2025-08-07,2025-08-07 11:06:45.400,MO2508-C-7500,1.4,1.2,1.6
2025-08-07,2025-08-07 11:06:54.900,MO2508-C-7500,1.4,1.2,1.6
2025-08-07,2025-08-07 11:06:55.400,MO2508-C-7500,1.4,1.2,1.6
2025-08-07,2025-08-07 11:07:02.900,MO2508-C-7500,1.4,1.2,1.6
2025-08-07,2025-08-07 11:07:04.400,MO2508-C-7500,1.4,1.2,1.6
2025-08-07,2025-08-07 11:07:04.900,MO2508-C-7500,1.4,1.2,1.6
2025-08-07,2025-08-07 11:07:05.400,MO2508-C-7500,1.4,1.2,1.6
2025-08-07,2025-08-07 11:07:14.900,MO2508-C-7500,1.4,1.2,1.6
2025-08-07,2025-08-07 11:07:15.400,MO2508-C-7500,1.4,1.2,1.6
2025-08-07,2025-08-07 11:07:24.900,MO2508-C-7500,1.4,1.2,1.6
2025-08-07,2025-08-07 11:07:25.400,MO2508-C-7500,1.4,1.2,1.6
2025-08-07,2025-08-07 11:07:25.900,MO2508-C-7500,1.4,1.2,1.6
2025-08-07,2025-08-07 11:07:28.400,MO2508-C-7500,1.4,1.2,1.6
2025-08-07,2025-08-07 11:07:30.400,MO2508-C-7500,1.4,1.2,1.4
2025-08-07,2025-08-07 11:07:30.900,MO2508-C-7500,1.4,1.2,1.4
2025-08-07,2025-08-07 11:07:31.400,MO2508-C-7500,1.4,1.2,1.4
2025-08-07,2025-08-07 11:07:32.400,MO2508-C-7500,1.4,1.2,1.4
2025-08-07,2025-08-07 11:07:32.900,MO2508-C-7500,1.4,1.2,1.4
2025-08-07,2025-08-07 11:07:33.400,MO2508-C-7500,1.4,1.2,1.4
2025-08-07,2025-08-07 11:07:33.900,MO2508-C-7500,1.4,1.2,1.4
2025-08-07,2025-08-07 11:07:34.400,MO2508-C-7500,1.4,1.2,1.4
2025-08-07,2025-08-07 11:07:34.900,MO2508-C-7500,1.4,1.2,1.4
2025-08-07,2025-08-07 11:07:35.400,MO2508-C-7500,1.4,1.2,1.4
2025-08-07,2025-08-07 11:07:41.400,MO2508-C-7500,1.4,1.2,1.4
2025-08-07,2025-08-07 11:07:41.900,MO2508-C-7500,1.4,1.2,1.4
2025-08-07,2025-08-07 11:07:44.900,MO2508-C-7500,1.4,1.2,1.4
2025-08-07,2025-08-07 11:07:45.400,MO2508-C-7500,1.4,1.2,1.4
2025-08-07,2025-08-07 11:07:47.900,MO2508-C-7500,1.4,1.2,1.4
2025-08-07,2025-08-07 11:07:52.400,MO2508-C-7500,1.4,1.2,1.4
2025-08-07,2025-08-07 11:07:54.900,MO2508-C-7500,1.4,1.2,1.4
2025-08-07,2025-08-07 11:07:55.400,MO2508-C-7500,1.4,1.2,1.4
2025-08-07,2025-08-07 11:07:55.900,MO2508-C-7500,1.4,1.2,1.4
2025-08-07,2025-08-07 11:08:04.900,MO2508-C-7500,1.4,1.2,1.4
2025-08-07,2025-08-07 11:08:05.400,MO2508-C-7500,1.4,1.2,1.4
2025-08-07,2025-08-07 11:08:10.400,MO2508-C-7500,1.4,1.2,1.4
2025-08-07,2025-08-07 11:08:10.900,MO2508-C-7500,1.4,1.2,1.4
2025-08-07,2025-08-07 11:08:14.900,MO2508-C-7500,1.4,1.2,1.4
2025-08-07,2025-08-07 11:08:15.400,MO2508-C-7500,1.4,1.2,1.4
2025-08-07,2025-08-07 11:08:15.900,MO2508-C-7500,1.4,1.2,1.4
2025-08-07,2025-08-07 11:08:21.400,MO2508-C-7500,1.4,1.2,1.4
2025-08-07,2025-08-07 11:08:21.900,MO2508-C-7500,1.4,1.2,1.4
2025-08-07,2025-08-07 11:08:22.400,MO2508-C-7500,1.4,1.2,1.4
2025-08-07,2025-08-07 11:08:23.400,MO2508-C-7500,1.4,1.2,1.4
2025-08-07,2025-08-07 11:08:24.900,MO2508-C-7500,1.4,1.2,1.4
2025-08-07,2025-08-07 11:08:25.400,MO2508-C-7500,1.4,1.2,1.4
2025-08-07,2025-08-07 11:08:27.900,MO2508-C-7500,1.4,1.2,1.4
2025-08-07,2025-08-07 11:08:33.900,MO2508-C-7500,1.4,1.2,1.4
2025-08-07,2025-08-07 11:08:34.900,MO2508-C-7500,1.4,1.2,1.4
2025-08-07,2025-08-07 11:08:35.400,MO2508-C-7500,1.4,1.2,1.4
2025-08-07,2025-08-07 11:08:36.400,MO2508-C-7500,1.4,1.2,1.4
2025-08-07,2025-08-07 11:08:38.900,MO2508-C-7500,1.4,1.2,1.4
2025-08-07,2025-08-07 11:08:39.400,MO2508-C-7500,1.4,1.2,1.4
2025-08-07,2025-08-07 11:08:42.400,MO2508-C-7500,1.4,1.2,1.4
2025-08-07,2025-08-07 11:08:44.900,MO2508-C-7500,1.4,1.2,1.4
2025-08-07,2025-08-07 11:08:45.400,MO2508-C-7500,1.4,1.2,1.4
2025-08-07,2025-08-07 11:08:50.400,MO2508-C-7500,1.4,1.2,1.4
2025-08-07,2025-08-07 11:08:50.900,MO2508-C-7500,1.4,1.2,1.4
2025-08-07,2025-08-07 11:08:51.400,MO2508-C-7500,1.4,1.2,1.4
2025-08-07,2025-08-07 11:08:54.900,MO2508-C-7500,1.4,1.2,1.4
2025-08-07,2025-08-07 11:08:55.400,MO2508-C-7500,1.4,1.2,1.4
2025-08-07,2025-08-07 11:09:04.900,MO2508-C-7500,1.4,1.2,1.4
2025-08-07,2025-08-07 11:09:05.400,MO2508-C-7500,1.4,1.2,1.4
2025-08-07,2025-08-07 11:09:14.900,MO2508-C-7500,1.4,1.2,1.4
2025-08-07,2025-08-07 11:09:15.400,MO2508-C-7500,1.4,1.2,1.4
2025-08-07,2025-08-07 11:09:24.900,MO2508-C-7500,1.4,1.2,1.4
2025-08-07,2025-08-07 11:09:25.400,MO2508-C-7500,1.4,1.2,1.4
2025-08-07,2025-08-07 11:09:26.400,MO2508-C-7500,1.4,1.2,1.4
2025-08-07,2025-08-07 11:09:26.900,MO2508-C-7500,1.4,1.2,1.4
2025-08-07,2025-08-07 11:09:27.400,MO2508-C-7500,1.4,1.2,1.4
2025-08-07,2025-08-07 11:09:29.400,MO2508-C-7500,1.4,1.2,1.4
2025-08-07,2025-08-07 11:09:30.400,MO2508-C-7500,1.4,1.2,1.4
2025-08-07,2025-08-07 11:09:30.900,MO2508-C-7500,1.4,1.2,1.4
2025-08-07,2025-08-07 11:09:31.400,MO2508-C-7500,1.4,1.2,1.4
2025-08-07,2025-08-07 11:09:33.400,MO2508-C-7500,1.4,1.2,1.4
2025-08-07,2025-08-07 11:09:33.900,MO2508-C-7500,1.4,1.2,1.4
2025-08-07,2025-08-07 11:09:34.400,MO2508-C-7500,1.4,1.2,1.4
2025-08-07,2025-08-07 11:09:34.900,MO2508-C-7500,1.4,1.2,1.4
2025-08-07,2025-08-07 11:09:35.400,MO2508-C-7500,1.4,1.2,1.4
2025-08-07,2025-08-07 11:09:44.900,MO2508-C-7500,1.4,1.2,1.4
2025-08-07,2025-08-07 11:09:45.400,MO2508-C-7500,1.4,1.2,1.4
2025-08-07,2025-08-07 11:09:45.900,MO2508-C-7500,1.4,1.2,1.4
2025-08-07,2025-08-07 11:09:46.400,MO2508-C-7500,1.4,1.2,1.4
2025-08-07,2025-08-07 11:09:46.900,MO2508-C-7500,1.4,1.2,1.4
2025-08-07,2025-08-07 11:09:54.900,MO2508-C-7500,1.4,1.2,1.4
2025-08-07,2025-08-07 11:09:55.400,MO2508-C-7500,1.4,1.2,1.4
2025-08-07,2025-08-07 11:10:01.900,MO2508-C-7500,1.4,1.2,1.4
2025-08-07,2025-08-07 11:10:02.400,MO2508-C-7500,1.4,1.2,1.4
2025-08-07,2025-08-07 11:10:02.900,MO2508-C-7500,1.4,1.2,1.4
2025-08-07,2025-08-07 11:10:03.400,MO2508-C-7500,1.4,1.2,1.4
2025-08-07,2025-08-07 11:10:04.900,MO2508-C-7500,1.4,1.2,1.4
2025-08-07,2025-08-07 11:10:05.400,MO2508-C-7500,1.4,1.2,1.4
2025-08-07,2025-08-07 11:10:14.900,MO2508-C-7500,1.4,1.2,1.4
2025-08-07,2025-08-07 11:10:15.400,MO2508-C-7500,1.4,1.2,1.4
2025-08-07,2025-08-07 11:10:24.900,MO2508-C-7500,1.4,1.2,1.4
2025-08-07,2025-08-07 11:10:25.400,MO2508-C-7500,1.4,1.2,1.4
2025-08-07,2025-08-07 11:10:25.900,MO2508-C-7500,1.4,1.2,1.4
2025-08-07,2025-08-07 11:10:26.400,MO2508-C-7500,1.4,1.2,1.4
2025-08-07,2025-08-07 11:10:26.900,MO2508-C-7500,1.4,1.2,1.4
2025-08-07,2025-08-07 11:10:27.400,MO2508-C-7500,1.4,1.2,1.4
2025-08-07,2025-08-07 11:10:34.900,MO2508-C-7500,1.4,1.2,1.4
2025-08-07,2025-08-07 11:10:35.400,MO2508-C-7500,1.4,1.2,1.4
2025-08-07,2025-08-07 11:10:35.900,MO2508-C-7500,1.4,1.2,1.4
2025-08-07,2025-08-07 11:10:36.400,MO2508-C-7500,1.4,1.2,1.4
2025-08-07,2025-08-07 11:10:36.900,MO2508-C-7500,1.4,1.2,1.4
2025-08-07,2025-08-07 11:10:44.900,MO2508-C-7500,1.4,1.2,1.4
2025-08-07,2025-08-07 11:10:45.400,MO2508-C-7500,1.4,1.2,1.4
2025-08-07,2025-08-07 11:10:50.900,MO2508-C-7500,1.4,1.2,1.4
2025-08-07,2025-08-07 11:10:51.400,MO2508-C-7500,1.4,1.2,1.4
2025-08-07,2025-08-07 11:10:51.900,MO2508-C-7500,1.4,1.2,1.4
2025-08-07,2025-08-07 11:10:52.400,MO2508-C-7500,1.4,1.2,1.4
2025-08-07,2025-08-07 11:10:52.900,MO2508-C-7500,1.4,1.2,1.4
2025-08-07,2025-08-07 11:10:54.900,MO2508-C-7500,1.4,1.2,1.4
2025-08-07,2025-08-07 11:10:55.400,MO2508-C-7500,1.4,1.2,1.4
2025-08-07,2025-08-07 11:10:58.900,MO2508-C-7500,1.4,1.2,1.4
2025-08-07,2025-08-07 11:11:04.900,MO2508-C-7500,1.4,1.2,1.4
2025-08-07,2025-08-07 11:11:05.400,MO2508-C-7500,1.4,1.2,1.4
2025-08-07,2025-08-07 11:11:14.900,MO2508-C-7500,1.4,1.2,1.4
2025-08-07,2025-08-07 11:11:15.400,MO2508-C-7500,1.4,1.2,1.4
2025-08-07,2025-08-07 11:11:24.900,MO2508-C-7500,1.4,1.2,1.4
2025-08-07,2025-08-07 11:11:25.400,MO2508-C-7500,1.4,1.2,1.4
2025-08-07,2025-08-07 11:11:34.900,MO2508-C-7500,1.4,1.2,1.4
2025-08-07,2025-08-07 11:11:35.400,MO2508-C-7500,1.4,1.2,1.4
2025-08-07,2025-08-07 11:11:44.900,MO2508-C-7500,1.4,1.2,1.4
2025-08-07,2025-08-07 11:11:45.400,MO2508-C-7500,1.4,1.2,1.4
2025-08-07,2025-08-07 11:11:54.900,MO2508-C-7500,1.4,1.2,1.4
2025-08-07,2025-08-07 11:11:55.400,MO2508-C-7500,1.4,1.2,1.4
2025-08-07,2025-08-07 11:11:56.400,MO2508-C-7500,1.4,1.2,1.4
2025-08-07,2025-08-07 11:11:56.900,MO2508-C-7500,1.4,1.2,1.4
2025-08-07,2025-08-07 11:11:57.400,MO2508-C-7500,1.4,1.2,1.4
2025-08-07,2025-08-07 11:12:03.900,MO2508-C-7500,1.4,1.2,1.4
2025-08-07,2025-08-07 11:12:04.400,MO2508-C-7500,1.4,1.2,1.4
2025-08-07,2025-08-07 11:12:04.900,MO2508-C-7500,1.4,1.2,1.4
2025-08-07,2025-08-07 11:12:05.400,MO2508-C-7500,1.4,1.2,1.4
2025-08-07,2025-08-07 11:12:14.900,MO2508-C-7500,1.4,1.2,1.4
2025-08-07,2025-08-07 11:12:15.400,MO2508-C-7500,1.4,1.2,1.4
2025-08-07,2025-08-07 11:12:18.400,MO2508-C-7500,1.4,1.2,1.4
2025-08-07,2025-08-07 11:12:19.900,MO2508-C-7500,1.4,1.2,1.4
2025-08-07,2025-08-07 11:12:24.900,MO2508-C-7500,1.4,1.2,1.4
2025-08-07,2025-08-07 11:12:25.400,MO2508-C-7500,1.4,1.2,1.4
2025-08-07,2025-08-07 11:12:34.900,MO2508-C-7500,1.4,1.2,1.4
2025-08-07,2025-08-07 11:12:35.400,MO2508-C-7500,1.4,1.2,1.4
2025-08-07,2025-08-07 11:12:39.400,MO2508-C-7500,1.4,1.2,1.4
2025-08-07,2025-08-07 11:12:44.900,MO2508-C-7500,1.4,1.2,1.4
2025-08-07,2025-08-07 11:12:45.400,MO2508-C-7500,1.4,1.2,1.4
2025-08-07,2025-08-07 11:12:50.400,MO2508-C-7500,1.4,1.2,1.4
2025-08-07,2025-08-07 11:12:53.400,MO2508-C-7500,1.4,1.2,1.4
2025-08-07,2025-08-07 11:12:54.900,MO2508-C-7500,1.4,1.2,1.4
2025-08-07,2025-08-07 11:12:55.400,MO2508-C-7500,1.4,1.2,1.4
2025-08-07,2025-08-07 11:13:04.900,MO2508-C-7500,1.4,1.2,1.4
2025-08-07,2025-08-07 11:13:05.400,MO2508-C-7500,1.4,1.2,1.4
2025-08-07,2025-08-07 11:13:14.900,MO2508-C-7500,1.4,1.2,1.4
2025-08-07,2025-08-07 11:13:15.400,MO2508-C-7500,1.4,1.2,1.4
2025-08-07,2025-08-07 11:13:23.900,MO2508-C-7500,1.4,1.2,1.4
2025-08-07,2025-08-07 11:13:24.900,MO2508-C-7500,1.4,1.2,1.4
2025-08-07,2025-08-07 11:13:25.400,MO2508-C-7500,1.4,1.2,1.4
2025-08-07,2025-08-07 11:13:25.900,MO2508-C-7500,1.4,1.2,1.4
2025-08-07,2025-08-07 11:13:34.900,MO2508-C-7500,1.4,1.2,1.4
2025-08-07,2025-08-07 11:13:35.400,MO2508-C-7500,1.4,1.2,1.4
2025-08-07,2025-08-07 11:13:44.900,MO2508-C-7500,1.4,1.2,1.4
2025-08-07,2025-08-07 11:13:45.400,MO2508-C-7500,1.4,1.2,1.4
2025-08-07,2025-08-07 11:13:54.900,MO2508-C-7500,1.4,1.2,1.4
2025-08-07,2025-08-07 11:13:55.400,MO2508-C-7500,1.4,1.2,1.4
2025-08-07,2025-08-07 11:14:02.400,MO2508-C-7500,1.4,1.2,1.4
2025-08-07,2025-08-07 11:14:04.900,MO2508-C-7500,1.4,1.2,1.4
2025-08-07,2025-08-07 11:14:05.400,MO2508-C-7500,1.4,1.2,1.4
2025-08-07,2025-08-07 11:14:06.400,MO2508-C-7500,1.4,1.2,1.4
2025-08-07,2025-08-07 11:14:14.900,MO2508-C-7500,1.4,1.2,1.4
2025-08-07,2025-08-07 11:14:15.400,MO2508-C-7500,1.4,1.2,1.4
2025-08-07,2025-08-07 11:14:24.900,MO2508-C-7500,1.4,1.2,1.4
2025-08-07,2025-08-07 11:14:25.400,MO2508-C-7500,1.4,1.2,1.4
2025-08-07,2025-08-07 11:14:34.900,MO2508-C-7500,1.4,1.2,1.4
2025-08-07,2025-08-07 11:14:35.400,MO2508-C-7500,1.4,1.2,1.4
2025-08-07,2025-08-07 11:14:44.900,MO2508-C-7500,1.4,1.2,1.4
2025-08-07,2025-08-07 11:14:45.400,MO2508-C-7500,1.4,1.2,1.4
2025-08-07,2025-08-07 11:14:48.900,MO2508-C-7500,1.4,1.2,1.4
2025-08-07,2025-08-07 11:14:54.900,MO2508-C-7500,1.4,1.2,1.4
2025-08-07,2025-08-07 11:14:55.400,MO2508-C-7500,1.4,1.2,1.4
2025-08-07,2025-08-07 11:15:03.400,MO2508-C-7500,1.4,1.2,1.4
2025-08-07,2025-08-07 11:15:04.900,MO2508-C-7500,1.4,1.2,1.4
2025-08-07,2025-08-07 11:15:05.400,MO2508-C-7500,1.4,1.2,1.4
2025-08-07,2025-08-07 11:15:05.900,MO2508-C-7500,1.4,1.2,1.4
2025-08-07,2025-08-07 11:15:06.400,MO2508-C-7500,1.4,1.2,1.4
2025-08-07,2025-08-07 11:15:06.900,MO2508-C-7500,1.4,1.2,1.4
2025-08-07,2025-08-07 11:15:08.900,MO2508-C-7500,1.4,1.2,1.4
2025-08-07,2025-08-07 11:15:11.400,MO2508-C-7500,1.4,1.2,1.4
2025-08-07,2025-08-07 11:15:11.900,MO2508-C-7500,1.4,1.2,1.4
2025-08-07,2025-08-07 11:15:14.400,MO2508-C-7500,1.4,1.2,1.4
2025-08-07,2025-08-07 11:15:14.900,MO2508-C-7500,1.4,1.2,1.4
2025-08-07,2025-08-07 11:15:15.400,MO2508-C-7500,1.4,1.2,1.4
2025-08-07,2025-08-07 11:15:15.900,MO2508-C-7500,1.4,1.2,1.4
2025-08-07,2025-08-07 11:15:24.900,MO2508-C-7500,1.4,1.2,1.4
2025-08-07,2025-08-07 11:15:25.400,MO2508-C-7500,1.4,1.2,1.4
2025-08-07,2025-08-07 11:15:25.900,MO2508-C-7500,1.4,1.2,1.4
2025-08-07,2025-08-07 11:15:34.900,MO2508-C-7500,1.4,1.2,1.4
2025-08-07,2025-08-07 11:15:35.400,MO2508-C-7500,1.4,1.2,1.4
2025-08-07,2025-08-07 11:15:35.900,MO2508-C-7500,1.4,1.2,1.4
2025-08-07,2025-08-07 11:15:44.900,MO2508-C-7500,1.4,1.2,1.4
2025-08-07,2025-08-07 11:15:45.400,MO2508-C-7500,1.4,1.2,1.4
2025-08-07,2025-08-07 11:15:45.900,MO2508-C-7500,1.4,1.2,1.4
2025-08-07,2025-08-07 11:15:53.900,MO2508-C-7500,1.4,1.2,1.4
2025-08-07,2025-08-07 11:15:54.900,MO2508-C-7500,1.4,1.2,1.4
2025-08-07,2025-08-07 11:15:55.400,MO2508-C-7500,1.4,1.2,1.4
2025-08-07,2025-08-07 11:15:55.900,MO2508-C-7500,1.4,1.2,1.4
2025-08-07,2025-08-07 11:15:56.900,MO2508-C-7500,1.4,1.2,1.4
2025-08-07,2025-08-07 11:16:04.900,MO2508-C-7500,1.4,1.2,1.4
2025-08-07,2025-08-07 11:16:05.400,MO2508-C-7500,1.4,1.2,1.4
2025-08-07,2025-08-07 11:16:05.900,MO2508-C-7500,1.4,1.2,1.4
2025-08-07,2025-08-07 11:16:11.400,MO2508-C-7500,1.4,1.2,1.4
2025-08-07,2025-08-07 11:16:14.900,MO2508-C-7500,1.4,1.2,1.4
2025-08-07,2025-08-07 11:16:15.400,MO2508-C-7500,1.4,1.2,1.4
2025-08-07,2025-08-07 11:16:15.900,MO2508-C-7500,1.4,1.2,1.4
2025-08-07,2025-08-07 11:16:16.400,MO2508-C-7500,1.4,1.2,1.4
2025-08-07,2025-08-07 11:16:17.400,MO2508-C-7500,1.4,1.2,1.4
2025-08-07,2025-08-07 11:16:20.900,MO2508-C-7500,1.4,1.2,1.4
2025-08-07,2025-08-07 11:16:22.900,MO2508-C-7500,1.4,1.2,1.4
2025-08-07,2025-08-07 11:16:24.900,MO2508-C-7500,1.4,1.2,1.4
2025-08-07,2025-08-07 11:16:25.400,MO2508-C-7500,1.4,1.2,1.4
2025-08-07,2025-08-07 11:16:25.900,MO2508-C-7500,1.4,1.2,1.4
2025-08-07,2025-08-07 11:16:30.400,MO2508-C-7500,1.4,1.2,1.4
2025-08-07,2025-08-07 11:16:34.900,MO2508-C-7500,1.4,1.2,1.4
2025-08-07,2025-08-07 11:16:35.400,MO2508-C-7500,1.4,1.2,1.4
2025-08-07,2025-08-07 11:16:35.900,MO2508-C-7500,1.4,1.2,1.4
2025-08-07,2025-08-07 11:16:44.900,MO2508-C-7500,1.4,1.2,1.4
2025-08-07,2025-08-07 11:16:45.400,MO2508-C-7500,1.4,1.2,1.4
2025-08-07,2025-08-07 11:16:45.900,MO2508-C-7500,1.4,1.2,1.4
2025-08-07,2025-08-07 11:16:54.900,MO2508-C-7500,1.4,1.2,1.4
2025-08-07,2025-08-07 11:16:55.400,MO2508-C-7500,1.4,1.2,1.4
2025-08-07,2025-08-07 11:16:55.900,MO2508-C-7500,1.4,1.2,1.4
2025-08-07,2025-08-07 11:17:04.900,MO2508-C-7500,1.4,1.2,1.4
2025-08-07,2025-08-07 11:17:05.400,MO2508-C-7500,1.4,1.2,1.4
2025-08-07,2025-08-07 11:17:05.900,MO2508-C-7500,1.4,1.2,1.4
2025-08-07,2025-08-07 11:17:14.900,MO2508-C-7500,1.4,1.2,1.4
2025-08-07,2025-08-07 11:17:15.400,MO2508-C-7500,1.4,1.2,1.4
2025-08-07,2025-08-07 11:17:15.900,MO2508-C-7500,1.4,1.2,1.4
2025-08-07,2025-08-07 11:17:24.900,MO2508-C-7500,1.4,1.2,1.4
2025-08-07,2025-08-07 11:17:25.400,MO2508-C-7500,1.4,1.2,1.4
2025-08-07,2025-08-07 11:17:25.900,MO2508-C-7500,1.4,1.2,1.4
2025-08-07,2025-08-07 11:17:34.900,MO2508-C-7500,1.4,1.2,1.4
2025-08-07,2025-08-07 11:17:35.400,MO2508-C-7500,1.4,1.2,1.4
2025-08-07,2025-08-07 11:17:35.900,MO2508-C-7500,1.4,1.2,1.4
2025-08-07,2025-08-07 11:17:44.900,MO2508-C-7500,1.4,1.2,1.4
2025-08-07,2025-08-07 11:17:45.400,MO2508-C-7500,1.4,1.2,1.4
2025-08-07,2025-08-07 11:17:45.900,MO2508-C-7500,1.4,1.2,1.4
2025-08-07,2025-08-07 11:17:54.900,MO2508-C-7500,1.4,1.2,1.4
2025-08-07,2025-08-07 11:17:55.400,MO2508-C-7500,1.4,1.2,1.4
2025-08-07,2025-08-07 11:17:55.900,MO2508-C-7500,1.4,1.2,1.4
2025-08-07,2025-08-07 11:18:04.900,MO2508-C-7500,1.4,1.2,1.4
2025-08-07,2025-08-07 11:18:05.400,MO2508-C-7500,1.4,1.2,1.4
2025-08-07,2025-08-07 11:18:05.900,MO2508-C-7500,1.4,1.2,1.4
2025-08-07,2025-08-07 11:18:14.900,MO2508-C-7500,1.4,1.2,1.4
2025-08-07,2025-08-07 11:18:15.400,MO2508-C-7500,1.4,1.2,1.4
2025-08-07,2025-08-07 11:18:15.900,MO2508-C-7500,1.4,1.2,1.4
2025-08-07,2025-08-07 11:18:24.900,MO2508-C-7500,1.4,1.2,1.4
2025-08-07,2025-08-07 11:18:25.400,MO2508-C-7500,1.4,1.2,1.4
2025-08-07,2025-08-07 11:18:25.900,MO2508-C-7500,1.4,1.2,1.4
2025-08-07,2025-08-07 11:18:34.900,MO2508-C-7500,1.4,1.2,1.4
2025-08-07,2025-08-07 11:18:35.400,MO2508-C-7500,1.4,1.2,1.4
2025-08-07,2025-08-07 11:18:35.900,MO2508-C-7500,1.4,1.2,1.4
2025-08-07,2025-08-07 11:18:44.900,MO2508-C-7500,1.4,1.2,1.4
2025-08-07,2025-08-07 11:18:45.400,MO2508-C-7500,1.4,1.2,1.4
2025-08-07,2025-08-07 11:18:45.900,MO2508-C-7500,1.4,1.2,1.4
2025-08-07,2025-08-07 11:18:53.900,MO2508-C-7500,1.4,1.2,1.4
2025-08-07,2025-08-07 11:18:54.400,MO2508-C-7500,1.4,1.2,1.4
2025-08-07,2025-08-07 11:18:54.900,MO2508-C-7500,1.4,1.2,1.4
2025-08-07,2025-08-07 11:18:55.400,MO2508-C-7500,1.4,1.2,1.4
2025-08-07,2025-08-07 11:19:04.900,MO2508-C-7500,1.4,1.2,1.4
2025-08-07,2025-08-07 11:19:05.400,MO2508-C-7500,1.4,1.2,1.4
2025-08-07,2025-08-07 11:19:06.900,MO2508-C-7500,1.4,1.2,1.4
2025-08-07,2025-08-07 11:19:07.400,MO2508-C-7500,1.4,1.2,1.4
2025-08-07,2025-08-07 11:19:14.900,MO2508-C-7500,1.4,1.2,1.4
2025-08-07,2025-08-07 11:19:15.400,MO2508-C-7500,1.4,1.2,1.4
2025-08-07,2025-08-07 11:19:15.900,MO2508-C-7500,1.4,1.2,1.4
2025-08-07,2025-08-07 11:19:24.900,MO2508-C-7500,1.4,1.2,1.4
2025-08-07,2025-08-07 11:19:25.400,MO2508-C-7500,1.4,1.2,1.4
2025-08-07,2025-08-07 11:19:25.900,MO2508-C-7500,1.4,1.2,1.4
2025-08-07,2025-08-07 11:19:34.900,MO2508-C-7500,1.4,1.2,1.4
2025-08-07,2025-08-07 11:19:35.400,MO2508-C-7500,1.4,1.2,1.4
2025-08-07,2025-08-07 11:19:35.900,MO2508-C-7500,1.4,1.2,1.4
2025-08-07,2025-08-07 11:19:44.900,MO2508-C-7500,1.4,1.2,1.4
2025-08-07,2025-08-07 11:19:45.400,MO2508-C-7500,1.4,1.2,1.4
2025-08-07,2025-08-07 11:19:45.900,MO2508-C-7500,1.4,1.2,1.4
2025-08-07,2025-08-07 11:19:54.900,MO2508-C-7500,1.4,1.2,1.4
2025-08-07,2025-08-07 11:19:55.400,MO2508-C-7500,1.4,1.2,1.4
2025-08-07,2025-08-07 11:19:55.900,MO2508-C-7500,1.4,1.2,1.4
2025-08-07,2025-08-07 11:20:04.900,MO2508-C-7500,1.4,1.2,1.4
2025-08-07,2025-08-07 11:20:05.400,MO2508-C-7500,1.4,1.2,1.4
2025-08-07,2025-08-07 11:20:05.900,MO2508-C-7500,1.4,1.2,1.4
2025-08-07,2025-08-07 11:20:09.400,MO2508-C-7500,1.4,1.2,1.4
2025-08-07,2025-08-07 11:20:14.900,MO2508-C-7500,1.4,1.2,1.4
2025-08-07,2025-08-07 11:20:15.400,MO2508-C-7500,1.4,1.2,1.4
2025-08-07,2025-08-07 11:20:16.900,MO2508-C-7500,1.4,1.2,1.4
2025-08-07,2025-08-07 11:20:24.900,MO2508-C-7500,1.4,1.2,1.4
2025-08-07,2025-08-07 11:20:25.400,MO2508-C-7500,1.4,1.2,1.4
2025-08-07,2025-08-07 11:20:25.900,MO2508-C-7500,1.4,1.2,1.4
2025-08-07,2025-08-07 11:20:34.900,MO2508-C-7500,1.4,1.2,1.4
2025-08-07,2025-08-07 11:20:35.400,MO2508-C-7500,1.4,1.2,1.4
2025-08-07,2025-08-07 11:20:35.900,MO2508-C-7500,1.4,1.2,1.4
2025-08-07,2025-08-07 11:20:44.900,MO2508-C-7500,1.4,1.2,1.4
2025-08-07,2025-08-07 11:20:45.400,MO2508-C-7500,1.4,1.2,1.4
2025-08-07,2025-08-07 11:20:45.900,MO2508-C-7500,1.4,1.2,1.4
2025-08-07,2025-08-07 11:20:54.900,MO2508-C-7500,1.4,1.2,1.4
2025-08-07,2025-08-07 11:20:55.400,MO2508-C-7500,1.4,1.2,1.4
2025-08-07,2025-08-07 11:20:55.900,MO2508-C-7500,1.4,1.2,1.4
2025-08-07,2025-08-07 11:20:59.900,MO2508-C-7500,1.4,1.2,1.4
2025-08-07,2025-08-07 11:21:02.900,MO2508-C-7500,1.4,1.2,1.4
2025-08-07,2025-08-07 11:21:03.900,MO2508-C-7500,1.4,1.2,1.4
2025-08-07,2025-08-07 11:21:04.900,MO2508-C-7500,1.4,1.2,1.4
2025-08-07,2025-08-07 11:21:05.400,MO2508-C-7500,1.4,1.2,1.4
2025-08-07,2025-08-07 11:21:05.900,MO2508-C-7500,1.4,1.2,1.4
2025-08-07,2025-08-07 11:21:12.400,MO2508-C-7500,1.4,1.2,1.4
2025-08-07,2025-08-07 11:21:13.400,MO2508-C-7500,1.4,1.2,1.4
2025-08-07,2025-08-07 11:21:14.900,MO2508-C-7500,1.4,1.2,1.4
2025-08-07,2025-08-07 11:21:15.400,MO2508-C-7500,1.4,1.2,1.4
2025-08-07,2025-08-07 11:21:15.900,MO2508-C-7500,1.4,1.2,1.4
2025-08-07,2025-08-07 11:21:17.900,MO2508-C-7500,1.4,1.2,1.4
2025-08-07,2025-08-07 11:21:20.900,MO2508-C-7500,1.4,1.2,1.4
2025-08-07,2025-08-07 11:21:21.900,MO2508-C-7500,1.4,1.2,1.4
2025-08-07,2025-08-07 11:21:22.400,MO2508-C-7500,1.4,1.2,1.4
2025-08-07,2025-08-07 11:21:23.400,MO2508-C-7500,1.4,1.2,1.4
2025-08-07,2025-08-07 11:21:24.400,MO2508-C-7500,1.4,1.2,1.4
2025-08-07,2025-08-07 11:21:24.900,MO2508-C-7500,1.4,1.2,1.4
2025-08-07,2025-08-07 11:21:25.400,MO2508-C-7500,1.4,1.2,1.4
2025-08-07,2025-08-07 11:21:26.400,MO2508-C-7500,1.4,1.2,1.4
2025-08-07,2025-08-07 11:21:28.900,MO2508-C-7500,1.4,1.2,1.4
2025-08-07,2025-08-07 11:21:29.400,MO2508-C-7500,1.4,1.2,1.4
2025-08-07,2025-08-07 11:21:29.900,MO2508-C-7500,1.4,1.2,1.4
2025-08-07,2025-08-07 11:21:30.400,MO2508-C-7500,1.4,1.2,1.4
2025-08-07,2025-08-07 11:21:34.400,MO2508-C-7500,1.4,1.2,1.4
2025-08-07,2025-08-07 11:21:34.900,MO2508-C-7500,1.4,1.2,1.4
2025-08-07,2025-08-07 11:21:35.400,MO2508-C-7500,1.4,1.2,1.4
2025-08-07,2025-08-07 11:21:38.400,MO2508-C-7500,1.4,1.2,1.4
2025-08-07,2025-08-07 11:21:44.900,MO2508-C-7500,1.4,1.2,1.4
2025-08-07,2025-08-07 11:21:45.400,MO2508-C-7500,1.4,1.2,1.4
2025-08-07,2025-08-07 11:21:50.900,MO2508-C-7500,1.4,1.2,1.4
2025-08-07,2025-08-07 11:21:54.900,MO2508-C-7500,1.4,1.2,1.4
2025-08-07,2025-08-07 11:21:55.400,MO2508-C-7500,1.4,1.2,1.4
2025-08-07,2025-08-07 11:22:01.900,MO2508-C-7500,1.4,1.2,1.4
2025-08-07,2025-08-07 11:22:04.900,MO2508-C-7500,1.4,1.2,1.4
2025-08-07,2025-08-07 11:22:05.400,MO2508-C-7500,1.4,1.2,1.4
2025-08-07,2025-08-07 11:22:06.900,MO2508-C-7500,1.4,1.2,1.4
2025-08-07,2025-08-07 11:22:07.400,MO2508-C-7500,1.4,1.2,1.4
2025-08-07,2025-08-07 11:22:07.900,MO2508-C-7500,1.4,1.2,1.4
2025-08-07,2025-08-07 11:22:09.400,MO2508-C-7500,1.4,1.2,1.4
2025-08-07,2025-08-07 11:22:09.900,MO2508-C-7500,1.4,1.2,1.4
2025-08-07,2025-08-07 11:22:10.400,MO2508-C-7500,1.4,1.2,1.4
2025-08-07,2025-08-07 11:22:10.900,MO2508-C-7500,1.4,1.2,1.4
2025-08-07,2025-08-07 11:22:11.400,MO2508-C-7500,1.4,1.2,1.4
2025-08-07,2025-08-07 11:22:11.900,MO2508-C-7500,1.4,1.2,1.4
2025-08-07,2025-08-07 11:22:12.400,MO2508-C-7500,1.4,1.2,1.4
2025-08-07,2025-08-07 11:22:12.900,MO2508-C-7500,1.4,1.2,1.4
2025-08-07,2025-08-07 11:22:13.400,MO2508-C-7500,1.4,1.2,1.4
2025-08-07,2025-08-07 11:22:13.900,MO2508-C-7500,1.4,1.2,1.4
2025-08-07,2025-08-07 11:22:14.900,MO2508-C-7500,1.4,1.2,1.4
2025-08-07,2025-08-07 11:22:15.400,MO2508-C-7500,1.4,1.2,1.4
2025-08-07,2025-08-07 11:22:18.900,MO2508-C-7500,1.4,1.2,1.4
2025-08-07,2025-08-07 11:22:19.400,MO2508-C-7500,1.4,1.2,1.4
2025-08-07,2025-08-07 11:22:19.900,MO2508-C-7500,1.4,1.2,1.4
2025-08-07,2025-08-07 11:22:20.400,MO2508-C-7500,1.4,1.2,1.4
2025-08-07,2025-08-07 11:22:20.900,MO2508-C-7500,1.4,1.2,1.4
2025-08-07,2025-08-07 11:22:21.400,MO2508-C-7500,1.4,1.2,1.4
2025-08-07,2025-08-07 11:22:21.900,MO2508-C-7500,1.4,1.2,1.4
2025-08-07,2025-08-07 11:22:22.400,MO2508-C-7500,1.4,1.2,1.4
2025-08-07,2025-08-07 11:22:23.900,MO2508-C-7500,1.4,1.2,1.4
2025-08-07,2025-08-07 11:22:24.900,MO2508-C-7500,1.4,1.2,1.4
2025-08-07,2025-08-07 11:22:25.400,MO2508-C-7500,1.4,1.2,1.4
2025-08-07,2025-08-07 11:22:27.900,MO2508-C-7500,1.4,1.2,1.4
2025-08-07,2025-08-07 11:22:28.400,MO2508-C-7500,1.4,1.2,1.4
2025-08-07,2025-08-07 11:22:28.900,MO2508-C-7500,1.4,1.2,1.4
2025-08-07,2025-08-07 11:22:32.900,MO2508-C-7500,1.4,1.2,1.4
2025-08-07,2025-08-07 11:22:34.400,MO2508-C-7500,1.4,1.2,1.4
2025-08-07,2025-08-07 11:22:34.900,MO2508-C-7500,1.4,1.2,1.4
2025-08-07,2025-08-07 11:22:35.400,MO2508-C-7500,1.4,1.2,1.4
2025-08-07,2025-08-07 11:22:36.900,MO2508-C-7500,1.4,1.2,1.6
2025-08-07,2025-08-07 11:22:37.400,MO2508-C-7500,1.4,1.2,1.6
2025-08-07,2025-08-07 11:22:40.400,MO2508-C-7500,1.4,1.2,1.6
2025-08-07,2025-08-07 11:22:40.900,MO2508-C-7500,1.4,1.2,1.6
2025-08-07,2025-08-07 11:22:41.400,MO2508-C-7500,1.4,1.2,1.6
2025-08-07,2025-08-07 11:22:43.900,MO2508-C-7500,1.4,1.2,1.6
2025-08-07,2025-08-07 11:22:44.900,MO2508-C-7500,1.4,1.2,1.6
2025-08-07,2025-08-07 11:22:45.400,MO2508-C-7500,1.4,1.2,1.6
2025-08-07,2025-08-07 11:22:54.900,MO2508-C-7500,1.4,1.2,1.6
2025-08-07,2025-08-07 11:22:55.400,MO2508-C-7500,1.4,1.2,1.6
2025-08-07,2025-08-07 11:23:01.400,MO2508-C-7500,1.4,1.2,1.6
2025-08-07,2025-08-07 11:23:03.900,MO2508-C-7500,1.4,1.2,1.6
2025-08-07,2025-08-07 11:23:04.900,MO2508-C-7500,1.4,1.2,1.6
2025-08-07,2025-08-07 11:23:05.400,MO2508-C-7500,1.4,1.2,1.6
2025-08-07,2025-08-07 11:23:12.900,MO2508-C-7500,1.4,1.2,1.6
2025-08-07,2025-08-07 11:23:14.900,MO2508-C-7500,1.4,1.2,1.6
2025-08-07,2025-08-07 11:23:15.400,MO2508-C-7500,1.4,1.2,1.6
2025-08-07,2025-08-07 11:23:20.900,MO2508-C-7500,1.4,1.2,1.6
2025-08-07,2025-08-07 11:23:24.900,MO2508-C-7500,1.4,1.2,1.6
2025-08-07,2025-08-07 11:23:25.400,MO2508-C-7500,1.4,1.2,1.6
2025-08-07,2025-08-07 11:23:34.900,MO2508-C-7500,1.4,1.2,1.6
2025-08-07,2025-08-07 11:23:35.400,MO2508-C-7500,1.4,1.2,1.6
2025-08-07,2025-08-07 11:23:37.900,MO2508-C-7500,1.4,1.2,1.6
2025-08-07,2025-08-07 11:23:38.400,MO2508-C-7500,1.4,1.2,1.6
2025-08-07,2025-08-07 11:23:41.400,MO2508-C-7500,1.4,1.2,1.6
2025-08-07,2025-08-07 11:23:43.900,MO2508-C-7500,1.4,1.2,1.6
2025-08-07,2025-08-07 11:23:44.900,MO2508-C-7500,1.4,1.2,1.6
2025-08-07,2025-08-07 11:23:45.400,MO2508-C-7500,1.4,1.2,1.6
2025-08-07,2025-08-07 11:23:54.900,MO2508-C-7500,1.4,1.2,1.6
2025-08-07,2025-08-07 11:23:55.400,MO2508-C-7500,1.4,1.2,1.6
2025-08-07,2025-08-07 11:23:55.900,MO2508-C-7500,1.4,1.2,1.6
2025-08-07,2025-08-07 11:24:01.400,MO2508-C-7500,1.4,1.2,1.6
2025-08-07,2025-08-07 11:24:02.400,MO2508-C-7500,1.4,1.2,1.6
2025-08-07,2025-08-07 11:24:03.900,MO2508-C-7500,1.4,1.2,1.6
2025-08-07,2025-08-07 11:24:04.400,MO2508-C-7500,1.4,1.2,1.6
2025-08-07,2025-08-07 11:24:04.900,MO2508-C-7500,1.4,1.2,1.6
2025-08-07,2025-08-07 11:24:05.400,MO2508-C-7500,1.4,1.2,1.6
2025-08-07,2025-08-07 11:24:09.900,MO2508-C-7500,1.4,1.2,1.6
2025-08-07,2025-08-07 11:24:13.400,MO2508-C-7500,1.4,1.2,1.6
2025-08-07,2025-08-07 11:24:14.900,MO2508-C-7500,1.4,1.2,1.6
2025-08-07,2025-08-07 11:24:15.400,MO2508-C-7500,1.4,1.2,1.6
2025-08-07,2025-08-07 11:24:22.900,MO2508-C-7500,1.4,1.2,1.6
2025-08-07,2025-08-07 11:24:23.400,MO2508-C-7500,1.4,1.2,1.6
2025-08-07,2025-08-07 11:24:23.900,MO2508-C-7500,1.4,1.2,1.6
2025-08-07,2025-08-07 11:24:24.900,MO2508-C-7500,1.4,1.2,1.6
2025-08-07,2025-08-07 11:24:25.400,MO2508-C-7500,1.4,1.2,1.6
2025-08-07,2025-08-07 11:24:25.900,MO2508-C-7500,1.4,1.2,1.6
2025-08-07,2025-08-07 11:24:26.900,MO2508-C-7500,1.4,1.2,1.6
2025-08-07,2025-08-07 11:24:27.400,MO2508-C-7500,1.4,1.2,1.6
2025-08-07,2025-08-07 11:24:28.400,MO2508-C-7500,1.4,1.2,1.6
2025-08-07,2025-08-07 11:24:28.900,MO2508-C-7500,1.4,1.2,1.6
2025-08-07,2025-08-07 11:24:33.400,MO2508-C-7500,1.4,1.2,1.6
2025-08-07,2025-08-07 11:24:33.900,MO2508-C-7500,1.4,1.2,1.6
2025-08-07,2025-08-07 11:24:34.400,MO2508-C-7500,1.4,1.2,1.6
2025-08-07,2025-08-07 11:24:34.900,MO2508-C-7500,1.4,1.2,1.6
2025-08-07,2025-08-07 11:24:35.400,MO2508-C-7500,1.4,1.2,1.6
2025-08-07,2025-08-07 11:24:35.900,MO2508-C-7500,1.4,1.2,1.6
2025-08-07,2025-08-07 11:24:36.400,MO2508-C-7500,1.4,1.2,1.6
2025-08-07,2025-08-07 11:24:36.900,MO2508-C-7500,1.4,1.2,1.6
2025-08-07,2025-08-07 11:24:44.900,MO2508-C-7500,1.4,1.2,1.6
2025-08-07,2025-08-07 11:24:45.400,MO2508-C-7500,1.4,1.2,1.6
2025-08-07,2025-08-07 11:24:51.900,MO2508-C-7500,1.4,1.2,1.6
2025-08-07,2025-08-07 11:24:52.400,MO2508-C-7500,1.4,1.2,1.6
2025-08-07,2025-08-07 11:24:54.900,MO2508-C-7500,1.4,1.2,1.6
2025-08-07,2025-08-07 11:24:55.400,MO2508-C-7500,1.4,1.2,1.6
2025-08-07,2025-08-07 11:25:00.900,MO2508-C-7500,1.4,1.2,1.6
2025-08-07,2025-08-07 11:25:01.900,MO2508-C-7500,1.4,1.2,1.6
2025-08-07,2025-08-07 11:25:03.900,MO2508-C-7500,1.4,1.2,1.6
2025-08-07,2025-08-07 11:25:04.400,MO2508-C-7500,1.4,1.2,1.6
2025-08-07,2025-08-07 11:25:04.900,MO2508-C-7500,1.4,1.2,1.6
2025-08-07,2025-08-07 11:25:05.400,MO2508-C-7500,1.4,1.2,1.6
2025-08-07,2025-08-07 11:25:05.900,MO2508-C-7500,1.4,1.2,1.6
2025-08-07,2025-08-07 11:25:06.400,MO2508-C-7500,1.4,1.2,1.6
2025-08-07,2025-08-07 11:25:06.900,MO2508-C-7500,1.4,1.2,1.6
2025-08-07,2025-08-07 11:25:07.400,MO2508-C-7500,1.4,1.2,1.6
2025-08-07,2025-08-07 11:25:10.400,MO2508-C-7500,1.4,1.2,1.6
2025-08-07,2025-08-07 11:25:12.900,MO2508-C-7500,1.4,1.2,1.6
2025-08-07,2025-08-07 11:25:14.900,MO2508-C-7500,1.4,1.2,1.6
2025-08-07,2025-08-07 11:25:15.400,MO2508-C-7500,1.4,1.2,1.6
2025-08-07,2025-08-07 11:25:15.900,MO2508-C-7500,1.4,1.2,1.6
2025-08-07,2025-08-07 11:25:16.900,MO2508-C-7500,1.4,1.2,1.6
2025-08-07,2025-08-07 11:25:17.400,MO2508-C-7500,1.4,1.2,1.6
2025-08-07,2025-08-07 11:25:17.900,MO2508-C-7500,1.4,1.2,1.6
2025-08-07,2025-08-07 11:25:18.400,MO2508-C-7500,1.4,1.2,1.6
2025-08-07,2025-08-07 11:25:23.400,MO2508-C-7500,1.4,1.2,1.6
2025-08-07,2025-08-07 11:25:23.900,MO2508-C-7500,1.4,1.2,1.6
2025-08-07,2025-08-07 11:25:24.900,MO2508-C-7500,1.4,1.2,1.6
2025-08-07,2025-08-07 11:25:25.400,MO2508-C-7500,1.4,1.2,1.6
2025-08-07,2025-08-07 11:25:32.400,MO2508-C-7500,1.4,1.2,1.6
2025-08-07,2025-08-07 11:25:34.900,MO2508-C-7500,1.4,1.2,1.6
2025-08-07,2025-08-07 11:25:35.400,MO2508-C-7500,1.4,1.2,1.6
2025-08-07,2025-08-07 11:25:38.400,MO2508-C-7500,1.4,1.2,1.6
2025-08-07,2025-08-07 11:25:39.400,MO2508-C-7500,1.4,1.2,1.6
2025-08-07,2025-08-07 11:25:42.400,MO2508-C-7500,1.4,1.2,1.6
2025-08-07,2025-08-07 11:25:44.900,MO2508-C-7500,1.4,1.2,1.6
2025-08-07,2025-08-07 11:25:45.400,MO2508-C-7500,1.4,1.2,1.6
2025-08-07,2025-08-07 11:25:47.900,MO2508-C-7500,1.4,1.2,1.6
2025-08-07,2025-08-07 11:25:48.400,MO2508-C-7500,1.4,1.2,1.6
2025-08-07,2025-08-07 11:25:49.400,MO2508-C-7500,1.4,1.2,1.6
2025-08-07,2025-08-07 11:25:52.400,MO2508-C-7500,1.4,1.2,1.6
2025-08-07,2025-08-07 11:25:54.400,MO2508-C-7500,1.4,1.2,1.6
2025-08-07,2025-08-07 11:25:54.900,MO2508-C-7500,1.4,1.2,1.6
2025-08-07,2025-08-07 11:25:55.400,MO2508-C-7500,1.4,1.2,1.6
2025-08-07,2025-08-07 11:26:00.400,MO2508-C-7500,1.4,1.2,1.6
2025-08-07,2025-08-07 11:26:01.400,MO2508-C-7500,1.4,1.2,1.6
2025-08-07,2025-08-07 11:26:02.900,MO2508-C-7500,1.4,1.2,1.6
2025-08-07,2025-08-07 11:26:03.400,MO2508-C-7500,1.4,1.2,1.6
2025-08-07,2025-08-07 11:26:04.900,MO2508-C-7500,1.4,1.2,1.6
2025-08-07,2025-08-07 11:26:05.400,MO2508-C-7500,1.4,1.2,1.6
2025-08-07,2025-08-07 11:26:12.900,MO2508-C-7500,1.4,1.2,1.6
2025-08-07,2025-08-07 11:26:14.900,MO2508-C-7500,1.4,1.2,1.6
2025-08-07,2025-08-07 11:26:15.400,MO2508-C-7500,1.4,1.2,1.6
2025-08-07,2025-08-07 11:26:16.400,MO2508-C-7500,1.4,1.2,1.6
2025-08-07,2025-08-07 11:26:16.900,MO2508-C-7500,1.4,1.2,1.6
2025-08-07,2025-08-07 11:26:19.400,MO2508-C-7500,1.4,1.2,1.6
2025-08-07,2025-08-07 11:26:21.900,MO2508-C-7500,1.4,1.2,1.6
2025-08-07,2025-08-07 11:26:22.900,MO2508-C-7500,1.4,1.2,1.6
2025-08-07,2025-08-07 11:26:24.400,MO2508-C-7500,1.4,1.2,1.6
2025-08-07,2025-08-07 11:26:24.900,MO2508-C-7500,1.4,1.2,1.6
2025-08-07,2025-08-07 11:26:25.400,MO2508-C-7500,1.4,1.2,1.6
2025-08-07,2025-08-07 11:26:34.900,MO2508-C-7500,1.4,1.2,1.6
2025-08-07,2025-08-07 11:26:35.400,MO2508-C-7500,1.4,1.2,1.6
2025-08-07,2025-08-07 11:26:36.900,MO2508-C-7500,1.4,1.2,1.6
2025-08-07,2025-08-07 11:26:44.900,MO2508-C-7500,1.4,1.2,1.6
2025-08-07,2025-08-07 11:26:45.400,MO2508-C-7500,1.4,1.2,1.6
2025-08-07,2025-08-07 11:26:45.900,MO2508-C-7500,1.4,1.2,1.6
2025-08-07,2025-08-07 11:26:49.900,MO2508-C-7500,1.4,1.2,1.6
2025-08-07,2025-08-07 11:26:54.900,MO2508-C-7500,1.4,1.2,1.6
2025-08-07,2025-08-07 11:26:55.400,MO2508-C-7500,1.4,1.2,1.6
2025-08-07,2025-08-07 11:27:01.400,MO2508-C-7500,1.4,1.2,1.6
2025-08-07,2025-08-07 11:27:04.900,MO2508-C-7500,1.4,1.2,1.6
2025-08-07,2025-08-07 11:27:05.400,MO2508-C-7500,1.4,1.2,1.6
2025-08-07,2025-08-07 11:27:06.900,MO2508-C-7500,1.4,1.2,1.6
2025-08-07,2025-08-07 11:27:11.400,MO2508-C-7500,1.4,1.2,1.6
2025-08-07,2025-08-07 11:27:12.400,MO2508-C-7500,1.4,1.2,1.6
2025-08-07,2025-08-07 11:27:13.400,MO2508-C-7500,1.4,1.2,1.6
2025-08-07,2025-08-07 11:27:14.900,MO2508-C-7500,1.4,1.2,1.6
2025-08-07,2025-08-07 11:27:15.400,MO2508-C-7500,1.4,1.2,1.6
2025-08-07,2025-08-07 11:27:16.400,MO2508-C-7500,1.4,1.2,1.6
2025-08-07,2025-08-07 11:27:16.900,MO2508-C-7500,1.4,1.2,1.6
2025-08-07,2025-08-07 11:27:18.400,MO2508-C-7500,1.4,1.2,1.6
2025-08-07,2025-08-07 11:27:19.900,MO2508-C-7500,1.4,1.2,1.6
2025-08-07,2025-08-07 11:27:20.400,MO2508-C-7500,1.4,1.2,1.6
2025-08-07,2025-08-07 11:27:21.400,MO2508-C-7500,1.4,1.2,1.6
2025-08-07,2025-08-07 11:27:21.900,MO2508-C-7500,1.4,1.2,1.6
2025-08-07,2025-08-07 11:27:22.900,MO2508-C-7500,1.4,1.2,1.6
2025-08-07,2025-08-07 11:27:23.400,MO2508-C-7500,1.4,1.2,1.6
2025-08-07,2025-08-07 11:27:24.900,MO2508-C-7500,1.4,1.2,1.6
2025-08-07,2025-08-07 11:27:25.400,MO2508-C-7500,1.4,1.2,1.6
2025-08-07,2025-08-07 11:27:28.400,MO2508-C-7500,1.4,1.2,1.6
2025-08-07,2025-08-07 11:27:29.900,MO2508-C-7500,1.4,1.2,1.6
2025-08-07,2025-08-07 11:27:31.400,MO2508-C-7500,1.4,1.2,1.6
2025-08-07,2025-08-07 11:27:32.400,MO2508-C-7500,1.4,1.2,1.6
2025-08-07,2025-08-07 11:27:33.900,MO2508-C-7500,1.4,1.2,1.6
2025-08-07,2025-08-07 11:27:34.900,MO2508-C-7500,1.4,1.2,1.6
2025-08-07,2025-08-07 11:27:35.400,MO2508-C-7500,1.4,1.2,1.6
2025-08-07,2025-08-07 11:27:35.900,MO2508-C-7500,1.4,1.2,1.6
2025-08-07,2025-08-07 11:27:37.900,MO2508-C-7500,1.4,1.2,1.6
2025-08-07,2025-08-07 11:27:39.400,MO2508-C-7500,1.4,1.2,1.6
2025-08-07,2025-08-07 11:27:43.400,MO2508-C-7500,1.4,1.2,1.6
2025-08-07,2025-08-07 11:27:43.900,MO2508-C-7500,1.4,1.2,1.6
2025-08-07,2025-08-07 11:27:44.900,MO2508-C-7500,1.4,1.2,1.6
2025-08-07,2025-08-07 11:27:45.400,MO2508-C-7500,1.4,1.2,1.6
2025-08-07,2025-08-07 11:27:48.900,MO2508-C-7500,1.4,1.2,1.6
2025-08-07,2025-08-07 11:27:54.900,MO2508-C-7500,1.4,1.2,1.6
2025-08-07,2025-08-07 11:27:55.400,MO2508-C-7500,1.4,1.2,1.6
2025-08-07,2025-08-07 11:28:00.400,MO2508-C-7500,1.4,1.2,1.6
2025-08-07,2025-08-07 11:28:00.900,MO2508-C-7500,1.4,1.2,1.6
2025-08-07,2025-08-07 11:28:01.400,MO2508-C-7500,1.4,1.2,1.6
2025-08-07,2025-08-07 11:28:01.900,MO2508-C-7500,1.4,1.2,1.6
2025-08-07,2025-08-07 11:28:02.400,MO2508-C-7500,1.4,1.2,1.6
2025-08-07,2025-08-07 11:28:02.900,MO2508-C-7500,1.4,1.2,1.6
2025-08-07,2025-08-07 11:28:03.400,MO2508-C-7500,1.4,1.2,1.6
2025-08-07,2025-08-07 11:28:03.900,MO2508-C-7500,1.4,1.2,1.6
2025-08-07,2025-08-07 11:28:04.400,MO2508-C-7500,1.4,1.2,1.6
2025-08-07,2025-08-07 11:28:04.900,MO2508-C-7500,1.4,1.2,1.6
2025-08-07,2025-08-07 11:28:05.400,MO2508-C-7500,1.4,1.2,1.6
2025-08-07,2025-08-07 11:28:05.900,MO2508-C-7500,1.4,1.2,1.6
2025-08-07,2025-08-07 11:28:06.400,MO2508-C-7500,1.4,1.2,1.6
2025-08-07,2025-08-07 11:28:06.900,MO2508-C-7500,1.4,1.2,1.6
2025-08-07,2025-08-07 11:28:07.400,MO2508-C-7500,1.4,1.2,1.6
2025-08-07,2025-08-07 11:28:07.900,MO2508-C-7500,1.4,1.2,1.6
2025-08-07,2025-08-07 11:28:08.400,MO2508-C-7500,1.4,1.4,1.6
2025-08-07,2025-08-07 11:28:08.900,MO2508-C-7500,1.4,1.4,1.6
2025-08-07,2025-08-07 11:28:09.400,MO2508-C-7500,1.4,1.4,1.6
2025-08-07,2025-08-07 11:28:10.400,MO2508-C-7500,1.4,1.4,1.6
2025-08-07,2025-08-07 11:28:11.900,MO2508-C-7500,1.4,1.4,1.6
2025-08-07,2025-08-07 11:28:12.400,MO2508-C-7500,1.4,1.4,1.6
2025-08-07,2025-08-07 11:28:12.900,MO2508-C-7500,1.4,1.4,1.6
2025-08-07,2025-08-07 11:28:13.400,MO2508-C-7500,1.4,1.4,1.6
2025-08-07,2025-08-07 11:28:13.900,MO2508-C-7500,1.4,1.4,1.6
2025-08-07,2025-08-07 11:28:14.400,MO2508-C-7500,1.4,1.4,1.6
2025-08-07,2025-08-07 11:28:14.900,MO2508-C-7500,1.4,1.4,1.6
2025-08-07,2025-08-07 11:28:15.400,MO2508-C-7500,1.4,1.4,1.6
2025-08-07,2025-08-07 11:28:18.400,MO2508-C-7500,1.4,1.4,1.6
2025-08-07,2025-08-07 11:28:18.900,MO2508-C-7500,1.4,1.4,1.6
2025-08-07,2025-08-07 11:28:24.900,MO2508-C-7500,1.4,1.4,1.6
2025-08-07,2025-08-07 11:28:25.400,MO2508-C-7500,1.4,1.4,1.6
2025-08-07,2025-08-07 11:28:34.900,MO2508-C-7500,1.4,1.4,1.6
2025-08-07,2025-08-07 11:28:35.400,MO2508-C-7500,1.4,1.4,1.6
2025-08-07,2025-08-07 11:28:44.900,MO2508-C-7500,1.4,1.4,1.6
2025-08-07,2025-08-07 11:28:45.400,MO2508-C-7500,1.4,1.4,1.6
2025-08-07,2025-08-07 11:28:47.400,MO2508-C-7500,1.4,1.4,1.6
2025-08-07,2025-08-07 11:28:54.900,MO2508-C-7500,1.4,1.4,1.6
2025-08-07,2025-08-07 11:28:55.400,MO2508-C-7500,1.4,1.4,1.6
2025-08-07,2025-08-07 11:28:56.400,MO2508-C-7500,1.4,1.4,1.6
2025-08-07,2025-08-07 11:29:00.400,MO2508-C-7500,1.4,1.4,1.6
2025-08-07,2025-08-07 11:29:02.900,MO2508-C-7500,1.4,1.4,1.6
2025-08-07,2025-08-07 11:29:03.400,MO2508-C-7500,1.4,1.4,1.6
2025-08-07,2025-08-07 11:29:03.900,MO2508-C-7500,1.4,1.4,1.6
2025-08-07,2025-08-07 11:29:04.400,MO2508-C-7500,1.4,1.4,1.6
2025-08-07,2025-08-07 11:29:04.900,MO2508-C-7500,1.4,1.4,1.6
2025-08-07,2025-08-07 11:29:05.400,MO2508-C-7500,1.4,1.4,1.6
2025-08-07,2025-08-07 11:29:06.400,MO2508-C-7500,1.4,1.4,1.6
2025-08-07,2025-08-07 11:29:06.900,MO2508-C-7500,1.4,1.4,1.6
2025-08-07,2025-08-07 11:29:07.400,MO2508-C-7500,1.4,1.4,1.6
2025-08-07,2025-08-07 11:29:09.400,MO2508-C-7500,1.4,1.4,1.6
2025-08-07,2025-08-07 11:29:10.400,MO2508-C-7500,1.4,1.4,1.6
2025-08-07,2025-08-07 11:29:10.900,MO2508-C-7500,1.4,1.4,1.6
2025-08-07,2025-08-07 11:29:12.900,MO2508-C-7500,1.4,1.4,1.6
2025-08-07,2025-08-07 11:29:14.900,MO2508-C-7500,1.4,1.4,1.6
2025-08-07,2025-08-07 11:29:15.400,MO2508-C-7500,1.4,1.4,1.6
2025-08-07,2025-08-07 11:29:16.400,MO2508-C-7500,1.4,1.4,1.6
2025-08-07,2025-08-07 11:29:20.900,MO2508-C-7500,1.4,1.4,1.6
2025-08-07,2025-08-07 11:29:21.900,MO2508-C-7500,1.4,1.4,1.6
2025-08-07,2025-08-07 11:29:24.900,MO2508-C-7500,1.4,1.4,1.6
2025-08-07,2025-08-07 11:29:25.400,MO2508-C-7500,1.4,1.4,1.6
2025-08-07,2025-08-07 11:29:29.900,MO2508-C-7500,1.4,1.4,1.6
2025-08-07,2025-08-07 11:29:30.400,MO2508-C-7500,1.4,1.4,1.6
2025-08-07,2025-08-07 11:29:30.900,MO2508-C-7500,1.4,1.4,1.6
2025-08-07,2025-08-07 11:29:31.400,MO2508-C-7500,1.4,1.4,1.6
2025-08-07,2025-08-07 11:29:31.900,MO2508-C-7500,1.4,1.4,1.6
2025-08-07,2025-08-07 11:29:33.400,MO2508-C-7500,1.4,1.4,1.6
2025-08-07,2025-08-07 11:29:33.900,MO2508-C-7500,1.4,1.4,1.6
2025-08-07,2025-08-07 11:29:34.900,MO2508-C-7500,1.4,1.4,1.6
2025-08-07,2025-08-07 11:29:35.400,MO2508-C-7500,1.4,1.4,1.6
2025-08-07,2025-08-07 11:29:36.400,MO2508-C-7500,1.4,1.4,1.6
2025-08-07,2025-08-07 11:29:38.400,MO2508-C-7500,1.4,1.4,1.6
2025-08-07,2025-08-07 11:29:39.400,MO2508-C-7500,1.4,1.4,1.6
2025-08-07,2025-08-07 11:29:40.400,MO2508-C-7500,1.4,1.4,1.6
2025-08-07,2025-08-07 11:29:41.400,MO2508-C-7500,1.4,1.4,1.6
2025-08-07,2025-08-07 11:29:42.900,MO2508-C-7500,1.4,1.4,1.6
2025-08-07,2025-08-07 11:29:43.400,MO2508-C-7500,1.4,1.4,1.6
2025-08-07,2025-08-07 11:29:45.900,MO2508-C-7500,1.4,1.4,1.6
2025-08-07,2025-08-07 11:29:48.400,MO2508-C-7500,1.4,1.4,1.6
2025-08-07,2025-08-07 11:29:48.900,MO2508-C-7500,1.4,1.4,1.6
2025-08-07,2025-08-07 11:29:50.400,MO2508-C-7500,1.4,1.4,1.6
2025-08-07,2025-08-07 11:29:52.900,MO2508-C-7500,1.4,1.4,1.6
2025-08-07,2025-08-07 11:29:59.900,MO2508-C-7500,1.4,1.4,1.6
2025-08-07,2025-08-07 13:00:00.900,MO2508-C-7500,1.4,1.4,1.6
2025-08-07,2025-08-07 13:00:01.400,MO2508-C-7500,1.4,1.4,1.6
2025-08-07,2025-08-07 13:00:01.900,MO2508-C-7500,1.4,1.4,1.6
2025-08-07,2025-08-07 13:00:03.400,MO2508-C-7500,1.4,1.4,1.6
2025-08-07,2025-08-07 13:00:03.900,MO2508-C-7500,1.4,1.4,1.6
2025-08-07,2025-08-07 13:00:09.900,MO2508-C-7500,1.4,1.4,1.6
2025-08-07,2025-08-07 13:00:10.400,MO2508-C-7500,1.4,1.4,1.6
2025-08-07,2025-08-07 13:00:10.900,MO2508-C-7500,1.4,1.4,1.6
2025-08-07,2025-08-07 13:00:11.400,MO2508-C-7500,1.4,1.4,1.6
2025-08-07,2025-08-07 13:00:11.900,MO2508-C-7500,1.4,1.4,1.6
2025-08-07,2025-08-07 13:00:14.900,MO2508-C-7500,1.4,1.4,1.6
2025-08-07,2025-08-07 13:00:15.400,MO2508-C-7500,1.4,1.4,1.6
2025-08-07,2025-08-07 13:00:15.900,MO2508-C-7500,1.4,1.4,1.6
2025-08-07,2025-08-07 13:00:18.400,MO2508-C-7500,1.4,1.4,1.6
2025-08-07,2025-08-07 13:00:18.900,MO2508-C-7500,1.4,1.4,1.6
2025-08-07,2025-08-07 13:00:19.900,MO2508-C-7500,1.4,1.4,1.6
2025-08-07,2025-08-07 13:00:20.900,MO2508-C-7500,1.4,1.4,1.6
2025-08-07,2025-08-07 13:00:22.900,MO2508-C-7500,1.4,1.4,1.6
2025-08-07,2025-08-07 13:00:25.400,MO2508-C-7500,1.4,1.4,1.6
2025-08-07,2025-08-07 13:00:28.900,MO2508-C-7500,1.4,1.4,1.6
2025-08-07,2025-08-07 13:00:29.900,MO2508-C-7500,1.4,1.4,1.6
2025-08-07,2025-08-07 13:00:32.400,MO2508-C-7500,1.4,1.4,1.6
2025-08-07,2025-08-07 13:00:33.400,MO2508-C-7500,1.4,1.4,1.6
2025-08-07,2025-08-07 13:00:33.900,MO2508-C-7500,1.4,1.4,1.6
2025-08-07,2025-08-07 13:00:34.400,MO2508-C-7500,1.4,1.4,1.6
2025-08-07,2025-08-07 13:00:36.900,MO2508-C-7500,1.4,1.4,1.6
2025-08-07,2025-08-07 13:00:46.400,MO2508-C-7500,1.4,1.4,1.6
2025-08-07,2025-08-07 13:00:50.900,MO2508-C-7500,1.4,1.4,1.6
2025-08-07,2025-08-07 13:00:53.400,MO2508-C-7500,1.4,1.4,1.6
2025-08-07,2025-08-07 13:00:54.900,MO2508-C-7500,1.4,1.4,1.6
2025-08-07,2025-08-07 13:00:55.400,MO2508-C-7500,1.4,1.4,1.6
2025-08-07,2025-08-07 13:01:03.900,MO2508-C-7500,1.4,1.4,1.6
2025-08-07,2025-08-07 13:01:04.900,MO2508-C-7500,1.4,1.4,1.6
2025-08-07,2025-08-07 13:01:05.400,MO2508-C-7500,1.4,1.4,1.6
2025-08-07,2025-08-07 13:01:05.900,MO2508-C-7500,1.4,1.4,1.6
2025-08-07,2025-08-07 13:01:09.400,MO2508-C-7500,1.4,1.4,1.6
2025-08-07,2025-08-07 13:01:09.900,MO2508-C-7500,1.4,1.4,1.6
2025-08-07,2025-08-07 13:01:10.400,MO2508-C-7500,1.4,1.4,1.6
2025-08-07,2025-08-07 13:01:10.900,MO2508-C-7500,1.4,1.4,1.6
2025-08-07,2025-08-07 13:01:13.900,MO2508-C-7500,1.4,1.4,1.6
2025-08-07,2025-08-07 13:01:14.900,MO2508-C-7500,1.4,1.4,1.6
2025-08-07,2025-08-07 13:01:15.400,MO2508-C-7500,1.4,1.4,1.6
2025-08-07,2025-08-07 13:01:21.900,MO2508-C-7500,1.4,1.4,1.6
2025-08-07,2025-08-07 13:01:22.400,MO2508-C-7500,1.4,1.4,1.6
2025-08-07,2025-08-07 13:01:24.900,MO2508-C-7500,1.4,1.4,1.6
2025-08-07,2025-08-07 13:01:25.400,MO2508-C-7500,1.4,1.4,1.6
2025-08-07,2025-08-07 13:01:26.900,MO2508-C-7500,1.4,1.4,1.6
2025-08-07,2025-08-07 13:01:27.400,MO2508-C-7500,1.4,1.4,1.6
2025-08-07,2025-08-07 13:01:31.900,MO2508-C-7500,1.4,1.4,1.6
2025-08-07,2025-08-07 13:01:32.400,MO2508-C-7500,1.4,1.4,1.6
2025-08-07,2025-08-07 13:01:34.900,MO2508-C-7500,1.4,1.4,1.6
2025-08-07,2025-08-07 13:01:35.400,MO2508-C-7500,1.4,1.4,1.6
2025-08-07,2025-08-07 13:01:37.400,MO2508-C-7500,1.4,1.4,1.6
2025-08-07,2025-08-07 13:01:40.400,MO2508-C-7500,1.4,1.4,1.6
2025-08-07,2025-08-07 13:01:40.900,MO2508-C-7500,1.4,1.4,1.6
2025-08-07,2025-08-07 13:01:42.400,MO2508-C-7500,1.4,1.4,1.6
2025-08-07,2025-08-07 13:01:43.400,MO2508-C-7500,1.4,1.4,1.6
2025-08-07,2025-08-07 13:01:44.900,MO2508-C-7500,1.4,1.4,1.6
2025-08-07,2025-08-07 13:01:45.400,MO2508-C-7500,1.4,1.4,1.6
2025-08-07,2025-08-07 13:01:46.400,MO2508-C-7500,1.4,1.4,1.6
2025-08-07,2025-08-07 13:01:48.900,MO2508-C-7500,1.4,1.4,1.6
2025-08-07,2025-08-07 13:01:54.900,MO2508-C-7500,1.4,1.4,1.6
2025-08-07,2025-08-07 13:01:55.400,MO2508-C-7500,1.4,1.4,1.6
2025-08-07,2025-08-07 13:01:56.900,MO2508-C-7500,1.4,1.4,1.6
2025-08-07,2025-08-07 13:01:57.400,MO2508-C-7500,1.4,1.4,1.6
2025-08-07,2025-08-07 13:01:57.900,MO2508-C-7500,1.4,1.4,1.6
2025-08-07,2025-08-07 13:02:01.400,MO2508-C-7500,1.4,1.4,1.6
2025-08-07,2025-08-07 13:02:04.900,MO2508-C-7500,1.4,1.4,1.6
2025-08-07,2025-08-07 13:02:05.400,MO2508-C-7500,1.4,1.4,1.6
2025-08-07,2025-08-07 13:02:08.400,MO2508-C-7500,1.4,1.4,1.6
2025-08-07,2025-08-07 13:02:09.900,MO2508-C-7500,1.4,1.4,1.6
2025-08-07,2025-08-07 13:02:10.400,MO2508-C-7500,1.4,1.4,1.6
2025-08-07,2025-08-07 13:02:12.900,MO2508-C-7500,1.4,1.4,1.6
2025-08-07,2025-08-07 13:02:13.900,MO2508-C-7500,1.4,1.4,1.6
2025-08-07,2025-08-07 13:02:14.400,MO2508-C-7500,1.4,1.4,1.6
2025-08-07,2025-08-07 13:02:14.900,MO2508-C-7500,1.4,1.4,1.6
2025-08-07,2025-08-07 13:02:15.400,MO2508-C-7500,1.4,1.4,1.6
2025-08-07,2025-08-07 13:02:15.900,MO2508-C-7500,1.4,1.4,1.6
2025-08-07,2025-08-07 13:02:18.400,MO2508-C-7500,1.4,1.4,1.6
2025-08-07,2025-08-07 13:02:18.900,MO2508-C-7500,1.4,1.4,1.6
2025-08-07,2025-08-07 13:02:19.400,MO2508-C-7500,1.4,1.4,1.6
2025-08-07,2025-08-07 13:02:19.900,MO2508-C-7500,1.4,1.4,1.6
2025-08-07,2025-08-07 13:02:20.400,MO2508-C-7500,1.4,1.4,1.6
2025-08-07,2025-08-07 13:02:21.400,MO2508-C-7500,1.4,1.4,1.6
2025-08-07,2025-08-07 13:02:23.400,MO2508-C-7500,1.4,1.4,1.6
2025-08-07,2025-08-07 13:02:23.900,MO2508-C-7500,1.4,1.4,1.6
2025-08-07,2025-08-07 13:02:24.900,MO2508-C-7500,1.4,1.4,1.6
2025-08-07,2025-08-07 13:02:25.400,MO2508-C-7500,1.4,1.4,1.6
2025-08-07,2025-08-07 13:02:34.900,MO2508-C-7500,1.4,1.4,1.6
2025-08-07,2025-08-07 13:02:35.400,MO2508-C-7500,1.4,1.4,1.6
2025-08-07,2025-08-07 13:02:39.400,MO2508-C-7500,1.4,1.4,1.6
2025-08-07,2025-08-07 13:02:39.900,MO2508-C-7500,1.4,1.4,1.6
2025-08-07,2025-08-07 13:02:40.400,MO2508-C-7500,1.4,1.4,1.6
2025-08-07,2025-08-07 13:02:40.900,MO2508-C-7500,1.4,1.4,1.6
2025-08-07,2025-08-07 13:02:41.400,MO2508-C-7500,1.4,1.4,1.6
2025-08-07,2025-08-07 13:02:41.900,MO2508-C-7500,1.4,1.4,1.6
2025-08-07,2025-08-07 13:02:42.400,MO2508-C-7500,1.4,1.4,1.6
2025-08-07,2025-08-07 13:02:44.400,MO2508-C-7500,1.4,1.4,1.6
2025-08-07,2025-08-07 13:02:44.900,MO2508-C-7500,1.4,1.4,1.6
2025-08-07,2025-08-07 13:02:45.400,MO2508-C-7500,1.4,1.4,1.6
2025-08-07,2025-08-07 13:02:50.900,MO2508-C-7500,1.4,1.4,1.6
2025-08-07,2025-08-07 13:02:51.400,MO2508-C-7500,1.4,1.4,1.6
2025-08-07,2025-08-07 13:02:51.900,MO2508-C-7500,1.4,1.4,1.6
2025-08-07,2025-08-07 13:02:52.900,MO2508-C-7500,1.4,1.4,1.6
2025-08-07,2025-08-07 13:02:53.900,MO2508-C-7500,1.4,1.4,1.6
2025-08-07,2025-08-07 13:02:54.400,MO2508-C-7500,1.4,1.4,1.6
2025-08-07,2025-08-07 13:02:54.900,MO2508-C-7500,1.4,1.4,1.6
2025-08-07,2025-08-07 13:02:55.400,MO2508-C-7500,1.4,1.4,1.6
2025-08-07,2025-08-07 13:02:57.400,MO2508-C-7500,1.4,1.4,1.6
2025-08-07,2025-08-07 13:02:57.900,MO2508-C-7500,1.4,1.4,1.6
2025-08-07,2025-08-07 13:02:58.900,MO2508-C-7500,1.4,1.4,1.6
2025-08-07,2025-08-07 13:02:59.400,MO2508-C-7500,1.4,1.4,1.6
2025-08-07,2025-08-07 13:02:59.900,MO2508-C-7500,1.4,1.4,1.6
2025-08-07,2025-08-07 13:03:02.400,MO2508-C-7500,1.4,1.4,1.6
2025-08-07,2025-08-07 13:03:04.400,MO2508-C-7500,1.4,1.4,1.6
2025-08-07,2025-08-07 13:03:04.900,MO2508-C-7500,1.4,1.4,1.6
2025-08-07,2025-08-07 13:03:05.400,MO2508-C-7500,1.4,1.4,1.6
2025-08-07,2025-08-07 13:03:06.400,MO2508-C-7500,1.4,1.4,1.6
2025-08-07,2025-08-07 13:03:06.900,MO2508-C-7500,1.4,1.4,1.6
2025-08-07,2025-08-07 13:03:07.400,MO2508-C-7500,1.4,1.4,1.6
2025-08-07,2025-08-07 13:03:08.400,MO2508-C-7500,1.4,1.4,1.6
2025-08-07,2025-08-07 13:03:08.900,MO2508-C-7500,1.4,1.4,1.6
2025-08-07,2025-08-07 13:03:09.400,MO2508-C-7500,1.4,1.4,1.6
2025-08-07,2025-08-07 13:03:09.900,MO2508-C-7500,1.4,1.4,1.6
2025-08-07,2025-08-07 13:03:10.400,MO2508-C-7500,1.4,1.4,1.6
2025-08-07,2025-08-07 13:03:10.900,MO2508-C-7500,1.4,1.4,1.6
2025-08-07,2025-08-07 13:03:11.400,MO2508-C-7500,1.4,1.4,1.6
2025-08-07,2025-08-07 13:03:11.900,MO2508-C-7500,1.4,1.4,1.6
2025-08-07,2025-08-07 13:03:12.400,MO2508-C-7500,1.4,1.4,1.6
2025-08-07,2025-08-07 13:03:12.900,MO2508-C-7500,1.4,1.4,1.6
2025-08-07,2025-08-07 13:03:14.900,MO2508-C-7500,1.4,1.4,1.6
2025-08-07,2025-08-07 13:03:15.400,MO2508-C-7500,1.4,1.4,1.6
2025-08-07,2025-08-07 13:03:16.400,MO2508-C-7500,1.4,1.4,1.6
2025-08-07,2025-08-07 13:03:19.900,MO2508-C-7500,1.4,1.4,1.6
2025-08-07,2025-08-07 13:03:20.400,MO2508-C-7500,1.4,1.4,1.6
2025-08-07,2025-08-07 13:03:22.900,MO2508-C-7500,1.4,1.4,1.6
2025-08-07,2025-08-07 13:03:24.900,MO2508-C-7500,1.4,1.4,1.6
2025-08-07,2025-08-07 13:03:25.400,MO2508-C-7500,1.4,1.4,1.6
2025-08-07,2025-08-07 13:03:25.900,MO2508-C-7500,1.4,1.4,1.6
2025-08-07,2025-08-07 13:03:27.400,MO2508-C-7500,1.4,1.4,1.6
2025-08-07,2025-08-07 13:03:29.400,MO2508-C-7500,1.4,1.4,1.6
2025-08-07,2025-08-07 13:03:34.900,MO2508-C-7500,1.4,1.4,1.6
2025-08-07,2025-08-07 13:03:35.400,MO2508-C-7500,1.4,1.4,1.6
2025-08-07,2025-08-07 13:03:35.900,MO2508-C-7500,1.4,1.4,1.6
2025-08-07,2025-08-07 13:03:36.900,MO2508-C-7500,1.4,1.4,1.6
2025-08-07,2025-08-07 13:03:37.400,MO2508-C-7500,1.4,1.4,1.6
2025-08-07,2025-08-07 13:03:37.900,MO2508-C-7500,1.4,1.4,1.6
2025-08-07,2025-08-07 13:03:38.400,MO2508-C-7500,1.4,1.4,1.6
2025-08-07,2025-08-07 13:03:38.900,MO2508-C-7500,1.4,1.4,1.6
2025-08-07,2025-08-07 13:03:39.900,MO2508-C-7500,1.4,1.4,1.6
2025-08-07,2025-08-07 13:03:44.900,MO2508-C-7500,1.4,1.4,1.6
2025-08-07,2025-08-07 13:03:45.400,MO2508-C-7500,1.4,1.4,1.6
2025-08-07,2025-08-07 13:03:48.900,MO2508-C-7500,1.4,1.4,1.6
2025-08-07,2025-08-07 13:03:50.400,MO2508-C-7500,1.4,1.4,1.6
2025-08-07,2025-08-07 13:03:53.900,MO2508-C-7500,1.4,1.4,1.6
2025-08-07,2025-08-07 13:03:54.400,MO2508-C-7500,1.4,1.4,1.6
2025-08-07,2025-08-07 13:03:54.900,MO2508-C-7500,1.4,1.4,1.6
2025-08-07,2025-08-07 13:03:55.400,MO2508-C-7500,1.4,1.4,1.6
2025-08-07,2025-08-07 13:03:57.900,MO2508-C-7500,1.4,1.4,1.6
2025-08-07,2025-08-07 13:04:01.900,MO2508-C-7500,1.4,1.4,1.6
2025-08-07,2025-08-07 13:04:02.400,MO2508-C-7500,1.4,1.4,1.6
2025-08-07,2025-08-07 13:04:02.900,MO2508-C-7500,1.4,1.4,1.6
2025-08-07,2025-08-07 13:04:03.400,MO2508-C-7500,1.4,1.4,1.6
2025-08-07,2025-08-07 13:04:04.900,MO2508-C-7500,1.4,1.4,1.6
2025-08-07,2025-08-07 13:04:05.400,MO2508-C-7500,1.4,1.4,1.6
2025-08-07,2025-08-07 13:04:11.900,MO2508-C-7500,1.4,1.4,1.6
2025-08-07,2025-08-07 13:04:12.900,MO2508-C-7500,1.4,1.4,1.6
2025-08-07,2025-08-07 13:04:13.400,MO2508-C-7500,1.4,1.4,1.6
2025-08-07,2025-08-07 13:04:14.900,MO2508-C-7500,1.4,1.4,1.6
2025-08-07,2025-08-07 13:04:15.400,MO2508-C-7500,1.4,1.4,1.6
2025-08-07,2025-08-07 13:04:17.900,MO2508-C-7500,1.4,1.4,1.6
2025-08-07,2025-08-07 13:04:19.400,MO2508-C-7500,1.4,1.4,1.6
2025-08-07,2025-08-07 13:04:21.900,MO2508-C-7500,1.4,1.4,1.6
2025-08-07,2025-08-07 13:04:24.900,MO2508-C-7500,1.4,1.4,1.6
2025-08-07,2025-08-07 13:04:25.400,MO2508-C-7500,1.4,1.4,1.6
2025-08-07,2025-08-07 13:04:27.900,MO2508-C-7500,1.4,1.4,1.6
2025-08-07,2025-08-07 13:04:28.400,MO2508-C-7500,1.4,1.4,1.6
2025-08-07,2025-08-07 13:04:29.900,MO2508-C-7500,1.4,1.4,1.6
2025-08-07,2025-08-07 13:04:30.900,MO2508-C-7500,1.4,1.4,1.6
2025-08-07,2025-08-07 13:04:32.400,MO2508-C-7500,1.4,1.4,1.6
2025-08-07,2025-08-07 13:04:34.900,MO2508-C-7500,1.4,1.4,1.6
2025-08-07,2025-08-07 13:04:35.400,MO2508-C-7500,1.4,1.4,1.6
2025-08-07,2025-08-07 13:04:40.400,MO2508-C-7500,1.4,1.4,1.6
2025-08-07,2025-08-07 13:04:44.900,MO2508-C-7500,1.4,1.4,1.6
2025-08-07,2025-08-07 13:04:45.400,MO2508-C-7500,1.4,1.4,1.6
2025-08-07,2025-08-07 13:04:54.900,MO2508-C-7500,1.4,1.4,1.6
2025-08-07,2025-08-07 13:04:55.400,MO2508-C-7500,1.4,1.4,1.6
2025-08-07,2025-08-07 13:05:00.400,MO2508-C-7500,1.4,1.4,1.6
2025-08-07,2025-08-07 13:05:00.900,MO2508-C-7500,1.4,1.4,1.6
2025-08-07,2025-08-07 13:05:04.900,MO2508-C-7500,1.4,1.4,1.6
2025-08-07,2025-08-07 13:05:05.400,MO2508-C-7500,1.4,1.4,1.6
2025-08-07,2025-08-07 13:05:14.900,MO2508-C-7500,1.4,1.4,1.6
2025-08-07,2025-08-07 13:05:15.400,MO2508-C-7500,1.4,1.4,1.6
2025-08-07,2025-08-07 13:05:17.400,MO2508-C-7500,1.4,1.4,1.6
2025-08-07,2025-08-07 13:05:24.900,MO2508-C-7500,1.4,1.4,1.6
2025-08-07,2025-08-07 13:05:25.400,MO2508-C-7500,1.4,1.4,1.6
2025-08-07,2025-08-07 13:05:34.900,MO2508-C-7500,1.4,1.4,1.6
2025-08-07,2025-08-07 13:05:35.400,MO2508-C-7500,1.4,1.4,1.6
2025-08-07,2025-08-07 13:05:44.900,MO2508-C-7500,1.4,1.4,1.6
2025-08-07,2025-08-07 13:05:45.400,MO2508-C-7500,1.4,1.4,1.6
2025-08-07,2025-08-07 13:05:46.900,MO2508-C-7500,1.4,1.4,1.6
2025-08-07,2025-08-07 13:05:54.900,MO2508-C-7500,1.4,1.4,1.6
2025-08-07,2025-08-07 13:05:55.400,MO2508-C-7500,1.4,1.4,1.6
2025-08-07,2025-08-07 13:06:02.400,MO2508-C-7500,1.4,1.4,1.6
2025-08-07,2025-08-07 13:06:04.400,MO2508-C-7500,1.4,1.4,1.6
2025-08-07,2025-08-07 13:06:04.900,MO2508-C-7500,1.4,1.4,1.6
2025-08-07,2025-08-07 13:06:05.400,MO2508-C-7500,1.4,1.4,1.6
2025-08-07,2025-08-07 13:06:11.900,MO2508-C-7500,1.4,1.4,1.6
2025-08-07,2025-08-07 13:06:12.900,MO2508-C-7500,1.4,1.4,1.6
2025-08-07,2025-08-07 13:06:14.900,MO2508-C-7500,1.4,1.4,1.6
2025-08-07,2025-08-07 13:06:15.400,MO2508-C-7500,1.4,1.4,1.6
2025-08-07,2025-08-07 13:06:16.400,MO2508-C-7500,1.6,1.4,1.6
2025-08-07,2025-08-07 13:06:16.900,MO2508-C-7500,1.6,1.4,1.6
2025-08-07,2025-08-07 13:06:21.400,MO2508-C-7500,1.6,1.4,1.6
2025-08-07,2025-08-07 13:06:21.900,MO2508-C-7500,1.6,1.4,1.6
2025-08-07,2025-08-07 13:06:24.900,MO2508-C-7500,1.6,1.4,1.6
2025-08-07,2025-08-07 13:06:25.400,MO2508-C-7500,1.6,1.4,1.6
2025-08-07,2025-08-07 13:06:25.900,MO2508-C-7500,1.6,1.4,1.6
2025-08-07,2025-08-07 13:06:26.400,MO2508-C-7500,1.6,1.4,1.6
2025-08-07,2025-08-07 13:06:29.900,MO2508-C-7500,1.6,1.6,1.8
2025-08-07,2025-08-07 13:06:30.400,MO2508-C-7500,1.8,1.4,1.8
2025-08-07,2025-08-07 13:06:30.900,MO2508-C-7500,1.8,1.6,1.8
2025-08-07,2025-08-07 13:06:31.400,MO2508-C-7500,1.8,1.4,1.8
2025-08-07,2025-08-07 13:06:31.900,MO2508-C-7500,1.8,1.6,1.8
2025-08-07,2025-08-07 13:06:32.400,MO2508-C-7500,1.6,1.4,1.8
2025-08-07,2025-08-07 13:06:32.900,MO2508-C-7500,1.6,1.4,1.8
2025-08-07,2025-08-07 13:06:33.400,MO2508-C-7500,1.6,1.4,1.8
2025-08-07,2025-08-07 13:06:34.900,MO2508-C-7500,1.6,1.4,1.8
2025-08-07,2025-08-07 13:06:35.400,MO2508-C-7500,1.6,1.4,1.8
2025-08-07,2025-08-07 13:06:44.900,MO2508-C-7500,1.6,1.4,1.8
2025-08-07,2025-08-07 13:06:45.400,MO2508-C-7500,1.6,1.4,1.8
2025-08-07,2025-08-07 13:06:48.400,MO2508-C-7500,1.6,1.4,1.8
2025-08-07,2025-08-07 13:06:54.900,MO2508-C-7500,1.6,1.4,1.8
2025-08-07,2025-08-07 13:06:55.400,MO2508-C-7500,1.6,1.4,1.8
2025-08-07,2025-08-07 13:07:00.900,MO2508-C-7500,1.6,1.4,1.6
2025-08-07,2025-08-07 13:07:01.400,MO2508-C-7500,1.6,1.4,1.6
2025-08-07,2025-08-07 13:07:01.900,MO2508-C-7500,1.6,1.4,1.6
2025-08-07,2025-08-07 13:07:04.900,MO2508-C-7500,1.6,1.4,1.6
2025-08-07,2025-08-07 13:07:05.400,MO2508-C-7500,1.6,1.4,1.6
2025-08-07,2025-08-07 13:07:05.900,MO2508-C-7500,1.6,1.4,1.6
2025-08-07,2025-08-07 13:07:06.400,MO2508-C-7500,1.6,1.4,1.8
2025-08-07,2025-08-07 13:07:06.900,MO2508-C-7500,1.6,1.4,1.6
2025-08-07,2025-08-07 13:07:07.400,MO2508-C-7500,1.6,1.4,1.6
2025-08-07,2025-08-07 13:07:09.900,MO2508-C-7500,1.6,1.4,1.8
2025-08-07,2025-08-07 13:07:10.400,MO2508-C-7500,1.6,1.4,1.8
2025-08-07,2025-08-07 13:07:14.900,MO2508-C-7500,1.6,1.4,1.8
2025-08-07,2025-08-07 13:07:15.400,MO2508-C-7500,1.6,1.4,1.8
2025-08-07,2025-08-07 13:07:16.900,MO2508-C-7500,1.6,1.4,1.8
2025-08-07,2025-08-07 13:07:21.400,MO2508-C-7500,1.6,1.4,1.8
2025-08-07,2025-08-07 13:07:24.900,MO2508-C-7500,1.6,1.4,1.8
2025-08-07,2025-08-07 13:07:25.400,MO2508-C-7500,1.6,1.4,1.8
2025-08-07,2025-08-07 13:07:25.900,MO2508-C-7500,1.6,1.4,1.8
2025-08-07,2025-08-07 13:07:29.900,MO2508-C-7500,1.6,1.4,1.8
2025-08-07,2025-08-07 13:07:34.900,MO2508-C-7500,1.6,1.4,1.8
2025-08-07,2025-08-07 13:07:35.400,MO2508-C-7500,1.6,1.4,1.8
2025-08-07,2025-08-07 13:07:40.400,MO2508-C-7500,1.6,1.4,1.8
2025-08-07,2025-08-07 13:07:44.900,MO2508-C-7500,1.6,1.4,1.8
2025-08-07,2025-08-07 13:07:45.400,MO2508-C-7500,1.6,1.4,1.8
2025-08-07,2025-08-07 13:07:46.400,MO2508-C-7500,1.6,1.4,1.8
2025-08-07,2025-08-07 13:07:47.900,MO2508-C-7500,1.6,1.4,1.8
2025-08-07,2025-08-07 13:07:48.400,MO2508-C-7500,1.6,1.4,1.8
2025-08-07,2025-08-07 13:07:54.900,MO2508-C-7500,1.6,1.4,1.8
2025-08-07,2025-08-07 13:07:55.400,MO2508-C-7500,1.6,1.4,1.8
2025-08-07,2025-08-07 13:08:04.900,MO2508-C-7500,1.6,1.4,1.8
2025-08-07,2025-08-07 13:08:05.400,MO2508-C-7500,1.6,1.4,1.8
2025-08-07,2025-08-07 13:08:14.900,MO2508-C-7500,1.6,1.4,1.8
2025-08-07,2025-08-07 13:08:15.400,MO2508-C-7500,1.6,1.4,1.8
2025-08-07,2025-08-07 13:08:20.400,MO2508-C-7500,1.6,1.4,1.8
2025-08-07,2025-08-07 13:08:20.900,MO2508-C-7500,1.6,1.4,1.8
2025-08-07,2025-08-07 13:08:21.400,MO2508-C-7500,1.6,1.4,1.8
2025-08-07,2025-08-07 13:08:22.400,MO2508-C-7500,1.6,1.4,1.8
2025-08-07,2025-08-07 13:08:22.900,MO2508-C-7500,1.6,1.4,1.8
2025-08-07,2025-08-07 13:08:24.900,MO2508-C-7500,1.6,1.4,1.8
2025-08-07,2025-08-07 13:08:27.400,MO2508-C-7500,1.6,1.4,1.8
2025-08-07,2025-08-07 13:08:28.400,MO2508-C-7500,1.6,1.4,1.8
2025-08-07,2025-08-07 13:08:28.900,MO2508-C-7500,1.6,1.4,1.8
2025-08-07,2025-08-07 13:08:34.900,MO2508-C-7500,1.6,1.4,1.8
2025-08-07,2025-08-07 13:08:35.400,MO2508-C-7500,1.6,1.4,1.8
2025-08-07,2025-08-07 13:08:40.900,MO2508-C-7500,1.6,1.4,1.6
2025-08-07,2025-08-07 13:08:41.400,MO2508-C-7500,1.6,1.4,1.6
2025-08-07,2025-08-07 13:08:41.900,MO2508-C-7500,1.6,1.4,1.6
2025-08-07,2025-08-07 13:08:42.400,MO2508-C-7500,1.6,1.4,1.6
2025-08-07,2025-08-07 13:08:42.900,MO2508-C-7500,1.6,1.4,1.6
2025-08-07,2025-08-07 13:08:43.900,MO2508-C-7500,1.6,1.4,1.6
2025-08-07,2025-08-07 13:08:44.900,MO2508-C-7500,1.6,1.4,1.6
2025-08-07,2025-08-07 13:08:45.400,MO2508-C-7500,1.6,1.4,1.6
2025-08-07,2025-08-07 13:08:45.900,MO2508-C-7500,1.6,1.4,1.6
2025-08-07,2025-08-07 13:08:46.400,MO2508-C-7500,1.6,1.4,1.6
2025-08-07,2025-08-07 13:08:46.900,MO2508-C-7500,1.6,1.4,1.6
2025-08-07,2025-08-07 13:08:47.900,MO2508-C-7500,1.6,1.4,1.6
2025-08-07,2025-08-07 13:08:48.900,MO2508-C-7500,1.6,1.4,1.8
2025-08-07,2025-08-07 13:08:49.400,MO2508-C-7500,1.6,1.4,1.8
2025-08-07,2025-08-07 13:08:50.900,MO2508-C-7500,1.6,1.4,1.8
2025-08-07,2025-08-07 13:08:54.900,MO2508-C-7500,1.6,1.4,1.8
2025-08-07,2025-08-07 13:08:55.400,MO2508-C-7500,1.6,1.4,1.8
2025-08-07,2025-08-07 13:08:59.400,MO2508-C-7500,1.6,1.4,1.8
2025-08-07,2025-08-07 13:08:59.900,MO2508-C-7500,1.6,1.4,1.8
2025-08-07,2025-08-07 13:09:02.400,MO2508-C-7500,1.6,1.4,1.8
2025-08-07,2025-08-07 13:09:04.900,MO2508-C-7500,1.6,1.4,1.8
2025-08-07,2025-08-07 13:09:05.400,MO2508-C-7500,1.6,1.4,1.8
2025-08-07,2025-08-07 13:09:05.900,MO2508-C-7500,1.6,1.4,1.8
2025-08-07,2025-08-07 13:09:08.400,MO2508-C-7500,1.6,1.4,1.8
2025-08-07,2025-08-07 13:09:12.400,MO2508-C-7500,1.6,1.4,1.8
2025-08-07,2025-08-07 13:09:14.900,MO2508-C-7500,1.6,1.4,1.8
2025-08-07,2025-08-07 13:09:15.400,MO2508-C-7500,1.6,1.4,1.8
2025-08-07,2025-08-07 13:09:16.400,MO2508-C-7500,1.6,1.4,1.8
2025-08-07,2025-08-07 13:09:17.400,MO2508-C-7500,1.6,1.4,1.8
2025-08-07,2025-08-07 13:09:21.400,MO2508-C-7500,1.6,1.4,1.8
2025-08-07,2025-08-07 13:09:23.900,MO2508-C-7500,1.6,1.4,1.8
2025-08-07,2025-08-07 13:09:24.900,MO2508-C-7500,1.6,1.4,1.8
2025-08-07,2025-08-07 13:09:25.400,MO2508-C-7500,1.6,1.4,1.8
2025-08-07,2025-08-07 13:09:26.400,MO2508-C-7500,1.6,1.4,1.8
2025-08-07,2025-08-07 13:09:29.900,MO2508-C-7500,1.6,1.4,1.8
2025-08-07,2025-08-07 13:09:30.900,MO2508-C-7500,1.6,1.4,1.8
2025-08-07,2025-08-07 13:09:34.900,MO2508-C-7500,1.6,1.4,1.8
2025-08-07,2025-08-07 13:09:35.400,MO2508-C-7500,1.6,1.4,1.8
2025-08-07,2025-08-07 13:09:38.400,MO2508-C-7500,1.6,1.4,1.8
2025-08-07,2025-08-07 13:09:39.400,MO2508-C-7500,1.6,1.4,1.8
2025-08-07,2025-08-07 13:09:39.900,MO2508-C-7500,1.6,1.4,1.8
2025-08-07,2025-08-07 13:09:40.400,MO2508-C-7500,1.6,1.4,1.8
2025-08-07,2025-08-07 13:09:44.900,MO2508-C-7500,1.6,1.4,1.8
2025-08-07,2025-08-07 13:09:45.400,MO2508-C-7500,1.6,1.4,1.8
2025-08-07,2025-08-07 13:09:49.900,MO2508-C-7500,1.6,1.4,1.8
2025-08-07,2025-08-07 13:09:51.900,MO2508-C-7500,1.6,1.4,1.8
2025-08-07,2025-08-07 13:09:52.400,MO2508-C-7500,1.6,1.4,1.8
2025-08-07,2025-08-07 13:09:54.900,MO2508-C-7500,1.6,1.4,1.8
2025-08-07,2025-08-07 13:09:55.400,MO2508-C-7500,1.6,1.4,1.8
2025-08-07,2025-08-07 13:09:59.900,MO2508-C-7500,1.6,1.4,1.8
2025-08-07,2025-08-07 13:10:04.900,MO2508-C-7500,1.6,1.4,1.8
2025-08-07,2025-08-07 13:10:05.400,MO2508-C-7500,1.6,1.4,1.8
2025-08-07,2025-08-07 13:10:14.900,MO2508-C-7500,1.6,1.4,1.8
2025-08-07,2025-08-07 13:10:15.400,MO2508-C-7500,1.6,1.4,1.8
2025-08-07,2025-08-07 13:10:16.900,MO2508-C-7500,1.6,1.4,1.8
2025-08-07,2025-08-07 13:10:17.400,MO2508-C-7500,1.6,1.4,1.8
2025-08-07,2025-08-07 13:10:24.900,MO2508-C-7500,1.6,1.4,1.8
2025-08-07,2025-08-07 13:10:25.400,MO2508-C-7500,1.6,1.4,1.8
2025-08-07,2025-08-07 13:10:34.900,MO2508-C-7500,1.6,1.4,1.8
2025-08-07,2025-08-07 13:10:35.400,MO2508-C-7500,1.6,1.4,1.8
2025-08-07,2025-08-07 13:10:35.900,MO2508-C-7500,1.6,1.4,1.8
2025-08-07,2025-08-07 13:10:40.400,MO2508-C-7500,1.6,1.4,1.8
2025-08-07,2025-08-07 13:10:40.900,MO2508-C-7500,1.6,1.4,1.8
2025-08-07,2025-08-07 13:10:41.400,MO2508-C-7500,1.6,1.4,1.8
2025-08-07,2025-08-07 13:10:41.900,MO2508-C-7500,1.6,1.4,1.8
2025-08-07,2025-08-07 13:10:44.900,MO2508-C-7500,1.6,1.4,1.8
2025-08-07,2025-08-07 13:10:45.400,MO2508-C-7500,1.6,1.4,1.8
2025-08-07,2025-08-07 13:10:45.900,MO2508-C-7500,1.6,1.4,1.8
2025-08-07,2025-08-07 13:10:52.400,MO2508-C-7500,1.6,1.4,1.8
2025-08-07,2025-08-07 13:10:53.900,MO2508-C-7500,1.6,1.4,1.8
2025-08-07,2025-08-07 13:10:54.900,MO2508-C-7500,1.6,1.4,1.8
2025-08-07,2025-08-07 13:10:55.400,MO2508-C-7500,1.6,1.4,1.8
2025-08-07,2025-08-07 13:10:57.400,MO2508-C-7500,1.6,1.4,1.8
2025-08-07,2025-08-07 13:10:58.400,MO2508-C-7500,1.6,1.4,1.8
2025-08-07,2025-08-07 13:11:04.900,MO2508-C-7500,1.6,1.4,1.8
2025-08-07,2025-08-07 13:11:05.400,MO2508-C-7500,1.6,1.4,1.8
2025-08-07,2025-08-07 13:11:13.400,MO2508-C-7500,1.6,1.4,1.8
2025-08-07,2025-08-07 13:11:14.900,MO2508-C-7500,1.6,1.4,1.8
2025-08-07,2025-08-07 13:11:15.400,MO2508-C-7500,1.6,1.4,1.8
2025-08-07,2025-08-07 13:11:24.900,MO2508-C-7500,1.6,1.4,1.8
2025-08-07,2025-08-07 13:11:25.400,MO2508-C-7500,1.6,1.4,1.8
2025-08-07,2025-08-07 13:11:25.900,MO2508-C-7500,1.6,1.4,1.8
2025-08-07,2025-08-07 13:11:26.900,MO2508-C-7500,1.6,1.4,1.8
2025-08-07,2025-08-07 13:11:27.400,MO2508-C-7500,1.6,1.4,1.8
2025-08-07,2025-08-07 13:11:28.900,MO2508-C-7500,1.6,1.4,1.8
2025-08-07,2025-08-07 13:11:29.900,MO2508-C-7500,1.6,1.4,1.8
2025-08-07,2025-08-07 13:11:34.400,MO2508-C-7500,1.6,1.4,1.8
2025-08-07,2025-08-07 13:11:34.900,MO2508-C-7500,1.6,1.4,1.8
2025-08-07,2025-08-07 13:11:35.400,MO2508-C-7500,1.6,1.4,1.8
2025-08-07,2025-08-07 13:11:44.900,MO2508-C-7500,1.6,1.4,1.8
2025-08-07,2025-08-07 13:11:45.400,MO2508-C-7500,1.6,1.4,1.8
2025-08-07,2025-08-07 13:11:54.900,MO2508-C-7500,1.6,1.4,1.8
2025-08-07,2025-08-07 13:11:55.400,MO2508-C-7500,1.6,1.4,1.8
2025-08-07,2025-08-07 13:11:58.900,MO2508-C-7500,1.6,1.4,1.8
2025-08-07,2025-08-07 13:11:59.900,MO2508-C-7500,1.6,1.4,1.8
2025-08-07,2025-08-07 13:12:04.900,MO2508-C-7500,1.6,1.4,1.8
2025-08-07,2025-08-07 13:12:05.400,MO2508-C-7500,1.6,1.4,1.8
2025-08-07,2025-08-07 13:12:09.400,MO2508-C-7500,1.6,1.4,1.8
2025-08-07,2025-08-07 13:12:12.900,MO2508-C-7500,1.6,1.4,1.8
2025-08-07,2025-08-07 13:12:13.400,MO2508-C-7500,1.6,1.4,1.8
2025-08-07,2025-08-07 13:12:14.900,MO2508-C-7500,1.6,1.4,1.8
2025-08-07,2025-08-07 13:12:15.400,MO2508-C-7500,1.6,1.4,1.8
2025-08-07,2025-08-07 13:12:21.400,MO2508-C-7500,1.6,1.4,1.8
2025-08-07,2025-08-07 13:12:21.900,MO2508-C-7500,1.6,1.4,1.8
2025-08-07,2025-08-07 13:12:22.900,MO2508-C-7500,1.6,1.4,1.8
2025-08-07,2025-08-07 13:12:23.900,MO2508-C-7500,1.6,1.4,1.8
2025-08-07,2025-08-07 13:12:24.400,MO2508-C-7500,1.6,1.4,1.8
2025-08-07,2025-08-07 13:12:24.900,MO2508-C-7500,1.6,1.4,1.8
2025-08-07,2025-08-07 13:12:25.400,MO2508-C-7500,1.6,1.4,1.8
2025-08-07,2025-08-07 13:12:25.900,MO2508-C-7500,1.6,1.4,1.8
2025-08-07,2025-08-07 13:12:29.900,MO2508-C-7500,1.6,1.4,1.8
2025-08-07,2025-08-07 13:12:30.400,MO2508-C-7500,1.6,1.4,1.8
2025-08-07,2025-08-07 13:12:31.900,MO2508-C-7500,1.6,1.4,1.8
2025-08-07,2025-08-07 13:12:34.900,MO2508-C-7500,1.6,1.4,1.8
2025-08-07,2025-08-07 13:12:35.400,MO2508-C-7500,1.6,1.4,1.8
2025-08-07,2025-08-07 13:12:36.400,MO2508-C-7500,1.6,1.4,1.8
2025-08-07,2025-08-07 13:12:40.400,MO2508-C-7500,1.6,1.4,1.8
2025-08-07,2025-08-07 13:12:40.900,MO2508-C-7500,1.6,1.4,1.8
2025-08-07,2025-08-07 13:12:41.400,MO2508-C-7500,1.6,1.4,1.8
2025-08-07,2025-08-07 13:12:41.900,MO2508-C-7500,1.6,1.4,1.8
2025-08-07,2025-08-07 13:12:42.400,MO2508-C-7500,1.6,1.4,1.8
2025-08-07,2025-08-07 13:12:44.900,MO2508-C-7500,1.6,1.4,1.8
2025-08-07,2025-08-07 13:12:45.400,MO2508-C-7500,1.6,1.4,1.8
2025-08-07,2025-08-07 13:12:54.900,MO2508-C-7500,1.6,1.4,1.8
2025-08-07,2025-08-07 13:12:55.400,MO2508-C-7500,1.6,1.4,1.8
2025-08-07,2025-08-07 13:12:59.900,MO2508-C-7500,1.6,1.4,1.8
2025-08-07,2025-08-07 13:13:04.400,MO2508-C-7500,1.6,1.4,1.6
2025-08-07,2025-08-07 13:13:04.900,MO2508-C-7500,1.6,1.4,1.6
2025-08-07,2025-08-07 13:13:05.400,MO2508-C-7500,1.6,1.4,1.6
2025-08-07,2025-08-07 13:13:05.900,MO2508-C-7500,1.6,1.4,1.6
2025-08-07,2025-08-07 13:13:06.400,MO2508-C-7500,1.6,1.4,1.6
2025-08-07,2025-08-07 13:13:12.900,MO2508-C-7500,1.6,1.4,1.6
2025-08-07,2025-08-07 13:13:14.900,MO2508-C-7500,1.6,1.4,1.6
2025-08-07,2025-08-07 13:13:15.400,MO2508-C-7500,1.6,1.4,1.6
2025-08-07,2025-08-07 13:13:15.900,MO2508-C-7500,1.6,1.4,1.6
2025-08-07,2025-08-07 13:13:16.900,MO2508-C-7500,1.6,1.4,1.6
2025-08-07,2025-08-07 13:13:22.400,MO2508-C-7500,1.6,1.4,1.6
2025-08-07,2025-08-07 13:13:24.900,MO2508-C-7500,1.6,1.4,1.6
2025-08-07,2025-08-07 13:13:25.400,MO2508-C-7500,1.6,1.4,1.6
2025-08-07,2025-08-07 13:13:34.900,MO2508-C-7500,1.6,1.4,1.6
2025-08-07,2025-08-07 13:13:35.400,MO2508-C-7500,1.6,1.4,1.6
2025-08-07,2025-08-07 13:13:44.900,MO2508-C-7500,1.6,1.4,1.6
2025-08-07,2025-08-07 13:13:45.400,MO2508-C-7500,1.6,1.4,1.6
2025-08-07,2025-08-07 13:13:48.900,MO2508-C-7500,1.6,1.4,1.6
2025-08-07,2025-08-07 13:13:52.900,MO2508-C-7500,1.6,1.4,1.6
2025-08-07,2025-08-07 13:13:54.900,MO2508-C-7500,1.6,1.4,1.6
2025-08-07,2025-08-07 13:13:55.400,MO2508-C-7500,1.6,1.4,1.6
2025-08-07,2025-08-07 13:13:56.900,MO2508-C-7500,1.6,1.4,1.6
2025-08-07,2025-08-07 13:13:58.400,MO2508-C-7500,1.6,1.4,1.6
2025-08-07,2025-08-07 13:14:03.400,MO2508-C-7500,1.6,1.4,1.6
2025-08-07,2025-08-07 13:14:04.900,MO2508-C-7500,1.6,1.4,1.6
2025-08-07,2025-08-07 13:14:05.400,MO2508-C-7500,1.6,1.4,1.6
2025-08-07,2025-08-07 13:14:14.900,MO2508-C-7500,1.6,1.4,1.6
2025-08-07,2025-08-07 13:14:15.400,MO2508-C-7500,1.6,1.4,1.6
2025-08-07,2025-08-07 13:14:24.900,MO2508-C-7500,1.6,1.4,1.6
2025-08-07,2025-08-07 13:14:25.400,MO2508-C-7500,1.6,1.4,1.6
2025-08-07,2025-08-07 13:14:28.900,MO2508-C-7500,1.6,1.4,1.6
2025-08-07,2025-08-07 13:14:31.900,MO2508-C-7500,1.6,1.4,1.6
2025-08-07,2025-08-07 13:14:32.900,MO2508-C-7500,1.6,1.4,1.6
2025-08-07,2025-08-07 13:14:33.900,MO2508-C-7500,1.6,1.4,1.6
2025-08-07,2025-08-07 13:14:34.900,MO2508-C-7500,1.6,1.4,1.6
2025-08-07,2025-08-07 13:14:35.400,MO2508-C-7500,1.6,1.4,1.6
2025-08-07,2025-08-07 13:14:44.900,MO2508-C-7500,1.6,1.4,1.6
2025-08-07,2025-08-07 13:14:45.400,MO2508-C-7500,1.6,1.4,1.6
2025-08-07,2025-08-07 13:14:53.900,MO2508-C-7500,1.6,1.4,1.6
2025-08-07,2025-08-07 13:14:54.900,MO2508-C-7500,1.6,1.4,1.6
2025-08-07,2025-08-07 13:14:55.400,MO2508-C-7500,1.6,1.4,1.6
2025-08-07,2025-08-07 13:15:04.900,MO2508-C-7500,1.6,1.4,1.6
2025-08-07,2025-08-07 13:15:05.400,MO2508-C-7500,1.6,1.4,1.6
2025-08-07,2025-08-07 13:15:14.900,MO2508-C-7500,1.6,1.4,1.6
2025-08-07,2025-08-07 13:15:15.400,MO2508-C-7500,1.6,1.4,1.6
2025-08-07,2025-08-07 13:15:18.900,MO2508-C-7500,1.6,1.4,1.6
2025-08-07,2025-08-07 13:15:24.900,MO2508-C-7500,1.6,1.4,1.6
2025-08-07,2025-08-07 13:15:25.400,MO2508-C-7500,1.6,1.4,1.6
2025-08-07,2025-08-07 13:15:34.900,MO2508-C-7500,1.6,1.4,1.6
2025-08-07,2025-08-07 13:15:35.400,MO2508-C-7500,1.6,1.4,1.6
2025-08-07,2025-08-07 13:15:44.900,MO2508-C-7500,1.6,1.4,1.6
2025-08-07,2025-08-07 13:15:45.400,MO2508-C-7500,1.6,1.4,1.6
2025-08-07,2025-08-07 13:15:47.900,MO2508-C-7500,1.6,1.4,1.6
2025-08-07,2025-08-07 13:15:50.900,MO2508-C-7500,1.6,1.4,1.6
2025-08-07,2025-08-07 13:15:51.900,MO2508-C-7500,1.6,1.4,1.6
2025-08-07,2025-08-07 13:15:52.900,MO2508-C-7500,1.6,1.4,1.8
2025-08-07,2025-08-07 13:15:53.400,MO2508-C-7500,1.6,1.4,1.8
2025-08-07,2025-08-07 13:15:54.900,MO2508-C-7500,1.6,1.4,1.8
2025-08-07,2025-08-07 13:15:55.400,MO2508-C-7500,1.6,1.4,1.6
2025-08-07,2025-08-07 13:15:55.900,MO2508-C-7500,1.6,1.4,1.6
2025-08-07,2025-08-07 13:16:00.400,MO2508-C-7500,1.6,1.4,1.8
2025-08-07,2025-08-07 13:16:00.900,MO2508-C-7500,1.6,1.4,1.8
2025-08-07,2025-08-07 13:16:01.900,MO2508-C-7500,1.6,1.4,1.6
2025-08-07,2025-08-07 13:16:02.400,MO2508-C-7500,1.6,1.4,1.6
2025-08-07,2025-08-07 13:16:03.900,MO2508-C-7500,1.6,1.4,1.6
2025-08-07,2025-08-07 13:16:04.900,MO2508-C-7500,1.6,1.4,1.6
2025-08-07,2025-08-07 13:16:05.400,MO2508-C-7500,1.6,1.4,1.6
2025-08-07,2025-08-07 13:16:09.400,MO2508-C-7500,1.6,1.4,1.6
2025-08-07,2025-08-07 13:16:11.900,MO2508-C-7500,1.6,1.4,1.6
2025-08-07,2025-08-07 13:16:14.400,MO2508-C-7500,1.6,1.4,1.6
2025-08-07,2025-08-07 13:16:14.900,MO2508-C-7500,1.6,1.4,1.6
2025-08-07,2025-08-07 13:16:15.400,MO2508-C-7500,1.6,1.4,1.6
2025-08-07,2025-08-07 13:16:16.400,MO2508-C-7500,1.6,1.4,1.6
2025-08-07,2025-08-07 13:16:17.900,MO2508-C-7500,1.6,1.4,1.6
2025-08-07,2025-08-07 13:16:20.900,MO2508-C-7500,1.6,1.4,1.6
2025-08-07,2025-08-07 13:16:22.400,MO2508-C-7500,1.6,1.4,1.6
2025-08-07,2025-08-07 13:16:24.900,MO2508-C-7500,1.6,1.4,1.6
2025-08-07,2025-08-07 13:16:25.400,MO2508-C-7500,1.6,1.4,1.6
2025-08-07,2025-08-07 13:16:27.400,MO2508-C-7500,1.6,1.4,1.6
2025-08-07,2025-08-07 13:16:34.900,MO2508-C-7500,1.6,1.4,1.6
2025-08-07,2025-08-07 13:16:35.400,MO2508-C-7500,1.6,1.4,1.6
2025-08-07,2025-08-07 13:16:42.400,MO2508-C-7500,1.6,1.4,1.6
2025-08-07,2025-08-07 13:16:42.900,MO2508-C-7500,1.6,1.6,1.8
2025-08-07,2025-08-07 13:16:43.400,MO2508-C-7500,1.6,1.6,1.8
2025-08-07,2025-08-07 13:16:43.900,MO2508-C-7500,1.6,1.6,1.8
2025-08-07,2025-08-07 13:16:44.400,MO2508-C-7500,1.6,1.6,1.8
2025-08-07,2025-08-07 13:16:44.900,MO2508-C-7500,1.6,1.6,1.8
2025-08-07,2025-08-07 13:16:45.400,MO2508-C-7500,1.6,1.6,1.8
2025-08-07,2025-08-07 13:16:46.900,MO2508-C-7500,1.6,1.6,1.8
2025-08-07,2025-08-07 13:16:47.400,MO2508-C-7500,1.6,1.6,1.8
2025-08-07,2025-08-07 13:16:47.900,MO2508-C-7500,1.6,1.6,1.8
2025-08-07,2025-08-07 13:16:48.400,MO2508-C-7500,1.6,1.6,1.8
2025-08-07,2025-08-07 13:16:50.900,MO2508-C-7500,1.6,1.6,1.8
2025-08-07,2025-08-07 13:16:51.900,MO2508-C-7500,1.6,1.6,1.8
2025-08-07,2025-08-07 13:16:52.400,MO2508-C-7500,1.6,1.6,1.8
2025-08-07,2025-08-07 13:16:52.900,MO2508-C-7500,1.6,1.6,1.8
2025-08-07,2025-08-07 13:16:53.400,MO2508-C-7500,1.6,1.6,1.8
2025-08-07,2025-08-07 13:16:54.900,MO2508-C-7500,1.6,1.6,1.8
2025-08-07,2025-08-07 13:16:55.400,MO2508-C-7500,1.6,1.6,1.8
2025-08-07,2025-08-07 13:16:56.400,MO2508-C-7500,1.6,1.6,1.8
2025-08-07,2025-08-07 13:17:00.900,MO2508-C-7500,1.6,1.6,1.8
2025-08-07,2025-08-07 13:17:01.400,MO2508-C-7500,1.6,1.6,1.8
2025-08-07,2025-08-07 13:17:01.900,MO2508-C-7500,1.6,1.6,1.8
2025-08-07,2025-08-07 13:17:02.900,MO2508-C-7500,1.6,1.6,1.8
2025-08-07,2025-08-07 13:17:03.400,MO2508-C-7500,1.6,1.6,1.8
2025-08-07,2025-08-07 13:17:03.900,MO2508-C-7500,1.6,1.6,1.8
2025-08-07,2025-08-07 13:17:04.900,MO2508-C-7500,1.6,1.6,1.8
2025-08-07,2025-08-07 13:17:05.400,MO2508-C-7500,1.6,1.6,1.8
2025-08-07,2025-08-07 13:17:05.900,MO2508-C-7500,1.6,1.6,1.8
2025-08-07,2025-08-07 13:17:06.400,MO2508-C-7500,1.6,1.6,1.8
2025-08-07,2025-08-07 13:17:08.900,MO2508-C-7500,1.6,1.6,1.8
2025-08-07,2025-08-07 13:17:14.900,MO2508-C-7500,1.6,1.6,1.8
2025-08-07,2025-08-07 13:17:15.400,MO2508-C-7500,1.6,1.6,1.8
2025-08-07,2025-08-07 13:17:15.900,MO2508-C-7500,1.6,1.6,1.8
2025-08-07,2025-08-07 13:17:24.900,MO2508-C-7500,1.6,1.6,1.8
2025-08-07,2025-08-07 13:17:25.400,MO2508-C-7500,1.6,1.6,1.8
2025-08-07,2025-08-07 13:17:26.400,MO2508-C-7500,1.6,1.6,1.8
2025-08-07,2025-08-07 13:17:34.900,MO2508-C-7500,1.6,1.6,1.8
2025-08-07,2025-08-07 13:17:35.400,MO2508-C-7500,1.6,1.6,1.8
2025-08-07,2025-08-07 13:17:44.900,MO2508-C-7500,1.6,1.6,1.8
2025-08-07,2025-08-07 13:17:45.400,MO2508-C-7500,1.6,1.6,1.8
2025-08-07,2025-08-07 13:17:54.900,MO2508-C-7500,1.6,1.6,1.8
2025-08-07,2025-08-07 13:17:55.400,MO2508-C-7500,1.6,1.6,1.8
2025-08-07,2025-08-07 13:17:58.400,MO2508-C-7500,1.6,1.6,1.8
2025-08-07,2025-08-07 13:18:02.900,MO2508-C-7500,1.6,1.6,1.8
2025-08-07,2025-08-07 13:18:03.900,MO2508-C-7500,1.6,1.6,1.8
2025-08-07,2025-08-07 13:18:04.400,MO2508-C-7500,1.6,1.6,1.8
2025-08-07,2025-08-07 13:18:04.900,MO2508-C-7500,1.6,1.6,1.8
2025-08-07,2025-08-07 13:18:05.400,MO2508-C-7500,1.6,1.6,1.8
2025-08-07,2025-08-07 13:18:06.400,MO2508-C-7500,1.6,1.6,1.8
2025-08-07,2025-08-07 13:18:14.900,MO2508-C-7500,1.6,1.6,1.8
2025-08-07,2025-08-07 13:18:15.400,MO2508-C-7500,1.6,1.6,1.8
2025-08-07,2025-08-07 13:18:24.900,MO2508-C-7500,1.6,1.6,1.8
2025-08-07,2025-08-07 13:18:25.400,MO2508-C-7500,1.6,1.6,1.8
2025-08-07,2025-08-07 13:18:31.900,MO2508-C-7500,1.6,1.6,1.8
2025-08-07,2025-08-07 13:18:34.900,MO2508-C-7500,1.6,1.6,1.8
2025-08-07,2025-08-07 13:18:35.400,MO2508-C-7500,1.6,1.6,1.8
2025-08-07,2025-08-07 13:18:38.900,MO2508-C-7500,1.6,1.6,1.8
2025-08-07,2025-08-07 13:18:40.400,MO2508-C-7500,1.6,1.6,1.8
2025-08-07,2025-08-07 13:18:44.900,MO2508-C-7500,1.6,1.6,1.8
2025-08-07,2025-08-07 13:18:45.400,MO2508-C-7500,1.6,1.6,1.8
2025-08-07,2025-08-07 13:18:47.900,MO2508-C-7500,1.6,1.6,1.8
2025-08-07,2025-08-07 13:18:49.900,MO2508-C-7500,1.6,1.6,1.8
2025-08-07,2025-08-07 13:18:50.900,MO2508-C-7500,1.6,1.6,1.8
2025-08-07,2025-08-07 13:18:51.900,MO2508-C-7500,1.6,1.6,1.8
2025-08-07,2025-08-07 13:18:54.900,MO2508-C-7500,1.6,1.6,1.8
2025-08-07,2025-08-07 13:18:55.400,MO2508-C-7500,1.6,1.6,1.8
2025-08-07,2025-08-07 13:19:02.400,MO2508-C-7500,1.6,1.6,1.8
2025-08-07,2025-08-07 13:19:02.900,MO2508-C-7500,1.6,1.6,1.8
2025-08-07,2025-08-07 13:19:04.900,MO2508-C-7500,1.6,1.6,1.8
2025-08-07,2025-08-07 13:19:05.400,MO2508-C-7500,1.6,1.6,1.8
2025-08-07,2025-08-07 13:19:14.900,MO2508-C-7500,1.6,1.6,1.8
2025-08-07,2025-08-07 13:19:15.400,MO2508-C-7500,1.6,1.6,1.8
2025-08-07,2025-08-07 13:19:24.900,MO2508-C-7500,1.6,1.6,1.8
2025-08-07,2025-08-07 13:19:25.400,MO2508-C-7500,1.6,1.6,1.8
2025-08-07,2025-08-07 13:19:26.400,MO2508-C-7500,1.6,1.6,1.8
2025-08-07,2025-08-07 13:19:34.900,MO2508-C-7500,1.6,1.6,1.8
2025-08-07,2025-08-07 13:19:35.400,MO2508-C-7500,1.6,1.6,1.8
2025-08-07,2025-08-07 13:19:36.400,MO2508-C-7500,1.6,1.6,1.8
2025-08-07,2025-08-07 13:19:37.400,MO2508-C-7500,1.6,1.6,1.8
2025-08-07,2025-08-07 13:19:37.900,MO2508-C-7500,1.6,1.6,1.8
2025-08-07,2025-08-07 13:19:38.900,MO2508-C-7500,1.6,1.6,1.8
2025-08-07,2025-08-07 13:19:39.400,MO2508-C-7500,1.6,1.6,1.8
2025-08-07,2025-08-07 13:19:39.900,MO2508-C-7500,1.6,1.6,1.8
2025-08-07,2025-08-07 13:19:43.900,MO2508-C-7500,1.6,1.6,1.8
2025-08-07,2025-08-07 13:19:44.400,MO2508-C-7500,1.6,1.6,1.8
2025-08-07,2025-08-07 13:19:44.900,MO2508-C-7500,1.6,1.6,1.8
2025-08-07,2025-08-07 13:19:45.400,MO2508-C-7500,1.6,1.6,1.8
2025-08-07,2025-08-07 13:19:47.900,MO2508-C-7500,1.6,1.6,1.8
2025-08-07,2025-08-07 13:19:48.900,MO2508-C-7500,1.6,1.6,1.8
2025-08-07,2025-08-07 13:19:49.900,MO2508-C-7500,1.6,1.6,1.8
2025-08-07,2025-08-07 13:19:50.400,MO2508-C-7500,1.6,1.6,1.8
2025-08-07,2025-08-07 13:19:54.400,MO2508-C-7500,1.6,1.6,1.8
2025-08-07,2025-08-07 13:19:54.900,MO2508-C-7500,1.6,1.6,1.8
2025-08-07,2025-08-07 13:19:55.400,MO2508-C-7500,1.6,1.6,1.8
2025-08-07,2025-08-07 13:20:00.900,MO2508-C-7500,1.6,1.6,1.8
2025-08-07,2025-08-07 13:20:01.900,MO2508-C-7500,1.6,1.6,1.8
2025-08-07,2025-08-07 13:20:04.900,MO2508-C-7500,1.6,1.6,1.8
2025-08-07,2025-08-07 13:20:05.400,MO2508-C-7500,1.6,1.6,1.8
2025-08-07,2025-08-07 13:20:05.900,MO2508-C-7500,1.6,1.6,1.8
2025-08-07,2025-08-07 13:20:06.400,MO2508-C-7500,1.6,1.6,1.8
2025-08-07,2025-08-07 13:20:11.900,MO2508-C-7500,1.6,1.6,1.8
2025-08-07,2025-08-07 13:20:12.900,MO2508-C-7500,1.6,1.6,1.8
2025-08-07,2025-08-07 13:20:14.900,MO2508-C-7500,1.6,1.6,1.8
2025-08-07,2025-08-07 13:20:15.400,MO2508-C-7500,1.6,1.6,1.8
2025-08-07,2025-08-07 13:20:16.900,MO2508-C-7500,1.6,1.6,1.8
2025-08-07,2025-08-07 13:20:20.900,MO2508-C-7500,1.6,1.6,1.8
2025-08-07,2025-08-07 13:20:24.900,MO2508-C-7500,1.6,1.6,1.8
2025-08-07,2025-08-07 13:20:25.400,MO2508-C-7500,1.6,1.6,1.8
2025-08-07,2025-08-07 13:20:32.400,MO2508-C-7500,1.6,1.6,1.8
2025-08-07,2025-08-07 13:20:33.900,MO2508-C-7500,1.6,1.6,1.8
2025-08-07,2025-08-07 13:20:34.900,MO2508-C-7500,1.6,1.6,1.8
2025-08-07,2025-08-07 13:20:35.400,MO2508-C-7500,1.6,1.6,1.8
2025-08-07,2025-08-07 13:20:36.400,MO2508-C-7500,1.6,1.6,1.8
2025-08-07,2025-08-07 13:20:44.900,MO2508-C-7500,1.6,1.6,1.8
2025-08-07,2025-08-07 13:20:45.400,MO2508-C-7500,1.6,1.6,1.8
2025-08-07,2025-08-07 13:20:48.400,MO2508-C-7500,1.6,1.6,1.8
2025-08-07,2025-08-07 13:20:54.900,MO2508-C-7500,1.6,1.6,1.8
2025-08-07,2025-08-07 13:20:55.400,MO2508-C-7500,1.6,1.6,1.8
2025-08-07,2025-08-07 13:20:58.400,MO2508-C-7500,1.6,1.6,1.8
2025-08-07,2025-08-07 13:21:04.900,MO2508-C-7500,1.6,1.6,1.8
2025-08-07,2025-08-07 13:21:05.400,MO2508-C-7500,1.6,1.6,1.8
2025-08-07,2025-08-07 13:21:05.900,MO2508-C-7500,1.6,1.6,1.8
2025-08-07,2025-08-07 13:21:06.400,MO2508-C-7500,1.6,1.6,1.8
2025-08-07,2025-08-07 13:21:07.400,MO2508-C-7500,1.6,1.6,1.8
2025-08-07,2025-08-07 13:21:14.900,MO2508-C-7500,1.6,1.6,1.8
2025-08-07,2025-08-07 13:21:15.400,MO2508-C-7500,1.6,1.6,1.8
2025-08-07,2025-08-07 13:21:24.900,MO2508-C-7500,1.6,1.6,1.8
2025-08-07,2025-08-07 13:21:25.400,MO2508-C-7500,1.6,1.6,1.8
2025-08-07,2025-08-07 13:21:34.900,MO2508-C-7500,1.6,1.6,1.8
2025-08-07,2025-08-07 13:21:35.400,MO2508-C-7500,1.6,1.6,1.8
2025-08-07,2025-08-07 13:21:44.900,MO2508-C-7500,1.6,1.6,1.8
2025-08-07,2025-08-07 13:21:45.400,MO2508-C-7500,1.6,1.6,1.8
2025-08-07,2025-08-07 13:21:46.900,MO2508-C-7500,1.6,1.6,1.8
2025-08-07,2025-08-07 13:21:54.900,MO2508-C-7500,1.6,1.6,1.8
2025-08-07,2025-08-07 13:21:55.400,MO2508-C-7500,1.6,1.6,1.8
2025-08-07,2025-08-07 13:22:03.900,MO2508-C-7500,1.6,1.6,1.8
2025-08-07,2025-08-07 13:22:04.900,MO2508-C-7500,1.6,1.6,1.8
2025-08-07,2025-08-07 13:22:05.400,MO2508-C-7500,1.6,1.6,1.8
2025-08-07,2025-08-07 13:22:09.900,MO2508-C-7500,1.6,1.6,1.8
2025-08-07,2025-08-07 13:22:12.900,MO2508-C-7500,1.6,1.6,1.8
2025-08-07,2025-08-07 13:22:14.900,MO2508-C-7500,1.6,1.6,1.8
2025-08-07,2025-08-07 13:22:15.400,MO2508-C-7500,1.6,1.6,1.8
2025-08-07,2025-08-07 13:22:24.900,MO2508-C-7500,1.6,1.6,1.8
2025-08-07,2025-08-07 13:22:25.400,MO2508-C-7500,1.6,1.6,1.8
2025-08-07,2025-08-07 13:22:34.400,MO2508-C-7500,1.6,1.6,1.8
2025-08-07,2025-08-07 13:22:34.900,MO2508-C-7500,1.6,1.6,1.8
2025-08-07,2025-08-07 13:22:35.400,MO2508-C-7500,1.6,1.6,1.8
2025-08-07,2025-08-07 13:22:35.900,MO2508-C-7500,1.6,1.6,1.8
2025-08-07,2025-08-07 13:22:38.900,MO2508-C-7500,1.6,1.6,1.8
2025-08-07,2025-08-07 13:22:41.900,MO2508-C-7500,1.6,1.6,1.8
2025-08-07,2025-08-07 13:22:44.900,MO2508-C-7500,1.6,1.6,1.8
2025-08-07,2025-08-07 13:22:45.400,MO2508-C-7500,1.6,1.6,1.8
2025-08-07,2025-08-07 13:22:46.400,MO2508-C-7500,1.6,1.6,1.8
2025-08-07,2025-08-07 13:22:49.400,MO2508-C-7500,1.6,1.6,1.8
2025-08-07,2025-08-07 13:22:54.900,MO2508-C-7500,1.6,1.6,1.8
2025-08-07,2025-08-07 13:22:55.400,MO2508-C-7500,1.6,1.6,1.8
2025-08-07,2025-08-07 13:23:04.900,MO2508-C-7500,1.6,1.6,1.8
2025-08-07,2025-08-07 13:23:05.400,MO2508-C-7500,1.6,1.6,1.8
2025-08-07,2025-08-07 13:23:14.900,MO2508-C-7500,1.6,1.6,1.8
2025-08-07,2025-08-07 13:23:15.400,MO2508-C-7500,1.6,1.6,1.8
2025-08-07,2025-08-07 13:23:24.900,MO2508-C-7500,1.6,1.6,1.8
2025-08-07,2025-08-07 13:23:25.400,MO2508-C-7500,1.6,1.6,1.8
2025-08-07,2025-08-07 13:23:27.900,MO2508-C-7500,1.6,1.6,1.8
2025-08-07,2025-08-07 13:23:34.900,MO2508-C-7500,1.6,1.6,1.8
2025-08-07,2025-08-07 13:23:35.400,MO2508-C-7500,1.6,1.6,1.8
2025-08-07,2025-08-07 13:23:38.400,MO2508-C-7500,1.6,1.6,1.8
2025-08-07,2025-08-07 13:23:44.900,MO2508-C-7500,1.6,1.6,1.8
2025-08-07,2025-08-07 13:23:45.400,MO2508-C-7500,1.6,1.6,1.8
2025-08-07,2025-08-07 13:23:45.900,MO2508-C-7500,1.6,1.6,1.8
2025-08-07,2025-08-07 13:23:46.400,MO2508-C-7500,1.6,1.6,1.8
2025-08-07,2025-08-07 13:23:46.900,MO2508-C-7500,1.6,1.6,1.8
2025-08-07,2025-08-07 13:23:47.900,MO2508-C-7500,1.6,1.6,1.8
2025-08-07,2025-08-07 13:23:48.400,MO2508-C-7500,1.6,1.6,1.8
2025-08-07,2025-08-07 13:23:54.900,MO2508-C-7500,1.6,1.6,1.8
2025-08-07,2025-08-07 13:23:55.400,MO2508-C-7500,1.6,1.6,1.8
2025-08-07,2025-08-07 13:23:55.900,MO2508-C-7500,1.6,1.6,1.8
2025-08-07,2025-08-07 13:23:59.400,MO2508-C-7500,1.6,1.6,1.8
2025-08-07,2025-08-07 13:24:00.400,MO2508-C-7500,1.6,1.6,1.8
2025-08-07,2025-08-07 13:24:00.900,MO2508-C-7500,1.6,1.6,1.8
2025-08-07,2025-08-07 13:24:01.400,MO2508-C-7500,1.6,1.6,1.8
2025-08-07,2025-08-07 13:24:01.900,MO2508-C-7500,1.6,1.6,1.8
2025-08-07,2025-08-07 13:24:04.900,MO2508-C-7500,1.6,1.6,1.8
2025-08-07,2025-08-07 13:24:05.400,MO2508-C-7500,1.6,1.6,1.8
2025-08-07,2025-08-07 13:24:07.400,MO2508-C-7500,1.6,1.6,1.8
2025-08-07,2025-08-07 13:24:09.900,MO2508-C-7500,1.6,1.6,1.8
2025-08-07,2025-08-07 13:24:14.900,MO2508-C-7500,1.6,1.6,1.8
2025-08-07,2025-08-07 13:24:15.400,MO2508-C-7500,1.6,1.6,1.8
2025-08-07,2025-08-07 13:24:24.900,MO2508-C-7500,1.6,1.6,1.8
2025-08-07,2025-08-07 13:24:25.400,MO2508-C-7500,1.6,1.6,1.8
2025-08-07,2025-08-07 13:24:34.900,MO2508-C-7500,1.6,1.6,1.8
2025-08-07,2025-08-07 13:24:35.400,MO2508-C-7500,1.6,1.6,1.8
2025-08-07,2025-08-07 13:24:42.900,MO2508-C-7500,1.6,1.6,1.8
2025-08-07,2025-08-07 13:24:43.900,MO2508-C-7500,1.6,1.6,1.8
2025-08-07,2025-08-07 13:24:44.900,MO2508-C-7500,1.6,1.6,1.8
2025-08-07,2025-08-07 13:24:45.400,MO2508-C-7500,1.6,1.6,1.8
2025-08-07,2025-08-07 13:24:47.900,MO2508-C-7500,1.6,1.6,1.8
2025-08-07,2025-08-07 13:24:49.900,MO2508-C-7500,1.6,1.6,1.8
2025-08-07,2025-08-07 13:24:54.900,MO2508-C-7500,1.6,1.6,1.8
2025-08-07,2025-08-07 13:24:55.400,MO2508-C-7500,1.6,1.6,1.8
2025-08-07,2025-08-07 13:25:00.900,MO2508-C-7500,1.6,1.6,1.8
2025-08-07,2025-08-07 13:25:02.900,MO2508-C-7500,1.6,1.6,1.8
2025-08-07,2025-08-07 13:25:04.900,MO2508-C-7500,1.6,1.6,1.8
2025-08-07,2025-08-07 13:25:05.400,MO2508-C-7500,1.6,1.6,1.8
2025-08-07,2025-08-07 13:25:08.400,MO2508-C-7500,1.6,1.6,1.8
2025-08-07,2025-08-07 13:25:08.900,MO2508-C-7500,1.6,1.6,1.8
2025-08-07,2025-08-07 13:25:10.900,MO2508-C-7500,1.6,1.6,1.8
2025-08-07,2025-08-07 13:25:11.900,MO2508-C-7500,1.6,1.6,1.8
2025-08-07,2025-08-07 13:25:13.900,MO2508-C-7500,1.6,1.6,1.8
2025-08-07,2025-08-07 13:25:14.900,MO2508-C-7500,1.6,1.6,1.8
2025-08-07,2025-08-07 13:25:15.400,MO2508-C-7500,1.6,1.6,1.8
2025-08-07,2025-08-07 13:25:24.900,MO2508-C-7500,1.6,1.6,1.8
2025-08-07,2025-08-07 13:25:25.400,MO2508-C-7500,1.6,1.6,1.8
2025-08-07,2025-08-07 13:25:31.400,MO2508-C-7500,1.6,1.6,1.8
2025-08-07,2025-08-07 13:25:34.900,MO2508-C-7500,1.6,1.6,1.8
2025-08-07,2025-08-07 13:25:35.400,MO2508-C-7500,1.6,1.6,1.8
2025-08-07,2025-08-07 13:25:43.900,MO2508-C-7500,1.6,1.6,1.8
2025-08-07,2025-08-07 13:25:44.900,MO2508-C-7500,1.6,1.6,1.8
2025-08-07,2025-08-07 13:25:45.400,MO2508-C-7500,1.6,1.6,1.8
2025-08-07,2025-08-07 13:25:54.900,MO2508-C-7500,1.6,1.6,1.8
2025-08-07,2025-08-07 13:25:55.400,MO2508-C-7500,1.6,1.6,1.8
2025-08-07,2025-08-07 13:25:55.900,MO2508-C-7500,1.6,1.6,1.8
2025-08-07,2025-08-07 13:25:56.900,MO2508-C-7500,1.6,1.6,1.8
2025-08-07,2025-08-07 13:26:02.900,MO2508-C-7500,1.6,1.6,1.8
2025-08-07,2025-08-07 13:26:04.900,MO2508-C-7500,1.6,1.6,1.8
2025-08-07,2025-08-07 13:26:05.400,MO2508-C-7500,1.6,1.6,1.8
2025-08-07,2025-08-07 13:26:06.400,MO2508-C-7500,1.6,1.6,1.8
2025-08-07,2025-08-07 13:26:08.900,MO2508-C-7500,1.6,1.6,1.8
2025-08-07,2025-08-07 13:26:09.900,MO2508-C-7500,1.6,1.6,1.8
2025-08-07,2025-08-07 13:26:14.900,MO2508-C-7500,1.6,1.6,1.8
2025-08-07,2025-08-07 13:26:15.400,MO2508-C-7500,1.6,1.6,1.8
2025-08-07,2025-08-07 13:26:22.900,MO2508-C-7500,1.6,1.6,1.8
2025-08-07,2025-08-07 13:26:24.400,MO2508-C-7500,1.6,1.6,1.8
2025-08-07,2025-08-07 13:26:24.900,MO2508-C-7500,1.6,1.6,1.8
2025-08-07,2025-08-07 13:26:25.400,MO2508-C-7500,1.6,1.6,1.8
2025-08-07,2025-08-07 13:26:25.900,MO2508-C-7500,1.6,1.6,1.8
2025-08-07,2025-08-07 13:26:34.900,MO2508-C-7500,1.6,1.6,1.8
2025-08-07,2025-08-07 13:26:35.400,MO2508-C-7500,1.6,1.6,1.8
2025-08-07,2025-08-07 13:26:44.900,MO2508-C-7500,1.6,1.6,1.8
2025-08-07,2025-08-07 13:26:45.400,MO2508-C-7500,1.6,1.6,1.8
2025-08-07,2025-08-07 13:26:54.900,MO2508-C-7500,1.6,1.6,1.8
2025-08-07,2025-08-07 13:26:55.400,MO2508-C-7500,1.6,1.6,1.8
2025-08-07,2025-08-07 13:26:58.900,MO2508-C-7500,1.6,1.6,1.8
2025-08-07,2025-08-07 13:26:59.900,MO2508-C-7500,1.6,1.6,1.8
2025-08-07,2025-08-07 13:27:00.900,MO2508-C-7500,1.6,1.6,1.8
2025-08-07,2025-08-07 13:27:03.900,MO2508-C-7500,1.6,1.6,1.8
2025-08-07,2025-08-07 13:27:04.400,MO2508-C-7500,1.6,1.6,1.8
2025-08-07,2025-08-07 13:27:04.900,MO2508-C-7500,1.6,1.6,1.8
2025-08-07,2025-08-07 13:27:05.400,MO2508-C-7500,1.6,1.6,1.8
2025-08-07,2025-08-07 13:27:05.900,MO2508-C-7500,1.6,1.6,1.8
2025-08-07,2025-08-07 13:27:06.900,MO2508-C-7500,1.6,1.6,1.8
2025-08-07,2025-08-07 13:27:14.900,MO2508-C-7500,1.6,1.6,1.8
2025-08-07,2025-08-07 13:27:15.400,MO2508-C-7500,1.6,1.6,1.8
2025-08-07,2025-08-07 13:27:21.900,MO2508-C-7500,1.6,1.6,1.8
2025-08-07,2025-08-07 13:27:23.400,MO2508-C-7500,1.6,1.6,1.8
2025-08-07,2025-08-07 13:27:24.900,MO2508-C-7500,1.6,1.6,1.8
2025-08-07,2025-08-07 13:27:25.400,MO2508-C-7500,1.6,1.6,1.8
2025-08-07,2025-08-07 13:27:30.900,MO2508-C-7500,1.6,1.6,1.8
2025-08-07,2025-08-07 13:27:31.400,MO2508-C-7500,1.6,1.6,1.8
2025-08-07,2025-08-07 13:27:32.900,MO2508-C-7500,1.6,1.6,1.8
2025-08-07,2025-08-07 13:27:34.900,MO2508-C-7500,1.6,1.6,1.8
2025-08-07,2025-08-07 13:27:35.400,MO2508-C-7500,1.6,1.6,1.8
2025-08-07,2025-08-07 13:27:42.400,MO2508-C-7500,1.6,1.6,1.8
2025-08-07,2025-08-07 13:27:44.900,MO2508-C-7500,1.6,1.6,1.8
2025-08-07,2025-08-07 13:27:45.400,MO2508-C-7500,1.6,1.6,1.8
2025-08-07,2025-08-07 13:27:54.900,MO2508-C-7500,1.6,1.6,1.8
2025-08-07,2025-08-07 13:27:55.400,MO2508-C-7500,1.6,1.6,1.8
2025-08-07,2025-08-07 13:28:04.900,MO2508-C-7500,1.6,1.6,1.8
2025-08-07,2025-08-07 13:28:05.400,MO2508-C-7500,1.6,1.6,1.8
2025-08-07,2025-08-07 13:28:14.900,MO2508-C-7500,1.6,1.6,1.8
2025-08-07,2025-08-07 13:28:15.400,MO2508-C-7500,1.6,1.6,1.8
2025-08-07,2025-08-07 13:28:16.900,MO2508-C-7500,1.6,1.6,1.8
2025-08-07,2025-08-07 13:28:17.400,MO2508-C-7500,1.6,1.6,1.8
2025-08-07,2025-08-07 13:28:18.900,MO2508-C-7500,1.6,1.6,1.8
2025-08-07,2025-08-07 13:28:19.900,MO2508-C-7500,1.6,1.6,1.8
2025-08-07,2025-08-07 13:28:20.900,MO2508-C-7500,1.6,1.6,1.8
2025-08-07,2025-08-07 13:28:21.900,MO2508-C-7500,1.6,1.6,1.8
2025-08-07,2025-08-07 13:28:24.900,MO2508-C-7500,1.6,1.6,1.8
2025-08-07,2025-08-07 13:28:25.400,MO2508-C-7500,1.6,1.6,1.8
2025-08-07,2025-08-07 13:28:31.900,MO2508-C-7500,1.6,1.6,1.8
2025-08-07,2025-08-07 13:28:34.900,MO2508-C-7500,1.6,1.6,1.8
2025-08-07,2025-08-07 13:28:35.400,MO2508-C-7500,1.6,1.6,1.8
2025-08-07,2025-08-07 13:28:44.900,MO2508-C-7500,1.6,1.6,1.8
2025-08-07,2025-08-07 13:28:45.400,MO2508-C-7500,1.6,1.6,1.8
2025-08-07,2025-08-07 13:28:54.900,MO2508-C-7500,1.6,1.6,1.8
2025-08-07,2025-08-07 13:28:55.400,MO2508-C-7500,1.6,1.6,1.8
2025-08-07,2025-08-07 13:29:04.900,MO2508-C-7500,1.6,1.6,1.8
2025-08-07,2025-08-07 13:29:05.400,MO2508-C-7500,1.6,1.6,1.8
2025-08-07,2025-08-07 13:29:11.900,MO2508-C-7500,1.6,1.6,1.8
2025-08-07,2025-08-07 13:29:12.400,MO2508-C-7500,1.6,1.6,1.8
2025-08-07,2025-08-07 13:29:14.900,MO2508-C-7500,1.6,1.6,1.8
2025-08-07,2025-08-07 13:29:15.400,MO2508-C-7500,1.6,1.6,1.8
2025-08-07,2025-08-07 13:29:15.900,MO2508-C-7500,1.6,1.6,1.8
2025-08-07,2025-08-07 13:29:16.400,MO2508-C-7500,1.6,1.6,1.8
2025-08-07,2025-08-07 13:29:24.900,MO2508-C-7500,1.6,1.6,1.8
2025-08-07,2025-08-07 13:29:25.400,MO2508-C-7500,1.6,1.6,1.8
2025-08-07,2025-08-07 13:29:34.900,MO2508-C-7500,1.6,1.6,1.8
2025-08-07,2025-08-07 13:29:35.400,MO2508-C-7500,1.6,1.6,1.8
2025-08-07,2025-08-07 13:29:44.900,MO2508-C-7500,1.6,1.6,1.8
2025-08-07,2025-08-07 13:29:45.400,MO2508-C-7500,1.6,1.6,1.8
2025-08-07,2025-08-07 13:29:51.900,MO2508-C-7500,1.6,1.6,1.8
2025-08-07,2025-08-07 13:29:54.900,MO2508-C-7500,1.6,1.6,1.8
2025-08-07,2025-08-07 13:29:55.400,MO2508-C-7500,1.6,1.6,1.8
2025-08-07,2025-08-07 13:30:04.900,MO2508-C-7500,1.6,1.6,1.8
2025-08-07,2025-08-07 13:30:05.400,MO2508-C-7500,1.6,1.6,1.8
2025-08-07,2025-08-07 13:30:08.400,MO2508-C-7500,1.6,1.6,1.8
2025-08-07,2025-08-07 13:30:08.900,MO2508-C-7500,1.6,1.6,1.8
2025-08-07,2025-08-07 13:30:09.400,MO2508-C-7500,1.6,1.6,1.8
2025-08-07,2025-08-07 13:30:11.900,MO2508-C-7500,1.6,1.6,1.8
2025-08-07,2025-08-07 13:30:14.900,MO2508-C-7500,1.6,1.6,1.8
2025-08-07,2025-08-07 13:30:15.400,MO2508-C-7500,1.6,1.6,1.8
2025-08-07,2025-08-07 13:30:17.900,MO2508-C-7500,1.6,1.6,1.8
2025-08-07,2025-08-07 13:30:20.900,MO2508-C-7500,1.6,1.6,1.8
2025-08-07,2025-08-07 13:30:24.900,MO2508-C-7500,1.6,1.6,1.8
2025-08-07,2025-08-07 13:30:25.400,MO2508-C-7500,1.6,1.6,1.8
2025-08-07,2025-08-07 13:30:31.900,MO2508-C-7500,1.6,1.6,1.8
2025-08-07,2025-08-07 13:30:34.900,MO2508-C-7500,1.6,1.6,1.8
2025-08-07,2025-08-07 13:30:35.400,MO2508-C-7500,1.6,1.6,1.8
2025-08-07,2025-08-07 13:30:35.900,MO2508-C-7500,1.6,1.6,1.8
2025-08-07,2025-08-07 13:30:36.400,MO2508-C-7500,1.6,1.6,1.8
2025-08-07,2025-08-07 13:30:39.900,MO2508-C-7500,1.6,1.6,1.8
2025-08-07,2025-08-07 13:30:40.400,MO2508-C-7500,1.6,1.6,1.8
2025-08-07,2025-08-07 13:30:44.900,MO2508-C-7500,1.6,1.6,1.8
2025-08-07,2025-08-07 13:30:45.400,MO2508-C-7500,1.6,1.6,1.8
2025-08-07,2025-08-07 13:30:45.900,MO2508-C-7500,1.6,1.6,1.8
2025-08-07,2025-08-07 13:30:54.900,MO2508-C-7500,1.6,1.6,1.8
2025-08-07,2025-08-07 13:30:55.400,MO2508-C-7500,1.6,1.6,1.8
2025-08-07,2025-08-07 13:31:04.900,MO2508-C-7500,1.6,1.6,1.8
2025-08-07,2025-08-07 13:31:05.400,MO2508-C-7500,1.6,1.6,1.8
2025-08-07,2025-08-07 13:31:05.900,MO2508-C-7500,1.6,1.6,1.8
2025-08-07,2025-08-07 13:31:06.400,MO2508-C-7500,1.6,1.6,1.8
2025-08-07,2025-08-07 13:31:06.900,MO2508-C-7500,1.6,1.6,1.8
2025-08-07,2025-08-07 13:31:14.900,MO2508-C-7500,1.6,1.6,1.8
2025-08-07,2025-08-07 13:31:15.400,MO2508-C-7500,1.6,1.6,1.8
2025-08-07,2025-08-07 13:31:24.900,MO2508-C-7500,1.6,1.6,1.8
2025-08-07,2025-08-07 13:31:25.400,MO2508-C-7500,1.6,1.6,1.8
2025-08-07,2025-08-07 13:31:34.900,MO2508-C-7500,1.6,1.6,1.8
2025-08-07,2025-08-07 13:31:35.400,MO2508-C-7500,1.6,1.6,1.8
2025-08-07,2025-08-07 13:31:43.900,MO2508-C-7500,1.6,1.6,1.8
2025-08-07,2025-08-07 13:31:44.900,MO2508-C-7500,1.6,1.6,1.8
2025-08-07,2025-08-07 13:31:45.400,MO2508-C-7500,1.6,1.6,1.8
2025-08-07,2025-08-07 13:31:46.900,MO2508-C-7500,1.6,1.6,1.8
2025-08-07,2025-08-07 13:31:47.400,MO2508-C-7500,1.6,1.6,1.8
2025-08-07,2025-08-07 13:31:54.900,MO2508-C-7500,1.6,1.6,1.8
2025-08-07,2025-08-07 13:31:55.400,MO2508-C-7500,1.6,1.6,1.8
2025-08-07,2025-08-07 13:31:55.900,MO2508-C-7500,1.6,1.6,1.8
2025-08-07,2025-08-07 13:32:04.900,MO2508-C-7500,1.6,1.6,1.8
2025-08-07,2025-08-07 13:32:05.400,MO2508-C-7500,1.6,1.6,1.8
2025-08-07,2025-08-07 13:32:05.900,MO2508-C-7500,1.6,1.6,1.8
2025-08-07,2025-08-07 13:32:06.900,MO2508-C-7500,1.6,1.6,1.8
2025-08-07,2025-08-07 13:32:14.900,MO2508-C-7500,1.6,1.6,1.8
2025-08-07,2025-08-07 13:32:15.400,MO2508-C-7500,1.6,1.6,1.8
2025-08-07,2025-08-07 13:32:18.900,MO2508-C-7500,1.6,1.6,1.8
2025-08-07,2025-08-07 13:32:19.400,MO2508-C-7500,1.6,1.6,1.8
2025-08-07,2025-08-07 13:32:24.900,MO2508-C-7500,1.6,1.6,1.8
2025-08-07,2025-08-07 13:32:25.400,MO2508-C-7500,1.6,1.6,1.8
2025-08-07,2025-08-07 13:32:32.900,MO2508-C-7500,1.6,1.6,1.8
2025-08-07,2025-08-07 13:32:33.400,MO2508-C-7500,1.6,1.6,1.8
2025-08-07,2025-08-07 13:32:34.900,MO2508-C-7500,1.6,1.6,1.8
2025-08-07,2025-08-07 13:32:35.400,MO2508-C-7500,1.6,1.6,1.8
2025-08-07,2025-08-07 13:32:44.900,MO2508-C-7500,1.6,1.6,1.8
2025-08-07,2025-08-07 13:32:45.400,MO2508-C-7500,1.6,1.6,1.8
2025-08-07,2025-08-07 13:32:49.400,MO2508-C-7500,1.6,1.6,1.8
2025-08-07,2025-08-07 13:32:54.900,MO2508-C-7500,1.6,1.6,1.8
2025-08-07,2025-08-07 13:32:55.400,MO2508-C-7500,1.6,1.6,1.8
2025-08-07,2025-08-07 13:33:01.900,MO2508-C-7500,1.6,1.6,1.8
2025-08-07,2025-08-07 13:33:02.400,MO2508-C-7500,1.6,1.6,1.8
2025-08-07,2025-08-07 13:33:02.900,MO2508-C-7500,1.6,1.6,1.8
2025-08-07,2025-08-07 13:33:03.400,MO2508-C-7500,1.6,1.6,1.8
2025-08-07,2025-08-07 13:33:04.900,MO2508-C-7500,1.6,1.6,1.8
2025-08-07,2025-08-07 13:33:05.400,MO2508-C-7500,1.6,1.6,1.8
2025-08-07,2025-08-07 13:33:14.900,MO2508-C-7500,1.6,1.6,1.8
2025-08-07,2025-08-07 13:33:15.400,MO2508-C-7500,1.6,1.6,1.8
2025-08-07,2025-08-07 13:33:24.900,MO2508-C-7500,1.6,1.6,1.8
2025-08-07,2025-08-07 13:33:25.400,MO2508-C-7500,1.6,1.6,1.8
2025-08-07,2025-08-07 13:33:26.400,MO2508-C-7500,1.6,1.4,1.8
2025-08-07,2025-08-07 13:33:26.900,MO2508-C-7500,1.6,1.4,1.8
2025-08-07,2025-08-07 13:33:27.400,MO2508-C-7500,1.6,1.4,1.8
2025-08-07,2025-08-07 13:33:34.900,MO2508-C-7500,1.6,1.4,1.8
2025-08-07,2025-08-07 13:33:35.400,MO2508-C-7500,1.6,1.4,1.8
2025-08-07,2025-08-07 13:33:37.400,MO2508-C-7500,1.6,1.4,1.8
2025-08-07,2025-08-07 13:33:37.900,MO2508-C-7500,1.6,1.4,1.8
2025-08-07,2025-08-07 13:33:39.900,MO2508-C-7500,1.6,1.4,1.8
2025-08-07,2025-08-07 13:33:42.900,MO2508-C-7500,1.6,1.4,1.6
2025-08-07,2025-08-07 13:33:43.400,MO2508-C-7500,1.6,1.4,1.6
2025-08-07,2025-08-07 13:33:43.900,MO2508-C-7500,1.6,1.4,1.6
2025-08-07,2025-08-07 13:33:44.900,MO2508-C-7500,1.6,1.4,1.6
2025-08-07,2025-08-07 13:33:45.400,MO2508-C-7500,1.6,1.4,1.6
2025-08-07,2025-08-07 13:33:45.900,MO2508-C-7500,1.6,1.4,1.6
2025-08-07,2025-08-07 13:33:53.400,MO2508-C-7500,1.6,1.4,1.6
2025-08-07,2025-08-07 13:33:53.900,MO2508-C-7500,1.6,1.4,1.6
2025-08-07,2025-08-07 13:33:54.900,MO2508-C-7500,1.6,1.4,1.6
2025-08-07,2025-08-07 13:33:55.400,MO2508-C-7500,1.6,1.4,1.6
2025-08-07,2025-08-07 13:34:04.900,MO2508-C-7500,1.6,1.4,1.6
2025-08-07,2025-08-07 13:34:05.400,MO2508-C-7500,1.6,1.4,1.6
2025-08-07,2025-08-07 13:34:14.900,MO2508-C-7500,1.6,1.4,1.6
2025-08-07,2025-08-07 13:34:15.400,MO2508-C-7500,1.6,1.4,1.6
2025-08-07,2025-08-07 13:34:24.900,MO2508-C-7500,1.6,1.4,1.6
2025-08-07,2025-08-07 13:34:25.400,MO2508-C-7500,1.6,1.4,1.6
2025-08-07,2025-08-07 13:34:34.900,MO2508-C-7500,1.6,1.4,1.6
2025-08-07,2025-08-07 13:34:35.400,MO2508-C-7500,1.6,1.4,1.6
2025-08-07,2025-08-07 13:34:38.400,MO2508-C-7500,1.6,1.4,1.6
2025-08-07,2025-08-07 13:34:38.900,MO2508-C-7500,1.6,1.4,1.6
2025-08-07,2025-08-07 13:34:40.400,MO2508-C-7500,1.6,1.4,1.6
2025-08-07,2025-08-07 13:34:44.900,MO2508-C-7500,1.6,1.4,1.6
2025-08-07,2025-08-07 13:34:45.400,MO2508-C-7500,1.6,1.4,1.6
2025-08-07,2025-08-07 13:34:52.400,MO2508-C-7500,1.6,1.4,1.6
2025-08-07,2025-08-07 13:34:52.900,MO2508-C-7500,1.6,1.4,1.6
2025-08-07,2025-08-07 13:34:53.400,MO2508-C-7500,1.6,1.4,1.6
2025-08-07,2025-08-07 13:34:54.900,MO2508-C-7500,1.6,1.4,1.6
2025-08-07,2025-08-07 13:34:55.400,MO2508-C-7500,1.6,1.4,1.6
2025-08-07,2025-08-07 13:34:57.400,MO2508-C-7500,1.6,1.4,1.6
2025-08-07,2025-08-07 13:35:04.900,MO2508-C-7500,1.6,1.4,1.6
2025-08-07,2025-08-07 13:35:05.400,MO2508-C-7500,1.6,1.4,1.6
2025-08-07,2025-08-07 13:35:11.400,MO2508-C-7500,1.6,1.4,1.6
2025-08-07,2025-08-07 13:35:11.900,MO2508-C-7500,1.6,1.4,1.6
2025-08-07,2025-08-07 13:35:14.900,MO2508-C-7500,1.6,1.4,1.6
2025-08-07,2025-08-07 13:35:15.400,MO2508-C-7500,1.6,1.4,1.6
2025-08-07,2025-08-07 13:35:24.900,MO2508-C-7500,1.6,1.4,1.6
2025-08-07,2025-08-07 13:35:25.400,MO2508-C-7500,1.6,1.4,1.6
2025-08-07,2025-08-07 13:35:34.900,MO2508-C-7500,1.6,1.4,1.6
2025-08-07,2025-08-07 13:35:35.400,MO2508-C-7500,1.6,1.4,1.6
2025-08-07,2025-08-07 13:35:35.900,MO2508-C-7500,1.6,1.4,1.6
2025-08-07,2025-08-07 13:35:39.400,MO2508-C-7500,1.6,1.4,1.6
2025-08-07,2025-08-07 13:35:44.900,MO2508-C-7500,1.6,1.4,1.6
2025-08-07,2025-08-07 13:35:45.400,MO2508-C-7500,1.6,1.4,1.6
2025-08-07,2025-08-07 13:35:54.900,MO2508-C-7500,1.6,1.4,1.6
2025-08-07,2025-08-07 13:35:55.400,MO2508-C-7500,1.6,1.4,1.6
2025-08-07,2025-08-07 13:35:57.400,MO2508-C-7500,1.6,1.4,1.6
2025-08-07,2025-08-07 13:36:01.900,MO2508-C-7500,1.6,1.4,1.6
2025-08-07,2025-08-07 13:36:02.900,MO2508-C-7500,1.6,1.4,1.6
2025-08-07,2025-08-07 13:36:03.400,MO2508-C-7500,1.6,1.4,1.6
2025-08-07,2025-08-07 13:36:03.900,MO2508-C-7500,1.6,1.4,1.6
2025-08-07,2025-08-07 13:36:04.400,MO2508-C-7500,1.6,1.4,1.6
2025-08-07,2025-08-07 13:36:04.900,MO2508-C-7500,1.6,1.4,1.6
2025-08-07,2025-08-07 13:36:05.400,MO2508-C-7500,1.6,1.4,1.6
2025-08-07,2025-08-07 13:36:08.900,MO2508-C-7500,1.6,1.4,1.6
2025-08-07,2025-08-07 13:36:10.900,MO2508-C-7500,1.6,1.4,1.6
2025-08-07,2025-08-07 13:36:14.900,MO2508-C-7500,1.6,1.4,1.6
2025-08-07,2025-08-07 13:36:15.400,MO2508-C-7500,1.6,1.4,1.6
2025-08-07,2025-08-07 13:36:18.900,MO2508-C-7500,1.6,1.4,1.6
2025-08-07,2025-08-07 13:36:24.900,MO2508-C-7500,1.6,1.4,1.6
2025-08-07,2025-08-07 13:36:25.400,MO2508-C-7500,1.6,1.4,1.6
2025-08-07,2025-08-07 13:36:34.900,MO2508-C-7500,1.6,1.4,1.6
2025-08-07,2025-08-07 13:36:35.400,MO2508-C-7500,1.6,1.4,1.6
2025-08-07,2025-08-07 13:36:38.900,MO2508-C-7500,1.6,1.4,1.6
2025-08-07,2025-08-07 13:36:43.900,MO2508-C-7500,1.6,1.4,1.6
2025-08-07,2025-08-07 13:36:44.900,MO2508-C-7500,1.6,1.4,1.6
2025-08-07,2025-08-07 13:36:45.400,MO2508-C-7500,1.6,1.4,1.6
2025-08-07,2025-08-07 13:36:53.900,MO2508-C-7500,1.6,1.4,1.6
2025-08-07,2025-08-07 13:36:54.900,MO2508-C-7500,1.6,1.4,1.6
2025-08-07,2025-08-07 13:36:55.400,MO2508-C-7500,1.6,1.4,1.6
2025-08-07,2025-08-07 13:36:56.900,MO2508-C-7500,1.6,1.4,1.6
2025-08-07,2025-08-07 13:37:04.900,MO2508-C-7500,1.6,1.4,1.6
2025-08-07,2025-08-07 13:37:05.400,MO2508-C-7500,1.6,1.4,1.6
2025-08-07,2025-08-07 13:37:05.900,MO2508-C-7500,1.6,1.4,1.6
2025-08-07,2025-08-07 13:37:14.900,MO2508-C-7500,1.6,1.4,1.6
2025-08-07,2025-08-07 13:37:15.400,MO2508-C-7500,1.6,1.4,1.6
2025-08-07,2025-08-07 13:37:24.900,MO2508-C-7500,1.6,1.4,1.6
2025-08-07,2025-08-07 13:37:25.400,MO2508-C-7500,1.6,1.4,1.6
2025-08-07,2025-08-07 13:37:25.900,MO2508-C-7500,1.6,1.4,1.6
2025-08-07,2025-08-07 13:37:27.400,MO2508-C-7500,1.6,1.4,1.6
2025-08-07,2025-08-07 13:37:28.900,MO2508-C-7500,1.6,1.4,1.6
2025-08-07,2025-08-07 13:37:34.900,MO2508-C-7500,1.6,1.4,1.6
2025-08-07,2025-08-07 13:37:35.400,MO2508-C-7500,1.6,1.4,1.6
2025-08-07,2025-08-07 13:37:38.400,MO2508-C-7500,1.6,1.4,1.6
2025-08-07,2025-08-07 13:37:38.900,MO2508-C-7500,1.6,1.4,1.6
2025-08-07,2025-08-07 13:37:41.900,MO2508-C-7500,1.6,1.4,1.6
2025-08-07,2025-08-07 13:37:43.900,MO2508-C-7500,1.6,1.4,1.6
2025-08-07,2025-08-07 13:37:44.900,MO2508-C-7500,1.6,1.4,1.6
2025-08-07,2025-08-07 13:37:45.400,MO2508-C-7500,1.6,1.4,1.6
2025-08-07,2025-08-07 13:37:45.900,MO2508-C-7500,1.6,1.4,1.6
2025-08-07,2025-08-07 13:37:54.900,MO2508-C-7500,1.6,1.4,1.6
2025-08-07,2025-08-07 13:37:55.400,MO2508-C-7500,1.6,1.4,1.6
2025-08-07,2025-08-07 13:37:56.900,MO2508-C-7500,1.6,1.4,1.6
2025-08-07,2025-08-07 13:38:04.900,MO2508-C-7500,1.6,1.4,1.6
2025-08-07,2025-08-07 13:38:05.400,MO2508-C-7500,1.6,1.4,1.6
2025-08-07,2025-08-07 13:38:07.900,MO2508-C-7500,1.6,1.4,1.6
2025-08-07,2025-08-07 13:38:09.900,MO2508-C-7500,1.6,1.4,1.6
2025-08-07,2025-08-07 13:38:10.900,MO2508-C-7500,1.6,1.4,1.6
2025-08-07,2025-08-07 13:38:12.400,MO2508-C-7500,1.6,1.4,1.6
2025-08-07,2025-08-07 13:38:14.900,MO2508-C-7500,1.6,1.4,1.6
2025-08-07,2025-08-07 13:38:15.400,MO2508-C-7500,1.6,1.4,1.6
2025-08-07,2025-08-07 13:38:19.900,MO2508-C-7500,1.6,1.4,1.6
2025-08-07,2025-08-07 13:38:24.900,MO2508-C-7500,1.6,1.4,1.6
2025-08-07,2025-08-07 13:38:25.400,MO2508-C-7500,1.6,1.4,1.6
2025-08-07,2025-08-07 13:38:31.400,MO2508-C-7500,1.6,1.4,1.6
2025-08-07,2025-08-07 13:38:31.900,MO2508-C-7500,1.6,1.4,1.6
2025-08-07,2025-08-07 13:38:32.900,MO2508-C-7500,1.6,1.4,1.6
2025-08-07,2025-08-07 13:38:33.900,MO2508-C-7500,1.6,1.4,1.6
2025-08-07,2025-08-07 13:38:34.900,MO2508-C-7500,1.6,1.4,1.6
2025-08-07,2025-08-07 13:38:35.400,MO2508-C-7500,1.6,1.4,1.6
2025-08-07,2025-08-07 13:38:35.900,MO2508-C-7500,1.6,1.4,1.6
2025-08-07,2025-08-07 13:38:36.400,MO2508-C-7500,1.6,1.4,1.6
2025-08-07,2025-08-07 13:38:36.900,MO2508-C-7500,1.6,1.4,1.6
2025-08-07,2025-08-07 13:38:42.900,MO2508-C-7500,1.6,1.4,1.6
2025-08-07,2025-08-07 13:38:43.400,MO2508-C-7500,1.6,1.4,1.6
2025-08-07,2025-08-07 13:38:44.900,MO2508-C-7500,1.6,1.4,1.6
2025-08-07,2025-08-07 13:38:45.400,MO2508-C-7500,1.6,1.4,1.6
2025-08-07,2025-08-07 13:38:46.900,MO2508-C-7500,1.6,1.4,1.6
2025-08-07,2025-08-07 13:38:47.400,MO2508-C-7500,1.6,1.4,1.6
2025-08-07,2025-08-07 13:38:51.400,MO2508-C-7500,1.6,1.4,1.6
2025-08-07,2025-08-07 13:38:51.900,MO2508-C-7500,1.6,1.4,1.6
2025-08-07,2025-08-07 13:38:54.900,MO2508-C-7500,1.6,1.4,1.6
2025-08-07,2025-08-07 13:38:55.400,MO2508-C-7500,1.6,1.4,1.6
2025-08-07,2025-08-07 13:38:56.900,MO2508-C-7500,1.6,1.4,1.6
2025-08-07,2025-08-07 13:38:57.900,MO2508-C-7500,1.6,1.4,1.6
2025-08-07,2025-08-07 13:39:04.900,MO2508-C-7500,1.6,1.4,1.6
2025-08-07,2025-08-07 13:39:05.400,MO2508-C-7500,1.6,1.4,1.6
2025-08-07,2025-08-07 13:39:14.900,MO2508-C-7500,1.6,1.4,1.6
2025-08-07,2025-08-07 13:39:15.400,MO2508-C-7500,1.6,1.4,1.6
2025-08-07,2025-08-07 13:39:17.900,MO2508-C-7500,1.6,1.4,1.6
2025-08-07,2025-08-07 13:39:24.900,MO2508-C-7500,1.6,1.4,1.6
2025-08-07,2025-08-07 13:39:25.400,MO2508-C-7500,1.6,1.4,1.6
2025-08-07,2025-08-07 13:39:34.900,MO2508-C-7500,1.6,1.4,1.6
2025-08-07,2025-08-07 13:39:35.400,MO2508-C-7500,1.6,1.4,1.6
2025-08-07,2025-08-07 13:39:44.900,MO2508-C-7500,1.6,1.4,1.6
2025-08-07,2025-08-07 13:39:45.400,MO2508-C-7500,1.6,1.4,1.6
2025-08-07,2025-08-07 13:39:54.900,MO2508-C-7500,1.6,1.4,1.6
2025-08-07,2025-08-07 13:39:55.400,MO2508-C-7500,1.6,1.4,1.6
2025-08-07,2025-08-07 13:40:04.900,MO2508-C-7500,1.6,1.4,1.6
2025-08-07,2025-08-07 13:40:05.400,MO2508-C-7500,1.6,1.4,1.6
2025-08-07,2025-08-07 13:40:14.900,MO2508-C-7500,1.6,1.4,1.6
2025-08-07,2025-08-07 13:40:15.400,MO2508-C-7500,1.6,1.4,1.6
2025-08-07,2025-08-07 13:40:20.900,MO2508-C-7500,1.6,1.4,1.6
2025-08-07,2025-08-07 13:40:21.900,MO2508-C-7500,1.6,1.4,1.6
2025-08-07,2025-08-07 13:40:24.400,MO2508-C-7500,1.6,1.4,1.6
2025-08-07,2025-08-07 13:40:24.900,MO2508-C-7500,1.6,1.4,1.6
2025-08-07,2025-08-07 13:40:25.400,MO2508-C-7500,1.6,1.4,1.6
2025-08-07,2025-08-07 13:40:27.400,MO2508-C-7500,1.6,1.4,1.6
2025-08-07,2025-08-07 13:40:29.900,MO2508-C-7500,1.6,1.4,1.6
2025-08-07,2025-08-07 13:40:34.900,MO2508-C-7500,1.6,1.4,1.6
2025-08-07,2025-08-07 13:40:35.400,MO2508-C-7500,1.6,1.4,1.6
2025-08-07,2025-08-07 13:40:36.900,MO2508-C-7500,1.6,1.4,1.6
2025-08-07,2025-08-07 13:40:38.900,MO2508-C-7500,1.6,1.4,1.6
2025-08-07,2025-08-07 13:40:39.900,MO2508-C-7500,1.6,1.4,1.6
2025-08-07,2025-08-07 13:40:40.900,MO2508-C-7500,1.6,1.4,1.6
2025-08-07,2025-08-07 13:40:44.900,MO2508-C-7500,1.6,1.4,1.6
2025-08-07,2025-08-07 13:40:45.400,MO2508-C-7500,1.6,1.4,1.6
2025-08-07,2025-08-07 13:40:54.900,MO2508-C-7500,1.6,1.4,1.6
2025-08-07,2025-08-07 13:40:55.400,MO2508-C-7500,1.6,1.4,1.6
2025-08-07,2025-08-07 13:41:04.400,MO2508-C-7500,1.6,1.4,1.6
2025-08-07,2025-08-07 13:41:04.900,MO2508-C-7500,1.6,1.4,1.6
2025-08-07,2025-08-07 13:41:05.400,MO2508-C-7500,1.6,1.4,1.6
2025-08-07,2025-08-07 13:41:05.900,MO2508-C-7500,1.6,1.4,1.6
2025-08-07,2025-08-07 13:41:14.900,MO2508-C-7500,1.6,1.4,1.6
2025-08-07,2025-08-07 13:41:15.400,MO2508-C-7500,1.6,1.4,1.6
2025-08-07,2025-08-07 13:41:17.900,MO2508-C-7500,1.6,1.4,1.6
2025-08-07,2025-08-07 13:41:24.900,MO2508-C-7500,1.6,1.4,1.6
2025-08-07,2025-08-07 13:41:25.400,MO2508-C-7500,1.6,1.4,1.6
2025-08-07,2025-08-07 13:41:34.900,MO2508-C-7500,1.6,1.4,1.6
2025-08-07,2025-08-07 13:41:35.400,MO2508-C-7500,1.6,1.4,1.6
2025-08-07,2025-08-07 13:41:39.900,MO2508-C-7500,1.6,1.4,1.6
2025-08-07,2025-08-07 13:41:40.400,MO2508-C-7500,1.6,1.4,1.6
2025-08-07,2025-08-07 13:41:43.400,MO2508-C-7500,1.6,1.4,1.6
2025-08-07,2025-08-07 13:41:44.900,MO2508-C-7500,1.6,1.4,1.6
2025-08-07,2025-08-07 13:41:45.400,MO2508-C-7500,1.6,1.4,1.6
2025-08-07,2025-08-07 13:41:45.900,MO2508-C-7500,1.6,1.4,1.6
2025-08-07,2025-08-07 13:41:46.400,MO2508-C-7500,1.6,1.4,1.6
2025-08-07,2025-08-07 13:41:50.900,MO2508-C-7500,1.6,1.4,1.6
2025-08-07,2025-08-07 13:41:54.900,MO2508-C-7500,1.6,1.4,1.6
2025-08-07,2025-08-07 13:41:55.400,MO2508-C-7500,1.6,1.4,1.6
2025-08-07,2025-08-07 13:42:02.400,MO2508-C-7500,1.6,1.4,1.6
2025-08-07,2025-08-07 13:42:03.900,MO2508-C-7500,1.6,1.4,1.6
2025-08-07,2025-08-07 13:42:04.900,MO2508-C-7500,1.6,1.4,1.6
2025-08-07,2025-08-07 13:42:05.400,MO2508-C-7500,1.6,1.4,1.6
2025-08-07,2025-08-07 13:42:11.400,MO2508-C-7500,1.6,1.4,1.6
2025-08-07,2025-08-07 13:42:14.900,MO2508-C-7500,1.6,1.4,1.6
2025-08-07,2025-08-07 13:42:15.400,MO2508-C-7500,1.6,1.4,1.6
2025-08-07,2025-08-07 13:42:24.900,MO2508-C-7500,1.6,1.4,1.6
2025-08-07,2025-08-07 13:42:25.400,MO2508-C-7500,1.6,1.4,1.6
2025-08-07,2025-08-07 13:42:27.400,MO2508-C-7500,1.6,1.4,1.6
2025-08-07,2025-08-07 13:42:34.900,MO2508-C-7500,1.6,1.4,1.6
2025-08-07,2025-08-07 13:42:35.400,MO2508-C-7500,1.6,1.4,1.6
2025-08-07,2025-08-07 13:42:43.400,MO2508-C-7500,1.6,1.4,1.6
2025-08-07,2025-08-07 13:42:44.900,MO2508-C-7500,1.6,1.4,1.6
2025-08-07,2025-08-07 13:42:45.400,MO2508-C-7500,1.6,1.4,1.6
2025-08-07,2025-08-07 13:42:54.900,MO2508-C-7500,1.6,1.4,1.6
2025-08-07,2025-08-07 13:42:55.400,MO2508-C-7500,1.6,1.4,1.6
2025-08-07,2025-08-07 13:42:56.900,MO2508-C-7500,1.6,1.4,1.6
2025-08-07,2025-08-07 13:43:04.400,MO2508-C-7500,1.6,1.4,1.6
2025-08-07,2025-08-07 13:43:04.900,MO2508-C-7500,1.6,1.4,1.6
2025-08-07,2025-08-07 13:43:05.400,MO2508-C-7500,1.6,1.4,1.6
2025-08-07,2025-08-07 13:43:14.900,MO2508-C-7500,1.6,1.4,1.6
2025-08-07,2025-08-07 13:43:15.400,MO2508-C-7500,1.6,1.4,1.6
2025-08-07,2025-08-07 13:43:24.900,MO2508-C-7500,1.6,1.4,1.6
2025-08-07,2025-08-07 13:43:25.400,MO2508-C-7500,1.6,1.4,1.6
2025-08-07,2025-08-07 13:43:34.900,MO2508-C-7500,1.6,1.4,1.6
2025-08-07,2025-08-07 13:43:35.400,MO2508-C-7500,1.6,1.4,1.6
2025-08-07,2025-08-07 13:43:44.900,MO2508-C-7500,1.6,1.4,1.6
2025-08-07,2025-08-07 13:43:45.400,MO2508-C-7500,1.6,1.4,1.6
2025-08-07,2025-08-07 13:43:54.900,MO2508-C-7500,1.6,1.4,1.6
2025-08-07,2025-08-07 13:43:55.400,MO2508-C-7500,1.6,1.4,1.6
2025-08-07,2025-08-07 13:43:57.400,MO2508-C-7500,1.6,1.4,1.6
2025-08-07,2025-08-07 13:44:04.400,MO2508-C-7500,1.6,1.4,1.6
2025-08-07,2025-08-07 13:44:04.900,MO2508-C-7500,1.6,1.4,1.6
2025-08-07,2025-08-07 13:44:05.400,MO2508-C-7500,1.6,1.4,1.6
2025-08-07,2025-08-07 13:44:05.900,MO2508-C-7500,1.6,1.4,1.6
2025-08-07,2025-08-07 13:44:14.900,MO2508-C-7500,1.6,1.4,1.6
2025-08-07,2025-08-07 13:44:15.400,MO2508-C-7500,1.6,1.4,1.6
2025-08-07,2025-08-07 13:44:15.900,MO2508-C-7500,1.6,1.4,1.6
2025-08-07,2025-08-07 13:44:24.900,MO2508-C-7500,1.6,1.4,1.6
2025-08-07,2025-08-07 13:44:25.400,MO2508-C-7500,1.6,1.4,1.6
2025-08-07,2025-08-07 13:44:27.400,MO2508-C-7500,1.6,1.4,1.6
2025-08-07,2025-08-07 13:44:33.900,MO2508-C-7500,1.6,1.4,1.6
2025-08-07,2025-08-07 13:44:34.900,MO2508-C-7500,1.6,1.4,1.6
2025-08-07,2025-08-07 13:44:35.400,MO2508-C-7500,1.6,1.4,1.6
2025-08-07,2025-08-07 13:44:39.400,MO2508-C-7500,1.6,1.4,1.6
2025-08-07,2025-08-07 13:44:39.900,MO2508-C-7500,1.6,1.4,1.6
2025-08-07,2025-08-07 13:44:40.400,MO2508-C-7500,1.6,1.4,1.6
2025-08-07,2025-08-07 13:44:40.900,MO2508-C-7500,1.6,1.4,1.6
2025-08-07,2025-08-07 13:44:44.900,MO2508-C-7500,1.6,1.4,1.6
2025-08-07,2025-08-07 13:44:45.400,MO2508-C-7500,1.6,1.4,1.6
2025-08-07,2025-08-07 13:44:54.900,MO2508-C-7500,1.6,1.4,1.6
2025-08-07,2025-08-07 13:44:55.400,MO2508-C-7500,1.6,1.4,1.6
2025-08-07,2025-08-07 13:45:03.400,MO2508-C-7500,1.6,1.4,1.6
2025-08-07,2025-08-07 13:45:04.900,MO2508-C-7500,1.6,1.4,1.6
2025-08-07,2025-08-07 13:45:05.400,MO2508-C-7500,1.6,1.4,1.6
2025-08-07,2025-08-07 13:45:05.900,MO2508-C-7500,1.6,1.4,1.6
2025-08-07,2025-08-07 13:45:11.900,MO2508-C-7500,1.6,1.4,1.6
2025-08-07,2025-08-07 13:45:14.900,MO2508-C-7500,1.6,1.4,1.6
2025-08-07,2025-08-07 13:45:15.400,MO2508-C-7500,1.6,1.4,1.6
2025-08-07,2025-08-07 13:45:24.900,MO2508-C-7500,1.6,1.4,1.6
2025-08-07,2025-08-07 13:45:25.400,MO2508-C-7500,1.6,1.4,1.6
2025-08-07,2025-08-07 13:45:34.900,MO2508-C-7500,1.6,1.4,1.6
2025-08-07,2025-08-07 13:45:35.400,MO2508-C-7500,1.6,1.4,1.6
2025-08-07,2025-08-07 13:45:44.900,MO2508-C-7500,1.6,1.4,1.6
2025-08-07,2025-08-07 13:45:45.400,MO2508-C-7500,1.6,1.4,1.6
2025-08-07,2025-08-07 13:45:54.900,MO2508-C-7500,1.6,1.4,1.6
2025-08-07,2025-08-07 13:45:55.400,MO2508-C-7500,1.6,1.4,1.6
2025-08-07,2025-08-07 13:46:04.900,MO2508-C-7500,1.6,1.4,1.6
2025-08-07,2025-08-07 13:46:05.400,MO2508-C-7500,1.6,1.4,1.6
2025-08-07,2025-08-07 13:46:14.900,MO2508-C-7500,1.6,1.4,1.6
2025-08-07,2025-08-07 13:46:15.400,MO2508-C-7500,1.6,1.4,1.6
2025-08-07,2025-08-07 13:46:24.900,MO2508-C-7500,1.6,1.4,1.6
2025-08-07,2025-08-07 13:46:25.400,MO2508-C-7500,1.6,1.4,1.6
2025-08-07,2025-08-07 13:46:34.900,MO2508-C-7500,1.6,1.4,1.6
2025-08-07,2025-08-07 13:46:35.400,MO2508-C-7500,1.6,1.4,1.6
2025-08-07,2025-08-07 13:46:37.900,MO2508-C-7500,1.6,1.4,1.6
2025-08-07,2025-08-07 13:46:44.900,MO2508-C-7500,1.6,1.4,1.6
2025-08-07,2025-08-07 13:46:45.400,MO2508-C-7500,1.6,1.4,1.6
2025-08-07,2025-08-07 13:46:54.900,MO2508-C-7500,1.6,1.4,1.6
2025-08-07,2025-08-07 13:46:55.400,MO2508-C-7500,1.6,1.4,1.6
2025-08-07,2025-08-07 13:47:04.900,MO2508-C-7500,1.6,1.4,1.6
2025-08-07,2025-08-07 13:47:05.400,MO2508-C-7500,1.6,1.4,1.6
2025-08-07,2025-08-07 13:47:14.900,MO2508-C-7500,1.6,1.4,1.6
2025-08-07,2025-08-07 13:47:15.400,MO2508-C-7500,1.6,1.4,1.6
2025-08-07,2025-08-07 13:47:24.900,MO2508-C-7500,1.6,1.4,1.6
2025-08-07,2025-08-07 13:47:25.400,MO2508-C-7500,1.6,1.4,1.6
2025-08-07,2025-08-07 13:47:34.900,MO2508-C-7500,1.6,1.4,1.6
2025-08-07,2025-08-07 13:47:35.400,MO2508-C-7500,1.6,1.4,1.6
2025-08-07,2025-08-07 13:47:44.900,MO2508-C-7500,1.6,1.4,1.6
2025-08-07,2025-08-07 13:47:45.400,MO2508-C-7500,1.6,1.4,1.6
2025-08-07,2025-08-07 13:47:54.900,MO2508-C-7500,1.6,1.4,1.6
2025-08-07,2025-08-07 13:47:55.400,MO2508-C-7500,1.6,1.4,1.6
2025-08-07,2025-08-07 13:48:04.900,MO2508-C-7500,1.6,1.4,1.6
2025-08-07,2025-08-07 13:48:05.400,MO2508-C-7500,1.6,1.4,1.6
2025-08-07,2025-08-07 13:48:07.900,MO2508-C-7500,1.6,1.4,1.6
2025-08-07,2025-08-07 13:48:14.900,MO2508-C-7500,1.6,1.4,1.6
2025-08-07,2025-08-07 13:48:15.400,MO2508-C-7500,1.6,1.4,1.6
2025-08-07,2025-08-07 13:48:24.900,MO2508-C-7500,1.6,1.4,1.6
2025-08-07,2025-08-07 13:48:25.400,MO2508-C-7500,1.6,1.4,1.6
2025-08-07,2025-08-07 13:48:34.900,MO2508-C-7500,1.6,1.4,1.6
2025-08-07,2025-08-07 13:48:35.400,MO2508-C-7500,1.6,1.4,1.6
2025-08-07,2025-08-07 13:48:44.900,MO2508-C-7500,1.6,1.4,1.6
2025-08-07,2025-08-07 13:48:45.400,MO2508-C-7500,1.6,1.4,1.6
2025-08-07,2025-08-07 13:48:54.900,MO2508-C-7500,1.6,1.4,1.6
2025-08-07,2025-08-07 13:48:55.400,MO2508-C-7500,1.6,1.4,1.6
2025-08-07,2025-08-07 13:49:02.400,MO2508-C-7500,1.6,1.4,1.6
2025-08-07,2025-08-07 13:49:04.900,MO2508-C-7500,1.6,1.4,1.6
2025-08-07,2025-08-07 13:49:05.400,MO2508-C-7500,1.6,1.4,1.6
2025-08-07,2025-08-07 13:49:13.400,MO2508-C-7500,1.6,1.4,1.6
2025-08-07,2025-08-07 13:49:13.900,MO2508-C-7500,1.6,1.4,1.6
2025-08-07,2025-08-07 13:49:14.900,MO2508-C-7500,1.6,1.4,1.6
2025-08-07,2025-08-07 13:49:15.400,MO2508-C-7500,1.6,1.4,1.6
2025-08-07,2025-08-07 13:49:24.900,MO2508-C-7500,1.6,1.4,1.6
2025-08-07,2025-08-07 13:49:25.400,MO2508-C-7500,1.6,1.4,1.6
2025-08-07,2025-08-07 13:49:31.400,MO2508-C-7500,1.6,1.4,1.6
2025-08-07,2025-08-07 13:49:34.900,MO2508-C-7500,1.6,1.4,1.6
2025-08-07,2025-08-07 13:49:35.400,MO2508-C-7500,1.6,1.4,1.6
2025-08-07,2025-08-07 13:49:35.900,MO2508-C-7500,1.6,1.4,1.6
2025-08-07,2025-08-07 13:49:36.400,MO2508-C-7500,1.6,1.4,1.6
2025-08-07,2025-08-07 13:49:44.900,MO2508-C-7500,1.6,1.4,1.6
2025-08-07,2025-08-07 13:49:45.400,MO2508-C-7500,1.6,1.4,1.6
2025-08-07,2025-08-07 13:49:54.900,MO2508-C-7500,1.6,1.4,1.6
2025-08-07,2025-08-07 13:49:55.400,MO2508-C-7500,1.6,1.4,1.6
2025-08-07,2025-08-07 13:50:04.900,MO2508-C-7500,1.6,1.4,1.6
2025-08-07,2025-08-07 13:50:05.400,MO2508-C-7500,1.6,1.4,1.6
2025-08-07,2025-08-07 13:50:14.900,MO2508-C-7500,1.6,1.4,1.6
2025-08-07,2025-08-07 13:50:15.400,MO2508-C-7500,1.6,1.4,1.6
2025-08-07,2025-08-07 13:50:24.400,MO2508-C-7500,1.6,1.4,1.6
2025-08-07,2025-08-07 13:50:24.900,MO2508-C-7500,1.6,1.4,1.6
2025-08-07,2025-08-07 13:50:25.400,MO2508-C-7500,1.6,1.4,1.6
2025-08-07,2025-08-07 13:50:25.900,MO2508-C-7500,1.6,1.4,1.6
2025-08-07,2025-08-07 13:50:28.900,MO2508-C-7500,1.6,1.4,1.6
2025-08-07,2025-08-07 13:50:29.400,MO2508-C-7500,1.6,1.4,1.6
2025-08-07,2025-08-07 13:50:29.900,MO2508-C-7500,1.6,1.4,1.6
2025-08-07,2025-08-07 13:50:30.400,MO2508-C-7500,1.6,1.4,1.6
2025-08-07,2025-08-07 13:50:31.900,MO2508-C-7500,1.6,1.4,1.6
2025-08-07,2025-08-07 13:50:33.900,MO2508-C-7500,1.6,1.4,1.6
2025-08-07,2025-08-07 13:50:34.400,MO2508-C-7500,1.6,1.4,1.6
2025-08-07,2025-08-07 13:50:34.900,MO2508-C-7500,1.6,1.4,1.6
2025-08-07,2025-08-07 13:50:35.400,MO2508-C-7500,1.6,1.4,1.6
2025-08-07,2025-08-07 13:50:35.900,MO2508-C-7500,1.6,1.4,1.6
2025-08-07,2025-08-07 13:50:38.400,MO2508-C-7500,1.6,1.4,1.6
2025-08-07,2025-08-07 13:50:42.900,MO2508-C-7500,1.6,1.4,1.6
2025-08-07,2025-08-07 13:50:43.900,MO2508-C-7500,1.6,1.4,1.6
2025-08-07,2025-08-07 13:50:44.900,MO2508-C-7500,1.6,1.4,1.6
2025-08-07,2025-08-07 13:50:45.400,MO2508-C-7500,1.6,1.4,1.6
2025-08-07,2025-08-07 13:50:45.900,MO2508-C-7500,1.6,1.4,1.6
2025-08-07,2025-08-07 13:50:54.900,MO2508-C-7500,1.6,1.4,1.6
2025-08-07,2025-08-07 13:50:55.400,MO2508-C-7500,1.6,1.4,1.6
2025-08-07,2025-08-07 13:51:00.900,MO2508-C-7500,1.6,1.4,1.6
2025-08-07,2025-08-07 13:51:04.900,MO2508-C-7500,1.6,1.4,1.6
2025-08-07,2025-08-07 13:51:05.400,MO2508-C-7500,1.6,1.4,1.6
2025-08-07,2025-08-07 13:51:05.900,MO2508-C-7500,1.6,1.4,1.6
2025-08-07,2025-08-07 13:51:06.400,MO2508-C-7500,1.6,1.4,1.6
2025-08-07,2025-08-07 13:51:06.900,MO2508-C-7500,1.6,1.4,1.6
2025-08-07,2025-08-07 13:51:14.900,MO2508-C-7500,1.6,1.4,1.6
2025-08-07,2025-08-07 13:51:15.400,MO2508-C-7500,1.6,1.4,1.6
2025-08-07,2025-08-07 13:51:17.400,MO2508-C-7500,1.6,1.4,1.6
2025-08-07,2025-08-07 13:51:24.900,MO2508-C-7500,1.6,1.4,1.6
2025-08-07,2025-08-07 13:51:25.400,MO2508-C-7500,1.6,1.4,1.6
2025-08-07,2025-08-07 13:51:25.900,MO2508-C-7500,1.6,1.4,1.6
2025-08-07,2025-08-07 13:51:34.900,MO2508-C-7500,1.6,1.4,1.6
2025-08-07,2025-08-07 13:51:35.400,MO2508-C-7500,1.6,1.4,1.6
2025-08-07,2025-08-07 13:51:44.900,MO2508-C-7500,1.6,1.4,1.6
2025-08-07,2025-08-07 13:51:45.400,MO2508-C-7500,1.6,1.4,1.6
2025-08-07,2025-08-07 13:51:54.900,MO2508-C-7500,1.6,1.4,1.6
2025-08-07,2025-08-07 13:51:55.400,MO2508-C-7500,1.6,1.4,1.6
2025-08-07,2025-08-07 13:52:04.900,MO2508-C-7500,1.6,1.4,1.6
2025-08-07,2025-08-07 13:52:05.400,MO2508-C-7500,1.6,1.4,1.6
2025-08-07,2025-08-07 13:52:10.400,MO2508-C-7500,1.6,1.4,1.6
2025-08-07,2025-08-07 13:52:12.400,MO2508-C-7500,1.6,1.4,1.6
2025-08-07,2025-08-07 13:52:14.900,MO2508-C-7500,1.6,1.4,1.6
2025-08-07,2025-08-07 13:52:15.400,MO2508-C-7500,1.6,1.4,1.6
2025-08-07,2025-08-07 13:52:23.400,MO2508-C-7500,1.6,1.4,1.6
2025-08-07,2025-08-07 13:52:24.900,MO2508-C-7500,1.6,1.4,1.6
2025-08-07,2025-08-07 13:52:25.400,MO2508-C-7500,1.6,1.4,1.6
2025-08-07,2025-08-07 13:52:25.900,MO2508-C-7500,1.6,1.4,1.6
2025-08-07,2025-08-07 13:52:32.900,MO2508-C-7500,1.6,1.4,1.6
2025-08-07,2025-08-07 13:52:34.900,MO2508-C-7500,1.6,1.4,1.6
2025-08-07,2025-08-07 13:52:35.400,MO2508-C-7500,1.6,1.4,1.6
2025-08-07,2025-08-07 13:52:44.900,MO2508-C-7500,1.6,1.4,1.6
2025-08-07,2025-08-07 13:52:45.400,MO2508-C-7500,1.6,1.4,1.6
2025-08-07,2025-08-07 13:52:54.900,MO2508-C-7500,1.6,1.4,1.6
2025-08-07,2025-08-07 13:52:55.400,MO2508-C-7500,1.6,1.4,1.6
2025-08-07,2025-08-07 13:53:00.400,MO2508-C-7500,1.6,1.4,1.6
2025-08-07,2025-08-07 13:53:00.900,MO2508-C-7500,1.6,1.4,1.6
2025-08-07,2025-08-07 13:53:02.900,MO2508-C-7500,1.6,1.4,1.6
2025-08-07,2025-08-07 13:53:04.900,MO2508-C-7500,1.6,1.4,1.6
2025-08-07,2025-08-07 13:53:05.400,MO2508-C-7500,1.6,1.4,1.6
2025-08-07,2025-08-07 13:53:08.900,MO2508-C-7500,1.6,1.4,1.6
2025-08-07,2025-08-07 13:53:09.400,MO2508-C-7500,1.6,1.4,1.6
2025-08-07,2025-08-07 13:53:09.900,MO2508-C-7500,1.6,1.4,1.6
2025-08-07,2025-08-07 13:53:10.400,MO2508-C-7500,1.6,1.4,1.6
2025-08-07,2025-08-07 13:53:10.900,MO2508-C-7500,1.6,1.4,1.6
2025-08-07,2025-08-07 13:53:11.900,MO2508-C-7500,1.6,1.4,1.6
2025-08-07,2025-08-07 13:53:14.900,MO2508-C-7500,1.6,1.4,1.6
2025-08-07,2025-08-07 13:53:15.400,MO2508-C-7500,1.6,1.4,1.6
2025-08-07,2025-08-07 13:53:21.400,MO2508-C-7500,1.6,1.4,1.6
2025-08-07,2025-08-07 13:53:24.900,MO2508-C-7500,1.6,1.4,1.6
2025-08-07,2025-08-07 13:53:25.400,MO2508-C-7500,1.6,1.4,1.6
2025-08-07,2025-08-07 13:53:34.900,MO2508-C-7500,1.6,1.4,1.6
2025-08-07,2025-08-07 13:53:35.400,MO2508-C-7500,1.6,1.4,1.6
2025-08-07,2025-08-07 13:53:37.900,MO2508-C-7500,1.6,1.4,1.6
2025-08-07,2025-08-07 13:53:40.400,MO2508-C-7500,1.6,1.4,1.6
2025-08-07,2025-08-07 13:53:44.900,MO2508-C-7500,1.6,1.4,1.6
2025-08-07,2025-08-07 13:53:45.400,MO2508-C-7500,1.6,1.4,1.6
2025-08-07,2025-08-07 13:53:51.400,MO2508-C-7500,1.6,1.4,1.6
2025-08-07,2025-08-07 13:53:54.400,MO2508-C-7500,1.6,1.4,1.6
2025-08-07,2025-08-07 13:53:54.900,MO2508-C-7500,1.6,1.4,1.6
2025-08-07,2025-08-07 13:53:55.400,MO2508-C-7500,1.6,1.4,1.6
2025-08-07,2025-08-07 13:54:04.900,MO2508-C-7500,1.6,1.4,1.6
2025-08-07,2025-08-07 13:54:05.400,MO2508-C-7500,1.6,1.4,1.6
2025-08-07,2025-08-07 13:54:09.400,MO2508-C-7500,1.6,1.4,1.6
2025-08-07,2025-08-07 13:54:09.900,MO2508-C-7500,1.6,1.4,1.6
2025-08-07,2025-08-07 13:54:14.900,MO2508-C-7500,1.6,1.4,1.6
2025-08-07,2025-08-07 13:54:15.400,MO2508-C-7500,1.6,1.4,1.6
2025-08-07,2025-08-07 13:54:24.900,MO2508-C-7500,1.6,1.4,1.6
2025-08-07,2025-08-07 13:54:25.400,MO2508-C-7500,1.6,1.4,1.6
2025-08-07,2025-08-07 13:54:28.400,MO2508-C-7500,1.6,1.4,1.6
2025-08-07,2025-08-07 13:54:30.900,MO2508-C-7500,1.6,1.4,1.6
2025-08-07,2025-08-07 13:54:31.900,MO2508-C-7500,1.6,1.4,1.6
2025-08-07,2025-08-07 13:54:32.900,MO2508-C-7500,1.6,1.4,1.6
2025-08-07,2025-08-07 13:54:34.400,MO2508-C-7500,1.6,1.4,1.6
2025-08-07,2025-08-07 13:54:34.900,MO2508-C-7500,1.6,1.4,1.6
2025-08-07,2025-08-07 13:54:35.400,MO2508-C-7500,1.6,1.4,1.6
2025-08-07,2025-08-07 13:54:44.900,MO2508-C-7500,1.6,1.4,1.6
2025-08-07,2025-08-07 13:54:45.400,MO2508-C-7500,1.6,1.4,1.6
2025-08-07,2025-08-07 13:54:46.900,MO2508-C-7500,1.6,1.4,1.6
2025-08-07,2025-08-07 13:54:47.900,MO2508-C-7500,1.6,1.4,1.6
2025-08-07,2025-08-07 13:54:53.900,MO2508-C-7500,1.6,1.4,1.6
2025-08-07,2025-08-07 13:54:54.900,MO2508-C-7500,1.6,1.4,1.6
2025-08-07,2025-08-07 13:54:55.400,MO2508-C-7500,1.6,1.4,1.6
2025-08-07,2025-08-07 13:54:55.900,MO2508-C-7500,1.6,1.4,1.6
2025-08-07,2025-08-07 13:55:00.900,MO2508-C-7500,1.6,1.4,1.6
2025-08-07,2025-08-07 13:55:04.900,MO2508-C-7500,1.6,1.4,1.6
2025-08-07,2025-08-07 13:55:05.400,MO2508-C-7500,1.6,1.4,1.6
2025-08-07,2025-08-07 13:55:12.900,MO2508-C-7500,1.6,1.4,1.6
2025-08-07,2025-08-07 13:55:14.400,MO2508-C-7500,1.6,1.4,1.6
2025-08-07,2025-08-07 13:55:14.900,MO2508-C-7500,1.6,1.4,1.6
2025-08-07,2025-08-07 13:55:15.400,MO2508-C-7500,1.6,1.4,1.6
2025-08-07,2025-08-07 13:55:20.900,MO2508-C-7500,1.6,1.4,1.6
2025-08-07,2025-08-07 13:55:23.900,MO2508-C-7500,1.6,1.4,1.6
2025-08-07,2025-08-07 13:55:24.900,MO2508-C-7500,1.6,1.4,1.6
2025-08-07,2025-08-07 13:55:25.400,MO2508-C-7500,1.6,1.4,1.6
2025-08-07,2025-08-07 13:55:27.400,MO2508-C-7500,1.6,1.4,1.6
2025-08-07,2025-08-07 13:55:33.900,MO2508-C-7500,1.6,1.4,1.6
2025-08-07,2025-08-07 13:55:34.400,MO2508-C-7500,1.6,1.4,1.6
2025-08-07,2025-08-07 13:55:34.900,MO2508-C-7500,1.6,1.4,1.6
2025-08-07,2025-08-07 13:55:35.400,MO2508-C-7500,1.6,1.4,1.6
2025-08-07,2025-08-07 13:55:40.900,MO2508-C-7500,1.6,1.4,1.6
2025-08-07,2025-08-07 13:55:41.400,MO2508-C-7500,1.6,1.4,1.6
2025-08-07,2025-08-07 13:55:42.900,MO2508-C-7500,1.6,1.4,1.6
2025-08-07,2025-08-07 13:55:44.900,MO2508-C-7500,1.6,1.4,1.6
2025-08-07,2025-08-07 13:55:45.400,MO2508-C-7500,1.6,1.4,1.6
2025-08-07,2025-08-07 13:55:45.900,MO2508-C-7500,1.6,1.4,1.6
2025-08-07,2025-08-07 13:55:51.900,MO2508-C-7500,1.6,1.4,1.6
2025-08-07,2025-08-07 13:55:52.400,MO2508-C-7500,1.6,1.4,1.6
2025-08-07,2025-08-07 13:55:54.900,MO2508-C-7500,1.6,1.4,1.6
2025-08-07,2025-08-07 13:55:55.400,MO2508-C-7500,1.6,1.4,1.6
2025-08-07,2025-08-07 13:55:55.900,MO2508-C-7500,1.6,1.4,1.6
2025-08-07,2025-08-07 13:56:01.900,MO2508-C-7500,1.6,1.4,1.6
2025-08-07,2025-08-07 13:56:02.400,MO2508-C-7500,1.6,1.4,1.6
2025-08-07,2025-08-07 13:56:04.900,MO2508-C-7500,1.6,1.4,1.6
2025-08-07,2025-08-07 13:56:05.400,MO2508-C-7500,1.6,1.4,1.6
2025-08-07,2025-08-07 13:56:13.400,MO2508-C-7500,1.6,1.4,1.6
2025-08-07,2025-08-07 13:56:13.900,MO2508-C-7500,1.6,1.4,1.6
2025-08-07,2025-08-07 13:56:14.400,MO2508-C-7500,1.6,1.4,1.6
2025-08-07,2025-08-07 13:56:14.900,MO2508-C-7500,1.6,1.4,1.6
2025-08-07,2025-08-07 13:56:15.400,MO2508-C-7500,1.6,1.4,1.6
2025-08-07,2025-08-07 13:56:22.400,MO2508-C-7500,1.6,1.4,1.6
2025-08-07,2025-08-07 13:56:22.900,MO2508-C-7500,1.6,1.4,1.6
2025-08-07,2025-08-07 13:56:24.900,MO2508-C-7500,1.6,1.4,1.6
2025-08-07,2025-08-07 13:56:25.400,MO2508-C-7500,1.6,1.4,1.6
2025-08-07,2025-08-07 13:56:25.900,MO2508-C-7500,1.6,1.4,1.6
2025-08-07,2025-08-07 13:56:34.900,MO2508-C-7500,1.6,1.4,1.6
2025-08-07,2025-08-07 13:56:35.400,MO2508-C-7500,1.6,1.4,1.6
2025-08-07,2025-08-07 13:56:44.900,MO2508-C-7500,1.6,1.4,1.6
2025-08-07,2025-08-07 13:56:45.400,MO2508-C-7500,1.6,1.4,1.6
2025-08-07,2025-08-07 13:56:50.900,MO2508-C-7500,1.6,1.4,1.6
2025-08-07,2025-08-07 13:56:51.400,MO2508-C-7500,1.6,1.4,1.6
2025-08-07,2025-08-07 13:56:54.900,MO2508-C-7500,1.6,1.4,1.6
2025-08-07,2025-08-07 13:56:55.400,MO2508-C-7500,1.6,1.4,1.6
2025-08-07,2025-08-07 13:57:04.900,MO2508-C-7500,1.6,1.4,1.6
2025-08-07,2025-08-07 13:57:05.400,MO2508-C-7500,1.6,1.4,1.6
2025-08-07,2025-08-07 13:57:05.900,MO2508-C-7500,1.6,1.4,1.6
2025-08-07,2025-08-07 13:57:06.400,MO2508-C-7500,1.6,1.4,1.6
2025-08-07,2025-08-07 13:57:06.900,MO2508-C-7500,1.6,1.4,1.6
2025-08-07,2025-08-07 13:57:14.900,MO2508-C-7500,1.6,1.4,1.6
2025-08-07,2025-08-07 13:57:15.400,MO2508-C-7500,1.6,1.4,1.6
2025-08-07,2025-08-07 13:57:22.900,MO2508-C-7500,1.6,1.4,1.6
2025-08-07,2025-08-07 13:57:23.400,MO2508-C-7500,1.6,1.4,1.6
2025-08-07,2025-08-07 13:57:23.900,MO2508-C-7500,1.6,1.4,1.6
2025-08-07,2025-08-07 13:57:24.400,MO2508-C-7500,1.6,1.4,1.6
2025-08-07,2025-08-07 13:57:24.900,MO2508-C-7500,1.6,1.4,1.6
2025-08-07,2025-08-07 13:57:25.400,MO2508-C-7500,1.6,1.4,1.6
2025-08-07,2025-08-07 13:57:34.900,MO2508-C-7500,1.6,1.4,1.6
2025-08-07,2025-08-07 13:57:35.400,MO2508-C-7500,1.6,1.4,1.6
2025-08-07,2025-08-07 13:57:35.900,MO2508-C-7500,1.6,1.4,1.6
2025-08-07,2025-08-07 13:57:44.900,MO2508-C-7500,1.6,1.4,1.6
2025-08-07,2025-08-07 13:57:45.400,MO2508-C-7500,1.6,1.4,1.6
2025-08-07,2025-08-07 13:57:54.900,MO2508-C-7500,1.6,1.4,1.6
2025-08-07,2025-08-07 13:57:55.400,MO2508-C-7500,1.6,1.4,1.6
2025-08-07,2025-08-07 13:58:04.900,MO2508-C-7500,1.6,1.4,1.6
2025-08-07,2025-08-07 13:58:05.400,MO2508-C-7500,1.6,1.4,1.6
2025-08-07,2025-08-07 13:58:14.900,MO2508-C-7500,1.6,1.4,1.6
2025-08-07,2025-08-07 13:58:15.400,MO2508-C-7500,1.6,1.4,1.6
2025-08-07,2025-08-07 13:58:24.900,MO2508-C-7500,1.6,1.4,1.6
2025-08-07,2025-08-07 13:58:25.400,MO2508-C-7500,1.6,1.4,1.6
2025-08-07,2025-08-07 13:58:34.900,MO2508-C-7500,1.6,1.4,1.6
2025-08-07,2025-08-07 13:58:35.400,MO2508-C-7500,1.6,1.4,1.6
2025-08-07,2025-08-07 13:58:44.900,MO2508-C-7500,1.6,1.4,1.6
2025-08-07,2025-08-07 13:58:45.400,MO2508-C-7500,1.6,1.4,1.6
2025-08-07,2025-08-07 13:58:54.900,MO2508-C-7500,1.6,1.4,1.6
2025-08-07,2025-08-07 13:58:55.400,MO2508-C-7500,1.6,1.4,1.6
2025-08-07,2025-08-07 13:59:04.900,MO2508-C-7500,1.6,1.4,1.6
2025-08-07,2025-08-07 13:59:05.400,MO2508-C-7500,1.6,1.4,1.6
2025-08-07,2025-08-07 13:59:14.900,MO2508-C-7500,1.6,1.4,1.6
2025-08-07,2025-08-07 13:59:15.400,MO2508-C-7500,1.6,1.4,1.6
2025-08-07,2025-08-07 13:59:24.900,MO2508-C-7500,1.6,1.4,1.6
2025-08-07,2025-08-07 13:59:25.400,MO2508-C-7500,1.6,1.4,1.6
2025-08-07,2025-08-07 13:59:27.900,MO2508-C-7500,1.6,1.4,1.6
2025-08-07,2025-08-07 13:59:29.900,MO2508-C-7500,1.6,1.4,1.6
2025-08-07,2025-08-07 13:59:34.900,MO2508-C-7500,1.6,1.4,1.6
2025-08-07,2025-08-07 13:59:35.400,MO2508-C-7500,1.6,1.4,1.6
2025-08-07,2025-08-07 13:59:44.900,MO2508-C-7500,1.6,1.4,1.6
2025-08-07,2025-08-07 13:59:45.400,MO2508-C-7500,1.6,1.4,1.6
2025-08-07,2025-08-07 13:59:54.900,MO2508-C-7500,1.6,1.4,1.6
2025-08-07,2025-08-07 13:59:55.400,MO2508-C-7500,1.6,1.4,1.6
2025-08-07,2025-08-07 14:00:04.900,MO2508-C-7500,1.6,1.4,1.6
2025-08-07,2025-08-07 14:00:05.400,MO2508-C-7500,1.6,1.4,1.6
2025-08-07,2025-08-07 14:00:08.400,MO2508-C-7500,1.6,1.4,1.6
2025-08-07,2025-08-07 14:00:11.400,MO2508-C-7500,1.6,1.4,1.6
2025-08-07,2025-08-07 14:00:11.900,MO2508-C-7500,1.6,1.4,1.6
2025-08-07,2025-08-07 14:00:14.900,MO2508-C-7500,1.6,1.4,1.6
2025-08-07,2025-08-07 14:00:15.400,MO2508-C-7500,1.6,1.4,1.6
2025-08-07,2025-08-07 14:00:24.900,MO2508-C-7500,1.6,1.4,1.6
2025-08-07,2025-08-07 14:00:25.400,MO2508-C-7500,1.6,1.4,1.6
2025-08-07,2025-08-07 14:00:28.900,MO2508-C-7500,1.6,1.4,1.6
2025-08-07,2025-08-07 14:00:34.900,MO2508-C-7500,1.6,1.4,1.6
2025-08-07,2025-08-07 14:00:35.400,MO2508-C-7500,1.6,1.4,1.6
2025-08-07,2025-08-07 14:00:41.400,MO2508-C-7500,1.6,1.4,1.6
2025-08-07,2025-08-07 14:00:44.900,MO2508-C-7500,1.6,1.4,1.6
2025-08-07,2025-08-07 14:00:45.400,MO2508-C-7500,1.6,1.4,1.6
2025-08-07,2025-08-07 14:00:54.900,MO2508-C-7500,1.6,1.4,1.6
2025-08-07,2025-08-07 14:00:55.400,MO2508-C-7500,1.6,1.4,1.6
2025-08-07,2025-08-07 14:01:04.900,MO2508-C-7500,1.6,1.4,1.6
2025-08-07,2025-08-07 14:01:05.400,MO2508-C-7500,1.6,1.4,1.6
2025-08-07,2025-08-07 14:01:14.900,MO2508-C-7500,1.6,1.4,1.6
2025-08-07,2025-08-07 14:01:15.400,MO2508-C-7500,1.6,1.4,1.6
2025-08-07,2025-08-07 14:01:24.900,MO2508-C-7500,1.6,1.4,1.6
2025-08-07,2025-08-07 14:01:25.400,MO2508-C-7500,1.6,1.4,1.6
2025-08-07,2025-08-07 14:01:34.400,MO2508-C-7500,1.6,1.4,1.6
2025-08-07,2025-08-07 14:01:34.900,MO2508-C-7500,1.6,1.4,1.6
2025-08-07,2025-08-07 14:01:35.400,MO2508-C-7500,1.6,1.4,1.6
2025-08-07,2025-08-07 14:01:36.400,MO2508-C-7500,1.6,1.4,1.6
2025-08-07,2025-08-07 14:01:40.900,MO2508-C-7500,1.6,1.4,1.6
2025-08-07,2025-08-07 14:01:41.900,MO2508-C-7500,1.6,1.4,1.6
2025-08-07,2025-08-07 14:01:44.900,MO2508-C-7500,1.6,1.4,1.6
2025-08-07,2025-08-07 14:01:45.400,MO2508-C-7500,1.6,1.4,1.6
2025-08-07,2025-08-07 14:01:46.900,MO2508-C-7500,1.6,1.4,1.6
2025-08-07,2025-08-07 14:01:49.900,MO2508-C-7500,1.6,1.4,1.6
2025-08-07,2025-08-07 14:01:54.900,MO2508-C-7500,1.6,1.4,1.6
2025-08-07,2025-08-07 14:01:55.400,MO2508-C-7500,1.6,1.4,1.6
2025-08-07,2025-08-07 14:02:04.900,MO2508-C-7500,1.6,1.4,1.6
2025-08-07,2025-08-07 14:02:05.400,MO2508-C-7500,1.6,1.4,1.6
2025-08-07,2025-08-07 14:02:05.900,MO2508-C-7500,1.6,1.4,1.6
2025-08-07,2025-08-07 14:02:07.400,MO2508-C-7500,1.6,1.4,1.6
2025-08-07,2025-08-07 14:02:14.900,MO2508-C-7500,1.6,1.4,1.6
2025-08-07,2025-08-07 14:02:15.400,MO2508-C-7500,1.6,1.4,1.6
2025-08-07,2025-08-07 14:02:17.400,MO2508-C-7500,1.6,1.4,1.6
2025-08-07,2025-08-07 14:02:23.900,MO2508-C-7500,1.6,1.4,1.6
2025-08-07,2025-08-07 14:02:24.900,MO2508-C-7500,1.6,1.4,1.6
2025-08-07,2025-08-07 14:02:25.400,MO2508-C-7500,1.6,1.4,1.6
2025-08-07,2025-08-07 14:02:27.400,MO2508-C-7500,1.6,1.4,1.6
2025-08-07,2025-08-07 14:02:29.400,MO2508-C-7500,1.6,1.4,1.6
2025-08-07,2025-08-07 14:02:32.900,MO2508-C-7500,1.6,1.4,1.6
2025-08-07,2025-08-07 14:02:33.400,MO2508-C-7500,1.6,1.4,1.6
2025-08-07,2025-08-07 14:02:34.900,MO2508-C-7500,1.6,1.4,1.6
2025-08-07,2025-08-07 14:02:35.400,MO2508-C-7500,1.6,1.4,1.6
2025-08-07,2025-08-07 14:02:35.900,MO2508-C-7500,1.6,1.4,1.6
2025-08-07,2025-08-07 14:02:37.400,MO2508-C-7500,1.6,1.4,1.6
2025-08-07,2025-08-07 14:02:37.900,MO2508-C-7500,1.6,1.4,1.6
2025-08-07,2025-08-07 14:02:44.900,MO2508-C-7500,1.6,1.4,1.6
2025-08-07,2025-08-07 14:02:45.400,MO2508-C-7500,1.6,1.4,1.6
2025-08-07,2025-08-07 14:02:52.400,MO2508-C-7500,1.6,1.4,1.6
2025-08-07,2025-08-07 14:02:54.900,MO2508-C-7500,1.6,1.4,1.6
2025-08-07,2025-08-07 14:02:55.400,MO2508-C-7500,1.6,1.4,1.6
2025-08-07,2025-08-07 14:03:02.400,MO2508-C-7500,1.6,1.4,1.6
2025-08-07,2025-08-07 14:03:02.900,MO2508-C-7500,1.6,1.4,1.6
2025-08-07,2025-08-07 14:03:03.400,MO2508-C-7500,1.6,1.4,1.6
2025-08-07,2025-08-07 14:03:04.900,MO2508-C-7500,1.6,1.4,1.6
2025-08-07,2025-08-07 14:03:05.400,MO2508-C-7500,1.6,1.4,1.6
2025-08-07,2025-08-07 14:03:10.900,MO2508-C-7500,1.6,1.4,1.6
2025-08-07,2025-08-07 14:03:11.900,MO2508-C-7500,1.6,1.4,1.6
2025-08-07,2025-08-07 14:03:13.900,MO2508-C-7500,1.6,1.4,1.6
2025-08-07,2025-08-07 14:03:14.900,MO2508-C-7500,1.6,1.4,1.6
2025-08-07,2025-08-07 14:03:15.400,MO2508-C-7500,1.6,1.4,1.6
2025-08-07,2025-08-07 14:03:24.900,MO2508-C-7500,1.6,1.4,1.6
2025-08-07,2025-08-07 14:03:25.400,MO2508-C-7500,1.6,1.4,1.6
2025-08-07,2025-08-07 14:03:31.900,MO2508-C-7500,1.6,1.4,1.6
2025-08-07,2025-08-07 14:03:32.400,MO2508-C-7500,1.6,1.4,1.6
2025-08-07,2025-08-07 14:03:32.900,MO2508-C-7500,1.6,1.4,1.6
2025-08-07,2025-08-07 14:03:33.400,MO2508-C-7500,1.6,1.4,1.6
2025-08-07,2025-08-07 14:03:33.900,MO2508-C-7500,1.6,1.4,1.6
2025-08-07,2025-08-07 14:03:34.400,MO2508-C-7500,1.6,1.4,1.6
2025-08-07,2025-08-07 14:03:34.900,MO2508-C-7500,1.6,1.4,1.6
2025-08-07,2025-08-07 14:03:35.400,MO2508-C-7500,1.6,1.4,1.6
2025-08-07,2025-08-07 14:03:35.900,MO2508-C-7500,1.6,1.4,1.6
2025-08-07,2025-08-07 14:03:36.400,MO2508-C-7500,1.6,1.4,1.6
2025-08-07,2025-08-07 14:03:37.900,MO2508-C-7500,1.6,1.4,1.6
2025-08-07,2025-08-07 14:03:38.400,MO2508-C-7500,1.6,1.4,1.6
2025-08-07,2025-08-07 14:03:44.900,MO2508-C-7500,1.6,1.4,1.6
2025-08-07,2025-08-07 14:03:45.400,MO2508-C-7500,1.6,1.4,1.6
2025-08-07,2025-08-07 14:03:45.900,MO2508-C-7500,1.6,1.4,1.6
2025-08-07,2025-08-07 14:03:46.400,MO2508-C-7500,1.6,1.4,1.6
2025-08-07,2025-08-07 14:03:47.400,MO2508-C-7500,1.6,1.4,1.6
2025-08-07,2025-08-07 14:03:48.900,MO2508-C-7500,1.6,1.4,1.6
2025-08-07,2025-08-07 14:03:49.400,MO2508-C-7500,1.6,1.4,1.6
2025-08-07,2025-08-07 14:03:49.900,MO2508-C-7500,1.6,1.4,1.6
2025-08-07,2025-08-07 14:03:50.900,MO2508-C-7500,1.6,1.4,1.6
2025-08-07,2025-08-07 14:03:53.900,MO2508-C-7500,1.6,1.4,1.6
2025-08-07,2025-08-07 14:03:54.900,MO2508-C-7500,1.6,1.4,1.6
2025-08-07,2025-08-07 14:03:55.400,MO2508-C-7500,1.6,1.4,1.6
2025-08-07,2025-08-07 14:04:00.400,MO2508-C-7500,1.6,1.4,1.6
2025-08-07,2025-08-07 14:04:02.900,MO2508-C-7500,1.6,1.4,1.6
2025-08-07,2025-08-07 14:04:04.900,MO2508-C-7500,1.6,1.4,1.6
2025-08-07,2025-08-07 14:04:05.400,MO2508-C-7500,1.6,1.4,1.6
2025-08-07,2025-08-07 14:04:05.900,MO2508-C-7500,1.6,1.4,1.6
2025-08-07,2025-08-07 14:04:06.900,MO2508-C-7500,1.6,1.4,1.6
2025-08-07,2025-08-07 14:04:07.400,MO2508-C-7500,1.6,1.4,1.6
2025-08-07,2025-08-07 14:04:14.900,MO2508-C-7500,1.6,1.4,1.6
2025-08-07,2025-08-07 14:04:15.400,MO2508-C-7500,1.6,1.4,1.6
2025-08-07,2025-08-07 14:04:15.900,MO2508-C-7500,1.6,1.4,1.6
2025-08-07,2025-08-07 14:04:24.900,MO2508-C-7500,1.6,1.4,1.6
2025-08-07,2025-08-07 14:04:25.400,MO2508-C-7500,1.6,1.4,1.6
2025-08-07,2025-08-07 14:04:25.900,MO2508-C-7500,1.6,1.4,1.6
2025-08-07,2025-08-07 14:04:33.900,MO2508-C-7500,1.6,1.4,1.6
2025-08-07,2025-08-07 14:04:34.900,MO2508-C-7500,1.6,1.4,1.6
2025-08-07,2025-08-07 14:04:35.400,MO2508-C-7500,1.6,1.4,1.6
2025-08-07,2025-08-07 14:04:35.900,MO2508-C-7500,1.6,1.4,1.6
2025-08-07,2025-08-07 14:04:39.900,MO2508-C-7500,1.6,1.4,1.6
2025-08-07,2025-08-07 14:04:42.900,MO2508-C-7500,1.6,1.4,1.6
2025-08-07,2025-08-07 14:04:43.900,MO2508-C-7500,1.6,1.4,1.6
2025-08-07,2025-08-07 14:04:44.900,MO2508-C-7500,1.6,1.4,1.6
2025-08-07,2025-08-07 14:04:45.400,MO2508-C-7500,1.6,1.4,1.6
2025-08-07,2025-08-07 14:04:45.900,MO2508-C-7500,1.6,1.4,1.6
2025-08-07,2025-08-07 14:04:53.400,MO2508-C-7500,1.6,1.4,1.6
2025-08-07,2025-08-07 14:04:54.900,MO2508-C-7500,1.6,1.4,1.6
2025-08-07,2025-08-07 14:04:55.400,MO2508-C-7500,1.6,1.4,1.6
2025-08-07,2025-08-07 14:04:55.900,MO2508-C-7500,1.6,1.4,1.6
2025-08-07,2025-08-07 14:05:04.900,MO2508-C-7500,1.6,1.4,1.6
2025-08-07,2025-08-07 14:05:05.400,MO2508-C-7500,1.6,1.4,1.6
2025-08-07,2025-08-07 14:05:05.900,MO2508-C-7500,1.6,1.4,1.6
2025-08-07,2025-08-07 14:05:10.400,MO2508-C-7500,1.6,1.4,1.6
2025-08-07,2025-08-07 14:05:14.900,MO2508-C-7500,1.6,1.4,1.6
2025-08-07,2025-08-07 14:05:15.400,MO2508-C-7500,1.6,1.4,1.6
2025-08-07,2025-08-07 14:05:24.900,MO2508-C-7500,1.6,1.4,1.6
2025-08-07,2025-08-07 14:05:25.400,MO2508-C-7500,1.6,1.4,1.6
2025-08-07,2025-08-07 14:05:29.900,MO2508-C-7500,1.6,1.4,1.6
2025-08-07,2025-08-07 14:05:32.900,MO2508-C-7500,1.6,1.4,1.6
2025-08-07,2025-08-07 14:05:33.900,MO2508-C-7500,1.6,1.4,1.6
2025-08-07,2025-08-07 14:05:34.900,MO2508-C-7500,1.6,1.4,1.6
2025-08-07,2025-08-07 14:05:35.400,MO2508-C-7500,1.6,1.4,1.6
2025-08-07,2025-08-07 14:05:35.900,MO2508-C-7500,1.6,1.4,1.6
2025-08-07,2025-08-07 14:05:44.900,MO2508-C-7500,1.6,1.4,1.6
2025-08-07,2025-08-07 14:05:45.400,MO2508-C-7500,1.6,1.4,1.6
2025-08-07,2025-08-07 14:05:48.900,MO2508-C-7500,1.6,1.4,1.6
2025-08-07,2025-08-07 14:05:54.900,MO2508-C-7500,1.6,1.4,1.6
2025-08-07,2025-08-07 14:05:55.400,MO2508-C-7500,1.6,1.4,1.6
2025-08-07,2025-08-07 14:05:56.900,MO2508-C-7500,1.6,1.4,1.6
2025-08-07,2025-08-07 14:05:57.900,MO2508-C-7500,1.6,1.4,1.6
2025-08-07,2025-08-07 14:05:58.400,MO2508-C-7500,1.6,1.4,1.6
2025-08-07,2025-08-07 14:05:58.900,MO2508-C-7500,1.6,1.4,1.6
2025-08-07,2025-08-07 14:06:01.900,MO2508-C-7500,1.6,1.4,1.6
2025-08-07,2025-08-07 14:06:02.400,MO2508-C-7500,1.6,1.4,1.6
2025-08-07,2025-08-07 14:06:02.900,MO2508-C-7500,1.6,1.4,1.6
2025-08-07,2025-08-07 14:06:04.900,MO2508-C-7500,1.6,1.4,1.6
2025-08-07,2025-08-07 14:06:05.400,MO2508-C-7500,1.6,1.4,1.6
2025-08-07,2025-08-07 14:06:05.900,MO2508-C-7500,1.6,1.4,1.6
2025-08-07,2025-08-07 14:06:06.400,MO2508-C-7500,1.6,1.4,1.6
2025-08-07,2025-08-07 14:06:06.900,MO2508-C-7500,1.6,1.4,1.6
2025-08-07,2025-08-07 14:06:08.400,MO2508-C-7500,1.6,1.4,1.6
2025-08-07,2025-08-07 14:06:08.900,MO2508-C-7500,1.6,1.4,1.6
2025-08-07,2025-08-07 14:06:09.900,MO2508-C-7500,1.6,1.4,1.6
2025-08-07,2025-08-07 14:06:10.400,MO2508-C-7500,1.6,1.4,1.6
2025-08-07,2025-08-07 14:06:14.400,MO2508-C-7500,1.6,1.4,1.6
2025-08-07,2025-08-07 14:06:14.900,MO2508-C-7500,1.6,1.4,1.6
2025-08-07,2025-08-07 14:06:15.400,MO2508-C-7500,1.6,1.4,1.6
2025-08-07,2025-08-07 14:06:15.900,MO2508-C-7500,1.6,1.4,1.6
2025-08-07,2025-08-07 14:06:16.400,MO2508-C-7500,1.6,1.4,1.6
2025-08-07,2025-08-07 14:06:16.900,MO2508-C-7500,1.6,1.4,1.6
2025-08-07,2025-08-07 14:06:17.400,MO2508-C-7500,1.6,1.4,1.6
2025-08-07,2025-08-07 14:06:17.900,MO2508-C-7500,1.6,1.4,1.6
2025-08-07,2025-08-07 14:06:20.400,MO2508-C-7500,1.6,1.4,1.6
2025-08-07,2025-08-07 14:06:20.900,MO2508-C-7500,1.6,1.4,1.6
2025-08-07,2025-08-07 14:06:21.400,MO2508-C-7500,1.6,1.4,1.6
2025-08-07,2025-08-07 14:06:24.400,MO2508-C-7500,1.6,1.4,1.6
2025-08-07,2025-08-07 14:06:24.900,MO2508-C-7500,1.6,1.4,1.6
2025-08-07,2025-08-07 14:06:25.400,MO2508-C-7500,1.6,1.4,1.6
2025-08-07,2025-08-07 14:06:28.400,MO2508-C-7500,1.6,1.4,1.6
2025-08-07,2025-08-07 14:06:29.900,MO2508-C-7500,1.6,1.4,1.6
2025-08-07,2025-08-07 14:06:31.400,MO2508-C-7500,1.6,1.4,1.6
2025-08-07,2025-08-07 14:06:31.900,MO2508-C-7500,1.6,1.4,1.6
2025-08-07,2025-08-07 14:06:32.400,MO2508-C-7500,1.6,1.4,1.6
2025-08-07,2025-08-07 14:06:32.900,MO2508-C-7500,1.6,1.4,1.6
2025-08-07,2025-08-07 14:06:34.400,MO2508-C-7500,1.6,1.4,1.6
2025-08-07,2025-08-07 14:06:34.900,MO2508-C-7500,1.6,1.4,1.6
2025-08-07,2025-08-07 14:06:35.400,MO2508-C-7500,1.6,1.4,1.6
2025-08-07,2025-08-07 14:06:35.900,MO2508-C-7500,1.6,1.4,1.6
2025-08-07,2025-08-07 14:06:40.400,MO2508-C-7500,1.6,1.4,1.6
2025-08-07,2025-08-07 14:06:44.900,MO2508-C-7500,1.6,1.4,1.6
2025-08-07,2025-08-07 14:06:45.400,MO2508-C-7500,1.6,1.4,1.6
2025-08-07,2025-08-07 14:06:53.900,MO2508-C-7500,1.6,1.4,1.6
2025-08-07,2025-08-07 14:06:54.400,MO2508-C-7500,1.6,1.4,1.6
2025-08-07,2025-08-07 14:06:54.900,MO2508-C-7500,1.6,1.4,1.6
2025-08-07,2025-08-07 14:06:55.400,MO2508-C-7500,1.6,1.4,1.6
2025-08-07,2025-08-07 14:07:03.400,MO2508-C-7500,1.6,1.4,1.6
2025-08-07,2025-08-07 14:07:03.900,MO2508-C-7500,1.6,1.4,1.6
2025-08-07,2025-08-07 14:07:04.400,MO2508-C-7500,1.6,1.4,1.6
2025-08-07,2025-08-07 14:07:04.900,MO2508-C-7500,1.6,1.4,1.6
2025-08-07,2025-08-07 14:07:05.400,MO2508-C-7500,1.6,1.4,1.6
2025-08-07,2025-08-07 14:07:05.900,MO2508-C-7500,1.6,1.4,1.6
2025-08-07,2025-08-07 14:07:06.400,MO2508-C-7500,1.6,1.4,1.6
2025-08-07,2025-08-07 14:07:09.900,MO2508-C-7500,1.6,1.4,1.6
2025-08-07,2025-08-07 14:07:14.900,MO2508-C-7500,1.6,1.4,1.6
2025-08-07,2025-08-07 14:07:15.400,MO2508-C-7500,1.6,1.4,1.6
2025-08-07,2025-08-07 14:07:15.900,MO2508-C-7500,1.6,1.4,1.6
2025-08-07,2025-08-07 14:07:16.400,MO2508-C-7500,1.6,1.4,1.6
2025-08-07,2025-08-07 14:07:20.400,MO2508-C-7500,1.6,1.4,1.6
2025-08-07,2025-08-07 14:07:24.900,MO2508-C-7500,1.6,1.4,1.6
2025-08-07,2025-08-07 14:07:25.400,MO2508-C-7500,1.6,1.4,1.6
2025-08-07,2025-08-07 14:07:34.900,MO2508-C-7500,1.6,1.4,1.6
2025-08-07,2025-08-07 14:07:35.400,MO2508-C-7500,1.6,1.4,1.6
2025-08-07,2025-08-07 14:07:44.900,MO2508-C-7500,1.6,1.4,1.6
2025-08-07,2025-08-07 14:07:45.400,MO2508-C-7500,1.6,1.4,1.6
2025-08-07,2025-08-07 14:07:45.900,MO2508-C-7500,1.6,1.4,1.6
2025-08-07,2025-08-07 14:07:50.400,MO2508-C-7500,1.6,1.4,1.6
2025-08-07,2025-08-07 14:07:50.900,MO2508-C-7500,1.6,1.4,1.6
2025-08-07,2025-08-07 14:07:54.400,MO2508-C-7500,1.6,1.4,1.6
2025-08-07,2025-08-07 14:07:54.900,MO2508-C-7500,1.6,1.4,1.6
2025-08-07,2025-08-07 14:07:55.400,MO2508-C-7500,1.6,1.4,1.6
2025-08-07,2025-08-07 14:07:55.900,MO2508-C-7500,1.6,1.4,1.6
2025-08-07,2025-08-07 14:07:56.400,MO2508-C-7500,1.6,1.4,1.6
2025-08-07,2025-08-07 14:08:02.400,MO2508-C-7500,1.6,1.4,1.6
2025-08-07,2025-08-07 14:08:03.400,MO2508-C-7500,1.6,1.4,1.6
2025-08-07,2025-08-07 14:08:04.900,MO2508-C-7500,1.6,1.4,1.6
2025-08-07,2025-08-07 14:08:05.400,MO2508-C-7500,1.6,1.4,1.6
2025-08-07,2025-08-07 14:08:07.400,MO2508-C-7500,1.6,1.4,1.6
2025-08-07,2025-08-07 14:08:14.900,MO2508-C-7500,1.6,1.4,1.6
2025-08-07,2025-08-07 14:08:15.400,MO2508-C-7500,1.6,1.4,1.6
2025-08-07,2025-08-07 14:08:17.900,MO2508-C-7500,1.6,1.4,1.6
2025-08-07,2025-08-07 14:08:24.900,MO2508-C-7500,1.6,1.4,1.6
2025-08-07,2025-08-07 14:08:25.400,MO2508-C-7500,1.6,1.4,1.6
2025-08-07,2025-08-07 14:08:28.400,MO2508-C-7500,1.6,1.4,1.6
2025-08-07,2025-08-07 14:08:31.900,MO2508-C-7500,1.6,1.4,1.6
2025-08-07,2025-08-07 14:08:32.400,MO2508-C-7500,1.6,1.4,1.6
2025-08-07,2025-08-07 14:08:34.900,MO2508-C-7500,1.6,1.4,1.6
2025-08-07,2025-08-07 14:08:35.400,MO2508-C-7500,1.6,1.4,1.6
2025-08-07,2025-08-07 14:08:35.900,MO2508-C-7500,1.6,1.4,1.6
2025-08-07,2025-08-07 14:08:44.900,MO2508-C-7500,1.6,1.4,1.6
2025-08-07,2025-08-07 14:08:45.400,MO2508-C-7500,1.6,1.4,1.6
2025-08-07,2025-08-07 14:08:54.900,MO2508-C-7500,1.6,1.4,1.6
2025-08-07,2025-08-07 14:08:55.400,MO2508-C-7500,1.6,1.4,1.6
2025-08-07,2025-08-07 14:09:04.900,MO2508-C-7500,1.6,1.4,1.6
2025-08-07,2025-08-07 14:09:05.400,MO2508-C-7500,1.6,1.4,1.6
2025-08-07,2025-08-07 14:09:08.400,MO2508-C-7500,1.6,1.4,1.6
2025-08-07,2025-08-07 14:09:09.900,MO2508-C-7500,1.6,1.4,1.6
2025-08-07,2025-08-07 14:09:14.900,MO2508-C-7500,1.6,1.4,1.6
2025-08-07,2025-08-07 14:09:15.400,MO2508-C-7500,1.6,1.4,1.6
2025-08-07,2025-08-07 14:09:17.400,MO2508-C-7500,1.6,1.4,1.6
2025-08-07,2025-08-07 14:09:24.900,MO2508-C-7500,1.6,1.4,1.6
2025-08-07,2025-08-07 14:09:25.400,MO2508-C-7500,1.6,1.4,1.6
2025-08-07,2025-08-07 14:09:34.900,MO2508-C-7500,1.6,1.4,1.6
2025-08-07,2025-08-07 14:09:35.400,MO2508-C-7500,1.6,1.4,1.6
2025-08-07,2025-08-07 14:09:35.900,MO2508-C-7500,1.6,1.4,1.6
2025-08-07,2025-08-07 14:09:36.400,MO2508-C-7500,1.6,1.4,1.6
2025-08-07,2025-08-07 14:09:36.900,MO2508-C-7500,1.6,1.4,1.6
2025-08-07,2025-08-07 14:09:44.900,MO2508-C-7500,1.6,1.4,1.6
2025-08-07,2025-08-07 14:09:45.400,MO2508-C-7500,1.6,1.4,1.6
2025-08-07,2025-08-07 14:09:53.400,MO2508-C-7500,1.6,1.4,1.6
2025-08-07,2025-08-07 14:09:53.900,MO2508-C-7500,1.6,1.4,1.6
2025-08-07,2025-08-07 14:09:54.900,MO2508-C-7500,1.6,1.4,1.6
2025-08-07,2025-08-07 14:09:55.400,MO2508-C-7500,1.6,1.4,1.6
2025-08-07,2025-08-07 14:09:57.900,MO2508-C-7500,1.6,1.4,1.6
2025-08-07,2025-08-07 14:10:04.900,MO2508-C-7500,1.6,1.4,1.6
2025-08-07,2025-08-07 14:10:05.400,MO2508-C-7500,1.6,1.4,1.6
2025-08-07,2025-08-07 14:10:14.900,MO2508-C-7500,1.6,1.4,1.6
2025-08-07,2025-08-07 14:10:15.400,MO2508-C-7500,1.6,1.4,1.6
2025-08-07,2025-08-07 14:10:16.400,MO2508-C-7500,1.6,1.4,1.6
2025-08-07,2025-08-07 14:10:16.900,MO2508-C-7500,1.6,1.4,1.6
2025-08-07,2025-08-07 14:10:17.400,MO2508-C-7500,1.6,1.4,1.6
2025-08-07,2025-08-07 14:10:24.900,MO2508-C-7500,1.6,1.4,1.6
2025-08-07,2025-08-07 14:10:25.400,MO2508-C-7500,1.6,1.4,1.6
2025-08-07,2025-08-07 14:10:27.900,MO2508-C-7500,1.6,1.4,1.6
2025-08-07,2025-08-07 14:10:28.400,MO2508-C-7500,1.6,1.4,1.6
2025-08-07,2025-08-07 14:10:34.900,MO2508-C-7500,1.6,1.4,1.6
2025-08-07,2025-08-07 14:10:35.400,MO2508-C-7500,1.6,1.4,1.6
2025-08-07,2025-08-07 14:10:44.400,MO2508-C-7500,1.6,1.4,1.6
2025-08-07,2025-08-07 14:10:44.900,MO2508-C-7500,1.6,1.4,1.6
2025-08-07,2025-08-07 14:10:45.400,MO2508-C-7500,1.6,1.4,1.6
2025-08-07,2025-08-07 14:10:50.900,MO2508-C-7500,1.6,1.4,1.6
2025-08-07,2025-08-07 14:10:51.900,MO2508-C-7500,1.6,1.4,1.6
2025-08-07,2025-08-07 14:10:54.400,MO2508-C-7500,1.6,1.4,1.6
2025-08-07,2025-08-07 14:10:54.900,MO2508-C-7500,1.6,1.4,1.6
2025-08-07,2025-08-07 14:10:55.400,MO2508-C-7500,1.6,1.4,1.6
2025-08-07,2025-08-07 14:11:04.900,MO2508-C-7500,1.6,1.4,1.6
2025-08-07,2025-08-07 14:11:05.400,MO2508-C-7500,1.6,1.4,1.6
2025-08-07,2025-08-07 14:11:14.900,MO2508-C-7500,1.6,1.4,1.6
2025-08-07,2025-08-07 14:11:15.400,MO2508-C-7500,1.6,1.4,1.6
2025-08-07,2025-08-07 14:11:22.400,MO2508-C-7500,1.4,1.4,1.6
2025-08-07,2025-08-07 14:11:24.900,MO2508-C-7500,1.4,1.4,1.6
2025-08-07,2025-08-07 14:11:25.400,MO2508-C-7500,1.4,1.4,1.6
2025-08-07,2025-08-07 14:11:27.400,MO2508-C-7500,1.4,1.4,1.6
2025-08-07,2025-08-07 14:11:27.900,MO2508-C-7500,1.4,1.4,1.6
2025-08-07,2025-08-07 14:11:28.400,MO2508-C-7500,1.4,1.4,1.6
2025-08-07,2025-08-07 14:11:28.900,MO2508-C-7500,1.4,1.4,1.6
2025-08-07,2025-08-07 14:11:30.900,MO2508-C-7500,1.4,1.4,1.6
2025-08-07,2025-08-07 14:11:31.400,MO2508-C-7500,1.4,1.4,1.6
2025-08-07,2025-08-07 14:11:34.900,MO2508-C-7500,1.4,1.4,1.6
2025-08-07,2025-08-07 14:11:35.400,MO2508-C-7500,1.4,1.4,1.6
2025-08-07,2025-08-07 14:11:44.900,MO2508-C-7500,1.4,1.4,1.6
2025-08-07,2025-08-07 14:11:45.400,MO2508-C-7500,1.4,1.4,1.6
2025-08-07,2025-08-07 14:11:46.900,MO2508-C-7500,1.4,1.4,1.6
2025-08-07,2025-08-07 14:11:54.900,MO2508-C-7500,1.4,1.4,1.6
2025-08-07,2025-08-07 14:11:55.400,MO2508-C-7500,1.4,1.4,1.6
2025-08-07,2025-08-07 14:12:04.900,MO2508-C-7500,1.4,1.4,1.6
2025-08-07,2025-08-07 14:12:05.400,MO2508-C-7500,1.4,1.4,1.6
2025-08-07,2025-08-07 14:12:09.400,MO2508-C-7500,1.4,1.4,1.6
2025-08-07,2025-08-07 14:12:10.900,MO2508-C-7500,1.4,1.4,1.6
2025-08-07,2025-08-07 14:12:11.400,MO2508-C-7500,1.4,1.4,1.6
2025-08-07,2025-08-07 14:12:14.400,MO2508-C-7500,1.4,1.4,1.6
2025-08-07,2025-08-07 14:12:14.900,MO2508-C-7500,1.4,1.4,1.6
2025-08-07,2025-08-07 14:12:15.400,MO2508-C-7500,1.4,1.4,1.6
2025-08-07,2025-08-07 14:12:15.900,MO2508-C-7500,1.4,1.4,1.6
2025-08-07,2025-08-07 14:12:19.400,MO2508-C-7500,1.4,1.4,1.6
2025-08-07,2025-08-07 14:12:20.900,MO2508-C-7500,1.4,1.4,1.6
2025-08-07,2025-08-07 14:12:24.900,MO2508-C-7500,1.4,1.4,1.6
2025-08-07,2025-08-07 14:12:25.400,MO2508-C-7500,1.4,1.4,1.6
2025-08-07,2025-08-07 14:12:29.900,MO2508-C-7500,1.4,1.4,1.6
2025-08-07,2025-08-07 14:12:33.900,MO2508-C-7500,1.4,1.4,1.6
2025-08-07,2025-08-07 14:12:34.900,MO2508-C-7500,1.4,1.4,1.6
2025-08-07,2025-08-07 14:12:35.400,MO2508-C-7500,1.4,1.4,1.6
2025-08-07,2025-08-07 14:12:37.900,MO2508-C-7500,1.4,1.4,1.6
2025-08-07,2025-08-07 14:12:44.900,MO2508-C-7500,1.4,1.4,1.6
2025-08-07,2025-08-07 14:12:45.400,MO2508-C-7500,1.4,1.4,1.6
2025-08-07,2025-08-07 14:12:54.900,MO2508-C-7500,1.4,1.4,1.6
2025-08-07,2025-08-07 14:12:55.400,MO2508-C-7500,1.4,1.4,1.6
2025-08-07,2025-08-07 14:13:04.900,MO2508-C-7500,1.4,1.4,1.6
2025-08-07,2025-08-07 14:13:05.400,MO2508-C-7500,1.4,1.4,1.6
2025-08-07,2025-08-07 14:13:11.900,MO2508-C-7500,1.4,1.4,1.6
2025-08-07,2025-08-07 14:13:12.900,MO2508-C-7500,1.4,1.4,1.6
2025-08-07,2025-08-07 14:13:14.900,MO2508-C-7500,1.4,1.4,1.6
2025-08-07,2025-08-07 14:13:15.400,MO2508-C-7500,1.4,1.4,1.6
2025-08-07,2025-08-07 14:13:20.900,MO2508-C-7500,1.4,1.4,1.6
2025-08-07,2025-08-07 14:13:22.400,MO2508-C-7500,1.4,1.4,1.6
2025-08-07,2025-08-07 14:13:24.900,MO2508-C-7500,1.4,1.4,1.6
2025-08-07,2025-08-07 14:13:25.400,MO2508-C-7500,1.4,1.4,1.6
2025-08-07,2025-08-07 14:13:30.900,MO2508-C-7500,1.4,1.4,1.6
2025-08-07,2025-08-07 14:13:34.400,MO2508-C-7500,1.4,1.4,1.6
2025-08-07,2025-08-07 14:13:34.900,MO2508-C-7500,1.4,1.4,1.6
2025-08-07,2025-08-07 14:13:35.400,MO2508-C-7500,1.4,1.4,1.6
2025-08-07,2025-08-07 14:13:35.900,MO2508-C-7500,1.4,1.4,1.6
2025-08-07,2025-08-07 14:13:36.900,MO2508-C-7500,1.4,1.4,1.6
2025-08-07,2025-08-07 14:13:37.900,MO2508-C-7500,1.4,1.4,1.6
2025-08-07,2025-08-07 14:13:44.900,MO2508-C-7500,1.4,1.4,1.6
2025-08-07,2025-08-07 14:13:45.400,MO2508-C-7500,1.4,1.4,1.6
2025-08-07,2025-08-07 14:13:54.900,MO2508-C-7500,1.4,1.4,1.6
2025-08-07,2025-08-07 14:13:55.400,MO2508-C-7500,1.4,1.4,1.6
2025-08-07,2025-08-07 14:14:04.900,MO2508-C-7500,1.4,1.4,1.6
2025-08-07,2025-08-07 14:14:05.400,MO2508-C-7500,1.4,1.4,1.6
2025-08-07,2025-08-07 14:14:14.900,MO2508-C-7500,1.4,1.4,1.6
2025-08-07,2025-08-07 14:14:15.400,MO2508-C-7500,1.4,1.4,1.6
2025-08-07,2025-08-07 14:14:18.900,MO2508-C-7500,1.4,1.4,1.6
2025-08-07,2025-08-07 14:14:19.400,MO2508-C-7500,1.4,1.4,1.6
2025-08-07,2025-08-07 14:14:23.900,MO2508-C-7500,1.4,1.4,1.6
2025-08-07,2025-08-07 14:14:24.900,MO2508-C-7500,1.4,1.4,1.6
2025-08-07,2025-08-07 14:14:25.400,MO2508-C-7500,1.4,1.4,1.6
2025-08-07,2025-08-07 14:14:34.900,MO2508-C-7500,1.4,1.4,1.6
2025-08-07,2025-08-07 14:14:35.400,MO2508-C-7500,1.4,1.4,1.6
2025-08-07,2025-08-07 14:14:43.900,MO2508-C-7500,1.4,1.4,1.6
2025-08-07,2025-08-07 14:14:44.900,MO2508-C-7500,1.4,1.4,1.6
2025-08-07,2025-08-07 14:14:45.400,MO2508-C-7500,1.4,1.4,1.6
2025-08-07,2025-08-07 14:14:45.900,MO2508-C-7500,1.4,1.4,1.6
2025-08-07,2025-08-07 14:14:54.900,MO2508-C-7500,1.4,1.4,1.6
2025-08-07,2025-08-07 14:14:55.400,MO2508-C-7500,1.4,1.4,1.6
2025-08-07,2025-08-07 14:14:57.900,MO2508-C-7500,1.4,1.4,1.6
2025-08-07,2025-08-07 14:14:58.400,MO2508-C-7500,1.4,1.4,1.6
2025-08-07,2025-08-07 14:15:04.900,MO2508-C-7500,1.4,1.4,1.6
2025-08-07,2025-08-07 14:15:05.400,MO2508-C-7500,1.4,1.4,1.6
2025-08-07,2025-08-07 14:15:07.900,MO2508-C-7500,1.4,1.4,1.6
2025-08-07,2025-08-07 14:15:08.400,MO2508-C-7500,1.4,1.4,1.6
2025-08-07,2025-08-07 14:15:08.900,MO2508-C-7500,1.4,1.4,1.6
2025-08-07,2025-08-07 14:15:14.900,MO2508-C-7500,1.4,1.4,1.6
2025-08-07,2025-08-07 14:15:15.400,MO2508-C-7500,1.4,1.4,1.6
2025-08-07,2025-08-07 14:15:18.900,MO2508-C-7500,1.4,1.4,1.6
2025-08-07,2025-08-07 14:15:19.900,MO2508-C-7500,1.4,1.4,1.6
2025-08-07,2025-08-07 14:15:22.900,MO2508-C-7500,1.4,1.4,1.6
2025-08-07,2025-08-07 14:15:24.900,MO2508-C-7500,1.4,1.4,1.6
2025-08-07,2025-08-07 14:15:25.400,MO2508-C-7500,1.4,1.4,1.6
2025-08-07,2025-08-07 14:15:27.400,MO2508-C-7500,1.4,1.4,1.6
2025-08-07,2025-08-07 14:15:27.900,MO2508-C-7500,1.4,1.4,1.6
2025-08-07,2025-08-07 14:15:28.900,MO2508-C-7500,1.4,1.4,1.6
2025-08-07,2025-08-07 14:15:34.900,MO2508-C-7500,1.4,1.4,1.6
2025-08-07,2025-08-07 14:15:35.400,MO2508-C-7500,1.4,1.4,1.6
2025-08-07,2025-08-07 14:15:36.900,MO2508-C-7500,1.4,1.4,1.6
2025-08-07,2025-08-07 14:15:37.400,MO2508-C-7500,1.4,1.4,1.6
2025-08-07,2025-08-07 14:15:38.400,MO2508-C-7500,1.4,1.4,1.6
2025-08-07,2025-08-07 14:15:39.400,MO2508-C-7500,1.4,1.4,1.6
2025-08-07,2025-08-07 14:15:44.900,MO2508-C-7500,1.4,1.4,1.6
2025-08-07,2025-08-07 14:15:45.400,MO2508-C-7500,1.4,1.4,1.6
2025-08-07,2025-08-07 14:15:46.900,MO2508-C-7500,1.4,1.4,1.6
2025-08-07,2025-08-07 14:15:47.900,MO2508-C-7500,1.4,1.4,1.6
2025-08-07,2025-08-07 14:15:48.900,MO2508-C-7500,1.4,1.4,1.6
2025-08-07,2025-08-07 14:15:52.900,MO2508-C-7500,1.4,1.4,1.6
2025-08-07,2025-08-07 14:15:53.900,MO2508-C-7500,1.4,1.4,1.6
2025-08-07,2025-08-07 14:15:54.900,MO2508-C-7500,1.4,1.4,1.6
2025-08-07,2025-08-07 14:15:55.400,MO2508-C-7500,1.4,1.4,1.6
2025-08-07,2025-08-07 14:15:55.900,MO2508-C-7500,1.4,1.4,1.6
2025-08-07,2025-08-07 14:15:56.900,MO2508-C-7500,1.4,1.4,1.6
2025-08-07,2025-08-07 14:15:58.900,MO2508-C-7500,1.4,1.4,1.6
2025-08-07,2025-08-07 14:16:01.400,MO2508-C-7500,1.4,1.4,1.6
2025-08-07,2025-08-07 14:16:04.900,MO2508-C-7500,1.4,1.4,1.6
2025-08-07,2025-08-07 14:16:05.400,MO2508-C-7500,1.4,1.4,1.6
2025-08-07,2025-08-07 14:16:05.900,MO2508-C-7500,1.4,1.4,1.6
2025-08-07,2025-08-07 14:16:06.400,MO2508-C-7500,1.4,1.4,1.6
2025-08-07,2025-08-07 14:16:06.900,MO2508-C-7500,1.4,1.4,1.6
2025-08-07,2025-08-07 14:16:08.400,MO2508-C-7500,1.4,1.4,1.6
2025-08-07,2025-08-07 14:16:14.400,MO2508-C-7500,1.4,1.4,1.6
2025-08-07,2025-08-07 14:16:14.900,MO2508-C-7500,1.4,1.4,1.6
2025-08-07,2025-08-07 14:16:15.400,MO2508-C-7500,1.4,1.4,1.6
2025-08-07,2025-08-07 14:16:15.900,MO2508-C-7500,1.4,1.4,1.6
2025-08-07,2025-08-07 14:16:16.400,MO2508-C-7500,1.4,1.4,1.6
2025-08-07,2025-08-07 14:16:17.900,MO2508-C-7500,1.4,1.4,1.6
2025-08-07,2025-08-07 14:16:19.400,MO2508-C-7500,1.4,1.4,1.6
2025-08-07,2025-08-07 14:16:19.900,MO2508-C-7500,1.4,1.4,1.6
2025-08-07,2025-08-07 14:16:24.900,MO2508-C-7500,1.4,1.4,1.6
2025-08-07,2025-08-07 14:16:25.400,MO2508-C-7500,1.4,1.4,1.6
2025-08-07,2025-08-07 14:16:34.900,MO2508-C-7500,1.4,1.4,1.6
2025-08-07,2025-08-07 14:16:35.400,MO2508-C-7500,1.4,1.4,1.6
2025-08-07,2025-08-07 14:16:38.400,MO2508-C-7500,1.4,1.4,1.6
2025-08-07,2025-08-07 14:16:40.400,MO2508-C-7500,1.4,1.4,1.6
2025-08-07,2025-08-07 14:16:44.900,MO2508-C-7500,1.4,1.4,1.6
2025-08-07,2025-08-07 14:16:45.400,MO2508-C-7500,1.4,1.4,1.6
2025-08-07,2025-08-07 14:16:46.400,MO2508-C-7500,1.4,1.4,1.6
2025-08-07,2025-08-07 14:16:51.400,MO2508-C-7500,1.4,1.4,1.6
2025-08-07,2025-08-07 14:16:51.900,MO2508-C-7500,1.4,1.4,1.6
2025-08-07,2025-08-07 14:16:52.900,MO2508-C-7500,1.4,1.4,1.6
2025-08-07,2025-08-07 14:16:54.900,MO2508-C-7500,1.4,1.4,1.6
2025-08-07,2025-08-07 14:16:55.400,MO2508-C-7500,1.4,1.4,1.6
2025-08-07,2025-08-07 14:17:04.900,MO2508-C-7500,1.4,1.4,1.6
2025-08-07,2025-08-07 14:17:05.400,MO2508-C-7500,1.4,1.4,1.6
2025-08-07,2025-08-07 14:17:12.400,MO2508-C-7500,1.4,1.4,1.6
2025-08-07,2025-08-07 14:17:13.900,MO2508-C-7500,1.4,1.4,1.6
2025-08-07,2025-08-07 14:17:14.900,MO2508-C-7500,1.4,1.4,1.6
2025-08-07,2025-08-07 14:17:15.400,MO2508-C-7500,1.4,1.4,1.6
2025-08-07,2025-08-07 14:17:24.900,MO2508-C-7500,1.4,1.4,1.6
2025-08-07,2025-08-07 14:17:25.400,MO2508-C-7500,1.4,1.4,1.6
2025-08-07,2025-08-07 14:17:34.900,MO2508-C-7500,1.4,1.4,1.6
2025-08-07,2025-08-07 14:17:35.400,MO2508-C-7500,1.4,1.4,1.6
2025-08-07,2025-08-07 14:17:37.400,MO2508-C-7500,1.4,1.4,1.6
2025-08-07,2025-08-07 14:17:37.900,MO2508-C-7500,1.4,1.4,1.6
2025-08-07,2025-08-07 14:17:42.400,MO2508-C-7500,1.4,1.4,1.6
2025-08-07,2025-08-07 14:17:44.900,MO2508-C-7500,1.4,1.4,1.6
2025-08-07,2025-08-07 14:17:45.400,MO2508-C-7500,1.4,1.4,1.6
2025-08-07,2025-08-07 14:17:48.400,MO2508-C-7500,1.4,1.4,1.6
2025-08-07,2025-08-07 14:17:48.900,MO2508-C-7500,1.4,1.4,1.6
2025-08-07,2025-08-07 14:17:49.400,MO2508-C-7500,1.4,1.4,1.6
2025-08-07,2025-08-07 14:17:54.900,MO2508-C-7500,1.4,1.4,1.6
2025-08-07,2025-08-07 14:17:55.400,MO2508-C-7500,1.4,1.4,1.6
2025-08-07,2025-08-07 14:18:04.400,MO2508-C-7500,1.4,1.4,1.6
2025-08-07,2025-08-07 14:18:04.900,MO2508-C-7500,1.4,1.4,1.6
2025-08-07,2025-08-07 14:18:05.400,MO2508-C-7500,1.4,1.4,1.6
2025-08-07,2025-08-07 14:18:14.900,MO2508-C-7500,1.4,1.4,1.6
2025-08-07,2025-08-07 14:18:15.400,MO2508-C-7500,1.4,1.4,1.6
2025-08-07,2025-08-07 14:18:24.900,MO2508-C-7500,1.4,1.4,1.6
2025-08-07,2025-08-07 14:18:25.400,MO2508-C-7500,1.4,1.4,1.6
2025-08-07,2025-08-07 14:18:34.900,MO2508-C-7500,1.4,1.4,1.6
2025-08-07,2025-08-07 14:18:35.400,MO2508-C-7500,1.4,1.4,1.6
2025-08-07,2025-08-07 14:18:36.400,MO2508-C-7500,1.2,1.2,1.6
2025-08-07,2025-08-07 14:18:36.900,MO2508-C-7500,1.2,1.2,1.4
2025-08-07,2025-08-07 14:18:37.400,MO2508-C-7500,1.2,1.2,1.4
2025-08-07,2025-08-07 14:18:37.900,MO2508-C-7500,1.2,1.2,1.4
2025-08-07,2025-08-07 14:18:38.400,MO2508-C-7500,1.2,1.2,1.4
2025-08-07,2025-08-07 14:18:40.400,MO2508-C-7500,1.2,1.2,1.4
2025-08-07,2025-08-07 14:18:40.900,MO2508-C-7500,1.2,1.2,1.4
2025-08-07,2025-08-07 14:18:44.900,MO2508-C-7500,1.2,1.2,1.4
2025-08-07,2025-08-07 14:18:45.400,MO2508-C-7500,1.2,1.2,1.4
2025-08-07,2025-08-07 14:18:54.900,MO2508-C-7500,1.2,1.2,1.4
2025-08-07,2025-08-07 14:18:55.400,MO2508-C-7500,1.2,1.2,1.4
2025-08-07,2025-08-07 14:19:03.400,MO2508-C-7500,1.2,1.2,1.4
2025-08-07,2025-08-07 14:19:04.900,MO2508-C-7500,1.2,1.2,1.4
2025-08-07,2025-08-07 14:19:05.400,MO2508-C-7500,1.2,1.2,1.4
2025-08-07,2025-08-07 14:19:09.900,MO2508-C-7500,1.2,1.2,1.4
2025-08-07,2025-08-07 14:19:12.900,MO2508-C-7500,1.2,1.2,1.4
2025-08-07,2025-08-07 14:19:13.400,MO2508-C-7500,1.2,1.2,1.4
2025-08-07,2025-08-07 14:19:14.900,MO2508-C-7500,1.2,1.2,1.4
2025-08-07,2025-08-07 14:19:15.400,MO2508-C-7500,1.2,1.2,1.4
2025-08-07,2025-08-07 14:19:24.900,MO2508-C-7500,1.2,1.2,1.4
2025-08-07,2025-08-07 14:19:25.400,MO2508-C-7500,1.2,1.2,1.4
2025-08-07,2025-08-07 14:19:34.400,MO2508-C-7500,1.2,1.2,1.4
2025-08-07,2025-08-07 14:19:34.900,MO2508-C-7500,1.2,1.2,1.4
2025-08-07,2025-08-07 14:19:35.400,MO2508-C-7500,1.2,1.2,1.4
2025-08-07,2025-08-07 14:19:36.400,MO2508-C-7500,1.2,1.2,1.4
2025-08-07,2025-08-07 14:19:36.900,MO2508-C-7500,1.2,1.2,1.4
2025-08-07,2025-08-07 14:19:37.400,MO2508-C-7500,1.2,1.2,1.4
2025-08-07,2025-08-07 14:19:38.400,MO2508-C-7500,1.2,1.2,1.4
2025-08-07,2025-08-07 14:19:40.400,MO2508-C-7500,1.2,1.2,1.4
2025-08-07,2025-08-07 14:19:40.900,MO2508-C-7500,1.2,1.2,1.4
2025-08-07,2025-08-07 14:19:41.400,MO2508-C-7500,1.2,1.2,1.4
2025-08-07,2025-08-07 14:19:44.900,MO2508-C-7500,1.2,1.2,1.4
2025-08-07,2025-08-07 14:19:45.400,MO2508-C-7500,1.2,1.2,1.4
2025-08-07,2025-08-07 14:19:54.900,MO2508-C-7500,1.2,1.2,1.4
2025-08-07,2025-08-07 14:19:55.400,MO2508-C-7500,1.2,1.2,1.4
2025-08-07,2025-08-07 14:19:59.400,MO2508-C-7500,1.2,1.0,1.2
2025-08-07,2025-08-07 14:19:59.900,MO2508-C-7500,1.2,1.0,1.2
2025-08-07,2025-08-07 14:20:00.400,MO2508-C-7500,1.2,1.0,1.2
2025-08-07,2025-08-07 14:20:00.900,MO2508-C-7500,1.2,1.0,1.2
2025-08-07,2025-08-07 14:20:01.400,MO2508-C-7500,1.2,1.0,1.2
2025-08-07,2025-08-07 14:20:01.900,MO2508-C-7500,1.2,1.0,1.2
2025-08-07,2025-08-07 14:20:04.400,MO2508-C-7500,1.0,1.0,1.2
2025-08-07,2025-08-07 14:20:04.900,MO2508-C-7500,1.0,1.0,1.2
2025-08-07,2025-08-07 14:20:05.400,MO2508-C-7500,1.0,1.0,1.2
2025-08-07,2025-08-07 14:20:05.900,MO2508-C-7500,1.0,1.0,1.2
2025-08-07,2025-08-07 14:20:06.400,MO2508-C-7500,1.0,1.0,1.2
2025-08-07,2025-08-07 14:20:07.400,MO2508-C-7500,1.0,1.0,1.2
2025-08-07,2025-08-07 14:20:07.900,MO2508-C-7500,1.0,1.0,1.2
2025-08-07,2025-08-07 14:20:08.900,MO2508-C-7500,1.0,1.0,1.2
2025-08-07,2025-08-07 14:20:10.400,MO2508-C-7500,1.0,1.0,1.2
2025-08-07,2025-08-07 14:20:14.900,MO2508-C-7500,1.0,1.0,1.2
2025-08-07,2025-08-07 14:20:15.400,MO2508-C-7500,1.0,1.0,1.2
2025-08-07,2025-08-07 14:20:15.900,MO2508-C-7500,1.0,1.0,1.2
2025-08-07,2025-08-07 14:20:16.900,MO2508-C-7500,1.0,1.0,1.2
2025-08-07,2025-08-07 14:20:23.900,MO2508-C-7500,1.0,1.0,1.2
2025-08-07,2025-08-07 14:20:24.400,MO2508-C-7500,1.0,1.0,1.2
2025-08-07,2025-08-07 14:20:24.900,MO2508-C-7500,1.0,1.0,1.2
2025-08-07,2025-08-07 14:20:25.400,MO2508-C-7500,1.0,1.0,1.2
2025-08-07,2025-08-07 14:20:34.900,MO2508-C-7500,1.0,1.0,1.2
2025-08-07,2025-08-07 14:20:35.400,MO2508-C-7500,1.0,1.0,1.2
2025-08-07,2025-08-07 14:20:40.900,MO2508-C-7500,1.0,1.0,1.2
2025-08-07,2025-08-07 14:20:41.900,MO2508-C-7500,1.0,1.0,1.2
2025-08-07,2025-08-07 14:20:42.400,MO2508-C-7500,1.0,1.0,1.2
2025-08-07,2025-08-07 14:20:44.900,MO2508-C-7500,1.0,1.0,1.2
2025-08-07,2025-08-07 14:20:45.400,MO2508-C-7500,1.0,1.0,1.2
2025-08-07,2025-08-07 14:20:54.900,MO2508-C-7500,1.0,1.0,1.2
2025-08-07,2025-08-07 14:20:55.400,MO2508-C-7500,1.0,1.0,1.2
2025-08-07,2025-08-07 14:20:56.400,MO2508-C-7500,1.0,1.0,1.2
2025-08-07,2025-08-07 14:20:58.900,MO2508-C-7500,1.0,1.0,1.2
2025-08-07,2025-08-07 14:21:01.400,MO2508-C-7500,1.0,1.0,1.2
2025-08-07,2025-08-07 14:21:04.900,MO2508-C-7500,1.0,1.0,1.2
2025-08-07,2025-08-07 14:21:05.400,MO2508-C-7500,1.0,1.0,1.2
2025-08-07,2025-08-07 14:21:06.900,MO2508-C-7500,1.0,1.0,1.2
2025-08-07,2025-08-07 14:21:08.400,MO2508-C-7500,1.0,1.0,1.2
2025-08-07,2025-08-07 14:21:08.900,MO2508-C-7500,1.0,1.0,1.2
2025-08-07,2025-08-07 14:21:09.400,MO2508-C-7500,1.0,1.0,1.2
2025-08-07,2025-08-07 14:21:14.900,MO2508-C-7500,1.0,1.0,1.2
2025-08-07,2025-08-07 14:21:15.400,MO2508-C-7500,1.0,1.0,1.2
2025-08-07,2025-08-07 14:21:15.900,MO2508-C-7500,1.0,1.0,1.2
2025-08-07,2025-08-07 14:21:24.900,MO2508-C-7500,1.0,1.0,1.2
2025-08-07,2025-08-07 14:21:25.400,MO2508-C-7500,1.0,1.0,1.2
2025-08-07,2025-08-07 14:21:33.400,MO2508-C-7500,1.0,1.0,1.2
2025-08-07,2025-08-07 14:21:34.900,MO2508-C-7500,1.0,1.0,1.2
2025-08-07,2025-08-07 14:21:35.400,MO2508-C-7500,1.0,1.0,1.2
2025-08-07,2025-08-07 14:21:44.900,MO2508-C-7500,1.0,1.0,1.2
2025-08-07,2025-08-07 14:21:45.400,MO2508-C-7500,1.0,1.0,1.2
2025-08-07,2025-08-07 14:21:54.900,MO2508-C-7500,1.0,1.0,1.2
2025-08-07,2025-08-07 14:21:55.400,MO2508-C-7500,1.0,1.0,1.2
2025-08-07,2025-08-07 14:22:04.900,MO2508-C-7500,1.0,1.0,1.2
2025-08-07,2025-08-07 14:22:05.400,MO2508-C-7500,1.0,1.0,1.2
2025-08-07,2025-08-07 14:22:11.400,MO2508-C-7500,1.0,1.0,1.2
2025-08-07,2025-08-07 14:22:14.900,MO2508-C-7500,1.0,1.0,1.2
2025-08-07,2025-08-07 14:22:15.400,MO2508-C-7500,1.0,1.0,1.2
2025-08-07,2025-08-07 14:22:16.900,MO2508-C-7500,1.0,1.0,1.2
2025-08-07,2025-08-07 14:22:17.900,MO2508-C-7500,1.0,1.0,1.2
2025-08-07,2025-08-07 14:22:22.400,MO2508-C-7500,1.0,1.0,1.2
2025-08-07,2025-08-07 14:22:24.900,MO2508-C-7500,1.0,1.0,1.2
2025-08-07,2025-08-07 14:22:25.400,MO2508-C-7500,1.0,1.0,1.2
2025-08-07,2025-08-07 14:22:27.400,MO2508-C-7500,1.0,1.0,1.2
2025-08-07,2025-08-07 14:22:32.400,MO2508-C-7500,1.0,1.0,1.2
2025-08-07,2025-08-07 14:22:34.900,MO2508-C-7500,1.0,1.0,1.2
2025-08-07,2025-08-07 14:22:35.400,MO2508-C-7500,1.0,1.0,1.2
2025-08-07,2025-08-07 14:22:40.900,MO2508-C-7500,1.2,1.0,1.2
2025-08-07,2025-08-07 14:22:41.400,MO2508-C-7500,1.2,1.0,1.2
2025-08-07,2025-08-07 14:22:43.900,MO2508-C-7500,1.2,1.0,1.2
2025-08-07,2025-08-07 14:22:44.900,MO2508-C-7500,1.2,1.0,1.2
2025-08-07,2025-08-07 14:22:45.400,MO2508-C-7500,1.2,1.0,1.2
2025-08-07,2025-08-07 14:22:48.900,MO2508-C-7500,1.2,1.0,1.2
2025-08-07,2025-08-07 14:22:49.900,MO2508-C-7500,1.2,1.0,1.2
2025-08-07,2025-08-07 14:22:54.900,MO2508-C-7500,1.2,1.0,1.2
2025-08-07,2025-08-07 14:22:55.400,MO2508-C-7500,1.2,1.0,1.2
2025-08-07,2025-08-07 14:23:00.900,MO2508-C-7500,1.2,1.0,1.2
2025-08-07,2025-08-07 14:23:04.900,MO2508-C-7500,1.2,1.0,1.2
2025-08-07,2025-08-07 14:23:05.400,MO2508-C-7500,1.2,1.0,1.2
2025-08-07,2025-08-07 14:23:07.400,MO2508-C-7500,1.2,1.0,1.2
2025-08-07,2025-08-07 14:23:08.900,MO2508-C-7500,1.2,1.0,1.2
2025-08-07,2025-08-07 14:23:14.900,MO2508-C-7500,1.2,1.0,1.2
2025-08-07,2025-08-07 14:23:15.400,MO2508-C-7500,1.2,1.0,1.2
2025-08-07,2025-08-07 14:23:21.400,MO2508-C-7500,1.2,1.0,1.2
2025-08-07,2025-08-07 14:23:24.900,MO2508-C-7500,1.2,1.0,1.2
2025-08-07,2025-08-07 14:23:25.400,MO2508-C-7500,1.2,1.0,1.2
2025-08-07,2025-08-07 14:23:34.900,MO2508-C-7500,1.2,1.0,1.2
2025-08-07,2025-08-07 14:23:35.400,MO2508-C-7500,1.2,1.0,1.2
2025-08-07,2025-08-07 14:23:44.900,MO2508-C-7500,1.2,1.0,1.2
2025-08-07,2025-08-07 14:23:45.400,MO2508-C-7500,1.2,1.0,1.2
2025-08-07,2025-08-07 14:23:49.400,MO2508-C-7500,1.2,1.0,1.2
2025-08-07,2025-08-07 14:23:54.900,MO2508-C-7500,1.2,1.0,1.2
2025-08-07,2025-08-07 14:23:55.400,MO2508-C-7500,1.2,1.0,1.2
2025-08-07,2025-08-07 14:24:04.900,MO2508-C-7500,1.2,1.0,1.2
2025-08-07,2025-08-07 14:24:05.400,MO2508-C-7500,1.2,1.0,1.2
2025-08-07,2025-08-07 14:24:05.900,MO2508-C-7500,1.2,1.0,1.2
2025-08-07,2025-08-07 14:24:07.900,MO2508-C-7500,1.2,1.0,1.2
2025-08-07,2025-08-07 14:24:14.900,MO2508-C-7500,1.2,1.0,1.2
2025-08-07,2025-08-07 14:24:15.400,MO2508-C-7500,1.2,1.0,1.2
2025-08-07,2025-08-07 14:24:23.900,MO2508-C-7500,1.2,1.0,1.4
2025-08-07,2025-08-07 14:24:24.400,MO2508-C-7500,1.2,1.0,1.4
2025-08-07,2025-08-07 14:24:24.900,MO2508-C-7500,1.2,1.0,1.4
2025-08-07,2025-08-07 14:24:25.400,MO2508-C-7500,1.2,1.0,1.4
2025-08-07,2025-08-07 14:24:28.400,MO2508-C-7500,1.2,1.0,1.4
2025-08-07,2025-08-07 14:24:34.900,MO2508-C-7500,1.2,1.0,1.4
2025-08-07,2025-08-07 14:24:35.400,MO2508-C-7500,1.2,1.0,1.4
2025-08-07,2025-08-07 14:24:42.400,MO2508-C-7500,1.2,1.0,1.4
2025-08-07,2025-08-07 14:24:44.900,MO2508-C-7500,1.2,1.0,1.4
2025-08-07,2025-08-07 14:24:45.400,MO2508-C-7500,1.2,1.0,1.4
2025-08-07,2025-08-07 14:24:45.900,MO2508-C-7500,1.2,1.0,1.4
2025-08-07,2025-08-07 14:24:54.900,MO2508-C-7500,1.2,1.0,1.4
2025-08-07,2025-08-07 14:24:55.400,MO2508-C-7500,1.2,1.0,1.4
2025-08-07,2025-08-07 14:25:00.900,MO2508-C-7500,1.2,1.0,1.4
2025-08-07,2025-08-07 14:25:04.900,MO2508-C-7500,1.2,1.0,1.4
2025-08-07,2025-08-07 14:25:05.400,MO2508-C-7500,1.2,1.0,1.4
2025-08-07,2025-08-07 14:25:07.400,MO2508-C-7500,1.2,1.0,1.4
2025-08-07,2025-08-07 14:25:07.900,MO2508-C-7500,1.2,1.0,1.4
2025-08-07,2025-08-07 14:25:08.400,MO2508-C-7500,1.2,1.0,1.4
2025-08-07,2025-08-07 14:25:14.900,MO2508-C-7500,1.2,1.0,1.4
2025-08-07,2025-08-07 14:25:15.400,MO2508-C-7500,1.2,1.0,1.4
2025-08-07,2025-08-07 14:25:24.900,MO2508-C-7500,1.2,1.0,1.4
2025-08-07,2025-08-07 14:25:25.400,MO2508-C-7500,1.2,1.0,1.4
2025-08-07,2025-08-07 14:25:34.900,MO2508-C-7500,1.2,1.0,1.4
2025-08-07,2025-08-07 14:25:35.400,MO2508-C-7500,1.2,1.0,1.4
2025-08-07,2025-08-07 14:25:44.900,MO2508-C-7500,1.2,1.0,1.4
2025-08-07,2025-08-07 14:25:45.400,MO2508-C-7500,1.2,1.0,1.4
2025-08-07,2025-08-07 14:25:52.900,MO2508-C-7500,1.2,1.0,1.4
2025-08-07,2025-08-07 14:25:54.900,MO2508-C-7500,1.2,1.0,1.4
2025-08-07,2025-08-07 14:25:55.400,MO2508-C-7500,1.2,1.0,1.4
2025-08-07,2025-08-07 14:26:04.900,MO2508-C-7500,1.2,1.0,1.4
2025-08-07,2025-08-07 14:26:05.400,MO2508-C-7500,1.2,1.0,1.4
2025-08-07,2025-08-07 14:26:07.400,MO2508-C-7500,1.2,1.0,1.4
2025-08-07,2025-08-07 14:26:07.900,MO2508-C-7500,1.2,1.0,1.4
2025-08-07,2025-08-07 14:26:08.400,MO2508-C-7500,1.2,1.0,1.4
2025-08-07,2025-08-07 14:26:14.900,MO2508-C-7500,1.2,1.0,1.4
2025-08-07,2025-08-07 14:26:15.400,MO2508-C-7500,1.2,1.0,1.4
2025-08-07,2025-08-07 14:26:24.900,MO2508-C-7500,1.2,1.0,1.4
2025-08-07,2025-08-07 14:26:25.400,MO2508-C-7500,1.2,1.0,1.4
2025-08-07,2025-08-07 14:26:34.900,MO2508-C-7500,1.2,1.0,1.4
2025-08-07,2025-08-07 14:26:35.400,MO2508-C-7500,1.2,1.0,1.4
2025-08-07,2025-08-07 14:26:42.400,MO2508-C-7500,1.2,1.0,1.4
2025-08-07,2025-08-07 14:26:44.900,MO2508-C-7500,1.2,1.0,1.4
2025-08-07,2025-08-07 14:26:45.400,MO2508-C-7500,1.2,1.0,1.4
2025-08-07,2025-08-07 14:26:52.900,MO2508-C-7500,1.2,1.0,1.4
2025-08-07,2025-08-07 14:26:53.400,MO2508-C-7500,1.2,1.0,1.4
2025-08-07,2025-08-07 14:26:54.900,MO2508-C-7500,1.2,1.0,1.4
2025-08-07,2025-08-07 14:26:55.400,MO2508-C-7500,1.2,1.0,1.4
2025-08-07,2025-08-07 14:26:57.400,MO2508-C-7500,1.2,1.0,1.4
2025-08-07,2025-08-07 14:26:57.900,MO2508-C-7500,1.2,1.0,1.4
2025-08-07,2025-08-07 14:27:04.900,MO2508-C-7500,1.2,1.0,1.4
2025-08-07,2025-08-07 14:27:05.400,MO2508-C-7500,1.2,1.0,1.4
2025-08-07,2025-08-07 14:27:09.400,MO2508-C-7500,1.2,1.0,1.4
2025-08-07,2025-08-07 14:27:09.900,MO2508-C-7500,1.2,1.0,1.4
2025-08-07,2025-08-07 14:27:11.900,MO2508-C-7500,1.2,1.0,1.4
2025-08-07,2025-08-07 14:27:14.900,MO2508-C-7500,1.2,1.0,1.4
2025-08-07,2025-08-07 14:27:15.400,MO2508-C-7500,1.2,1.0,1.4
2025-08-07,2025-08-07 14:27:17.400,MO2508-C-7500,1.2,1.0,1.4
2025-08-07,2025-08-07 14:27:22.400,MO2508-C-7500,1.2,1.0,1.4
2025-08-07,2025-08-07 14:27:22.900,MO2508-C-7500,1.2,1.0,1.4
2025-08-07,2025-08-07 14:27:23.900,MO2508-C-7500,1.2,1.0,1.4
2025-08-07,2025-08-07 14:27:24.900,MO2508-C-7500,1.2,1.0,1.4
2025-08-07,2025-08-07 14:27:25.400,MO2508-C-7500,1.2,1.0,1.4
2025-08-07,2025-08-07 14:27:25.900,MO2508-C-7500,1.2,1.0,1.4
2025-08-07,2025-08-07 14:27:26.400,MO2508-C-7500,1.2,1.0,1.4
2025-08-07,2025-08-07 14:27:31.400,MO2508-C-7500,1.2,1.0,1.4
2025-08-07,2025-08-07 14:27:33.400,MO2508-C-7500,1.2,1.0,1.4
2025-08-07,2025-08-07 14:27:34.900,MO2508-C-7500,1.2,1.0,1.4
2025-08-07,2025-08-07 14:27:35.400,MO2508-C-7500,1.2,1.0,1.4
2025-08-07,2025-08-07 14:27:44.900,MO2508-C-7500,1.2,1.0,1.4
2025-08-07,2025-08-07 14:27:45.400,MO2508-C-7500,1.2,1.0,1.4
2025-08-07,2025-08-07 14:27:46.400,MO2508-C-7500,1.2,1.0,1.4
2025-08-07,2025-08-07 14:27:46.900,MO2508-C-7500,1.2,1.0,1.4
2025-08-07,2025-08-07 14:27:54.900,MO2508-C-7500,1.2,1.0,1.4
2025-08-07,2025-08-07 14:27:55.400,MO2508-C-7500,1.2,1.0,1.4
2025-08-07,2025-08-07 14:27:56.400,MO2508-C-7500,1.2,1.0,1.4
2025-08-07,2025-08-07 14:28:04.900,MO2508-C-7500,1.2,1.0,1.4
2025-08-07,2025-08-07 14:28:05.400,MO2508-C-7500,1.2,1.0,1.4
2025-08-07,2025-08-07 14:28:08.400,MO2508-C-7500,1.2,1.0,1.4
2025-08-07,2025-08-07 14:28:10.900,MO2508-C-7500,1.2,1.0,1.4
2025-08-07,2025-08-07 14:28:12.400,MO2508-C-7500,1.2,1.0,1.4
2025-08-07,2025-08-07 14:28:12.900,MO2508-C-7500,1.2,1.0,1.4
2025-08-07,2025-08-07 14:28:14.900,MO2508-C-7500,1.2,1.0,1.4
2025-08-07,2025-08-07 14:28:15.400,MO2508-C-7500,1.2,1.0,1.4
2025-08-07,2025-08-07 14:28:16.900,MO2508-C-7500,1.2,1.0,1.4
2025-08-07,2025-08-07 14:28:22.400,MO2508-C-7500,1.2,1.0,1.4
2025-08-07,2025-08-07 14:28:22.900,MO2508-C-7500,1.2,1.0,1.4
2025-08-07,2025-08-07 14:28:23.400,MO2508-C-7500,1.2,1.0,1.4
2025-08-07,2025-08-07 14:28:23.900,MO2508-C-7500,1.2,1.0,1.4
2025-08-07,2025-08-07 14:28:24.900,MO2508-C-7500,1.2,1.0,1.4
2025-08-07,2025-08-07 14:28:25.400,MO2508-C-7500,1.2,1.0,1.4
2025-08-07,2025-08-07 14:28:25.900,MO2508-C-7500,1.2,1.0,1.4
2025-08-07,2025-08-07 14:28:27.400,MO2508-C-7500,1.2,1.0,1.4
2025-08-07,2025-08-07 14:28:28.400,MO2508-C-7500,1.2,1.0,1.4
2025-08-07,2025-08-07 14:28:30.400,MO2508-C-7500,1.2,1.0,1.4
2025-08-07,2025-08-07 14:28:33.900,MO2508-C-7500,1.2,1.0,1.4
2025-08-07,2025-08-07 14:28:34.400,MO2508-C-7500,1.2,1.0,1.4
2025-08-07,2025-08-07 14:28:34.900,MO2508-C-7500,1.2,1.0,1.4
2025-08-07,2025-08-07 14:28:35.400,MO2508-C-7500,1.2,1.0,1.4
2025-08-07,2025-08-07 14:28:36.400,MO2508-C-7500,1.2,1.0,1.4
2025-08-07,2025-08-07 14:28:44.400,MO2508-C-7500,1.2,1.0,1.4
2025-08-07,2025-08-07 14:28:44.900,MO2508-C-7500,1.2,1.0,1.4
2025-08-07,2025-08-07 14:28:45.400,MO2508-C-7500,1.2,1.0,1.4
2025-08-07,2025-08-07 14:28:45.900,MO2508-C-7500,1.2,1.0,1.4
2025-08-07,2025-08-07 14:28:46.400,MO2508-C-7500,1.2,1.0,1.4
2025-08-07,2025-08-07 14:28:46.900,MO2508-C-7500,1.2,1.0,1.4
2025-08-07,2025-08-07 14:28:54.900,MO2508-C-7500,1.2,1.0,1.4
2025-08-07,2025-08-07 14:28:55.400,MO2508-C-7500,1.2,1.0,1.4
2025-08-07,2025-08-07 14:28:58.900,MO2508-C-7500,1.2,1.0,1.4
2025-08-07,2025-08-07 14:29:04.900,MO2508-C-7500,1.2,1.0,1.4
2025-08-07,2025-08-07 14:29:05.400,MO2508-C-7500,1.2,1.0,1.4
2025-08-07,2025-08-07 14:29:06.900,MO2508-C-7500,1.2,1.0,1.4
2025-08-07,2025-08-07 14:29:10.400,MO2508-C-7500,1.2,1.0,1.4
2025-08-07,2025-08-07 14:29:14.900,MO2508-C-7500,1.2,1.0,1.4
2025-08-07,2025-08-07 14:29:15.400,MO2508-C-7500,1.2,1.0,1.4
2025-08-07,2025-08-07 14:29:19.900,MO2508-C-7500,1.2,1.0,1.4
2025-08-07,2025-08-07 14:29:20.400,MO2508-C-7500,1.2,1.0,1.4
2025-08-07,2025-08-07 14:29:21.400,MO2508-C-7500,1.2,1.0,1.4
2025-08-07,2025-08-07 14:29:24.900,MO2508-C-7500,1.2,1.0,1.4
2025-08-07,2025-08-07 14:29:25.400,MO2508-C-7500,1.2,1.0,1.4
2025-08-07,2025-08-07 14:29:34.900,MO2508-C-7500,1.2,1.0,1.4
2025-08-07,2025-08-07 14:29:35.400,MO2508-C-7500,1.2,1.0,1.4
2025-08-07,2025-08-07 14:29:43.900,MO2508-C-7500,1.2,1.0,1.4
2025-08-07,2025-08-07 14:29:44.400,MO2508-C-7500,1.2,1.0,1.4
2025-08-07,2025-08-07 14:29:44.900,MO2508-C-7500,1.2,1.0,1.4
2025-08-07,2025-08-07 14:29:45.400,MO2508-C-7500,1.2,1.0,1.4
2025-08-07,2025-08-07 14:29:54.900,MO2508-C-7500,1.2,1.0,1.4
2025-08-07,2025-08-07 14:29:55.400,MO2508-C-7500,1.2,1.0,1.4
2025-08-07,2025-08-07 14:30:00.900,MO2508-C-7500,1.2,1.0,1.4
2025-08-07,2025-08-07 14:30:02.400,MO2508-C-7500,1.2,1.0,1.4
2025-08-07,2025-08-07 14:30:04.900,MO2508-C-7500,1.2,1.0,1.4
2025-08-07,2025-08-07 14:30:05.400,MO2508-C-7500,1.2,1.0,1.4
2025-08-07,2025-08-07 14:30:14.900,MO2508-C-7500,1.2,1.0,1.4
2025-08-07,2025-08-07 14:30:15.400,MO2508-C-7500,1.2,1.0,1.4
2025-08-07,2025-08-07 14:30:16.400,MO2508-C-7500,1.2,1.0,1.4
2025-08-07,2025-08-07 14:30:24.900,MO2508-C-7500,1.2,1.0,1.4
2025-08-07,2025-08-07 14:30:25.400,MO2508-C-7500,1.2,1.0,1.4
2025-08-07,2025-08-07 14:30:34.900,MO2508-C-7500,1.2,1.0,1.4
2025-08-07,2025-08-07 14:30:35.400,MO2508-C-7500,1.2,1.0,1.4
2025-08-07,2025-08-07 14:30:37.400,MO2508-C-7500,1.2,1.0,1.4
2025-08-07,2025-08-07 14:30:42.900,MO2508-C-7500,1.2,1.0,1.4
2025-08-07,2025-08-07 14:30:44.900,MO2508-C-7500,1.2,1.0,1.4
2025-08-07,2025-08-07 14:30:45.400,MO2508-C-7500,1.2,1.0,1.4
2025-08-07,2025-08-07 14:30:54.900,MO2508-C-7500,1.2,1.0,1.4
2025-08-07,2025-08-07 14:30:55.400,MO2508-C-7500,1.2,1.0,1.4
2025-08-07,2025-08-07 14:31:04.900,MO2508-C-7500,1.2,1.0,1.4
2025-08-07,2025-08-07 14:31:05.400,MO2508-C-7500,1.2,1.0,1.4
2025-08-07,2025-08-07 14:31:10.900,MO2508-C-7500,1.2,1.0,1.4
2025-08-07,2025-08-07 14:31:14.900,MO2508-C-7500,1.2,1.0,1.4
2025-08-07,2025-08-07 14:31:15.400,MO2508-C-7500,1.2,1.0,1.4
2025-08-07,2025-08-07 14:31:24.900,MO2508-C-7500,1.2,1.0,1.4
2025-08-07,2025-08-07 14:31:25.400,MO2508-C-7500,1.2,1.0,1.4
2025-08-07,2025-08-07 14:31:30.400,MO2508-C-7500,1.2,1.0,1.4
2025-08-07,2025-08-07 14:31:34.900,MO2508-C-7500,1.2,1.0,1.4
2025-08-07,2025-08-07 14:31:35.400,MO2508-C-7500,1.2,1.0,1.4
2025-08-07,2025-08-07 14:31:44.900,MO2508-C-7500,1.2,1.0,1.4
2025-08-07,2025-08-07 14:31:45.400,MO2508-C-7500,1.2,1.0,1.4
2025-08-07,2025-08-07 14:31:48.900,MO2508-C-7500,1.2,1.0,1.4
2025-08-07,2025-08-07 14:31:52.900,MO2508-C-7500,1.2,1.0,1.4
2025-08-07,2025-08-07 14:31:53.400,MO2508-C-7500,1.2,1.0,1.4
2025-08-07,2025-08-07 14:31:54.900,MO2508-C-7500,1.2,1.0,1.4
2025-08-07,2025-08-07 14:31:55.400,MO2508-C-7500,1.2,1.0,1.4
2025-08-07,2025-08-07 14:32:04.900,MO2508-C-7500,1.2,1.0,1.4
2025-08-07,2025-08-07 14:32:05.400,MO2508-C-7500,1.2,1.0,1.4
2025-08-07,2025-08-07 14:32:06.900,MO2508-C-7500,1.2,1.0,1.4
2025-08-07,2025-08-07 14:32:08.900,MO2508-C-7500,1.2,1.0,1.4
2025-08-07,2025-08-07 14:32:14.900,MO2508-C-7500,1.2,1.0,1.4
2025-08-07,2025-08-07 14:32:15.400,MO2508-C-7500,1.2,1.0,1.4
2025-08-07,2025-08-07 14:32:15.900,MO2508-C-7500,1.2,1.0,1.4
2025-08-07,2025-08-07 14:32:24.900,MO2508-C-7500,1.2,1.0,1.4
2025-08-07,2025-08-07 14:32:25.400,MO2508-C-7500,1.2,1.0,1.4
2025-08-07,2025-08-07 14:32:34.900,MO2508-C-7500,1.2,1.0,1.4
2025-08-07,2025-08-07 14:32:35.400,MO2508-C-7500,1.2,1.0,1.4
2025-08-07,2025-08-07 14:32:38.400,MO2508-C-7500,1.2,1.0,1.4
2025-08-07,2025-08-07 14:32:40.900,MO2508-C-7500,1.2,1.0,1.4
2025-08-07,2025-08-07 14:32:44.900,MO2508-C-7500,1.2,1.0,1.4
2025-08-07,2025-08-07 14:32:45.400,MO2508-C-7500,1.2,1.0,1.4
2025-08-07,2025-08-07 14:32:54.900,MO2508-C-7500,1.2,1.0,1.4
2025-08-07,2025-08-07 14:32:55.400,MO2508-C-7500,1.2,1.0,1.4
2025-08-07,2025-08-07 14:32:55.900,MO2508-C-7500,1.2,1.0,1.4
2025-08-07,2025-08-07 14:33:03.400,MO2508-C-7500,1.2,1.0,1.4
2025-08-07,2025-08-07 14:33:04.900,MO2508-C-7500,1.2,1.0,1.4
2025-08-07,2025-08-07 14:33:05.400,MO2508-C-7500,1.2,1.0,1.4
2025-08-07,2025-08-07 14:33:05.900,MO2508-C-7500,1.2,1.0,1.4
2025-08-07,2025-08-07 14:33:14.900,MO2508-C-7500,1.2,1.0,1.4
2025-08-07,2025-08-07 14:33:15.400,MO2508-C-7500,1.2,1.0,1.4
2025-08-07,2025-08-07 14:33:15.900,MO2508-C-7500,1.2,1.0,1.4
2025-08-07,2025-08-07 14:33:16.400,MO2508-C-7500,1.2,1.0,1.4
2025-08-07,2025-08-07 14:33:17.900,MO2508-C-7500,1.2,1.0,1.4
2025-08-07,2025-08-07 14:33:18.400,MO2508-C-7500,1.2,1.0,1.4
2025-08-07,2025-08-07 14:33:18.900,MO2508-C-7500,1.2,1.0,1.4
2025-08-07,2025-08-07 14:33:19.400,MO2508-C-7500,1.2,1.0,1.4
2025-08-07,2025-08-07 14:33:19.900,MO2508-C-7500,1.2,1.0,1.4
2025-08-07,2025-08-07 14:33:22.400,MO2508-C-7500,1.2,1.0,1.4
2025-08-07,2025-08-07 14:33:24.900,MO2508-C-7500,1.2,1.0,1.4
2025-08-07,2025-08-07 14:33:25.400,MO2508-C-7500,1.2,1.0,1.4
2025-08-07,2025-08-07 14:33:31.900,MO2508-C-7500,1.2,1.0,1.4
2025-08-07,2025-08-07 14:33:34.900,MO2508-C-7500,1.2,1.0,1.4
2025-08-07,2025-08-07 14:33:35.400,MO2508-C-7500,1.2,1.0,1.4
2025-08-07,2025-08-07 14:33:37.400,MO2508-C-7500,1.2,1.0,1.4
2025-08-07,2025-08-07 14:33:42.900,MO2508-C-7500,1.2,1.0,1.4
2025-08-07,2025-08-07 14:33:43.400,MO2508-C-7500,1.2,1.0,1.4
2025-08-07,2025-08-07 14:33:43.900,MO2508-C-7500,1.2,1.0,1.4
2025-08-07,2025-08-07 14:33:44.900,MO2508-C-7500,1.2,1.0,1.4
2025-08-07,2025-08-07 14:33:45.400,MO2508-C-7500,1.2,1.0,1.4
2025-08-07,2025-08-07 14:33:48.400,MO2508-C-7500,1.2,1.0,1.4
2025-08-07,2025-08-07 14:33:48.900,MO2508-C-7500,1.2,1.0,1.4
2025-08-07,2025-08-07 14:33:54.900,MO2508-C-7500,1.2,1.0,1.4
2025-08-07,2025-08-07 14:33:55.400,MO2508-C-7500,1.2,1.0,1.4
2025-08-07,2025-08-07 14:34:03.400,MO2508-C-7500,1.2,1.0,1.4
2025-08-07,2025-08-07 14:34:03.900,MO2508-C-7500,1.2,1.0,1.4
2025-08-07,2025-08-07 14:34:04.400,MO2508-C-7500,1.2,1.0,1.4
2025-08-07,2025-08-07 14:34:04.900,MO2508-C-7500,1.2,1.0,1.4
2025-08-07,2025-08-07 14:34:05.400,MO2508-C-7500,1.2,1.0,1.4
2025-08-07,2025-08-07 14:34:06.400,MO2508-C-7500,1.2,1.0,1.4
2025-08-07,2025-08-07 14:34:06.900,MO2508-C-7500,1.2,1.0,1.4
2025-08-07,2025-08-07 14:34:07.400,MO2508-C-7500,1.2,1.0,1.4
2025-08-07,2025-08-07 14:34:07.900,MO2508-C-7500,1.2,1.0,1.4
2025-08-07,2025-08-07 14:34:08.400,MO2508-C-7500,1.2,1.0,1.4
2025-08-07,2025-08-07 14:34:11.400,MO2508-C-7500,1.2,1.0,1.4
2025-08-07,2025-08-07 14:34:12.400,MO2508-C-7500,1.2,1.0,1.4
2025-08-07,2025-08-07 14:34:12.900,MO2508-C-7500,1.2,1.0,1.4
2025-08-07,2025-08-07 14:34:13.900,MO2508-C-7500,1.2,1.0,1.4
2025-08-07,2025-08-07 14:34:14.400,MO2508-C-7500,1.2,1.0,1.4
2025-08-07,2025-08-07 14:34:14.900,MO2508-C-7500,1.2,1.0,1.4
2025-08-07,2025-08-07 14:34:15.400,MO2508-C-7500,1.2,1.0,1.4
2025-08-07,2025-08-07 14:34:17.400,MO2508-C-7500,1.2,1.0,1.4
2025-08-07,2025-08-07 14:34:24.900,MO2508-C-7500,1.2,1.0,1.4
2025-08-07,2025-08-07 14:34:25.400,MO2508-C-7500,1.2,1.0,1.4
2025-08-07,2025-08-07 14:34:34.900,MO2508-C-7500,1.2,1.0,1.4
2025-08-07,2025-08-07 14:34:35.400,MO2508-C-7500,1.2,1.0,1.4
2025-08-07,2025-08-07 14:34:36.900,MO2508-C-7500,1.2,1.0,1.4
2025-08-07,2025-08-07 14:34:44.900,MO2508-C-7500,1.2,1.0,1.4
2025-08-07,2025-08-07 14:34:45.400,MO2508-C-7500,1.2,1.0,1.4
2025-08-07,2025-08-07 14:34:50.900,MO2508-C-7500,1.2,1.0,1.4
2025-08-07,2025-08-07 14:34:51.400,MO2508-C-7500,1.2,1.0,1.4
2025-08-07,2025-08-07 14:34:53.400,MO2508-C-7500,1.2,1.0,1.4
2025-08-07,2025-08-07 14:34:54.900,MO2508-C-7500,1.2,1.0,1.4
2025-08-07,2025-08-07 14:34:55.400,MO2508-C-7500,1.2,1.0,1.4
2025-08-07,2025-08-07 14:34:57.400,MO2508-C-7500,1.2,1.0,1.4
2025-08-07,2025-08-07 14:34:57.900,MO2508-C-7500,1.2,1.0,1.4
2025-08-07,2025-08-07 14:35:04.900,MO2508-C-7500,1.2,1.0,1.4
2025-08-07,2025-08-07 14:35:05.400,MO2508-C-7500,1.2,1.0,1.4
2025-08-07,2025-08-07 14:35:14.900,MO2508-C-7500,1.2,1.0,1.4
2025-08-07,2025-08-07 14:35:15.400,MO2508-C-7500,1.2,1.0,1.4
2025-08-07,2025-08-07 14:35:18.400,MO2508-C-7500,1.2,1.0,1.4
2025-08-07,2025-08-07 14:35:18.900,MO2508-C-7500,1.2,1.0,1.4
2025-08-07,2025-08-07 14:35:24.900,MO2508-C-7500,1.2,1.0,1.4
2025-08-07,2025-08-07 14:35:25.400,MO2508-C-7500,1.2,1.0,1.4
2025-08-07,2025-08-07 14:35:33.400,MO2508-C-7500,1.2,1.0,1.4
2025-08-07,2025-08-07 14:35:34.900,MO2508-C-7500,1.2,1.0,1.4
2025-08-07,2025-08-07 14:35:35.400,MO2508-C-7500,1.2,1.0,1.4
2025-08-07,2025-08-07 14:35:35.900,MO2508-C-7500,1.2,1.0,1.4
2025-08-07,2025-08-07 14:35:36.400,MO2508-C-7500,1.2,1.0,1.4
2025-08-07,2025-08-07 14:35:37.400,MO2508-C-7500,1.2,1.0,1.4
2025-08-07,2025-08-07 14:35:44.900,MO2508-C-7500,1.2,1.0,1.4
2025-08-07,2025-08-07 14:35:45.400,MO2508-C-7500,1.2,1.0,1.4
2025-08-07,2025-08-07 14:35:54.900,MO2508-C-7500,1.2,1.0,1.4
2025-08-07,2025-08-07 14:35:55.400,MO2508-C-7500,1.2,1.0,1.4
2025-08-07,2025-08-07 14:35:57.400,MO2508-C-7500,1.2,1.0,1.4
2025-08-07,2025-08-07 14:36:04.900,MO2508-C-7500,1.2,1.0,1.4
2025-08-07,2025-08-07 14:36:05.400,MO2508-C-7500,1.2,1.0,1.4
2025-08-07,2025-08-07 14:36:05.900,MO2508-C-7500,1.2,1.0,1.4
2025-08-07,2025-08-07 14:36:06.400,MO2508-C-7500,1.2,1.0,1.4
2025-08-07,2025-08-07 14:36:10.400,MO2508-C-7500,1.2,1.0,1.4
2025-08-07,2025-08-07 14:36:10.900,MO2508-C-7500,1.2,1.0,1.4
2025-08-07,2025-08-07 14:36:11.400,MO2508-C-7500,1.2,1.0,1.4
2025-08-07,2025-08-07 14:36:11.900,MO2508-C-7500,1.2,1.0,1.4
2025-08-07,2025-08-07 14:36:12.400,MO2508-C-7500,1.2,1.0,1.4
2025-08-07,2025-08-07 14:36:12.900,MO2508-C-7500,1.2,1.0,1.4
2025-08-07,2025-08-07 14:36:13.400,MO2508-C-7500,1.2,1.0,1.4
2025-08-07,2025-08-07 14:36:14.900,MO2508-C-7500,1.2,1.0,1.4
2025-08-07,2025-08-07 14:36:15.400,MO2508-C-7500,1.2,1.0,1.4
2025-08-07,2025-08-07 14:36:20.900,MO2508-C-7500,1.2,1.0,1.4
2025-08-07,2025-08-07 14:36:21.400,MO2508-C-7500,1.2,1.0,1.4
2025-08-07,2025-08-07 14:36:24.900,MO2508-C-7500,1.2,1.0,1.4
2025-08-07,2025-08-07 14:36:25.400,MO2508-C-7500,1.2,1.0,1.4
2025-08-07,2025-08-07 14:36:30.400,MO2508-C-7500,1.2,1.0,1.4
2025-08-07,2025-08-07 14:36:31.400,MO2508-C-7500,1.2,1.0,1.4
2025-08-07,2025-08-07 14:36:33.900,MO2508-C-7500,1.2,1.0,1.4
2025-08-07,2025-08-07 14:36:34.400,MO2508-C-7500,1.2,1.0,1.4
2025-08-07,2025-08-07 14:36:34.900,MO2508-C-7500,1.2,1.0,1.4
2025-08-07,2025-08-07 14:36:35.400,MO2508-C-7500,1.2,1.0,1.4
2025-08-07,2025-08-07 14:36:42.400,MO2508-C-7500,1.2,1.0,1.4
2025-08-07,2025-08-07 14:36:43.400,MO2508-C-7500,1.2,1.0,1.4
2025-08-07,2025-08-07 14:36:43.900,MO2508-C-7500,1.2,1.0,1.4
2025-08-07,2025-08-07 14:36:44.400,MO2508-C-7500,1.2,1.0,1.4
2025-08-07,2025-08-07 14:36:44.900,MO2508-C-7500,1.2,1.0,1.4
2025-08-07,2025-08-07 14:36:45.400,MO2508-C-7500,1.2,1.0,1.4
2025-08-07,2025-08-07 14:36:49.900,MO2508-C-7500,1.2,1.0,1.4
2025-08-07,2025-08-07 14:36:50.400,MO2508-C-7500,1.2,1.0,1.4
2025-08-07,2025-08-07 14:36:54.900,MO2508-C-7500,1.2,1.0,1.4
2025-08-07,2025-08-07 14:36:55.400,MO2508-C-7500,1.2,1.0,1.4
2025-08-07,2025-08-07 14:37:04.900,MO2508-C-7500,1.2,1.0,1.4
2025-08-07,2025-08-07 14:37:05.400,MO2508-C-7500,1.2,1.0,1.4
2025-08-07,2025-08-07 14:37:14.400,MO2508-C-7500,1.2,1.0,1.4
2025-08-07,2025-08-07 14:37:14.900,MO2508-C-7500,1.2,1.0,1.4
2025-08-07,2025-08-07 14:37:15.400,MO2508-C-7500,1.2,1.0,1.4
2025-08-07,2025-08-07 14:37:19.900,MO2508-C-7500,1.2,1.0,1.4
2025-08-07,2025-08-07 14:37:20.400,MO2508-C-7500,1.2,1.0,1.4
2025-08-07,2025-08-07 14:37:21.900,MO2508-C-7500,1.2,1.0,1.4
2025-08-07,2025-08-07 14:37:22.400,MO2508-C-7500,1.2,1.0,1.4
2025-08-07,2025-08-07 14:37:24.900,MO2508-C-7500,1.2,1.0,1.4
2025-08-07,2025-08-07 14:37:25.400,MO2508-C-7500,1.2,1.0,1.4
2025-08-07,2025-08-07 14:37:26.900,MO2508-C-7500,1.2,1.0,1.4
2025-08-07,2025-08-07 14:37:27.400,MO2508-C-7500,1.2,1.0,1.4
2025-08-07,2025-08-07 14:37:28.400,MO2508-C-7500,1.2,1.0,1.4
2025-08-07,2025-08-07 14:37:28.900,MO2508-C-7500,1.2,1.0,1.4
2025-08-07,2025-08-07 14:37:29.400,MO2508-C-7500,1.2,1.0,1.4
2025-08-07,2025-08-07 14:37:34.900,MO2508-C-7500,1.2,1.0,1.4
2025-08-07,2025-08-07 14:37:35.400,MO2508-C-7500,1.2,1.0,1.4
2025-08-07,2025-08-07 14:37:43.900,MO2508-C-7500,1.2,1.0,1.4
2025-08-07,2025-08-07 14:37:44.400,MO2508-C-7500,1.2,1.0,1.4
2025-08-07,2025-08-07 14:37:44.900,MO2508-C-7500,1.2,1.0,1.4
2025-08-07,2025-08-07 14:37:45.400,MO2508-C-7500,1.2,1.0,1.4
2025-08-07,2025-08-07 14:37:45.900,MO2508-C-7500,1.2,1.0,1.4
2025-08-07,2025-08-07 14:37:46.400,MO2508-C-7500,1.2,1.0,1.4
2025-08-07,2025-08-07 14:37:51.400,MO2508-C-7500,1.2,1.0,1.4
2025-08-07,2025-08-07 14:37:54.900,MO2508-C-7500,1.2,1.0,1.4
2025-08-07,2025-08-07 14:37:55.400,MO2508-C-7500,1.2,1.0,1.4
2025-08-07,2025-08-07 14:37:56.400,MO2508-C-7500,1.2,1.0,1.4
2025-08-07,2025-08-07 14:37:56.900,MO2508-C-7500,1.2,1.0,1.4
2025-08-07,2025-08-07 14:37:58.400,MO2508-C-7500,1.2,1.0,1.4
2025-08-07,2025-08-07 14:37:59.400,MO2508-C-7500,1.2,1.0,1.4
2025-08-07,2025-08-07 14:38:00.400,MO2508-C-7500,1.2,1.0,1.4
2025-08-07,2025-08-07 14:38:00.900,MO2508-C-7500,1.2,1.0,1.4
2025-08-07,2025-08-07 14:38:01.900,MO2508-C-7500,1.2,1.0,1.4
2025-08-07,2025-08-07 14:38:02.400,MO2508-C-7500,1.2,1.0,1.4
2025-08-07,2025-08-07 14:38:04.900,MO2508-C-7500,1.2,1.0,1.4
2025-08-07,2025-08-07 14:38:05.400,MO2508-C-7500,1.2,1.0,1.4
2025-08-07,2025-08-07 14:38:08.900,MO2508-C-7500,1.2,1.0,1.4
2025-08-07,2025-08-07 14:38:09.400,MO2508-C-7500,1.2,1.0,1.4
2025-08-07,2025-08-07 14:38:11.400,MO2508-C-7500,1.2,1.0,1.4
2025-08-07,2025-08-07 14:38:11.900,MO2508-C-7500,1.2,1.0,1.4
2025-08-07,2025-08-07 14:38:12.400,MO2508-C-7500,1.2,1.0,1.4
2025-08-07,2025-08-07 14:38:14.900,MO2508-C-7500,1.2,1.0,1.4
2025-08-07,2025-08-07 14:38:15.400,MO2508-C-7500,1.2,1.0,1.4
2025-08-07,2025-08-07 14:38:18.400,MO2508-C-7500,1.2,1.0,1.4
2025-08-07,2025-08-07 14:38:18.900,MO2508-C-7500,1.2,1.0,1.4
2025-08-07,2025-08-07 14:38:19.400,MO2508-C-7500,1.2,1.0,1.4
2025-08-07,2025-08-07 14:38:24.900,MO2508-C-7500,1.2,1.0,1.4
2025-08-07,2025-08-07 14:38:25.400,MO2508-C-7500,1.2,1.0,1.4
2025-08-07,2025-08-07 14:38:34.900,MO2508-C-7500,1.2,1.0,1.4
2025-08-07,2025-08-07 14:38:35.400,MO2508-C-7500,1.2,1.0,1.4
2025-08-07,2025-08-07 14:38:38.900,MO2508-C-7500,1.2,1.0,1.4
2025-08-07,2025-08-07 14:38:39.400,MO2508-C-7500,1.2,1.0,1.4
2025-08-07,2025-08-07 14:38:39.900,MO2508-C-7500,1.2,1.0,1.4
2025-08-07,2025-08-07 14:38:40.900,MO2508-C-7500,1.2,1.0,1.4
2025-08-07,2025-08-07 14:38:41.400,MO2508-C-7500,1.2,1.0,1.4
2025-08-07,2025-08-07 14:38:41.900,MO2508-C-7500,1.2,1.0,1.4
2025-08-07,2025-08-07 14:38:42.400,MO2508-C-7500,1.2,1.0,1.4
2025-08-07,2025-08-07 14:38:44.400,MO2508-C-7500,1.2,1.0,1.4
2025-08-07,2025-08-07 14:38:44.900,MO2508-C-7500,1.2,1.0,1.4
2025-08-07,2025-08-07 14:38:45.400,MO2508-C-7500,1.2,1.0,1.4
2025-08-07,2025-08-07 14:38:47.400,MO2508-C-7500,1.2,1.0,1.4
2025-08-07,2025-08-07 14:38:47.900,MO2508-C-7500,1.2,1.0,1.4
2025-08-07,2025-08-07 14:38:48.400,MO2508-C-7500,1.2,1.0,1.4
2025-08-07,2025-08-07 14:38:48.900,MO2508-C-7500,1.2,1.0,1.4
2025-08-07,2025-08-07 14:38:49.900,MO2508-C-7500,1.2,1.0,1.4
2025-08-07,2025-08-07 14:38:50.400,MO2508-C-7500,1.2,1.0,1.4
2025-08-07,2025-08-07 14:38:50.900,MO2508-C-7500,1.2,1.0,1.4
2025-08-07,2025-08-07 14:38:51.400,MO2508-C-7500,1.2,1.0,1.4
2025-08-07,2025-08-07 14:38:54.900,MO2508-C-7500,1.2,1.0,1.4
2025-08-07,2025-08-07 14:38:55.400,MO2508-C-7500,1.2,1.0,1.4
2025-08-07,2025-08-07 14:38:56.400,MO2508-C-7500,1.2,1.0,1.4
2025-08-07,2025-08-07 14:38:56.900,MO2508-C-7500,1.2,1.0,1.4
2025-08-07,2025-08-07 14:38:57.400,MO2508-C-7500,1.2,1.0,1.4
2025-08-07,2025-08-07 14:39:04.900,MO2508-C-7500,1.2,1.0,1.4
2025-08-07,2025-08-07 14:39:05.400,MO2508-C-7500,1.2,1.0,1.4
2025-08-07,2025-08-07 14:39:14.900,MO2508-C-7500,1.2,1.0,1.4
2025-08-07,2025-08-07 14:39:15.400,MO2508-C-7500,1.2,1.0,1.4
2025-08-07,2025-08-07 14:39:19.400,MO2508-C-7500,1.2,1.0,1.4
2025-08-07,2025-08-07 14:39:24.900,MO2508-C-7500,1.2,1.0,1.4
2025-08-07,2025-08-07 14:39:25.400,MO2508-C-7500,1.2,1.0,1.4
2025-08-07,2025-08-07 14:39:34.900,MO2508-C-7500,1.2,1.0,1.4
2025-08-07,2025-08-07 14:39:35.400,MO2508-C-7500,1.2,1.0,1.4
2025-08-07,2025-08-07 14:39:44.900,MO2508-C-7500,1.2,1.0,1.4
2025-08-07,2025-08-07 14:39:45.400,MO2508-C-7500,1.2,1.0,1.4
2025-08-07,2025-08-07 14:39:54.900,MO2508-C-7500,1.2,1.0,1.4
2025-08-07,2025-08-07 14:39:55.400,MO2508-C-7500,1.2,1.0,1.4
2025-08-07,2025-08-07 14:39:57.900,MO2508-C-7500,1.2,1.0,1.4
2025-08-07,2025-08-07 14:39:58.400,MO2508-C-7500,1.2,1.0,1.4
2025-08-07,2025-08-07 14:40:02.400,MO2508-C-7500,1.2,1.0,1.4
2025-08-07,2025-08-07 14:40:02.900,MO2508-C-7500,1.2,1.0,1.4
2025-08-07,2025-08-07 14:40:04.900,MO2508-C-7500,1.2,1.0,1.4
2025-08-07,2025-08-07 14:40:05.400,MO2508-C-7500,1.2,1.0,1.4
2025-08-07,2025-08-07 14:40:05.900,MO2508-C-7500,1.2,1.0,1.4
2025-08-07,2025-08-07 14:40:07.900,MO2508-C-7500,1.2,1.0,1.4
2025-08-07,2025-08-07 14:40:08.400,MO2508-C-7500,1.2,1.0,1.4
2025-08-07,2025-08-07 14:40:14.900,MO2508-C-7500,1.2,1.0,1.4
2025-08-07,2025-08-07 14:40:15.400,MO2508-C-7500,1.2,1.0,1.4
2025-08-07,2025-08-07 14:40:15.900,MO2508-C-7500,1.2,1.0,1.4
2025-08-07,2025-08-07 14:40:24.900,MO2508-C-7500,1.2,1.0,1.4
2025-08-07,2025-08-07 14:40:25.400,MO2508-C-7500,1.2,1.0,1.4
2025-08-07,2025-08-07 14:40:34.900,MO2508-C-7500,1.2,1.0,1.4
2025-08-07,2025-08-07 14:40:35.400,MO2508-C-7500,1.2,1.0,1.4
2025-08-07,2025-08-07 14:40:40.400,MO2508-C-7500,1.2,1.0,1.4
2025-08-07,2025-08-07 14:40:40.900,MO2508-C-7500,1.2,1.0,1.4
2025-08-07,2025-08-07 14:40:44.900,MO2508-C-7500,1.2,1.0,1.4
2025-08-07,2025-08-07 14:40:45.400,MO2508-C-7500,1.2,1.0,1.4
2025-08-07,2025-08-07 14:40:46.900,MO2508-C-7500,1.2,1.0,1.4
2025-08-07,2025-08-07 14:40:47.400,MO2508-C-7500,1.2,1.0,1.4
2025-08-07,2025-08-07 14:40:54.900,MO2508-C-7500,1.2,1.0,1.4
2025-08-07,2025-08-07 14:40:55.400,MO2508-C-7500,1.2,1.0,1.4
2025-08-07,2025-08-07 14:41:04.900,MO2508-C-7500,1.2,1.0,1.4
2025-08-07,2025-08-07 14:41:05.400,MO2508-C-7500,1.2,1.0,1.4
2025-08-07,2025-08-07 14:41:14.900,MO2508-C-7500,1.2,1.0,1.4
2025-08-07,2025-08-07 14:41:15.400,MO2508-C-7500,1.2,1.0,1.4
2025-08-07,2025-08-07 14:41:24.900,MO2508-C-7500,1.2,1.0,1.4
2025-08-07,2025-08-07 14:41:25.400,MO2508-C-7500,1.2,1.0,1.4
2025-08-07,2025-08-07 14:41:25.900,MO2508-C-7500,1.2,1.0,1.4
2025-08-07,2025-08-07 14:41:34.900,MO2508-C-7500,1.2,1.0,1.4
2025-08-07,2025-08-07 14:41:35.400,MO2508-C-7500,1.2,1.0,1.4
2025-08-07,2025-08-07 14:41:44.900,MO2508-C-7500,1.2,1.0,1.4
2025-08-07,2025-08-07 14:41:45.400,MO2508-C-7500,1.2,1.0,1.4
2025-08-07,2025-08-07 14:41:48.400,MO2508-C-7500,1.2,1.0,1.4
2025-08-07,2025-08-07 14:41:48.900,MO2508-C-7500,1.2,1.0,1.4
2025-08-07,2025-08-07 14:41:49.400,MO2508-C-7500,1.2,1.0,1.4
2025-08-07,2025-08-07 14:41:49.900,MO2508-C-7500,1.2,1.0,1.4
2025-08-07,2025-08-07 14:41:50.400,MO2508-C-7500,1.2,1.0,1.4
2025-08-07,2025-08-07 14:41:51.900,MO2508-C-7500,1.2,1.0,1.4
2025-08-07,2025-08-07 14:41:52.400,MO2508-C-7500,1.2,1.0,1.4
2025-08-07,2025-08-07 14:41:52.900,MO2508-C-7500,1.2,1.0,1.4
2025-08-07,2025-08-07 14:41:53.400,MO2508-C-7500,1.2,1.0,1.4
2025-08-07,2025-08-07 14:41:53.900,MO2508-C-7500,1.2,1.0,1.4
2025-08-07,2025-08-07 14:41:54.900,MO2508-C-7500,1.2,1.0,1.4
2025-08-07,2025-08-07 14:41:55.400,MO2508-C-7500,1.2,1.0,1.4
2025-08-07,2025-08-07 14:42:00.900,MO2508-C-7500,1.2,1.0,1.4
2025-08-07,2025-08-07 14:42:01.400,MO2508-C-7500,1.2,1.0,1.4
2025-08-07,2025-08-07 14:42:04.900,MO2508-C-7500,1.2,1.0,1.4
2025-08-07,2025-08-07 14:42:05.400,MO2508-C-7500,1.2,1.0,1.4
2025-08-07,2025-08-07 14:42:14.900,MO2508-C-7500,1.2,1.0,1.4
2025-08-07,2025-08-07 14:42:15.400,MO2508-C-7500,1.2,1.0,1.4
2025-08-07,2025-08-07 14:42:24.900,MO2508-C-7500,1.2,1.0,1.4
2025-08-07,2025-08-07 14:42:25.400,MO2508-C-7500,1.2,1.0,1.4
2025-08-07,2025-08-07 14:42:34.900,MO2508-C-7500,1.2,1.0,1.4
2025-08-07,2025-08-07 14:42:35.400,MO2508-C-7500,1.2,1.0,1.4
2025-08-07,2025-08-07 14:42:42.900,MO2508-C-7500,1.2,1.0,1.4
2025-08-07,2025-08-07 14:42:43.400,MO2508-C-7500,1.2,1.0,1.4
2025-08-07,2025-08-07 14:42:43.900,MO2508-C-7500,1.2,1.0,1.4
2025-08-07,2025-08-07 14:42:44.400,MO2508-C-7500,1.2,1.0,1.4
2025-08-07,2025-08-07 14:42:44.900,MO2508-C-7500,1.2,1.0,1.4
2025-08-07,2025-08-07 14:42:45.400,MO2508-C-7500,1.2,1.0,1.4
2025-08-07,2025-08-07 14:42:45.900,MO2508-C-7500,1.2,1.0,1.4
2025-08-07,2025-08-07 14:42:46.400,MO2508-C-7500,1.2,1.0,1.4
2025-08-07,2025-08-07 14:42:54.900,MO2508-C-7500,1.2,1.0,1.4
2025-08-07,2025-08-07 14:42:55.400,MO2508-C-7500,1.2,1.0,1.4
2025-08-07,2025-08-07 14:43:02.900,MO2508-C-7500,1.2,1.0,1.4
2025-08-07,2025-08-07 14:43:03.400,MO2508-C-7500,1.2,1.0,1.4
2025-08-07,2025-08-07 14:43:03.900,MO2508-C-7500,1.2,1.0,1.4
2025-08-07,2025-08-07 14:43:04.400,MO2508-C-7500,1.2,1.0,1.4
2025-08-07,2025-08-07 14:43:04.900,MO2508-C-7500,1.2,1.0,1.4
2025-08-07,2025-08-07 14:43:05.400,MO2508-C-7500,1.2,1.0,1.4
2025-08-07,2025-08-07 14:43:05.900,MO2508-C-7500,1.2,1.0,1.4
2025-08-07,2025-08-07 14:43:06.400,MO2508-C-7500,1.2,1.0,1.4
2025-08-07,2025-08-07 14:43:06.900,MO2508-C-7500,1.2,1.0,1.4
2025-08-07,2025-08-07 14:43:07.400,MO2508-C-7500,1.2,1.0,1.4
2025-08-07,2025-08-07 14:43:07.900,MO2508-C-7500,1.2,1.0,1.4
2025-08-07,2025-08-07 14:43:08.400,MO2508-C-7500,1.2,1.0,1.4
2025-08-07,2025-08-07 14:43:09.400,MO2508-C-7500,1.2,1.0,1.4
2025-08-07,2025-08-07 14:43:09.900,MO2508-C-7500,1.2,1.0,1.4
2025-08-07,2025-08-07 14:43:13.900,MO2508-C-7500,1.2,1.0,1.4
2025-08-07,2025-08-07 14:43:14.400,MO2508-C-7500,1.2,1.0,1.4
2025-08-07,2025-08-07 14:43:14.900,MO2508-C-7500,1.2,1.0,1.4
2025-08-07,2025-08-07 14:43:15.400,MO2508-C-7500,1.2,1.0,1.4
2025-08-07,2025-08-07 14:43:15.900,MO2508-C-7500,1.2,1.0,1.4
2025-08-07,2025-08-07 14:43:24.900,MO2508-C-7500,1.2,1.0,1.4
2025-08-07,2025-08-07 14:43:25.400,MO2508-C-7500,1.2,1.0,1.4
2025-08-07,2025-08-07 14:43:25.900,MO2508-C-7500,1.2,1.0,1.4
2025-08-07,2025-08-07 14:43:26.400,MO2508-C-7500,1.2,1.0,1.4
2025-08-07,2025-08-07 14:43:32.900,MO2508-C-7500,1.2,1.0,1.4
2025-08-07,2025-08-07 14:43:33.400,MO2508-C-7500,1.2,1.0,1.4
2025-08-07,2025-08-07 14:43:33.900,MO2508-C-7500,1.2,1.0,1.4
2025-08-07,2025-08-07 14:43:34.400,MO2508-C-7500,1.2,1.0,1.4
2025-08-07,2025-08-07 14:43:34.900,MO2508-C-7500,1.2,1.0,1.4
2025-08-07,2025-08-07 14:43:35.400,MO2508-C-7500,1.2,1.0,1.4
2025-08-07,2025-08-07 14:43:44.900,MO2508-C-7500,1.2,1.0,1.4
2025-08-07,2025-08-07 14:43:45.400,MO2508-C-7500,1.2,1.0,1.4
2025-08-07,2025-08-07 14:43:51.400,MO2508-C-7500,1.2,1.0,1.4
2025-08-07,2025-08-07 14:43:51.900,MO2508-C-7500,1.2,1.0,1.4
2025-08-07,2025-08-07 14:43:52.900,MO2508-C-7500,1.2,1.0,1.4
2025-08-07,2025-08-07 14:43:53.400,MO2508-C-7500,1.2,1.0,1.4
2025-08-07,2025-08-07 14:43:53.900,MO2508-C-7500,1.2,1.0,1.4
2025-08-07,2025-08-07 14:43:54.900,MO2508-C-7500,1.2,1.0,1.4
2025-08-07,2025-08-07 14:43:55.400,MO2508-C-7500,1.2,1.0,1.4
2025-08-07,2025-08-07 14:44:02.900,MO2508-C-7500,1.2,1.0,1.4
2025-08-07,2025-08-07 14:44:03.400,MO2508-C-7500,1.2,1.0,1.4
2025-08-07,2025-08-07 14:44:03.900,MO2508-C-7500,1.2,1.0,1.4
2025-08-07,2025-08-07 14:44:04.400,MO2508-C-7500,1.2,1.0,1.4
2025-08-07,2025-08-07 14:44:04.900,MO2508-C-7500,1.2,1.0,1.4
2025-08-07,2025-08-07 14:44:05.400,MO2508-C-7500,1.2,1.0,1.4
2025-08-07,2025-08-07 14:44:14.900,MO2508-C-7500,1.2,1.0,1.4
2025-08-07,2025-08-07 14:44:15.400,MO2508-C-7500,1.2,1.0,1.4
2025-08-07,2025-08-07 14:44:15.900,MO2508-C-7500,1.2,1.0,1.4
2025-08-07,2025-08-07 14:44:24.900,MO2508-C-7500,1.2,1.0,1.4
2025-08-07,2025-08-07 14:44:25.400,MO2508-C-7500,1.2,1.0,1.4
2025-08-07,2025-08-07 14:44:31.900,MO2508-C-7500,1.2,1.0,1.4
2025-08-07,2025-08-07 14:44:32.400,MO2508-C-7500,1.2,1.0,1.4
2025-08-07,2025-08-07 14:44:32.900,MO2508-C-7500,1.2,1.0,1.4
2025-08-07,2025-08-07 14:44:33.400,MO2508-C-7500,1.2,1.0,1.4
2025-08-07,2025-08-07 14:44:33.900,MO2508-C-7500,1.2,1.0,1.4
2025-08-07,2025-08-07 14:44:34.900,MO2508-C-7500,1.2,1.0,1.4
2025-08-07,2025-08-07 14:44:35.400,MO2508-C-7500,1.2,1.0,1.4
2025-08-07,2025-08-07 14:44:38.900,MO2508-C-7500,1.2,1.0,1.4
2025-08-07,2025-08-07 14:44:39.400,MO2508-C-7500,1.2,1.0,1.4
2025-08-07,2025-08-07 14:44:39.900,MO2508-C-7500,1.2,1.0,1.4
2025-08-07,2025-08-07 14:44:40.400,MO2508-C-7500,1.2,1.0,1.4
2025-08-07,2025-08-07 14:44:40.900,MO2508-C-7500,1.2,1.0,1.4
2025-08-07,2025-08-07 14:44:41.400,MO2508-C-7500,1.2,1.0,1.4
2025-08-07,2025-08-07 14:44:41.900,MO2508-C-7500,1.2,1.0,1.4
2025-08-07,2025-08-07 14:44:42.400,MO2508-C-7500,1.2,1.0,1.4
2025-08-07,2025-08-07 14:44:42.900,MO2508-C-7500,1.2,1.0,1.4
2025-08-07,2025-08-07 14:44:43.400,MO2508-C-7500,1.2,1.0,1.4
2025-08-07,2025-08-07 14:44:43.900,MO2508-C-7500,1.2,1.0,1.4
2025-08-07,2025-08-07 14:44:44.400,MO2508-C-7500,1.2,1.0,1.4
2025-08-07,2025-08-07 14:44:44.900,MO2508-C-7500,1.2,1.0,1.4
2025-08-07,2025-08-07 14:44:45.400,MO2508-C-7500,1.2,1.0,1.4
2025-08-07,2025-08-07 14:44:45.900,MO2508-C-7500,1.2,1.0,1.4
2025-08-07,2025-08-07 14:44:46.400,MO2508-C-7500,1.2,1.0,1.4
2025-08-07,2025-08-07 14:44:46.900,MO2508-C-7500,1.2,1.0,1.4
2025-08-07,2025-08-07 14:44:54.900,MO2508-C-7500,1.2,1.0,1.4
2025-08-07,2025-08-07 14:44:55.400,MO2508-C-7500,1.2,1.0,1.4
2025-08-07,2025-08-07 14:45:04.900,MO2508-C-7500,1.2,1.0,1.4
2025-08-07,2025-08-07 14:45:05.400,MO2508-C-7500,1.2,1.0,1.4
2025-08-07,2025-08-07 14:45:14.900,MO2508-C-7500,1.2,1.0,1.4
2025-08-07,2025-08-07 14:45:15.400,MO2508-C-7500,1.2,1.0,1.4
2025-08-07,2025-08-07 14:45:24.900,MO2508-C-7500,1.2,1.0,1.4
2025-08-07,2025-08-07 14:45:25.400,MO2508-C-7500,1.2,1.0,1.4
2025-08-07,2025-08-07 14:45:34.900,MO2508-C-7500,1.2,1.0,1.4
2025-08-07,2025-08-07 14:45:35.400,MO2508-C-7500,1.2,1.0,1.4
2025-08-07,2025-08-07 14:45:44.900,MO2508-C-7500,1.2,1.0,1.4
2025-08-07,2025-08-07 14:45:45.400,MO2508-C-7500,1.2,1.0,1.4
2025-08-07,2025-08-07 14:45:54.900,MO2508-C-7500,1.2,1.0,1.4
2025-08-07,2025-08-07 14:45:55.400,MO2508-C-7500,1.2,1.0,1.4
2025-08-07,2025-08-07 14:46:01.400,MO2508-C-7500,1.2,1.0,1.4
2025-08-07,2025-08-07 14:46:01.900,MO2508-C-7500,1.2,1.0,1.4
2025-08-07,2025-08-07 14:46:02.400,MO2508-C-7500,1.2,1.0,1.4
2025-08-07,2025-08-07 14:46:02.900,MO2508-C-7500,1.2,1.0,1.4
2025-08-07,2025-08-07 14:46:03.400,MO2508-C-7500,1.2,1.0,1.4
2025-08-07,2025-08-07 14:46:03.900,MO2508-C-7500,1.2,1.0,1.4
2025-08-07,2025-08-07 14:46:04.400,MO2508-C-7500,1.2,1.0,1.4
2025-08-07,2025-08-07 14:46:04.900,MO2508-C-7500,1.2,1.0,1.4
2025-08-07,2025-08-07 14:46:05.400,MO2508-C-7500,1.2,1.0,1.4
2025-08-07,2025-08-07 14:46:05.900,MO2508-C-7500,1.2,1.0,1.4
2025-08-07,2025-08-07 14:46:06.400,MO2508-C-7500,1.2,1.0,1.4
2025-08-07,2025-08-07 14:46:06.900,MO2508-C-7500,1.2,1.0,1.4
2025-08-07,2025-08-07 14:46:07.400,MO2508-C-7500,1.2,1.0,1.4
2025-08-07,2025-08-07 14:46:07.900,MO2508-C-7500,1.2,1.0,1.4
2025-08-07,2025-08-07 14:46:08.400,MO2508-C-7500,1.2,1.0,1.4
2025-08-07,2025-08-07 14:46:08.900,MO2508-C-7500,1.2,1.0,1.4
2025-08-07,2025-08-07 14:46:09.400,MO2508-C-7500,1.2,1.0,1.4
2025-08-07,2025-08-07 14:46:09.900,MO2508-C-7500,1.2,1.0,1.4
2025-08-07,2025-08-07 14:46:10.400,MO2508-C-7500,1.2,1.0,1.4
2025-08-07,2025-08-07 14:46:14.900,MO2508-C-7500,1.2,1.0,1.4
2025-08-07,2025-08-07 14:46:15.400,MO2508-C-7500,1.2,1.0,1.4
2025-08-07,2025-08-07 14:46:16.400,MO2508-C-7500,1.2,1.0,1.4
2025-08-07,2025-08-07 14:46:16.900,MO2508-C-7500,1.2,1.0,1.4
2025-08-07,2025-08-07 14:46:17.400,MO2508-C-7500,1.2,1.0,1.4
2025-08-07,2025-08-07 14:46:17.900,MO2508-C-7500,1.2,1.0,1.4
2025-08-07,2025-08-07 14:46:18.400,MO2508-C-7500,1.2,1.0,1.4
2025-08-07,2025-08-07 14:46:18.900,MO2508-C-7500,1.2,1.0,1.4
2025-08-07,2025-08-07 14:46:19.400,MO2508-C-7500,1.2,1.0,1.4
2025-08-07,2025-08-07 14:46:19.900,MO2508-C-7500,1.2,1.0,1.4
2025-08-07,2025-08-07 14:46:20.400,MO2508-C-7500,1.2,1.0,1.4
2025-08-07,2025-08-07 14:46:20.900,MO2508-C-7500,1.2,1.0,1.4
2025-08-07,2025-08-07 14:46:21.400,MO2508-C-7500,1.2,1.0,1.4
2025-08-07,2025-08-07 14:46:21.900,MO2508-C-7500,1.2,1.0,1.4
2025-08-07,2025-08-07 14:46:22.400,MO2508-C-7500,1.2,1.0,1.4
2025-08-07,2025-08-07 14:46:22.900,MO2508-C-7500,1.2,1.0,1.4
2025-08-07,2025-08-07 14:46:23.400,MO2508-C-7500,1.2,1.0,1.4
2025-08-07,2025-08-07 14:46:23.900,MO2508-C-7500,1.2,1.0,1.4
2025-08-07,2025-08-07 14:46:24.400,MO2508-C-7500,1.2,1.0,1.4
2025-08-07,2025-08-07 14:46:24.900,MO2508-C-7500,1.2,1.0,1.4
2025-08-07,2025-08-07 14:46:25.400,MO2508-C-7500,1.2,1.0,1.4
2025-08-07,2025-08-07 14:46:25.900,MO2508-C-7500,1.2,1.0,1.4
2025-08-07,2025-08-07 14:46:26.400,MO2508-C-7500,1.2,1.0,1.4
2025-08-07,2025-08-07 14:46:26.900,MO2508-C-7500,1.2,1.0,1.4
2025-08-07,2025-08-07 14:46:27.400,MO2508-C-7500,1.2,1.0,1.4
2025-08-07,2025-08-07 14:46:27.900,MO2508-C-7500,1.2,1.0,1.4
2025-08-07,2025-08-07 14:46:28.400,MO2508-C-7500,1.2,1.0,1.4
2025-08-07,2025-08-07 14:46:28.900,MO2508-C-7500,1.2,1.0,1.4
2025-08-07,2025-08-07 14:46:29.400,MO2508-C-7500,1.2,1.0,1.4
2025-08-07,2025-08-07 14:46:29.900,MO2508-C-7500,1.2,1.0,1.4
2025-08-07,2025-08-07 14:46:30.400,MO2508-C-7500,1.2,1.0,1.4
2025-08-07,2025-08-07 14:46:30.900,MO2508-C-7500,1.2,1.0,1.4
2025-08-07,2025-08-07 14:46:31.400,MO2508-C-7500,1.2,1.0,1.4
2025-08-07,2025-08-07 14:46:31.900,MO2508-C-7500,1.2,1.0,1.4
2025-08-07,2025-08-07 14:46:32.400,MO2508-C-7500,1.2,1.0,1.4
2025-08-07,2025-08-07 14:46:32.900,MO2508-C-7500,1.2,1.0,1.4
2025-08-07,2025-08-07 14:46:33.400,MO2508-C-7500,1.2,1.0,1.4
2025-08-07,2025-08-07 14:46:33.900,MO2508-C-7500,1.2,1.0,1.4
2025-08-07,2025-08-07 14:46:34.400,MO2508-C-7500,1.2,1.0,1.4
2025-08-07,2025-08-07 14:46:34.900,MO2508-C-7500,1.2,1.0,1.4
2025-08-07,2025-08-07 14:46:35.400,MO2508-C-7500,1.2,1.0,1.4
2025-08-07,2025-08-07 14:46:35.900,MO2508-C-7500,1.2,1.0,1.4
2025-08-07,2025-08-07 14:46:36.400,MO2508-C-7500,1.2,1.0,1.4
2025-08-07,2025-08-07 14:46:36.900,MO2508-C-7500,1.2,1.0,1.4
2025-08-07,2025-08-07 14:46:37.400,MO2508-C-7500,1.2,1.0,1.4
2025-08-07,2025-08-07 14:46:37.900,MO2508-C-7500,1.2,1.0,1.4
2025-08-07,2025-08-07 14:46:38.400,MO2508-C-7500,1.2,1.0,1.4
2025-08-07,2025-08-07 14:46:38.900,MO2508-C-7500,1.2,1.0,1.4
2025-08-07,2025-08-07 14:46:39.400,MO2508-C-7500,1.2,1.0,1.4
2025-08-07,2025-08-07 14:46:39.900,MO2508-C-7500,1.2,1.0,1.4
2025-08-07,2025-08-07 14:46:40.400,MO2508-C-7500,1.2,1.0,1.4
2025-08-07,2025-08-07 14:46:40.900,MO2508-C-7500,1.2,1.0,1.4
2025-08-07,2025-08-07 14:46:41.400,MO2508-C-7500,1.2,1.0,1.4
2025-08-07,2025-08-07 14:46:41.900,MO2508-C-7500,1.2,1.0,1.4
2025-08-07,2025-08-07 14:46:42.400,MO2508-C-7500,1.2,1.0,1.4
2025-08-07,2025-08-07 14:46:42.900,MO2508-C-7500,1.2,1.0,1.4
2025-08-07,2025-08-07 14:46:43.400,MO2508-C-7500,1.2,1.0,1.4
2025-08-07,2025-08-07 14:46:43.900,MO2508-C-7500,1.2,1.0,1.4
2025-08-07,2025-08-07 14:46:44.400,MO2508-C-7500,1.2,1.0,1.4
2025-08-07,2025-08-07 14:46:44.900,MO2508-C-7500,1.2,1.0,1.4
2025-08-07,2025-08-07 14:46:45.400,MO2508-C-7500,1.2,1.0,1.4
2025-08-07,2025-08-07 14:46:45.900,MO2508-C-7500,1.2,1.0,1.4
2025-08-07,2025-08-07 14:46:46.400,MO2508-C-7500,1.2,1.0,1.4
2025-08-07,2025-08-07 14:46:46.900,MO2508-C-7500,1.2,1.0,1.4
2025-08-07,2025-08-07 14:46:47.400,MO2508-C-7500,1.2,1.0,1.4
2025-08-07,2025-08-07 14:46:47.900,MO2508-C-7500,1.2,1.0,1.4
2025-08-07,2025-08-07 14:46:48.400,MO2508-C-7500,1.2,1.0,1.4
2025-08-07,2025-08-07 14:46:48.900,MO2508-C-7500,1.2,1.0,1.4
2025-08-07,2025-08-07 14:46:49.400,MO2508-C-7500,1.2,1.0,1.4
2025-08-07,2025-08-07 14:46:49.900,MO2508-C-7500,1.2,1.0,1.4
2025-08-07,2025-08-07 14:46:50.400,MO2508-C-7500,1.2,1.0,1.4
2025-08-07,2025-08-07 14:46:50.900,MO2508-C-7500,1.2,1.0,1.4
2025-08-07,2025-08-07 14:46:51.400,MO2508-C-7500,1.2,1.0,1.4
2025-08-07,2025-08-07 14:46:51.900,MO2508-C-7500,1.2,1.0,1.4
2025-08-07,2025-08-07 14:46:52.400,MO2508-C-7500,1.2,1.0,1.4
2025-08-07,2025-08-07 14:46:52.900,MO2508-C-7500,1.2,1.0,1.4
2025-08-07,2025-08-07 14:46:53.400,MO2508-C-7500,1.2,1.0,1.4
2025-08-07,2025-08-07 14:46:53.900,MO2508-C-7500,1.2,1.0,1.4
2025-08-07,2025-08-07 14:46:54.400,MO2508-C-7500,1.2,1.0,1.4
2025-08-07,2025-08-07 14:46:54.900,MO2508-C-7500,1.2,1.0,1.4
2025-08-07,2025-08-07 14:46:55.400,MO2508-C-7500,1.2,1.0,1.4
2025-08-07,2025-08-07 14:46:55.900,MO2508-C-7500,1.2,1.0,1.4
2025-08-07,2025-08-07 14:46:56.400,MO2508-C-7500,1.2,1.0,1.4
2025-08-07,2025-08-07 14:46:56.900,MO2508-C-7500,1.2,1.0,1.4
2025-08-07,2025-08-07 14:46:57.400,MO2508-C-7500,1.2,1.0,1.4
2025-08-07,2025-08-07 14:46:57.900,MO2508-C-7500,1.2,1.0,1.4
2025-08-07,2025-08-07 14:46:58.400,MO2508-C-7500,1.2,1.0,1.4
2025-08-07,2025-08-07 14:46:58.900,MO2508-C-7500,1.2,1.0,1.4
2025-08-07,2025-08-07 14:46:59.400,MO2508-C-7500,1.2,1.0,1.4
2025-08-07,2025-08-07 14:46:59.900,MO2508-C-7500,1.2,1.0,1.4
2025-08-07,2025-08-07 14:47:00.400,MO2508-C-7500,1.2,1.0,1.4
2025-08-07,2025-08-07 14:47:00.900,MO2508-C-7500,1.2,1.0,1.4
2025-08-07,2025-08-07 14:47:01.400,MO2508-C-7500,1.2,1.0,1.4
2025-08-07,2025-08-07 14:47:01.900,MO2508-C-7500,1.2,1.0,1.4
2025-08-07,2025-08-07 14:47:02.400,MO2508-C-7500,1.2,1.0,1.4
2025-08-07,2025-08-07 14:47:02.900,MO2508-C-7500,1.2,1.0,1.4
2025-08-07,2025-08-07 14:47:03.400,MO2508-C-7500,1.2,1.0,1.4
2025-08-07,2025-08-07 14:47:03.900,MO2508-C-7500,1.2,1.0,1.4
2025-08-07,2025-08-07 14:47:04.400,MO2508-C-7500,1.2,1.0,1.4
2025-08-07,2025-08-07 14:47:04.900,MO2508-C-7500,1.2,1.0,1.4
2025-08-07,2025-08-07 14:47:05.400,MO2508-C-7500,1.2,1.0,1.4
2025-08-07,2025-08-07 14:47:05.900,MO2508-C-7500,1.2,1.0,1.4
2025-08-07,2025-08-07 14:47:06.400,MO2508-C-7500,1.2,1.0,1.4
2025-08-07,2025-08-07 14:47:06.900,MO2508-C-7500,1.2,1.0,1.4
2025-08-07,2025-08-07 14:47:07.400,MO2508-C-7500,1.2,1.0,1.4
2025-08-07,2025-08-07 14:47:07.900,MO2508-C-7500,1.2,1.0,1.4
2025-08-07,2025-08-07 14:47:08.400,MO2508-C-7500,1.2,1.0,1.4
2025-08-07,2025-08-07 14:47:08.900,MO2508-C-7500,1.2,1.0,1.4
2025-08-07,2025-08-07 14:47:09.400,MO2508-C-7500,1.2,1.0,1.4
2025-08-07,2025-08-07 14:47:09.900,MO2508-C-7500,1.2,1.0,1.4
2025-08-07,2025-08-07 14:47:10.400,MO2508-C-7500,1.2,1.0,1.4
2025-08-07,2025-08-07 14:47:10.900,MO2508-C-7500,1.2,1.0,1.4
2025-08-07,2025-08-07 14:47:11.400,MO2508-C-7500,1.2,1.0,1.4
2025-08-07,2025-08-07 14:47:11.900,MO2508-C-7500,1.2,1.0,1.4
2025-08-07,2025-08-07 14:47:12.400,MO2508-C-7500,1.2,1.0,1.4
2025-08-07,2025-08-07 14:47:12.900,MO2508-C-7500,1.2,1.0,1.4
2025-08-07,2025-08-07 14:47:13.400,MO2508-C-7500,1.2,1.0,1.4
2025-08-07,2025-08-07 14:47:13.900,MO2508-C-7500,1.2,1.0,1.4
2025-08-07,2025-08-07 14:47:14.400,MO2508-C-7500,1.2,1.0,1.4
2025-08-07,2025-08-07 14:47:14.900,MO2508-C-7500,1.2,1.0,1.4
2025-08-07,2025-08-07 14:47:15.400,MO2508-C-7500,1.2,1.0,1.4
2025-08-07,2025-08-07 14:47:15.900,MO2508-C-7500,1.2,1.0,1.4
2025-08-07,2025-08-07 14:47:16.400,MO2508-C-7500,1.2,1.0,1.4
2025-08-07,2025-08-07 14:47:16.900,MO2508-C-7500,1.2,1.0,1.4
2025-08-07,2025-08-07 14:47:17.400,MO2508-C-7500,1.2,1.0,1.4
2025-08-07,2025-08-07 14:47:17.900,MO2508-C-7500,1.2,1.0,1.4
2025-08-07,2025-08-07 14:47:18.400,MO2508-C-7500,1.2,1.0,1.4
2025-08-07,2025-08-07 14:47:18.900,MO2508-C-7500,1.2,1.0,1.4
2025-08-07,2025-08-07 14:47:19.400,MO2508-C-7500,1.2,1.0,1.4
2025-08-07,2025-08-07 14:47:19.900,MO2508-C-7500,1.2,1.0,1.4
2025-08-07,2025-08-07 14:47:20.400,MO2508-C-7500,1.2,1.0,1.4
2025-08-07,2025-08-07 14:47:20.900,MO2508-C-7500,1.2,1.0,1.4
2025-08-07,2025-08-07 14:47:21.400,MO2508-C-7500,1.2,1.0,1.4
2025-08-07,2025-08-07 14:47:21.900,MO2508-C-7500,1.2,1.0,1.4
2025-08-07,2025-08-07 14:47:22.400,MO2508-C-7500,1.2,1.0,1.4
2025-08-07,2025-08-07 14:47:22.900,MO2508-C-7500,1.2,1.0,1.4
2025-08-07,2025-08-07 14:47:23.400,MO2508-C-7500,1.2,1.0,1.4
2025-08-07,2025-08-07 14:47:23.900,MO2508-C-7500,1.2,1.0,1.4
2025-08-07,2025-08-07 14:47:24.400,MO2508-C-7500,1.2,1.0,1.4
2025-08-07,2025-08-07 14:47:24.900,MO2508-C-7500,1.2,1.0,1.4
2025-08-07,2025-08-07 14:47:25.400,MO2508-C-7500,1.2,1.0,1.4
2025-08-07,2025-08-07 14:47:25.900,MO2508-C-7500,1.2,1.0,1.4
2025-08-07,2025-08-07 14:47:26.400,MO2508-C-7500,1.2,1.0,1.4
2025-08-07,2025-08-07 14:47:26.900,MO2508-C-7500,1.2,1.0,1.4
2025-08-07,2025-08-07 14:47:27.400,MO2508-C-7500,1.2,1.0,1.4
2025-08-07,2025-08-07 14:47:27.900,MO2508-C-7500,1.2,1.0,1.4
2025-08-07,2025-08-07 14:47:28.400,MO2508-C-7500,1.2,1.0,1.4
2025-08-07,2025-08-07 14:47:28.900,MO2508-C-7500,1.2,1.0,1.4
2025-08-07,2025-08-07 14:47:29.400,MO2508-C-7500,1.2,1.0,1.4
2025-08-07,2025-08-07 14:47:29.900,MO2508-C-7500,1.2,1.0,1.4
2025-08-07,2025-08-07 14:47:30.400,MO2508-C-7500,1.2,1.0,1.4
2025-08-07,2025-08-07 14:47:30.900,MO2508-C-7500,1.2,1.0,1.4
2025-08-07,2025-08-07 14:47:31.400,MO2508-C-7500,1.2,1.0,1.4
2025-08-07,2025-08-07 14:47:31.900,MO2508-C-7500,1.2,1.0,1.4
2025-08-07,2025-08-07 14:47:32.400,MO2508-C-7500,1.2,1.0,1.4
2025-08-07,2025-08-07 14:47:32.900,MO2508-C-7500,1.2,1.0,1.4
2025-08-07,2025-08-07 14:47:33.400,MO2508-C-7500,1.2,1.0,1.4
2025-08-07,2025-08-07 14:47:33.900,MO2508-C-7500,1.2,1.0,1.4
2025-08-07,2025-08-07 14:47:34.400,MO2508-C-7500,1.2,1.0,1.4
2025-08-07,2025-08-07 14:47:34.900,MO2508-C-7500,1.2,1.0,1.4
2025-08-07,2025-08-07 14:47:35.400,MO2508-C-7500,1.2,1.0,1.4
2025-08-07,2025-08-07 14:47:35.900,MO2508-C-7500,1.2,1.0,1.4
2025-08-07,2025-08-07 14:47:36.400,MO2508-C-7500,1.2,1.0,1.4
2025-08-07,2025-08-07 14:47:36.900,MO2508-C-7500,1.2,1.0,1.4
2025-08-07,2025-08-07 14:47:37.400,MO2508-C-7500,1.2,1.0,1.4
2025-08-07,2025-08-07 14:47:37.900,MO2508-C-7500,1.2,1.0,1.4
2025-08-07,2025-08-07 14:47:38.400,MO2508-C-7500,1.2,1.0,1.4
2025-08-07,2025-08-07 14:47:38.900,MO2508-C-7500,1.2,1.0,1.4
2025-08-07,2025-08-07 14:47:39.400,MO2508-C-7500,1.2,1.0,1.4
2025-08-07,2025-08-07 14:47:39.900,MO2508-C-7500,1.2,1.0,1.4
2025-08-07,2025-08-07 14:47:40.400,MO2508-C-7500,1.2,1.0,1.4
2025-08-07,2025-08-07 14:47:42.900,MO2508-C-7500,1.2,1.0,1.4
2025-08-07,2025-08-07 14:47:43.400,MO2508-C-7500,1.2,1.0,1.4
2025-08-07,2025-08-07 14:47:43.900,MO2508-C-7500,1.2,1.0,1.4
2025-08-07,2025-08-07 14:47:44.900,MO2508-C-7500,1.2,1.0,1.4
2025-08-07,2025-08-07 14:47:45.400,MO2508-C-7500,1.2,1.0,1.4
2025-08-07,2025-08-07 14:47:47.900,MO2508-C-7500,1.2,1.0,1.4
2025-08-07,2025-08-07 14:47:48.400,MO2508-C-7500,1.2,1.0,1.4
2025-08-07,2025-08-07 14:47:48.900,MO2508-C-7500,1.2,1.0,1.4
2025-08-07,2025-08-07 14:47:49.400,MO2508-C-7500,1.2,1.0,1.4
2025-08-07,2025-08-07 14:47:49.900,MO2508-C-7500,1.2,1.0,1.4
2025-08-07,2025-08-07 14:47:50.400,MO2508-C-7500,1.2,1.0,1.4
2025-08-07,2025-08-07 14:47:50.900,MO2508-C-7500,1.2,1.0,1.4
2025-08-07,2025-08-07 14:47:51.400,MO2508-C-7500,1.2,1.0,1.4
2025-08-07,2025-08-07 14:47:51.900,MO2508-C-7500,1.2,1.0,1.4
2025-08-07,2025-08-07 14:47:52.400,MO2508-C-7500,1.2,1.0,1.4
2025-08-07,2025-08-07 14:47:52.900,MO2508-C-7500,1.2,1.0,1.4
2025-08-07,2025-08-07 14:47:53.400,MO2508-C-7500,1.2,1.0,1.4
2025-08-07,2025-08-07 14:47:53.900,MO2508-C-7500,1.2,1.0,1.4
2025-08-07,2025-08-07 14:47:54.400,MO2508-C-7500,1.2,1.0,1.4
2025-08-07,2025-08-07 14:47:54.900,MO2508-C-7500,1.2,1.0,1.4
2025-08-07,2025-08-07 14:47:55.400,MO2508-C-7500,1.2,1.0,1.4
2025-08-07,2025-08-07 14:47:55.900,MO2508-C-7500,1.2,1.0,1.4
2025-08-07,2025-08-07 14:47:56.400,MO2508-C-7500,1.2,1.0,1.4
2025-08-07,2025-08-07 14:47:56.900,MO2508-C-7500,1.2,1.0,1.4
2025-08-07,2025-08-07 14:47:57.400,MO2508-C-7500,1.2,1.0,1.4
2025-08-07,2025-08-07 14:47:57.900,MO2508-C-7500,1.2,1.0,1.4
2025-08-07,2025-08-07 14:47:58.400,MO2508-C-7500,1.2,1.0,1.4
2025-08-07,2025-08-07 14:47:58.900,MO2508-C-7500,1.2,1.0,1.4
2025-08-07,2025-08-07 14:47:59.400,MO2508-C-7500,1.2,1.0,1.4
2025-08-07,2025-08-07 14:47:59.900,MO2508-C-7500,1.2,1.0,1.4
2025-08-07,2025-08-07 14:48:00.400,MO2508-C-7500,1.2,1.0,1.4
2025-08-07,2025-08-07 14:48:00.900,MO2508-C-7500,1.2,1.0,1.4
2025-08-07,2025-08-07 14:48:01.400,MO2508-C-7500,1.2,1.0,1.4
2025-08-07,2025-08-07 14:48:01.900,MO2508-C-7500,1.2,1.0,1.4
2025-08-07,2025-08-07 14:48:02.400,MO2508-C-7500,1.2,1.0,1.4
2025-08-07,2025-08-07 14:48:02.900,MO2508-C-7500,1.2,1.0,1.4
2025-08-07,2025-08-07 14:48:03.400,MO2508-C-7500,1.2,1.0,1.4
2025-08-07,2025-08-07 14:48:03.900,MO2508-C-7500,1.2,1.0,1.4
2025-08-07,2025-08-07 14:48:04.400,MO2508-C-7500,1.2,1.0,1.4
2025-08-07,2025-08-07 14:48:04.900,MO2508-C-7500,1.2,1.0,1.4
2025-08-07,2025-08-07 14:48:05.400,MO2508-C-7500,1.2,1.0,1.4
2025-08-07,2025-08-07 14:48:14.900,MO2508-C-7500,1.2,1.0,1.4
2025-08-07,2025-08-07 14:48:15.400,MO2508-C-7500,1.2,1.0,1.4
2025-08-07,2025-08-07 14:48:24.900,MO2508-C-7500,1.2,1.0,1.4
2025-08-07,2025-08-07 14:48:25.400,MO2508-C-7500,1.2,1.0,1.4
2025-08-07,2025-08-07 14:48:34.900,MO2508-C-7500,1.2,1.0,1.4
2025-08-07,2025-08-07 14:48:35.400,MO2508-C-7500,1.2,1.0,1.4
2025-08-07,2025-08-07 14:48:40.400,MO2508-C-7500,1.2,1.0,1.4
2025-08-07,2025-08-07 14:48:40.900,MO2508-C-7500,1.2,1.0,1.4
2025-08-07,2025-08-07 14:48:41.400,MO2508-C-7500,1.2,1.0,1.4
2025-08-07,2025-08-07 14:48:41.900,MO2508-C-7500,1.2,1.0,1.4
2025-08-07,2025-08-07 14:48:42.400,MO2508-C-7500,1.2,1.0,1.4
2025-08-07,2025-08-07 14:48:42.900,MO2508-C-7500,1.2,1.0,1.4
2025-08-07,2025-08-07 14:48:43.400,MO2508-C-7500,1.2,1.0,1.4
2025-08-07,2025-08-07 14:48:43.900,MO2508-C-7500,1.2,1.0,1.4
2025-08-07,2025-08-07 14:48:44.400,MO2508-C-7500,1.2,1.0,1.4
2025-08-07,2025-08-07 14:48:44.900,MO2508-C-7500,1.2,1.0,1.4
2025-08-07,2025-08-07 14:48:45.400,MO2508-C-7500,1.2,1.0,1.4
2025-08-07,2025-08-07 14:48:45.900,MO2508-C-7500,1.2,1.0,1.4
2025-08-07,2025-08-07 14:48:46.400,MO2508-C-7500,1.2,1.0,1.4
2025-08-07,2025-08-07 14:48:46.900,MO2508-C-7500,1.2,1.0,1.4
2025-08-07,2025-08-07 14:48:47.400,MO2508-C-7500,1.2,1.0,1.4
2025-08-07,2025-08-07 14:48:47.900,MO2508-C-7500,1.2,1.0,1.4
2025-08-07,2025-08-07 14:48:48.400,MO2508-C-7500,1.2,1.0,1.4
2025-08-07,2025-08-07 14:48:48.900,MO2508-C-7500,1.2,1.0,1.4
2025-08-07,2025-08-07 14:48:49.400,MO2508-C-7500,1.2,1.0,1.4
2025-08-07,2025-08-07 14:48:49.900,MO2508-C-7500,1.2,1.0,1.4
2025-08-07,2025-08-07 14:48:50.400,MO2508-C-7500,1.2,1.0,1.4
2025-08-07,2025-08-07 14:48:50.900,MO2508-C-7500,1.2,1.0,1.4
2025-08-07,2025-08-07 14:48:51.400,MO2508-C-7500,1.2,1.0,1.4
2025-08-07,2025-08-07 14:48:51.900,MO2508-C-7500,1.2,1.0,1.4
2025-08-07,2025-08-07 14:48:52.400,MO2508-C-7500,1.2,1.0,1.4
2025-08-07,2025-08-07 14:48:52.900,MO2508-C-7500,1.2,1.0,1.4
2025-08-07,2025-08-07 14:48:53.400,MO2508-C-7500,1.2,1.0,1.4
2025-08-07,2025-08-07 14:48:54.900,MO2508-C-7500,1.2,1.0,1.4
2025-08-07,2025-08-07 14:48:55.400,MO2508-C-7500,1.2,1.0,1.4
2025-08-07,2025-08-07 14:49:01.900,MO2508-C-7500,1.2,1.0,1.4
2025-08-07,2025-08-07 14:49:02.400,MO2508-C-7500,1.2,1.0,1.4
2025-08-07,2025-08-07 14:49:02.900,MO2508-C-7500,1.2,1.0,1.4
2025-08-07,2025-08-07 14:49:04.900,MO2508-C-7500,1.2,1.0,1.4
2025-08-07,2025-08-07 14:49:05.400,MO2508-C-7500,1.2,1.0,1.4
2025-08-07,2025-08-07 14:49:05.900,MO2508-C-7500,1.2,1.0,1.4
2025-08-07,2025-08-07 14:49:06.400,MO2508-C-7500,1.2,1.0,1.4
2025-08-07,2025-08-07 14:49:06.900,MO2508-C-7500,1.2,1.0,1.4
2025-08-07,2025-08-07 14:49:07.400,MO2508-C-7500,1.2,1.0,1.4
2025-08-07,2025-08-07 14:49:07.900,MO2508-C-7500,1.2,1.0,1.4
2025-08-07,2025-08-07 14:49:08.400,MO2508-C-7500,1.2,1.0,1.4
2025-08-07,2025-08-07 14:49:08.900,MO2508-C-7500,1.2,1.0,1.4
2025-08-07,2025-08-07 14:49:09.400,MO2508-C-7500,1.2,1.0,1.4
2025-08-07,2025-08-07 14:49:09.900,MO2508-C-7500,1.2,1.0,1.4
2025-08-07,2025-08-07 14:49:10.400,MO2508-C-7500,1.2,1.0,1.4
2025-08-07,2025-08-07 14:49:10.900,MO2508-C-7500,1.2,1.0,1.4
2025-08-07,2025-08-07 14:49:11.400,MO2508-C-7500,1.2,1.0,1.4
2025-08-07,2025-08-07 14:49:11.900,MO2508-C-7500,1.2,1.0,1.4
2025-08-07,2025-08-07 14:49:12.400,MO2508-C-7500,1.2,1.0,1.4
2025-08-07,2025-08-07 14:49:12.900,MO2508-C-7500,1.2,1.0,1.4
2025-08-07,2025-08-07 14:49:13.400,MO2508-C-7500,1.2,1.0,1.4
2025-08-07,2025-08-07 14:49:13.900,MO2508-C-7500,1.2,1.0,1.4
2025-08-07,2025-08-07 14:49:14.900,MO2508-C-7500,1.2,1.0,1.4
2025-08-07,2025-08-07 14:49:15.400,MO2508-C-7500,1.2,1.0,1.4
2025-08-07,2025-08-07 14:49:24.900,MO2508-C-7500,1.2,1.0,1.4
2025-08-07,2025-08-07 14:49:25.400,MO2508-C-7500,1.2,1.0,1.4
2025-08-07,2025-08-07 14:49:30.900,MO2508-C-7500,1.2,1.0,1.4
2025-08-07,2025-08-07 14:49:31.400,MO2508-C-7500,1.2,1.0,1.4
2025-08-07,2025-08-07 14:49:31.900,MO2508-C-7500,1.2,1.0,1.4
2025-08-07,2025-08-07 14:49:34.400,MO2508-C-7500,1.2,1.0,1.4
2025-08-07,2025-08-07 14:49:34.900,MO2508-C-7500,1.2,1.0,1.4
2025-08-07,2025-08-07 14:49:35.400,MO2508-C-7500,1.2,1.0,1.4
2025-08-07,2025-08-07 14:49:35.900,MO2508-C-7500,1.2,1.0,1.4
2025-08-07,2025-08-07 14:49:36.400,MO2508-C-7500,1.2,1.0,1.4
2025-08-07,2025-08-07 14:49:36.900,MO2508-C-7500,1.2,1.0,1.4
2025-08-07,2025-08-07 14:49:37.400,MO2508-C-7500,1.2,1.0,1.4
2025-08-07,2025-08-07 14:49:37.900,MO2508-C-7500,1.2,1.0,1.4
2025-08-07,2025-08-07 14:49:38.400,MO2508-C-7500,1.2,1.0,1.4
2025-08-07,2025-08-07 14:49:38.900,MO2508-C-7500,1.2,1.0,1.4
2025-08-07,2025-08-07 14:49:39.400,MO2508-C-7500,1.2,1.0,1.4
2025-08-07,2025-08-07 14:49:39.900,MO2508-C-7500,1.2,1.0,1.4
2025-08-07,2025-08-07 14:49:40.400,MO2508-C-7500,1.2,1.0,1.4
2025-08-07,2025-08-07 14:49:40.900,MO2508-C-7500,1.2,1.0,1.4
2025-08-07,2025-08-07 14:49:41.400,MO2508-C-7500,1.2,1.0,1.4
2025-08-07,2025-08-07 14:49:41.900,MO2508-C-7500,1.2,1.0,1.4
2025-08-07,2025-08-07 14:49:42.400,MO2508-C-7500,1.2,1.0,1.4
2025-08-07,2025-08-07 14:49:42.900,MO2508-C-7500,1.2,1.0,1.4
2025-08-07,2025-08-07 14:49:43.400,MO2508-C-7500,1.2,1.0,1.4
2025-08-07,2025-08-07 14:49:43.900,MO2508-C-7500,1.2,1.0,1.4
2025-08-07,2025-08-07 14:49:44.400,MO2508-C-7500,1.2,1.0,1.4
2025-08-07,2025-08-07 14:49:44.900,MO2508-C-7500,1.2,1.0,1.4
2025-08-07,2025-08-07 14:49:45.400,MO2508-C-7500,1.2,1.0,1.4
2025-08-07,2025-08-07 14:49:45.900,MO2508-C-7500,1.2,1.0,1.4
2025-08-07,2025-08-07 14:49:46.400,MO2508-C-7500,1.2,1.0,1.4
2025-08-07,2025-08-07 14:49:46.900,MO2508-C-7500,1.2,1.0,1.4
2025-08-07,2025-08-07 14:49:47.400,MO2508-C-7500,1.2,1.0,1.4
2025-08-07,2025-08-07 14:49:47.900,MO2508-C-7500,1.2,1.0,1.4
2025-08-07,2025-08-07 14:49:48.400,MO2508-C-7500,1.2,1.0,1.4
2025-08-07,2025-08-07 14:49:48.900,MO2508-C-7500,1.2,1.0,1.4
2025-08-07,2025-08-07 14:49:49.400,MO2508-C-7500,1.2,1.0,1.4
2025-08-07,2025-08-07 14:49:49.900,MO2508-C-7500,1.2,1.0,1.4
2025-08-07,2025-08-07 14:49:53.900,MO2508-C-7500,1.2,1.0,1.4
2025-08-07,2025-08-07 14:49:54.400,MO2508-C-7500,1.2,1.0,1.4
2025-08-07,2025-08-07 14:49:54.900,MO2508-C-7500,1.2,1.0,1.4
2025-08-07,2025-08-07 14:49:55.400,MO2508-C-7500,1.2,1.0,1.4
2025-08-07,2025-08-07 14:49:55.900,MO2508-C-7500,1.2,1.0,1.4
2025-08-07,2025-08-07 14:49:56.400,MO2508-C-7500,1.2,1.0,1.4
2025-08-07,2025-08-07 14:49:56.900,MO2508-C-7500,1.2,1.0,1.4
2025-08-07,2025-08-07 14:49:57.400,MO2508-C-7500,1.2,1.0,1.4
2025-08-07,2025-08-07 14:49:57.900,MO2508-C-7500,1.2,1.0,1.4
2025-08-07,2025-08-07 14:49:58.400,MO2508-C-7500,1.2,1.0,1.4
2025-08-07,2025-08-07 14:49:58.900,MO2508-C-7500,1.2,1.0,1.4
2025-08-07,2025-08-07 14:49:59.400,MO2508-C-7500,1.2,1.0,1.4
2025-08-07,2025-08-07 14:49:59.900,MO2508-C-7500,1.2,1.0,1.4
2025-08-07,2025-08-07 14:50:00.400,MO2508-C-7500,1.2,1.0,1.4
2025-08-07,2025-08-07 14:50:00.900,MO2508-C-7500,1.2,1.0,1.4
2025-08-07,2025-08-07 14:50:01.400,MO2508-C-7500,1.2,1.0,1.4
2025-08-07,2025-08-07 14:50:01.900,MO2508-C-7500,1.2,1.0,1.4
2025-08-07,2025-08-07 14:50:02.400,MO2508-C-7500,1.2,1.0,1.4
2025-08-07,2025-08-07 14:50:02.900,MO2508-C-7500,1.2,1.0,1.4
2025-08-07,2025-08-07 14:50:03.400,MO2508-C-7500,1.2,1.0,1.4
2025-08-07,2025-08-07 14:50:03.900,MO2508-C-7500,1.2,1.0,1.4
2025-08-07,2025-08-07 14:50:04.400,MO2508-C-7500,1.2,1.0,1.4
2025-08-07,2025-08-07 14:50:04.900,MO2508-C-7500,1.2,1.0,1.4
2025-08-07,2025-08-07 14:50:05.400,MO2508-C-7500,1.2,1.0,1.4
2025-08-07,2025-08-07 14:50:05.900,MO2508-C-7500,1.2,1.0,1.4
2025-08-07,2025-08-07 14:50:06.400,MO2508-C-7500,1.2,1.0,1.4
2025-08-07,2025-08-07 14:50:06.900,MO2508-C-7500,1.2,1.0,1.4
2025-08-07,2025-08-07 14:50:07.400,MO2508-C-7500,1.2,1.0,1.4
2025-08-07,2025-08-07 14:50:07.900,MO2508-C-7500,1.2,1.0,1.4
2025-08-07,2025-08-07 14:50:08.400,MO2508-C-7500,1.2,1.0,1.4
2025-08-07,2025-08-07 14:50:08.900,MO2508-C-7500,1.2,1.0,1.4
2025-08-07,2025-08-07 14:50:09.400,MO2508-C-7500,1.2,1.0,1.4
2025-08-07,2025-08-07 14:50:09.900,MO2508-C-7500,1.2,1.0,1.4
2025-08-07,2025-08-07 14:50:10.400,MO2508-C-7500,1.2,1.0,1.4
2025-08-07,2025-08-07 14:50:10.900,MO2508-C-7500,1.2,1.0,1.4
2025-08-07,2025-08-07 14:50:11.400,MO2508-C-7500,1.2,1.0,1.4
2025-08-07,2025-08-07 14:50:11.900,MO2508-C-7500,1.2,1.0,1.4
2025-08-07,2025-08-07 14:50:12.400,MO2508-C-7500,1.2,1.0,1.4
2025-08-07,2025-08-07 14:50:12.900,MO2508-C-7500,1.2,1.0,1.4
2025-08-07,2025-08-07 14:50:13.400,MO2508-C-7500,1.2,1.0,1.4
2025-08-07,2025-08-07 14:50:13.900,MO2508-C-7500,1.2,1.0,1.4
2025-08-07,2025-08-07 14:50:14.400,MO2508-C-7500,1.2,1.0,1.4
2025-08-07,2025-08-07 14:50:14.900,MO2508-C-7500,1.2,1.0,1.4
2025-08-07,2025-08-07 14:50:15.400,MO2508-C-7500,1.2,1.0,1.4
2025-08-07,2025-08-07 14:50:15.900,MO2508-C-7500,1.2,1.0,1.4
2025-08-07,2025-08-07 14:50:16.400,MO2508-C-7500,1.2,1.0,1.4
2025-08-07,2025-08-07 14:50:16.900,MO2508-C-7500,1.2,1.0,1.4
2025-08-07,2025-08-07 14:50:17.400,MO2508-C-7500,1.2,1.0,1.4
2025-08-07,2025-08-07 14:50:17.900,MO2508-C-7500,1.2,1.0,1.4
2025-08-07,2025-08-07 14:50:18.400,MO2508-C-7500,1.2,1.0,1.4
2025-08-07,2025-08-07 14:50:18.900,MO2508-C-7500,1.2,1.0,1.4
2025-08-07,2025-08-07 14:50:19.400,MO2508-C-7500,1.2,1.0,1.4
2025-08-07,2025-08-07 14:50:19.900,MO2508-C-7500,1.2,1.0,1.4
2025-08-07,2025-08-07 14:50:20.400,MO2508-C-7500,1.2,1.0,1.4
2025-08-07,2025-08-07 14:50:20.900,MO2508-C-7500,1.2,1.0,1.4
2025-08-07,2025-08-07 14:50:21.400,MO2508-C-7500,1.2,1.0,1.4
2025-08-07,2025-08-07 14:50:21.900,MO2508-C-7500,1.2,1.0,1.4
2025-08-07,2025-08-07 14:50:22.400,MO2508-C-7500,1.2,1.0,1.4
2025-08-07,2025-08-07 14:50:22.900,MO2508-C-7500,1.2,1.0,1.4
2025-08-07,2025-08-07 14:50:23.400,MO2508-C-7500,1.2,1.0,1.4
2025-08-07,2025-08-07 14:50:23.900,MO2508-C-7500,1.2,1.0,1.4
2025-08-07,2025-08-07 14:50:24.400,MO2508-C-7500,1.2,1.0,1.4
2025-08-07,2025-08-07 14:50:24.900,MO2508-C-7500,1.2,1.0,1.4
2025-08-07,2025-08-07 14:50:25.400,MO2508-C-7500,1.2,1.0,1.4
2025-08-07,2025-08-07 14:50:28.400,MO2508-C-7500,1.2,1.0,1.4
2025-08-07,2025-08-07 14:50:28.900,MO2508-C-7500,1.2,1.0,1.4
2025-08-07,2025-08-07 14:50:29.400,MO2508-C-7500,1.2,1.0,1.4
2025-08-07,2025-08-07 14:50:29.900,MO2508-C-7500,1.2,1.0,1.4
2025-08-07,2025-08-07 14:50:30.400,MO2508-C-7500,1.2,1.0,1.4
2025-08-07,2025-08-07 14:50:30.900,MO2508-C-7500,1.2,1.0,1.4
2025-08-07,2025-08-07 14:50:31.400,MO2508-C-7500,1.2,1.0,1.4
2025-08-07,2025-08-07 14:50:31.900,MO2508-C-7500,1.2,1.0,1.4
2025-08-07,2025-08-07 14:50:32.400,MO2508-C-7500,1.2,1.0,1.4
2025-08-07,2025-08-07 14:50:32.900,MO2508-C-7500,1.2,1.0,1.4
2025-08-07,2025-08-07 14:50:33.400,MO2508-C-7500,1.2,1.0,1.4
2025-08-07,2025-08-07 14:50:33.900,MO2508-C-7500,1.2,1.0,1.4
2025-08-07,2025-08-07 14:50:34.400,MO2508-C-7500,1.2,1.0,1.4
2025-08-07,2025-08-07 14:50:34.900,MO2508-C-7500,1.2,1.0,1.4
2025-08-07,2025-08-07 14:50:35.400,MO2508-C-7500,1.2,1.0,1.4
2025-08-07,2025-08-07 14:50:36.900,MO2508-C-7500,1.2,1.0,1.4
2025-08-07,2025-08-07 14:50:37.400,MO2508-C-7500,1.2,1.0,1.4
2025-08-07,2025-08-07 14:50:37.900,MO2508-C-7500,1.2,1.0,1.4
2025-08-07,2025-08-07 14:50:44.900,MO2508-C-7500,1.2,1.0,1.4
2025-08-07,2025-08-07 14:50:45.400,MO2508-C-7500,1.2,1.0,1.4
2025-08-07,2025-08-07 14:50:51.900,MO2508-C-7500,1.2,1.0,1.4
2025-08-07,2025-08-07 14:50:52.400,MO2508-C-7500,1.2,1.0,1.4
2025-08-07,2025-08-07 14:50:52.900,MO2508-C-7500,1.2,1.0,1.4
2025-08-07,2025-08-07 14:50:53.400,MO2508-C-7500,1.2,1.0,1.4
2025-08-07,2025-08-07 14:50:53.900,MO2508-C-7500,1.2,1.0,1.4
2025-08-07,2025-08-07 14:50:54.400,MO2508-C-7500,1.2,1.0,1.4
2025-08-07,2025-08-07 14:50:54.900,MO2508-C-7500,1.2,1.0,1.4
2025-08-07,2025-08-07 14:50:55.400,MO2508-C-7500,1.2,1.0,1.4
2025-08-07,2025-08-07 14:50:55.900,MO2508-C-7500,1.2,1.0,1.4
2025-08-07,2025-08-07 14:50:56.400,MO2508-C-7500,1.2,1.0,1.4
2025-08-07,2025-08-07 14:50:56.900,MO2508-C-7500,1.2,1.0,1.4
2025-08-07,2025-08-07 14:50:57.400,MO2508-C-7500,1.2,1.0,1.4
2025-08-07,2025-08-07 14:50:57.900,MO2508-C-7500,1.2,1.0,1.4
2025-08-07,2025-08-07 14:50:58.400,MO2508-C-7500,1.2,1.0,1.4
2025-08-07,2025-08-07 14:50:58.900,MO2508-C-7500,1.2,1.0,1.4
2025-08-07,2025-08-07 14:50:59.400,MO2508-C-7500,1.2,1.0,1.4
2025-08-07,2025-08-07 14:50:59.900,MO2508-C-7500,1.2,1.0,1.4
2025-08-07,2025-08-07 14:51:00.400,MO2508-C-7500,1.2,1.0,1.4
2025-08-07,2025-08-07 14:51:00.900,MO2508-C-7500,1.2,1.0,1.4
2025-08-07,2025-08-07 14:51:01.400,MO2508-C-7500,1.2,1.0,1.4
2025-08-07,2025-08-07 14:51:01.900,MO2508-C-7500,1.2,1.0,1.4
2025-08-07,2025-08-07 14:51:02.400,MO2508-C-7500,1.2,1.0,1.4
2025-08-07,2025-08-07 14:51:02.900,MO2508-C-7500,1.2,1.0,1.4
2025-08-07,2025-08-07 14:51:03.400,MO2508-C-7500,1.2,1.0,1.4
2025-08-07,2025-08-07 14:51:03.900,MO2508-C-7500,1.2,1.0,1.4
2025-08-07,2025-08-07 14:51:04.400,MO2508-C-7500,1.2,1.0,1.4
2025-08-07,2025-08-07 14:51:04.900,MO2508-C-7500,1.2,1.0,1.4
2025-08-07,2025-08-07 14:51:05.400,MO2508-C-7500,1.2,1.0,1.4
2025-08-07,2025-08-07 14:51:05.900,MO2508-C-7500,1.2,1.0,1.4
2025-08-07,2025-08-07 14:51:06.400,MO2508-C-7500,1.2,1.0,1.4
2025-08-07,2025-08-07 14:51:06.900,MO2508-C-7500,1.2,1.0,1.4
2025-08-07,2025-08-07 14:51:07.400,MO2508-C-7500,1.2,1.0,1.4
2025-08-07,2025-08-07 14:51:07.900,MO2508-C-7500,1.2,1.0,1.4
2025-08-07,2025-08-07 14:51:08.400,MO2508-C-7500,1.2,1.0,1.4
2025-08-07,2025-08-07 14:51:08.900,MO2508-C-7500,1.2,1.0,1.4
2025-08-07,2025-08-07 14:51:09.400,MO2508-C-7500,1.2,1.0,1.4
2025-08-07,2025-08-07 14:51:09.900,MO2508-C-7500,1.2,1.0,1.4
2025-08-07,2025-08-07 14:51:10.400,MO2508-C-7500,1.2,1.0,1.4
2025-08-07,2025-08-07 14:51:10.900,MO2508-C-7500,1.2,1.0,1.4
2025-08-07,2025-08-07 14:51:11.400,MO2508-C-7500,1.2,1.0,1.4
2025-08-07,2025-08-07 14:51:11.900,MO2508-C-7500,1.2,1.0,1.4
2025-08-07,2025-08-07 14:51:12.400,MO2508-C-7500,1.2,1.0,1.4
2025-08-07,2025-08-07 14:51:12.900,MO2508-C-7500,1.2,1.0,1.4
2025-08-07,2025-08-07 14:51:13.400,MO2508-C-7500,1.2,1.0,1.4
2025-08-07,2025-08-07 14:51:13.900,MO2508-C-7500,1.2,1.0,1.4
2025-08-07,2025-08-07 14:51:14.400,MO2508-C-7500,1.2,1.0,1.4
2025-08-07,2025-08-07 14:51:14.900,MO2508-C-7500,1.2,1.0,1.4
2025-08-07,2025-08-07 14:51:15.400,MO2508-C-7500,1.2,1.0,1.4
2025-08-07,2025-08-07 14:51:15.900,MO2508-C-7500,1.2,1.0,1.4
2025-08-07,2025-08-07 14:51:16.400,MO2508-C-7500,1.2,1.0,1.4
2025-08-07,2025-08-07 14:51:16.900,MO2508-C-7500,1.2,1.0,1.4
2025-08-07,2025-08-07 14:51:17.400,MO2508-C-7500,1.2,1.0,1.4
2025-08-07,2025-08-07 14:51:17.900,MO2508-C-7500,1.2,1.0,1.4
2025-08-07,2025-08-07 14:51:18.400,MO2508-C-7500,1.2,1.0,1.4
2025-08-07,2025-08-07 14:51:18.900,MO2508-C-7500,1.2,1.0,1.4
2025-08-07,2025-08-07 14:51:19.400,MO2508-C-7500,1.2,1.0,1.4
2025-08-07,2025-08-07 14:51:19.900,MO2508-C-7500,1.2,1.0,1.4
2025-08-07,2025-08-07 14:51:20.400,MO2508-C-7500,1.2,1.0,1.4
2025-08-07,2025-08-07 14:51:20.900,MO2508-C-7500,1.2,1.0,1.4
2025-08-07,2025-08-07 14:51:21.400,MO2508-C-7500,1.2,1.0,1.4
2025-08-07,2025-08-07 14:51:21.900,MO2508-C-7500,1.2,1.0,1.4
2025-08-07,2025-08-07 14:51:22.400,MO2508-C-7500,1.2,1.0,1.4
2025-08-07,2025-08-07 14:51:22.900,MO2508-C-7500,1.2,1.0,1.4
2025-08-07,2025-08-07 14:51:23.400,MO2508-C-7500,1.2,1.0,1.4
2025-08-07,2025-08-07 14:51:23.900,MO2508-C-7500,1.2,1.0,1.4
2025-08-07,2025-08-07 14:51:24.400,MO2508-C-7500,1.2,1.0,1.4
2025-08-07,2025-08-07 14:51:24.900,MO2508-C-7500,1.2,1.0,1.4
2025-08-07,2025-08-07 14:51:25.400,MO2508-C-7500,1.2,1.0,1.4
2025-08-07,2025-08-07 14:51:25.900,MO2508-C-7500,1.2,1.0,1.4
2025-08-07,2025-08-07 14:51:26.400,MO2508-C-7500,1.2,1.0,1.4
2025-08-07,2025-08-07 14:51:26.900,MO2508-C-7500,1.2,1.0,1.4
2025-08-07,2025-08-07 14:51:27.400,MO2508-C-7500,1.2,1.0,1.4
2025-08-07,2025-08-07 14:51:27.900,MO2508-C-7500,1.2,1.0,1.4
2025-08-07,2025-08-07 14:51:28.400,MO2508-C-7500,1.2,1.0,1.4
2025-08-07,2025-08-07 14:51:28.900,MO2508-C-7500,1.2,1.0,1.4
2025-08-07,2025-08-07 14:51:29.400,MO2508-C-7500,1.2,1.0,1.4
2025-08-07,2025-08-07 14:51:34.900,MO2508-C-7500,1.2,1.0,1.4
2025-08-07,2025-08-07 14:51:35.400,MO2508-C-7500,1.2,1.0,1.4
2025-08-07,2025-08-07 14:51:39.900,MO2508-C-7500,1.2,1.0,1.4
2025-08-07,2025-08-07 14:51:40.400,MO2508-C-7500,1.2,1.0,1.4
2025-08-07,2025-08-07 14:51:44.900,MO2508-C-7500,1.2,1.0,1.4
2025-08-07,2025-08-07 14:51:45.400,MO2508-C-7500,1.2,1.0,1.4
2025-08-07,2025-08-07 14:51:45.900,MO2508-C-7500,1.2,1.0,1.4
2025-08-07,2025-08-07 14:51:54.900,MO2508-C-7500,1.2,1.0,1.4
2025-08-07,2025-08-07 14:51:55.400,MO2508-C-7500,1.2,1.0,1.4
2025-08-07,2025-08-07 14:52:03.400,MO2508-C-7500,1.2,1.0,1.4
2025-08-07,2025-08-07 14:52:04.900,MO2508-C-7500,1.2,1.0,1.4
2025-08-07,2025-08-07 14:52:05.400,MO2508-C-7500,1.2,1.0,1.4
2025-08-07,2025-08-07 14:52:09.900,MO2508-C-7500,1.2,1.0,1.4
2025-08-07,2025-08-07 14:52:14.900,MO2508-C-7500,1.2,1.0,1.4
2025-08-07,2025-08-07 14:52:15.400,MO2508-C-7500,1.2,1.0,1.4
2025-08-07,2025-08-07 14:52:15.900,MO2508-C-7500,1.2,1.0,1.4
2025-08-07,2025-08-07 14:52:22.400,MO2508-C-7500,1.2,1.0,1.4
2025-08-07,2025-08-07 14:52:22.900,MO2508-C-7500,1.2,1.0,1.4
2025-08-07,2025-08-07 14:52:24.900,MO2508-C-7500,1.2,1.0,1.4
2025-08-07,2025-08-07 14:52:25.400,MO2508-C-7500,1.2,1.0,1.4
2025-08-07,2025-08-07 14:52:33.400,MO2508-C-7500,1.2,1.0,1.4
2025-08-07,2025-08-07 14:52:34.900,MO2508-C-7500,1.2,1.0,1.4
2025-08-07,2025-08-07 14:52:35.400,MO2508-C-7500,1.2,1.0,1.4
2025-08-07,2025-08-07 14:52:35.900,MO2508-C-7500,1.2,1.0,1.4
2025-08-07,2025-08-07 14:52:36.900,MO2508-C-7500,1.2,1.0,1.4
2025-08-07,2025-08-07 14:52:37.900,MO2508-C-7500,1.2,1.0,1.4
2025-08-07,2025-08-07 14:52:39.400,MO2508-C-7500,1.2,1.0,1.4
2025-08-07,2025-08-07 14:52:40.400,MO2508-C-7500,1.2,1.0,1.4
2025-08-07,2025-08-07 14:52:40.900,MO2508-C-7500,1.2,1.0,1.4
2025-08-07,2025-08-07 14:52:44.900,MO2508-C-7500,1.2,1.0,1.4
2025-08-07,2025-08-07 14:52:45.400,MO2508-C-7500,1.2,1.0,1.4
2025-08-07,2025-08-07 14:52:48.900,MO2508-C-7500,1.2,1.0,1.4
2025-08-07,2025-08-07 14:52:49.400,MO2508-C-7500,1.2,1.0,1.4
2025-08-07,2025-08-07 14:52:49.900,MO2508-C-7500,1.2,1.0,1.4
2025-08-07,2025-08-07 14:52:51.400,MO2508-C-7500,1.2,1.0,1.4
2025-08-07,2025-08-07 14:52:54.900,MO2508-C-7500,1.2,1.0,1.4
2025-08-07,2025-08-07 14:52:55.400,MO2508-C-7500,1.2,1.0,1.4
2025-08-07,2025-08-07 14:52:57.400,MO2508-C-7500,1.2,1.0,1.4
2025-08-07,2025-08-07 14:52:57.900,MO2508-C-7500,1.2,1.0,1.4
2025-08-07,2025-08-07 14:52:58.400,MO2508-C-7500,1.2,1.0,1.4
2025-08-07,2025-08-07 14:52:58.900,MO2508-C-7500,1.2,1.0,1.4
2025-08-07,2025-08-07 14:52:59.400,MO2508-C-7500,1.2,1.0,1.4
2025-08-07,2025-08-07 14:52:59.900,MO2508-C-7500,1.2,1.0,1.4
2025-08-07,2025-08-07 14:53:00.400,MO2508-C-7500,1.2,1.0,1.4
2025-08-07,2025-08-07 14:53:00.900,MO2508-C-7500,1.2,1.0,1.4
2025-08-07,2025-08-07 14:53:01.400,MO2508-C-7500,1.2,1.0,1.4
2025-08-07,2025-08-07 14:53:03.400,MO2508-C-7500,1.2,1.0,1.4
2025-08-07,2025-08-07 14:53:03.900,MO2508-C-7500,1.2,1.0,1.4
2025-08-07,2025-08-07 14:53:04.900,MO2508-C-7500,1.2,1.0,1.4
2025-08-07,2025-08-07 14:53:05.400,MO2508-C-7500,1.2,1.0,1.4
2025-08-07,2025-08-07 14:53:10.400,MO2508-C-7500,1.2,1.0,1.4
2025-08-07,2025-08-07 14:53:10.900,MO2508-C-7500,1.2,1.0,1.4
2025-08-07,2025-08-07 14:53:11.400,MO2508-C-7500,1.2,1.0,1.4
2025-08-07,2025-08-07 14:53:11.900,MO2508-C-7500,1.2,1.0,1.4
2025-08-07,2025-08-07 14:53:12.400,MO2508-C-7500,1.2,1.0,1.4
2025-08-07,2025-08-07 14:53:12.900,MO2508-C-7500,1.2,1.0,1.4
2025-08-07,2025-08-07 14:53:13.400,MO2508-C-7500,1.2,1.0,1.4
2025-08-07,2025-08-07 14:53:13.900,MO2508-C-7500,1.2,1.0,1.4
2025-08-07,2025-08-07 14:53:14.400,MO2508-C-7500,1.2,1.0,1.4
2025-08-07,2025-08-07 14:53:14.900,MO2508-C-7500,1.2,1.0,1.4
2025-08-07,2025-08-07 14:53:15.400,MO2508-C-7500,1.2,1.0,1.4
2025-08-07,2025-08-07 14:53:15.900,MO2508-C-7500,1.2,1.0,1.4
2025-08-07,2025-08-07 14:53:16.400,MO2508-C-7500,1.2,1.0,1.4
2025-08-07,2025-08-07 14:53:16.900,MO2508-C-7500,1.2,1.0,1.4
2025-08-07,2025-08-07 14:53:17.400,MO2508-C-7500,1.2,1.0,1.4
2025-08-07,2025-08-07 14:53:17.900,MO2508-C-7500,1.2,1.0,1.4
2025-08-07,2025-08-07 14:53:18.400,MO2508-C-7500,1.2,1.0,1.4
2025-08-07,2025-08-07 14:53:18.900,MO2508-C-7500,1.2,1.0,1.4
2025-08-07,2025-08-07 14:53:19.400,MO2508-C-7500,1.2,1.0,1.4
2025-08-07,2025-08-07 14:53:19.900,MO2508-C-7500,1.2,1.0,1.4
2025-08-07,2025-08-07 14:53:20.400,MO2508-C-7500,1.2,1.0,1.4
2025-08-07,2025-08-07 14:53:20.900,MO2508-C-7500,1.2,1.0,1.4
2025-08-07,2025-08-07 14:53:21.400,MO2508-C-7500,1.2,1.0,1.4
2025-08-07,2025-08-07 14:53:21.900,MO2508-C-7500,1.2,1.0,1.4
2025-08-07,2025-08-07 14:53:22.400,MO2508-C-7500,1.2,1.0,1.4
2025-08-07,2025-08-07 14:53:22.900,MO2508-C-7500,1.2,1.0,1.4
2025-08-07,2025-08-07 14:53:23.400,MO2508-C-7500,1.2,1.0,1.4
2025-08-07,2025-08-07 14:53:23.900,MO2508-C-7500,1.2,1.0,1.4
2025-08-07,2025-08-07 14:53:24.400,MO2508-C-7500,1.2,1.0,1.4
2025-08-07,2025-08-07 14:53:24.900,MO2508-C-7500,1.2,1.0,1.4
2025-08-07,2025-08-07 14:53:25.400,MO2508-C-7500,1.2,1.0,1.4
2025-08-07,2025-08-07 14:53:25.900,MO2508-C-7500,1.2,1.0,1.4
2025-08-07,2025-08-07 14:53:26.400,MO2508-C-7500,1.2,1.0,1.4
2025-08-07,2025-08-07 14:53:26.900,MO2508-C-7500,1.2,1.0,1.4
2025-08-07,2025-08-07 14:53:27.400,MO2508-C-7500,1.2,1.0,1.4
2025-08-07,2025-08-07 14:53:27.900,MO2508-C-7500,1.2,1.0,1.4
2025-08-07,2025-08-07 14:53:28.400,MO2508-C-7500,1.2,1.0,1.4
2025-08-07,2025-08-07 14:53:34.900,MO2508-C-7500,1.2,1.0,1.4
2025-08-07,2025-08-07 14:53:35.400,MO2508-C-7500,1.2,1.0,1.4
2025-08-07,2025-08-07 14:53:40.900,MO2508-C-7500,1.2,1.0,1.4
2025-08-07,2025-08-07 14:53:41.400,MO2508-C-7500,1.2,1.0,1.4
2025-08-07,2025-08-07 14:53:41.900,MO2508-C-7500,1.2,1.0,1.4
2025-08-07,2025-08-07 14:53:42.400,MO2508-C-7500,1.2,1.0,1.4
2025-08-07,2025-08-07 14:53:42.900,MO2508-C-7500,1.2,1.0,1.4
2025-08-07,2025-08-07 14:53:43.400,MO2508-C-7500,1.2,1.0,1.4
2025-08-07,2025-08-07 14:53:43.900,MO2508-C-7500,1.2,1.0,1.4
2025-08-07,2025-08-07 14:53:44.900,MO2508-C-7500,1.2,1.0,1.4
2025-08-07,2025-08-07 14:53:45.400,MO2508-C-7500,1.2,1.0,1.4
2025-08-07,2025-08-07 14:53:54.900,MO2508-C-7500,1.2,1.0,1.4
2025-08-07,2025-08-07 14:53:55.400,MO2508-C-7500,1.2,1.0,1.4
2025-08-07,2025-08-07 14:54:04.900,MO2508-C-7500,1.2,1.0,1.4
2025-08-07,2025-08-07 14:54:05.400,MO2508-C-7500,1.2,1.0,1.4
2025-08-07,2025-08-07 14:54:14.900,MO2508-C-7500,1.2,1.0,1.4
2025-08-07,2025-08-07 14:54:15.400,MO2508-C-7500,1.2,1.0,1.4
2025-08-07,2025-08-07 14:54:22.900,MO2508-C-7500,1.2,1.0,1.4
2025-08-07,2025-08-07 14:54:24.400,MO2508-C-7500,1.2,1.0,1.4
2025-08-07,2025-08-07 14:54:24.900,MO2508-C-7500,1.2,1.0,1.4
2025-08-07,2025-08-07 14:54:25.400,MO2508-C-7500,1.2,1.0,1.4
2025-08-07,2025-08-07 14:54:25.900,MO2508-C-7500,1.2,1.0,1.4
2025-08-07,2025-08-07 14:54:26.400,MO2508-C-7500,1.2,1.0,1.4
2025-08-07,2025-08-07 14:54:26.900,MO2508-C-7500,1.2,1.0,1.4
2025-08-07,2025-08-07 14:54:27.400,MO2508-C-7500,1.2,1.0,1.4
2025-08-07,2025-08-07 14:54:27.900,MO2508-C-7500,1.2,1.0,1.4
2025-08-07,2025-08-07 14:54:28.400,MO2508-C-7500,1.2,1.0,1.4
2025-08-07,2025-08-07 14:54:28.900,MO2508-C-7500,1.2,1.0,1.4
2025-08-07,2025-08-07 14:54:29.400,MO2508-C-7500,1.2,1.0,1.4
2025-08-07,2025-08-07 14:54:29.900,MO2508-C-7500,1.2,1.0,1.4
2025-08-07,2025-08-07 14:54:30.400,MO2508-C-7500,1.2,1.0,1.4
2025-08-07,2025-08-07 14:54:30.900,MO2508-C-7500,1.2,1.0,1.4
2025-08-07,2025-08-07 14:54:31.400,MO2508-C-7500,1.2,1.0,1.4
2025-08-07,2025-08-07 14:54:31.900,MO2508-C-7500,1.2,1.0,1.4
2025-08-07,2025-08-07 14:54:32.400,MO2508-C-7500,1.2,1.0,1.4
2025-08-07,2025-08-07 14:54:32.900,MO2508-C-7500,1.2,1.0,1.4
2025-08-07,2025-08-07 14:54:33.400,MO2508-C-7500,1.2,1.0,1.4
2025-08-07,2025-08-07 14:54:33.900,MO2508-C-7500,1.2,1.0,1.4
2025-08-07,2025-08-07 14:54:34.400,MO2508-C-7500,1.2,1.0,1.4
2025-08-07,2025-08-07 14:54:34.900,MO2508-C-7500,1.2,1.0,1.4
2025-08-07,2025-08-07 14:54:35.400,MO2508-C-7500,1.2,1.0,1.4
2025-08-07,2025-08-07 14:54:35.900,MO2508-C-7500,1.2,1.0,1.4
2025-08-07,2025-08-07 14:54:36.400,MO2508-C-7500,1.2,1.0,1.4
2025-08-07,2025-08-07 14:54:36.900,MO2508-C-7500,1.2,1.0,1.4
2025-08-07,2025-08-07 14:54:37.400,MO2508-C-7500,1.2,1.0,1.4
2025-08-07,2025-08-07 14:54:37.900,MO2508-C-7500,1.2,1.0,1.4
2025-08-07,2025-08-07 14:54:38.400,MO2508-C-7500,1.2,1.0,1.4
2025-08-07,2025-08-07 14:54:44.900,MO2508-C-7500,1.2,1.0,1.4
2025-08-07,2025-08-07 14:54:45.400,MO2508-C-7500,1.2,1.0,1.4
2025-08-07,2025-08-07 14:54:54.900,MO2508-C-7500,1.2,1.0,1.4
2025-08-07,2025-08-07 14:54:55.400,MO2508-C-7500,1.2,1.0,1.4
2025-08-07,2025-08-07 14:54:56.400,MO2508-C-7500,1.2,1.0,1.4
2025-08-07,2025-08-07 14:54:56.900,MO2508-C-7500,1.2,1.0,1.4
2025-08-07,2025-08-07 14:54:57.400,MO2508-C-7500,1.2,1.0,1.4
2025-08-07,2025-08-07 14:54:57.900,MO2508-C-7500,1.2,1.0,1.4
2025-08-07,2025-08-07 14:54:58.400,MO2508-C-7500,1.2,1.0,1.4
2025-08-07,2025-08-07 14:54:58.900,MO2508-C-7500,1.2,1.0,1.4
2025-08-07,2025-08-07 14:54:59.400,MO2508-C-7500,1.2,1.0,1.4
2025-08-07,2025-08-07 14:54:59.900,MO2508-C-7500,1.2,1.0,1.4
2025-08-07,2025-08-07 14:55:00.400,MO2508-C-7500,1.2,1.0,1.4
2025-08-07,2025-08-07 14:55:00.900,MO2508-C-7500,1.2,1.0,1.4
2025-08-07,2025-08-07 14:55:01.400,MO2508-C-7500,1.2,1.0,1.4
2025-08-07,2025-08-07 14:55:03.900,MO2508-C-7500,1.2,1.0,1.4
2025-08-07,2025-08-07 14:55:04.900,MO2508-C-7500,1.2,1.0,1.4
2025-08-07,2025-08-07 14:55:05.400,MO2508-C-7500,1.2,1.0,1.4
2025-08-07,2025-08-07 14:55:05.900,MO2508-C-7500,1.2,1.0,1.4
2025-08-07,2025-08-07 14:55:07.900,MO2508-C-7500,1.2,1.0,1.4
2025-08-07,2025-08-07 14:55:08.900,MO2508-C-7500,1.2,1.0,1.4
2025-08-07,2025-08-07 14:55:09.900,MO2508-C-7500,1.2,1.0,1.4
2025-08-07,2025-08-07 14:55:14.900,MO2508-C-7500,1.2,1.0,1.4
2025-08-07,2025-08-07 14:55:15.400,MO2508-C-7500,1.2,1.0,1.4
2025-08-07,2025-08-07 14:55:16.400,MO2508-C-7500,1.2,1.0,1.4
2025-08-07,2025-08-07 14:55:20.900,MO2508-C-7500,1.2,1.0,1.4
2025-08-07,2025-08-07 14:55:22.400,MO2508-C-7500,1.2,1.0,1.4
2025-08-07,2025-08-07 14:55:24.900,MO2508-C-7500,1.2,1.0,1.4
2025-08-07,2025-08-07 14:55:25.400,MO2508-C-7500,1.2,1.0,1.4
2025-08-07,2025-08-07 14:55:34.900,MO2508-C-7500,1.2,1.0,1.4
2025-08-07,2025-08-07 14:55:35.400,MO2508-C-7500,1.2,1.0,1.4
2025-08-07,2025-08-07 14:55:44.900,MO2508-C-7500,1.2,1.0,1.4
2025-08-07,2025-08-07 14:55:45.400,MO2508-C-7500,1.2,1.0,1.4
2025-08-07,2025-08-07 14:55:54.900,MO2508-C-7500,1.2,1.0,1.4
2025-08-07,2025-08-07 14:55:55.400,MO2508-C-7500,1.2,1.0,1.4
2025-08-07,2025-08-07 14:56:00.400,MO2508-C-7500,1.2,1.0,1.4
2025-08-07,2025-08-07 14:56:04.900,MO2508-C-7500,1.2,1.0,1.4
2025-08-07,2025-08-07 14:56:05.400,MO2508-C-7500,1.2,1.0,1.4
2025-08-07,2025-08-07 14:56:10.400,MO2508-C-7500,1.2,1.0,1.4
2025-08-07,2025-08-07 14:56:10.900,MO2508-C-7500,1.2,1.0,1.4
2025-08-07,2025-08-07 14:56:14.900,MO2508-C-7500,1.2,1.0,1.4
2025-08-07,2025-08-07 14:56:15.400,MO2508-C-7500,1.2,1.0,1.4
2025-08-07,2025-08-07 14:56:16.400,MO2508-C-7500,1.2,1.0,1.4
2025-08-07,2025-08-07 14:56:16.900,MO2508-C-7500,1.2,1.0,1.4
2025-08-07,2025-08-07 14:56:18.400,MO2508-C-7500,1.2,1.0,1.4
2025-08-07,2025-08-07 14:56:18.900,MO2508-C-7500,1.2,1.0,1.4
2025-08-07,2025-08-07 14:56:21.900,MO2508-C-7500,1.2,1.0,1.4
2025-08-07,2025-08-07 14:56:24.900,MO2508-C-7500,1.2,1.0,1.4
2025-08-07,2025-08-07 14:56:25.400,MO2508-C-7500,1.2,1.0,1.4
2025-08-07,2025-08-07 14:56:26.400,MO2508-C-7500,1.2,1.0,1.4
2025-08-07,2025-08-07 14:56:26.900,MO2508-C-7500,1.2,1.0,1.4
2025-08-07,2025-08-07 14:56:27.400,MO2508-C-7500,1.2,1.0,1.4
2025-08-07,2025-08-07 14:56:30.900,MO2508-C-7500,1.2,1.0,1.4
2025-08-07,2025-08-07 14:56:31.400,MO2508-C-7500,1.2,1.0,1.4
2025-08-07,2025-08-07 14:56:31.900,MO2508-C-7500,1.2,1.0,1.4
2025-08-07,2025-08-07 14:56:33.900,MO2508-C-7500,1.2,1.0,1.4
2025-08-07,2025-08-07 14:56:34.900,MO2508-C-7500,1.2,1.0,1.4
2025-08-07,2025-08-07 14:56:35.400,MO2508-C-7500,1.2,1.0,1.4
2025-08-07,2025-08-07 14:56:36.400,MO2508-C-7500,1.2,1.0,1.4
2025-08-07,2025-08-07 14:56:40.900,MO2508-C-7500,1.2,1.0,1.4
2025-08-07,2025-08-07 14:56:44.900,MO2508-C-7500,1.2,1.0,1.4
2025-08-07,2025-08-07 14:56:45.400,MO2508-C-7500,1.2,1.0,1.4
2025-08-07,2025-08-07 14:56:45.900,MO2508-C-7500,1.2,1.0,1.4
2025-08-07,2025-08-07 14:56:51.400,MO2508-C-7500,1.2,1.0,1.4
2025-08-07,2025-08-07 14:56:55.400,MO2508-C-7500,1.2,1.0,1.4
2025-08-07,2025-08-07 14:56:58.900,MO2508-C-7500,1.2,1.0,1.4
2025-08-07,2025-08-07 14:56:59.400,MO2508-C-7500,1.2,1.0,1.4
2025-08-07,2025-08-07 14:56:59.900,MO2508-C-7500,1.2,1.0,1.4
2025-08-07,2025-08-07 15:00:00.400,MO2508-C-7500,1.0,1.0,1.2
2025-08-07,2025-08-07 15:27:18.400,MO2508-C-7500,1.0,1.0,1.2
2025-08-07,2025-08-07 15:32:04.400,MO2508-C-7500,1.0,1.0,1.2
2025-08-08,2025-08-08 09:29:00.200,MO2508-C-7500,1.0,0.8,2.0
2025-08-08,2025-08-08 09:30:00.200,MO2508-C-7500,1.0,0.8,1.4
2025-08-08,2025-08-08 09:30:00.700,MO2508-C-7500,1.0,0.8,1.4
2025-08-08,2025-08-08 09:30:01.200,MO2508-C-7500,1.0,0.8,2.0
2025-08-08,2025-08-08 09:30:01.700,MO2508-C-7500,1.0,0.8,2.0
2025-08-08,2025-08-08 09:30:02.700,MO2508-C-7500,1.0,0.8,2.0
2025-08-08,2025-08-08 09:30:03.200,MO2508-C-7500,1.0,1.0,1.8
2025-08-08,2025-08-08 09:30:06.200,MO2508-C-7500,1.0,1.0,1.8
2025-08-08,2025-08-08 09:30:10.200,MO2508-C-7500,1.0,1.0,1.8
2025-08-08,2025-08-08 09:30:10.700,MO2508-C-7500,1.0,1.0,1.8
2025-08-08,2025-08-08 09:30:11.700,MO2508-C-7500,1.0,1.0,1.6
2025-08-08,2025-08-08 09:30:12.200,MO2508-C-7500,1.0,1.0,1.4
2025-08-08,2025-08-08 09:30:12.700,MO2508-C-7500,1.0,1.0,1.2
2025-08-08,2025-08-08 09:30:13.200,MO2508-C-7500,1.0,1.0,1.2
2025-08-08,2025-08-08 09:30:13.700,MO2508-C-7500,1.0,1.0,1.2
2025-08-08,2025-08-08 09:30:14.700,MO2508-C-7500,1.0,1.0,1.2
2025-08-08,2025-08-08 09:30:15.200,MO2508-C-7500,1.0,1.0,1.2
2025-08-08,2025-08-08 09:30:15.700,MO2508-C-7500,1.0,1.0,1.2
2025-08-08,2025-08-08 09:30:16.200,MO2508-C-7500,1.0,1.0,1.2
2025-08-08,2025-08-08 09:30:16.700,MO2508-C-7500,1.0,1.0,1.2
2025-08-08,2025-08-08 09:30:18.200,MO2508-C-7500,1.0,1.0,1.2
2025-08-08,2025-08-08 09:30:18.700,MO2508-C-7500,1.0,1.0,1.2
2025-08-08,2025-08-08 09:30:19.200,MO2508-C-7500,1.0,1.0,1.2
2025-08-08,2025-08-08 09:30:19.700,MO2508-C-7500,1.0,1.0,1.2
2025-08-08,2025-08-08 09:30:20.700,MO2508-C-7500,1.0,1.0,1.2
2025-08-08,2025-08-08 09:30:21.700,MO2508-C-7500,1.0,1.0,1.2
2025-08-08,2025-08-08 09:30:22.200,MO2508-C-7500,1.0,1.0,1.2
2025-08-08,2025-08-08 09:30:22.700,MO2508-C-7500,1.0,1.0,1.2
2025-08-08,2025-08-08 09:30:25.700,MO2508-C-7500,1.0,1.0,1.2
2025-08-08,2025-08-08 09:30:26.200,MO2508-C-7500,1.0,1.0,1.2
2025-08-08,2025-08-08 09:30:26.700,MO2508-C-7500,1.0,1.0,1.2
2025-08-08,2025-08-08 09:30:27.200,MO2508-C-7500,1.0,1.0,1.2
2025-08-08,2025-08-08 09:30:27.700,MO2508-C-7500,1.0,1.0,1.2
2025-08-08,2025-08-08 09:30:28.200,MO2508-C-7500,1.0,1.0,1.2
2025-08-08,2025-08-08 09:30:28.700,MO2508-C-7500,1.0,1.0,1.2
2025-08-08,2025-08-08 09:30:32.700,MO2508-C-7500,1.0,1.0,1.2
2025-08-08,2025-08-08 09:30:33.200,MO2508-C-7500,1.0,0.8,1.2
2025-08-08,2025-08-08 09:30:33.700,MO2508-C-7500,1.0,0.8,1.2
2025-08-08,2025-08-08 09:30:34.200,MO2508-C-7500,1.0,0.8,1.2
2025-08-08,2025-08-08 09:30:34.700,MO2508-C-7500,1.0,0.8,1.2
2025-08-08,2025-08-08 09:30:35.200,MO2508-C-7500,1.0,0.8,1.2
2025-08-08,2025-08-08 09:30:36.700,MO2508-C-7500,1.0,0.8,1.2
2025-08-08,2025-08-08 09:30:38.200,MO2508-C-7500,1.0,0.8,1.2
2025-08-08,2025-08-08 09:30:38.700,MO2508-C-7500,1.0,0.8,1.2
2025-08-08,2025-08-08 09:30:39.700,MO2508-C-7500,1.0,0.8,1.2
2025-08-08,2025-08-08 09:30:40.200,MO2508-C-7500,1.0,0.8,1.2
2025-08-08,2025-08-08 09:30:40.700,MO2508-C-7500,1.0,0.8,1.2
2025-08-08,2025-08-08 09:30:45.700,MO2508-C-7500,1.0,0.8,1.2
2025-08-08,2025-08-08 09:30:46.700,MO2508-C-7500,1.0,0.8,1.2
2025-08-08,2025-08-08 09:30:47.200,MO2508-C-7500,1.0,0.8,1.2
2025-08-08,2025-08-08 09:30:47.700,MO2508-C-7500,1.0,0.8,1.2
2025-08-08,2025-08-08 09:30:56.700,MO2508-C-7500,1.0,0.8,1.2
2025-08-08,2025-08-08 09:30:58.200,MO2508-C-7500,1.0,0.8,1.2
2025-08-08,2025-08-08 09:31:00.200,MO2508-C-7500,0.8,0.8,1.2
2025-08-08,2025-08-08 09:31:01.700,MO2508-C-7500,0.8,0.8,1.2
2025-08-08,2025-08-08 09:31:03.700,MO2508-C-7500,0.8,0.8,1.2
2025-08-08,2025-08-08 09:31:06.700,MO2508-C-7500,0.8,0.8,1.0
2025-08-08,2025-08-08 09:31:07.200,MO2508-C-7500,0.8,0.8,1.0
2025-08-08,2025-08-08 09:31:07.700,MO2508-C-7500,0.8,0.8,1.0
2025-08-08,2025-08-08 09:31:11.700,MO2508-C-7500,0.8,0.8,1.0
2025-08-08,2025-08-08 09:31:12.200,MO2508-C-7500,0.8,0.8,1.0
2025-08-08,2025-08-08 09:31:17.200,MO2508-C-7500,0.8,0.8,1.0
2025-08-08,2025-08-08 09:31:17.700,MO2508-C-7500,0.8,0.8,1.0
2025-08-08,2025-08-08 09:31:20.200,MO2508-C-7500,0.8,0.8,1.0
2025-08-08,2025-08-08 09:31:28.200,MO2508-C-7500,0.8,0.8,1.0
2025-08-08,2025-08-08 09:31:35.200,MO2508-C-7500,0.8,0.8,1.0
2025-08-08,2025-08-08 09:31:36.700,MO2508-C-7500,0.8,0.8,1.0
2025-08-08,2025-08-08 09:31:39.200,MO2508-C-7500,0.8,0.8,1.0
2025-08-08,2025-08-08 09:31:43.200,MO2508-C-7500,0.8,0.8,1.0
2025-08-08,2025-08-08 09:31:43.700,MO2508-C-7500,0.8,0.8,1.0
2025-08-08,2025-08-08 09:31:52.200,MO2508-C-7500,0.8,0.8,1.0
2025-08-08,2025-08-08 09:31:52.700,MO2508-C-7500,0.8,0.8,1.0
2025-08-08,2025-08-08 09:31:53.200,MO2508-C-7500,1.0,0.8,1.0
2025-08-08,2025-08-08 09:31:54.200,MO2508-C-7500,1.0,0.8,1.0
2025-08-08,2025-08-08 09:32:02.200,MO2508-C-7500,1.0,0.8,1.0
2025-08-08,2025-08-08 09:32:02.700,MO2508-C-7500,1.0,0.8,1.0
2025-08-08,2025-08-08 09:32:08.700,MO2508-C-7500,1.0,0.8,1.0
2025-08-08,2025-08-08 09:32:09.200,MO2508-C-7500,1.0,0.8,1.0
2025-08-08,2025-08-08 09:32:09.700,MO2508-C-7500,0.8,0.8,1.0
2025-08-08,2025-08-08 09:32:10.200,MO2508-C-7500,0.8,0.8,1.0
2025-08-08,2025-08-08 09:32:11.200,MO2508-C-7500,0.8,0.8,1.0
2025-08-08,2025-08-08 09:32:11.700,MO2508-C-7500,0.8,0.8,1.0
2025-08-08,2025-08-08 09:32:12.200,MO2508-C-7500,0.8,0.8,1.0
2025-08-08,2025-08-08 09:32:12.700,MO2508-C-7500,0.8,0.8,1.0
2025-08-08,2025-08-08 09:32:13.200,MO2508-C-7500,0.8,0.8,1.0
2025-08-08,2025-08-08 09:32:13.700,MO2508-C-7500,0.8,0.8,1.0
2025-08-08,2025-08-08 09:32:16.200,MO2508-C-7500,0.8,0.8,1.0
2025-08-08,2025-08-08 09:32:16.700,MO2508-C-7500,0.8,0.8,1.0
2025-08-08,2025-08-08 09:32:18.200,MO2508-C-7500,1.0,1.0,1.2
2025-08-08,2025-08-08 09:32:18.700,MO2508-C-7500,1.0,0.8,1.0
2025-08-08,2025-08-08 09:32:19.200,MO2508-C-7500,1.0,0.8,1.0
2025-08-08,2025-08-08 09:32:19.700,MO2508-C-7500,1.0,0.8,1.0
2025-08-08,2025-08-08 09:32:21.200,MO2508-C-7500,1.0,0.8,1.0
2025-08-08,2025-08-08 09:32:21.700,MO2508-C-7500,1.0,0.8,1.0
2025-08-08,2025-08-08 09:32:22.200,MO2508-C-7500,1.0,0.8,1.0
2025-08-08,2025-08-08 09:32:22.700,MO2508-C-7500,1.0,0.8,1.0
2025-08-08,2025-08-08 09:32:23.200,MO2508-C-7500,1.0,0.8,1.0
2025-08-08,2025-08-08 09:32:27.200,MO2508-C-7500,1.0,0.8,1.0
2025-08-08,2025-08-08 09:32:27.700,MO2508-C-7500,1.0,0.8,1.0
2025-08-08,2025-08-08 09:32:28.200,MO2508-C-7500,1.0,0.8,1.2
2025-08-08,2025-08-08 09:32:28.700,MO2508-C-7500,1.0,0.8,1.2
2025-08-08,2025-08-08 09:32:32.200,MO2508-C-7500,1.0,0.8,1.2
2025-08-08,2025-08-08 09:32:32.700,MO2508-C-7500,1.0,0.8,1.2
2025-08-08,2025-08-08 09:32:37.700,MO2508-C-7500,1.0,0.8,1.2
2025-08-08,2025-08-08 09:32:39.200,MO2508-C-7500,1.0,0.8,1.2
2025-08-08,2025-08-08 09:32:39.700,MO2508-C-7500,1.0,0.8,1.2
2025-08-08,2025-08-08 09:32:42.200,MO2508-C-7500,1.0,0.8,1.2
2025-08-08,2025-08-08 09:32:42.700,MO2508-C-7500,1.0,0.8,1.2
2025-08-08,2025-08-08 09:32:43.700,MO2508-C-7500,1.0,0.8,1.2
2025-08-08,2025-08-08 09:32:49.700,MO2508-C-7500,1.0,0.8,1.2
2025-08-08,2025-08-08 09:32:51.700,MO2508-C-7500,1.0,0.8,1.2
2025-08-08,2025-08-08 09:32:52.200,MO2508-C-7500,1.0,0.8,1.2
2025-08-08,2025-08-08 09:32:52.700,MO2508-C-7500,1.0,0.8,1.2
2025-08-08,2025-08-08 09:32:54.700,MO2508-C-7500,1.0,0.8,1.2
2025-08-08,2025-08-08 09:32:55.200,MO2508-C-7500,1.0,0.8,1.2
2025-08-08,2025-08-08 09:32:58.700,MO2508-C-7500,1.0,0.8,1.2
2025-08-08,2025-08-08 09:32:59.200,MO2508-C-7500,1.0,0.8,1.2
2025-08-08,2025-08-08 09:32:59.700,MO2508-C-7500,1.0,0.8,1.2
2025-08-08,2025-08-08 09:33:02.200,MO2508-C-7500,1.0,0.8,1.2
2025-08-08,2025-08-08 09:33:02.700,MO2508-C-7500,1.0,0.8,1.2
2025-08-08,2025-08-08 09:33:04.200,MO2508-C-7500,1.0,0.8,1.2
2025-08-08,2025-08-08 09:33:05.700,MO2508-C-7500,1.0,0.8,1.2
2025-08-08,2025-08-08 09:33:12.200,MO2508-C-7500,1.0,0.8,1.2
2025-08-08,2025-08-08 09:33:12.700,MO2508-C-7500,1.0,0.8,1.2
2025-08-08,2025-08-08 09:33:13.700,MO2508-C-7500,1.0,0.8,1.2
2025-08-08,2025-08-08 09:33:17.700,MO2508-C-7500,1.0,0.8,1.2
2025-08-08,2025-08-08 09:33:22.200,MO2508-C-7500,1.0,0.8,1.2
2025-08-08,2025-08-08 09:33:22.700,MO2508-C-7500,1.0,0.8,1.2
2025-08-08,2025-08-08 09:33:23.200,MO2508-C-7500,1.0,0.8,1.2
2025-08-08,2025-08-08 09:33:24.200,MO2508-C-7500,1.0,0.8,1.2
2025-08-08,2025-08-08 09:33:26.200,MO2508-C-7500,1.0,0.8,1.2
2025-08-08,2025-08-08 09:33:32.200,MO2508-C-7500,1.0,0.8,1.2
2025-08-08,2025-08-08 09:33:32.700,MO2508-C-7500,1.0,0.8,1.2
2025-08-08,2025-08-08 09:33:33.200,MO2508-C-7500,1.0,0.8,1.2
2025-08-08,2025-08-08 09:33:34.200,MO2508-C-7500,1.0,0.8,1.2
2025-08-08,2025-08-08 09:33:34.700,MO2508-C-7500,1.0,0.8,1.2
2025-08-08,2025-08-08 09:33:42.200,MO2508-C-7500,1.0,0.8,1.2
2025-08-08,2025-08-08 09:33:42.700,MO2508-C-7500,1.0,0.8,1.2
2025-08-08,2025-08-08 09:33:52.200,MO2508-C-7500,1.0,0.8,1.2
2025-08-08,2025-08-08 09:33:52.700,MO2508-C-7500,1.0,0.8,1.2
2025-08-08,2025-08-08 09:33:57.200,MO2508-C-7500,1.0,0.8,1.2
2025-08-08,2025-08-08 09:33:57.700,MO2508-C-7500,1.0,0.8,1.2
2025-08-08,2025-08-08 09:34:02.200,MO2508-C-7500,1.0,0.8,1.2
2025-08-08,2025-08-08 09:34:02.700,MO2508-C-7500,1.0,0.8,1.2
2025-08-08,2025-08-08 09:34:05.700,MO2508-C-7500,1.0,0.8,1.2
2025-08-08,2025-08-08 09:34:12.200,MO2508-C-7500,1.0,0.8,1.2
2025-08-08,2025-08-08 09:34:12.700,MO2508-C-7500,1.0,0.8,1.2
2025-08-08,2025-08-08 09:34:13.200,MO2508-C-7500,1.0,0.8,1.0
2025-08-08,2025-08-08 09:34:13.700,MO2508-C-7500,1.0,0.8,1.0
2025-08-08,2025-08-08 09:34:15.200,MO2508-C-7500,1.0,0.8,1.0
2025-08-08,2025-08-08 09:34:15.700,MO2508-C-7500,1.0,0.8,1.0
2025-08-08,2025-08-08 09:34:16.700,MO2508-C-7500,1.0,0.8,1.0
2025-08-08,2025-08-08 09:34:20.200,MO2508-C-7500,1.0,0.8,1.0
2025-08-08,2025-08-08 09:34:20.700,MO2508-C-7500,1.0,0.8,1.0
2025-08-08,2025-08-08 09:34:22.200,MO2508-C-7500,1.0,0.8,1.0
2025-08-08,2025-08-08 09:34:22.700,MO2508-C-7500,1.0,0.8,1.0
2025-08-08,2025-08-08 09:34:23.200,MO2508-C-7500,1.0,0.8,1.0
2025-08-08,2025-08-08 09:34:26.700,MO2508-C-7500,1.0,0.8,1.0
2025-08-08,2025-08-08 09:34:27.200,MO2508-C-7500,1.0,0.8,1.0
2025-08-08,2025-08-08 09:34:27.700,MO2508-C-7500,1.0,0.8,1.0
2025-08-08,2025-08-08 09:34:30.200,MO2508-C-7500,1.0,0.8,1.0
2025-08-08,2025-08-08 09:34:30.700,MO2508-C-7500,1.0,0.8,1.0
2025-08-08,2025-08-08 09:34:32.200,MO2508-C-7500,1.0,0.8,1.0
2025-08-08,2025-08-08 09:34:32.700,MO2508-C-7500,1.0,0.8,1.0
2025-08-08,2025-08-08 09:34:34.700,MO2508-C-7500,1.0,0.8,1.0
2025-08-08,2025-08-08 09:34:35.200,MO2508-C-7500,1.0,0.8,1.0
2025-08-08,2025-08-08 09:34:38.700,MO2508-C-7500,1.0,0.8,1.0
2025-08-08,2025-08-08 09:34:39.200,MO2508-C-7500,1.0,0.8,1.0
2025-08-08,2025-08-08 09:34:42.200,MO2508-C-7500,1.0,0.8,1.0
2025-08-08,2025-08-08 09:34:42.700,MO2508-C-7500,1.0,0.8,1.0
2025-08-08,2025-08-08 09:34:51.200,MO2508-C-7500,1.0,0.8,1.0
2025-08-08,2025-08-08 09:34:51.700,MO2508-C-7500,1.0,0.8,1.0
2025-08-08,2025-08-08 09:34:52.200,MO2508-C-7500,1.0,0.8,1.0
2025-08-08,2025-08-08 09:34:52.700,MO2508-C-7500,1.0,0.8,1.0
2025-08-08,2025-08-08 09:34:55.200,MO2508-C-7500,1.0,0.8,1.0
2025-08-08,2025-08-08 09:34:55.700,MO2508-C-7500,1.0,0.8,1.0
2025-08-08,2025-08-08 09:34:59.200,MO2508-C-7500,1.0,0.8,1.0
2025-08-08,2025-08-08 09:34:59.700,MO2508-C-7500,1.0,0.8,1.0
2025-08-08,2025-08-08 09:35:02.200,MO2508-C-7500,1.0,0.8,1.0
2025-08-08,2025-08-08 09:35:02.700,MO2508-C-7500,1.0,0.8,1.0
2025-08-08,2025-08-08 09:35:05.700,MO2508-C-7500,1.0,0.8,1.0
2025-08-08,2025-08-08 09:35:06.200,MO2508-C-7500,1.0,0.8,1.0
2025-08-08,2025-08-08 09:35:09.700,MO2508-C-7500,1.0,0.8,1.0
2025-08-08,2025-08-08 09:35:12.200,MO2508-C-7500,1.0,0.8,1.0
2025-08-08,2025-08-08 09:35:12.700,MO2508-C-7500,1.0,0.8,1.0
2025-08-08,2025-08-08 09:35:22.200,MO2508-C-7500,1.0,0.8,1.0
2025-08-08,2025-08-08 09:35:22.700,MO2508-C-7500,1.0,0.8,1.0
2025-08-08,2025-08-08 09:35:26.200,MO2508-C-7500,1.0,0.8,1.0
2025-08-08,2025-08-08 09:35:26.700,MO2508-C-7500,1.0,0.8,1.0
2025-08-08,2025-08-08 09:35:29.700,MO2508-C-7500,1.0,0.8,1.0
2025-08-08,2025-08-08 09:35:30.200,MO2508-C-7500,1.0,0.8,1.0
2025-08-08,2025-08-08 09:35:31.700,MO2508-C-7500,1.0,0.8,1.0
2025-08-08,2025-08-08 09:35:32.200,MO2508-C-7500,1.0,0.8,1.0
2025-08-08,2025-08-08 09:35:32.700,MO2508-C-7500,1.0,0.8,1.0
2025-08-08,2025-08-08 09:35:42.200,MO2508-C-7500,1.0,0.8,1.0
2025-08-08,2025-08-08 09:35:42.700,MO2508-C-7500,1.0,0.8,1.0
2025-08-08,2025-08-08 09:35:44.700,MO2508-C-7500,1.0,0.8,1.0
2025-08-08,2025-08-08 09:35:47.200,MO2508-C-7500,1.0,0.8,1.0
2025-08-08,2025-08-08 09:35:47.700,MO2508-C-7500,1.0,0.8,1.0
2025-08-08,2025-08-08 09:35:48.200,MO2508-C-7500,1.0,0.8,1.0
2025-08-08,2025-08-08 09:35:52.200,MO2508-C-7500,1.0,0.8,1.0
2025-08-08,2025-08-08 09:35:52.700,MO2508-C-7500,1.0,0.8,1.0
2025-08-08,2025-08-08 09:35:53.700,MO2508-C-7500,1.0,0.8,1.0
2025-08-08,2025-08-08 09:35:54.200,MO2508-C-7500,1.0,0.8,1.0
2025-08-08,2025-08-08 09:35:55.200,MO2508-C-7500,1.0,1.0,1.2
2025-08-08,2025-08-08 09:35:55.700,MO2508-C-7500,1.0,1.0,1.2
2025-08-08,2025-08-08 09:35:56.200,MO2508-C-7500,1.0,1.0,1.2
2025-08-08,2025-08-08 09:35:57.200,MO2508-C-7500,1.0,1.0,1.2
2025-08-08,2025-08-08 09:35:57.700,MO2508-C-7500,1.0,1.0,1.2
2025-08-08,2025-08-08 09:35:59.200,MO2508-C-7500,1.0,1.0,1.2
2025-08-08,2025-08-08 09:36:00.700,MO2508-C-7500,1.0,1.0,1.2
2025-08-08,2025-08-08 09:36:01.200,MO2508-C-7500,1.0,1.0,1.2
2025-08-08,2025-08-08 09:36:02.200,MO2508-C-7500,1.0,1.0,1.2
2025-08-08,2025-08-08 09:36:02.700,MO2508-C-7500,1.0,1.0,1.2
2025-08-08,2025-08-08 09:36:03.200,MO2508-C-7500,1.0,1.0,1.2
2025-08-08,2025-08-08 09:36:03.700,MO2508-C-7500,1.0,1.0,1.2
2025-08-08,2025-08-08 09:36:05.200,MO2508-C-7500,1.0,1.0,1.2
2025-08-08,2025-08-08 09:36:07.200,MO2508-C-7500,1.0,1.0,1.2
2025-08-08,2025-08-08 09:36:07.700,MO2508-C-7500,1.0,0.8,1.2
2025-08-08,2025-08-08 09:36:08.200,MO2508-C-7500,1.0,0.8,1.2
2025-08-08,2025-08-08 09:36:08.700,MO2508-C-7500,1.0,0.8,1.2
2025-08-08,2025-08-08 09:36:11.200,MO2508-C-7500,1.0,0.8,1.2
2025-08-08,2025-08-08 09:36:12.200,MO2508-C-7500,1.0,0.8,1.2
2025-08-08,2025-08-08 09:36:12.700,MO2508-C-7500,1.0,0.8,1.2
2025-08-08,2025-08-08 09:36:13.200,MO2508-C-7500,1.0,0.8,1.2
2025-08-08,2025-08-08 09:36:18.200,MO2508-C-7500,1.0,0.8,1.2
2025-08-08,2025-08-08 09:36:19.700,MO2508-C-7500,1.0,0.8,1.2
2025-08-08,2025-08-08 09:36:22.200,MO2508-C-7500,1.0,0.8,1.2
2025-08-08,2025-08-08 09:36:22.700,MO2508-C-7500,1.0,0.8,1.2
2025-08-08,2025-08-08 09:36:29.700,MO2508-C-7500,1.0,0.8,1.2
2025-08-08,2025-08-08 09:36:30.200,MO2508-C-7500,1.0,0.8,1.2
2025-08-08,2025-08-08 09:36:32.200,MO2508-C-7500,1.0,0.8,1.2
2025-08-08,2025-08-08 09:36:32.700,MO2508-C-7500,1.0,0.8,1.2
2025-08-08,2025-08-08 09:36:34.200,MO2508-C-7500,1.0,0.8,1.2
2025-08-08,2025-08-08 09:36:34.700,MO2508-C-7500,1.0,0.8,1.2
2025-08-08,2025-08-08 09:36:35.200,MO2508-C-7500,1.0,0.8,1.2
2025-08-08,2025-08-08 09:36:35.700,MO2508-C-7500,1.0,0.8,1.2
2025-08-08,2025-08-08 09:36:41.200,MO2508-C-7500,1.0,0.8,1.2
2025-08-08,2025-08-08 09:36:41.700,MO2508-C-7500,1.0,0.8,1.2
2025-08-08,2025-08-08 09:36:42.200,MO2508-C-7500,1.0,0.8,1.2
2025-08-08,2025-08-08 09:36:42.700,MO2508-C-7500,1.0,0.8,1.2
2025-08-08,2025-08-08 09:36:52.200,MO2508-C-7500,1.0,0.8,1.2
2025-08-08,2025-08-08 09:36:52.700,MO2508-C-7500,1.0,0.8,1.2
2025-08-08,2025-08-08 09:36:58.200,MO2508-C-7500,1.0,0.8,1.2
2025-08-08,2025-08-08 09:37:02.200,MO2508-C-7500,1.0,0.8,1.2
2025-08-08,2025-08-08 09:37:02.700,MO2508-C-7500,1.0,0.8,1.2
2025-08-08,2025-08-08 09:37:05.200,MO2508-C-7500,1.0,0.8,1.2
2025-08-08,2025-08-08 09:37:05.700,MO2508-C-7500,1.0,0.8,1.2
2025-08-08,2025-08-08 09:37:06.700,MO2508-C-7500,1.0,0.8,1.2
2025-08-08,2025-08-08 09:37:08.200,MO2508-C-7500,1.0,0.8,1.2
2025-08-08,2025-08-08 09:37:08.700,MO2508-C-7500,1.0,0.8,1.2
2025-08-08,2025-08-08 09:37:12.200,MO2508-C-7500,1.0,0.8,1.2
2025-08-08,2025-08-08 09:37:12.700,MO2508-C-7500,1.0,0.8,1.2
2025-08-08,2025-08-08 09:37:19.700,MO2508-C-7500,1.0,0.8,1.2
2025-08-08,2025-08-08 09:37:20.200,MO2508-C-7500,1.0,0.8,1.2
2025-08-08,2025-08-08 09:37:20.700,MO2508-C-7500,1.0,0.8,1.2
2025-08-08,2025-08-08 09:37:22.200,MO2508-C-7500,1.0,0.8,1.2
2025-08-08,2025-08-08 09:37:22.700,MO2508-C-7500,1.0,0.8,1.2
2025-08-08,2025-08-08 09:37:23.200,MO2508-C-7500,1.0,0.8,1.2
2025-08-08,2025-08-08 09:37:30.200,MO2508-C-7500,1.0,0.8,1.2
2025-08-08,2025-08-08 09:37:32.200,MO2508-C-7500,1.0,0.8,1.2
2025-08-08,2025-08-08 09:37:32.700,MO2508-C-7500,1.0,0.8,1.2
2025-08-08,2025-08-08 09:37:42.200,MO2508-C-7500,1.0,0.8,1.2
2025-08-08,2025-08-08 09:37:42.700,MO2508-C-7500,1.0,0.8,1.2
2025-08-08,2025-08-08 09:37:43.200,MO2508-C-7500,1.0,0.8,1.2
2025-08-08,2025-08-08 09:37:46.700,MO2508-C-7500,1.0,0.8,1.2
2025-08-08,2025-08-08 09:37:47.200,MO2508-C-7500,1.0,0.8,1.2
2025-08-08,2025-08-08 09:37:51.200,MO2508-C-7500,1.0,0.8,1.0
2025-08-08,2025-08-08 09:37:51.700,MO2508-C-7500,1.0,0.8,1.0
2025-08-08,2025-08-08 09:37:52.200,MO2508-C-7500,1.0,0.8,1.0
2025-08-08,2025-08-08 09:37:52.700,MO2508-C-7500,1.0,0.8,1.0
2025-08-08,2025-08-08 09:37:53.200,MO2508-C-7500,1.0,0.8,1.0
2025-08-08,2025-08-08 09:37:53.700,MO2508-C-7500,1.0,0.8,1.0
2025-08-08,2025-08-08 09:37:55.200,MO2508-C-7500,1.0,0.8,1.0
2025-08-08,2025-08-08 09:37:55.700,MO2508-C-7500,1.0,0.8,1.0
2025-08-08,2025-08-08 09:37:56.200,MO2508-C-7500,1.0,0.8,1.0
2025-08-08,2025-08-08 09:37:57.200,MO2508-C-7500,1.0,0.8,1.0
2025-08-08,2025-08-08 09:37:58.200,MO2508-C-7500,1.0,0.8,1.2
2025-08-08,2025-08-08 09:37:58.700,MO2508-C-7500,1.0,0.8,1.2
2025-08-08,2025-08-08 09:37:59.200,MO2508-C-7500,1.0,0.8,1.2
2025-08-08,2025-08-08 09:37:59.700,MO2508-C-7500,1.0,0.8,1.2
2025-08-08,2025-08-08 09:38:02.200,MO2508-C-7500,1.0,0.8,1.2
2025-08-08,2025-08-08 09:38:02.700,MO2508-C-7500,1.0,0.8,1.2
2025-08-08,2025-08-08 09:38:03.200,MO2508-C-7500,1.0,0.8,1.2
2025-08-08,2025-08-08 09:38:06.200,MO2508-C-7500,1.0,0.8,1.2
2025-08-08,2025-08-08 09:38:06.700,MO2508-C-7500,1.0,0.8,1.2
2025-08-08,2025-08-08 09:38:11.700,MO2508-C-7500,1.0,0.8,1.2
2025-08-08,2025-08-08 09:38:12.200,MO2508-C-7500,1.0,0.8,1.2
2025-08-08,2025-08-08 09:38:12.700,MO2508-C-7500,1.0,0.8,1.2
2025-08-08,2025-08-08 09:38:22.200,MO2508-C-7500,1.0,0.8,1.2
2025-08-08,2025-08-08 09:38:22.700,MO2508-C-7500,1.0,0.8,1.2
2025-08-08,2025-08-08 09:38:23.200,MO2508-C-7500,1.0,0.8,1.2
2025-08-08,2025-08-08 09:38:32.200,MO2508-C-7500,1.0,0.8,1.2
2025-08-08,2025-08-08 09:38:32.700,MO2508-C-7500,1.0,0.8,1.2
2025-08-08,2025-08-08 09:38:42.200,MO2508-C-7500,1.0,0.8,1.2
2025-08-08,2025-08-08 09:38:42.700,MO2508-C-7500,1.0,0.8,1.2
2025-08-08,2025-08-08 09:38:47.700,MO2508-C-7500,1.0,0.8,1.2
2025-08-08,2025-08-08 09:38:50.700,MO2508-C-7500,1.0,0.8,1.2
2025-08-08,2025-08-08 09:38:51.200,MO2508-C-7500,1.0,0.8,1.2
2025-08-08,2025-08-08 09:38:52.200,MO2508-C-7500,1.0,0.8,1.2
2025-08-08,2025-08-08 09:38:52.700,MO2508-C-7500,1.0,0.8,1.2
2025-08-08,2025-08-08 09:38:59.200,MO2508-C-7500,1.0,0.8,1.2
2025-08-08,2025-08-08 09:39:00.700,MO2508-C-7500,1.0,0.8,1.2
2025-08-08,2025-08-08 09:39:01.200,MO2508-C-7500,1.0,0.8,1.2
2025-08-08,2025-08-08 09:39:01.700,MO2508-C-7500,1.0,0.8,1.2
2025-08-08,2025-08-08 09:39:02.200,MO2508-C-7500,1.0,0.8,1.2
2025-08-08,2025-08-08 09:39:02.700,MO2508-C-7500,1.0,0.8,1.2
2025-08-08,2025-08-08 09:39:05.200,MO2508-C-7500,1.0,0.8,1.2
2025-08-08,2025-08-08 09:39:05.700,MO2508-C-7500,1.0,0.8,1.2
2025-08-08,2025-08-08 09:39:07.700,MO2508-C-7500,1.0,0.8,1.2
2025-08-08,2025-08-08 09:39:08.200,MO2508-C-7500,1.0,0.8,1.2
2025-08-08,2025-08-08 09:39:12.200,MO2508-C-7500,1.0,0.8,1.2
2025-08-08,2025-08-08 09:39:12.700,MO2508-C-7500,1.0,0.8,1.2
2025-08-08,2025-08-08 09:39:13.700,MO2508-C-7500,1.0,0.8,1.2
2025-08-08,2025-08-08 09:39:18.700,MO2508-C-7500,1.0,1.0,1.2
2025-08-08,2025-08-08 09:39:19.200,MO2508-C-7500,1.0,1.0,1.2
2025-08-08,2025-08-08 09:39:20.200,MO2508-C-7500,1.0,1.0,1.2
2025-08-08,2025-08-08 09:39:21.700,MO2508-C-7500,1.0,1.0,1.2
2025-08-08,2025-08-08 09:39:22.200,MO2508-C-7500,1.0,1.0,1.2
2025-08-08,2025-08-08 09:39:22.700,MO2508-C-7500,1.0,1.0,1.2
2025-08-08,2025-08-08 09:39:23.700,MO2508-C-7500,1.0,1.0,1.2
2025-08-08,2025-08-08 09:39:27.700,MO2508-C-7500,1.0,1.0,1.2
2025-08-08,2025-08-08 09:39:28.200,MO2508-C-7500,1.0,1.0,1.2
2025-08-08,2025-08-08 09:39:28.700,MO2508-C-7500,1.0,1.0,1.2
2025-08-08,2025-08-08 09:39:32.200,MO2508-C-7500,1.0,1.0,1.2
2025-08-08,2025-08-08 09:39:32.700,MO2508-C-7500,1.0,1.0,1.2
2025-08-08,2025-08-08 09:39:37.200,MO2508-C-7500,1.0,1.0,1.2
2025-08-08,2025-08-08 09:39:38.200,MO2508-C-7500,1.0,1.0,1.2
2025-08-08,2025-08-08 09:39:38.700,MO2508-C-7500,1.0,1.0,1.2
2025-08-08,2025-08-08 09:39:42.200,MO2508-C-7500,1.0,1.0,1.2
2025-08-08,2025-08-08 09:39:42.700,MO2508-C-7500,1.0,1.0,1.2
2025-08-08,2025-08-08 09:39:44.200,MO2508-C-7500,1.0,1.0,1.2
2025-08-08,2025-08-08 09:39:46.700,MO2508-C-7500,1.0,1.0,1.2
2025-08-08,2025-08-08 09:39:47.200,MO2508-C-7500,1.0,1.0,1.2
2025-08-08,2025-08-08 09:39:47.700,MO2508-C-7500,1.0,1.0,1.2
2025-08-08,2025-08-08 09:39:48.700,MO2508-C-7500,1.0,1.0,1.2
2025-08-08,2025-08-08 09:39:49.200,MO2508-C-7500,1.0,1.0,1.2
2025-08-08,2025-08-08 09:39:49.700,MO2508-C-7500,1.0,1.0,1.2
2025-08-08,2025-08-08 09:39:50.200,MO2508-C-7500,1.0,1.0,1.2
2025-08-08,2025-08-08 09:39:51.700,MO2508-C-7500,1.0,1.0,1.2
2025-08-08,2025-08-08 09:39:52.200,MO2508-C-7500,1.0,1.0,1.2
2025-08-08,2025-08-08 09:39:52.700,MO2508-C-7500,1.0,1.0,1.2
2025-08-08,2025-08-08 09:40:02.200,MO2508-C-7500,1.0,1.0,1.2
2025-08-08,2025-08-08 09:40:02.700,MO2508-C-7500,1.0,1.0,1.2
2025-08-08,2025-08-08 09:40:03.200,MO2508-C-7500,1.0,1.0,1.2
2025-08-08,2025-08-08 09:40:05.200,MO2508-C-7500,1.0,1.0,1.2
2025-08-08,2025-08-08 09:40:06.200,MO2508-C-7500,1.0,1.0,1.2
2025-08-08,2025-08-08 09:40:06.700,MO2508-C-7500,1.0,1.0,1.2
2025-08-08,2025-08-08 09:40:07.200,MO2508-C-7500,1.0,1.0,1.2
2025-08-08,2025-08-08 09:40:12.200,MO2508-C-7500,1.0,1.0,1.2
2025-08-08,2025-08-08 09:40:12.700,MO2508-C-7500,1.0,1.0,1.2
2025-08-08,2025-08-08 09:40:22.200,MO2508-C-7500,1.0,1.0,1.2
2025-08-08,2025-08-08 09:40:22.700,MO2508-C-7500,1.0,1.0,1.2
2025-08-08,2025-08-08 09:40:30.200,MO2508-C-7500,1.0,1.0,1.2
2025-08-08,2025-08-08 09:40:32.200,MO2508-C-7500,1.0,1.0,1.2
2025-08-08,2025-08-08 09:40:32.700,MO2508-C-7500,1.0,1.0,1.2
2025-08-08,2025-08-08 09:40:37.700,MO2508-C-7500,1.0,1.0,1.2
2025-08-08,2025-08-08 09:40:38.200,MO2508-C-7500,1.0,1.0,1.2
2025-08-08,2025-08-08 09:40:42.200,MO2508-C-7500,1.0,1.0,1.2
2025-08-08,2025-08-08 09:40:42.700,MO2508-C-7500,1.0,1.0,1.2
2025-08-08,2025-08-08 09:40:43.200,MO2508-C-7500,1.0,1.0,1.2
2025-08-08,2025-08-08 09:40:52.200,MO2508-C-7500,1.0,1.0,1.2
2025-08-08,2025-08-08 09:40:52.700,MO2508-C-7500,1.0,1.0,1.2
2025-08-08,2025-08-08 09:40:55.700,MO2508-C-7500,1.0,1.0,1.2
2025-08-08,2025-08-08 09:40:56.200,MO2508-C-7500,1.0,1.0,1.2
2025-08-08,2025-08-08 09:41:02.200,MO2508-C-7500,1.0,1.0,1.2
2025-08-08,2025-08-08 09:41:02.700,MO2508-C-7500,1.0,1.0,1.2
2025-08-08,2025-08-08 09:41:12.200,MO2508-C-7500,1.0,1.0,1.2
2025-08-08,2025-08-08 09:41:12.700,MO2508-C-7500,1.0,1.0,1.2
2025-08-08,2025-08-08 09:41:14.700,MO2508-C-7500,1.0,1.0,1.2
2025-08-08,2025-08-08 09:41:22.200,MO2508-C-7500,1.0,1.0,1.2
2025-08-08,2025-08-08 09:41:22.700,MO2508-C-7500,1.0,1.0,1.2
2025-08-08,2025-08-08 09:41:28.200,MO2508-C-7500,1.0,1.0,1.2
2025-08-08,2025-08-08 09:41:32.200,MO2508-C-7500,1.0,1.0,1.2
2025-08-08,2025-08-08 09:41:32.700,MO2508-C-7500,1.0,1.0,1.2
2025-08-08,2025-08-08 09:41:42.200,MO2508-C-7500,1.0,1.0,1.2
2025-08-08,2025-08-08 09:41:42.700,MO2508-C-7500,1.0,1.0,1.2
2025-08-08,2025-08-08 09:41:52.200,MO2508-C-7500,1.0,1.0,1.2
2025-08-08,2025-08-08 09:41:52.700,MO2508-C-7500,1.0,1.0,1.2
2025-08-08,2025-08-08 09:42:00.200,MO2508-C-7500,1.0,1.0,1.2
2025-08-08,2025-08-08 09:42:02.200,MO2508-C-7500,1.0,1.0,1.2
2025-08-08,2025-08-08 09:42:02.700,MO2508-C-7500,1.0,1.0,1.2
2025-08-08,2025-08-08 09:42:05.700,MO2508-C-7500,1.0,1.0,1.2
2025-08-08,2025-08-08 09:42:09.200,MO2508-C-7500,1.0,1.0,1.2
2025-08-08,2025-08-08 09:42:12.200,MO2508-C-7500,1.0,1.0,1.2
2025-08-08,2025-08-08 09:42:12.700,MO2508-C-7500,1.0,1.0,1.2
2025-08-08,2025-08-08 09:42:22.200,MO2508-C-7500,1.0,1.0,1.2
2025-08-08,2025-08-08 09:42:22.700,MO2508-C-7500,1.0,1.0,1.2
2025-08-08,2025-08-08 09:42:26.700,MO2508-C-7500,1.0,1.0,1.2
2025-08-08,2025-08-08 09:42:27.200,MO2508-C-7500,1.0,1.0,1.2
2025-08-08,2025-08-08 09:42:28.700,MO2508-C-7500,1.0,1.0,1.2
2025-08-08,2025-08-08 09:42:31.200,MO2508-C-7500,1.0,1.0,1.2
2025-08-08,2025-08-08 09:42:32.200,MO2508-C-7500,1.0,1.0,1.2
2025-08-08,2025-08-08 09:42:32.700,MO2508-C-7500,1.0,1.0,1.2
2025-08-08,2025-08-08 09:42:37.200,MO2508-C-7500,1.0,1.0,1.2
2025-08-08,2025-08-08 09:42:42.200,MO2508-C-7500,1.0,1.0,1.2
2025-08-08,2025-08-08 09:42:42.700,MO2508-C-7500,1.0,1.0,1.2
2025-08-08,2025-08-08 09:42:52.200,MO2508-C-7500,1.0,1.0,1.2
2025-08-08,2025-08-08 09:42:52.700,MO2508-C-7500,1.0,1.0,1.2
2025-08-08,2025-08-08 09:43:02.200,MO2508-C-7500,1.0,1.0,1.2
2025-08-08,2025-08-08 09:43:02.700,MO2508-C-7500,1.0,1.0,1.2
2025-08-08,2025-08-08 09:43:03.200,MO2508-C-7500,1.0,1.0,1.2
2025-08-08,2025-08-08 09:43:03.700,MO2508-C-7500,1.0,1.0,1.2
2025-08-08,2025-08-08 09:43:12.200,MO2508-C-7500,1.0,1.0,1.2
2025-08-08,2025-08-08 09:43:12.700,MO2508-C-7500,1.0,1.0,1.2
2025-08-08,2025-08-08 09:43:13.700,MO2508-C-7500,1.0,1.0,1.2
2025-08-08,2025-08-08 09:43:20.700,MO2508-C-7500,1.0,1.0,1.2
2025-08-08,2025-08-08 09:43:22.200,MO2508-C-7500,1.0,1.0,1.2
2025-08-08,2025-08-08 09:43:22.700,MO2508-C-7500,1.0,1.0,1.2
2025-08-08,2025-08-08 09:43:27.700,MO2508-C-7500,1.0,1.0,1.2
2025-08-08,2025-08-08 09:43:32.200,MO2508-C-7500,1.0,1.0,1.2
2025-08-08,2025-08-08 09:43:32.700,MO2508-C-7500,1.0,1.0,1.2
2025-08-08,2025-08-08 09:43:42.200,MO2508-C-7500,1.0,1.0,1.2
2025-08-08,2025-08-08 09:43:42.700,MO2508-C-7500,1.0,1.0,1.2
2025-08-08,2025-08-08 09:43:44.200,MO2508-C-7500,1.0,1.0,1.2
2025-08-08,2025-08-08 09:43:48.200,MO2508-C-7500,1.0,1.0,1.2
2025-08-08,2025-08-08 09:43:48.700,MO2508-C-7500,1.0,1.0,1.2
2025-08-08,2025-08-08 09:43:50.200,MO2508-C-7500,1.0,1.0,1.2
2025-08-08,2025-08-08 09:43:51.700,MO2508-C-7500,1.0,1.0,1.2
2025-08-08,2025-08-08 09:43:52.200,MO2508-C-7500,1.0,1.0,1.2
2025-08-08,2025-08-08 09:43:52.700,MO2508-C-7500,1.0,1.0,1.2
2025-08-08,2025-08-08 09:44:01.700,MO2508-C-7500,1.0,1.0,1.2
2025-08-08,2025-08-08 09:44:02.200,MO2508-C-7500,1.0,1.0,1.2
2025-08-08,2025-08-08 09:44:02.700,MO2508-C-7500,1.0,1.0,1.2
2025-08-08,2025-08-08 09:44:03.700,MO2508-C-7500,1.0,1.0,1.2
2025-08-08,2025-08-08 09:44:04.200,MO2508-C-7500,1.0,1.0,1.2
2025-08-08,2025-08-08 09:44:05.200,MO2508-C-7500,1.0,1.0,1.2
2025-08-08,2025-08-08 09:44:08.700,MO2508-C-7500,1.0,1.0,1.2
2025-08-08,2025-08-08 09:44:09.700,MO2508-C-7500,1.0,1.0,1.2
2025-08-08,2025-08-08 09:44:10.200,MO2508-C-7500,1.0,1.0,1.2
2025-08-08,2025-08-08 09:44:12.200,MO2508-C-7500,1.0,1.0,1.2
2025-08-08,2025-08-08 09:44:12.700,MO2508-C-7500,1.0,1.0,1.2
2025-08-08,2025-08-08 09:44:18.200,MO2508-C-7500,1.0,1.0,1.2
2025-08-08,2025-08-08 09:44:22.200,MO2508-C-7500,1.0,1.0,1.2
2025-08-08,2025-08-08 09:44:22.700,MO2508-C-7500,1.0,1.0,1.2
2025-08-08,2025-08-08 09:44:26.700,MO2508-C-7500,1.0,1.0,1.2
2025-08-08,2025-08-08 09:44:32.200,MO2508-C-7500,1.0,1.0,1.2
2025-08-08,2025-08-08 09:44:32.700,MO2508-C-7500,1.0,1.0,1.2
2025-08-08,2025-08-08 09:44:36.700,MO2508-C-7500,1.0,1.0,1.2
2025-08-08,2025-08-08 09:44:42.200,MO2508-C-7500,1.0,1.0,1.2
2025-08-08,2025-08-08 09:44:42.700,MO2508-C-7500,1.0,1.0,1.2
2025-08-08,2025-08-08 09:44:47.700,MO2508-C-7500,1.0,1.0,1.2
2025-08-08,2025-08-08 09:44:52.200,MO2508-C-7500,1.0,1.0,1.2
2025-08-08,2025-08-08 09:44:52.700,MO2508-C-7500,1.0,1.0,1.2
2025-08-08,2025-08-08 09:44:55.700,MO2508-C-7500,1.0,1.0,1.2
2025-08-08,2025-08-08 09:45:02.200,MO2508-C-7500,1.0,1.0,1.2
2025-08-08,2025-08-08 09:45:02.700,MO2508-C-7500,1.0,1.0,1.2
2025-08-08,2025-08-08 09:45:12.200,MO2508-C-7500,1.0,1.0,1.2
2025-08-08,2025-08-08 09:45:12.700,MO2508-C-7500,1.0,1.0,1.2
2025-08-08,2025-08-08 09:45:22.200,MO2508-C-7500,1.0,1.0,1.2
2025-08-08,2025-08-08 09:45:22.700,MO2508-C-7500,1.0,1.0,1.2
2025-08-08,2025-08-08 09:45:32.200,MO2508-C-7500,1.0,1.0,1.2
2025-08-08,2025-08-08 09:45:32.700,MO2508-C-7500,1.0,1.0,1.2
2025-08-08,2025-08-08 09:45:33.700,MO2508-C-7500,1.0,1.0,1.2
2025-08-08,2025-08-08 09:45:37.200,MO2508-C-7500,1.0,1.0,1.2
2025-08-08,2025-08-08 09:45:37.700,MO2508-C-7500,1.0,1.0,1.2
2025-08-08,2025-08-08 09:45:40.700,MO2508-C-7500,1.0,1.0,1.2
2025-08-08,2025-08-08 09:45:42.200,MO2508-C-7500,1.0,1.0,1.2
2025-08-08,2025-08-08 09:45:42.700,MO2508-C-7500,1.0,1.0,1.2
2025-08-08,2025-08-08 09:45:52.200,MO2508-C-7500,1.0,1.0,1.2
2025-08-08,2025-08-08 09:45:52.700,MO2508-C-7500,1.0,1.0,1.2
2025-08-08,2025-08-08 09:45:56.200,MO2508-C-7500,1.0,1.0,1.2
2025-08-08,2025-08-08 09:46:02.200,MO2508-C-7500,1.0,1.0,1.2
2025-08-08,2025-08-08 09:46:02.700,MO2508-C-7500,1.0,1.0,1.2
2025-08-08,2025-08-08 09:46:12.200,MO2508-C-7500,1.0,1.0,1.2
2025-08-08,2025-08-08 09:46:12.700,MO2508-C-7500,1.0,1.0,1.2
2025-08-08,2025-08-08 09:46:22.200,MO2508-C-7500,1.0,1.0,1.2
2025-08-08,2025-08-08 09:46:22.700,MO2508-C-7500,1.0,1.0,1.2
2025-08-08,2025-08-08 09:46:26.200,MO2508-C-7500,1.0,1.0,1.2
2025-08-08,2025-08-08 09:46:26.700,MO2508-C-7500,1.0,1.0,1.2
2025-08-08,2025-08-08 09:46:27.700,MO2508-C-7500,1.0,1.0,1.2
2025-08-08,2025-08-08 09:46:32.200,MO2508-C-7500,1.0,1.0,1.2
2025-08-08,2025-08-08 09:46:32.700,MO2508-C-7500,1.0,1.0,1.2
2025-08-08,2025-08-08 09:46:33.200,MO2508-C-7500,1.0,1.0,1.2
2025-08-08,2025-08-08 09:46:42.200,MO2508-C-7500,1.0,1.0,1.2
2025-08-08,2025-08-08 09:46:42.700,MO2508-C-7500,1.0,1.0,1.2
2025-08-08,2025-08-08 09:46:48.700,MO2508-C-7500,1.0,1.0,1.2
2025-08-08,2025-08-08 09:46:52.200,MO2508-C-7500,1.0,1.0,1.2
2025-08-08,2025-08-08 09:46:52.700,MO2508-C-7500,1.0,1.0,1.2
2025-08-08,2025-08-08 09:46:57.200,MO2508-C-7500,1.0,1.0,1.2
2025-08-08,2025-08-08 09:46:59.200,MO2508-C-7500,1.0,1.0,1.2
2025-08-08,2025-08-08 09:47:02.200,MO2508-C-7500,1.0,1.0,1.2
2025-08-08,2025-08-08 09:47:02.700,MO2508-C-7500,1.0,1.0,1.2
2025-08-08,2025-08-08 09:47:03.700,MO2508-C-7500,1.0,1.0,1.2
2025-08-08,2025-08-08 09:47:12.200,MO2508-C-7500,1.0,1.0,1.2
2025-08-08,2025-08-08 09:47:12.700,MO2508-C-7500,1.0,1.0,1.2
2025-08-08,2025-08-08 09:47:13.700,MO2508-C-7500,1.0,1.0,1.2
2025-08-08,2025-08-08 09:47:22.200,MO2508-C-7500,1.0,1.0,1.2
2025-08-08,2025-08-08 09:47:22.700,MO2508-C-7500,1.0,1.0,1.2
2025-08-08,2025-08-08 09:47:32.200,MO2508-C-7500,1.0,1.0,1.2
2025-08-08,2025-08-08 09:47:32.700,MO2508-C-7500,1.0,1.0,1.2
2025-08-08,2025-08-08 09:47:44.700,MO2508-C-7500,1.0,1.0,1.2
2025-08-08,2025-08-08 09:47:52.200,MO2508-C-7500,1.0,1.0,1.2
2025-08-08,2025-08-08 09:47:52.700,MO2508-C-7500,1.0,1.0,1.2
2025-08-08,2025-08-08 09:47:55.200,MO2508-C-7500,1.0,1.0,1.2
2025-08-08,2025-08-08 09:47:55.700,MO2508-C-7500,1.0,1.0,1.2
2025-08-08,2025-08-08 09:47:56.200,MO2508-C-7500,1.0,1.0,1.2
2025-08-08,2025-08-08 09:47:56.700,MO2508-C-7500,1.0,1.0,1.2
2025-08-08,2025-08-08 09:48:00.700,MO2508-C-7500,1.0,1.0,1.2
2025-08-08,2025-08-08 09:48:02.200,MO2508-C-7500,1.0,1.0,1.2
2025-08-08,2025-08-08 09:48:02.700,MO2508-C-7500,1.0,1.0,1.2
2025-08-08,2025-08-08 09:48:07.700,MO2508-C-7500,1.0,1.0,1.2
2025-08-08,2025-08-08 09:48:12.200,MO2508-C-7500,1.0,1.0,1.2
2025-08-08,2025-08-08 09:48:12.700,MO2508-C-7500,1.0,1.0,1.2
2025-08-08,2025-08-08 09:48:22.200,MO2508-C-7500,1.0,1.0,1.2
2025-08-08,2025-08-08 09:48:22.700,MO2508-C-7500,1.0,1.0,1.2
2025-08-08,2025-08-08 09:48:23.700,MO2508-C-7500,1.0,1.0,1.2
2025-08-08,2025-08-08 09:48:28.200,MO2508-C-7500,1.0,1.0,1.2
2025-08-08,2025-08-08 09:48:32.200,MO2508-C-7500,1.0,1.0,1.2
2025-08-08,2025-08-08 09:48:32.700,MO2508-C-7500,1.0,1.0,1.2
2025-08-08,2025-08-08 09:48:33.200,MO2508-C-7500,1.0,1.0,1.2
2025-08-08,2025-08-08 09:48:33.700,MO2508-C-7500,1.0,1.0,1.2
2025-08-08,2025-08-08 09:48:35.200,MO2508-C-7500,1.0,1.0,1.2
2025-08-08,2025-08-08 09:48:35.700,MO2508-C-7500,1.0,1.0,1.2
2025-08-08,2025-08-08 09:48:36.200,MO2508-C-7500,1.0,0.8,1.0
2025-08-08,2025-08-08 09:48:36.700,MO2508-C-7500,1.0,0.8,1.0
2025-08-08,2025-08-08 09:48:37.200,MO2508-C-7500,1.0,0.8,1.0
2025-08-08,2025-08-08 09:48:37.700,MO2508-C-7500,1.0,0.8,1.0
2025-08-08,2025-08-08 09:48:38.200,MO2508-C-7500,1.0,0.8,1.0
2025-08-08,2025-08-08 09:48:40.200,MO2508-C-7500,1.0,0.8,1.0
2025-08-08,2025-08-08 09:48:42.200,MO2508-C-7500,1.0,0.8,1.0
2025-08-08,2025-08-08 09:48:42.700,MO2508-C-7500,1.0,0.8,1.0
2025-08-08,2025-08-08 09:48:44.200,MO2508-C-7500,1.0,0.8,1.0
2025-08-08,2025-08-08 09:48:47.200,MO2508-C-7500,1.0,0.8,1.0
2025-08-08,2025-08-08 09:48:47.700,MO2508-C-7500,1.0,0.8,1.0
2025-08-08,2025-08-08 09:48:51.200,MO2508-C-7500,1.0,0.8,1.0
2025-08-08,2025-08-08 09:48:52.200,MO2508-C-7500,1.0,0.8,1.0
2025-08-08,2025-08-08 09:48:52.700,MO2508-C-7500,1.0,0.8,1.0
2025-08-08,2025-08-08 09:48:55.200,MO2508-C-7500,1.0,0.8,1.0
2025-08-08,2025-08-08 09:48:58.700,MO2508-C-7500,1.0,0.8,1.0
2025-08-08,2025-08-08 09:49:02.200,MO2508-C-7500,1.0,0.8,1.0
2025-08-08,2025-08-08 09:49:02.700,MO2508-C-7500,1.0,0.8,1.0
2025-08-08,2025-08-08 09:49:03.200,MO2508-C-7500,1.0,0.8,1.0
2025-08-08,2025-08-08 09:49:04.200,MO2508-C-7500,1.0,0.8,1.0
2025-08-08,2025-08-08 09:49:12.200,MO2508-C-7500,1.0,0.8,1.0
2025-08-08,2025-08-08 09:49:12.700,MO2508-C-7500,1.0,0.8,1.0
2025-08-08,2025-08-08 09:49:13.200,MO2508-C-7500,1.0,0.8,1.0
2025-08-08,2025-08-08 09:49:15.200,MO2508-C-7500,1.0,0.8,1.0
2025-08-08,2025-08-08 09:49:16.200,MO2508-C-7500,1.0,0.8,1.0
2025-08-08,2025-08-08 09:49:18.700,MO2508-C-7500,1.0,0.8,1.0
2025-08-08,2025-08-08 09:49:21.700,MO2508-C-7500,1.0,0.8,1.0
2025-08-08,2025-08-08 09:49:22.200,MO2508-C-7500,1.0,0.8,1.0
2025-08-08,2025-08-08 09:49:22.700,MO2508-C-7500,1.0,0.8,1.0
2025-08-08,2025-08-08 09:49:32.200,MO2508-C-7500,1.0,0.8,1.0
2025-08-08,2025-08-08 09:49:32.700,MO2508-C-7500,1.0,0.8,1.0
2025-08-08,2025-08-08 09:49:39.200,MO2508-C-7500,1.0,0.8,1.0
2025-08-08,2025-08-08 09:49:40.200,MO2508-C-7500,1.0,0.8,1.0
2025-08-08,2025-08-08 09:49:42.200,MO2508-C-7500,1.0,0.8,1.0
2025-08-08,2025-08-08 09:49:42.700,MO2508-C-7500,1.0,0.8,1.0
2025-08-08,2025-08-08 09:49:45.700,MO2508-C-7500,1.0,0.8,1.0
2025-08-08,2025-08-08 09:49:52.200,MO2508-C-7500,1.0,1.0,1.2
2025-08-08,2025-08-08 09:49:52.700,MO2508-C-7500,1.0,1.0,1.2
2025-08-08,2025-08-08 09:50:00.700,MO2508-C-7500,1.0,1.0,1.2
2025-08-08,2025-08-08 09:50:01.200,MO2508-C-7500,1.0,1.0,1.2
2025-08-08,2025-08-08 09:50:01.700,MO2508-C-7500,1.0,1.0,1.2
2025-08-08,2025-08-08 09:50:02.200,MO2508-C-7500,1.0,1.0,1.2
2025-08-08,2025-08-08 09:50:02.700,MO2508-C-7500,1.0,1.0,1.2
2025-08-08,2025-08-08 09:50:03.200,MO2508-C-7500,1.0,1.0,1.2
2025-08-08,2025-08-08 09:50:08.200,MO2508-C-7500,1.0,1.0,1.2
2025-08-08,2025-08-08 09:50:12.200,MO2508-C-7500,1.0,1.0,1.2
2025-08-08,2025-08-08 09:50:12.700,MO2508-C-7500,1.0,1.0,1.2
2025-08-08,2025-08-08 09:50:22.200,MO2508-C-7500,1.0,1.0,1.2
2025-08-08,2025-08-08 09:50:22.700,MO2508-C-7500,1.0,1.0,1.2
2025-08-08,2025-08-08 09:50:32.200,MO2508-C-7500,1.0,1.0,1.2
2025-08-08,2025-08-08 09:50:32.700,MO2508-C-7500,1.0,1.0,1.2
2025-08-08,2025-08-08 09:50:42.200,MO2508-C-7500,1.0,1.0,1.2
2025-08-08,2025-08-08 09:50:42.700,MO2508-C-7500,1.0,1.0,1.2
2025-08-08,2025-08-08 09:50:52.200,MO2508-C-7500,1.0,1.0,1.2
2025-08-08,2025-08-08 09:50:52.700,MO2508-C-7500,1.0,1.0,1.2
2025-08-08,2025-08-08 09:50:54.200,MO2508-C-7500,1.0,1.0,1.2
2025-08-08,2025-08-08 09:50:54.700,MO2508-C-7500,1.0,1.0,1.2
2025-08-08,2025-08-08 09:51:02.200,MO2508-C-7500,1.0,1.0,1.2
2025-08-08,2025-08-08 09:51:02.700,MO2508-C-7500,1.0,1.0,1.2
2025-08-08,2025-08-08 09:51:12.200,MO2508-C-7500,1.0,1.0,1.2
2025-08-08,2025-08-08 09:51:12.700,MO2508-C-7500,1.0,1.0,1.2
2025-08-08,2025-08-08 09:51:22.700,MO2508-C-7500,1.0,1.0,1.2
2025-08-08,2025-08-08 09:51:23.200,MO2508-C-7500,1.0,1.0,1.2
2025-08-08,2025-08-08 09:51:32.700,MO2508-C-7500,1.0,1.0,1.2
2025-08-08,2025-08-08 09:51:33.200,MO2508-C-7500,1.0,1.0,1.2
2025-08-08,2025-08-08 09:51:42.700,MO2508-C-7500,1.0,1.0,1.2
2025-08-08,2025-08-08 09:51:43.200,MO2508-C-7500,1.0,1.0,1.2
2025-08-08,2025-08-08 09:51:47.200,MO2508-C-7500,1.0,1.0,1.2
2025-08-08,2025-08-08 09:51:47.700,MO2508-C-7500,1.0,1.0,1.2
2025-08-08,2025-08-08 09:51:52.700,MO2508-C-7500,1.0,1.0,1.2
2025-08-08,2025-08-08 09:51:53.200,MO2508-C-7500,1.0,1.0,1.2
2025-08-08,2025-08-08 09:51:57.700,MO2508-C-7500,1.0,1.0,1.2
2025-08-08,2025-08-08 09:52:02.700,MO2508-C-7500,1.0,1.0,1.2
2025-08-08,2025-08-08 09:52:03.200,MO2508-C-7500,1.0,0.8,1.2
2025-08-08,2025-08-08 09:52:03.700,MO2508-C-7500,1.0,0.8,1.2
2025-08-08,2025-08-08 09:52:09.700,MO2508-C-7500,1.0,0.8,1.2
2025-08-08,2025-08-08 09:52:12.700,MO2508-C-7500,1.0,0.8,1.2
2025-08-08,2025-08-08 09:52:13.200,MO2508-C-7500,1.0,0.8,1.2
2025-08-08,2025-08-08 09:52:13.700,MO2508-C-7500,1.0,0.8,1.2
2025-08-08,2025-08-08 09:52:14.200,MO2508-C-7500,1.0,0.8,1.2
2025-08-08,2025-08-08 09:52:14.700,MO2508-C-7500,1.0,0.8,1.2
2025-08-08,2025-08-08 09:52:15.200,MO2508-C-7500,1.0,0.8,1.2
2025-08-08,2025-08-08 09:52:22.200,MO2508-C-7500,1.0,0.8,1.2
2025-08-08,2025-08-08 09:52:22.700,MO2508-C-7500,1.0,0.8,1.2
2025-08-08,2025-08-08 09:52:23.200,MO2508-C-7500,1.0,0.8,1.2
2025-08-08,2025-08-08 09:52:26.200,MO2508-C-7500,1.0,0.8,1.2
2025-08-08,2025-08-08 09:52:26.700,MO2508-C-7500,1.0,0.8,1.2
2025-08-08,2025-08-08 09:52:32.700,MO2508-C-7500,1.0,0.8,1.2
2025-08-08,2025-08-08 09:52:33.200,MO2508-C-7500,1.0,0.8,1.2
2025-08-08,2025-08-08 09:52:37.700,MO2508-C-7500,1.0,0.8,1.2
2025-08-08,2025-08-08 09:52:38.200,MO2508-C-7500,1.0,0.8,1.2
2025-08-08,2025-08-08 09:52:42.700,MO2508-C-7500,1.0,0.8,1.2
2025-08-08,2025-08-08 09:52:43.200,MO2508-C-7500,1.0,0.8,1.2
2025-08-08,2025-08-08 09:52:59.200,MO2508-C-7500,1.0,0.8,1.2
2025-08-08,2025-08-08 09:52:59.700,MO2508-C-7500,1.0,0.8,1.2
2025-08-08,2025-08-08 09:53:00.200,MO2508-C-7500,1.0,0.8,1.2
2025-08-08,2025-08-08 09:53:00.700,MO2508-C-7500,1.0,0.8,1.2
2025-08-08,2025-08-08 09:53:01.200,MO2508-C-7500,1.0,0.8,1.2
2025-08-08,2025-08-08 09:53:01.700,MO2508-C-7500,1.0,0.8,1.2
2025-08-08,2025-08-08 09:53:02.200,MO2508-C-7500,1.0,0.8,1.2
2025-08-08,2025-08-08 09:53:02.700,MO2508-C-7500,1.0,0.8,1.2
2025-08-08,2025-08-08 09:53:12.200,MO2508-C-7500,1.0,0.8,1.2
2025-08-08,2025-08-08 09:53:12.700,MO2508-C-7500,1.0,0.8,1.2
2025-08-08,2025-08-08 09:53:13.700,MO2508-C-7500,1.0,0.8,1.2
2025-08-08,2025-08-08 09:53:14.200,MO2508-C-7500,1.0,0.8,1.2
2025-08-08,2025-08-08 09:53:17.200,MO2508-C-7500,1.0,0.8,1.2
2025-08-08,2025-08-08 09:53:18.700,MO2508-C-7500,1.0,0.8,1.0
2025-08-08,2025-08-08 09:53:19.200,MO2508-C-7500,1.0,0.8,1.0
2025-08-08,2025-08-08 09:53:19.700,MO2508-C-7500,1.0,0.8,1.0
2025-08-08,2025-08-08 09:53:22.200,MO2508-C-7500,1.0,0.8,1.0
2025-08-08,2025-08-08 09:53:22.700,MO2508-C-7500,1.0,0.8,1.0
2025-08-08,2025-08-08 09:53:24.200,MO2508-C-7500,1.0,0.8,1.0
2025-08-08,2025-08-08 09:53:24.700,MO2508-C-7500,1.0,0.8,1.0
2025-08-08,2025-08-08 09:53:28.700,MO2508-C-7500,1.0,0.8,1.2
2025-08-08,2025-08-08 09:53:29.200,MO2508-C-7500,1.0,0.8,1.2
2025-08-08,2025-08-08 09:53:32.200,MO2508-C-7500,1.0,0.8,1.2
2025-08-08,2025-08-08 09:53:32.700,MO2508-C-7500,1.0,0.8,1.2
2025-08-08,2025-08-08 09:53:39.700,MO2508-C-7500,1.0,0.8,1.2
2025-08-08,2025-08-08 09:53:40.200,MO2508-C-7500,1.0,0.8,1.2
2025-08-08,2025-08-08 09:53:42.200,MO2508-C-7500,1.0,0.8,1.2
2025-08-08,2025-08-08 09:53:42.700,MO2508-C-7500,1.0,0.8,1.2
2025-08-08,2025-08-08 09:53:51.200,MO2508-C-7500,1.0,0.8,1.2
2025-08-08,2025-08-08 09:53:51.700,MO2508-C-7500,1.0,0.8,1.2
2025-08-08,2025-08-08 09:53:52.200,MO2508-C-7500,1.0,0.8,1.2
2025-08-08,2025-08-08 09:53:52.700,MO2508-C-7500,1.0,0.8,1.2
2025-08-08,2025-08-08 09:54:00.700,MO2508-C-7500,1.0,0.8,1.2
2025-08-08,2025-08-08 09:54:01.200,MO2508-C-7500,1.0,0.8,1.2
2025-08-08,2025-08-08 09:54:01.700,MO2508-C-7500,1.0,0.8,1.2
2025-08-08,2025-08-08 09:54:02.200,MO2508-C-7500,1.0,0.8,1.2
2025-08-08,2025-08-08 09:54:02.700,MO2508-C-7500,1.0,0.8,1.2
2025-08-08,2025-08-08 09:54:07.700,MO2508-C-7500,1.0,0.8,1.2
2025-08-08,2025-08-08 09:54:11.700,MO2508-C-7500,1.0,0.8,1.2
2025-08-08,2025-08-08 09:54:12.200,MO2508-C-7500,1.0,0.8,1.2
2025-08-08,2025-08-08 09:54:12.700,MO2508-C-7500,1.0,0.8,1.2
2025-08-08,2025-08-08 09:54:13.200,MO2508-C-7500,1.0,0.8,1.2
2025-08-08,2025-08-08 09:54:17.700,MO2508-C-7500,1.0,0.8,1.2
2025-08-08,2025-08-08 09:54:18.200,MO2508-C-7500,1.0,0.8,1.2
2025-08-08,2025-08-08 09:54:22.200,MO2508-C-7500,1.0,0.8,1.2
2025-08-08,2025-08-08 09:54:22.700,MO2508-C-7500,1.0,0.8,1.2
2025-08-08,2025-08-08 09:54:23.700,MO2508-C-7500,1.0,0.8,1.2
2025-08-08,2025-08-08 09:54:24.200,MO2508-C-7500,1.0,0.8,1.2
2025-08-08,2025-08-08 09:54:31.200,MO2508-C-7500,1.0,0.8,1.2
2025-08-08,2025-08-08 09:54:32.700,MO2508-C-7500,1.0,0.8,1.2
2025-08-08,2025-08-08 09:54:33.200,MO2508-C-7500,1.0,0.8,1.2
2025-08-08,2025-08-08 09:54:35.200,MO2508-C-7500,1.0,0.8,1.2
2025-08-08,2025-08-08 09:54:35.700,MO2508-C-7500,1.0,0.8,1.2
2025-08-08,2025-08-08 09:54:40.200,MO2508-C-7500,1.0,0.8,1.2
2025-08-08,2025-08-08 09:54:40.700,MO2508-C-7500,1.0,0.8,1.2
2025-08-08,2025-08-08 09:54:41.200,MO2508-C-7500,1.0,0.8,1.2
2025-08-08,2025-08-08 09:54:41.700,MO2508-C-7500,1.0,0.8,1.2
2025-08-08,2025-08-08 09:54:42.200,MO2508-C-7500,1.0,0.8,1.2
2025-08-08,2025-08-08 09:54:42.700,MO2508-C-7500,1.0,0.8,1.2
2025-08-08,2025-08-08 09:54:43.200,MO2508-C-7500,1.0,0.8,1.2
2025-08-08,2025-08-08 09:54:43.700,MO2508-C-7500,1.0,0.8,1.2
2025-08-08,2025-08-08 09:54:44.200,MO2508-C-7500,1.0,0.8,1.2
2025-08-08,2025-08-08 09:54:44.700,MO2508-C-7500,1.0,0.8,1.2
2025-08-08,2025-08-08 09:54:46.200,MO2508-C-7500,1.0,0.8,1.2
2025-08-08,2025-08-08 09:54:46.700,MO2508-C-7500,1.0,0.8,1.2
2025-08-08,2025-08-08 09:54:47.200,MO2508-C-7500,1.0,0.8,1.2
2025-08-08,2025-08-08 09:54:52.200,MO2508-C-7500,1.0,0.8,1.2
2025-08-08,2025-08-08 09:54:52.700,MO2508-C-7500,1.0,0.8,1.2
2025-08-08,2025-08-08 09:54:53.200,MO2508-C-7500,1.0,0.8,1.2
2025-08-08,2025-08-08 09:54:53.700,MO2508-C-7500,1.0,0.8,1.2
2025-08-08,2025-08-08 09:54:56.200,MO2508-C-7500,1.0,0.8,1.2
2025-08-08,2025-08-08 09:54:56.700,MO2508-C-7500,1.0,0.8,1.2
2025-08-08,2025-08-08 09:54:57.200,MO2508-C-7500,1.0,0.8,1.2
2025-08-08,2025-08-08 09:55:01.200,MO2508-C-7500,1.0,0.8,1.2
2025-08-08,2025-08-08 09:55:01.700,MO2508-C-7500,1.0,0.8,1.2
2025-08-08,2025-08-08 09:55:02.700,MO2508-C-7500,1.0,0.8,1.2
2025-08-08,2025-08-08 09:55:03.200,MO2508-C-7500,1.0,0.8,1.2
2025-08-08,2025-08-08 09:55:05.700,MO2508-C-7500,1.0,0.8,1.2
2025-08-08,2025-08-08 09:55:06.200,MO2508-C-7500,1.0,0.8,1.2
2025-08-08,2025-08-08 09:55:06.700,MO2508-C-7500,1.0,0.8,1.2
2025-08-08,2025-08-08 09:55:12.700,MO2508-C-7500,1.0,0.8,1.2
2025-08-08,2025-08-08 09:55:13.200,MO2508-C-7500,1.0,0.8,1.2
2025-08-08,2025-08-08 09:55:22.700,MO2508-C-7500,1.0,0.8,1.2
2025-08-08,2025-08-08 09:55:23.200,MO2508-C-7500,1.0,0.8,1.2
2025-08-08,2025-08-08 09:55:32.700,MO2508-C-7500,1.0,0.8,1.2
2025-08-08,2025-08-08 09:55:33.200,MO2508-C-7500,1.0,0.8,1.2
2025-08-08,2025-08-08 09:55:33.700,MO2508-C-7500,1.0,0.8,1.2
2025-08-08,2025-08-08 09:55:37.200,MO2508-C-7500,1.0,0.8,1.2
2025-08-08,2025-08-08 09:55:42.700,MO2508-C-7500,1.0,0.8,1.2
2025-08-08,2025-08-08 09:55:43.200,MO2508-C-7500,1.0,0.8,1.2
2025-08-08,2025-08-08 09:55:44.700,MO2508-C-7500,1.0,0.8,1.2
2025-08-08,2025-08-08 09:55:52.700,MO2508-C-7500,1.0,0.8,1.2
2025-08-08,2025-08-08 09:55:53.200,MO2508-C-7500,1.0,0.8,1.2
2025-08-08,2025-08-08 09:56:00.200,MO2508-C-7500,1.0,0.8,1.2
2025-08-08,2025-08-08 09:56:00.700,MO2508-C-7500,1.0,0.8,1.2
2025-08-08,2025-08-08 09:56:02.700,MO2508-C-7500,1.0,0.8,1.2
2025-08-08,2025-08-08 09:56:03.200,MO2508-C-7500,1.0,0.8,1.2
2025-08-08,2025-08-08 09:56:12.700,MO2508-C-7500,1.0,0.8,1.2
2025-08-08,2025-08-08 09:56:13.200,MO2508-C-7500,1.0,0.8,1.2
2025-08-08,2025-08-08 09:56:16.700,MO2508-C-7500,1.0,0.8,1.2
2025-08-08,2025-08-08 09:56:22.700,MO2508-C-7500,1.0,0.8,1.2
2025-08-08,2025-08-08 09:56:23.200,MO2508-C-7500,1.0,0.8,1.2
2025-08-08,2025-08-08 09:56:32.700,MO2508-C-7500,1.0,0.8,1.2
2025-08-08,2025-08-08 09:56:33.200,MO2508-C-7500,1.0,0.8,1.2
2025-08-08,2025-08-08 09:56:42.700,MO2508-C-7500,1.0,0.8,1.2
2025-08-08,2025-08-08 09:56:43.200,MO2508-C-7500,1.0,0.8,1.2
2025-08-08,2025-08-08 09:56:45.700,MO2508-C-7500,1.0,0.8,1.2
2025-08-08,2025-08-08 09:56:52.700,MO2508-C-7500,1.0,0.8,1.2
2025-08-08,2025-08-08 09:56:53.200,MO2508-C-7500,1.0,0.8,1.2
2025-08-08,2025-08-08 09:56:57.700,MO2508-C-7500,1.0,0.8,1.2
2025-08-08,2025-08-08 09:57:02.700,MO2508-C-7500,1.0,0.8,1.2
2025-08-08,2025-08-08 09:57:03.200,MO2508-C-7500,1.0,0.8,1.2
2025-08-08,2025-08-08 09:57:09.200,MO2508-C-7500,1.0,0.8,1.2
2025-08-08,2025-08-08 09:57:12.700,MO2508-C-7500,1.0,0.8,1.2
2025-08-08,2025-08-08 09:57:13.200,MO2508-C-7500,1.0,0.8,1.2
2025-08-08,2025-08-08 09:57:22.700,MO2508-C-7500,1.0,0.8,1.2
2025-08-08,2025-08-08 09:57:23.200,MO2508-C-7500,1.0,0.8,1.2
2025-08-08,2025-08-08 09:57:26.200,MO2508-C-7500,1.0,0.8,1.2
2025-08-08,2025-08-08 09:57:32.700,MO2508-C-7500,1.0,0.8,1.2
2025-08-08,2025-08-08 09:57:33.200,MO2508-C-7500,1.0,0.8,1.2
2025-08-08,2025-08-08 09:57:38.200,MO2508-C-7500,1.0,0.8,1.2
2025-08-08,2025-08-08 09:57:40.200,MO2508-C-7500,1.0,0.8,1.2
2025-08-08,2025-08-08 09:57:40.700,MO2508-C-7500,1.0,0.8,1.2
2025-08-08,2025-08-08 09:57:42.700,MO2508-C-7500,1.0,0.8,1.2
2025-08-08,2025-08-08 09:57:43.200,MO2508-C-7500,1.0,0.8,1.2
2025-08-08,2025-08-08 09:57:46.700,MO2508-C-7500,1.0,0.8,1.2
2025-08-08,2025-08-08 09:57:50.700,MO2508-C-7500,1.0,0.8,1.2
2025-08-08,2025-08-08 09:57:52.700,MO2508-C-7500,1.0,0.8,1.2
2025-08-08,2025-08-08 09:57:53.200,MO2508-C-7500,1.0,0.8,1.2
2025-08-08,2025-08-08 09:57:58.700,MO2508-C-7500,1.0,0.8,1.2
2025-08-08,2025-08-08 09:57:59.200,MO2508-C-7500,1.0,0.8,1.2
2025-08-08,2025-08-08 09:58:00.700,MO2508-C-7500,1.0,0.8,1.2
2025-08-08,2025-08-08 09:58:01.200,MO2508-C-7500,1.0,0.8,1.2
2025-08-08,2025-08-08 09:58:02.700,MO2508-C-7500,1.0,0.8,1.2
2025-08-08,2025-08-08 09:58:03.200,MO2508-C-7500,1.0,0.8,1.2
2025-08-08,2025-08-08 09:58:04.700,MO2508-C-7500,1.0,0.8,1.2
2025-08-08,2025-08-08 09:58:06.700,MO2508-C-7500,1.0,0.8,1.2
2025-08-08,2025-08-08 09:58:07.700,MO2508-C-7500,1.0,0.8,1.2
2025-08-08,2025-08-08 09:58:08.200,MO2508-C-7500,1.0,0.8,1.2
2025-08-08,2025-08-08 09:58:12.200,MO2508-C-7500,1.0,0.8,1.2
2025-08-08,2025-08-08 09:58:12.700,MO2508-C-7500,1.0,0.8,1.2
2025-08-08,2025-08-08 09:58:13.200,MO2508-C-7500,1.0,0.8,1.2
2025-08-08,2025-08-08 09:58:15.700,MO2508-C-7500,1.0,0.8,1.2
2025-08-08,2025-08-08 09:58:22.700,MO2508-C-7500,1.0,0.8,1.2
2025-08-08,2025-08-08 09:58:23.200,MO2508-C-7500,1.0,0.8,1.2
2025-08-08,2025-08-08 09:58:23.700,MO2508-C-7500,1.0,0.8,1.2
2025-08-08,2025-08-08 09:58:24.200,MO2508-C-7500,1.0,0.8,1.2
2025-08-08,2025-08-08 09:58:24.700,MO2508-C-7500,1.0,0.8,1.2
2025-08-08,2025-08-08 09:58:32.700,MO2508-C-7500,1.0,0.8,1.2
2025-08-08,2025-08-08 09:58:33.200,MO2508-C-7500,1.0,0.8,1.2
2025-08-08,2025-08-08 09:58:42.700,MO2508-C-7500,1.0,0.8,1.2
2025-08-08,2025-08-08 09:58:43.200,MO2508-C-7500,1.0,0.8,1.2
2025-08-08,2025-08-08 09:58:52.700,MO2508-C-7500,1.0,0.8,1.2
2025-08-08,2025-08-08 09:58:53.200,MO2508-C-7500,1.0,0.8,1.2
2025-08-08,2025-08-08 09:58:54.200,MO2508-C-7500,1.0,1.0,1.2
2025-08-08,2025-08-08 09:58:54.700,MO2508-C-7500,1.0,1.0,1.2
2025-08-08,2025-08-08 09:58:55.200,MO2508-C-7500,1.0,1.0,1.2
2025-08-08,2025-08-08 09:59:02.700,MO2508-C-7500,1.0,1.0,1.2
2025-08-08,2025-08-08 09:59:03.200,MO2508-C-7500,1.0,1.0,1.2
2025-08-08,2025-08-08 09:59:03.700,MO2508-C-7500,1.0,1.0,1.2
2025-08-08,2025-08-08 09:59:04.200,MO2508-C-7500,1.0,1.0,1.2
2025-08-08,2025-08-08 09:59:04.700,MO2508-C-7500,1.0,1.0,1.2
2025-08-08,2025-08-08 09:59:05.700,MO2508-C-7500,1.0,1.0,1.2
2025-08-08,2025-08-08 09:59:06.200,MO2508-C-7500,1.0,1.0,1.2
2025-08-08,2025-08-08 09:59:12.700,MO2508-C-7500,1.0,1.0,1.2
2025-08-08,2025-08-08 09:59:13.200,MO2508-C-7500,1.0,1.0,1.2
2025-08-08,2025-08-08 09:59:13.700,MO2508-C-7500,1.0,1.0,1.2
2025-08-08,2025-08-08 09:59:14.200,MO2508-C-7500,1.0,1.0,1.2
2025-08-08,2025-08-08 09:59:22.700,MO2508-C-7500,1.0,1.0,1.2
2025-08-08,2025-08-08 09:59:23.200,MO2508-C-7500,1.0,1.0,1.2
2025-08-08,2025-08-08 09:59:23.700,MO2508-C-7500,1.0,1.0,1.2
2025-08-08,2025-08-08 09:59:32.700,MO2508-C-7500,1.0,1.0,1.2
2025-08-08,2025-08-08 09:59:33.200,MO2508-C-7500,1.0,1.0,1.2
2025-08-08,2025-08-08 09:59:33.700,MO2508-C-7500,1.0,1.0,1.2
2025-08-08,2025-08-08 09:59:42.700,MO2508-C-7500,1.0,1.0,1.2
2025-08-08,2025-08-08 09:59:43.200,MO2508-C-7500,1.0,1.0,1.2
2025-08-08,2025-08-08 09:59:44.200,MO2508-C-7500,1.0,1.0,1.2
2025-08-08,2025-08-08 09:59:44.700,MO2508-C-7500,1.0,0.8,1.2
2025-08-08,2025-08-08 09:59:45.200,MO2508-C-7500,1.0,0.8,1.2
2025-08-08,2025-08-08 09:59:47.700,MO2508-C-7500,1.0,0.8,1.2
2025-08-08,2025-08-08 09:59:52.700,MO2508-C-7500,1.0,0.8,1.2
2025-08-08,2025-08-08 09:59:53.200,MO2508-C-7500,1.0,0.8,1.2
2025-08-08,2025-08-08 10:00:01.700,MO2508-C-7500,1.0,0.8,1.2
2025-08-08,2025-08-08 10:00:02.200,MO2508-C-7500,1.0,0.8,1.2
2025-08-08,2025-08-08 10:00:02.700,MO2508-C-7500,1.0,0.8,1.2
2025-08-08,2025-08-08 10:00:03.200,MO2508-C-7500,1.0,0.8,1.2
2025-08-08,2025-08-08 10:00:12.700,MO2508-C-7500,1.0,0.8,1.2
2025-08-08,2025-08-08 10:00:13.200,MO2508-C-7500,1.0,0.8,1.2
2025-08-08,2025-08-08 10:00:21.200,MO2508-C-7500,1.0,1.0,1.2
2025-08-08,2025-08-08 10:00:21.700,MO2508-C-7500,1.0,1.0,1.2
2025-08-08,2025-08-08 10:00:22.700,MO2508-C-7500,1.0,1.0,1.2
2025-08-08,2025-08-08 10:00:23.200,MO2508-C-7500,1.0,1.0,1.2
2025-08-08,2025-08-08 10:00:32.700,MO2508-C-7500,1.0,1.0,1.2
2025-08-08,2025-08-08 10:00:33.200,MO2508-C-7500,1.0,1.0,1.2
2025-08-08,2025-08-08 10:00:42.700,MO2508-C-7500,1.0,1.0,1.2
2025-08-08,2025-08-08 10:00:43.200,MO2508-C-7500,1.0,1.0,1.2
2025-08-08,2025-08-08 10:00:52.700,MO2508-C-7500,1.0,1.0,1.2
2025-08-08,2025-08-08 10:00:53.200,MO2508-C-7500,1.0,1.0,1.2
2025-08-08,2025-08-08 10:00:53.700,MO2508-C-7500,1.0,1.0,1.2
2025-08-08,2025-08-08 10:00:54.200,MO2508-C-7500,1.0,1.0,1.2
2025-08-08,2025-08-08 10:00:56.700,MO2508-C-7500,1.0,1.0,1.2
2025-08-08,2025-08-08 10:00:57.200,MO2508-C-7500,1.0,1.0,1.2
2025-08-08,2025-08-08 10:00:59.200,MO2508-C-7500,1.0,1.0,1.2
2025-08-08,2025-08-08 10:01:02.200,MO2508-C-7500,1.0,1.0,1.2
2025-08-08,2025-08-08 10:01:02.700,MO2508-C-7500,1.0,1.0,1.2
2025-08-08,2025-08-08 10:01:03.200,MO2508-C-7500,1.0,1.0,1.2
2025-08-08,2025-08-08 10:01:03.700,MO2508-C-7500,1.0,1.0,1.2
2025-08-08,2025-08-08 10:01:05.200,MO2508-C-7500,1.0,1.0,1.2
2025-08-08,2025-08-08 10:01:05.700,MO2508-C-7500,1.0,1.0,1.2
2025-08-08,2025-08-08 10:01:06.200,MO2508-C-7500,1.0,1.0,1.2
2025-08-08,2025-08-08 10:01:06.700,MO2508-C-7500,1.0,1.0,1.2
2025-08-08,2025-08-08 10:01:07.200,MO2508-C-7500,1.0,1.0,1.2
2025-08-08,2025-08-08 10:01:12.700,MO2508-C-7500,1.0,1.0,1.2
2025-08-08,2025-08-08 10:01:13.200,MO2508-C-7500,1.0,1.0,1.2
2025-08-08,2025-08-08 10:01:15.200,MO2508-C-7500,1.0,1.0,1.2
2025-08-08,2025-08-08 10:01:15.700,MO2508-C-7500,1.0,1.0,1.2
2025-08-08,2025-08-08 10:01:18.700,MO2508-C-7500,1.0,1.0,1.2
2025-08-08,2025-08-08 10:01:19.200,MO2508-C-7500,1.0,1.0,1.2
2025-08-08,2025-08-08 10:01:22.700,MO2508-C-7500,1.0,1.0,1.2
2025-08-08,2025-08-08 10:01:23.200,MO2508-C-7500,1.0,1.0,1.2
2025-08-08,2025-08-08 10:01:23.700,MO2508-C-7500,1.0,1.0,1.2
2025-08-08,2025-08-08 10:01:24.200,MO2508-C-7500,1.0,1.0,1.2
2025-08-08,2025-08-08 10:01:29.200,MO2508-C-7500,1.0,1.0,1.2
2025-08-08,2025-08-08 10:01:29.700,MO2508-C-7500,1.0,1.0,1.2
2025-08-08,2025-08-08 10:01:30.200,MO2508-C-7500,1.0,1.0,1.2
2025-08-08,2025-08-08 10:01:30.700,MO2508-C-7500,1.0,1.0,1.2
2025-08-08,2025-08-08 10:01:31.200,MO2508-C-7500,1.0,1.0,1.2
2025-08-08,2025-08-08 10:01:32.200,MO2508-C-7500,1.0,1.0,1.2
2025-08-08,2025-08-08 10:01:32.700,MO2508-C-7500,1.0,1.0,1.2
2025-08-08,2025-08-08 10:01:33.200,MO2508-C-7500,1.0,1.0,1.2
2025-08-08,2025-08-08 10:01:33.700,MO2508-C-7500,1.0,1.0,1.2
2025-08-08,2025-08-08 10:01:34.200,MO2508-C-7500,1.0,1.0,1.2
2025-08-08,2025-08-08 10:01:34.700,MO2508-C-7500,1.0,1.0,1.2
2025-08-08,2025-08-08 10:01:42.700,MO2508-C-7500,1.0,1.0,1.2
2025-08-08,2025-08-08 10:01:43.200,MO2508-C-7500,1.0,1.0,1.2
2025-08-08,2025-08-08 10:01:52.700,MO2508-C-7500,1.0,1.0,1.2
2025-08-08,2025-08-08 10:01:53.200,MO2508-C-7500,1.0,1.0,1.2
2025-08-08,2025-08-08 10:01:53.700,MO2508-C-7500,1.0,1.0,1.2
2025-08-08,2025-08-08 10:01:54.200,MO2508-C-7500,1.0,1.0,1.2
2025-08-08,2025-08-08 10:02:02.700,MO2508-C-7500,1.0,1.0,1.2
2025-08-08,2025-08-08 10:02:03.200,MO2508-C-7500,1.0,1.0,1.2
2025-08-08,2025-08-08 10:02:03.700,MO2508-C-7500,1.0,1.0,1.2
2025-08-08,2025-08-08 10:02:04.700,MO2508-C-7500,1.0,1.0,1.2
2025-08-08,2025-08-08 10:02:05.200,MO2508-C-7500,1.0,1.0,1.2
2025-08-08,2025-08-08 10:02:12.700,MO2508-C-7500,1.0,1.0,1.2
2025-08-08,2025-08-08 10:02:13.200,MO2508-C-7500,1.0,1.0,1.2
2025-08-08,2025-08-08 10:02:22.700,MO2508-C-7500,1.0,1.0,1.2
2025-08-08,2025-08-08 10:02:23.200,MO2508-C-7500,1.0,1.0,1.2
2025-08-08,2025-08-08 10:02:32.700,MO2508-C-7500,1.0,1.0,1.2
2025-08-08,2025-08-08 10:02:33.200,MO2508-C-7500,1.0,1.0,1.2
2025-08-08,2025-08-08 10:02:42.700,MO2508-C-7500,1.0,1.0,1.2
2025-08-08,2025-08-08 10:02:43.200,MO2508-C-7500,1.0,1.0,1.2
2025-08-08,2025-08-08 10:02:47.200,MO2508-C-7500,1.0,1.0,1.2
2025-08-08,2025-08-08 10:02:47.700,MO2508-C-7500,1.0,1.0,1.2
2025-08-08,2025-08-08 10:02:52.700,MO2508-C-7500,1.0,1.0,1.2
2025-08-08,2025-08-08 10:02:53.200,MO2508-C-7500,1.0,1.0,1.2
2025-08-08,2025-08-08 10:03:02.700,MO2508-C-7500,1.0,1.0,1.2
2025-08-08,2025-08-08 10:03:03.200,MO2508-C-7500,1.0,1.0,1.2
2025-08-08,2025-08-08 10:03:12.700,MO2508-C-7500,1.0,1.0,1.2
2025-08-08,2025-08-08 10:03:13.200,MO2508-C-7500,1.0,1.0,1.2
2025-08-08,2025-08-08 10:03:22.700,MO2508-C-7500,1.0,1.0,1.2
2025-08-08,2025-08-08 10:03:23.200,MO2508-C-7500,1.0,1.0,1.2
2025-08-08,2025-08-08 10:03:32.700,MO2508-C-7500,1.0,1.0,1.2
2025-08-08,2025-08-08 10:03:33.200,MO2508-C-7500,1.0,1.0,1.2
2025-08-08,2025-08-08 10:03:42.700,MO2508-C-7500,1.0,1.0,1.2
2025-08-08,2025-08-08 10:03:43.200,MO2508-C-7500,1.0,1.0,1.2
2025-08-08,2025-08-08 10:03:52.700,MO2508-C-7500,1.0,1.0,1.2
2025-08-08,2025-08-08 10:03:53.200,MO2508-C-7500,1.0,1.0,1.2
2025-08-08,2025-08-08 10:04:02.700,MO2508-C-7500,1.0,1.0,1.2
2025-08-08,2025-08-08 10:04:03.200,MO2508-C-7500,1.0,1.0,1.2
2025-08-08,2025-08-08 10:04:12.700,MO2508-C-7500,1.0,1.0,1.2
2025-08-08,2025-08-08 10:04:13.200,MO2508-C-7500,1.0,1.0,1.2
2025-08-08,2025-08-08 10:04:22.700,MO2508-C-7500,1.0,1.0,1.2
2025-08-08,2025-08-08 10:04:23.200,MO2508-C-7500,1.0,1.0,1.2
2025-08-08,2025-08-08 10:04:32.700,MO2508-C-7500,1.0,1.0,1.2
2025-08-08,2025-08-08 10:04:33.200,MO2508-C-7500,1.0,1.0,1.2
2025-08-08,2025-08-08 10:04:41.700,MO2508-C-7500,1.0,1.0,1.2
2025-08-08,2025-08-08 10:04:42.200,MO2508-C-7500,1.0,1.0,1.2
2025-08-08,2025-08-08 10:04:42.700,MO2508-C-7500,1.0,1.0,1.2
2025-08-08,2025-08-08 10:04:43.200,MO2508-C-7500,1.0,1.0,1.2
2025-08-08,2025-08-08 10:04:44.200,MO2508-C-7500,1.0,1.0,1.2
2025-08-08,2025-08-08 10:04:44.700,MO2508-C-7500,1.0,1.0,1.2
2025-08-08,2025-08-08 10:04:52.700,MO2508-C-7500,1.0,1.0,1.2
2025-08-08,2025-08-08 10:04:53.200,MO2508-C-7500,1.0,1.0,1.2
2025-08-08,2025-08-08 10:04:53.700,MO2508-C-7500,1.0,1.0,1.2
2025-08-08,2025-08-08 10:04:54.200,MO2508-C-7500,1.0,1.0,1.2
2025-08-08,2025-08-08 10:04:56.700,MO2508-C-7500,1.0,1.0,1.2
2025-08-08,2025-08-08 10:04:57.200,MO2508-C-7500,1.0,1.0,1.2
2025-08-08,2025-08-08 10:05:02.700,MO2508-C-7500,1.0,1.0,1.2
2025-08-08,2025-08-08 10:05:03.200,MO2508-C-7500,1.0,1.0,1.2
2025-08-08,2025-08-08 10:05:12.700,MO2508-C-7500,1.0,1.0,1.2
2025-08-08,2025-08-08 10:05:13.200,MO2508-C-7500,1.0,1.0,1.2
2025-08-08,2025-08-08 10:05:22.700,MO2508-C-7500,1.0,1.0,1.2
2025-08-08,2025-08-08 10:05:23.200,MO2508-C-7500,1.0,1.0,1.2
2025-08-08,2025-08-08 10:05:23.700,MO2508-C-7500,1.0,1.0,1.2
2025-08-08,2025-08-08 10:05:24.200,MO2508-C-7500,1.0,1.0,1.2
2025-08-08,2025-08-08 10:05:32.700,MO2508-C-7500,1.0,1.0,1.2
2025-08-08,2025-08-08 10:05:33.200,MO2508-C-7500,1.0,1.0,1.2
2025-08-08,2025-08-08 10:05:42.700,MO2508-C-7500,1.0,1.0,1.2
2025-08-08,2025-08-08 10:05:43.200,MO2508-C-7500,1.0,1.0,1.2
2025-08-08,2025-08-08 10:05:52.700,MO2508-C-7500,1.0,1.0,1.2
2025-08-08,2025-08-08 10:05:53.200,MO2508-C-7500,1.0,1.0,1.2
2025-08-08,2025-08-08 10:05:57.700,MO2508-C-7500,1.0,1.0,1.2
2025-08-08,2025-08-08 10:05:58.200,MO2508-C-7500,1.0,1.0,1.2
2025-08-08,2025-08-08 10:06:02.700,MO2508-C-7500,1.0,1.0,1.2
2025-08-08,2025-08-08 10:06:03.200,MO2508-C-7500,1.0,1.0,1.2
2025-08-08,2025-08-08 10:06:03.700,MO2508-C-7500,1.0,1.0,1.2
2025-08-08,2025-08-08 10:06:04.200,MO2508-C-7500,1.0,1.0,1.2
2025-08-08,2025-08-08 10:06:06.700,MO2508-C-7500,1.0,1.0,1.2
2025-08-08,2025-08-08 10:06:07.200,MO2508-C-7500,1.0,1.0,1.2
2025-08-08,2025-08-08 10:06:12.700,MO2508-C-7500,1.0,1.0,1.2
2025-08-08,2025-08-08 10:06:13.200,MO2508-C-7500,1.0,1.0,1.2
2025-08-08,2025-08-08 10:06:13.700,MO2508-C-7500,1.0,1.0,1.2
2025-08-08,2025-08-08 10:06:14.200,MO2508-C-7500,1.0,1.0,1.2
2025-08-08,2025-08-08 10:06:20.200,MO2508-C-7500,1.0,1.0,1.2
2025-08-08,2025-08-08 10:06:20.700,MO2508-C-7500,1.0,1.0,1.2
2025-08-08,2025-08-08 10:06:22.700,MO2508-C-7500,1.0,1.0,1.2
2025-08-08,2025-08-08 10:06:23.200,MO2508-C-7500,1.0,1.0,1.2
2025-08-08,2025-08-08 10:06:23.700,MO2508-C-7500,1.0,1.0,1.2
2025-08-08,2025-08-08 10:06:24.200,MO2508-C-7500,1.0,1.0,1.2
2025-08-08,2025-08-08 10:06:32.700,MO2508-C-7500,1.0,1.0,1.2
2025-08-08,2025-08-08 10:06:33.200,MO2508-C-7500,1.0,1.0,1.2
2025-08-08,2025-08-08 10:06:33.700,MO2508-C-7500,1.0,1.0,1.2
2025-08-08,2025-08-08 10:06:34.200,MO2508-C-7500,1.0,1.0,1.2
2025-08-08,2025-08-08 10:06:35.200,MO2508-C-7500,1.0,1.0,1.2
2025-08-08,2025-08-08 10:06:35.700,MO2508-C-7500,1.0,1.0,1.2
2025-08-08,2025-08-08 10:06:36.200,MO2508-C-7500,1.0,1.0,1.2
2025-08-08,2025-08-08 10:06:36.700,MO2508-C-7500,1.0,1.0,1.2
2025-08-08,2025-08-08 10:06:42.700,MO2508-C-7500,1.0,1.0,1.2
2025-08-08,2025-08-08 10:06:43.200,MO2508-C-7500,1.0,1.0,1.2
2025-08-08,2025-08-08 10:06:43.700,MO2508-C-7500,1.0,1.0,1.2
2025-08-08,2025-08-08 10:06:44.200,MO2508-C-7500,1.0,1.0,1.2
2025-08-08,2025-08-08 10:06:44.700,MO2508-C-7500,1.0,1.0,1.2
2025-08-08,2025-08-08 10:06:49.700,MO2508-C-7500,1.0,1.0,1.2
2025-08-08,2025-08-08 10:06:50.200,MO2508-C-7500,1.0,1.0,1.2
2025-08-08,2025-08-08 10:06:50.700,MO2508-C-7500,1.0,1.0,1.2
2025-08-08,2025-08-08 10:06:51.200,MO2508-C-7500,1.0,1.0,1.2
2025-08-08,2025-08-08 10:06:51.700,MO2508-C-7500,1.0,1.0,1.2
2025-08-08,2025-08-08 10:06:52.700,MO2508-C-7500,1.0,1.0,1.2
2025-08-08,2025-08-08 10:06:53.200,MO2508-C-7500,1.0,1.0,1.2
2025-08-08,2025-08-08 10:06:56.700,MO2508-C-7500,1.0,1.0,1.2
2025-08-08,2025-08-08 10:06:59.200,MO2508-C-7500,1.0,1.0,1.2
2025-08-08,2025-08-08 10:07:01.700,MO2508-C-7500,1.0,1.0,1.2
2025-08-08,2025-08-08 10:07:02.200,MO2508-C-7500,1.0,1.0,1.2
2025-08-08,2025-08-08 10:07:02.700,MO2508-C-7500,1.0,1.0,1.2
2025-08-08,2025-08-08 10:07:03.200,MO2508-C-7500,1.0,1.0,1.2
2025-08-08,2025-08-08 10:07:03.700,MO2508-C-7500,1.0,1.0,1.2
2025-08-08,2025-08-08 10:07:12.700,MO2508-C-7500,1.0,1.0,1.2
2025-08-08,2025-08-08 10:07:13.200,MO2508-C-7500,1.0,1.0,1.2
2025-08-08,2025-08-08 10:07:13.700,MO2508-C-7500,1.0,1.0,1.2
2025-08-08,2025-08-08 10:07:22.700,MO2508-C-7500,1.0,1.0,1.2
2025-08-08,2025-08-08 10:07:23.200,MO2508-C-7500,1.0,1.0,1.2
2025-08-08,2025-08-08 10:07:23.700,MO2508-C-7500,1.0,1.0,1.2
2025-08-08,2025-08-08 10:07:32.700,MO2508-C-7500,1.0,1.0,1.2
2025-08-08,2025-08-08 10:07:33.200,MO2508-C-7500,1.0,1.0,1.2
2025-08-08,2025-08-08 10:07:33.700,MO2508-C-7500,1.0,1.0,1.2
2025-08-08,2025-08-08 10:07:42.700,MO2508-C-7500,1.0,1.0,1.2
2025-08-08,2025-08-08 10:07:43.200,MO2508-C-7500,1.0,1.0,1.2
2025-08-08,2025-08-08 10:07:43.700,MO2508-C-7500,1.0,1.0,1.2
2025-08-08,2025-08-08 10:07:50.700,MO2508-C-7500,1.0,1.0,1.2
2025-08-08,2025-08-08 10:07:52.700,MO2508-C-7500,1.0,1.0,1.2
2025-08-08,2025-08-08 10:07:53.200,MO2508-C-7500,1.0,1.0,1.2
2025-08-08,2025-08-08 10:07:53.700,MO2508-C-7500,1.0,1.0,1.2
2025-08-08,2025-08-08 10:07:59.700,MO2508-C-7500,1.0,1.0,1.2
2025-08-08,2025-08-08 10:08:02.700,MO2508-C-7500,1.0,1.0,1.2
2025-08-08,2025-08-08 10:08:03.200,MO2508-C-7500,1.0,1.0,1.2
2025-08-08,2025-08-08 10:08:03.700,MO2508-C-7500,1.0,1.0,1.2
2025-08-08,2025-08-08 10:08:12.700,MO2508-C-7500,1.0,1.0,1.2
2025-08-08,2025-08-08 10:08:13.200,MO2508-C-7500,1.0,1.0,1.2
2025-08-08,2025-08-08 10:08:13.700,MO2508-C-7500,1.0,1.0,1.2
2025-08-08,2025-08-08 10:08:22.700,MO2508-C-7500,1.0,1.0,1.2
2025-08-08,2025-08-08 10:08:23.200,MO2508-C-7500,1.0,1.0,1.2
2025-08-08,2025-08-08 10:08:23.700,MO2508-C-7500,1.0,1.0,1.2
2025-08-08,2025-08-08 10:08:25.200,MO2508-C-7500,1.0,1.0,1.2
2025-08-08,2025-08-08 10:08:25.700,MO2508-C-7500,1.0,1.0,1.2
2025-08-08,2025-08-08 10:08:26.200,MO2508-C-7500,1.0,1.0,1.2
2025-08-08,2025-08-08 10:08:26.700,MO2508-C-7500,1.0,1.0,1.2
2025-08-08,2025-08-08 10:08:30.200,MO2508-C-7500,1.0,1.0,1.2
2025-08-08,2025-08-08 10:08:30.700,MO2508-C-7500,1.0,1.0,1.2
2025-08-08,2025-08-08 10:08:32.700,MO2508-C-7500,1.0,1.0,1.2
2025-08-08,2025-08-08 10:08:33.200,MO2508-C-7500,1.0,1.0,1.2
2025-08-08,2025-08-08 10:08:33.700,MO2508-C-7500,1.0,1.0,1.2
2025-08-08,2025-08-08 10:08:42.700,MO2508-C-7500,1.0,1.0,1.2
2025-08-08,2025-08-08 10:08:43.200,MO2508-C-7500,1.0,1.0,1.2
2025-08-08,2025-08-08 10:08:43.700,MO2508-C-7500,1.0,1.0,1.2
2025-08-08,2025-08-08 10:08:52.700,MO2508-C-7500,1.0,1.0,1.2
2025-08-08,2025-08-08 10:08:53.200,MO2508-C-7500,1.0,1.0,1.2
2025-08-08,2025-08-08 10:08:53.700,MO2508-C-7500,1.0,1.0,1.2
2025-08-08,2025-08-08 10:09:02.700,MO2508-C-7500,1.0,1.0,1.2
2025-08-08,2025-08-08 10:09:03.200,MO2508-C-7500,1.0,1.0,1.2
2025-08-08,2025-08-08 10:09:03.700,MO2508-C-7500,1.0,1.0,1.2
2025-08-08,2025-08-08 10:09:12.700,MO2508-C-7500,1.0,1.0,1.2
2025-08-08,2025-08-08 10:09:13.200,MO2508-C-7500,1.0,1.0,1.2
2025-08-08,2025-08-08 10:09:13.700,MO2508-C-7500,1.0,1.0,1.2
2025-08-08,2025-08-08 10:09:14.200,MO2508-C-7500,1.0,1.0,1.2
2025-08-08,2025-08-08 10:09:14.700,MO2508-C-7500,1.0,1.0,1.2
2025-08-08,2025-08-08 10:09:19.200,MO2508-C-7500,1.0,1.0,1.2
2025-08-08,2025-08-08 10:09:20.700,MO2508-C-7500,1.0,1.0,1.2
2025-08-08,2025-08-08 10:09:21.200,MO2508-C-7500,1.0,1.0,1.2
2025-08-08,2025-08-08 10:09:22.700,MO2508-C-7500,1.0,1.0,1.2
2025-08-08,2025-08-08 10:09:23.200,MO2508-C-7500,1.0,1.0,1.2
2025-08-08,2025-08-08 10:09:25.700,MO2508-C-7500,1.0,1.0,1.2
2025-08-08,2025-08-08 10:09:32.700,MO2508-C-7500,1.0,1.0,1.2
2025-08-08,2025-08-08 10:09:33.200,MO2508-C-7500,1.0,1.0,1.2
2025-08-08,2025-08-08 10:09:42.700,MO2508-C-7500,1.0,1.0,1.2
2025-08-08,2025-08-08 10:09:43.200,MO2508-C-7500,1.0,1.0,1.2
2025-08-08,2025-08-08 10:09:52.700,MO2508-C-7500,1.0,1.0,1.2
2025-08-08,2025-08-08 10:09:53.200,MO2508-C-7500,1.0,1.0,1.2
2025-08-08,2025-08-08 10:10:02.700,MO2508-C-7500,1.0,1.0,1.2
2025-08-08,2025-08-08 10:10:03.200,MO2508-C-7500,1.0,1.0,1.2
2025-08-08,2025-08-08 10:10:07.200,MO2508-C-7500,1.0,1.0,1.2
2025-08-08,2025-08-08 10:10:07.700,MO2508-C-7500,1.0,1.0,1.2
2025-08-08,2025-08-08 10:10:12.700,MO2508-C-7500,1.0,1.0,1.2
2025-08-08,2025-08-08 10:10:13.200,MO2508-C-7500,1.0,1.0,1.2
2025-08-08,2025-08-08 10:10:19.700,MO2508-C-7500,1.0,0.8,1.2
2025-08-08,2025-08-08 10:10:20.200,MO2508-C-7500,1.0,0.8,1.2
2025-08-08,2025-08-08 10:10:20.700,MO2508-C-7500,1.0,0.8,1.2
2025-08-08,2025-08-08 10:10:22.700,MO2508-C-7500,1.0,0.8,1.2
2025-08-08,2025-08-08 10:10:23.200,MO2508-C-7500,1.0,0.8,1.2
2025-08-08,2025-08-08 10:10:30.700,MO2508-C-7500,1.0,0.8,1.2
2025-08-08,2025-08-08 10:10:31.200,MO2508-C-7500,1.0,0.8,1.2
2025-08-08,2025-08-08 10:10:32.700,MO2508-C-7500,1.0,0.8,1.2
2025-08-08,2025-08-08 10:10:33.200,MO2508-C-7500,1.0,0.8,1.2
2025-08-08,2025-08-08 10:10:35.200,MO2508-C-7500,1.0,0.8,1.2
2025-08-08,2025-08-08 10:10:42.200,MO2508-C-7500,1.0,0.8,1.2
2025-08-08,2025-08-08 10:10:42.700,MO2508-C-7500,1.0,0.8,1.2
2025-08-08,2025-08-08 10:10:43.200,MO2508-C-7500,1.0,0.8,1.2
2025-08-08,2025-08-08 10:10:52.700,MO2508-C-7500,1.0,0.8,1.2
2025-08-08,2025-08-08 10:10:53.200,MO2508-C-7500,1.0,0.8,1.2
2025-08-08,2025-08-08 10:10:54.700,MO2508-C-7500,1.0,0.8,1.2
2025-08-08,2025-08-08 10:10:58.700,MO2508-C-7500,1.0,0.8,1.2
2025-08-08,2025-08-08 10:11:02.700,MO2508-C-7500,1.0,0.8,1.2
2025-08-08,2025-08-08 10:11:03.200,MO2508-C-7500,1.0,0.8,1.2
2025-08-08,2025-08-08 10:11:12.700,MO2508-C-7500,1.0,0.8,1.2
2025-08-08,2025-08-08 10:11:13.200,MO2508-C-7500,1.0,0.8,1.2
2025-08-08,2025-08-08 10:11:22.700,MO2508-C-7500,1.0,0.8,1.2
2025-08-08,2025-08-08 10:11:23.200,MO2508-C-7500,1.0,0.8,1.2
2025-08-08,2025-08-08 10:11:25.700,MO2508-C-7500,1.0,0.8,1.2
2025-08-08,2025-08-08 10:11:32.700,MO2508-C-7500,1.0,0.8,1.2
2025-08-08,2025-08-08 10:11:33.200,MO2508-C-7500,1.0,0.8,1.2
2025-08-08,2025-08-08 10:11:39.200,MO2508-C-7500,1.0,0.8,1.2
2025-08-08,2025-08-08 10:11:42.700,MO2508-C-7500,1.0,0.8,1.2
2025-08-08,2025-08-08 10:11:43.200,MO2508-C-7500,1.0,0.8,1.2
2025-08-08,2025-08-08 10:11:44.200,MO2508-C-7500,1.0,0.8,1.2
2025-08-08,2025-08-08 10:11:45.200,MO2508-C-7500,1.0,0.8,1.2
2025-08-08,2025-08-08 10:11:52.700,MO2508-C-7500,1.0,0.8,1.2
2025-08-08,2025-08-08 10:11:53.200,MO2508-C-7500,1.0,0.8,1.2
2025-08-08,2025-08-08 10:12:02.700,MO2508-C-7500,1.0,0.8,1.2
2025-08-08,2025-08-08 10:12:03.200,MO2508-C-7500,1.0,0.8,1.2
2025-08-08,2025-08-08 10:12:07.700,MO2508-C-7500,1.0,0.8,1.2
2025-08-08,2025-08-08 10:12:08.200,MO2508-C-7500,1.0,0.8,1.2
2025-08-08,2025-08-08 10:12:12.700,MO2508-C-7500,1.0,0.8,1.2
2025-08-08,2025-08-08 10:12:13.200,MO2508-C-7500,1.0,0.8,1.2
2025-08-08,2025-08-08 10:12:16.700,MO2508-C-7500,1.0,0.8,1.2
2025-08-08,2025-08-08 10:12:17.200,MO2508-C-7500,1.0,0.8,1.2
2025-08-08,2025-08-08 10:12:22.700,MO2508-C-7500,1.0,0.8,1.2
2025-08-08,2025-08-08 10:12:23.200,MO2508-C-7500,1.0,0.8,1.2
2025-08-08,2025-08-08 10:12:32.700,MO2508-C-7500,1.0,0.8,1.2
2025-08-08,2025-08-08 10:12:33.200,MO2508-C-7500,1.0,0.8,1.2
2025-08-08,2025-08-08 10:12:41.200,MO2508-C-7500,1.0,0.8,1.2
2025-08-08,2025-08-08 10:12:42.700,MO2508-C-7500,1.0,0.8,1.2
2025-08-08,2025-08-08 10:12:43.200,MO2508-C-7500,1.0,0.8,1.2
2025-08-08,2025-08-08 10:12:50.200,MO2508-C-7500,1.0,0.8,1.2
2025-08-08,2025-08-08 10:12:52.700,MO2508-C-7500,1.0,0.8,1.2
2025-08-08,2025-08-08 10:12:53.200,MO2508-C-7500,1.0,0.8,1.2
2025-08-08,2025-08-08 10:13:02.700,MO2508-C-7500,1.0,0.8,1.2
2025-08-08,2025-08-08 10:13:03.200,MO2508-C-7500,1.0,0.8,1.2
2025-08-08,2025-08-08 10:13:08.700,MO2508-C-7500,1.2,0.8,1.2
2025-08-08,2025-08-08 10:13:09.200,MO2508-C-7500,1.2,0.8,1.2
2025-08-08,2025-08-08 10:13:12.700,MO2508-C-7500,1.2,0.8,1.2
2025-08-08,2025-08-08 10:13:13.200,MO2508-C-7500,1.2,0.8,1.2
2025-08-08,2025-08-08 10:13:22.700,MO2508-C-7500,1.2,0.8,1.2
2025-08-08,2025-08-08 10:13:23.200,MO2508-C-7500,1.2,0.8,1.2
2025-08-08,2025-08-08 10:13:31.200,MO2508-C-7500,1.2,0.8,1.2
2025-08-08,2025-08-08 10:13:32.700,MO2508-C-7500,1.2,0.8,1.2
2025-08-08,2025-08-08 10:13:33.200,MO2508-C-7500,1.2,0.8,1.2
2025-08-08,2025-08-08 10:13:34.200,MO2508-C-7500,1.2,0.8,1.2
2025-08-08,2025-08-08 10:13:41.200,MO2508-C-7500,1.2,0.8,1.2
2025-08-08,2025-08-08 10:13:42.200,MO2508-C-7500,1.2,0.8,1.2
2025-08-08,2025-08-08 10:13:42.700,MO2508-C-7500,1.2,0.8,1.2
2025-08-08,2025-08-08 10:13:43.200,MO2508-C-7500,1.2,0.8,1.2
2025-08-08,2025-08-08 10:13:51.700,MO2508-C-7500,1.2,0.8,1.2
2025-08-08,2025-08-08 10:13:52.700,MO2508-C-7500,1.2,0.8,1.2
2025-08-08,2025-08-08 10:13:53.200,MO2508-C-7500,1.2,0.8,1.2
2025-08-08,2025-08-08 10:14:02.700,MO2508-C-7500,1.2,0.8,1.2
2025-08-08,2025-08-08 10:14:03.200,MO2508-C-7500,1.2,0.8,1.2
2025-08-08,2025-08-08 10:14:12.700,MO2508-C-7500,1.2,0.8,1.2
2025-08-08,2025-08-08 10:14:13.200,MO2508-C-7500,1.2,0.8,1.2
2025-08-08,2025-08-08 10:14:22.700,MO2508-C-7500,1.2,0.8,1.2
2025-08-08,2025-08-08 10:14:23.200,MO2508-C-7500,1.2,0.8,1.2
2025-08-08,2025-08-08 10:14:23.700,MO2508-C-7500,1.2,0.8,1.2
2025-08-08,2025-08-08 10:14:24.200,MO2508-C-7500,1.2,0.8,1.2
2025-08-08,2025-08-08 10:14:32.700,MO2508-C-7500,1.2,0.8,1.2
2025-08-08,2025-08-08 10:14:33.200,MO2508-C-7500,1.2,0.8,1.2
2025-08-08,2025-08-08 10:14:42.700,MO2508-C-7500,1.2,0.8,1.2
2025-08-08,2025-08-08 10:14:43.200,MO2508-C-7500,1.2,0.8,1.2
2025-08-08,2025-08-08 10:14:52.700,MO2508-C-7500,1.2,0.8,1.2
2025-08-08,2025-08-08 10:14:53.200,MO2508-C-7500,1.2,0.8,1.2
2025-08-08,2025-08-08 10:15:02.700,MO2508-C-7500,1.2,0.8,1.2
2025-08-08,2025-08-08 10:15:03.200,MO2508-C-7500,1.2,0.8,1.2
2025-08-08,2025-08-08 10:15:06.200,MO2508-C-7500,1.2,0.8,1.2
2025-08-08,2025-08-08 10:15:06.700,MO2508-C-7500,1.2,0.8,1.2
2025-08-08,2025-08-08 10:15:09.700,MO2508-C-7500,1.2,0.8,1.2
2025-08-08,2025-08-08 10:15:10.200,MO2508-C-7500,1.2,0.8,1.2
2025-08-08,2025-08-08 10:15:11.200,MO2508-C-7500,1.2,0.8,1.2
2025-08-08,2025-08-08 10:15:11.700,MO2508-C-7500,1.2,0.8,1.2
2025-08-08,2025-08-08 10:15:12.200,MO2508-C-7500,1.2,0.8,1.2
2025-08-08,2025-08-08 10:15:12.700,MO2508-C-7500,1.2,0.8,1.2
2025-08-08,2025-08-08 10:15:13.200,MO2508-C-7500,1.2,0.8,1.2
2025-08-08,2025-08-08 10:15:17.700,MO2508-C-7500,1.2,0.8,1.2
2025-08-08,2025-08-08 10:15:18.200,MO2508-C-7500,1.2,0.8,1.2
2025-08-08,2025-08-08 10:15:22.700,MO2508-C-7500,1.2,0.8,1.2
2025-08-08,2025-08-08 10:15:23.200,MO2508-C-7500,1.2,0.8,1.2
2025-08-08,2025-08-08 10:15:32.700,MO2508-C-7500,1.2,0.8,1.2
2025-08-08,2025-08-08 10:15:33.200,MO2508-C-7500,1.2,0.8,1.2
2025-08-08,2025-08-08 10:15:34.200,MO2508-C-7500,1.2,0.8,1.2
2025-08-08,2025-08-08 10:15:41.200,MO2508-C-7500,1.2,0.8,1.2
2025-08-08,2025-08-08 10:15:42.700,MO2508-C-7500,1.2,0.8,1.2
2025-08-08,2025-08-08 10:15:43.200,MO2508-C-7500,1.2,0.8,1.2
2025-08-08,2025-08-08 10:15:44.700,MO2508-C-7500,1.2,0.8,1.2
2025-08-08,2025-08-08 10:15:52.200,MO2508-C-7500,1.2,0.8,1.2
2025-08-08,2025-08-08 10:15:52.700,MO2508-C-7500,1.2,0.8,1.2
2025-08-08,2025-08-08 10:15:53.200,MO2508-C-7500,1.2,0.8,1.2
2025-08-08,2025-08-08 10:15:56.200,MO2508-C-7500,1.2,0.8,1.2
2025-08-08,2025-08-08 10:15:56.700,MO2508-C-7500,1.2,0.8,1.2
2025-08-08,2025-08-08 10:16:00.700,MO2508-C-7500,1.2,0.8,1.2
2025-08-08,2025-08-08 10:16:01.200,MO2508-C-7500,1.2,0.8,1.2
2025-08-08,2025-08-08 10:16:01.700,MO2508-C-7500,1.2,0.8,1.2
2025-08-08,2025-08-08 10:16:02.700,MO2508-C-7500,1.2,0.8,1.2
2025-08-08,2025-08-08 10:16:03.200,MO2508-C-7500,1.2,0.8,1.2
2025-08-08,2025-08-08 10:16:06.700,MO2508-C-7500,1.2,0.8,1.2
2025-08-08,2025-08-08 10:16:07.700,MO2508-C-7500,1.2,0.8,1.2
2025-08-08,2025-08-08 10:16:08.200,MO2508-C-7500,1.2,0.8,1.2
2025-08-08,2025-08-08 10:16:09.700,MO2508-C-7500,1.2,0.8,1.2
2025-08-08,2025-08-08 10:16:10.200,MO2508-C-7500,1.2,0.8,1.2
2025-08-08,2025-08-08 10:16:10.700,MO2508-C-7500,1.2,0.8,1.2
2025-08-08,2025-08-08 10:16:11.200,MO2508-C-7500,1.2,0.8,1.2
2025-08-08,2025-08-08 10:16:12.700,MO2508-C-7500,1.2,0.8,1.2
2025-08-08,2025-08-08 10:16:13.200,MO2508-C-7500,1.2,0.8,1.2
2025-08-08,2025-08-08 10:16:22.700,MO2508-C-7500,1.2,0.8,1.2
2025-08-08,2025-08-08 10:16:23.200,MO2508-C-7500,1.2,0.8,1.2
2025-08-08,2025-08-08 10:16:23.700,MO2508-C-7500,1.2,0.8,1.2
2025-08-08,2025-08-08 10:16:24.200,MO2508-C-7500,1.2,0.8,1.2
2025-08-08,2025-08-08 10:16:29.700,MO2508-C-7500,1.2,0.8,1.2
2025-08-08,2025-08-08 10:16:32.700,MO2508-C-7500,1.2,0.8,1.2
2025-08-08,2025-08-08 10:16:33.200,MO2508-C-7500,1.2,0.8,1.2
2025-08-08,2025-08-08 10:16:42.700,MO2508-C-7500,1.2,0.8,1.2
2025-08-08,2025-08-08 10:16:43.200,MO2508-C-7500,1.2,0.8,1.2
2025-08-08,2025-08-08 10:16:46.200,MO2508-C-7500,1.2,0.8,1.2
2025-08-08,2025-08-08 10:16:46.700,MO2508-C-7500,1.2,0.8,1.2
2025-08-08,2025-08-08 10:16:48.200,MO2508-C-7500,1.2,0.8,1.2
2025-08-08,2025-08-08 10:16:48.700,MO2508-C-7500,1.2,0.8,1.2
2025-08-08,2025-08-08 10:16:52.700,MO2508-C-7500,1.2,0.8,1.2
2025-08-08,2025-08-08 10:16:53.200,MO2508-C-7500,1.2,0.8,1.2
2025-08-08,2025-08-08 10:16:56.200,MO2508-C-7500,1.2,0.8,1.2
2025-08-08,2025-08-08 10:16:57.200,MO2508-C-7500,1.2,0.8,1.2
2025-08-08,2025-08-08 10:16:57.700,MO2508-C-7500,1.2,0.8,1.2
2025-08-08,2025-08-08 10:16:58.200,MO2508-C-7500,1.2,0.8,1.2
2025-08-08,2025-08-08 10:16:58.700,MO2508-C-7500,1.2,0.8,1.2
2025-08-08,2025-08-08 10:17:00.700,MO2508-C-7500,1.2,0.8,1.2
2025-08-08,2025-08-08 10:17:01.200,MO2508-C-7500,1.2,0.8,1.2
2025-08-08,2025-08-08 10:17:02.700,MO2508-C-7500,1.2,0.8,1.2
2025-08-08,2025-08-08 10:17:03.200,MO2508-C-7500,1.2,0.8,1.2
2025-08-08,2025-08-08 10:17:06.700,MO2508-C-7500,1.2,0.8,1.2
2025-08-08,2025-08-08 10:17:07.200,MO2508-C-7500,1.2,0.8,1.2
2025-08-08,2025-08-08 10:17:08.200,MO2508-C-7500,1.2,0.8,1.2
2025-08-08,2025-08-08 10:17:12.200,MO2508-C-7500,1.2,0.8,1.2
2025-08-08,2025-08-08 10:17:12.700,MO2508-C-7500,1.2,0.8,1.2
2025-08-08,2025-08-08 10:17:13.200,MO2508-C-7500,1.2,0.8,1.2
2025-08-08,2025-08-08 10:17:22.700,MO2508-C-7500,1.2,0.8,1.2
2025-08-08,2025-08-08 10:17:23.200,MO2508-C-7500,1.2,0.8,1.2
2025-08-08,2025-08-08 10:17:23.700,MO2508-C-7500,1.2,0.8,1.2
2025-08-08,2025-08-08 10:17:24.200,MO2508-C-7500,1.2,0.8,1.2
2025-08-08,2025-08-08 10:17:32.700,MO2508-C-7500,1.2,0.8,1.2
2025-08-08,2025-08-08 10:17:33.200,MO2508-C-7500,1.2,0.8,1.2
2025-08-08,2025-08-08 10:17:35.200,MO2508-C-7500,1.2,0.8,1.2
2025-08-08,2025-08-08 10:17:35.700,MO2508-C-7500,1.2,0.8,1.2
2025-08-08,2025-08-08 10:17:36.700,MO2508-C-7500,1.2,0.8,1.2
2025-08-08,2025-08-08 10:17:38.700,MO2508-C-7500,1.2,0.8,1.2
2025-08-08,2025-08-08 10:17:42.700,MO2508-C-7500,1.2,0.8,1.2
2025-08-08,2025-08-08 10:17:43.200,MO2508-C-7500,1.2,0.8,1.2
2025-08-08,2025-08-08 10:17:52.700,MO2508-C-7500,1.2,0.8,1.2
2025-08-08,2025-08-08 10:17:53.200,MO2508-C-7500,1.2,0.8,1.2
2025-08-08,2025-08-08 10:18:02.700,MO2508-C-7500,1.2,0.8,1.2
2025-08-08,2025-08-08 10:18:03.200,MO2508-C-7500,1.2,0.8,1.2
2025-08-08,2025-08-08 10:18:12.700,MO2508-C-7500,1.2,0.8,1.2
2025-08-08,2025-08-08 10:18:13.200,MO2508-C-7500,1.2,0.8,1.2
2025-08-08,2025-08-08 10:18:15.200,MO2508-C-7500,1.2,0.8,1.2
2025-08-08,2025-08-08 10:18:16.700,MO2508-C-7500,1.2,0.8,1.2
2025-08-08,2025-08-08 10:18:22.700,MO2508-C-7500,1.2,0.8,1.2
2025-08-08,2025-08-08 10:18:23.200,MO2508-C-7500,1.2,0.8,1.2
2025-08-08,2025-08-08 10:18:24.200,MO2508-C-7500,1.2,0.8,1.2
2025-08-08,2025-08-08 10:18:24.700,MO2508-C-7500,1.2,0.8,1.2
2025-08-08,2025-08-08 10:18:29.700,MO2508-C-7500,1.2,0.8,1.2
2025-08-08,2025-08-08 10:18:32.700,MO2508-C-7500,1.2,0.8,1.2
2025-08-08,2025-08-08 10:18:33.200,MO2508-C-7500,1.2,0.8,1.2
2025-08-08,2025-08-08 10:18:34.200,MO2508-C-7500,1.2,0.8,1.2
2025-08-08,2025-08-08 10:18:35.700,MO2508-C-7500,1.2,0.8,1.2
2025-08-08,2025-08-08 10:18:42.700,MO2508-C-7500,1.2,0.8,1.2
2025-08-08,2025-08-08 10:18:43.200,MO2508-C-7500,1.2,0.8,1.2
2025-08-08,2025-08-08 10:18:52.700,MO2508-C-7500,1.2,0.8,1.2
2025-08-08,2025-08-08 10:18:53.200,MO2508-C-7500,1.2,0.8,1.2
2025-08-08,2025-08-08 10:19:02.700,MO2508-C-7500,1.2,0.8,1.2
2025-08-08,2025-08-08 10:19:03.200,MO2508-C-7500,1.2,0.8,1.2
2025-08-08,2025-08-08 10:19:09.200,MO2508-C-7500,1.2,0.8,1.2
2025-08-08,2025-08-08 10:19:12.700,MO2508-C-7500,1.2,0.8,1.2
2025-08-08,2025-08-08 10:19:13.200,MO2508-C-7500,1.2,0.8,1.2
2025-08-08,2025-08-08 10:19:22.700,MO2508-C-7500,1.2,0.8,1.2
2025-08-08,2025-08-08 10:19:23.200,MO2508-C-7500,1.2,0.8,1.2
2025-08-08,2025-08-08 10:19:32.700,MO2508-C-7500,1.2,0.8,1.2
2025-08-08,2025-08-08 10:19:33.200,MO2508-C-7500,1.2,0.8,1.2
2025-08-08,2025-08-08 10:19:37.200,MO2508-C-7500,1.2,0.8,1.2
2025-08-08,2025-08-08 10:19:38.200,MO2508-C-7500,1.2,0.8,1.2
2025-08-08,2025-08-08 10:19:38.700,MO2508-C-7500,1.2,0.8,1.2
2025-08-08,2025-08-08 10:19:39.700,MO2508-C-7500,1.2,0.8,1.2
2025-08-08,2025-08-08 10:19:40.700,MO2508-C-7500,1.2,0.8,1.2
2025-08-08,2025-08-08 10:19:41.200,MO2508-C-7500,1.2,0.8,1.2
2025-08-08,2025-08-08 10:19:42.700,MO2508-C-7500,1.2,0.8,1.2
2025-08-08,2025-08-08 10:19:43.200,MO2508-C-7500,1.2,0.8,1.2
2025-08-08,2025-08-08 10:19:51.700,MO2508-C-7500,1.2,0.8,1.2
2025-08-08,2025-08-08 10:19:52.200,MO2508-C-7500,1.2,0.8,1.2
2025-08-08,2025-08-08 10:19:52.700,MO2508-C-7500,1.2,0.8,1.2
2025-08-08,2025-08-08 10:19:53.200,MO2508-C-7500,1.2,0.8,1.2
2025-08-08,2025-08-08 10:19:55.700,MO2508-C-7500,1.2,0.8,1.2
2025-08-08,2025-08-08 10:19:56.200,MO2508-C-7500,1.2,0.8,1.2
2025-08-08,2025-08-08 10:20:00.700,MO2508-C-7500,1.2,0.8,1.2
2025-08-08,2025-08-08 10:20:01.200,MO2508-C-7500,1.2,0.8,1.2
2025-08-08,2025-08-08 10:20:02.700,MO2508-C-7500,1.2,0.8,1.2
2025-08-08,2025-08-08 10:20:03.200,MO2508-C-7500,1.2,0.8,1.2
2025-08-08,2025-08-08 10:20:12.200,MO2508-C-7500,1.2,0.8,1.2
2025-08-08,2025-08-08 10:20:12.700,MO2508-C-7500,1.2,0.8,1.2
2025-08-08,2025-08-08 10:20:13.200,MO2508-C-7500,1.2,0.8,1.2
2025-08-08,2025-08-08 10:20:17.700,MO2508-C-7500,1.2,0.8,1.2
2025-08-08,2025-08-08 10:20:19.700,MO2508-C-7500,1.2,0.8,1.2
2025-08-08,2025-08-08 10:20:20.200,MO2508-C-7500,1.2,0.8,1.2
2025-08-08,2025-08-08 10:20:22.700,MO2508-C-7500,1.2,0.8,1.2
2025-08-08,2025-08-08 10:20:23.200,MO2508-C-7500,1.2,0.8,1.2
2025-08-08,2025-08-08 10:20:26.700,MO2508-C-7500,1.2,0.8,1.2
2025-08-08,2025-08-08 10:20:27.200,MO2508-C-7500,1.2,0.8,1.2
2025-08-08,2025-08-08 10:20:28.200,MO2508-C-7500,1.2,0.8,1.2
2025-08-08,2025-08-08 10:20:28.700,MO2508-C-7500,1.2,0.8,1.2
2025-08-08,2025-08-08 10:20:32.700,MO2508-C-7500,1.2,0.8,1.2
2025-08-08,2025-08-08 10:20:33.200,MO2508-C-7500,1.2,0.8,1.2
2025-08-08,2025-08-08 10:20:42.200,MO2508-C-7500,1.2,0.8,1.2
2025-08-08,2025-08-08 10:20:42.700,MO2508-C-7500,1.2,0.8,1.2
2025-08-08,2025-08-08 10:20:43.200,MO2508-C-7500,1.2,0.8,1.2
2025-08-08,2025-08-08 10:20:45.700,MO2508-C-7500,1.2,0.8,1.2
2025-08-08,2025-08-08 10:20:46.200,MO2508-C-7500,1.2,0.8,1.2
2025-08-08,2025-08-08 10:20:46.700,MO2508-C-7500,1.2,0.8,1.2
2025-08-08,2025-08-08 10:20:52.700,MO2508-C-7500,1.2,0.8,1.2
2025-08-08,2025-08-08 10:20:53.200,MO2508-C-7500,1.2,0.8,1.2
2025-08-08,2025-08-08 10:20:57.700,MO2508-C-7500,1.2,0.8,1.2
2025-08-08,2025-08-08 10:20:58.200,MO2508-C-7500,1.2,0.8,1.2
2025-08-08,2025-08-08 10:20:58.700,MO2508-C-7500,1.2,0.8,1.2
2025-08-08,2025-08-08 10:21:01.200,MO2508-C-7500,1.2,0.8,1.2
2025-08-08,2025-08-08 10:21:02.700,MO2508-C-7500,1.2,0.8,1.2
2025-08-08,2025-08-08 10:21:03.200,MO2508-C-7500,1.2,0.8,1.2
2025-08-08,2025-08-08 10:21:04.700,MO2508-C-7500,1.2,0.8,1.2
2025-08-08,2025-08-08 10:21:05.200,MO2508-C-7500,1.2,0.8,1.2
2025-08-08,2025-08-08 10:21:05.700,MO2508-C-7500,1.2,0.8,1.2
2025-08-08,2025-08-08 10:21:12.700,MO2508-C-7500,1.2,0.8,1.2
2025-08-08,2025-08-08 10:21:13.200,MO2508-C-7500,1.2,0.8,1.2
2025-08-08,2025-08-08 10:21:22.700,MO2508-C-7500,1.2,0.8,1.2
2025-08-08,2025-08-08 10:21:23.200,MO2508-C-7500,1.2,0.8,1.2
2025-08-08,2025-08-08 10:21:32.700,MO2508-C-7500,1.2,0.8,1.2
2025-08-08,2025-08-08 10:21:33.200,MO2508-C-7500,1.2,0.8,1.2
2025-08-08,2025-08-08 10:21:39.200,MO2508-C-7500,1.2,0.8,1.2
2025-08-08,2025-08-08 10:21:40.200,MO2508-C-7500,1.2,0.8,1.2
2025-08-08,2025-08-08 10:21:40.700,MO2508-C-7500,1.2,0.8,1.2
2025-08-08,2025-08-08 10:21:42.700,MO2508-C-7500,1.2,0.8,1.2
2025-08-08,2025-08-08 10:21:43.200,MO2508-C-7500,1.2,0.8,1.2
2025-08-08,2025-08-08 10:21:48.200,MO2508-C-7500,1.2,0.8,1.2
2025-08-08,2025-08-08 10:21:52.700,MO2508-C-7500,1.2,0.8,1.2
2025-08-08,2025-08-08 10:21:53.200,MO2508-C-7500,1.2,0.8,1.2
2025-08-08,2025-08-08 10:21:59.700,MO2508-C-7500,1.2,0.8,1.2
2025-08-08,2025-08-08 10:22:02.700,MO2508-C-7500,1.2,0.8,1.2
2025-08-08,2025-08-08 10:22:03.200,MO2508-C-7500,1.2,0.8,1.2
2025-08-08,2025-08-08 10:22:12.700,MO2508-C-7500,1.2,0.8,1.2
2025-08-08,2025-08-08 10:22:13.200,MO2508-C-7500,1.2,0.8,1.2
2025-08-08,2025-08-08 10:22:19.200,MO2508-C-7500,1.2,0.8,1.2
2025-08-08,2025-08-08 10:22:22.700,MO2508-C-7500,1.2,0.8,1.2
2025-08-08,2025-08-08 10:22:23.200,MO2508-C-7500,1.2,0.8,1.2
2025-08-08,2025-08-08 10:22:24.700,MO2508-C-7500,1.2,0.8,1.2
2025-08-08,2025-08-08 10:22:25.200,MO2508-C-7500,1.2,0.8,1.2
2025-08-08,2025-08-08 10:22:28.700,MO2508-C-7500,1.2,0.8,1.2
2025-08-08,2025-08-08 10:22:32.700,MO2508-C-7500,1.2,0.8,1.2
2025-08-08,2025-08-08 10:22:33.200,MO2508-C-7500,1.2,0.8,1.2
2025-08-08,2025-08-08 10:22:34.200,MO2508-C-7500,1.2,0.8,1.2
2025-08-08,2025-08-08 10:22:35.200,MO2508-C-7500,1.2,0.8,1.2
2025-08-08,2025-08-08 10:22:42.700,MO2508-C-7500,1.2,0.8,1.2
2025-08-08,2025-08-08 10:22:43.200,MO2508-C-7500,1.2,0.8,1.2
2025-08-08,2025-08-08 10:22:52.200,MO2508-C-7500,1.2,0.8,1.2
2025-08-08,2025-08-08 10:22:52.700,MO2508-C-7500,1.2,0.8,1.2
2025-08-08,2025-08-08 10:22:53.200,MO2508-C-7500,1.2,0.8,1.2
2025-08-08,2025-08-08 10:23:02.700,MO2508-C-7500,1.2,0.8,1.2
2025-08-08,2025-08-08 10:23:03.200,MO2508-C-7500,1.2,0.8,1.2
2025-08-08,2025-08-08 10:23:12.700,MO2508-C-7500,1.2,0.8,1.2
2025-08-08,2025-08-08 10:23:13.200,MO2508-C-7500,1.2,0.8,1.2
2025-08-08,2025-08-08 10:23:15.700,MO2508-C-7500,1.2,0.8,1.2
2025-08-08,2025-08-08 10:23:22.700,MO2508-C-7500,1.2,0.8,1.2
2025-08-08,2025-08-08 10:23:23.200,MO2508-C-7500,1.2,0.8,1.2
2025-08-08,2025-08-08 10:23:24.200,MO2508-C-7500,1.2,0.8,1.2
2025-08-08,2025-08-08 10:23:29.700,MO2508-C-7500,1.2,0.8,1.2
2025-08-08,2025-08-08 10:23:30.200,MO2508-C-7500,1.2,0.8,1.2
2025-08-08,2025-08-08 10:23:32.700,MO2508-C-7500,1.2,0.8,1.2
2025-08-08,2025-08-08 10:23:33.200,MO2508-C-7500,1.2,0.8,1.2
2025-08-08,2025-08-08 10:23:33.700,MO2508-C-7500,1.2,0.8,1.2
2025-08-08,2025-08-08 10:23:34.200,MO2508-C-7500,1.2,0.8,1.2
2025-08-08,2025-08-08 10:23:34.700,MO2508-C-7500,1.2,0.8,1.2
2025-08-08,2025-08-08 10:23:35.200,MO2508-C-7500,1.2,0.8,1.2
2025-08-08,2025-08-08 10:23:42.700,MO2508-C-7500,1.2,0.8,1.2
2025-08-08,2025-08-08 10:23:43.200,MO2508-C-7500,1.2,0.8,1.2
2025-08-08,2025-08-08 10:23:45.200,MO2508-C-7500,1.2,0.8,1.2
2025-08-08,2025-08-08 10:23:45.700,MO2508-C-7500,1.2,0.8,1.2
2025-08-08,2025-08-08 10:23:46.200,MO2508-C-7500,1.2,0.8,1.2
2025-08-08,2025-08-08 10:23:46.700,MO2508-C-7500,1.2,0.8,1.2
2025-08-08,2025-08-08 10:23:52.700,MO2508-C-7500,1.2,0.8,1.2
2025-08-08,2025-08-08 10:23:53.200,MO2508-C-7500,1.2,0.8,1.2
2025-08-08,2025-08-08 10:24:02.700,MO2508-C-7500,1.2,0.8,1.2
2025-08-08,2025-08-08 10:24:03.200,MO2508-C-7500,1.2,0.8,1.2
2025-08-08,2025-08-08 10:24:03.700,MO2508-C-7500,1.2,0.8,1.2
2025-08-08,2025-08-08 10:24:06.200,MO2508-C-7500,1.2,0.8,1.2
2025-08-08,2025-08-08 10:24:09.700,MO2508-C-7500,1.2,0.8,1.2
2025-08-08,2025-08-08 10:24:12.700,MO2508-C-7500,1.2,0.8,1.2
2025-08-08,2025-08-08 10:24:13.200,MO2508-C-7500,1.2,0.8,1.2
2025-08-08,2025-08-08 10:24:15.700,MO2508-C-7500,1.2,0.8,1.2
2025-08-08,2025-08-08 10:24:22.700,MO2508-C-7500,1.2,0.8,1.2
2025-08-08,2025-08-08 10:24:23.200,MO2508-C-7500,1.2,0.8,1.2
2025-08-08,2025-08-08 10:24:32.700,MO2508-C-7500,1.2,0.8,1.2
2025-08-08,2025-08-08 10:24:33.200,MO2508-C-7500,1.2,0.8,1.2
2025-08-08,2025-08-08 10:24:36.200,MO2508-C-7500,1.2,0.8,1.2
2025-08-08,2025-08-08 10:24:42.700,MO2508-C-7500,1.2,0.8,1.2
2025-08-08,2025-08-08 10:24:43.200,MO2508-C-7500,1.2,0.8,1.2
2025-08-08,2025-08-08 10:24:52.700,MO2508-C-7500,1.2,0.8,1.2
2025-08-08,2025-08-08 10:24:53.200,MO2508-C-7500,1.2,0.8,1.2
2025-08-08,2025-08-08 10:24:56.200,MO2508-C-7500,1.2,0.8,1.2
2025-08-08,2025-08-08 10:24:56.700,MO2508-C-7500,1.2,0.8,1.2
2025-08-08,2025-08-08 10:25:00.700,MO2508-C-7500,1.2,0.8,1.2
2025-08-08,2025-08-08 10:25:01.200,MO2508-C-7500,1.2,0.8,1.2
2025-08-08,2025-08-08 10:25:02.700,MO2508-C-7500,1.2,0.8,1.2
2025-08-08,2025-08-08 10:25:03.200,MO2508-C-7500,1.2,0.8,1.2
2025-08-08,2025-08-08 10:25:12.700,MO2508-C-7500,1.2,0.8,1.2
2025-08-08,2025-08-08 10:25:13.200,MO2508-C-7500,1.2,0.8,1.2
2025-08-08,2025-08-08 10:25:22.700,MO2508-C-7500,1.2,0.8,1.2
2025-08-08,2025-08-08 10:25:23.200,MO2508-C-7500,1.2,0.8,1.2
2025-08-08,2025-08-08 10:25:23.700,MO2508-C-7500,1.2,0.8,1.2
2025-08-08,2025-08-08 10:25:26.200,MO2508-C-7500,1.2,0.8,1.2
2025-08-08,2025-08-08 10:25:32.700,MO2508-C-7500,1.2,0.8,1.2
2025-08-08,2025-08-08 10:25:33.200,MO2508-C-7500,1.2,0.8,1.2
2025-08-08,2025-08-08 10:25:34.200,MO2508-C-7500,1.2,0.8,1.2
2025-08-08,2025-08-08 10:25:34.700,MO2508-C-7500,1.2,0.8,1.2
2025-08-08,2025-08-08 10:25:35.200,MO2508-C-7500,1.2,0.8,1.2
2025-08-08,2025-08-08 10:25:35.700,MO2508-C-7500,1.2,0.8,1.2
2025-08-08,2025-08-08 10:25:37.700,MO2508-C-7500,1.2,0.8,1.2
2025-08-08,2025-08-08 10:25:38.700,MO2508-C-7500,1.2,0.8,1.2
2025-08-08,2025-08-08 10:25:42.700,MO2508-C-7500,1.2,0.8,1.2
2025-08-08,2025-08-08 10:25:43.200,MO2508-C-7500,1.2,0.8,1.2
2025-08-08,2025-08-08 10:25:46.200,MO2508-C-7500,1.2,0.8,1.2
2025-08-08,2025-08-08 10:25:46.700,MO2508-C-7500,1.2,0.8,1.2
2025-08-08,2025-08-08 10:25:49.200,MO2508-C-7500,1.2,0.8,1.2
2025-08-08,2025-08-08 10:25:52.700,MO2508-C-7500,1.2,0.8,1.2
2025-08-08,2025-08-08 10:25:53.200,MO2508-C-7500,1.2,0.8,1.2
2025-08-08,2025-08-08 10:25:56.700,MO2508-C-7500,1.2,0.8,1.2
2025-08-08,2025-08-08 10:26:02.700,MO2508-C-7500,1.2,0.8,1.2
2025-08-08,2025-08-08 10:26:03.200,MO2508-C-7500,1.2,0.8,1.2
2025-08-08,2025-08-08 10:26:09.700,MO2508-C-7500,1.2,0.8,1.2
2025-08-08,2025-08-08 10:26:10.200,MO2508-C-7500,1.2,0.8,1.2
2025-08-08,2025-08-08 10:26:10.700,MO2508-C-7500,1.2,0.8,1.2
2025-08-08,2025-08-08 10:26:11.700,MO2508-C-7500,1.2,0.8,1.2
2025-08-08,2025-08-08 10:26:12.200,MO2508-C-7500,1.2,0.8,1.2
2025-08-08,2025-08-08 10:26:12.700,MO2508-C-7500,1.2,0.8,1.2
2025-08-08,2025-08-08 10:26:13.200,MO2508-C-7500,1.2,0.8,1.2
2025-08-08,2025-08-08 10:26:22.700,MO2508-C-7500,1.2,0.8,1.2
2025-08-08,2025-08-08 10:26:23.200,MO2508-C-7500,1.2,0.8,1.2
2025-08-08,2025-08-08 10:26:23.700,MO2508-C-7500,1.2,0.8,1.2
2025-08-08,2025-08-08 10:26:32.700,MO2508-C-7500,1.2,0.8,1.2
2025-08-08,2025-08-08 10:26:33.200,MO2508-C-7500,1.2,0.8,1.2
2025-08-08,2025-08-08 10:26:42.700,MO2508-C-7500,1.2,0.8,1.2
2025-08-08,2025-08-08 10:26:43.200,MO2508-C-7500,1.2,0.8,1.2
2025-08-08,2025-08-08 10:26:46.700,MO2508-C-7500,1.2,0.8,1.2
2025-08-08,2025-08-08 10:26:48.200,MO2508-C-7500,1.2,0.8,1.2
2025-08-08,2025-08-08 10:26:52.700,MO2508-C-7500,1.2,0.8,1.2
2025-08-08,2025-08-08 10:26:53.200,MO2508-C-7500,1.2,0.8,1.2
2025-08-08,2025-08-08 10:27:02.200,MO2508-C-7500,1.2,0.8,1.2
2025-08-08,2025-08-08 10:27:02.700,MO2508-C-7500,1.2,0.8,1.2
2025-08-08,2025-08-08 10:27:03.200,MO2508-C-7500,1.2,0.8,1.2
2025-08-08,2025-08-08 10:27:09.200,MO2508-C-7500,1.2,0.8,1.2
2025-08-08,2025-08-08 10:27:09.700,MO2508-C-7500,1.2,0.8,1.2
2025-08-08,2025-08-08 10:27:10.700,MO2508-C-7500,1.2,0.8,1.2
2025-08-08,2025-08-08 10:27:12.200,MO2508-C-7500,1.2,0.8,1.2
2025-08-08,2025-08-08 10:27:12.700,MO2508-C-7500,1.2,0.8,1.2
2025-08-08,2025-08-08 10:27:13.200,MO2508-C-7500,1.2,0.8,1.2
2025-08-08,2025-08-08 10:27:22.700,MO2508-C-7500,1.2,0.8,1.2
2025-08-08,2025-08-08 10:27:23.200,MO2508-C-7500,1.2,0.8,1.2
2025-08-08,2025-08-08 10:27:24.200,MO2508-C-7500,1.2,0.8,1.2
2025-08-08,2025-08-08 10:27:24.700,MO2508-C-7500,1.2,0.8,1.2
2025-08-08,2025-08-08 10:27:25.700,MO2508-C-7500,1.2,0.8,1.2
2025-08-08,2025-08-08 10:27:27.200,MO2508-C-7500,1.2,0.8,1.2
2025-08-08,2025-08-08 10:27:30.700,MO2508-C-7500,1.2,0.8,1.2
2025-08-08,2025-08-08 10:27:31.700,MO2508-C-7500,1.2,0.8,1.2
2025-08-08,2025-08-08 10:27:32.700,MO2508-C-7500,1.2,0.8,1.2
2025-08-08,2025-08-08 10:27:33.200,MO2508-C-7500,1.2,0.8,1.2
2025-08-08,2025-08-08 10:27:33.700,MO2508-C-7500,1.2,0.8,1.2
2025-08-08,2025-08-08 10:27:34.200,MO2508-C-7500,1.2,0.8,1.2
2025-08-08,2025-08-08 10:27:34.700,MO2508-C-7500,1.2,0.8,1.2
2025-08-08,2025-08-08 10:27:36.200,MO2508-C-7500,1.2,0.8,1.2
2025-08-08,2025-08-08 10:27:41.200,MO2508-C-7500,1.2,0.8,1.2
2025-08-08,2025-08-08 10:27:42.700,MO2508-C-7500,1.2,0.8,1.2
2025-08-08,2025-08-08 10:27:43.200,MO2508-C-7500,1.2,0.8,1.2
2025-08-08,2025-08-08 10:27:52.700,MO2508-C-7500,1.2,0.8,1.2
2025-08-08,2025-08-08 10:27:53.200,MO2508-C-7500,1.2,0.8,1.2
2025-08-08,2025-08-08 10:28:02.700,MO2508-C-7500,1.2,0.8,1.2
2025-08-08,2025-08-08 10:28:03.200,MO2508-C-7500,1.2,0.8,1.2
2025-08-08,2025-08-08 10:28:03.700,MO2508-C-7500,1.2,0.8,1.2
2025-08-08,2025-08-08 10:28:04.200,MO2508-C-7500,1.2,0.8,1.2
2025-08-08,2025-08-08 10:28:04.700,MO2508-C-7500,1.2,0.8,1.2
2025-08-08,2025-08-08 10:28:05.700,MO2508-C-7500,1.2,0.8,1.2
2025-08-08,2025-08-08 10:28:11.200,MO2508-C-7500,1.2,0.8,1.2
2025-08-08,2025-08-08 10:28:12.700,MO2508-C-7500,1.2,0.8,1.2
2025-08-08,2025-08-08 10:28:13.200,MO2508-C-7500,1.2,0.8,1.2
2025-08-08,2025-08-08 10:28:22.700,MO2508-C-7500,1.2,0.8,1.2
2025-08-08,2025-08-08 10:28:23.200,MO2508-C-7500,1.2,0.8,1.2
2025-08-08,2025-08-08 10:28:23.700,MO2508-C-7500,1.2,0.8,1.2
2025-08-08,2025-08-08 10:28:30.700,MO2508-C-7500,1.2,0.8,1.2
2025-08-08,2025-08-08 10:28:31.700,MO2508-C-7500,1.2,0.8,1.2
2025-08-08,2025-08-08 10:28:32.200,MO2508-C-7500,1.2,0.8,1.2
2025-08-08,2025-08-08 10:28:32.700,MO2508-C-7500,1.2,0.8,1.2
2025-08-08,2025-08-08 10:28:33.200,MO2508-C-7500,1.2,0.8,1.2
2025-08-08,2025-08-08 10:28:34.200,MO2508-C-7500,1.2,0.8,1.2
2025-08-08,2025-08-08 10:28:34.700,MO2508-C-7500,1.2,0.8,1.2
2025-08-08,2025-08-08 10:28:35.700,MO2508-C-7500,1.2,0.8,1.2
2025-08-08,2025-08-08 10:28:37.700,MO2508-C-7500,1.2,0.8,1.2
2025-08-08,2025-08-08 10:28:38.200,MO2508-C-7500,1.2,0.8,1.2
2025-08-08,2025-08-08 10:28:42.700,MO2508-C-7500,1.2,0.8,1.2
2025-08-08,2025-08-08 10:28:43.200,MO2508-C-7500,1.2,0.8,1.2
2025-08-08,2025-08-08 10:28:52.700,MO2508-C-7500,1.2,0.8,1.2
2025-08-08,2025-08-08 10:28:53.200,MO2508-C-7500,1.2,0.8,1.2
2025-08-08,2025-08-08 10:29:02.700,MO2508-C-7500,1.2,0.8,1.2
2025-08-08,2025-08-08 10:29:03.200,MO2508-C-7500,1.2,0.8,1.2
2025-08-08,2025-08-08 10:29:04.200,MO2508-C-7500,1.2,0.8,1.2
2025-08-08,2025-08-08 10:29:12.700,MO2508-C-7500,1.2,0.8,1.2
2025-08-08,2025-08-08 10:29:13.200,MO2508-C-7500,1.2,0.8,1.2
2025-08-08,2025-08-08 10:29:15.200,MO2508-C-7500,1.2,1.0,1.2
2025-08-08,2025-08-08 10:29:15.700,MO2508-C-7500,1.2,1.0,1.2
2025-08-08,2025-08-08 10:29:16.200,MO2508-C-7500,1.2,1.0,1.2
2025-08-08,2025-08-08 10:29:18.700,MO2508-C-7500,1.2,1.0,1.2
2025-08-08,2025-08-08 10:29:19.200,MO2508-C-7500,1.2,1.0,1.2
2025-08-08,2025-08-08 10:29:22.700,MO2508-C-7500,1.2,1.0,1.2
2025-08-08,2025-08-08 10:29:23.200,MO2508-C-7500,1.2,1.0,1.2
2025-08-08,2025-08-08 10:29:32.700,MO2508-C-7500,1.2,1.0,1.2
2025-08-08,2025-08-08 10:29:33.200,MO2508-C-7500,1.2,1.0,1.2
2025-08-08,2025-08-08 10:29:42.700,MO2508-C-7500,1.2,1.0,1.2
2025-08-08,2025-08-08 10:29:43.200,MO2508-C-7500,1.2,1.0,1.2
2025-08-08,2025-08-08 10:29:46.200,MO2508-C-7500,1.2,1.0,1.2
2025-08-08,2025-08-08 10:29:52.700,MO2508-C-7500,1.2,1.0,1.2
2025-08-08,2025-08-08 10:29:53.200,MO2508-C-7500,1.2,1.0,1.2
2025-08-08,2025-08-08 10:29:56.200,MO2508-C-7500,1.2,1.0,1.2
2025-08-08,2025-08-08 10:30:02.200,MO2508-C-7500,1.2,1.0,1.2
2025-08-08,2025-08-08 10:30:02.700,MO2508-C-7500,1.2,1.0,1.2
2025-08-08,2025-08-08 10:30:03.200,MO2508-C-7500,1.2,1.0,1.2
2025-08-08,2025-08-08 10:30:12.700,MO2508-C-7500,1.2,1.0,1.2
2025-08-08,2025-08-08 10:30:13.200,MO2508-C-7500,1.2,1.0,1.2
2025-08-08,2025-08-08 10:30:22.700,MO2508-C-7500,1.2,1.0,1.2
2025-08-08,2025-08-08 10:30:23.200,MO2508-C-7500,1.2,1.0,1.2
2025-08-08,2025-08-08 10:30:30.700,MO2508-C-7500,1.2,1.0,1.2
2025-08-08,2025-08-08 10:30:32.700,MO2508-C-7500,1.2,1.0,1.2
2025-08-08,2025-08-08 10:30:33.200,MO2508-C-7500,1.2,1.0,1.2
2025-08-08,2025-08-08 10:30:34.200,MO2508-C-7500,1.2,1.0,1.2
2025-08-08,2025-08-08 10:30:42.700,MO2508-C-7500,1.2,1.0,1.2
2025-08-08,2025-08-08 10:30:43.200,MO2508-C-7500,1.2,1.0,1.2
2025-08-08,2025-08-08 10:30:52.700,MO2508-C-7500,1.2,1.0,1.2
2025-08-08,2025-08-08 10:30:53.200,MO2508-C-7500,1.2,1.0,1.2
2025-08-08,2025-08-08 10:31:02.700,MO2508-C-7500,1.2,1.0,1.2
2025-08-08,2025-08-08 10:31:03.200,MO2508-C-7500,1.2,1.0,1.2
2025-08-08,2025-08-08 10:31:12.700,MO2508-C-7500,1.2,1.0,1.2
2025-08-08,2025-08-08 10:31:13.200,MO2508-C-7500,1.2,1.0,1.2
2025-08-08,2025-08-08 10:31:22.700,MO2508-C-7500,1.2,1.0,1.2
2025-08-08,2025-08-08 10:31:23.200,MO2508-C-7500,1.2,1.0,1.2
2025-08-08,2025-08-08 10:31:32.700,MO2508-C-7500,1.2,1.0,1.2
2025-08-08,2025-08-08 10:31:33.200,MO2508-C-7500,1.2,1.0,1.2
2025-08-08,2025-08-08 10:31:42.700,MO2508-C-7500,1.2,1.0,1.2
2025-08-08,2025-08-08 10:31:43.200,MO2508-C-7500,1.2,1.0,1.2
2025-08-08,2025-08-08 10:31:52.700,MO2508-C-7500,1.2,1.0,1.2
2025-08-08,2025-08-08 10:31:53.200,MO2508-C-7500,1.2,1.0,1.2
2025-08-08,2025-08-08 10:32:02.700,MO2508-C-7500,1.2,1.0,1.2
2025-08-08,2025-08-08 10:32:03.200,MO2508-C-7500,1.2,1.0,1.2
2025-08-08,2025-08-08 10:32:06.700,MO2508-C-7500,1.2,1.0,1.2
2025-08-08,2025-08-08 10:32:12.700,MO2508-C-7500,1.2,1.0,1.2
2025-08-08,2025-08-08 10:32:13.200,MO2508-C-7500,1.2,1.0,1.2
2025-08-08,2025-08-08 10:32:22.700,MO2508-C-7500,1.2,1.0,1.2
2025-08-08,2025-08-08 10:32:23.200,MO2508-C-7500,1.2,1.0,1.2
2025-08-08,2025-08-08 10:32:30.700,MO2508-C-7500,1.2,1.0,1.2
2025-08-08,2025-08-08 10:32:32.700,MO2508-C-7500,1.2,1.0,1.2
2025-08-08,2025-08-08 10:32:33.200,MO2508-C-7500,1.2,1.0,1.2
2025-08-08,2025-08-08 10:32:42.700,MO2508-C-7500,1.2,1.0,1.2
2025-08-08,2025-08-08 10:32:43.200,MO2508-C-7500,1.2,1.0,1.2
2025-08-08,2025-08-08 10:32:52.700,MO2508-C-7500,1.2,1.0,1.2
2025-08-08,2025-08-08 10:32:53.200,MO2508-C-7500,1.2,1.0,1.2
2025-08-08,2025-08-08 10:33:02.700,MO2508-C-7500,1.2,1.0,1.2
2025-08-08,2025-08-08 10:33:03.200,MO2508-C-7500,1.2,1.0,1.2
2025-08-08,2025-08-08 10:33:12.700,MO2508-C-7500,1.2,1.0,1.2
2025-08-08,2025-08-08 10:33:13.200,MO2508-C-7500,1.2,1.0,1.2
2025-08-08,2025-08-08 10:33:22.700,MO2508-C-7500,1.2,1.0,1.2
2025-08-08,2025-08-08 10:33:23.200,MO2508-C-7500,1.2,1.0,1.2
2025-08-08,2025-08-08 10:33:32.700,MO2508-C-7500,1.2,1.0,1.2
2025-08-08,2025-08-08 10:33:33.200,MO2508-C-7500,1.2,1.0,1.2
2025-08-08,2025-08-08 10:33:42.700,MO2508-C-7500,1.2,1.0,1.2
2025-08-08,2025-08-08 10:33:43.200,MO2508-C-7500,1.2,1.0,1.2
2025-08-08,2025-08-08 10:33:51.700,MO2508-C-7500,1.2,1.0,1.2
2025-08-08,2025-08-08 10:33:52.200,MO2508-C-7500,1.2,1.0,1.2
2025-08-08,2025-08-08 10:33:52.700,MO2508-C-7500,1.2,1.0,1.2
2025-08-08,2025-08-08 10:33:53.200,MO2508-C-7500,1.2,1.0,1.2
2025-08-08,2025-08-08 10:34:02.700,MO2508-C-7500,1.2,1.0,1.2
2025-08-08,2025-08-08 10:34:03.200,MO2508-C-7500,1.2,1.0,1.2
2025-08-08,2025-08-08 10:34:04.200,MO2508-C-7500,1.2,1.0,1.2
2025-08-08,2025-08-08 10:34:12.700,MO2508-C-7500,1.2,1.0,1.2
2025-08-08,2025-08-08 10:34:13.200,MO2508-C-7500,1.2,1.0,1.2
2025-08-08,2025-08-08 10:34:22.700,MO2508-C-7500,1.2,1.0,1.2
2025-08-08,2025-08-08 10:34:23.200,MO2508-C-7500,1.2,1.0,1.2
2025-08-08,2025-08-08 10:34:23.700,MO2508-C-7500,1.2,1.0,1.2
2025-08-08,2025-08-08 10:34:32.700,MO2508-C-7500,1.2,1.0,1.2
2025-08-08,2025-08-08 10:34:33.200,MO2508-C-7500,1.2,1.0,1.2
2025-08-08,2025-08-08 10:34:42.700,MO2508-C-7500,1.2,1.0,1.2
2025-08-08,2025-08-08 10:34:43.200,MO2508-C-7500,1.2,1.0,1.2
2025-08-08,2025-08-08 10:34:52.700,MO2508-C-7500,1.2,1.0,1.2
2025-08-08,2025-08-08 10:34:53.200,MO2508-C-7500,1.2,1.0,1.2
2025-08-08,2025-08-08 10:35:02.700,MO2508-C-7500,1.2,1.0,1.2
2025-08-08,2025-08-08 10:35:03.200,MO2508-C-7500,1.2,1.0,1.2
2025-08-08,2025-08-08 10:35:12.700,MO2508-C-7500,1.2,1.0,1.2
2025-08-08,2025-08-08 10:35:13.200,MO2508-C-7500,1.2,1.0,1.2
2025-08-08,2025-08-08 10:35:22.700,MO2508-C-7500,1.2,1.0,1.2
2025-08-08,2025-08-08 10:35:23.200,MO2508-C-7500,1.2,1.0,1.2
2025-08-08,2025-08-08 10:35:32.700,MO2508-C-7500,1.2,1.0,1.2
2025-08-08,2025-08-08 10:35:33.200,MO2508-C-7500,1.2,1.0,1.2
2025-08-08,2025-08-08 10:35:42.700,MO2508-C-7500,1.2,1.0,1.2
2025-08-08,2025-08-08 10:35:43.200,MO2508-C-7500,1.2,1.0,1.2
2025-08-08,2025-08-08 10:35:52.700,MO2508-C-7500,1.2,1.0,1.2
2025-08-08,2025-08-08 10:35:53.200,MO2508-C-7500,1.2,1.0,1.2
2025-08-08,2025-08-08 10:36:02.700,MO2508-C-7500,1.2,1.0,1.2
2025-08-08,2025-08-08 10:36:03.200,MO2508-C-7500,1.2,1.0,1.2
2025-08-08,2025-08-08 10:36:04.200,MO2508-C-7500,1.2,1.0,1.2
2025-08-08,2025-08-08 10:36:08.200,MO2508-C-7500,1.2,1.0,1.2
2025-08-08,2025-08-08 10:36:12.700,MO2508-C-7500,1.2,1.0,1.2
2025-08-08,2025-08-08 10:36:13.200,MO2508-C-7500,1.2,1.0,1.2
2025-08-08,2025-08-08 10:36:22.200,MO2508-C-7500,1.2,1.0,1.2
2025-08-08,2025-08-08 10:36:22.700,MO2508-C-7500,1.2,1.0,1.2
2025-08-08,2025-08-08 10:36:23.200,MO2508-C-7500,1.2,1.0,1.2
2025-08-08,2025-08-08 10:36:32.700,MO2508-C-7500,1.2,1.0,1.2
2025-08-08,2025-08-08 10:36:33.200,MO2508-C-7500,1.2,1.0,1.2
2025-08-08,2025-08-08 10:36:42.700,MO2508-C-7500,1.2,1.0,1.2
2025-08-08,2025-08-08 10:36:43.200,MO2508-C-7500,1.2,1.0,1.2
2025-08-08,2025-08-08 10:36:52.700,MO2508-C-7500,1.2,1.0,1.2
2025-08-08,2025-08-08 10:36:53.200,MO2508-C-7500,1.2,1.0,1.2
2025-08-08,2025-08-08 10:37:02.700,MO2508-C-7500,1.2,1.0,1.2
2025-08-08,2025-08-08 10:37:03.200,MO2508-C-7500,1.2,1.0,1.2
2025-08-08,2025-08-08 10:37:12.700,MO2508-C-7500,1.2,1.0,1.2
2025-08-08,2025-08-08 10:37:13.200,MO2508-C-7500,1.2,1.0,1.2
2025-08-08,2025-08-08 10:37:22.700,MO2508-C-7500,1.2,1.0,1.2
2025-08-08,2025-08-08 10:37:23.200,MO2508-C-7500,1.2,1.0,1.2
2025-08-08,2025-08-08 10:37:32.700,MO2508-C-7500,1.2,1.0,1.2
2025-08-08,2025-08-08 10:37:33.200,MO2508-C-7500,1.2,1.0,1.2
2025-08-08,2025-08-08 10:37:37.200,MO2508-C-7500,1.2,1.0,1.2
2025-08-08,2025-08-08 10:37:37.700,MO2508-C-7500,1.2,1.0,1.2
2025-08-08,2025-08-08 10:37:42.700,MO2508-C-7500,1.2,1.0,1.2
2025-08-08,2025-08-08 10:37:43.200,MO2508-C-7500,1.2,1.0,1.2
2025-08-08,2025-08-08 10:37:52.700,MO2508-C-7500,1.2,1.0,1.2
2025-08-08,2025-08-08 10:37:53.200,MO2508-C-7500,1.2,1.0,1.2
2025-08-08,2025-08-08 10:38:01.700,MO2508-C-7500,1.2,1.0,1.2
2025-08-08,2025-08-08 10:38:02.200,MO2508-C-7500,1.2,1.0,1.2
2025-08-08,2025-08-08 10:38:02.700,MO2508-C-7500,1.2,1.0,1.2
2025-08-08,2025-08-08 10:38:03.200,MO2508-C-7500,1.2,1.0,1.2
2025-08-08,2025-08-08 10:38:10.200,MO2508-C-7500,1.2,1.0,1.2
2025-08-08,2025-08-08 10:38:10.700,MO2508-C-7500,1.2,1.0,1.2
2025-08-08,2025-08-08 10:38:12.700,MO2508-C-7500,1.2,1.0,1.2
2025-08-08,2025-08-08 10:38:13.200,MO2508-C-7500,1.2,1.0,1.2
2025-08-08,2025-08-08 10:38:13.700,MO2508-C-7500,1.2,1.0,1.2
2025-08-08,2025-08-08 10:38:15.200,MO2508-C-7500,1.2,1.0,1.2
2025-08-08,2025-08-08 10:38:17.200,MO2508-C-7500,1.2,1.0,1.2
2025-08-08,2025-08-08 10:38:18.200,MO2508-C-7500,1.2,1.0,1.2
2025-08-08,2025-08-08 10:38:22.700,MO2508-C-7500,1.2,1.0,1.2
2025-08-08,2025-08-08 10:38:23.200,MO2508-C-7500,1.2,1.0,1.2
2025-08-08,2025-08-08 10:38:24.700,MO2508-C-7500,1.2,1.0,1.2
2025-08-08,2025-08-08 10:38:25.200,MO2508-C-7500,1.2,1.0,1.2
2025-08-08,2025-08-08 10:38:32.700,MO2508-C-7500,1.2,1.0,1.2
2025-08-08,2025-08-08 10:38:33.200,MO2508-C-7500,1.2,1.0,1.2
2025-08-08,2025-08-08 10:38:42.700,MO2508-C-7500,1.2,1.0,1.2
2025-08-08,2025-08-08 10:38:43.200,MO2508-C-7500,1.2,1.0,1.2
2025-08-08,2025-08-08 10:38:52.700,MO2508-C-7500,1.2,1.0,1.2
2025-08-08,2025-08-08 10:38:53.200,MO2508-C-7500,1.2,1.0,1.2
2025-08-08,2025-08-08 10:39:02.700,MO2508-C-7500,1.2,1.0,1.2
2025-08-08,2025-08-08 10:39:03.200,MO2508-C-7500,1.2,1.0,1.2
2025-08-08,2025-08-08 10:39:12.700,MO2508-C-7500,1.2,1.0,1.2
2025-08-08,2025-08-08 10:39:13.200,MO2508-C-7500,1.2,1.0,1.2
2025-08-08,2025-08-08 10:39:22.700,MO2508-C-7500,1.2,1.0,1.2
2025-08-08,2025-08-08 10:39:23.200,MO2508-C-7500,1.2,1.0,1.2
2025-08-08,2025-08-08 10:39:32.700,MO2508-C-7500,1.2,1.0,1.2
2025-08-08,2025-08-08 10:39:33.200,MO2508-C-7500,1.2,1.0,1.2
2025-08-08,2025-08-08 10:39:42.700,MO2508-C-7500,1.2,1.0,1.2
2025-08-08,2025-08-08 10:39:43.200,MO2508-C-7500,1.2,1.0,1.2
2025-08-08,2025-08-08 10:39:52.700,MO2508-C-7500,1.2,1.0,1.2
2025-08-08,2025-08-08 10:39:53.200,MO2508-C-7500,1.2,1.0,1.2
2025-08-08,2025-08-08 10:40:02.700,MO2508-C-7500,1.2,1.0,1.2
2025-08-08,2025-08-08 10:40:03.200,MO2508-C-7500,1.2,1.0,1.2
2025-08-08,2025-08-08 10:40:12.700,MO2508-C-7500,1.2,1.0,1.2
2025-08-08,2025-08-08 10:40:13.200,MO2508-C-7500,1.2,1.0,1.2
2025-08-08,2025-08-08 10:40:22.700,MO2508-C-7500,1.2,1.0,1.2
2025-08-08,2025-08-08 10:40:23.200,MO2508-C-7500,1.2,1.0,1.2
2025-08-08,2025-08-08 10:40:32.700,MO2508-C-7500,1.2,1.0,1.2
2025-08-08,2025-08-08 10:40:33.200,MO2508-C-7500,1.2,1.0,1.2
2025-08-08,2025-08-08 10:40:42.700,MO2508-C-7500,1.2,1.0,1.2
2025-08-08,2025-08-08 10:40:43.200,MO2508-C-7500,1.2,1.0,1.2
2025-08-08,2025-08-08 10:40:48.700,MO2508-C-7500,1.2,1.0,1.2
2025-08-08,2025-08-08 10:40:49.200,MO2508-C-7500,1.2,1.0,1.2
2025-08-08,2025-08-08 10:40:49.700,MO2508-C-7500,1.2,0.8,1.2
2025-08-08,2025-08-08 10:40:50.200,MO2508-C-7500,1.2,0.8,1.2
2025-08-08,2025-08-08 10:40:52.700,MO2508-C-7500,1.2,0.8,1.2
2025-08-08,2025-08-08 10:40:53.200,MO2508-C-7500,1.2,0.8,1.2
2025-08-08,2025-08-08 10:41:02.700,MO2508-C-7500,1.2,0.8,1.2
2025-08-08,2025-08-08 10:41:03.200,MO2508-C-7500,1.2,0.8,1.2
2025-08-08,2025-08-08 10:41:12.700,MO2508-C-7500,1.2,0.8,1.2
2025-08-08,2025-08-08 10:41:13.200,MO2508-C-7500,1.2,0.8,1.2
2025-08-08,2025-08-08 10:41:16.700,MO2508-C-7500,1.2,0.8,1.2
2025-08-08,2025-08-08 10:41:17.200,MO2508-C-7500,1.2,0.8,1.2
2025-08-08,2025-08-08 10:41:18.200,MO2508-C-7500,1.2,0.8,1.2
2025-08-08,2025-08-08 10:41:22.700,MO2508-C-7500,1.2,0.8,1.2
2025-08-08,2025-08-08 10:41:23.200,MO2508-C-7500,1.2,0.8,1.2
2025-08-08,2025-08-08 10:41:26.700,MO2508-C-7500,1.2,1.0,1.2
2025-08-08,2025-08-08 10:41:27.200,MO2508-C-7500,1.2,1.0,1.2
2025-08-08,2025-08-08 10:41:27.700,MO2508-C-7500,1.2,1.0,1.2
2025-08-08,2025-08-08 10:41:32.700,MO2508-C-7500,1.2,1.0,1.2
2025-08-08,2025-08-08 10:41:33.200,MO2508-C-7500,1.2,1.0,1.2
2025-08-08,2025-08-08 10:41:34.200,MO2508-C-7500,1.2,1.0,1.2
2025-08-08,2025-08-08 10:41:34.700,MO2508-C-7500,1.2,1.0,1.2
2025-08-08,2025-08-08 10:41:35.200,MO2508-C-7500,1.2,0.8,1.2
2025-08-08,2025-08-08 10:41:35.700,MO2508-C-7500,1.2,0.8,1.2
2025-08-08,2025-08-08 10:41:41.200,MO2508-C-7500,1.2,1.0,1.2
2025-08-08,2025-08-08 10:41:41.700,MO2508-C-7500,1.2,1.0,1.2
2025-08-08,2025-08-08 10:41:42.200,MO2508-C-7500,1.2,1.0,1.2
2025-08-08,2025-08-08 10:41:42.700,MO2508-C-7500,1.2,1.0,1.2
2025-08-08,2025-08-08 10:41:43.200,MO2508-C-7500,1.2,1.0,1.2
2025-08-08,2025-08-08 10:41:43.700,MO2508-C-7500,1.2,1.0,1.2
2025-08-08,2025-08-08 10:41:45.200,MO2508-C-7500,1.2,1.0,1.2
2025-08-08,2025-08-08 10:41:45.700,MO2508-C-7500,1.2,1.0,1.2
2025-08-08,2025-08-08 10:41:47.200,MO2508-C-7500,1.2,1.0,1.2
2025-08-08,2025-08-08 10:41:47.700,MO2508-C-7500,1.2,1.0,1.2
2025-08-08,2025-08-08 10:41:49.200,MO2508-C-7500,1.2,1.0,1.2
2025-08-08,2025-08-08 10:41:52.700,MO2508-C-7500,1.2,1.0,1.2
2025-08-08,2025-08-08 10:41:53.200,MO2508-C-7500,1.2,1.0,1.2
2025-08-08,2025-08-08 10:41:53.700,MO2508-C-7500,1.2,1.0,1.2
2025-08-08,2025-08-08 10:42:02.700,MO2508-C-7500,1.2,1.0,1.2
2025-08-08,2025-08-08 10:42:03.200,MO2508-C-7500,1.2,1.0,1.2
2025-08-08,2025-08-08 10:42:03.700,MO2508-C-7500,1.2,1.0,1.2
2025-08-08,2025-08-08 10:42:04.200,MO2508-C-7500,1.2,1.0,1.2
2025-08-08,2025-08-08 10:42:04.700,MO2508-C-7500,1.2,1.0,1.2
2025-08-08,2025-08-08 10:42:12.700,MO2508-C-7500,1.2,1.0,1.2
2025-08-08,2025-08-08 10:42:13.200,MO2508-C-7500,1.2,1.0,1.2
2025-08-08,2025-08-08 10:42:19.700,MO2508-C-7500,1.2,1.0,1.2
2025-08-08,2025-08-08 10:42:20.200,MO2508-C-7500,1.2,1.0,1.2
2025-08-08,2025-08-08 10:42:20.700,MO2508-C-7500,1.2,0.8,1.2
2025-08-08,2025-08-08 10:42:21.200,MO2508-C-7500,1.2,0.8,1.2
2025-08-08,2025-08-08 10:42:22.700,MO2508-C-7500,1.2,0.8,1.2
2025-08-08,2025-08-08 10:42:23.200,MO2508-C-7500,1.2,0.8,1.2
2025-08-08,2025-08-08 10:42:29.700,MO2508-C-7500,1.2,1.0,1.2
2025-08-08,2025-08-08 10:42:30.200,MO2508-C-7500,1.2,1.0,1.2
2025-08-08,2025-08-08 10:42:30.700,MO2508-C-7500,1.2,1.0,1.2
2025-08-08,2025-08-08 10:42:32.700,MO2508-C-7500,1.2,1.0,1.2
2025-08-08,2025-08-08 10:42:33.200,MO2508-C-7500,1.2,1.0,1.2
2025-08-08,2025-08-08 10:42:42.700,MO2508-C-7500,1.2,1.0,1.2
2025-08-08,2025-08-08 10:42:43.200,MO2508-C-7500,1.2,1.0,1.2
2025-08-08,2025-08-08 10:42:52.700,MO2508-C-7500,1.2,1.0,1.2
2025-08-08,2025-08-08 10:42:53.200,MO2508-C-7500,1.2,1.0,1.2
2025-08-08,2025-08-08 10:43:02.700,MO2508-C-7500,1.2,1.0,1.2
2025-08-08,2025-08-08 10:43:03.200,MO2508-C-7500,1.2,1.0,1.2
2025-08-08,2025-08-08 10:43:12.700,MO2508-C-7500,1.2,1.0,1.2
2025-08-08,2025-08-08 10:43:13.200,MO2508-C-7500,1.2,1.0,1.2
2025-08-08,2025-08-08 10:43:22.700,MO2508-C-7500,1.2,1.0,1.2
2025-08-08,2025-08-08 10:43:23.200,MO2508-C-7500,1.2,1.0,1.2
2025-08-08,2025-08-08 10:43:32.700,MO2508-C-7500,1.2,1.0,1.2
2025-08-08,2025-08-08 10:43:33.200,MO2508-C-7500,1.2,1.0,1.2
2025-08-08,2025-08-08 10:43:42.700,MO2508-C-7500,1.2,1.0,1.2
2025-08-08,2025-08-08 10:43:43.200,MO2508-C-7500,1.2,1.0,1.2
2025-08-08,2025-08-08 10:43:52.700,MO2508-C-7500,1.2,1.0,1.2
2025-08-08,2025-08-08 10:43:53.200,MO2508-C-7500,1.2,1.0,1.2
2025-08-08,2025-08-08 10:44:02.700,MO2508-C-7500,1.2,1.0,1.2
2025-08-08,2025-08-08 10:44:03.200,MO2508-C-7500,1.2,1.0,1.2
2025-08-08,2025-08-08 10:44:12.700,MO2508-C-7500,1.2,1.0,1.2
2025-08-08,2025-08-08 10:44:13.200,MO2508-C-7500,1.2,1.0,1.2
2025-08-08,2025-08-08 10:44:22.700,MO2508-C-7500,1.2,1.0,1.2
2025-08-08,2025-08-08 10:44:23.200,MO2508-C-7500,1.2,1.0,1.2
2025-08-08,2025-08-08 10:44:32.700,MO2508-C-7500,1.2,1.0,1.2
2025-08-08,2025-08-08 10:44:33.200,MO2508-C-7500,1.2,1.0,1.2
2025-08-08,2025-08-08 10:44:42.700,MO2508-C-7500,1.2,1.0,1.2
2025-08-08,2025-08-08 10:44:43.200,MO2508-C-7500,1.2,1.0,1.2
2025-08-08,2025-08-08 10:44:52.700,MO2508-C-7500,1.2,1.0,1.2
2025-08-08,2025-08-08 10:44:53.200,MO2508-C-7500,1.2,1.0,1.2
2025-08-08,2025-08-08 10:44:55.700,MO2508-C-7500,1.2,1.0,1.2
2025-08-08,2025-08-08 10:44:56.200,MO2508-C-7500,1.2,1.0,1.2
2025-08-08,2025-08-08 10:44:56.700,MO2508-C-7500,1.2,1.0,1.2
2025-08-08,2025-08-08 10:44:57.200,MO2508-C-7500,1.2,1.0,1.2
2025-08-08,2025-08-08 10:44:57.700,MO2508-C-7500,1.2,1.0,1.2
2025-08-08,2025-08-08 10:45:02.700,MO2508-C-7500,1.2,1.0,1.2
2025-08-08,2025-08-08 10:45:03.200,MO2508-C-7500,1.2,1.0,1.2
2025-08-08,2025-08-08 10:45:12.700,MO2508-C-7500,1.2,1.0,1.2
2025-08-08,2025-08-08 10:45:13.200,MO2508-C-7500,1.2,1.0,1.2
2025-08-08,2025-08-08 10:45:22.700,MO2508-C-7500,1.2,1.0,1.2
2025-08-08,2025-08-08 10:45:23.200,MO2508-C-7500,1.2,1.0,1.2
2025-08-08,2025-08-08 10:45:32.700,MO2508-C-7500,1.2,1.0,1.2
2025-08-08,2025-08-08 10:45:33.200,MO2508-C-7500,1.2,1.0,1.2
2025-08-08,2025-08-08 10:45:37.700,MO2508-C-7500,1.2,1.0,1.2
2025-08-08,2025-08-08 10:45:42.700,MO2508-C-7500,1.2,1.0,1.2
2025-08-08,2025-08-08 10:45:43.200,MO2508-C-7500,1.2,1.0,1.2
2025-08-08,2025-08-08 10:45:43.700,MO2508-C-7500,1.2,1.0,1.2
2025-08-08,2025-08-08 10:45:52.700,MO2508-C-7500,1.2,1.0,1.2
2025-08-08,2025-08-08 10:45:53.200,MO2508-C-7500,1.2,1.0,1.2
2025-08-08,2025-08-08 10:45:53.700,MO2508-C-7500,1.2,1.0,1.2
2025-08-08,2025-08-08 10:45:54.200,MO2508-C-7500,1.2,1.0,1.2
2025-08-08,2025-08-08 10:46:02.700,MO2508-C-7500,1.2,1.0,1.2
2025-08-08,2025-08-08 10:46:03.200,MO2508-C-7500,1.2,1.0,1.2
2025-08-08,2025-08-08 10:46:09.200,MO2508-C-7500,1.2,1.0,1.2
2025-08-08,2025-08-08 10:46:09.700,MO2508-C-7500,1.0,1.0,1.2
2025-08-08,2025-08-08 10:46:10.700,MO2508-C-7500,1.0,1.0,1.2
2025-08-08,2025-08-08 10:46:11.200,MO2508-C-7500,1.0,1.0,1.2
2025-08-08,2025-08-08 10:46:11.700,MO2508-C-7500,1.0,1.0,1.2
2025-08-08,2025-08-08 10:46:12.700,MO2508-C-7500,1.0,1.0,1.2
2025-08-08,2025-08-08 10:46:13.200,MO2508-C-7500,1.0,1.0,1.2
2025-08-08,2025-08-08 10:46:16.200,MO2508-C-7500,1.0,1.0,1.2
2025-08-08,2025-08-08 10:46:22.700,MO2508-C-7500,1.0,1.0,1.2
2025-08-08,2025-08-08 10:46:23.200,MO2508-C-7500,1.0,1.0,1.2
2025-08-08,2025-08-08 10:46:23.700,MO2508-C-7500,1.0,1.0,1.2
2025-08-08,2025-08-08 10:46:24.200,MO2508-C-7500,1.0,1.0,1.2
2025-08-08,2025-08-08 10:46:32.700,MO2508-C-7500,1.0,1.0,1.2
2025-08-08,2025-08-08 10:46:33.200,MO2508-C-7500,1.0,1.0,1.2
2025-08-08,2025-08-08 10:46:38.700,MO2508-C-7500,1.0,1.0,1.2
2025-08-08,2025-08-08 10:46:42.700,MO2508-C-7500,1.0,1.0,1.2
2025-08-08,2025-08-08 10:46:43.200,MO2508-C-7500,1.0,1.0,1.2
2025-08-08,2025-08-08 10:46:46.700,MO2508-C-7500,1.0,1.0,1.2
2025-08-08,2025-08-08 10:46:52.700,MO2508-C-7500,1.0,1.0,1.2
2025-08-08,2025-08-08 10:46:53.200,MO2508-C-7500,1.0,1.0,1.2
2025-08-08,2025-08-08 10:47:02.700,MO2508-C-7500,1.0,1.0,1.2
2025-08-08,2025-08-08 10:47:03.200,MO2508-C-7500,1.0,1.0,1.2
2025-08-08,2025-08-08 10:47:08.200,MO2508-C-7500,1.0,1.0,1.2
2025-08-08,2025-08-08 10:47:12.700,MO2508-C-7500,1.0,1.0,1.2
2025-08-08,2025-08-08 10:47:13.200,MO2508-C-7500,1.0,1.0,1.2
2025-08-08,2025-08-08 10:47:22.700,MO2508-C-7500,1.0,1.0,1.2
2025-08-08,2025-08-08 10:47:23.200,MO2508-C-7500,1.0,1.0,1.2
2025-08-08,2025-08-08 10:47:26.200,MO2508-C-7500,1.0,1.0,1.2
2025-08-08,2025-08-08 10:47:29.700,MO2508-C-7500,1.0,1.0,1.2
2025-08-08,2025-08-08 10:47:32.700,MO2508-C-7500,1.0,1.0,1.2
2025-08-08,2025-08-08 10:47:33.200,MO2508-C-7500,1.0,1.0,1.2
2025-08-08,2025-08-08 10:47:42.700,MO2508-C-7500,1.0,1.0,1.2
2025-08-08,2025-08-08 10:47:43.200,MO2508-C-7500,1.0,1.0,1.2
2025-08-08,2025-08-08 10:47:52.700,MO2508-C-7500,1.0,1.0,1.2
2025-08-08,2025-08-08 10:47:53.200,MO2508-C-7500,1.0,1.0,1.2
2025-08-08,2025-08-08 10:47:57.200,MO2508-C-7500,1.0,1.0,1.2
2025-08-08,2025-08-08 10:47:57.700,MO2508-C-7500,1.0,1.0,1.2
2025-08-08,2025-08-08 10:48:02.700,MO2508-C-7500,1.0,1.0,1.2
2025-08-08,2025-08-08 10:48:03.200,MO2508-C-7500,1.0,1.0,1.2
2025-08-08,2025-08-08 10:48:12.700,MO2508-C-7500,1.0,1.0,1.2
2025-08-08,2025-08-08 10:48:13.200,MO2508-C-7500,1.0,1.0,1.2
2025-08-08,2025-08-08 10:48:22.700,MO2508-C-7500,1.0,1.0,1.2
2025-08-08,2025-08-08 10:48:23.200,MO2508-C-7500,1.0,1.0,1.2
2025-08-08,2025-08-08 10:48:32.700,MO2508-C-7500,1.0,1.0,1.2
2025-08-08,2025-08-08 10:48:33.200,MO2508-C-7500,1.0,1.0,1.2
2025-08-08,2025-08-08 10:48:42.700,MO2508-C-7500,1.0,1.0,1.2
2025-08-08,2025-08-08 10:48:43.200,MO2508-C-7500,1.0,1.0,1.2
2025-08-08,2025-08-08 10:48:52.700,MO2508-C-7500,1.0,1.0,1.2
2025-08-08,2025-08-08 10:48:53.200,MO2508-C-7500,1.0,1.0,1.2
2025-08-08,2025-08-08 10:49:02.700,MO2508-C-7500,1.0,1.0,1.2
2025-08-08,2025-08-08 10:49:03.200,MO2508-C-7500,1.0,1.0,1.2
2025-08-08,2025-08-08 10:49:03.700,MO2508-C-7500,1.0,1.0,1.2
2025-08-08,2025-08-08 10:49:12.700,MO2508-C-7500,1.0,1.0,1.2
2025-08-08,2025-08-08 10:49:13.200,MO2508-C-7500,1.0,1.0,1.2
2025-08-08,2025-08-08 10:49:22.700,MO2508-C-7500,1.0,1.0,1.2
2025-08-08,2025-08-08 10:49:23.200,MO2508-C-7500,1.0,1.0,1.2
2025-08-08,2025-08-08 10:49:32.700,MO2508-C-7500,1.0,1.0,1.2
2025-08-08,2025-08-08 10:49:33.200,MO2508-C-7500,1.0,1.0,1.2
2025-08-08,2025-08-08 10:49:42.700,MO2508-C-7500,1.0,1.0,1.2
2025-08-08,2025-08-08 10:49:43.200,MO2508-C-7500,1.0,1.0,1.2
2025-08-08,2025-08-08 10:49:52.700,MO2508-C-7500,1.0,1.0,1.2
2025-08-08,2025-08-08 10:49:53.200,MO2508-C-7500,1.0,1.0,1.2
2025-08-08,2025-08-08 10:50:02.700,MO2508-C-7500,1.0,1.0,1.2
2025-08-08,2025-08-08 10:50:03.200,MO2508-C-7500,1.0,1.0,1.2
2025-08-08,2025-08-08 10:50:12.700,MO2508-C-7500,1.0,1.0,1.2
2025-08-08,2025-08-08 10:50:13.200,MO2508-C-7500,1.0,1.0,1.2
2025-08-08,2025-08-08 10:50:22.700,MO2508-C-7500,1.0,1.0,1.2
2025-08-08,2025-08-08 10:50:23.200,MO2508-C-7500,1.0,1.0,1.2
2025-08-08,2025-08-08 10:50:32.700,MO2508-C-7500,1.0,1.0,1.2
2025-08-08,2025-08-08 10:50:33.200,MO2508-C-7500,1.0,1.0,1.2
2025-08-08,2025-08-08 10:50:42.700,MO2508-C-7500,1.0,1.0,1.2
2025-08-08,2025-08-08 10:50:43.200,MO2508-C-7500,1.0,1.0,1.2
2025-08-08,2025-08-08 10:50:52.700,MO2508-C-7500,1.0,1.0,1.2
2025-08-08,2025-08-08 10:50:53.200,MO2508-C-7500,1.0,1.0,1.2
2025-08-08,2025-08-08 10:51:02.700,MO2508-C-7500,1.0,1.0,1.2
2025-08-08,2025-08-08 10:51:03.200,MO2508-C-7500,1.0,1.0,1.2
2025-08-08,2025-08-08 10:51:12.700,MO2508-C-7500,1.0,1.0,1.2
2025-08-08,2025-08-08 10:51:13.200,MO2508-C-7500,1.0,1.0,1.2
2025-08-08,2025-08-08 10:51:22.700,MO2508-C-7500,1.0,1.0,1.2
2025-08-08,2025-08-08 10:51:23.200,MO2508-C-7500,1.0,1.0,1.2
2025-08-08,2025-08-08 10:51:32.700,MO2508-C-7500,1.0,1.0,1.2
2025-08-08,2025-08-08 10:51:33.200,MO2508-C-7500,1.0,1.0,1.2
2025-08-08,2025-08-08 10:51:42.700,MO2508-C-7500,1.0,1.0,1.2
2025-08-08,2025-08-08 10:51:43.200,MO2508-C-7500,1.0,1.0,1.2
2025-08-08,2025-08-08 10:51:51.200,MO2508-C-7500,1.0,1.0,1.2
2025-08-08,2025-08-08 10:51:52.700,MO2508-C-7500,1.0,1.0,1.2
2025-08-08,2025-08-08 10:51:53.200,MO2508-C-7500,1.0,1.0,1.2
2025-08-08,2025-08-08 10:52:02.700,MO2508-C-7500,1.0,1.0,1.2
2025-08-08,2025-08-08 10:52:03.200,MO2508-C-7500,1.0,1.0,1.2
2025-08-08,2025-08-08 10:52:06.200,MO2508-C-7500,1.0,1.0,1.2
2025-08-08,2025-08-08 10:52:06.700,MO2508-C-7500,1.0,1.0,1.2
2025-08-08,2025-08-08 10:52:07.200,MO2508-C-7500,1.0,1.0,1.2
2025-08-08,2025-08-08 10:52:12.700,MO2508-C-7500,1.0,1.0,1.2
2025-08-08,2025-08-08 10:52:13.200,MO2508-C-7500,1.0,1.0,1.2
2025-08-08,2025-08-08 10:52:13.700,MO2508-C-7500,1.0,1.0,1.2
2025-08-08,2025-08-08 10:52:22.700,MO2508-C-7500,1.0,1.0,1.2
2025-08-08,2025-08-08 10:52:23.200,MO2508-C-7500,1.0,1.0,1.2
2025-08-08,2025-08-08 10:52:23.700,MO2508-C-7500,1.0,1.0,1.2
2025-08-08,2025-08-08 10:52:32.700,MO2508-C-7500,1.0,1.0,1.2
2025-08-08,2025-08-08 10:52:33.200,MO2508-C-7500,1.0,1.0,1.2
2025-08-08,2025-08-08 10:52:33.700,MO2508-C-7500,1.0,1.0,1.2
2025-08-08,2025-08-08 10:52:42.700,MO2508-C-7500,1.0,1.0,1.2
2025-08-08,2025-08-08 10:52:43.200,MO2508-C-7500,1.0,1.0,1.2
2025-08-08,2025-08-08 10:52:43.700,MO2508-C-7500,1.0,1.0,1.2
2025-08-08,2025-08-08 10:52:52.700,MO2508-C-7500,1.0,1.0,1.2
2025-08-08,2025-08-08 10:52:53.200,MO2508-C-7500,1.0,1.0,1.2
2025-08-08,2025-08-08 10:52:53.700,MO2508-C-7500,1.0,1.0,1.2
2025-08-08,2025-08-08 10:53:02.700,MO2508-C-7500,1.0,1.0,1.2
2025-08-08,2025-08-08 10:53:03.200,MO2508-C-7500,1.0,1.0,1.2
2025-08-08,2025-08-08 10:53:04.700,MO2508-C-7500,1.0,1.0,1.2
2025-08-08,2025-08-08 10:53:05.200,MO2508-C-7500,1.0,1.0,1.2
2025-08-08,2025-08-08 10:53:06.200,MO2508-C-7500,1.0,1.0,1.2
2025-08-08,2025-08-08 10:53:06.700,MO2508-C-7500,1.0,1.0,1.2
2025-08-08,2025-08-08 10:53:10.700,MO2508-C-7500,1.0,1.0,1.2
2025-08-08,2025-08-08 10:53:12.700,MO2508-C-7500,1.0,1.0,1.2
2025-08-08,2025-08-08 10:53:13.200,MO2508-C-7500,1.0,1.0,1.2
2025-08-08,2025-08-08 10:53:16.200,MO2508-C-7500,1.0,1.0,1.2
2025-08-08,2025-08-08 10:53:22.700,MO2508-C-7500,1.0,1.0,1.2
2025-08-08,2025-08-08 10:53:23.200,MO2508-C-7500,1.0,1.0,1.2
2025-08-08,2025-08-08 10:53:32.700,MO2508-C-7500,1.0,1.0,1.2
2025-08-08,2025-08-08 10:53:33.200,MO2508-C-7500,1.0,1.0,1.2
2025-08-08,2025-08-08 10:53:42.700,MO2508-C-7500,1.0,1.0,1.2
2025-08-08,2025-08-08 10:53:43.200,MO2508-C-7500,1.0,1.0,1.2
2025-08-08,2025-08-08 10:53:52.700,MO2508-C-7500,1.0,1.0,1.2
2025-08-08,2025-08-08 10:53:53.200,MO2508-C-7500,1.0,1.0,1.2
2025-08-08,2025-08-08 10:54:02.700,MO2508-C-7500,1.0,1.0,1.2
2025-08-08,2025-08-08 10:54:03.200,MO2508-C-7500,1.0,1.0,1.2
2025-08-08,2025-08-08 10:54:12.700,MO2508-C-7500,1.0,1.0,1.2
2025-08-08,2025-08-08 10:54:13.200,MO2508-C-7500,1.0,1.0,1.2
2025-08-08,2025-08-08 10:54:19.200,MO2508-C-7500,1.2,1.0,1.2
2025-08-08,2025-08-08 10:54:19.700,MO2508-C-7500,1.2,1.0,1.2
2025-08-08,2025-08-08 10:54:20.700,MO2508-C-7500,1.2,1.0,1.2
2025-08-08,2025-08-08 10:54:22.700,MO2508-C-7500,1.2,1.0,1.2
2025-08-08,2025-08-08 10:54:23.200,MO2508-C-7500,1.2,1.0,1.2
2025-08-08,2025-08-08 10:54:32.700,MO2508-C-7500,1.2,1.0,1.2
2025-08-08,2025-08-08 10:54:33.200,MO2508-C-7500,1.2,1.0,1.2
2025-08-08,2025-08-08 10:54:38.700,MO2508-C-7500,1.2,1.0,1.2
2025-08-08,2025-08-08 10:54:41.700,MO2508-C-7500,1.2,1.0,1.2
2025-08-08,2025-08-08 10:54:42.700,MO2508-C-7500,1.2,1.0,1.2
2025-08-08,2025-08-08 10:54:43.200,MO2508-C-7500,1.2,1.0,1.2
2025-08-08,2025-08-08 10:54:52.700,MO2508-C-7500,1.2,1.0,1.2
2025-08-08,2025-08-08 10:54:53.200,MO2508-C-7500,1.2,1.0,1.2
2025-08-08,2025-08-08 10:55:02.700,MO2508-C-7500,1.2,1.0,1.2
2025-08-08,2025-08-08 10:55:03.200,MO2508-C-7500,1.2,1.0,1.2
2025-08-08,2025-08-08 10:55:12.700,MO2508-C-7500,1.2,1.0,1.2
2025-08-08,2025-08-08 10:55:13.200,MO2508-C-7500,1.2,1.0,1.2
2025-08-08,2025-08-08 10:55:20.200,MO2508-C-7500,1.2,1.0,1.2
2025-08-08,2025-08-08 10:55:20.700,MO2508-C-7500,1.2,1.0,1.2
2025-08-08,2025-08-08 10:55:22.700,MO2508-C-7500,1.2,1.0,1.2
2025-08-08,2025-08-08 10:55:23.200,MO2508-C-7500,1.2,1.0,1.2
2025-08-08,2025-08-08 10:55:32.700,MO2508-C-7500,1.2,1.0,1.2
2025-08-08,2025-08-08 10:55:33.200,MO2508-C-7500,1.2,1.0,1.2
2025-08-08,2025-08-08 10:55:42.700,MO2508-C-7500,1.2,1.0,1.2
2025-08-08,2025-08-08 10:55:43.200,MO2508-C-7500,1.2,1.0,1.2
2025-08-08,2025-08-08 10:55:52.700,MO2508-C-7500,1.2,1.0,1.2
2025-08-08,2025-08-08 10:55:53.200,MO2508-C-7500,1.2,1.0,1.2
2025-08-08,2025-08-08 10:56:02.700,MO2508-C-7500,1.2,1.0,1.2
2025-08-08,2025-08-08 10:56:03.200,MO2508-C-7500,1.2,1.0,1.2
2025-08-08,2025-08-08 10:56:12.700,MO2508-C-7500,1.2,1.0,1.2
2025-08-08,2025-08-08 10:56:13.200,MO2508-C-7500,1.2,1.0,1.2
2025-08-08,2025-08-08 10:56:22.700,MO2508-C-7500,1.2,1.0,1.2
2025-08-08,2025-08-08 10:56:23.200,MO2508-C-7500,1.2,1.0,1.2
2025-08-08,2025-08-08 10:56:32.700,MO2508-C-7500,1.2,1.0,1.2
2025-08-08,2025-08-08 10:56:33.200,MO2508-C-7500,1.2,1.0,1.2
2025-08-08,2025-08-08 10:56:42.700,MO2508-C-7500,1.2,1.0,1.2
2025-08-08,2025-08-08 10:56:43.200,MO2508-C-7500,1.2,1.0,1.2
2025-08-08,2025-08-08 10:56:44.200,MO2508-C-7500,1.2,1.0,1.2
2025-08-08,2025-08-08 10:56:52.700,MO2508-C-7500,1.2,1.0,1.2
2025-08-08,2025-08-08 10:56:53.200,MO2508-C-7500,1.2,1.0,1.2
2025-08-08,2025-08-08 10:57:02.700,MO2508-C-7500,1.2,1.0,1.2
2025-08-08,2025-08-08 10:57:03.200,MO2508-C-7500,1.2,1.0,1.2
2025-08-08,2025-08-08 10:57:12.700,MO2508-C-7500,1.2,1.0,1.2
2025-08-08,2025-08-08 10:57:13.200,MO2508-C-7500,1.2,1.0,1.2
2025-08-08,2025-08-08 10:57:14.700,MO2508-C-7500,1.2,1.0,1.2
2025-08-08,2025-08-08 10:57:22.700,MO2508-C-7500,1.2,1.0,1.2
2025-08-08,2025-08-08 10:57:23.200,MO2508-C-7500,1.2,1.0,1.2
2025-08-08,2025-08-08 10:57:32.700,MO2508-C-7500,1.2,1.0,1.2
2025-08-08,2025-08-08 10:57:33.200,MO2508-C-7500,1.2,1.0,1.2
2025-08-08,2025-08-08 10:57:39.200,MO2508-C-7500,1.2,1.0,1.2
2025-08-08,2025-08-08 10:57:42.200,MO2508-C-7500,1.2,1.0,1.2
2025-08-08,2025-08-08 10:57:42.700,MO2508-C-7500,1.2,1.0,1.2
2025-08-08,2025-08-08 10:57:43.200,MO2508-C-7500,1.2,1.0,1.2
2025-08-08,2025-08-08 10:57:52.700,MO2508-C-7500,1.2,1.0,1.2
2025-08-08,2025-08-08 10:57:53.200,MO2508-C-7500,1.2,1.0,1.2
2025-08-08,2025-08-08 10:58:02.700,MO2508-C-7500,1.2,1.0,1.2
2025-08-08,2025-08-08 10:58:03.200,MO2508-C-7500,1.2,1.0,1.2
2025-08-08,2025-08-08 10:58:12.700,MO2508-C-7500,1.2,1.0,1.2
2025-08-08,2025-08-08 10:58:13.200,MO2508-C-7500,1.2,1.0,1.2
2025-08-08,2025-08-08 10:58:22.700,MO2508-C-7500,1.2,1.0,1.2
2025-08-08,2025-08-08 10:58:23.200,MO2508-C-7500,1.2,1.0,1.2
2025-08-08,2025-08-08 10:58:32.700,MO2508-C-7500,1.2,1.0,1.2
2025-08-08,2025-08-08 10:58:33.200,MO2508-C-7500,1.2,1.0,1.2
2025-08-08,2025-08-08 10:58:42.700,MO2508-C-7500,1.2,1.0,1.2
2025-08-08,2025-08-08 10:58:43.200,MO2508-C-7500,1.2,1.0,1.2
2025-08-08,2025-08-08 10:58:52.700,MO2508-C-7500,1.2,1.0,1.2
2025-08-08,2025-08-08 10:58:53.200,MO2508-C-7500,1.2,1.0,1.2
2025-08-08,2025-08-08 10:59:02.700,MO2508-C-7500,1.2,1.0,1.2
2025-08-08,2025-08-08 10:59:03.200,MO2508-C-7500,1.2,1.0,1.2
2025-08-08,2025-08-08 10:59:12.700,MO2508-C-7500,1.2,1.0,1.2
2025-08-08,2025-08-08 10:59:13.200,MO2508-C-7500,1.2,1.0,1.2
2025-08-08,2025-08-08 10:59:22.700,MO2508-C-7500,1.2,1.0,1.2
2025-08-08,2025-08-08 10:59:23.200,MO2508-C-7500,1.2,1.0,1.2
2025-08-08,2025-08-08 10:59:32.700,MO2508-C-7500,1.2,1.0,1.2
2025-08-08,2025-08-08 10:59:33.200,MO2508-C-7500,1.2,1.0,1.2
2025-08-08,2025-08-08 10:59:42.700,MO2508-C-7500,1.2,1.0,1.2
2025-08-08,2025-08-08 10:59:43.200,MO2508-C-7500,1.2,1.0,1.2
2025-08-08,2025-08-08 10:59:52.700,MO2508-C-7500,1.2,1.0,1.2
2025-08-08,2025-08-08 10:59:53.200,MO2508-C-7500,1.2,1.0,1.2
2025-08-08,2025-08-08 11:00:01.700,MO2508-C-7500,1.2,1.0,1.2
2025-08-08,2025-08-08 11:00:02.700,MO2508-C-7500,1.2,1.0,1.2
2025-08-08,2025-08-08 11:00:03.200,MO2508-C-7500,1.2,1.0,1.2
2025-08-08,2025-08-08 11:00:12.700,MO2508-C-7500,1.2,1.0,1.2
2025-08-08,2025-08-08 11:00:13.200,MO2508-C-7500,1.2,1.0,1.2
2025-08-08,2025-08-08 11:00:22.700,MO2508-C-7500,1.2,1.0,1.2
2025-08-08,2025-08-08 11:00:23.200,MO2508-C-7500,1.2,1.0,1.2
2025-08-08,2025-08-08 11:00:24.700,MO2508-C-7500,1.2,1.0,1.2
2025-08-08,2025-08-08 11:00:32.700,MO2508-C-7500,1.2,1.0,1.2
2025-08-08,2025-08-08 11:00:33.200,MO2508-C-7500,1.2,1.0,1.2
2025-08-08,2025-08-08 11:00:42.700,MO2508-C-7500,1.2,1.0,1.2
2025-08-08,2025-08-08 11:00:43.200,MO2508-C-7500,1.2,1.0,1.2
2025-08-08,2025-08-08 11:00:52.700,MO2508-C-7500,1.2,1.0,1.2
2025-08-08,2025-08-08 11:00:53.200,MO2508-C-7500,1.2,1.0,1.2
2025-08-08,2025-08-08 11:01:02.700,MO2508-C-7500,1.2,1.0,1.2
2025-08-08,2025-08-08 11:01:03.200,MO2508-C-7500,1.2,1.0,1.2
2025-08-08,2025-08-08 11:01:12.700,MO2508-C-7500,1.2,1.0,1.2
2025-08-08,2025-08-08 11:01:13.200,MO2508-C-7500,1.2,1.0,1.2
2025-08-08,2025-08-08 11:01:22.700,MO2508-C-7500,1.2,1.0,1.2
2025-08-08,2025-08-08 11:01:23.200,MO2508-C-7500,1.2,1.0,1.2
2025-08-08,2025-08-08 11:01:32.700,MO2508-C-7500,1.2,1.0,1.2
2025-08-08,2025-08-08 11:01:33.200,MO2508-C-7500,1.2,1.0,1.2
2025-08-08,2025-08-08 11:01:42.700,MO2508-C-7500,1.2,1.0,1.2
2025-08-08,2025-08-08 11:01:43.200,MO2508-C-7500,1.2,1.0,1.2
2025-08-08,2025-08-08 11:01:52.700,MO2508-C-7500,1.2,1.0,1.2
2025-08-08,2025-08-08 11:01:53.200,MO2508-C-7500,1.2,1.0,1.2
2025-08-08,2025-08-08 11:02:02.700,MO2508-C-7500,1.2,1.0,1.2
2025-08-08,2025-08-08 11:02:03.200,MO2508-C-7500,1.2,1.0,1.2
2025-08-08,2025-08-08 11:02:12.700,MO2508-C-7500,1.2,1.0,1.2
2025-08-08,2025-08-08 11:02:13.200,MO2508-C-7500,1.2,1.0,1.2
2025-08-08,2025-08-08 11:02:22.700,MO2508-C-7500,1.2,1.0,1.2
2025-08-08,2025-08-08 11:02:23.200,MO2508-C-7500,1.2,1.0,1.2
2025-08-08,2025-08-08 11:02:32.700,MO2508-C-7500,1.2,1.0,1.2
2025-08-08,2025-08-08 11:02:33.200,MO2508-C-7500,1.2,1.0,1.2
2025-08-08,2025-08-08 11:02:42.700,MO2508-C-7500,1.2,1.0,1.2
2025-08-08,2025-08-08 11:02:43.200,MO2508-C-7500,1.2,1.0,1.2
2025-08-08,2025-08-08 11:02:52.700,MO2508-C-7500,1.2,1.0,1.2
2025-08-08,2025-08-08 11:02:53.200,MO2508-C-7500,1.2,1.0,1.2
2025-08-08,2025-08-08 11:03:02.700,MO2508-C-7500,1.2,1.0,1.2
2025-08-08,2025-08-08 11:03:03.200,MO2508-C-7500,1.2,1.0,1.2
2025-08-08,2025-08-08 11:03:12.700,MO2508-C-7500,1.2,1.0,1.2
2025-08-08,2025-08-08 11:03:13.200,MO2508-C-7500,1.2,1.0,1.2
2025-08-08,2025-08-08 11:03:22.700,MO2508-C-7500,1.2,1.0,1.2
2025-08-08,2025-08-08 11:03:23.200,MO2508-C-7500,1.2,1.0,1.2
2025-08-08,2025-08-08 11:03:32.700,MO2508-C-7500,1.2,1.0,1.2
2025-08-08,2025-08-08 11:03:33.200,MO2508-C-7500,1.2,1.0,1.2
2025-08-08,2025-08-08 11:03:42.700,MO2508-C-7500,1.2,1.0,1.2
2025-08-08,2025-08-08 11:03:43.200,MO2508-C-7500,1.2,1.0,1.2
2025-08-08,2025-08-08 11:03:52.700,MO2508-C-7500,1.2,1.0,1.2
2025-08-08,2025-08-08 11:03:53.200,MO2508-C-7500,1.2,1.0,1.2
2025-08-08,2025-08-08 11:04:02.700,MO2508-C-7500,1.2,1.0,1.2
2025-08-08,2025-08-08 11:04:03.200,MO2508-C-7500,1.2,1.0,1.2
2025-08-08,2025-08-08 11:04:12.700,MO2508-C-7500,1.2,1.0,1.2
2025-08-08,2025-08-08 11:04:13.200,MO2508-C-7500,1.2,1.0,1.2
2025-08-08,2025-08-08 11:04:22.700,MO2508-C-7500,1.2,1.0,1.2
2025-08-08,2025-08-08 11:04:23.200,MO2508-C-7500,1.2,1.0,1.2
2025-08-08,2025-08-08 11:04:32.700,MO2508-C-7500,1.2,1.0,1.2
2025-08-08,2025-08-08 11:04:33.200,MO2508-C-7500,1.2,1.0,1.2
2025-08-08,2025-08-08 11:04:42.700,MO2508-C-7500,1.2,1.0,1.2
2025-08-08,2025-08-08 11:04:43.200,MO2508-C-7500,1.2,1.0,1.2
2025-08-08,2025-08-08 11:04:52.700,MO2508-C-7500,1.2,1.0,1.2
2025-08-08,2025-08-08 11:04:53.200,MO2508-C-7500,1.2,1.0,1.2
2025-08-08,2025-08-08 11:05:02.700,MO2508-C-7500,1.2,1.0,1.2
2025-08-08,2025-08-08 11:05:03.200,MO2508-C-7500,1.2,1.0,1.2
2025-08-08,2025-08-08 11:05:11.200,MO2508-C-7500,1.2,1.0,1.2
2025-08-08,2025-08-08 11:05:12.700,MO2508-C-7500,1.2,1.0,1.2
2025-08-08,2025-08-08 11:05:13.200,MO2508-C-7500,1.2,1.0,1.2
2025-08-08,2025-08-08 11:05:22.700,MO2508-C-7500,1.2,1.0,1.2
2025-08-08,2025-08-08 11:05:23.200,MO2508-C-7500,1.2,1.0,1.2
2025-08-08,2025-08-08 11:05:32.700,MO2508-C-7500,1.2,1.0,1.2
2025-08-08,2025-08-08 11:05:33.200,MO2508-C-7500,1.2,1.0,1.2
2025-08-08,2025-08-08 11:05:34.200,MO2508-C-7500,1.2,1.0,1.2
2025-08-08,2025-08-08 11:05:42.700,MO2508-C-7500,1.2,1.0,1.2
2025-08-08,2025-08-08 11:05:43.200,MO2508-C-7500,1.2,1.0,1.2
2025-08-08,2025-08-08 11:05:44.700,MO2508-C-7500,1.2,1.0,1.2
2025-08-08,2025-08-08 11:05:52.700,MO2508-C-7500,1.2,1.0,1.2
2025-08-08,2025-08-08 11:05:53.200,MO2508-C-7500,1.2,1.0,1.2
2025-08-08,2025-08-08 11:05:57.200,MO2508-C-7500,1.2,1.0,1.2
2025-08-08,2025-08-08 11:06:02.700,MO2508-C-7500,1.2,1.0,1.2
2025-08-08,2025-08-08 11:06:03.200,MO2508-C-7500,1.2,1.0,1.2
2025-08-08,2025-08-08 11:06:06.200,MO2508-C-7500,1.2,1.0,1.2
2025-08-08,2025-08-08 11:06:12.700,MO2508-C-7500,1.2,1.0,1.2
2025-08-08,2025-08-08 11:06:13.200,MO2508-C-7500,1.2,1.0,1.2
2025-08-08,2025-08-08 11:06:15.700,MO2508-C-7500,1.0,1.0,1.2
2025-08-08,2025-08-08 11:06:22.700,MO2508-C-7500,1.0,1.0,1.2
2025-08-08,2025-08-08 11:06:23.200,MO2508-C-7500,1.0,1.0,1.2
2025-08-08,2025-08-08 11:06:32.700,MO2508-C-7500,1.0,1.0,1.2
2025-08-08,2025-08-08 11:06:33.200,MO2508-C-7500,1.0,1.0,1.2
2025-08-08,2025-08-08 11:06:42.700,MO2508-C-7500,1.0,1.0,1.2
2025-08-08,2025-08-08 11:06:43.200,MO2508-C-7500,1.0,1.0,1.2
2025-08-08,2025-08-08 11:06:52.700,MO2508-C-7500,1.0,1.0,1.2
2025-08-08,2025-08-08 11:06:53.200,MO2508-C-7500,1.0,1.0,1.2
2025-08-08,2025-08-08 11:07:02.700,MO2508-C-7500,1.0,1.0,1.2
2025-08-08,2025-08-08 11:07:03.200,MO2508-C-7500,1.0,1.0,1.2
2025-08-08,2025-08-08 11:07:12.700,MO2508-C-7500,1.0,1.0,1.2
2025-08-08,2025-08-08 11:07:13.200,MO2508-C-7500,1.0,1.0,1.2
2025-08-08,2025-08-08 11:07:22.700,MO2508-C-7500,1.0,1.0,1.2
2025-08-08,2025-08-08 11:07:23.200,MO2508-C-7500,1.0,1.0,1.2
2025-08-08,2025-08-08 11:07:28.200,MO2508-C-7500,1.0,1.0,1.2
2025-08-08,2025-08-08 11:07:29.700,MO2508-C-7500,1.0,1.0,1.2
2025-08-08,2025-08-08 11:07:32.700,MO2508-C-7500,1.0,1.0,1.2
2025-08-08,2025-08-08 11:07:33.200,MO2508-C-7500,1.0,1.0,1.2
2025-08-08,2025-08-08 11:07:42.700,MO2508-C-7500,1.0,1.0,1.2
2025-08-08,2025-08-08 11:07:43.200,MO2508-C-7500,1.0,1.0,1.2
2025-08-08,2025-08-08 11:07:52.700,MO2508-C-7500,1.0,1.0,1.2
2025-08-08,2025-08-08 11:07:53.200,MO2508-C-7500,1.0,1.0,1.2
2025-08-08,2025-08-08 11:08:02.700,MO2508-C-7500,1.0,1.0,1.2
2025-08-08,2025-08-08 11:08:03.200,MO2508-C-7500,1.0,1.0,1.2
2025-08-08,2025-08-08 11:08:12.700,MO2508-C-7500,1.0,1.0,1.2
2025-08-08,2025-08-08 11:08:13.200,MO2508-C-7500,1.0,1.0,1.2
2025-08-08,2025-08-08 11:08:22.700,MO2508-C-7500,1.0,1.0,1.2
2025-08-08,2025-08-08 11:08:23.200,MO2508-C-7500,1.0,1.0,1.2
2025-08-08,2025-08-08 11:08:32.700,MO2508-C-7500,1.0,1.0,1.2
2025-08-08,2025-08-08 11:08:33.200,MO2508-C-7500,1.0,1.0,1.2
2025-08-08,2025-08-08 11:08:42.700,MO2508-C-7500,1.0,1.0,1.2
2025-08-08,2025-08-08 11:08:43.200,MO2508-C-7500,1.0,1.0,1.2
2025-08-08,2025-08-08 11:08:52.700,MO2508-C-7500,1.0,1.0,1.2
2025-08-08,2025-08-08 11:08:53.200,MO2508-C-7500,1.0,1.0,1.2
2025-08-08,2025-08-08 11:08:56.700,MO2508-C-7500,1.0,1.0,1.2
2025-08-08,2025-08-08 11:09:02.700,MO2508-C-7500,1.0,1.0,1.2
2025-08-08,2025-08-08 11:09:03.200,MO2508-C-7500,1.0,1.0,1.2
2025-08-08,2025-08-08 11:09:12.700,MO2508-C-7500,1.0,1.0,1.2
2025-08-08,2025-08-08 11:09:13.200,MO2508-C-7500,1.0,1.0,1.2
2025-08-08,2025-08-08 11:09:17.200,MO2508-C-7500,1.0,1.0,1.2
2025-08-08,2025-08-08 11:09:22.700,MO2508-C-7500,1.0,1.0,1.2
2025-08-08,2025-08-08 11:09:23.200,MO2508-C-7500,1.0,1.0,1.2
2025-08-08,2025-08-08 11:09:32.700,MO2508-C-7500,1.0,1.0,1.2
2025-08-08,2025-08-08 11:09:33.200,MO2508-C-7500,1.0,1.0,1.2
2025-08-08,2025-08-08 11:09:33.700,MO2508-C-7500,1.0,1.0,1.2
2025-08-08,2025-08-08 11:09:36.200,MO2508-C-7500,1.0,1.0,1.2
2025-08-08,2025-08-08 11:09:38.200,MO2508-C-7500,1.0,1.0,1.2
2025-08-08,2025-08-08 11:09:42.700,MO2508-C-7500,1.0,1.0,1.2
2025-08-08,2025-08-08 11:09:43.200,MO2508-C-7500,1.0,1.0,1.2
2025-08-08,2025-08-08 11:09:52.700,MO2508-C-7500,1.0,1.0,1.2
2025-08-08,2025-08-08 11:09:53.200,MO2508-C-7500,1.0,1.0,1.2
2025-08-08,2025-08-08 11:10:02.700,MO2508-C-7500,1.0,1.0,1.2
2025-08-08,2025-08-08 11:10:03.200,MO2508-C-7500,1.0,1.0,1.2
2025-08-08,2025-08-08 11:10:12.200,MO2508-C-7500,1.0,1.0,1.2
2025-08-08,2025-08-08 11:10:12.700,MO2508-C-7500,1.0,1.0,1.2
2025-08-08,2025-08-08 11:10:13.200,MO2508-C-7500,1.0,1.0,1.2
2025-08-08,2025-08-08 11:10:13.700,MO2508-C-7500,1.0,1.0,1.2
2025-08-08,2025-08-08 11:10:22.700,MO2508-C-7500,1.0,1.0,1.2
2025-08-08,2025-08-08 11:10:23.200,MO2508-C-7500,1.0,1.0,1.2
2025-08-08,2025-08-08 11:10:32.700,MO2508-C-7500,1.0,1.0,1.2
2025-08-08,2025-08-08 11:10:33.200,MO2508-C-7500,1.0,1.0,1.2
2025-08-08,2025-08-08 11:10:42.700,MO2508-C-7500,1.0,1.0,1.2
2025-08-08,2025-08-08 11:10:43.200,MO2508-C-7500,1.0,1.0,1.2
2025-08-08,2025-08-08 11:10:52.700,MO2508-C-7500,1.0,1.0,1.2
2025-08-08,2025-08-08 11:10:53.200,MO2508-C-7500,1.0,1.0,1.2
2025-08-08,2025-08-08 11:11:02.700,MO2508-C-7500,1.0,1.0,1.2
2025-08-08,2025-08-08 11:11:03.200,MO2508-C-7500,1.0,1.0,1.2
2025-08-08,2025-08-08 11:11:12.700,MO2508-C-7500,1.0,1.0,1.2
2025-08-08,2025-08-08 11:11:13.200,MO2508-C-7500,1.0,1.0,1.2
2025-08-08,2025-08-08 11:11:22.700,MO2508-C-7500,1.0,1.0,1.2
2025-08-08,2025-08-08 11:11:23.200,MO2508-C-7500,1.0,1.0,1.2
2025-08-08,2025-08-08 11:11:32.700,MO2508-C-7500,1.0,1.0,1.2
2025-08-08,2025-08-08 11:11:33.200,MO2508-C-7500,1.0,1.0,1.2
2025-08-08,2025-08-08 11:11:42.700,MO2508-C-7500,1.0,1.0,1.2
2025-08-08,2025-08-08 11:11:43.200,MO2508-C-7500,1.0,1.0,1.2
2025-08-08,2025-08-08 11:11:52.700,MO2508-C-7500,1.0,1.0,1.2
2025-08-08,2025-08-08 11:11:53.200,MO2508-C-7500,1.0,1.0,1.2
2025-08-08,2025-08-08 11:12:02.700,MO2508-C-7500,1.0,1.0,1.2
2025-08-08,2025-08-08 11:12:03.200,MO2508-C-7500,1.0,1.0,1.2
2025-08-08,2025-08-08 11:12:12.700,MO2508-C-7500,1.0,1.0,1.2
2025-08-08,2025-08-08 11:12:13.200,MO2508-C-7500,1.0,1.0,1.2
2025-08-08,2025-08-08 11:12:22.700,MO2508-C-7500,1.0,1.0,1.2
2025-08-08,2025-08-08 11:12:23.200,MO2508-C-7500,1.0,1.0,1.2
2025-08-08,2025-08-08 11:12:32.700,MO2508-C-7500,1.0,1.0,1.2
2025-08-08,2025-08-08 11:12:33.200,MO2508-C-7500,1.0,1.0,1.2
2025-08-08,2025-08-08 11:12:42.700,MO2508-C-7500,1.0,1.0,1.2
2025-08-08,2025-08-08 11:12:43.200,MO2508-C-7500,1.0,1.0,1.2
2025-08-08,2025-08-08 11:12:52.700,MO2508-C-7500,1.0,1.0,1.2
2025-08-08,2025-08-08 11:12:53.200,MO2508-C-7500,1.0,1.0,1.2
2025-08-08,2025-08-08 11:13:02.700,MO2508-C-7500,1.0,1.0,1.2
2025-08-08,2025-08-08 11:13:03.200,MO2508-C-7500,1.0,1.0,1.2
2025-08-08,2025-08-08 11:13:12.700,MO2508-C-7500,1.0,1.0,1.2
2025-08-08,2025-08-08 11:13:13.200,MO2508-C-7500,1.0,1.0,1.2
2025-08-08,2025-08-08 11:13:22.700,MO2508-C-7500,1.0,1.0,1.2
2025-08-08,2025-08-08 11:13:23.200,MO2508-C-7500,1.0,1.0,1.2
2025-08-08,2025-08-08 11:13:32.700,MO2508-C-7500,1.0,1.0,1.2
2025-08-08,2025-08-08 11:13:33.200,MO2508-C-7500,1.0,1.0,1.2
2025-08-08,2025-08-08 11:13:42.700,MO2508-C-7500,1.0,1.0,1.2
2025-08-08,2025-08-08 11:13:43.200,MO2508-C-7500,1.0,1.0,1.2
2025-08-08,2025-08-08 11:13:52.700,MO2508-C-7500,1.0,1.0,1.2
2025-08-08,2025-08-08 11:13:53.200,MO2508-C-7500,1.0,1.0,1.2
2025-08-08,2025-08-08 11:14:02.700,MO2508-C-7500,1.0,1.0,1.2
2025-08-08,2025-08-08 11:14:03.200,MO2508-C-7500,1.0,1.0,1.2
2025-08-08,2025-08-08 11:14:12.700,MO2508-C-7500,1.0,1.0,1.2
2025-08-08,2025-08-08 11:14:13.200,MO2508-C-7500,1.0,1.0,1.2
2025-08-08,2025-08-08 11:14:18.200,MO2508-C-7500,1.0,1.0,1.2
2025-08-08,2025-08-08 11:14:22.700,MO2508-C-7500,1.0,1.0,1.2
2025-08-08,2025-08-08 11:14:23.200,MO2508-C-7500,1.0,1.0,1.2
2025-08-08,2025-08-08 11:14:32.700,MO2508-C-7500,1.0,1.0,1.2
2025-08-08,2025-08-08 11:14:33.200,MO2508-C-7500,1.0,1.0,1.2
2025-08-08,2025-08-08 11:14:42.700,MO2508-C-7500,1.0,1.0,1.2
2025-08-08,2025-08-08 11:14:43.200,MO2508-C-7500,1.0,1.0,1.2
2025-08-08,2025-08-08 11:14:52.700,MO2508-C-7500,1.0,1.0,1.2
2025-08-08,2025-08-08 11:14:53.200,MO2508-C-7500,1.0,1.0,1.2
2025-08-08,2025-08-08 11:15:02.700,MO2508-C-7500,1.0,1.0,1.2
2025-08-08,2025-08-08 11:15:03.200,MO2508-C-7500,1.0,1.0,1.2
2025-08-08,2025-08-08 11:15:12.700,MO2508-C-7500,1.0,1.0,1.2
2025-08-08,2025-08-08 11:15:13.200,MO2508-C-7500,1.0,1.0,1.2
2025-08-08,2025-08-08 11:15:22.700,MO2508-C-7500,1.0,1.0,1.2
2025-08-08,2025-08-08 11:15:23.200,MO2508-C-7500,1.0,1.0,1.2
2025-08-08,2025-08-08 11:15:32.700,MO2508-C-7500,1.0,1.0,1.2
2025-08-08,2025-08-08 11:15:33.200,MO2508-C-7500,1.0,1.0,1.2
2025-08-08,2025-08-08 11:15:33.700,MO2508-C-7500,1.0,1.0,1.2
2025-08-08,2025-08-08 11:15:34.200,MO2508-C-7500,1.0,1.0,1.2
2025-08-08,2025-08-08 11:15:36.200,MO2508-C-7500,1.0,1.0,1.2
2025-08-08,2025-08-08 11:15:36.700,MO2508-C-7500,1.0,1.0,1.2
2025-08-08,2025-08-08 11:15:38.200,MO2508-C-7500,1.0,1.0,1.2
2025-08-08,2025-08-08 11:15:42.700,MO2508-C-7500,1.0,1.0,1.2
2025-08-08,2025-08-08 11:15:43.200,MO2508-C-7500,1.0,1.0,1.2
2025-08-08,2025-08-08 11:15:52.700,MO2508-C-7500,1.0,1.0,1.2
2025-08-08,2025-08-08 11:15:53.200,MO2508-C-7500,1.0,1.0,1.2
2025-08-08,2025-08-08 11:15:53.700,MO2508-C-7500,1.0,1.0,1.2
2025-08-08,2025-08-08 11:16:02.700,MO2508-C-7500,1.0,1.0,1.2
2025-08-08,2025-08-08 11:16:03.200,MO2508-C-7500,1.0,1.0,1.2
2025-08-08,2025-08-08 11:16:03.700,MO2508-C-7500,1.0,1.0,1.2
2025-08-08,2025-08-08 11:16:12.700,MO2508-C-7500,1.0,1.0,1.2
2025-08-08,2025-08-08 11:16:13.200,MO2508-C-7500,1.0,1.0,1.2
2025-08-08,2025-08-08 11:16:22.700,MO2508-C-7500,1.0,1.0,1.2
2025-08-08,2025-08-08 11:16:23.200,MO2508-C-7500,1.0,1.0,1.2
2025-08-08,2025-08-08 11:16:28.200,MO2508-C-7500,1.0,1.0,1.2
2025-08-08,2025-08-08 11:16:32.700,MO2508-C-7500,1.0,1.0,1.2
2025-08-08,2025-08-08 11:16:33.200,MO2508-C-7500,1.0,1.0,1.2
2025-08-08,2025-08-08 11:16:42.700,MO2508-C-7500,1.0,1.0,1.2
2025-08-08,2025-08-08 11:16:43.200,MO2508-C-7500,1.0,1.0,1.2
2025-08-08,2025-08-08 11:16:52.700,MO2508-C-7500,1.0,1.0,1.2
2025-08-08,2025-08-08 11:16:53.200,MO2508-C-7500,1.0,1.0,1.2
2025-08-08,2025-08-08 11:17:02.700,MO2508-C-7500,1.0,1.0,1.2
2025-08-08,2025-08-08 11:17:03.200,MO2508-C-7500,1.0,1.0,1.2
2025-08-08,2025-08-08 11:17:12.700,MO2508-C-7500,1.0,1.0,1.2
2025-08-08,2025-08-08 11:17:13.200,MO2508-C-7500,1.0,1.0,1.2
2025-08-08,2025-08-08 11:17:22.700,MO2508-C-7500,1.0,1.0,1.2
2025-08-08,2025-08-08 11:17:23.200,MO2508-C-7500,1.0,1.0,1.2
2025-08-08,2025-08-08 11:17:32.700,MO2508-C-7500,1.0,1.0,1.2
2025-08-08,2025-08-08 11:17:33.200,MO2508-C-7500,1.0,1.0,1.2
2025-08-08,2025-08-08 11:17:41.200,MO2508-C-7500,1.0,1.0,1.2
2025-08-08,2025-08-08 11:17:42.700,MO2508-C-7500,1.0,1.0,1.2
2025-08-08,2025-08-08 11:17:43.200,MO2508-C-7500,1.0,1.0,1.2
2025-08-08,2025-08-08 11:17:52.700,MO2508-C-7500,1.0,1.0,1.2
2025-08-08,2025-08-08 11:17:53.200,MO2508-C-7500,1.0,1.0,1.2
2025-08-08,2025-08-08 11:18:02.700,MO2508-C-7500,1.0,1.0,1.2
2025-08-08,2025-08-08 11:18:03.200,MO2508-C-7500,1.0,1.0,1.2
2025-08-08,2025-08-08 11:18:12.700,MO2508-C-7500,1.0,1.0,1.2
2025-08-08,2025-08-08 11:18:13.200,MO2508-C-7500,1.0,1.0,1.2
2025-08-08,2025-08-08 11:18:22.700,MO2508-C-7500,1.0,1.0,1.2
2025-08-08,2025-08-08 11:18:23.200,MO2508-C-7500,1.0,1.0,1.2
2025-08-08,2025-08-08 11:18:32.700,MO2508-C-7500,1.0,1.0,1.2
2025-08-08,2025-08-08 11:18:33.200,MO2508-C-7500,1.0,1.0,1.2
2025-08-08,2025-08-08 11:18:42.700,MO2508-C-7500,1.0,1.0,1.2
2025-08-08,2025-08-08 11:18:43.200,MO2508-C-7500,1.0,1.0,1.2
2025-08-08,2025-08-08 11:18:44.700,MO2508-C-7500,1.0,1.0,1.2
2025-08-08,2025-08-08 11:18:48.700,MO2508-C-7500,1.0,1.0,1.2
2025-08-08,2025-08-08 11:18:49.700,MO2508-C-7500,1.0,1.0,1.2
2025-08-08,2025-08-08 11:18:52.200,MO2508-C-7500,1.0,1.0,1.2
2025-08-08,2025-08-08 11:18:52.700,MO2508-C-7500,1.0,1.0,1.2
2025-08-08,2025-08-08 11:18:53.200,MO2508-C-7500,1.0,1.0,1.2
2025-08-08,2025-08-08 11:18:57.200,MO2508-C-7500,1.0,1.0,1.2
2025-08-08,2025-08-08 11:19:01.200,MO2508-C-7500,1.0,1.0,1.2
2025-08-08,2025-08-08 11:19:02.700,MO2508-C-7500,1.0,1.0,1.2
2025-08-08,2025-08-08 11:19:03.200,MO2508-C-7500,1.0,1.0,1.2
2025-08-08,2025-08-08 11:19:11.700,MO2508-C-7500,1.0,1.0,1.2
2025-08-08,2025-08-08 11:19:12.200,MO2508-C-7500,1.0,1.0,1.2
2025-08-08,2025-08-08 11:19:12.700,MO2508-C-7500,1.0,1.0,1.2
2025-08-08,2025-08-08 11:19:13.200,MO2508-C-7500,1.0,1.0,1.2
2025-08-08,2025-08-08 11:19:22.700,MO2508-C-7500,1.0,1.0,1.2
2025-08-08,2025-08-08 11:19:23.200,MO2508-C-7500,1.0,1.0,1.2
2025-08-08,2025-08-08 11:19:32.700,MO2508-C-7500,1.0,1.0,1.2
2025-08-08,2025-08-08 11:19:33.200,MO2508-C-7500,1.0,1.0,1.2
2025-08-08,2025-08-08 11:19:42.700,MO2508-C-7500,1.0,1.0,1.2
2025-08-08,2025-08-08 11:19:43.200,MO2508-C-7500,1.0,1.0,1.2
2025-08-08,2025-08-08 11:19:52.700,MO2508-C-7500,1.0,1.0,1.2
2025-08-08,2025-08-08 11:19:53.200,MO2508-C-7500,1.0,1.0,1.2
2025-08-08,2025-08-08 11:19:58.200,MO2508-C-7500,1.0,1.0,1.2
2025-08-08,2025-08-08 11:20:02.700,MO2508-C-7500,1.0,1.0,1.2
2025-08-08,2025-08-08 11:20:03.200,MO2508-C-7500,1.0,1.0,1.2
2025-08-08,2025-08-08 11:20:04.700,MO2508-C-7500,1.0,1.0,1.2
2025-08-08,2025-08-08 11:20:12.700,MO2508-C-7500,1.0,1.0,1.2
2025-08-08,2025-08-08 11:20:13.200,MO2508-C-7500,1.0,1.0,1.2
2025-08-08,2025-08-08 11:20:22.700,MO2508-C-7500,1.0,1.0,1.2
2025-08-08,2025-08-08 11:20:23.200,MO2508-C-7500,1.0,1.0,1.2
2025-08-08,2025-08-08 11:20:32.700,MO2508-C-7500,1.0,1.0,1.2
2025-08-08,2025-08-08 11:20:33.200,MO2508-C-7500,1.0,1.0,1.2
2025-08-08,2025-08-08 11:20:42.700,MO2508-C-7500,1.0,1.0,1.2
2025-08-08,2025-08-08 11:20:43.200,MO2508-C-7500,1.0,1.0,1.2
2025-08-08,2025-08-08 11:20:52.700,MO2508-C-7500,1.0,1.0,1.2
2025-08-08,2025-08-08 11:20:53.200,MO2508-C-7500,1.0,1.0,1.2
2025-08-08,2025-08-08 11:21:02.700,MO2508-C-7500,1.0,1.0,1.2
2025-08-08,2025-08-08 11:21:03.200,MO2508-C-7500,1.0,1.0,1.2
2025-08-08,2025-08-08 11:21:12.700,MO2508-C-7500,1.0,1.0,1.2
2025-08-08,2025-08-08 11:21:13.200,MO2508-C-7500,1.0,1.0,1.2
2025-08-08,2025-08-08 11:21:14.200,MO2508-C-7500,1.0,1.0,1.2
2025-08-08,2025-08-08 11:21:23.200,MO2508-C-7500,1.0,1.0,1.2
2025-08-08,2025-08-08 11:21:23.700,MO2508-C-7500,1.0,1.0,1.2
2025-08-08,2025-08-08 11:21:27.700,MO2508-C-7500,1.0,1.0,1.2
2025-08-08,2025-08-08 11:21:33.200,MO2508-C-7500,1.0,1.0,1.2
2025-08-08,2025-08-08 11:21:33.700,MO2508-C-7500,1.0,1.0,1.2
2025-08-08,2025-08-08 11:21:39.700,MO2508-C-7500,1.0,1.0,1.2
2025-08-08,2025-08-08 11:21:40.200,MO2508-C-7500,1.0,1.0,1.2
2025-08-08,2025-08-08 11:21:42.200,MO2508-C-7500,1.0,1.0,1.2
2025-08-08,2025-08-08 11:21:43.200,MO2508-C-7500,1.0,1.0,1.2
2025-08-08,2025-08-08 11:21:43.700,MO2508-C-7500,1.0,1.0,1.2
2025-08-08,2025-08-08 11:21:44.200,MO2508-C-7500,1.0,1.0,1.2
2025-08-08,2025-08-08 11:21:44.700,MO2508-C-7500,1.0,1.0,1.2
2025-08-08,2025-08-08 11:21:52.200,MO2508-C-7500,1.0,1.0,1.2
2025-08-08,2025-08-08 11:21:53.200,MO2508-C-7500,1.0,1.0,1.2
2025-08-08,2025-08-08 11:21:53.700,MO2508-C-7500,1.0,1.0,1.2
2025-08-08,2025-08-08 11:21:54.200,MO2508-C-7500,1.0,1.0,1.2
2025-08-08,2025-08-08 11:22:03.200,MO2508-C-7500,1.0,1.0,1.2
2025-08-08,2025-08-08 11:22:03.700,MO2508-C-7500,1.0,1.0,1.2
2025-08-08,2025-08-08 11:22:13.200,MO2508-C-7500,1.0,1.0,1.2
2025-08-08,2025-08-08 11:22:13.700,MO2508-C-7500,1.0,1.0,1.2
2025-08-08,2025-08-08 11:22:23.200,MO2508-C-7500,1.0,1.0,1.2
2025-08-08,2025-08-08 11:22:23.700,MO2508-C-7500,1.0,1.0,1.2
2025-08-08,2025-08-08 11:22:33.200,MO2508-C-7500,1.0,1.0,1.2
2025-08-08,2025-08-08 11:22:33.700,MO2508-C-7500,1.0,1.0,1.2
2025-08-08,2025-08-08 11:22:42.700,MO2508-C-7500,1.0,1.0,1.2
2025-08-08,2025-08-08 11:22:43.200,MO2508-C-7500,1.0,1.0,1.2
2025-08-08,2025-08-08 11:22:52.700,MO2508-C-7500,1.0,1.0,1.2
2025-08-08,2025-08-08 11:22:53.200,MO2508-C-7500,1.0,1.0,1.2
2025-08-08,2025-08-08 11:23:02.700,MO2508-C-7500,1.0,1.0,1.2
2025-08-08,2025-08-08 11:23:03.200,MO2508-C-7500,1.0,1.0,1.2
2025-08-08,2025-08-08 11:23:12.700,MO2508-C-7500,1.0,1.0,1.2
2025-08-08,2025-08-08 11:23:13.200,MO2508-C-7500,1.0,1.0,1.2
2025-08-08,2025-08-08 11:23:22.700,MO2508-C-7500,1.0,1.0,1.2
2025-08-08,2025-08-08 11:23:23.200,MO2508-C-7500,1.0,1.0,1.2
2025-08-08,2025-08-08 11:23:32.700,MO2508-C-7500,1.0,1.0,1.2
2025-08-08,2025-08-08 11:23:33.200,MO2508-C-7500,1.0,1.0,1.2
2025-08-08,2025-08-08 11:23:39.200,MO2508-C-7500,1.0,1.0,1.2
2025-08-08,2025-08-08 11:23:42.700,MO2508-C-7500,1.0,1.0,1.2
2025-08-08,2025-08-08 11:23:43.200,MO2508-C-7500,1.0,1.0,1.2
2025-08-08,2025-08-08 11:23:50.200,MO2508-C-7500,1.0,1.0,1.2
2025-08-08,2025-08-08 11:23:52.700,MO2508-C-7500,1.0,1.0,1.2
2025-08-08,2025-08-08 11:23:53.200,MO2508-C-7500,1.0,1.0,1.2
2025-08-08,2025-08-08 11:23:59.700,MO2508-C-7500,1.0,1.0,1.2
2025-08-08,2025-08-08 11:24:02.700,MO2508-C-7500,1.0,1.0,1.2
2025-08-08,2025-08-08 11:24:03.200,MO2508-C-7500,1.0,1.0,1.2
2025-08-08,2025-08-08 11:24:13.200,MO2508-C-7500,1.0,1.0,1.2
2025-08-08,2025-08-08 11:24:13.700,MO2508-C-7500,1.0,1.0,1.2
2025-08-08,2025-08-08 11:24:23.200,MO2508-C-7500,1.0,1.0,1.2
2025-08-08,2025-08-08 11:24:23.700,MO2508-C-7500,1.0,1.0,1.2
2025-08-08,2025-08-08 11:24:33.200,MO2508-C-7500,1.0,1.0,1.2
2025-08-08,2025-08-08 11:24:33.700,MO2508-C-7500,1.0,1.0,1.2
2025-08-08,2025-08-08 11:24:43.200,MO2508-C-7500,1.0,1.0,1.2
2025-08-08,2025-08-08 11:24:43.700,MO2508-C-7500,1.0,1.0,1.2
2025-08-08,2025-08-08 11:24:50.200,MO2508-C-7500,1.0,1.0,1.2
2025-08-08,2025-08-08 11:24:53.200,MO2508-C-7500,1.0,1.0,1.2
2025-08-08,2025-08-08 11:24:53.700,MO2508-C-7500,1.0,1.0,1.2
2025-08-08,2025-08-08 11:24:55.200,MO2508-C-7500,1.0,1.0,1.2
2025-08-08,2025-08-08 11:25:03.200,MO2508-C-7500,1.0,1.0,1.2
2025-08-08,2025-08-08 11:25:03.700,MO2508-C-7500,1.0,1.0,1.2
2025-08-08,2025-08-08 11:25:13.200,MO2508-C-7500,1.0,1.0,1.2
2025-08-08,2025-08-08 11:25:13.700,MO2508-C-7500,1.0,1.0,1.2
2025-08-08,2025-08-08 11:25:23.200,MO2508-C-7500,1.0,1.0,1.2
2025-08-08,2025-08-08 11:25:23.700,MO2508-C-7500,1.0,1.0,1.2
2025-08-08,2025-08-08 11:25:29.200,MO2508-C-7500,1.0,1.0,1.2
2025-08-08,2025-08-08 11:25:33.200,MO2508-C-7500,1.0,1.0,1.2
2025-08-08,2025-08-08 11:25:33.700,MO2508-C-7500,1.0,1.0,1.2
2025-08-08,2025-08-08 11:25:41.700,MO2508-C-7500,1.0,1.0,1.2
2025-08-08,2025-08-08 11:25:43.200,MO2508-C-7500,1.0,1.0,1.2
2025-08-08,2025-08-08 11:25:43.700,MO2508-C-7500,1.0,1.0,1.2
2025-08-08,2025-08-08 11:25:53.200,MO2508-C-7500,1.0,1.0,1.2
2025-08-08,2025-08-08 11:25:53.700,MO2508-C-7500,1.0,1.0,1.2
2025-08-08,2025-08-08 11:26:03.200,MO2508-C-7500,1.0,1.0,1.2
2025-08-08,2025-08-08 11:26:03.700,MO2508-C-7500,1.0,1.0,1.2
2025-08-08,2025-08-08 11:26:04.700,MO2508-C-7500,1.0,1.0,1.2
2025-08-08,2025-08-08 11:26:06.700,MO2508-C-7500,1.0,1.0,1.2
2025-08-08,2025-08-08 11:26:13.200,MO2508-C-7500,1.0,1.0,1.2
2025-08-08,2025-08-08 11:26:13.700,MO2508-C-7500,1.0,1.0,1.2
2025-08-08,2025-08-08 11:26:23.200,MO2508-C-7500,1.0,1.0,1.2
2025-08-08,2025-08-08 11:26:23.700,MO2508-C-7500,1.0,1.0,1.2
2025-08-08,2025-08-08 11:26:33.200,MO2508-C-7500,1.0,1.0,1.2
2025-08-08,2025-08-08 11:26:33.700,MO2508-C-7500,1.0,1.0,1.2
2025-08-08,2025-08-08 11:26:34.200,MO2508-C-7500,1.0,1.0,1.2
2025-08-08,2025-08-08 11:26:39.200,MO2508-C-7500,1.0,1.0,1.2
2025-08-08,2025-08-08 11:26:43.200,MO2508-C-7500,1.0,1.0,1.2
2025-08-08,2025-08-08 11:26:43.700,MO2508-C-7500,1.0,1.0,1.2
2025-08-08,2025-08-08 11:26:53.200,MO2508-C-7500,1.0,1.0,1.2
2025-08-08,2025-08-08 11:26:53.700,MO2508-C-7500,1.0,1.0,1.2
2025-08-08,2025-08-08 11:26:54.200,MO2508-C-7500,1.0,1.0,1.2
2025-08-08,2025-08-08 11:27:03.200,MO2508-C-7500,1.0,1.0,1.2
2025-08-08,2025-08-08 11:27:03.700,MO2508-C-7500,1.0,1.0,1.2
2025-08-08,2025-08-08 11:27:06.700,MO2508-C-7500,1.0,1.0,1.2
2025-08-08,2025-08-08 11:27:13.200,MO2508-C-7500,1.0,1.0,1.2
2025-08-08,2025-08-08 11:27:13.700,MO2508-C-7500,1.0,1.0,1.2
2025-08-08,2025-08-08 11:27:23.200,MO2508-C-7500,1.0,1.0,1.2
2025-08-08,2025-08-08 11:27:23.700,MO2508-C-7500,1.0,1.0,1.2
2025-08-08,2025-08-08 11:27:33.200,MO2508-C-7500,1.0,1.0,1.2
2025-08-08,2025-08-08 11:27:33.700,MO2508-C-7500,1.0,1.0,1.2
2025-08-08,2025-08-08 11:27:43.200,MO2508-C-7500,1.0,1.0,1.2
2025-08-08,2025-08-08 11:27:43.700,MO2508-C-7500,1.0,1.0,1.2
2025-08-08,2025-08-08 11:27:53.200,MO2508-C-7500,1.0,1.0,1.2
2025-08-08,2025-08-08 11:27:53.700,MO2508-C-7500,1.0,1.0,1.2
2025-08-08,2025-08-08 11:28:03.200,MO2508-C-7500,1.0,1.0,1.2
2025-08-08,2025-08-08 11:28:03.700,MO2508-C-7500,1.0,1.0,1.2
2025-08-08,2025-08-08 11:28:13.200,MO2508-C-7500,1.0,1.0,1.2
2025-08-08,2025-08-08 11:28:13.700,MO2508-C-7500,1.0,1.0,1.2
2025-08-08,2025-08-08 11:28:19.700,MO2508-C-7500,1.0,1.0,1.2
2025-08-08,2025-08-08 11:28:21.700,MO2508-C-7500,1.0,1.0,1.2
2025-08-08,2025-08-08 11:28:23.200,MO2508-C-7500,1.0,1.0,1.2
2025-08-08,2025-08-08 11:28:23.700,MO2508-C-7500,1.0,1.0,1.2
2025-08-08,2025-08-08 11:28:33.200,MO2508-C-7500,1.0,1.0,1.2
2025-08-08,2025-08-08 11:28:33.700,MO2508-C-7500,1.0,1.0,1.2
2025-08-08,2025-08-08 11:28:43.200,MO2508-C-7500,1.0,1.0,1.2
2025-08-08,2025-08-08 11:28:43.700,MO2508-C-7500,1.0,1.0,1.2
2025-08-08,2025-08-08 11:28:53.200,MO2508-C-7500,1.0,1.0,1.2
2025-08-08,2025-08-08 11:28:53.700,MO2508-C-7500,1.0,1.0,1.2
2025-08-08,2025-08-08 11:29:03.200,MO2508-C-7500,1.0,1.0,1.2
2025-08-08,2025-08-08 11:29:03.700,MO2508-C-7500,1.0,1.0,1.2
2025-08-08,2025-08-08 11:29:10.200,MO2508-C-7500,1.0,1.0,1.2
2025-08-08,2025-08-08 11:29:10.700,MO2508-C-7500,1.0,1.0,1.2
2025-08-08,2025-08-08 11:29:13.200,MO2508-C-7500,1.0,1.0,1.2
2025-08-08,2025-08-08 11:29:13.700,MO2508-C-7500,1.0,1.0,1.2
2025-08-08,2025-08-08 11:29:17.200,MO2508-C-7500,1.0,1.0,1.2
2025-08-08,2025-08-08 11:29:20.700,MO2508-C-7500,1.0,1.0,1.2
2025-08-08,2025-08-08 11:29:22.200,MO2508-C-7500,1.0,1.0,1.2
2025-08-08,2025-08-08 11:29:23.200,MO2508-C-7500,1.0,1.0,1.2
2025-08-08,2025-08-08 11:29:23.700,MO2508-C-7500,1.0,1.0,1.2
2025-08-08,2025-08-08 11:29:29.700,MO2508-C-7500,1.0,1.0,1.2
2025-08-08,2025-08-08 11:29:30.700,MO2508-C-7500,1.0,1.0,1.2
2025-08-08,2025-08-08 11:29:31.200,MO2508-C-7500,1.0,1.0,1.2
2025-08-08,2025-08-08 11:29:32.700,MO2508-C-7500,1.0,1.0,1.2
2025-08-08,2025-08-08 11:29:33.200,MO2508-C-7500,1.0,1.0,1.2
2025-08-08,2025-08-08 11:29:33.700,MO2508-C-7500,1.0,1.0,1.2
2025-08-08,2025-08-08 11:29:35.200,MO2508-C-7500,1.0,1.0,1.2
2025-08-08,2025-08-08 11:29:36.200,MO2508-C-7500,1.0,1.0,1.2
2025-08-08,2025-08-08 11:29:36.700,MO2508-C-7500,1.0,1.0,1.2
2025-08-08,2025-08-08 11:29:38.700,MO2508-C-7500,1.0,1.0,1.2
2025-08-08,2025-08-08 11:29:41.200,MO2508-C-7500,1.0,1.0,1.2
2025-08-08,2025-08-08 11:29:42.700,MO2508-C-7500,1.0,1.0,1.2
2025-08-08,2025-08-08 11:29:45.200,MO2508-C-7500,1.0,1.0,1.2
2025-08-08,2025-08-08 11:29:45.700,MO2508-C-7500,1.0,1.0,1.2
2025-08-08,2025-08-08 11:29:46.200,MO2508-C-7500,1.0,1.0,1.2
2025-08-08,2025-08-08 11:29:46.700,MO2508-C-7500,1.0,1.0,1.2
2025-08-08,2025-08-08 11:29:47.700,MO2508-C-7500,1.0,1.0,1.2
2025-08-08,2025-08-08 11:29:48.200,MO2508-C-7500,1.0,1.0,1.2
2025-08-08,2025-08-08 11:29:48.700,MO2508-C-7500,1.0,1.0,1.2
2025-08-08,2025-08-08 11:29:49.200,MO2508-C-7500,1.0,1.0,1.2
2025-08-08,2025-08-08 11:29:50.200,MO2508-C-7500,1.0,1.0,1.2
2025-08-08,2025-08-08 11:29:50.700,MO2508-C-7500,1.0,1.0,1.2
2025-08-08,2025-08-08 11:29:52.700,MO2508-C-7500,1.0,1.0,1.2
2025-08-08,2025-08-08 11:29:59.700,MO2508-C-7500,1.0,1.0,1.2
2025-08-08,2025-08-08 11:30:00.200,MO2508-C-7500,1.0,1.0,1.2
2025-08-08,2025-08-08 13:00:00.200,MO2508-C-7500,1.0,1.0,1.2
2025-08-08,2025-08-08 13:00:00.700,MO2508-C-7500,1.0,1.0,1.2
2025-08-08,2025-08-08 13:00:01.200,MO2508-C-7500,1.0,1.0,1.2
2025-08-08,2025-08-08 13:00:02.200,MO2508-C-7500,1.0,1.0,1.2
2025-08-08,2025-08-08 13:00:09.700,MO2508-C-7500,1.0,1.0,1.2
2025-08-08,2025-08-08 13:00:10.200,MO2508-C-7500,1.0,1.0,1.2
2025-08-08,2025-08-08 13:00:10.700,MO2508-C-7500,1.0,1.0,1.2
2025-08-08,2025-08-08 13:00:11.200,MO2508-C-7500,1.0,1.0,1.2
2025-08-08,2025-08-08 13:00:11.700,MO2508-C-7500,1.0,1.0,1.2
2025-08-08,2025-08-08 13:00:12.200,MO2508-C-7500,1.0,1.0,1.2
2025-08-08,2025-08-08 13:00:12.700,MO2508-C-7500,1.0,1.0,1.2
2025-08-08,2025-08-08 13:00:13.700,MO2508-C-7500,1.0,1.0,1.2
2025-08-08,2025-08-08 13:00:14.200,MO2508-C-7500,1.0,1.0,1.2
2025-08-08,2025-08-08 13:00:14.700,MO2508-C-7500,1.0,1.0,1.2
2025-08-08,2025-08-08 13:00:15.200,MO2508-C-7500,1.0,1.0,1.2
2025-08-08,2025-08-08 13:00:16.700,MO2508-C-7500,1.0,1.0,1.2
2025-08-08,2025-08-08 13:00:17.200,MO2508-C-7500,1.0,1.0,1.2
2025-08-08,2025-08-08 13:00:18.200,MO2508-C-7500,1.0,1.0,1.2
2025-08-08,2025-08-08 13:00:19.700,MO2508-C-7500,1.0,1.0,1.2
2025-08-08,2025-08-08 13:00:20.200,MO2508-C-7500,1.0,1.0,1.2
2025-08-08,2025-08-08 13:00:20.700,MO2508-C-7500,1.0,1.0,1.2
2025-08-08,2025-08-08 13:00:21.200,MO2508-C-7500,1.0,1.0,1.2
2025-08-08,2025-08-08 13:00:30.200,MO2508-C-7500,1.0,1.0,1.2
2025-08-08,2025-08-08 13:00:32.700,MO2508-C-7500,1.0,1.0,1.2
2025-08-08,2025-08-08 13:00:33.700,MO2508-C-7500,1.0,1.0,1.2
2025-08-08,2025-08-08 13:00:34.200,MO2508-C-7500,1.0,1.0,1.2
2025-08-08,2025-08-08 13:00:34.700,MO2508-C-7500,1.0,1.0,1.2
2025-08-08,2025-08-08 13:00:37.200,MO2508-C-7500,1.0,1.0,1.2
2025-08-08,2025-08-08 13:00:38.200,MO2508-C-7500,1.0,1.0,1.2
2025-08-08,2025-08-08 13:00:42.700,MO2508-C-7500,1.0,1.0,1.2
2025-08-08,2025-08-08 13:00:50.200,MO2508-C-7500,1.0,1.0,1.2
2025-08-08,2025-08-08 13:00:52.700,MO2508-C-7500,1.0,1.0,1.2
2025-08-08,2025-08-08 13:00:54.700,MO2508-C-7500,1.0,1.0,1.2
2025-08-08,2025-08-08 13:01:07.700,MO2508-C-7500,1.0,1.0,1.2
2025-08-08,2025-08-08 13:01:11.200,MO2508-C-7500,1.0,1.0,1.2
2025-08-08,2025-08-08 13:01:11.700,MO2508-C-7500,1.0,1.0,1.2
2025-08-08,2025-08-08 13:01:12.200,MO2508-C-7500,1.0,1.0,1.2
2025-08-08,2025-08-08 13:01:12.700,MO2508-C-7500,1.0,1.0,1.2
2025-08-08,2025-08-08 13:01:13.200,MO2508-C-7500,1.0,1.0,1.2
2025-08-08,2025-08-08 13:01:22.700,MO2508-C-7500,1.0,1.0,1.2
2025-08-08,2025-08-08 13:01:23.200,MO2508-C-7500,1.0,1.0,1.2
2025-08-08,2025-08-08 13:01:23.700,MO2508-C-7500,1.0,1.0,1.2
2025-08-08,2025-08-08 13:01:32.700,MO2508-C-7500,1.0,1.0,1.2
2025-08-08,2025-08-08 13:01:33.200,MO2508-C-7500,1.0,1.0,1.2
2025-08-08,2025-08-08 13:01:42.700,MO2508-C-7500,1.0,1.0,1.2
2025-08-08,2025-08-08 13:01:43.200,MO2508-C-7500,1.0,1.0,1.2
2025-08-08,2025-08-08 13:01:52.700,MO2508-C-7500,1.0,1.0,1.2
2025-08-08,2025-08-08 13:01:53.200,MO2508-C-7500,1.0,1.0,1.2
2025-08-08,2025-08-08 13:02:02.700,MO2508-C-7500,1.0,1.0,1.2
2025-08-08,2025-08-08 13:02:03.200,MO2508-C-7500,1.0,1.0,1.2
2025-08-08,2025-08-08 13:02:05.700,MO2508-C-7500,1.0,1.0,1.2
2025-08-08,2025-08-08 13:02:06.200,MO2508-C-7500,1.0,1.0,1.2
2025-08-08,2025-08-08 13:02:12.200,MO2508-C-7500,1.0,1.0,1.2
2025-08-08,2025-08-08 13:02:12.700,MO2508-C-7500,1.0,1.0,1.2
2025-08-08,2025-08-08 13:02:13.200,MO2508-C-7500,1.0,1.0,1.2
2025-08-08,2025-08-08 13:02:17.700,MO2508-C-7500,1.0,1.0,1.2
2025-08-08,2025-08-08 13:02:22.700,MO2508-C-7500,1.0,1.0,1.2
2025-08-08,2025-08-08 13:02:23.200,MO2508-C-7500,1.0,1.0,1.2
2025-08-08,2025-08-08 13:02:32.700,MO2508-C-7500,1.0,1.0,1.2
2025-08-08,2025-08-08 13:02:33.200,MO2508-C-7500,1.0,1.0,1.2
2025-08-08,2025-08-08 13:02:42.200,MO2508-C-7500,1.0,1.0,1.2
2025-08-08,2025-08-08 13:02:42.700,MO2508-C-7500,1.0,1.0,1.2
2025-08-08,2025-08-08 13:02:43.200,MO2508-C-7500,1.0,1.0,1.2
2025-08-08,2025-08-08 13:02:52.700,MO2508-C-7500,1.0,1.0,1.2
2025-08-08,2025-08-08 13:02:53.200,MO2508-C-7500,1.0,1.0,1.2
2025-08-08,2025-08-08 13:03:02.700,MO2508-C-7500,1.0,1.0,1.2
2025-08-08,2025-08-08 13:03:03.200,MO2508-C-7500,1.0,1.0,1.2
2025-08-08,2025-08-08 13:03:12.700,MO2508-C-7500,1.0,1.0,1.2
2025-08-08,2025-08-08 13:03:13.200,MO2508-C-7500,1.0,1.0,1.2
2025-08-08,2025-08-08 13:03:22.700,MO2508-C-7500,1.0,1.0,1.2
2025-08-08,2025-08-08 13:03:23.200,MO2508-C-7500,1.0,1.0,1.2
2025-08-08,2025-08-08 13:03:32.700,MO2508-C-7500,1.0,1.0,1.2
2025-08-08,2025-08-08 13:03:33.200,MO2508-C-7500,1.0,1.0,1.2
2025-08-08,2025-08-08 13:03:42.700,MO2508-C-7500,1.0,1.0,1.2
2025-08-08,2025-08-08 13:03:43.200,MO2508-C-7500,1.0,1.0,1.2
2025-08-08,2025-08-08 13:03:52.700,MO2508-C-7500,1.0,1.0,1.2
2025-08-08,2025-08-08 13:03:53.200,MO2508-C-7500,1.0,1.0,1.2
2025-08-08,2025-08-08 13:04:00.700,MO2508-C-7500,1.0,1.0,1.2
2025-08-08,2025-08-08 13:04:02.700,MO2508-C-7500,1.0,1.0,1.2
2025-08-08,2025-08-08 13:04:03.200,MO2508-C-7500,1.0,1.0,1.2
2025-08-08,2025-08-08 13:04:12.700,MO2508-C-7500,1.0,1.0,1.2
2025-08-08,2025-08-08 13:04:13.200,MO2508-C-7500,1.0,1.0,1.2
2025-08-08,2025-08-08 13:04:22.700,MO2508-C-7500,1.0,1.0,1.2
2025-08-08,2025-08-08 13:04:23.200,MO2508-C-7500,1.0,1.0,1.2
2025-08-08,2025-08-08 13:04:32.700,MO2508-C-7500,1.0,1.0,1.2
2025-08-08,2025-08-08 13:04:33.200,MO2508-C-7500,1.0,1.0,1.2
2025-08-08,2025-08-08 13:04:42.700,MO2508-C-7500,1.0,1.0,1.2
2025-08-08,2025-08-08 13:04:43.200,MO2508-C-7500,1.0,1.0,1.2
2025-08-08,2025-08-08 13:04:47.200,MO2508-C-7500,1.0,1.0,1.2
2025-08-08,2025-08-08 13:04:48.200,MO2508-C-7500,1.0,1.0,1.2
2025-08-08,2025-08-08 13:04:50.200,MO2508-C-7500,1.0,1.0,1.2
2025-08-08,2025-08-08 13:04:50.700,MO2508-C-7500,1.0,1.0,1.2
2025-08-08,2025-08-08 13:04:51.200,MO2508-C-7500,1.0,1.0,1.2
2025-08-08,2025-08-08 13:04:52.200,MO2508-C-7500,1.0,1.0,1.2
2025-08-08,2025-08-08 13:04:52.700,MO2508-C-7500,1.0,1.0,1.2
2025-08-08,2025-08-08 13:04:53.200,MO2508-C-7500,1.0,1.0,1.2
2025-08-08,2025-08-08 13:04:59.200,MO2508-C-7500,1.0,1.0,1.2
2025-08-08,2025-08-08 13:05:02.700,MO2508-C-7500,1.0,1.0,1.2
2025-08-08,2025-08-08 13:05:03.200,MO2508-C-7500,1.0,1.0,1.2
2025-08-08,2025-08-08 13:05:12.700,MO2508-C-7500,1.0,1.0,1.2
2025-08-08,2025-08-08 13:05:13.200,MO2508-C-7500,1.0,1.0,1.2
2025-08-08,2025-08-08 13:05:17.700,MO2508-C-7500,1.0,1.0,1.2
2025-08-08,2025-08-08 13:05:18.700,MO2508-C-7500,1.0,1.0,1.2
2025-08-08,2025-08-08 13:05:22.700,MO2508-C-7500,1.0,1.0,1.2
2025-08-08,2025-08-08 13:05:23.200,MO2508-C-7500,1.0,1.0,1.2
2025-08-08,2025-08-08 13:05:24.700,MO2508-C-7500,1.0,1.0,1.2
2025-08-08,2025-08-08 13:05:32.700,MO2508-C-7500,1.0,1.0,1.2
2025-08-08,2025-08-08 13:05:33.200,MO2508-C-7500,1.0,1.0,1.2
2025-08-08,2025-08-08 13:05:38.200,MO2508-C-7500,1.0,1.0,1.2
2025-08-08,2025-08-08 13:05:41.700,MO2508-C-7500,1.0,1.0,1.2
2025-08-08,2025-08-08 13:05:42.700,MO2508-C-7500,1.0,1.0,1.2
2025-08-08,2025-08-08 13:05:43.200,MO2508-C-7500,1.0,1.0,1.2
2025-08-08,2025-08-08 13:05:45.700,MO2508-C-7500,1.0,1.0,1.2
2025-08-08,2025-08-08 13:05:52.700,MO2508-C-7500,1.0,1.0,1.2
2025-08-08,2025-08-08 13:05:53.200,MO2508-C-7500,1.0,1.0,1.2
2025-08-08,2025-08-08 13:05:59.200,MO2508-C-7500,1.0,1.0,1.2
2025-08-08,2025-08-08 13:05:59.700,MO2508-C-7500,1.0,1.0,1.2
2025-08-08,2025-08-08 13:06:02.700,MO2508-C-7500,1.0,1.0,1.2
2025-08-08,2025-08-08 13:06:03.200,MO2508-C-7500,1.0,1.0,1.2
2025-08-08,2025-08-08 13:06:08.200,MO2508-C-7500,1.0,1.0,1.2
2025-08-08,2025-08-08 13:06:09.200,MO2508-C-7500,1.0,1.0,1.2
2025-08-08,2025-08-08 13:06:09.700,MO2508-C-7500,1.0,1.0,1.2
2025-08-08,2025-08-08 13:06:12.700,MO2508-C-7500,1.0,1.0,1.2
2025-08-08,2025-08-08 13:06:13.200,MO2508-C-7500,1.0,1.0,1.2
2025-08-08,2025-08-08 13:06:22.700,MO2508-C-7500,1.0,1.0,1.2
2025-08-08,2025-08-08 13:06:23.200,MO2508-C-7500,1.0,1.0,1.2
2025-08-08,2025-08-08 13:06:25.700,MO2508-C-7500,1.0,1.0,1.2
2025-08-08,2025-08-08 13:06:32.700,MO2508-C-7500,1.0,1.0,1.2
2025-08-08,2025-08-08 13:06:33.200,MO2508-C-7500,1.0,1.0,1.2
2025-08-08,2025-08-08 13:06:35.200,MO2508-C-7500,1.0,1.0,1.2
2025-08-08,2025-08-08 13:06:37.700,MO2508-C-7500,1.0,1.0,1.2
2025-08-08,2025-08-08 13:06:42.700,MO2508-C-7500,1.0,1.0,1.2
2025-08-08,2025-08-08 13:06:43.200,MO2508-C-7500,1.0,1.0,1.2
2025-08-08,2025-08-08 13:06:52.700,MO2508-C-7500,1.0,1.0,1.2
2025-08-08,2025-08-08 13:06:53.200,MO2508-C-7500,1.0,1.0,1.2
2025-08-08,2025-08-08 13:07:02.700,MO2508-C-7500,1.0,1.0,1.2
2025-08-08,2025-08-08 13:07:03.200,MO2508-C-7500,1.0,1.0,1.2
2025-08-08,2025-08-08 13:07:06.200,MO2508-C-7500,1.0,1.0,1.2
2025-08-08,2025-08-08 13:07:09.700,MO2508-C-7500,1.0,1.0,1.2
2025-08-08,2025-08-08 13:07:12.700,MO2508-C-7500,1.0,1.0,1.2
2025-08-08,2025-08-08 13:07:13.200,MO2508-C-7500,1.0,1.0,1.2
2025-08-08,2025-08-08 13:07:16.700,MO2508-C-7500,1.2,1.0,1.2
2025-08-08,2025-08-08 13:07:21.200,MO2508-C-7500,1.2,1.0,1.2
2025-08-08,2025-08-08 13:07:22.700,MO2508-C-7500,1.2,1.0,1.2
2025-08-08,2025-08-08 13:07:23.200,MO2508-C-7500,1.2,1.0,1.2
2025-08-08,2025-08-08 13:07:32.700,MO2508-C-7500,1.2,1.0,1.2
2025-08-08,2025-08-08 13:07:33.200,MO2508-C-7500,1.2,1.0,1.2
2025-08-08,2025-08-08 13:07:42.700,MO2508-C-7500,1.2,1.0,1.2
2025-08-08,2025-08-08 13:07:43.200,MO2508-C-7500,1.2,1.0,1.2
2025-08-08,2025-08-08 13:07:52.700,MO2508-C-7500,1.2,1.0,1.2
2025-08-08,2025-08-08 13:07:53.200,MO2508-C-7500,1.2,1.0,1.2
2025-08-08,2025-08-08 13:08:02.700,MO2508-C-7500,1.2,1.0,1.2
2025-08-08,2025-08-08 13:08:03.200,MO2508-C-7500,1.2,1.0,1.2
2025-08-08,2025-08-08 13:08:12.700,MO2508-C-7500,1.2,1.0,1.2
2025-08-08,2025-08-08 13:08:13.200,MO2508-C-7500,1.2,1.0,1.2
2025-08-08,2025-08-08 13:08:22.700,MO2508-C-7500,1.2,1.0,1.2
2025-08-08,2025-08-08 13:08:23.200,MO2508-C-7500,1.2,1.0,1.2
2025-08-08,2025-08-08 13:08:32.700,MO2508-C-7500,1.2,1.0,1.2
2025-08-08,2025-08-08 13:08:33.200,MO2508-C-7500,1.2,1.0,1.2
2025-08-08,2025-08-08 13:08:40.200,MO2508-C-7500,1.2,1.0,1.2
2025-08-08,2025-08-08 13:08:40.700,MO2508-C-7500,1.2,1.0,1.2
2025-08-08,2025-08-08 13:08:41.700,MO2508-C-7500,1.2,1.0,1.2
2025-08-08,2025-08-08 13:08:42.700,MO2508-C-7500,1.2,1.0,1.2
2025-08-08,2025-08-08 13:08:43.200,MO2508-C-7500,1.2,1.0,1.2
2025-08-08,2025-08-08 13:08:52.700,MO2508-C-7500,1.2,1.0,1.2
2025-08-08,2025-08-08 13:08:53.200,MO2508-C-7500,1.2,1.0,1.2
2025-08-08,2025-08-08 13:09:02.700,MO2508-C-7500,1.2,1.0,1.2
2025-08-08,2025-08-08 13:09:03.200,MO2508-C-7500,1.2,1.0,1.2
2025-08-08,2025-08-08 13:09:12.700,MO2508-C-7500,1.2,1.0,1.2
2025-08-08,2025-08-08 13:09:13.200,MO2508-C-7500,1.2,1.0,1.2
2025-08-08,2025-08-08 13:09:22.700,MO2508-C-7500,1.2,1.0,1.2
2025-08-08,2025-08-08 13:09:23.200,MO2508-C-7500,1.2,1.0,1.2
2025-08-08,2025-08-08 13:09:31.700,MO2508-C-7500,1.2,1.0,1.2
2025-08-08,2025-08-08 13:09:32.700,MO2508-C-7500,1.2,1.0,1.2
2025-08-08,2025-08-08 13:09:33.200,MO2508-C-7500,1.2,1.0,1.2
2025-08-08,2025-08-08 13:09:42.700,MO2508-C-7500,1.2,1.0,1.2
2025-08-08,2025-08-08 13:09:43.200,MO2508-C-7500,1.2,1.0,1.2
2025-08-08,2025-08-08 13:09:48.200,MO2508-C-7500,1.2,1.0,1.2
2025-08-08,2025-08-08 13:09:52.700,MO2508-C-7500,1.2,1.0,1.2
2025-08-08,2025-08-08 13:09:53.200,MO2508-C-7500,1.2,1.0,1.2
2025-08-08,2025-08-08 13:09:58.700,MO2508-C-7500,1.2,1.0,1.2
2025-08-08,2025-08-08 13:10:02.700,MO2508-C-7500,1.2,1.0,1.2
2025-08-08,2025-08-08 13:10:03.200,MO2508-C-7500,1.2,1.0,1.2
2025-08-08,2025-08-08 13:10:12.700,MO2508-C-7500,1.2,1.0,1.2
2025-08-08,2025-08-08 13:10:13.200,MO2508-C-7500,1.2,1.0,1.2
2025-08-08,2025-08-08 13:10:22.700,MO2508-C-7500,1.2,1.0,1.2
2025-08-08,2025-08-08 13:10:23.200,MO2508-C-7500,1.2,1.0,1.2
2025-08-08,2025-08-08 13:10:32.700,MO2508-C-7500,1.2,1.0,1.2
2025-08-08,2025-08-08 13:10:33.200,MO2508-C-7500,1.2,1.0,1.2
2025-08-08,2025-08-08 13:10:42.700,MO2508-C-7500,1.2,1.0,1.2
2025-08-08,2025-08-08 13:10:43.200,MO2508-C-7500,1.2,1.0,1.2
2025-08-08,2025-08-08 13:10:52.700,MO2508-C-7500,1.2,1.0,1.2
2025-08-08,2025-08-08 13:10:53.200,MO2508-C-7500,1.2,1.0,1.2
2025-08-08,2025-08-08 13:10:56.200,MO2508-C-7500,1.2,1.0,1.2
2025-08-08,2025-08-08 13:10:56.700,MO2508-C-7500,1.2,1.0,1.2
2025-08-08,2025-08-08 13:11:02.700,MO2508-C-7500,1.2,1.0,1.2
2025-08-08,2025-08-08 13:11:03.200,MO2508-C-7500,1.2,1.0,1.2
2025-08-08,2025-08-08 13:11:12.700,MO2508-C-7500,1.2,1.0,1.2
2025-08-08,2025-08-08 13:11:13.200,MO2508-C-7500,1.2,1.0,1.2
2025-08-08,2025-08-08 13:11:22.700,MO2508-C-7500,1.2,1.0,1.2
2025-08-08,2025-08-08 13:11:23.200,MO2508-C-7500,1.2,1.0,1.2
2025-08-08,2025-08-08 13:11:32.700,MO2508-C-7500,1.2,1.0,1.2
2025-08-08,2025-08-08 13:11:33.200,MO2508-C-7500,1.2,1.0,1.2
2025-08-08,2025-08-08 13:11:34.700,MO2508-C-7500,1.2,1.0,1.2
2025-08-08,2025-08-08 13:11:42.700,MO2508-C-7500,1.2,1.0,1.2
2025-08-08,2025-08-08 13:11:43.200,MO2508-C-7500,1.2,1.0,1.2
2025-08-08,2025-08-08 13:11:52.700,MO2508-C-7500,1.2,1.0,1.2
2025-08-08,2025-08-08 13:11:53.200,MO2508-C-7500,1.2,1.0,1.2
2025-08-08,2025-08-08 13:12:02.700,MO2508-C-7500,1.2,1.0,1.2
2025-08-08,2025-08-08 13:12:03.200,MO2508-C-7500,1.2,1.0,1.2
2025-08-08,2025-08-08 13:12:12.700,MO2508-C-7500,1.2,1.0,1.2
2025-08-08,2025-08-08 13:12:13.200,MO2508-C-7500,1.2,1.0,1.2
2025-08-08,2025-08-08 13:12:15.700,MO2508-C-7500,1.2,1.0,1.2
2025-08-08,2025-08-08 13:12:16.200,MO2508-C-7500,1.2,1.0,1.2
2025-08-08,2025-08-08 13:12:22.700,MO2508-C-7500,1.2,1.0,1.2
2025-08-08,2025-08-08 13:12:23.200,MO2508-C-7500,1.2,1.0,1.2
2025-08-08,2025-08-08 13:12:32.700,MO2508-C-7500,1.2,1.0,1.2
2025-08-08,2025-08-08 13:12:33.200,MO2508-C-7500,1.2,1.0,1.2
2025-08-08,2025-08-08 13:12:38.200,MO2508-C-7500,1.2,1.0,1.2
2025-08-08,2025-08-08 13:12:42.700,MO2508-C-7500,1.2,1.0,1.2
2025-08-08,2025-08-08 13:12:43.200,MO2508-C-7500,1.2,1.0,1.2
2025-08-08,2025-08-08 13:12:52.700,MO2508-C-7500,1.2,1.0,1.2
2025-08-08,2025-08-08 13:12:53.200,MO2508-C-7500,1.2,1.0,1.2
2025-08-08,2025-08-08 13:13:02.700,MO2508-C-7500,1.2,1.0,1.2
2025-08-08,2025-08-08 13:13:03.200,MO2508-C-7500,1.2,1.0,1.2
2025-08-08,2025-08-08 13:13:09.200,MO2508-C-7500,1.2,1.0,1.2
2025-08-08,2025-08-08 13:13:12.700,MO2508-C-7500,1.2,1.0,1.2
2025-08-08,2025-08-08 13:13:13.200,MO2508-C-7500,1.2,1.0,1.2
2025-08-08,2025-08-08 13:13:17.700,MO2508-C-7500,1.2,1.0,1.2
2025-08-08,2025-08-08 13:13:22.700,MO2508-C-7500,1.2,1.0,1.2
2025-08-08,2025-08-08 13:13:23.200,MO2508-C-7500,1.2,1.0,1.2
2025-08-08,2025-08-08 13:13:32.700,MO2508-C-7500,1.2,1.0,1.2
2025-08-08,2025-08-08 13:13:33.200,MO2508-C-7500,1.2,1.0,1.2
2025-08-08,2025-08-08 13:13:42.700,MO2508-C-7500,1.2,1.0,1.2
2025-08-08,2025-08-08 13:13:43.200,MO2508-C-7500,1.2,1.0,1.2
2025-08-08,2025-08-08 13:13:52.700,MO2508-C-7500,1.2,1.0,1.2
2025-08-08,2025-08-08 13:13:53.200,MO2508-C-7500,1.2,1.0,1.2
2025-08-08,2025-08-08 13:14:01.700,MO2508-C-7500,1.2,1.0,1.2
2025-08-08,2025-08-08 13:14:02.700,MO2508-C-7500,1.2,1.0,1.2
2025-08-08,2025-08-08 13:14:03.200,MO2508-C-7500,1.2,1.0,1.2
2025-08-08,2025-08-08 13:14:04.200,MO2508-C-7500,1.2,1.0,1.2
2025-08-08,2025-08-08 13:14:05.200,MO2508-C-7500,1.2,1.0,1.2
2025-08-08,2025-08-08 13:14:08.200,MO2508-C-7500,1.2,1.0,1.2
2025-08-08,2025-08-08 13:14:10.200,MO2508-C-7500,1.2,1.0,1.2
2025-08-08,2025-08-08 13:14:11.200,MO2508-C-7500,1.2,1.0,1.2
2025-08-08,2025-08-08 13:14:12.200,MO2508-C-7500,1.2,1.0,1.2
2025-08-08,2025-08-08 13:14:12.700,MO2508-C-7500,1.2,1.0,1.2
2025-08-08,2025-08-08 13:14:13.200,MO2508-C-7500,1.2,1.0,1.2
2025-08-08,2025-08-08 13:14:21.700,MO2508-C-7500,1.2,1.0,1.2
2025-08-08,2025-08-08 13:14:22.200,MO2508-C-7500,1.2,1.0,1.2
2025-08-08,2025-08-08 13:14:22.700,MO2508-C-7500,1.2,1.0,1.2
2025-08-08,2025-08-08 13:14:23.200,MO2508-C-7500,1.2,1.0,1.2
2025-08-08,2025-08-08 13:14:32.700,MO2508-C-7500,1.2,1.0,1.2
2025-08-08,2025-08-08 13:14:33.200,MO2508-C-7500,1.2,1.0,1.2
2025-08-08,2025-08-08 13:14:42.700,MO2508-C-7500,1.2,1.0,1.2
2025-08-08,2025-08-08 13:14:43.200,MO2508-C-7500,1.2,1.0,1.2
2025-08-08,2025-08-08 13:14:52.700,MO2508-C-7500,1.2,1.0,1.2
2025-08-08,2025-08-08 13:14:53.200,MO2508-C-7500,1.2,1.0,1.2
2025-08-08,2025-08-08 13:15:02.700,MO2508-C-7500,1.2,1.0,1.2
2025-08-08,2025-08-08 13:15:03.200,MO2508-C-7500,1.2,1.0,1.2
2025-08-08,2025-08-08 13:15:12.700,MO2508-C-7500,1.2,1.0,1.2
2025-08-08,2025-08-08 13:15:13.200,MO2508-C-7500,1.2,1.0,1.2
2025-08-08,2025-08-08 13:15:22.700,MO2508-C-7500,1.2,1.0,1.2
2025-08-08,2025-08-08 13:15:23.200,MO2508-C-7500,1.2,1.0,1.2
2025-08-08,2025-08-08 13:15:32.700,MO2508-C-7500,1.2,1.0,1.2
2025-08-08,2025-08-08 13:15:33.200,MO2508-C-7500,1.2,1.0,1.2
2025-08-08,2025-08-08 13:15:42.700,MO2508-C-7500,1.2,1.0,1.2
2025-08-08,2025-08-08 13:15:43.200,MO2508-C-7500,1.2,1.0,1.2
2025-08-08,2025-08-08 13:15:52.700,MO2508-C-7500,1.2,1.0,1.2
2025-08-08,2025-08-08 13:15:53.200,MO2508-C-7500,1.2,1.0,1.2
2025-08-08,2025-08-08 13:16:02.700,MO2508-C-7500,1.2,1.0,1.2
2025-08-08,2025-08-08 13:16:03.200,MO2508-C-7500,1.2,1.0,1.2
2025-08-08,2025-08-08 13:16:12.700,MO2508-C-7500,1.2,1.0,1.2
2025-08-08,2025-08-08 13:16:13.200,MO2508-C-7500,1.2,1.0,1.2
2025-08-08,2025-08-08 13:16:22.700,MO2508-C-7500,1.2,1.0,1.2
2025-08-08,2025-08-08 13:16:23.200,MO2508-C-7500,1.2,1.0,1.2
2025-08-08,2025-08-08 13:16:24.200,MO2508-C-7500,1.2,1.0,1.2
2025-08-08,2025-08-08 13:16:27.200,MO2508-C-7500,1.2,1.0,1.2
2025-08-08,2025-08-08 13:16:32.700,MO2508-C-7500,1.2,1.0,1.2
2025-08-08,2025-08-08 13:16:33.200,MO2508-C-7500,1.2,1.0,1.2
2025-08-08,2025-08-08 13:16:42.700,MO2508-C-7500,1.2,1.0,1.2
2025-08-08,2025-08-08 13:16:43.200,MO2508-C-7500,1.2,1.0,1.2
2025-08-08,2025-08-08 13:16:52.700,MO2508-C-7500,1.2,1.0,1.2
2025-08-08,2025-08-08 13:16:53.200,MO2508-C-7500,1.2,1.0,1.2
2025-08-08,2025-08-08 13:17:02.700,MO2508-C-7500,1.2,1.0,1.2
2025-08-08,2025-08-08 13:17:03.200,MO2508-C-7500,1.2,1.0,1.2
2025-08-08,2025-08-08 13:17:12.700,MO2508-C-7500,1.2,1.0,1.2
2025-08-08,2025-08-08 13:17:13.200,MO2508-C-7500,1.2,1.0,1.2
2025-08-08,2025-08-08 13:17:22.700,MO2508-C-7500,1.2,1.0,1.2
2025-08-08,2025-08-08 13:17:23.200,MO2508-C-7500,1.2,1.0,1.2
2025-08-08,2025-08-08 13:17:32.700,MO2508-C-7500,1.2,1.0,1.2
2025-08-08,2025-08-08 13:17:33.200,MO2508-C-7500,1.2,1.0,1.2
2025-08-08,2025-08-08 13:17:42.700,MO2508-C-7500,1.2,1.0,1.2
2025-08-08,2025-08-08 13:17:43.200,MO2508-C-7500,1.2,1.0,1.2
2025-08-08,2025-08-08 13:17:52.700,MO2508-C-7500,1.2,1.0,1.2
2025-08-08,2025-08-08 13:17:53.200,MO2508-C-7500,1.2,1.0,1.2
2025-08-08,2025-08-08 13:18:00.200,MO2508-C-7500,1.2,1.0,1.2
2025-08-08,2025-08-08 13:18:00.700,MO2508-C-7500,1.2,1.0,1.2
2025-08-08,2025-08-08 13:18:02.700,MO2508-C-7500,1.2,1.0,1.2
2025-08-08,2025-08-08 13:18:03.200,MO2508-C-7500,1.2,1.0,1.2
2025-08-08,2025-08-08 13:18:12.700,MO2508-C-7500,1.2,1.0,1.2
2025-08-08,2025-08-08 13:18:13.200,MO2508-C-7500,1.2,1.0,1.2
2025-08-08,2025-08-08 13:18:22.700,MO2508-C-7500,1.2,1.0,1.2
2025-08-08,2025-08-08 13:18:23.200,MO2508-C-7500,1.2,1.0,1.2
2025-08-08,2025-08-08 13:18:32.700,MO2508-C-7500,1.2,1.0,1.2
2025-08-08,2025-08-08 13:18:33.200,MO2508-C-7500,1.2,1.0,1.2
2025-08-08,2025-08-08 13:18:42.700,MO2508-C-7500,1.2,1.0,1.2
2025-08-08,2025-08-08 13:18:43.200,MO2508-C-7500,1.2,1.0,1.2
2025-08-08,2025-08-08 13:18:52.700,MO2508-C-7500,1.2,1.0,1.2
2025-08-08,2025-08-08 13:18:53.200,MO2508-C-7500,1.2,1.0,1.2
2025-08-08,2025-08-08 13:19:02.700,MO2508-C-7500,1.2,1.0,1.2
2025-08-08,2025-08-08 13:19:03.200,MO2508-C-7500,1.2,1.0,1.2
2025-08-08,2025-08-08 13:19:12.700,MO2508-C-7500,1.2,1.0,1.2
2025-08-08,2025-08-08 13:19:13.200,MO2508-C-7500,1.2,1.0,1.2
2025-08-08,2025-08-08 13:19:22.700,MO2508-C-7500,1.2,1.0,1.2
2025-08-08,2025-08-08 13:19:23.200,MO2508-C-7500,1.2,1.0,1.2
2025-08-08,2025-08-08 13:19:32.700,MO2508-C-7500,1.2,1.0,1.2
2025-08-08,2025-08-08 13:19:33.200,MO2508-C-7500,1.2,1.0,1.2
2025-08-08,2025-08-08 13:19:42.700,MO2508-C-7500,1.2,1.0,1.2
2025-08-08,2025-08-08 13:19:43.200,MO2508-C-7500,1.2,1.0,1.2
2025-08-08,2025-08-08 13:19:52.700,MO2508-C-7500,1.2,1.0,1.2
2025-08-08,2025-08-08 13:19:53.200,MO2508-C-7500,1.2,1.0,1.2
2025-08-08,2025-08-08 13:20:02.700,MO2508-C-7500,1.2,1.0,1.2
2025-08-08,2025-08-08 13:20:03.200,MO2508-C-7500,1.2,1.0,1.2
2025-08-08,2025-08-08 13:20:12.700,MO2508-C-7500,1.2,1.0,1.2
2025-08-08,2025-08-08 13:20:13.200,MO2508-C-7500,1.2,1.0,1.2
2025-08-08,2025-08-08 13:20:22.700,MO2508-C-7500,1.2,1.0,1.2
2025-08-08,2025-08-08 13:20:23.200,MO2508-C-7500,1.2,1.0,1.2
2025-08-08,2025-08-08 13:20:32.700,MO2508-C-7500,1.2,1.0,1.2
2025-08-08,2025-08-08 13:20:33.200,MO2508-C-7500,1.2,1.0,1.2
2025-08-08,2025-08-08 13:20:42.700,MO2508-C-7500,1.2,1.0,1.2
2025-08-08,2025-08-08 13:20:43.200,MO2508-C-7500,1.2,1.0,1.2
2025-08-08,2025-08-08 13:20:52.700,MO2508-C-7500,1.2,1.0,1.2
2025-08-08,2025-08-08 13:20:53.200,MO2508-C-7500,1.2,1.0,1.2
2025-08-08,2025-08-08 13:21:02.700,MO2508-C-7500,1.2,1.0,1.2
2025-08-08,2025-08-08 13:21:03.200,MO2508-C-7500,1.2,1.0,1.2
2025-08-08,2025-08-08 13:21:12.700,MO2508-C-7500,1.2,1.0,1.2
2025-08-08,2025-08-08 13:21:13.200,MO2508-C-7500,1.2,1.0,1.2
2025-08-08,2025-08-08 13:21:22.700,MO2508-C-7500,1.2,1.0,1.2
2025-08-08,2025-08-08 13:21:23.200,MO2508-C-7500,1.2,1.0,1.2
2025-08-08,2025-08-08 13:21:23.700,MO2508-C-7500,1.2,1.0,1.2
2025-08-08,2025-08-08 13:21:32.700,MO2508-C-7500,1.2,1.0,1.2
2025-08-08,2025-08-08 13:21:33.200,MO2508-C-7500,1.2,1.0,1.2
2025-08-08,2025-08-08 13:21:42.700,MO2508-C-7500,1.2,1.0,1.2
2025-08-08,2025-08-08 13:21:43.200,MO2508-C-7500,1.2,1.0,1.2
2025-08-08,2025-08-08 13:21:52.700,MO2508-C-7500,1.2,1.0,1.2
2025-08-08,2025-08-08 13:21:53.200,MO2508-C-7500,1.2,1.0,1.2
2025-08-08,2025-08-08 13:22:02.700,MO2508-C-7500,1.2,1.0,1.2
2025-08-08,2025-08-08 13:22:03.200,MO2508-C-7500,1.2,1.0,1.2
2025-08-08,2025-08-08 13:22:12.700,MO2508-C-7500,1.2,1.0,1.2
2025-08-08,2025-08-08 13:22:13.200,MO2508-C-7500,1.2,1.0,1.2
2025-08-08,2025-08-08 13:22:22.700,MO2508-C-7500,1.2,1.0,1.2
2025-08-08,2025-08-08 13:22:23.200,MO2508-C-7500,1.2,1.0,1.2
2025-08-08,2025-08-08 13:22:32.700,MO2508-C-7500,1.2,1.0,1.2
2025-08-08,2025-08-08 13:22:33.200,MO2508-C-7500,1.2,1.0,1.2
2025-08-08,2025-08-08 13:22:42.700,MO2508-C-7500,1.2,1.0,1.2
2025-08-08,2025-08-08 13:22:43.200,MO2508-C-7500,1.2,1.0,1.2
2025-08-08,2025-08-08 13:22:52.700,MO2508-C-7500,1.2,1.0,1.2
2025-08-08,2025-08-08 13:22:53.200,MO2508-C-7500,1.2,1.0,1.2
2025-08-08,2025-08-08 13:23:02.700,MO2508-C-7500,1.2,1.0,1.2
2025-08-08,2025-08-08 13:23:03.200,MO2508-C-7500,1.2,1.0,1.2
2025-08-08,2025-08-08 13:23:12.700,MO2508-C-7500,1.2,1.0,1.2
2025-08-08,2025-08-08 13:23:13.200,MO2508-C-7500,1.2,1.0,1.2
2025-08-08,2025-08-08 13:23:22.700,MO2508-C-7500,1.2,1.0,1.2
2025-08-08,2025-08-08 13:23:23.200,MO2508-C-7500,1.2,1.0,1.2
2025-08-08,2025-08-08 13:23:32.700,MO2508-C-7500,1.2,1.0,1.2
2025-08-08,2025-08-08 13:23:33.200,MO2508-C-7500,1.2,1.0,1.2
2025-08-08,2025-08-08 13:23:42.700,MO2508-C-7500,1.2,1.0,1.2
2025-08-08,2025-08-08 13:23:43.200,MO2508-C-7500,1.2,1.0,1.2
2025-08-08,2025-08-08 13:23:52.700,MO2508-C-7500,1.2,1.0,1.2
2025-08-08,2025-08-08 13:23:53.200,MO2508-C-7500,1.2,1.0,1.2
2025-08-08,2025-08-08 13:24:02.200,MO2508-C-7500,1.2,1.0,1.2
2025-08-08,2025-08-08 13:24:02.700,MO2508-C-7500,1.2,1.0,1.2
2025-08-08,2025-08-08 13:24:03.200,MO2508-C-7500,1.2,1.0,1.2
2025-08-08,2025-08-08 13:24:12.700,MO2508-C-7500,1.2,1.0,1.2
2025-08-08,2025-08-08 13:24:13.200,MO2508-C-7500,1.2,1.0,1.2
2025-08-08,2025-08-08 13:24:22.700,MO2508-C-7500,1.2,1.0,1.2
2025-08-08,2025-08-08 13:24:23.200,MO2508-C-7500,1.2,1.0,1.2
2025-08-08,2025-08-08 13:24:32.700,MO2508-C-7500,1.2,1.0,1.2
2025-08-08,2025-08-08 13:24:33.200,MO2508-C-7500,1.2,1.0,1.2
2025-08-08,2025-08-08 13:24:42.700,MO2508-C-7500,1.2,1.0,1.2
2025-08-08,2025-08-08 13:24:43.200,MO2508-C-7500,1.2,1.0,1.2
2025-08-08,2025-08-08 13:24:52.700,MO2508-C-7500,1.2,1.0,1.2
2025-08-08,2025-08-08 13:24:53.200,MO2508-C-7500,1.2,1.0,1.2
2025-08-08,2025-08-08 13:25:02.700,MO2508-C-7500,1.2,1.0,1.2
2025-08-08,2025-08-08 13:25:03.200,MO2508-C-7500,1.2,1.0,1.2
2025-08-08,2025-08-08 13:25:12.700,MO2508-C-7500,1.2,1.0,1.2
2025-08-08,2025-08-08 13:25:13.200,MO2508-C-7500,1.2,1.0,1.2
2025-08-08,2025-08-08 13:25:22.700,MO2508-C-7500,1.2,1.0,1.2
2025-08-08,2025-08-08 13:25:23.200,MO2508-C-7500,1.2,1.0,1.2
2025-08-08,2025-08-08 13:25:28.200,MO2508-C-7500,1.2,1.0,1.2
2025-08-08,2025-08-08 13:25:32.700,MO2508-C-7500,1.2,1.0,1.2
2025-08-08,2025-08-08 13:25:33.200,MO2508-C-7500,1.2,1.0,1.2
2025-08-08,2025-08-08 13:25:42.700,MO2508-C-7500,1.2,1.0,1.2
2025-08-08,2025-08-08 13:25:43.200,MO2508-C-7500,1.2,1.0,1.2
2025-08-08,2025-08-08 13:25:52.700,MO2508-C-7500,1.2,1.0,1.2
2025-08-08,2025-08-08 13:25:53.200,MO2508-C-7500,1.2,1.0,1.2
2025-08-08,2025-08-08 13:26:02.700,MO2508-C-7500,1.2,1.0,1.2
2025-08-08,2025-08-08 13:26:03.200,MO2508-C-7500,1.2,1.0,1.2
2025-08-08,2025-08-08 13:26:12.700,MO2508-C-7500,1.2,1.0,1.2
2025-08-08,2025-08-08 13:26:13.200,MO2508-C-7500,1.2,1.0,1.2
2025-08-08,2025-08-08 13:26:22.700,MO2508-C-7500,1.2,1.0,1.2
2025-08-08,2025-08-08 13:26:23.200,MO2508-C-7500,1.2,1.0,1.2
2025-08-08,2025-08-08 13:26:32.700,MO2508-C-7500,1.2,1.0,1.2
2025-08-08,2025-08-08 13:26:33.200,MO2508-C-7500,1.2,1.0,1.2
2025-08-08,2025-08-08 13:26:42.700,MO2508-C-7500,1.2,1.0,1.2
2025-08-08,2025-08-08 13:26:43.200,MO2508-C-7500,1.2,1.0,1.2
2025-08-08,2025-08-08 13:26:52.700,MO2508-C-7500,1.2,1.0,1.2
2025-08-08,2025-08-08 13:26:53.200,MO2508-C-7500,1.2,1.0,1.2
2025-08-08,2025-08-08 13:27:02.700,MO2508-C-7500,1.2,1.0,1.2
2025-08-08,2025-08-08 13:27:03.200,MO2508-C-7500,1.2,1.0,1.2
2025-08-08,2025-08-08 13:27:12.700,MO2508-C-7500,1.2,1.0,1.2
2025-08-08,2025-08-08 13:27:13.200,MO2508-C-7500,1.2,1.0,1.2
2025-08-08,2025-08-08 13:27:17.700,MO2508-C-7500,1.2,1.0,1.2
2025-08-08,2025-08-08 13:27:22.700,MO2508-C-7500,1.2,1.0,1.2
2025-08-08,2025-08-08 13:27:23.200,MO2508-C-7500,1.2,1.0,1.2
2025-08-08,2025-08-08 13:27:32.700,MO2508-C-7500,1.2,1.0,1.2
2025-08-08,2025-08-08 13:27:33.200,MO2508-C-7500,1.2,1.0,1.2
2025-08-08,2025-08-08 13:27:42.700,MO2508-C-7500,1.2,1.0,1.2
2025-08-08,2025-08-08 13:27:43.200,MO2508-C-7500,1.2,1.0,1.2
2025-08-08,2025-08-08 13:27:49.700,MO2508-C-7500,1.2,1.0,1.2
2025-08-08,2025-08-08 13:27:52.700,MO2508-C-7500,1.2,1.0,1.2
2025-08-08,2025-08-08 13:27:53.200,MO2508-C-7500,1.2,1.0,1.2
2025-08-08,2025-08-08 13:27:55.700,MO2508-C-7500,1.2,1.0,1.2
2025-08-08,2025-08-08 13:28:02.700,MO2508-C-7500,1.2,1.0,1.2
2025-08-08,2025-08-08 13:28:03.200,MO2508-C-7500,1.2,1.0,1.2
2025-08-08,2025-08-08 13:28:12.700,MO2508-C-7500,1.2,1.0,1.2
2025-08-08,2025-08-08 13:28:13.200,MO2508-C-7500,1.2,1.0,1.2
2025-08-08,2025-08-08 13:28:20.200,MO2508-C-7500,1.2,1.0,1.2
2025-08-08,2025-08-08 13:28:20.700,MO2508-C-7500,1.2,1.0,1.2
2025-08-08,2025-08-08 13:28:22.700,MO2508-C-7500,1.2,1.0,1.2
2025-08-08,2025-08-08 13:28:23.200,MO2508-C-7500,1.2,1.0,1.2
2025-08-08,2025-08-08 13:28:23.700,MO2508-C-7500,1.2,1.0,1.2
2025-08-08,2025-08-08 13:28:26.200,MO2508-C-7500,1.2,1.0,1.2
2025-08-08,2025-08-08 13:28:32.700,MO2508-C-7500,1.2,1.0,1.2
2025-08-08,2025-08-08 13:28:33.200,MO2508-C-7500,1.2,1.0,1.2
2025-08-08,2025-08-08 13:28:34.700,MO2508-C-7500,1.2,1.0,1.2
2025-08-08,2025-08-08 13:28:40.200,MO2508-C-7500,1.2,1.0,1.2
2025-08-08,2025-08-08 13:28:42.700,MO2508-C-7500,1.2,1.0,1.2
2025-08-08,2025-08-08 13:28:43.200,MO2508-C-7500,1.2,1.0,1.2
2025-08-08,2025-08-08 13:28:46.700,MO2508-C-7500,1.2,1.0,1.2
2025-08-08,2025-08-08 13:28:49.700,MO2508-C-7500,1.2,1.0,1.2
2025-08-08,2025-08-08 13:28:50.200,MO2508-C-7500,1.2,1.0,1.2
2025-08-08,2025-08-08 13:28:52.700,MO2508-C-7500,1.2,1.0,1.2
2025-08-08,2025-08-08 13:28:53.200,MO2508-C-7500,1.2,1.0,1.2
2025-08-08,2025-08-08 13:28:55.200,MO2508-C-7500,1.2,1.0,1.2
2025-08-08,2025-08-08 13:29:02.700,MO2508-C-7500,1.2,1.0,1.2
2025-08-08,2025-08-08 13:29:03.200,MO2508-C-7500,1.2,1.0,1.2
2025-08-08,2025-08-08 13:29:12.700,MO2508-C-7500,1.2,1.0,1.2
2025-08-08,2025-08-08 13:29:13.200,MO2508-C-7500,1.2,1.0,1.2
2025-08-08,2025-08-08 13:29:14.200,MO2508-C-7500,1.2,1.0,1.2
2025-08-08,2025-08-08 13:29:15.700,MO2508-C-7500,1.2,1.0,1.2
2025-08-08,2025-08-08 13:29:16.200,MO2508-C-7500,1.2,1.0,1.2
2025-08-08,2025-08-08 13:29:22.700,MO2508-C-7500,1.2,1.0,1.2
2025-08-08,2025-08-08 13:29:23.200,MO2508-C-7500,1.2,1.0,1.2
2025-08-08,2025-08-08 13:29:24.200,MO2508-C-7500,1.2,1.0,1.2
2025-08-08,2025-08-08 13:29:25.200,MO2508-C-7500,1.2,1.0,1.2
2025-08-08,2025-08-08 13:29:28.200,MO2508-C-7500,1.2,1.0,1.2
2025-08-08,2025-08-08 13:29:29.200,MO2508-C-7500,1.2,1.0,1.2
2025-08-08,2025-08-08 13:29:32.700,MO2508-C-7500,1.2,1.0,1.2
2025-08-08,2025-08-08 13:29:33.200,MO2508-C-7500,1.2,1.0,1.2
2025-08-08,2025-08-08 13:29:39.700,MO2508-C-7500,1.2,1.0,1.2
2025-08-08,2025-08-08 13:29:42.700,MO2508-C-7500,1.2,1.0,1.2
2025-08-08,2025-08-08 13:29:43.200,MO2508-C-7500,1.2,1.0,1.2
2025-08-08,2025-08-08 13:29:50.700,MO2508-C-7500,1.2,1.0,1.2
2025-08-08,2025-08-08 13:29:52.700,MO2508-C-7500,1.2,1.0,1.2
2025-08-08,2025-08-08 13:29:53.200,MO2508-C-7500,1.2,1.0,1.2
2025-08-08,2025-08-08 13:30:02.700,MO2508-C-7500,1.2,1.0,1.2
2025-08-08,2025-08-08 13:30:03.200,MO2508-C-7500,1.2,1.0,1.2
2025-08-08,2025-08-08 13:30:07.700,MO2508-C-7500,1.2,1.0,1.2
2025-08-08,2025-08-08 13:30:08.700,MO2508-C-7500,1.2,1.0,1.2
2025-08-08,2025-08-08 13:30:12.700,MO2508-C-7500,1.2,1.0,1.2
2025-08-08,2025-08-08 13:30:13.200,MO2508-C-7500,1.2,1.0,1.2
2025-08-08,2025-08-08 13:30:21.700,MO2508-C-7500,1.2,1.0,1.2
2025-08-08,2025-08-08 13:30:22.700,MO2508-C-7500,1.2,1.0,1.2
2025-08-08,2025-08-08 13:30:23.200,MO2508-C-7500,1.2,1.0,1.2
2025-08-08,2025-08-08 13:30:29.200,MO2508-C-7500,1.2,1.0,1.2
2025-08-08,2025-08-08 13:30:32.700,MO2508-C-7500,1.2,1.0,1.2
2025-08-08,2025-08-08 13:30:33.200,MO2508-C-7500,1.2,1.0,1.2
2025-08-08,2025-08-08 13:30:42.700,MO2508-C-7500,1.2,1.0,1.2
2025-08-08,2025-08-08 13:30:43.200,MO2508-C-7500,1.2,1.0,1.2
2025-08-08,2025-08-08 13:30:52.700,MO2508-C-7500,1.2,1.0,1.2
2025-08-08,2025-08-08 13:30:53.200,MO2508-C-7500,1.2,1.0,1.2
2025-08-08,2025-08-08 13:30:56.200,MO2508-C-7500,1.2,1.0,1.2
2025-08-08,2025-08-08 13:31:02.700,MO2508-C-7500,1.2,1.0,1.2
2025-08-08,2025-08-08 13:31:03.200,MO2508-C-7500,1.2,1.0,1.2
2025-08-08,2025-08-08 13:31:06.700,MO2508-C-7500,1.0,1.0,1.2
2025-08-08,2025-08-08 13:31:12.700,MO2508-C-7500,1.0,1.0,1.2
2025-08-08,2025-08-08 13:31:13.200,MO2508-C-7500,1.0,1.0,1.2
2025-08-08,2025-08-08 13:31:22.200,MO2508-C-7500,1.0,1.0,1.2
2025-08-08,2025-08-08 13:31:22.700,MO2508-C-7500,1.0,1.0,1.2
2025-08-08,2025-08-08 13:31:23.200,MO2508-C-7500,1.0,1.0,1.2
2025-08-08,2025-08-08 13:31:32.700,MO2508-C-7500,1.0,1.0,1.2
2025-08-08,2025-08-08 13:31:33.200,MO2508-C-7500,1.0,1.0,1.2
2025-08-08,2025-08-08 13:31:42.700,MO2508-C-7500,1.0,1.0,1.2
2025-08-08,2025-08-08 13:31:43.200,MO2508-C-7500,1.0,1.0,1.2
2025-08-08,2025-08-08 13:31:52.700,MO2508-C-7500,1.0,1.0,1.2
2025-08-08,2025-08-08 13:31:53.200,MO2508-C-7500,1.0,1.0,1.2
2025-08-08,2025-08-08 13:32:02.700,MO2508-C-7500,1.0,1.0,1.2
2025-08-08,2025-08-08 13:32:03.200,MO2508-C-7500,1.0,1.0,1.2
2025-08-08,2025-08-08 13:32:12.700,MO2508-C-7500,1.0,1.0,1.2
2025-08-08,2025-08-08 13:32:13.200,MO2508-C-7500,1.0,1.0,1.2
2025-08-08,2025-08-08 13:32:22.700,MO2508-C-7500,1.0,1.0,1.2
2025-08-08,2025-08-08 13:32:23.200,MO2508-C-7500,1.0,1.0,1.2
2025-08-08,2025-08-08 13:32:32.700,MO2508-C-7500,1.0,1.0,1.2
2025-08-08,2025-08-08 13:32:33.200,MO2508-C-7500,1.0,1.0,1.2
2025-08-08,2025-08-08 13:32:42.700,MO2508-C-7500,1.0,1.0,1.2
2025-08-08,2025-08-08 13:32:43.200,MO2508-C-7500,1.0,1.0,1.2
2025-08-08,2025-08-08 13:32:52.700,MO2508-C-7500,1.0,1.0,1.2
2025-08-08,2025-08-08 13:32:53.200,MO2508-C-7500,1.0,1.0,1.2
2025-08-08,2025-08-08 13:32:54.700,MO2508-C-7500,1.0,1.0,1.2
2025-08-08,2025-08-08 13:33:02.700,MO2508-C-7500,1.0,1.0,1.2
2025-08-08,2025-08-08 13:33:03.200,MO2508-C-7500,1.0,1.0,1.2
2025-08-08,2025-08-08 13:33:12.700,MO2508-C-7500,1.0,1.0,1.2
2025-08-08,2025-08-08 13:33:13.200,MO2508-C-7500,1.0,1.0,1.2
2025-08-08,2025-08-08 13:33:22.700,MO2508-C-7500,1.0,1.0,1.2
2025-08-08,2025-08-08 13:33:23.200,MO2508-C-7500,1.0,1.0,1.2
2025-08-08,2025-08-08 13:33:32.700,MO2508-C-7500,1.0,1.0,1.2
2025-08-08,2025-08-08 13:33:33.200,MO2508-C-7500,1.0,1.0,1.2
2025-08-08,2025-08-08 13:33:42.700,MO2508-C-7500,1.0,1.0,1.2
2025-08-08,2025-08-08 13:33:43.200,MO2508-C-7500,1.0,1.0,1.2
2025-08-08,2025-08-08 13:33:52.700,MO2508-C-7500,1.0,1.0,1.2
2025-08-08,2025-08-08 13:33:53.200,MO2508-C-7500,1.0,1.0,1.2
2025-08-08,2025-08-08 13:34:02.700,MO2508-C-7500,1.0,1.0,1.2
2025-08-08,2025-08-08 13:34:03.200,MO2508-C-7500,1.0,1.0,1.2
2025-08-08,2025-08-08 13:34:12.700,MO2508-C-7500,1.0,1.0,1.2
2025-08-08,2025-08-08 13:34:13.200,MO2508-C-7500,1.0,1.0,1.2
2025-08-08,2025-08-08 13:34:22.700,MO2508-C-7500,1.0,1.0,1.2
2025-08-08,2025-08-08 13:34:23.200,MO2508-C-7500,1.0,1.0,1.2
2025-08-08,2025-08-08 13:34:28.200,MO2508-C-7500,1.0,1.0,1.2
2025-08-08,2025-08-08 13:34:30.200,MO2508-C-7500,1.0,1.0,1.2
2025-08-08,2025-08-08 13:34:32.700,MO2508-C-7500,1.0,1.0,1.2
2025-08-08,2025-08-08 13:34:33.200,MO2508-C-7500,1.0,1.0,1.2
2025-08-08,2025-08-08 13:34:34.700,MO2508-C-7500,1.0,1.0,1.2
2025-08-08,2025-08-08 13:34:39.200,MO2508-C-7500,1.0,1.0,1.2
2025-08-08,2025-08-08 13:34:40.200,MO2508-C-7500,1.0,1.0,1.2
2025-08-08,2025-08-08 13:34:42.700,MO2508-C-7500,1.0,1.0,1.2
2025-08-08,2025-08-08 13:34:43.200,MO2508-C-7500,1.0,1.0,1.2
2025-08-08,2025-08-08 13:34:50.200,MO2508-C-7500,1.0,1.0,1.2
2025-08-08,2025-08-08 13:34:51.700,MO2508-C-7500,1.0,1.0,1.2
2025-08-08,2025-08-08 13:34:52.200,MO2508-C-7500,1.0,1.0,1.2
2025-08-08,2025-08-08 13:34:52.700,MO2508-C-7500,1.0,1.0,1.2
2025-08-08,2025-08-08 13:34:53.200,MO2508-C-7500,1.0,1.0,1.2
2025-08-08,2025-08-08 13:34:54.700,MO2508-C-7500,1.0,1.0,1.2
2025-08-08,2025-08-08 13:35:02.700,MO2508-C-7500,1.0,1.0,1.2
2025-08-08,2025-08-08 13:35:03.200,MO2508-C-7500,1.0,1.0,1.2
2025-08-08,2025-08-08 13:35:07.700,MO2508-C-7500,1.0,1.0,1.2
2025-08-08,2025-08-08 13:35:12.700,MO2508-C-7500,1.0,1.0,1.2
2025-08-08,2025-08-08 13:35:13.200,MO2508-C-7500,1.0,1.0,1.2
2025-08-08,2025-08-08 13:35:15.200,MO2508-C-7500,1.0,1.0,1.2
2025-08-08,2025-08-08 13:35:22.700,MO2508-C-7500,1.0,1.0,1.2
2025-08-08,2025-08-08 13:35:23.200,MO2508-C-7500,1.0,1.0,1.2
2025-08-08,2025-08-08 13:35:32.700,MO2508-C-7500,1.0,1.0,1.2
2025-08-08,2025-08-08 13:35:33.200,MO2508-C-7500,1.0,1.0,1.2
2025-08-08,2025-08-08 13:35:40.700,MO2508-C-7500,1.0,1.0,1.2
2025-08-08,2025-08-08 13:35:42.700,MO2508-C-7500,1.0,1.0,1.2
2025-08-08,2025-08-08 13:35:43.200,MO2508-C-7500,1.0,1.0,1.2
2025-08-08,2025-08-08 13:35:47.200,MO2508-C-7500,1.0,1.0,1.2
2025-08-08,2025-08-08 13:35:47.700,MO2508-C-7500,1.0,1.0,1.2
2025-08-08,2025-08-08 13:35:52.700,MO2508-C-7500,1.0,1.0,1.2
2025-08-08,2025-08-08 13:35:53.200,MO2508-C-7500,1.0,1.0,1.2
2025-08-08,2025-08-08 13:36:02.700,MO2508-C-7500,1.0,1.0,1.2
2025-08-08,2025-08-08 13:36:03.200,MO2508-C-7500,1.0,1.0,1.2
2025-08-08,2025-08-08 13:36:04.700,MO2508-C-7500,1.0,1.0,1.2
2025-08-08,2025-08-08 13:36:08.700,MO2508-C-7500,1.0,1.0,1.2
2025-08-08,2025-08-08 13:36:13.200,MO2508-C-7500,1.0,1.0,1.2
2025-08-08,2025-08-08 13:36:13.700,MO2508-C-7500,1.0,1.0,1.2
2025-08-08,2025-08-08 13:36:15.200,MO2508-C-7500,1.0,1.0,1.2
2025-08-08,2025-08-08 13:36:17.700,MO2508-C-7500,1.0,1.0,1.2
2025-08-08,2025-08-08 13:36:32.700,MO2508-C-7500,1.0,1.0,1.2
2025-08-08,2025-08-08 13:36:33.200,MO2508-C-7500,1.0,1.0,1.2
2025-08-08,2025-08-08 13:36:42.700,MO2508-C-7500,1.0,1.0,1.2
2025-08-08,2025-08-08 13:36:43.200,MO2508-C-7500,1.0,1.0,1.2
2025-08-08,2025-08-08 13:36:52.700,MO2508-C-7500,1.0,1.0,1.2
2025-08-08,2025-08-08 13:36:53.200,MO2508-C-7500,1.0,1.0,1.2
2025-08-08,2025-08-08 13:37:02.700,MO2508-C-7500,1.0,1.0,1.2
2025-08-08,2025-08-08 13:37:03.200,MO2508-C-7500,1.0,1.0,1.2
2025-08-08,2025-08-08 13:37:12.700,MO2508-C-7500,1.0,1.0,1.2
2025-08-08,2025-08-08 13:37:13.200,MO2508-C-7500,1.0,1.0,1.2
2025-08-08,2025-08-08 13:37:22.700,MO2508-C-7500,1.0,1.0,1.2
2025-08-08,2025-08-08 13:37:23.200,MO2508-C-7500,1.0,1.0,1.2
2025-08-08,2025-08-08 13:37:32.700,MO2508-C-7500,1.0,1.0,1.2
2025-08-08,2025-08-08 13:37:33.200,MO2508-C-7500,1.0,1.0,1.2
2025-08-08,2025-08-08 13:37:42.700,MO2508-C-7500,1.0,1.0,1.2
2025-08-08,2025-08-08 13:37:43.200,MO2508-C-7500,1.0,1.0,1.2
2025-08-08,2025-08-08 13:37:43.700,MO2508-C-7500,1.0,1.0,1.2
2025-08-08,2025-08-08 13:37:52.700,MO2508-C-7500,1.0,1.0,1.2
2025-08-08,2025-08-08 13:37:53.200,MO2508-C-7500,1.0,1.0,1.2
2025-08-08,2025-08-08 13:38:01.200,MO2508-C-7500,1.0,1.0,1.2
2025-08-08,2025-08-08 13:38:01.700,MO2508-C-7500,1.0,1.0,1.2
2025-08-08,2025-08-08 13:38:02.700,MO2508-C-7500,1.0,1.0,1.2
2025-08-08,2025-08-08 13:38:03.200,MO2508-C-7500,1.0,1.0,1.2
2025-08-08,2025-08-08 13:38:12.700,MO2508-C-7500,1.0,1.0,1.2
2025-08-08,2025-08-08 13:38:13.200,MO2508-C-7500,1.0,1.0,1.2
2025-08-08,2025-08-08 13:38:22.700,MO2508-C-7500,1.0,1.0,1.2
2025-08-08,2025-08-08 13:38:23.200,MO2508-C-7500,1.0,1.0,1.2
2025-08-08,2025-08-08 13:38:30.700,MO2508-C-7500,1.0,1.0,1.2
2025-08-08,2025-08-08 13:38:32.700,MO2508-C-7500,1.0,1.0,1.2
2025-08-08,2025-08-08 13:38:33.200,MO2508-C-7500,1.0,1.0,1.2
2025-08-08,2025-08-08 13:38:42.700,MO2508-C-7500,1.0,1.0,1.2
2025-08-08,2025-08-08 13:38:43.200,MO2508-C-7500,1.0,1.0,1.2
2025-08-08,2025-08-08 13:38:52.700,MO2508-C-7500,1.0,1.0,1.2
2025-08-08,2025-08-08 13:38:53.200,MO2508-C-7500,1.0,1.0,1.2
2025-08-08,2025-08-08 13:39:02.700,MO2508-C-7500,1.0,1.0,1.2
2025-08-08,2025-08-08 13:39:03.200,MO2508-C-7500,1.0,1.0,1.2
2025-08-08,2025-08-08 13:39:12.700,MO2508-C-7500,1.0,1.0,1.2
2025-08-08,2025-08-08 13:39:13.200,MO2508-C-7500,1.0,1.0,1.2
2025-08-08,2025-08-08 13:39:23.200,MO2508-C-7500,1.0,1.0,1.2
2025-08-08,2025-08-08 13:39:23.700,MO2508-C-7500,1.0,1.0,1.2
2025-08-08,2025-08-08 13:39:29.700,MO2508-C-7500,1.0,1.0,1.2
2025-08-08,2025-08-08 13:39:31.200,MO2508-C-7500,1.0,1.0,1.2
2025-08-08,2025-08-08 13:39:33.200,MO2508-C-7500,1.0,1.0,1.2
2025-08-08,2025-08-08 13:39:33.700,MO2508-C-7500,1.0,1.0,1.2
2025-08-08,2025-08-08 13:39:38.200,MO2508-C-7500,1.0,1.0,1.2
2025-08-08,2025-08-08 13:39:43.200,MO2508-C-7500,1.0,1.0,1.2
2025-08-08,2025-08-08 13:39:43.700,MO2508-C-7500,1.0,1.0,1.2
2025-08-08,2025-08-08 13:39:47.200,MO2508-C-7500,1.0,1.0,1.2
2025-08-08,2025-08-08 13:39:48.200,MO2508-C-7500,1.0,1.0,1.2
2025-08-08,2025-08-08 13:39:50.200,MO2508-C-7500,1.0,1.0,1.2
2025-08-08,2025-08-08 13:39:51.200,MO2508-C-7500,1.0,1.0,1.2
2025-08-08,2025-08-08 13:39:53.200,MO2508-C-7500,1.0,1.0,1.2
2025-08-08,2025-08-08 13:39:53.700,MO2508-C-7500,1.0,1.0,1.2
2025-08-08,2025-08-08 13:40:03.200,MO2508-C-7500,1.0,1.0,1.2
2025-08-08,2025-08-08 13:40:03.700,MO2508-C-7500,1.0,1.0,1.2
2025-08-08,2025-08-08 13:40:13.200,MO2508-C-7500,1.0,1.0,1.2
2025-08-08,2025-08-08 13:40:13.700,MO2508-C-7500,1.0,1.0,1.2
2025-08-08,2025-08-08 13:40:23.200,MO2508-C-7500,1.0,1.0,1.2
2025-08-08,2025-08-08 13:40:23.700,MO2508-C-7500,1.0,1.0,1.2
2025-08-08,2025-08-08 13:40:33.200,MO2508-C-7500,1.0,1.0,1.2
2025-08-08,2025-08-08 13:40:33.700,MO2508-C-7500,1.0,1.0,1.2
2025-08-08,2025-08-08 13:40:43.200,MO2508-C-7500,1.0,1.0,1.2
2025-08-08,2025-08-08 13:40:43.700,MO2508-C-7500,1.0,1.0,1.2
2025-08-08,2025-08-08 13:40:53.200,MO2508-C-7500,1.0,1.0,1.2
2025-08-08,2025-08-08 13:40:53.700,MO2508-C-7500,1.0,1.0,1.2
2025-08-08,2025-08-08 13:41:03.200,MO2508-C-7500,1.0,1.0,1.2
2025-08-08,2025-08-08 13:41:03.700,MO2508-C-7500,1.0,1.0,1.2
2025-08-08,2025-08-08 13:41:13.200,MO2508-C-7500,1.0,1.0,1.2
2025-08-08,2025-08-08 13:41:13.700,MO2508-C-7500,1.0,1.0,1.2
2025-08-08,2025-08-08 13:41:17.200,MO2508-C-7500,1.0,1.0,1.2
2025-08-08,2025-08-08 13:41:18.200,MO2508-C-7500,1.0,1.0,1.2
2025-08-08,2025-08-08 13:41:19.200,MO2508-C-7500,1.0,1.0,1.2
2025-08-08,2025-08-08 13:41:20.700,MO2508-C-7500,1.0,1.0,1.2
2025-08-08,2025-08-08 13:41:23.200,MO2508-C-7500,1.0,1.0,1.2
2025-08-08,2025-08-08 13:41:23.700,MO2508-C-7500,1.0,1.0,1.2
2025-08-08,2025-08-08 13:41:33.200,MO2508-C-7500,1.0,1.0,1.2
2025-08-08,2025-08-08 13:41:33.700,MO2508-C-7500,1.0,1.0,1.2
2025-08-08,2025-08-08 13:41:41.700,MO2508-C-7500,1.0,1.0,1.2
2025-08-08,2025-08-08 13:41:43.200,MO2508-C-7500,1.0,1.0,1.2
2025-08-08,2025-08-08 13:41:43.700,MO2508-C-7500,1.0,1.0,1.2
2025-08-08,2025-08-08 13:41:49.200,MO2508-C-7500,1.0,1.0,1.2
2025-08-08,2025-08-08 13:41:50.200,MO2508-C-7500,1.0,1.0,1.2
2025-08-08,2025-08-08 13:41:52.700,MO2508-C-7500,1.0,1.0,1.2
2025-08-08,2025-08-08 13:41:53.200,MO2508-C-7500,1.0,1.0,1.2
2025-08-08,2025-08-08 13:41:53.700,MO2508-C-7500,1.0,1.0,1.2
2025-08-08,2025-08-08 13:42:03.200,MO2508-C-7500,1.0,1.0,1.2
2025-08-08,2025-08-08 13:42:03.700,MO2508-C-7500,1.0,1.0,1.2
2025-08-08,2025-08-08 13:42:04.700,MO2508-C-7500,1.0,1.0,1.2
2025-08-08,2025-08-08 13:42:06.700,MO2508-C-7500,1.0,1.0,1.2
2025-08-08,2025-08-08 13:42:13.200,MO2508-C-7500,1.0,1.0,1.2
2025-08-08,2025-08-08 13:42:13.700,MO2508-C-7500,1.0,1.0,1.2
2025-08-08,2025-08-08 13:42:23.200,MO2508-C-7500,1.0,1.0,1.2
2025-08-08,2025-08-08 13:42:23.700,MO2508-C-7500,1.0,1.0,1.2
2025-08-08,2025-08-08 13:42:24.700,MO2508-C-7500,1.0,1.0,1.2
2025-08-08,2025-08-08 13:42:25.200,MO2508-C-7500,1.0,1.0,1.2
2025-08-08,2025-08-08 13:42:33.200,MO2508-C-7500,1.0,1.0,1.2
2025-08-08,2025-08-08 13:42:33.700,MO2508-C-7500,1.0,1.0,1.2
2025-08-08,2025-08-08 13:42:36.700,MO2508-C-7500,1.0,1.0,1.2
2025-08-08,2025-08-08 13:42:43.200,MO2508-C-7500,1.0,1.0,1.2
2025-08-08,2025-08-08 13:42:43.700,MO2508-C-7500,1.0,1.0,1.2
2025-08-08,2025-08-08 13:42:45.200,MO2508-C-7500,1.0,1.0,1.2
2025-08-08,2025-08-08 13:42:45.700,MO2508-C-7500,1.0,1.0,1.2
2025-08-08,2025-08-08 13:42:53.200,MO2508-C-7500,1.0,1.0,1.2
2025-08-08,2025-08-08 13:42:53.700,MO2508-C-7500,1.0,1.0,1.2
2025-08-08,2025-08-08 13:43:03.200,MO2508-C-7500,1.0,1.0,1.2
2025-08-08,2025-08-08 13:43:03.700,MO2508-C-7500,1.0,1.0,1.2
2025-08-08,2025-08-08 13:43:13.200,MO2508-C-7500,1.0,1.0,1.2
2025-08-08,2025-08-08 13:43:13.700,MO2508-C-7500,1.0,1.0,1.2
2025-08-08,2025-08-08 13:43:23.200,MO2508-C-7500,1.0,1.0,1.2
2025-08-08,2025-08-08 13:43:23.700,MO2508-C-7500,1.0,1.0,1.2
2025-08-08,2025-08-08 13:43:33.200,MO2508-C-7500,1.0,1.0,1.2
2025-08-08,2025-08-08 13:43:33.700,MO2508-C-7500,1.0,1.0,1.2
2025-08-08,2025-08-08 13:43:43.200,MO2508-C-7500,1.0,1.0,1.2
2025-08-08,2025-08-08 13:43:43.700,MO2508-C-7500,1.0,1.0,1.2
2025-08-08,2025-08-08 13:43:53.200,MO2508-C-7500,1.0,1.0,1.2
2025-08-08,2025-08-08 13:43:53.700,MO2508-C-7500,1.0,1.0,1.2
2025-08-08,2025-08-08 13:44:03.200,MO2508-C-7500,1.0,1.0,1.2
2025-08-08,2025-08-08 13:44:03.700,MO2508-C-7500,1.0,1.0,1.2
2025-08-08,2025-08-08 13:44:13.200,MO2508-C-7500,1.0,1.0,1.2
2025-08-08,2025-08-08 13:44:13.700,MO2508-C-7500,1.0,1.0,1.2
2025-08-08,2025-08-08 13:44:23.200,MO2508-C-7500,1.0,1.0,1.2
2025-08-08,2025-08-08 13:44:23.700,MO2508-C-7500,1.0,1.0,1.2
2025-08-08,2025-08-08 13:44:33.200,MO2508-C-7500,1.0,1.0,1.2
2025-08-08,2025-08-08 13:44:33.700,MO2508-C-7500,1.0,1.0,1.2
2025-08-08,2025-08-08 13:44:40.200,MO2508-C-7500,1.0,1.0,1.2
2025-08-08,2025-08-08 13:44:40.700,MO2508-C-7500,1.0,1.0,1.2
2025-08-08,2025-08-08 13:44:43.200,MO2508-C-7500,1.0,1.0,1.2
2025-08-08,2025-08-08 13:44:43.700,MO2508-C-7500,1.0,1.0,1.2
2025-08-08,2025-08-08 13:44:53.200,MO2508-C-7500,1.0,1.0,1.2
2025-08-08,2025-08-08 13:44:53.700,MO2508-C-7500,1.0,1.0,1.2
2025-08-08,2025-08-08 13:45:03.200,MO2508-C-7500,1.0,1.0,1.2
2025-08-08,2025-08-08 13:45:03.700,MO2508-C-7500,1.0,1.0,1.2
2025-08-08,2025-08-08 13:45:05.200,MO2508-C-7500,1.0,1.0,1.2
2025-08-08,2025-08-08 13:45:05.700,MO2508-C-7500,1.0,1.0,1.2
2025-08-08,2025-08-08 13:45:13.200,MO2508-C-7500,1.0,1.0,1.2
2025-08-08,2025-08-08 13:45:13.700,MO2508-C-7500,1.0,1.0,1.2
2025-08-08,2025-08-08 13:45:23.200,MO2508-C-7500,1.0,1.0,1.2
2025-08-08,2025-08-08 13:45:23.700,MO2508-C-7500,1.0,1.0,1.2
2025-08-08,2025-08-08 13:45:33.200,MO2508-C-7500,1.0,1.0,1.2
2025-08-08,2025-08-08 13:45:33.700,MO2508-C-7500,1.0,1.0,1.2
2025-08-08,2025-08-08 13:45:43.200,MO2508-C-7500,1.0,1.0,1.2
2025-08-08,2025-08-08 13:45:43.700,MO2508-C-7500,1.0,1.0,1.2
2025-08-08,2025-08-08 13:45:53.200,MO2508-C-7500,1.0,1.0,1.2
2025-08-08,2025-08-08 13:45:53.700,MO2508-C-7500,1.0,1.0,1.2
2025-08-08,2025-08-08 13:46:03.200,MO2508-C-7500,1.0,1.0,1.2
2025-08-08,2025-08-08 13:46:03.700,MO2508-C-7500,1.0,1.0,1.2
2025-08-08,2025-08-08 13:46:13.200,MO2508-C-7500,1.0,1.0,1.2
2025-08-08,2025-08-08 13:46:13.700,MO2508-C-7500,1.0,1.0,1.2
2025-08-08,2025-08-08 13:46:23.200,MO2508-C-7500,1.0,1.0,1.2
2025-08-08,2025-08-08 13:46:23.700,MO2508-C-7500,1.0,1.0,1.2
2025-08-08,2025-08-08 13:46:33.200,MO2508-C-7500,1.0,1.0,1.2
2025-08-08,2025-08-08 13:46:33.700,MO2508-C-7500,1.0,1.0,1.2
2025-08-08,2025-08-08 13:46:43.200,MO2508-C-7500,1.0,1.0,1.2
2025-08-08,2025-08-08 13:46:43.700,MO2508-C-7500,1.0,1.0,1.2
2025-08-08,2025-08-08 13:46:53.200,MO2508-C-7500,1.0,1.0,1.2
2025-08-08,2025-08-08 13:46:53.700,MO2508-C-7500,1.0,1.0,1.2
2025-08-08,2025-08-08 13:47:03.200,MO2508-C-7500,1.0,1.0,1.2
2025-08-08,2025-08-08 13:47:03.700,MO2508-C-7500,1.0,1.0,1.2
2025-08-08,2025-08-08 13:47:13.200,MO2508-C-7500,1.0,1.0,1.2
2025-08-08,2025-08-08 13:47:13.700,MO2508-C-7500,1.0,1.0,1.2
2025-08-08,2025-08-08 13:47:23.200,MO2508-C-7500,1.0,1.0,1.2
2025-08-08,2025-08-08 13:47:23.700,MO2508-C-7500,1.0,1.0,1.2
2025-08-08,2025-08-08 13:47:33.200,MO2508-C-7500,1.0,1.0,1.2
2025-08-08,2025-08-08 13:47:33.700,MO2508-C-7500,1.0,1.0,1.2
2025-08-08,2025-08-08 13:47:43.200,MO2508-C-7500,1.0,1.0,1.2
2025-08-08,2025-08-08 13:47:43.700,MO2508-C-7500,1.0,1.0,1.2
2025-08-08,2025-08-08 13:47:53.200,MO2508-C-7500,1.0,1.0,1.2
2025-08-08,2025-08-08 13:47:53.700,MO2508-C-7500,1.0,1.0,1.2
2025-08-08,2025-08-08 13:48:03.200,MO2508-C-7500,1.0,1.0,1.2
2025-08-08,2025-08-08 13:48:03.700,MO2508-C-7500,1.0,1.0,1.2
2025-08-08,2025-08-08 13:48:13.200,MO2508-C-7500,1.0,1.0,1.2
2025-08-08,2025-08-08 13:48:13.700,MO2508-C-7500,1.0,1.0,1.2
2025-08-08,2025-08-08 13:48:23.200,MO2508-C-7500,1.0,1.0,1.2
2025-08-08,2025-08-08 13:48:23.700,MO2508-C-7500,1.0,1.0,1.2
2025-08-08,2025-08-08 13:48:33.200,MO2508-C-7500,1.0,1.0,1.2
2025-08-08,2025-08-08 13:48:33.700,MO2508-C-7500,1.0,1.0,1.2
2025-08-08,2025-08-08 13:48:42.700,MO2508-C-7500,1.0,1.0,1.2
2025-08-08,2025-08-08 13:48:43.200,MO2508-C-7500,1.0,1.0,1.2
2025-08-08,2025-08-08 13:48:43.700,MO2508-C-7500,1.0,1.0,1.2
2025-08-08,2025-08-08 13:48:53.200,MO2508-C-7500,1.0,1.0,1.2
2025-08-08,2025-08-08 13:48:53.700,MO2508-C-7500,1.0,1.0,1.2
2025-08-08,2025-08-08 13:48:54.700,MO2508-C-7500,1.0,1.0,1.2
2025-08-08,2025-08-08 13:49:03.200,MO2508-C-7500,1.0,1.0,1.2
2025-08-08,2025-08-08 13:49:03.700,MO2508-C-7500,1.0,1.0,1.2
2025-08-08,2025-08-08 13:49:06.700,MO2508-C-7500,1.0,1.0,1.2
2025-08-08,2025-08-08 13:49:13.200,MO2508-C-7500,1.0,1.0,1.2
2025-08-08,2025-08-08 13:49:13.700,MO2508-C-7500,1.0,1.0,1.2
2025-08-08,2025-08-08 13:49:23.200,MO2508-C-7500,1.0,1.0,1.2
2025-08-08,2025-08-08 13:49:23.700,MO2508-C-7500,1.0,1.0,1.2
2025-08-08,2025-08-08 13:49:31.700,MO2508-C-7500,1.0,1.0,1.2
2025-08-08,2025-08-08 13:49:33.200,MO2508-C-7500,1.0,1.0,1.2
2025-08-08,2025-08-08 13:49:33.700,MO2508-C-7500,1.0,1.0,1.2
2025-08-08,2025-08-08 13:49:43.200,MO2508-C-7500,1.0,1.0,1.2
2025-08-08,2025-08-08 13:49:43.700,MO2508-C-7500,1.0,1.0,1.2
2025-08-08,2025-08-08 13:49:53.200,MO2508-C-7500,1.0,1.0,1.2
2025-08-08,2025-08-08 13:49:53.700,MO2508-C-7500,1.0,1.0,1.2
2025-08-08,2025-08-08 13:50:03.200,MO2508-C-7500,1.0,1.0,1.2
2025-08-08,2025-08-08 13:50:03.700,MO2508-C-7500,1.0,1.0,1.2
2025-08-08,2025-08-08 13:50:13.200,MO2508-C-7500,1.0,1.0,1.2
2025-08-08,2025-08-08 13:50:13.700,MO2508-C-7500,1.0,1.0,1.2
2025-08-08,2025-08-08 13:50:23.200,MO2508-C-7500,1.0,1.0,1.2
2025-08-08,2025-08-08 13:50:23.700,MO2508-C-7500,1.0,1.0,1.2
2025-08-08,2025-08-08 13:50:33.200,MO2508-C-7500,1.0,1.0,1.2
2025-08-08,2025-08-08 13:50:33.700,MO2508-C-7500,1.0,1.0,1.2
2025-08-08,2025-08-08 13:50:43.200,MO2508-C-7500,1.0,1.0,1.2
2025-08-08,2025-08-08 13:50:43.700,MO2508-C-7500,1.0,1.0,1.2
2025-08-08,2025-08-08 13:50:50.700,MO2508-C-7500,1.0,1.0,1.2
2025-08-08,2025-08-08 13:50:53.200,MO2508-C-7500,1.0,1.0,1.2
2025-08-08,2025-08-08 13:50:53.700,MO2508-C-7500,1.0,1.0,1.2
2025-08-08,2025-08-08 13:51:03.200,MO2508-C-7500,1.0,1.0,1.2
2025-08-08,2025-08-08 13:51:03.700,MO2508-C-7500,1.0,1.0,1.2
2025-08-08,2025-08-08 13:51:06.700,MO2508-C-7500,1.0,1.0,1.2
2025-08-08,2025-08-08 13:51:13.200,MO2508-C-7500,1.0,1.0,1.2
2025-08-08,2025-08-08 13:51:13.700,MO2508-C-7500,1.0,1.0,1.2
2025-08-08,2025-08-08 13:51:23.200,MO2508-C-7500,1.0,1.0,1.2
2025-08-08,2025-08-08 13:51:23.700,MO2508-C-7500,1.0,1.0,1.2
2025-08-08,2025-08-08 13:51:33.200,MO2508-C-7500,1.0,1.0,1.2
2025-08-08,2025-08-08 13:51:33.700,MO2508-C-7500,1.0,1.0,1.2
2025-08-08,2025-08-08 13:51:40.200,MO2508-C-7500,1.0,1.0,1.2
2025-08-08,2025-08-08 13:51:43.200,MO2508-C-7500,1.0,1.0,1.2
2025-08-08,2025-08-08 13:51:43.700,MO2508-C-7500,1.0,1.0,1.2
2025-08-08,2025-08-08 13:51:50.200,MO2508-C-7500,1.0,1.0,1.2
2025-08-08,2025-08-08 13:51:50.700,MO2508-C-7500,1.0,1.0,1.2
2025-08-08,2025-08-08 13:51:51.700,MO2508-C-7500,1.0,0.8,1.0
2025-08-08,2025-08-08 13:51:52.200,MO2508-C-7500,1.0,0.8,1.0
2025-08-08,2025-08-08 13:51:52.700,MO2508-C-7500,1.0,0.8,1.0
2025-08-08,2025-08-08 13:51:53.200,MO2508-C-7500,1.0,0.8,1.0
2025-08-08,2025-08-08 13:51:53.700,MO2508-C-7500,1.0,0.8,1.0
2025-08-08,2025-08-08 13:51:54.200,MO2508-C-7500,1.0,0.8,1.0
2025-08-08,2025-08-08 13:52:00.700,MO2508-C-7500,1.0,0.8,1.0
2025-08-08,2025-08-08 13:52:01.200,MO2508-C-7500,1.0,0.8,1.0
2025-08-08,2025-08-08 13:52:03.200,MO2508-C-7500,1.0,0.8,1.0
2025-08-08,2025-08-08 13:52:03.700,MO2508-C-7500,1.0,0.8,1.0
2025-08-08,2025-08-08 13:52:07.700,MO2508-C-7500,1.0,0.8,1.0
2025-08-08,2025-08-08 13:52:13.200,MO2508-C-7500,1.0,0.8,1.0
2025-08-08,2025-08-08 13:52:13.700,MO2508-C-7500,1.0,0.8,1.0
2025-08-08,2025-08-08 13:52:20.200,MO2508-C-7500,1.0,0.8,1.0
2025-08-08,2025-08-08 13:52:20.700,MO2508-C-7500,1.0,0.8,1.0
2025-08-08,2025-08-08 13:52:23.200,MO2508-C-7500,1.0,0.8,1.0
2025-08-08,2025-08-08 13:52:23.700,MO2508-C-7500,1.0,0.8,1.0
2025-08-08,2025-08-08 13:52:33.200,MO2508-C-7500,1.0,0.8,1.0
2025-08-08,2025-08-08 13:52:33.700,MO2508-C-7500,1.0,0.8,1.0
2025-08-08,2025-08-08 13:52:34.200,MO2508-C-7500,1.0,0.8,1.0
2025-08-08,2025-08-08 13:52:37.200,MO2508-C-7500,1.0,0.8,1.0
2025-08-08,2025-08-08 13:52:43.200,MO2508-C-7500,1.0,0.8,1.0
2025-08-08,2025-08-08 13:52:43.700,MO2508-C-7500,1.0,0.8,1.0
2025-08-08,2025-08-08 13:52:53.200,MO2508-C-7500,1.0,0.8,1.0
2025-08-08,2025-08-08 13:52:53.700,MO2508-C-7500,1.0,0.8,1.0
2025-08-08,2025-08-08 13:52:57.700,MO2508-C-7500,1.0,0.8,1.0
2025-08-08,2025-08-08 13:52:58.200,MO2508-C-7500,1.0,0.8,1.0
2025-08-08,2025-08-08 13:53:03.200,MO2508-C-7500,1.0,0.8,1.0
2025-08-08,2025-08-08 13:53:03.700,MO2508-C-7500,1.0,0.8,1.0
2025-08-08,2025-08-08 13:53:13.200,MO2508-C-7500,1.0,0.8,1.0
2025-08-08,2025-08-08 13:53:13.700,MO2508-C-7500,1.0,0.8,1.0
2025-08-08,2025-08-08 13:53:14.200,MO2508-C-7500,1.0,0.8,1.0
2025-08-08,2025-08-08 13:53:22.200,MO2508-C-7500,1.0,0.8,1.0
2025-08-08,2025-08-08 13:53:23.200,MO2508-C-7500,1.0,0.8,1.0
2025-08-08,2025-08-08 13:53:23.700,MO2508-C-7500,1.0,0.8,1.0
2025-08-08,2025-08-08 13:53:27.200,MO2508-C-7500,1.0,1.0,1.2
2025-08-08,2025-08-08 13:53:27.700,MO2508-C-7500,1.0,1.0,1.2
2025-08-08,2025-08-08 13:53:32.700,MO2508-C-7500,1.0,1.0,1.2
2025-08-08,2025-08-08 13:53:33.200,MO2508-C-7500,1.0,1.0,1.2
2025-08-08,2025-08-08 13:53:33.700,MO2508-C-7500,1.0,1.0,1.2
2025-08-08,2025-08-08 13:53:38.200,MO2508-C-7500,1.0,1.0,1.2
2025-08-08,2025-08-08 13:53:38.700,MO2508-C-7500,1.0,1.0,1.2
2025-08-08,2025-08-08 13:53:39.700,MO2508-C-7500,1.0,0.8,1.2
2025-08-08,2025-08-08 13:53:40.200,MO2508-C-7500,1.0,0.8,1.2
2025-08-08,2025-08-08 13:53:42.200,MO2508-C-7500,1.0,0.8,1.2
2025-08-08,2025-08-08 13:53:43.200,MO2508-C-7500,1.0,0.8,1.2
2025-08-08,2025-08-08 13:53:43.700,MO2508-C-7500,1.0,0.8,1.2
2025-08-08,2025-08-08 13:53:47.700,MO2508-C-7500,1.0,0.8,1.2
2025-08-08,2025-08-08 13:53:53.200,MO2508-C-7500,1.0,0.8,1.2
2025-08-08,2025-08-08 13:53:53.700,MO2508-C-7500,1.0,0.8,1.2
2025-08-08,2025-08-08 13:53:54.200,MO2508-C-7500,1.0,0.8,1.2
2025-08-08,2025-08-08 13:53:56.700,MO2508-C-7500,1.0,0.8,1.2
2025-08-08,2025-08-08 13:54:03.200,MO2508-C-7500,1.0,0.8,1.2
2025-08-08,2025-08-08 13:54:03.700,MO2508-C-7500,1.0,0.8,1.2
2025-08-08,2025-08-08 13:54:04.200,MO2508-C-7500,1.0,0.8,1.2
2025-08-08,2025-08-08 13:54:13.200,MO2508-C-7500,1.0,0.8,1.2
2025-08-08,2025-08-08 13:54:13.700,MO2508-C-7500,1.0,0.8,1.2
2025-08-08,2025-08-08 13:54:23.200,MO2508-C-7500,1.0,0.8,1.2
2025-08-08,2025-08-08 13:54:23.700,MO2508-C-7500,1.0,0.8,1.2
2025-08-08,2025-08-08 13:54:33.200,MO2508-C-7500,1.0,0.8,1.2
2025-08-08,2025-08-08 13:54:33.700,MO2508-C-7500,1.0,0.8,1.2
2025-08-08,2025-08-08 13:54:43.200,MO2508-C-7500,1.0,0.8,1.2
2025-08-08,2025-08-08 13:54:43.700,MO2508-C-7500,1.0,0.8,1.2
2025-08-08,2025-08-08 13:54:47.200,MO2508-C-7500,1.0,0.8,1.2
2025-08-08,2025-08-08 13:54:47.700,MO2508-C-7500,1.0,0.8,1.2
2025-08-08,2025-08-08 13:54:51.200,MO2508-C-7500,1.0,0.8,1.2
2025-08-08,2025-08-08 13:54:53.200,MO2508-C-7500,1.0,0.8,1.2
2025-08-08,2025-08-08 13:54:53.700,MO2508-C-7500,1.0,0.8,1.2
2025-08-08,2025-08-08 13:55:03.200,MO2508-C-7500,1.0,0.8,1.2
2025-08-08,2025-08-08 13:55:03.700,MO2508-C-7500,1.0,0.8,1.2
2025-08-08,2025-08-08 13:55:13.200,MO2508-C-7500,1.0,0.8,1.2
2025-08-08,2025-08-08 13:55:13.700,MO2508-C-7500,1.0,0.8,1.2
2025-08-08,2025-08-08 13:55:22.700,MO2508-C-7500,1.0,0.8,1.2
2025-08-08,2025-08-08 13:55:23.200,MO2508-C-7500,1.0,0.8,1.2
2025-08-08,2025-08-08 13:55:23.700,MO2508-C-7500,1.0,0.8,1.2
2025-08-08,2025-08-08 13:55:24.200,MO2508-C-7500,1.0,0.8,1.2
2025-08-08,2025-08-08 13:55:24.700,MO2508-C-7500,1.0,0.8,1.2
2025-08-08,2025-08-08 13:55:25.200,MO2508-C-7500,1.0,0.8,1.2
2025-08-08,2025-08-08 13:55:25.700,MO2508-C-7500,1.0,0.8,1.2
2025-08-08,2025-08-08 13:55:32.700,MO2508-C-7500,1.0,0.8,1.2
2025-08-08,2025-08-08 13:55:33.200,MO2508-C-7500,1.0,0.8,1.2
2025-08-08,2025-08-08 13:55:33.700,MO2508-C-7500,1.0,0.8,1.2
2025-08-08,2025-08-08 13:55:34.200,MO2508-C-7500,1.0,0.8,1.2
2025-08-08,2025-08-08 13:55:35.200,MO2508-C-7500,1.0,0.8,1.2
2025-08-08,2025-08-08 13:55:43.200,MO2508-C-7500,1.0,0.8,1.2
2025-08-08,2025-08-08 13:55:43.700,MO2508-C-7500,1.0,0.8,1.2
2025-08-08,2025-08-08 13:55:44.200,MO2508-C-7500,1.0,0.8,1.2
2025-08-08,2025-08-08 13:55:53.200,MO2508-C-7500,1.0,0.8,1.2
2025-08-08,2025-08-08 13:55:53.700,MO2508-C-7500,1.0,0.8,1.2
2025-08-08,2025-08-08 13:56:01.700,MO2508-C-7500,1.0,0.8,1.2
2025-08-08,2025-08-08 13:56:02.200,MO2508-C-7500,1.0,0.8,1.2
2025-08-08,2025-08-08 13:56:03.200,MO2508-C-7500,1.0,0.8,1.2
2025-08-08,2025-08-08 13:56:03.700,MO2508-C-7500,1.0,0.8,1.2
2025-08-08,2025-08-08 13:56:07.200,MO2508-C-7500,1.0,0.8,1.2
2025-08-08,2025-08-08 13:56:13.200,MO2508-C-7500,1.0,0.8,1.2
2025-08-08,2025-08-08 13:56:13.700,MO2508-C-7500,1.0,0.8,1.2
2025-08-08,2025-08-08 13:56:22.700,MO2508-C-7500,1.0,0.8,1.2
2025-08-08,2025-08-08 13:56:23.200,MO2508-C-7500,1.0,0.8,1.2
2025-08-08,2025-08-08 13:56:23.700,MO2508-C-7500,1.0,0.8,1.2
2025-08-08,2025-08-08 13:56:31.200,MO2508-C-7500,1.0,0.8,1.2
2025-08-08,2025-08-08 13:56:31.700,MO2508-C-7500,1.0,0.8,1.2
2025-08-08,2025-08-08 13:56:33.200,MO2508-C-7500,1.0,0.8,1.2
2025-08-08,2025-08-08 13:56:33.700,MO2508-C-7500,1.0,0.8,1.2
2025-08-08,2025-08-08 13:56:34.200,MO2508-C-7500,1.0,0.8,1.2
2025-08-08,2025-08-08 13:56:34.700,MO2508-C-7500,1.0,0.8,1.2
2025-08-08,2025-08-08 13:56:39.200,MO2508-C-7500,1.0,0.8,1.2
2025-08-08,2025-08-08 13:56:39.700,MO2508-C-7500,1.0,0.8,1.2
2025-08-08,2025-08-08 13:56:43.200,MO2508-C-7500,1.0,0.8,1.2
2025-08-08,2025-08-08 13:56:43.700,MO2508-C-7500,1.0,0.8,1.2
2025-08-08,2025-08-08 13:56:45.700,MO2508-C-7500,1.0,0.8,1.2
2025-08-08,2025-08-08 13:56:46.200,MO2508-C-7500,1.0,0.8,1.2
2025-08-08,2025-08-08 13:56:46.700,MO2508-C-7500,1.0,0.8,1.2
2025-08-08,2025-08-08 13:56:53.200,MO2508-C-7500,1.0,0.8,1.2
2025-08-08,2025-08-08 13:56:53.700,MO2508-C-7500,1.0,0.8,1.2
2025-08-08,2025-08-08 13:56:58.700,MO2508-C-7500,1.0,0.8,1.2
2025-08-08,2025-08-08 13:56:59.200,MO2508-C-7500,1.0,0.8,1.2
2025-08-08,2025-08-08 13:57:03.200,MO2508-C-7500,1.0,0.8,1.2
2025-08-08,2025-08-08 13:57:03.700,MO2508-C-7500,1.0,0.8,1.2
2025-08-08,2025-08-08 13:57:13.200,MO2508-C-7500,1.0,0.8,1.2
2025-08-08,2025-08-08 13:57:13.700,MO2508-C-7500,1.0,0.8,1.2
2025-08-08,2025-08-08 13:57:22.700,MO2508-C-7500,1.0,0.8,1.2
2025-08-08,2025-08-08 13:57:23.200,MO2508-C-7500,1.0,0.8,1.2
2025-08-08,2025-08-08 13:57:23.700,MO2508-C-7500,1.0,0.8,1.2
2025-08-08,2025-08-08 13:57:24.200,MO2508-C-7500,1.0,0.8,1.2
2025-08-08,2025-08-08 13:57:33.200,MO2508-C-7500,1.0,0.8,1.2
2025-08-08,2025-08-08 13:57:33.700,MO2508-C-7500,1.0,0.8,1.2
2025-08-08,2025-08-08 13:57:43.200,MO2508-C-7500,1.0,0.8,1.2
2025-08-08,2025-08-08 13:57:43.700,MO2508-C-7500,1.0,0.8,1.2
2025-08-08,2025-08-08 13:57:53.200,MO2508-C-7500,1.0,0.8,1.2
2025-08-08,2025-08-08 13:57:53.700,MO2508-C-7500,1.0,0.8,1.2
2025-08-08,2025-08-08 13:58:03.200,MO2508-C-7500,1.0,0.8,1.2
2025-08-08,2025-08-08 13:58:03.700,MO2508-C-7500,1.0,0.8,1.2
2025-08-08,2025-08-08 13:58:07.700,MO2508-C-7500,1.0,0.8,1.2
2025-08-08,2025-08-08 13:58:09.700,MO2508-C-7500,1.0,0.8,1.2
2025-08-08,2025-08-08 13:58:10.200,MO2508-C-7500,1.0,0.8,1.2
2025-08-08,2025-08-08 13:58:11.700,MO2508-C-7500,1.0,0.8,1.2
2025-08-08,2025-08-08 13:58:12.200,MO2508-C-7500,1.0,0.8,1.2
2025-08-08,2025-08-08 13:58:12.700,MO2508-C-7500,1.0,0.8,1.2
2025-08-08,2025-08-08 13:58:13.200,MO2508-C-7500,1.0,0.8,1.2
2025-08-08,2025-08-08 13:58:13.700,MO2508-C-7500,1.0,0.8,1.2
2025-08-08,2025-08-08 13:58:23.200,MO2508-C-7500,1.0,0.8,1.2
2025-08-08,2025-08-08 13:58:23.700,MO2508-C-7500,1.0,0.8,1.2
2025-08-08,2025-08-08 13:58:33.200,MO2508-C-7500,1.0,0.8,1.2
2025-08-08,2025-08-08 13:58:33.700,MO2508-C-7500,1.0,0.8,1.2
2025-08-08,2025-08-08 13:58:34.700,MO2508-C-7500,1.0,0.8,1.2
2025-08-08,2025-08-08 13:58:35.200,MO2508-C-7500,1.0,0.8,1.2
2025-08-08,2025-08-08 13:58:43.200,MO2508-C-7500,1.0,0.8,1.2
2025-08-08,2025-08-08 13:58:43.700,MO2508-C-7500,1.0,0.8,1.2
2025-08-08,2025-08-08 13:58:46.200,MO2508-C-7500,1.0,0.8,1.2
2025-08-08,2025-08-08 13:58:46.700,MO2508-C-7500,1.0,0.8,1.2
2025-08-08,2025-08-08 13:58:53.200,MO2508-C-7500,1.0,0.8,1.2
2025-08-08,2025-08-08 13:58:53.700,MO2508-C-7500,1.0,0.8,1.2
2025-08-08,2025-08-08 13:59:03.200,MO2508-C-7500,1.0,0.8,1.2
2025-08-08,2025-08-08 13:59:03.700,MO2508-C-7500,1.0,0.8,1.2
2025-08-08,2025-08-08 13:59:12.200,MO2508-C-7500,1.0,0.8,1.2
2025-08-08,2025-08-08 13:59:13.200,MO2508-C-7500,1.0,0.8,1.2
2025-08-08,2025-08-08 13:59:13.700,MO2508-C-7500,1.0,0.8,1.2
2025-08-08,2025-08-08 13:59:23.200,MO2508-C-7500,1.0,0.8,1.2
2025-08-08,2025-08-08 13:59:23.700,MO2508-C-7500,1.0,0.8,1.2
2025-08-08,2025-08-08 13:59:31.200,MO2508-C-7500,1.0,0.8,1.2
2025-08-08,2025-08-08 13:59:33.200,MO2508-C-7500,1.0,0.8,1.2
2025-08-08,2025-08-08 13:59:33.700,MO2508-C-7500,1.0,0.8,1.2
2025-08-08,2025-08-08 13:59:43.200,MO2508-C-7500,1.0,0.8,1.2
2025-08-08,2025-08-08 13:59:43.700,MO2508-C-7500,1.0,0.8,1.2
2025-08-08,2025-08-08 13:59:52.700,MO2508-C-7500,1.0,0.8,1.2
2025-08-08,2025-08-08 13:59:53.200,MO2508-C-7500,1.0,0.8,1.2
2025-08-08,2025-08-08 13:59:53.700,MO2508-C-7500,1.0,0.8,1.2
2025-08-08,2025-08-08 13:59:57.700,MO2508-C-7500,1.0,0.8,1.2
2025-08-08,2025-08-08 13:59:58.200,MO2508-C-7500,1.0,0.8,1.2
2025-08-08,2025-08-08 13:59:59.700,MO2508-C-7500,1.0,0.8,1.2
2025-08-08,2025-08-08 14:00:00.700,MO2508-C-7500,1.0,0.8,1.2
2025-08-08,2025-08-08 14:00:01.200,MO2508-C-7500,1.0,0.8,1.2
2025-08-08,2025-08-08 14:00:01.700,MO2508-C-7500,1.0,0.8,1.2
2025-08-08,2025-08-08 14:00:03.200,MO2508-C-7500,1.0,0.8,1.2
2025-08-08,2025-08-08 14:00:03.700,MO2508-C-7500,1.0,0.8,1.2
2025-08-08,2025-08-08 14:00:13.200,MO2508-C-7500,1.0,0.8,1.2
2025-08-08,2025-08-08 14:00:13.700,MO2508-C-7500,1.0,0.8,1.2
2025-08-08,2025-08-08 14:00:15.200,MO2508-C-7500,1.0,0.8,1.2
2025-08-08,2025-08-08 14:00:18.200,MO2508-C-7500,1.0,0.8,1.2
2025-08-08,2025-08-08 14:00:23.200,MO2508-C-7500,1.0,0.8,1.2
2025-08-08,2025-08-08 14:00:23.700,MO2508-C-7500,1.0,0.8,1.2
2025-08-08,2025-08-08 14:00:33.200,MO2508-C-7500,1.0,0.8,1.2
2025-08-08,2025-08-08 14:00:33.700,MO2508-C-7500,1.0,0.8,1.2
2025-08-08,2025-08-08 14:00:36.200,MO2508-C-7500,1.0,0.8,1.2
2025-08-08,2025-08-08 14:00:43.200,MO2508-C-7500,1.0,0.8,1.2
2025-08-08,2025-08-08 14:00:43.700,MO2508-C-7500,1.0,0.8,1.2
2025-08-08,2025-08-08 14:00:51.200,MO2508-C-7500,1.0,0.8,1.2
2025-08-08,2025-08-08 14:00:52.200,MO2508-C-7500,1.0,0.8,1.2
2025-08-08,2025-08-08 14:00:53.200,MO2508-C-7500,1.0,0.8,1.2
2025-08-08,2025-08-08 14:00:53.700,MO2508-C-7500,1.0,0.8,1.2
2025-08-08,2025-08-08 14:00:58.700,MO2508-C-7500,1.0,0.8,1.2
2025-08-08,2025-08-08 14:01:02.200,MO2508-C-7500,1.0,0.8,1.2
2025-08-08,2025-08-08 14:01:03.200,MO2508-C-7500,1.0,0.8,1.2
2025-08-08,2025-08-08 14:01:03.700,MO2508-C-7500,1.0,0.8,1.2
2025-08-08,2025-08-08 14:01:04.200,MO2508-C-7500,1.0,0.8,1.2
2025-08-08,2025-08-08 14:01:05.700,MO2508-C-7500,1.0,0.8,1.2
2025-08-08,2025-08-08 14:01:12.700,MO2508-C-7500,1.0,0.8,1.2
2025-08-08,2025-08-08 14:01:13.200,MO2508-C-7500,1.0,0.8,1.2
2025-08-08,2025-08-08 14:01:13.700,MO2508-C-7500,1.0,0.8,1.2
2025-08-08,2025-08-08 14:01:15.700,MO2508-C-7500,1.0,0.8,1.2
2025-08-08,2025-08-08 14:01:16.200,MO2508-C-7500,1.0,0.8,1.2
2025-08-08,2025-08-08 14:01:17.200,MO2508-C-7500,1.0,0.8,1.2
2025-08-08,2025-08-08 14:01:17.700,MO2508-C-7500,1.0,0.8,1.2
2025-08-08,2025-08-08 14:01:22.700,MO2508-C-7500,1.0,0.8,1.2
2025-08-08,2025-08-08 14:01:23.200,MO2508-C-7500,1.0,0.8,1.2
2025-08-08,2025-08-08 14:01:23.700,MO2508-C-7500,1.0,0.8,1.2
2025-08-08,2025-08-08 14:01:30.200,MO2508-C-7500,1.0,0.8,1.2
2025-08-08,2025-08-08 14:01:33.200,MO2508-C-7500,1.0,0.8,1.2
2025-08-08,2025-08-08 14:01:33.700,MO2508-C-7500,1.0,0.8,1.2
2025-08-08,2025-08-08 14:01:43.200,MO2508-C-7500,1.0,0.8,1.2
2025-08-08,2025-08-08 14:01:43.700,MO2508-C-7500,1.0,0.8,1.2
2025-08-08,2025-08-08 14:01:53.200,MO2508-C-7500,1.0,0.8,1.2
2025-08-08,2025-08-08 14:01:53.700,MO2508-C-7500,1.0,0.8,1.2
2025-08-08,2025-08-08 14:02:03.200,MO2508-C-7500,1.0,0.8,1.2
2025-08-08,2025-08-08 14:02:03.700,MO2508-C-7500,1.0,0.8,1.2
2025-08-08,2025-08-08 14:02:13.200,MO2508-C-7500,1.0,0.8,1.2
2025-08-08,2025-08-08 14:02:13.700,MO2508-C-7500,1.0,0.8,1.2
2025-08-08,2025-08-08 14:02:23.200,MO2508-C-7500,1.0,0.8,1.2
2025-08-08,2025-08-08 14:02:23.700,MO2508-C-7500,1.0,0.8,1.2
2025-08-08,2025-08-08 14:02:33.200,MO2508-C-7500,1.0,0.8,1.2
2025-08-08,2025-08-08 14:02:33.700,MO2508-C-7500,1.0,0.8,1.2
2025-08-08,2025-08-08 14:02:43.200,MO2508-C-7500,1.0,0.8,1.2
2025-08-08,2025-08-08 14:02:43.700,MO2508-C-7500,1.0,0.8,1.2
2025-08-08,2025-08-08 14:02:53.200,MO2508-C-7500,1.0,0.8,1.2
2025-08-08,2025-08-08 14:02:53.700,MO2508-C-7500,1.0,0.8,1.2
2025-08-08,2025-08-08 14:02:54.200,MO2508-C-7500,1.0,0.8,1.2
2025-08-08,2025-08-08 14:03:03.200,MO2508-C-7500,1.0,0.8,1.2
2025-08-08,2025-08-08 14:03:03.700,MO2508-C-7500,1.0,0.8,1.2
2025-08-08,2025-08-08 14:03:13.200,MO2508-C-7500,1.0,0.8,1.2
2025-08-08,2025-08-08 14:03:13.700,MO2508-C-7500,1.0,0.8,1.2
2025-08-08,2025-08-08 14:03:22.700,MO2508-C-7500,1.0,0.8,1.2
2025-08-08,2025-08-08 14:03:23.200,MO2508-C-7500,1.0,0.8,1.2
2025-08-08,2025-08-08 14:03:23.700,MO2508-C-7500,1.0,0.8,1.2
2025-08-08,2025-08-08 14:03:33.200,MO2508-C-7500,1.0,0.8,1.2
2025-08-08,2025-08-08 14:03:33.700,MO2508-C-7500,1.0,0.8,1.2
2025-08-08,2025-08-08 14:03:43.200,MO2508-C-7500,1.0,0.8,1.2
2025-08-08,2025-08-08 14:03:43.700,MO2508-C-7500,1.0,0.8,1.2
2025-08-08,2025-08-08 14:03:45.200,MO2508-C-7500,1.0,0.8,1.2
2025-08-08,2025-08-08 14:03:45.700,MO2508-C-7500,1.0,0.8,1.2
2025-08-08,2025-08-08 14:03:53.200,MO2508-C-7500,1.0,0.8,1.2
2025-08-08,2025-08-08 14:03:53.700,MO2508-C-7500,1.0,0.8,1.2
2025-08-08,2025-08-08 14:03:58.200,MO2508-C-7500,1.0,0.8,1.2
2025-08-08,2025-08-08 14:04:03.200,MO2508-C-7500,1.0,0.8,1.0
2025-08-08,2025-08-08 14:04:03.700,MO2508-C-7500,1.0,0.8,1.0
2025-08-08,2025-08-08 14:04:04.200,MO2508-C-7500,1.0,0.8,1.0
2025-08-08,2025-08-08 14:04:04.700,MO2508-C-7500,1.0,0.8,1.0
2025-08-08,2025-08-08 14:04:11.700,MO2508-C-7500,1.0,0.8,1.0
2025-08-08,2025-08-08 14:04:12.200,MO2508-C-7500,1.0,0.8,1.0
2025-08-08,2025-08-08 14:04:13.200,MO2508-C-7500,1.0,0.8,1.0
2025-08-08,2025-08-08 14:04:13.700,MO2508-C-7500,1.0,0.8,1.0
2025-08-08,2025-08-08 14:04:23.200,MO2508-C-7500,1.0,0.8,1.0
2025-08-08,2025-08-08 14:04:23.700,MO2508-C-7500,1.0,0.8,1.0
2025-08-08,2025-08-08 14:04:26.700,MO2508-C-7500,1.0,0.8,1.0
2025-08-08,2025-08-08 14:04:27.200,MO2508-C-7500,1.0,0.8,1.0
2025-08-08,2025-08-08 14:04:33.200,MO2508-C-7500,1.0,0.8,1.0
2025-08-08,2025-08-08 14:04:33.700,MO2508-C-7500,1.0,0.8,1.0
2025-08-08,2025-08-08 14:04:43.200,MO2508-C-7500,1.0,0.8,1.0
2025-08-08,2025-08-08 14:04:43.700,MO2508-C-7500,1.0,0.8,1.0
2025-08-08,2025-08-08 14:04:53.200,MO2508-C-7500,1.0,0.8,1.0
2025-08-08,2025-08-08 14:04:53.700,MO2508-C-7500,1.0,0.8,1.0
2025-08-08,2025-08-08 14:05:03.200,MO2508-C-7500,1.0,0.8,1.0
2025-08-08,2025-08-08 14:05:03.700,MO2508-C-7500,1.0,0.8,1.0
2025-08-08,2025-08-08 14:05:13.200,MO2508-C-7500,1.0,0.8,1.0
2025-08-08,2025-08-08 14:05:13.700,MO2508-C-7500,1.0,0.8,1.0
2025-08-08,2025-08-08 14:05:23.200,MO2508-C-7500,1.0,0.8,1.0
2025-08-08,2025-08-08 14:05:23.700,MO2508-C-7500,1.0,0.8,1.0
2025-08-08,2025-08-08 14:05:33.200,MO2508-C-7500,1.0,0.8,1.0
2025-08-08,2025-08-08 14:05:33.700,MO2508-C-7500,1.0,0.8,1.0
2025-08-08,2025-08-08 14:05:43.200,MO2508-C-7500,1.0,0.8,1.0
2025-08-08,2025-08-08 14:05:43.700,MO2508-C-7500,1.0,0.8,1.0
2025-08-08,2025-08-08 14:05:53.200,MO2508-C-7500,1.0,0.8,1.0
2025-08-08,2025-08-08 14:05:53.700,MO2508-C-7500,1.0,0.8,1.0
2025-08-08,2025-08-08 14:06:03.200,MO2508-C-7500,1.0,0.8,1.0
2025-08-08,2025-08-08 14:06:03.700,MO2508-C-7500,1.0,0.8,1.0
2025-08-08,2025-08-08 14:06:13.200,MO2508-C-7500,1.0,0.8,1.0
2025-08-08,2025-08-08 14:06:13.700,MO2508-C-7500,1.0,0.8,1.0
2025-08-08,2025-08-08 14:06:15.700,MO2508-C-7500,1.0,0.8,1.0
2025-08-08,2025-08-08 14:06:16.200,MO2508-C-7500,1.0,0.8,1.0
2025-08-08,2025-08-08 14:06:23.200,MO2508-C-7500,1.0,0.8,1.0
2025-08-08,2025-08-08 14:06:23.700,MO2508-C-7500,1.0,0.8,1.0
2025-08-08,2025-08-08 14:06:24.200,MO2508-C-7500,1.0,0.8,1.0
2025-08-08,2025-08-08 14:06:24.700,MO2508-C-7500,1.0,0.8,1.0
2025-08-08,2025-08-08 14:06:25.200,MO2508-C-7500,1.0,0.8,1.0
2025-08-08,2025-08-08 14:06:33.200,MO2508-C-7500,1.0,0.8,1.0
2025-08-08,2025-08-08 14:06:33.700,MO2508-C-7500,1.0,0.8,1.0
2025-08-08,2025-08-08 14:06:34.200,MO2508-C-7500,1.0,0.8,1.0
2025-08-08,2025-08-08 14:06:38.700,MO2508-C-7500,1.0,0.8,1.0
2025-08-08,2025-08-08 14:06:39.200,MO2508-C-7500,1.0,0.8,1.0
2025-08-08,2025-08-08 14:06:43.200,MO2508-C-7500,1.0,0.8,1.0
2025-08-08,2025-08-08 14:06:43.700,MO2508-C-7500,1.0,0.8,1.0
2025-08-08,2025-08-08 14:06:44.200,MO2508-C-7500,1.0,0.8,1.0
2025-08-08,2025-08-08 14:06:45.700,MO2508-C-7500,1.0,0.8,1.0
2025-08-08,2025-08-08 14:06:46.200,MO2508-C-7500,1.0,0.8,1.0
2025-08-08,2025-08-08 14:06:53.200,MO2508-C-7500,1.0,0.8,1.0
2025-08-08,2025-08-08 14:06:53.700,MO2508-C-7500,1.0,0.8,1.0
2025-08-08,2025-08-08 14:06:54.200,MO2508-C-7500,1.0,0.8,1.0
2025-08-08,2025-08-08 14:07:03.200,MO2508-C-7500,1.0,0.8,1.0
2025-08-08,2025-08-08 14:07:03.700,MO2508-C-7500,1.0,0.8,1.0
2025-08-08,2025-08-08 14:07:13.200,MO2508-C-7500,1.0,0.8,1.0
2025-08-08,2025-08-08 14:07:13.700,MO2508-C-7500,1.0,0.8,1.0
2025-08-08,2025-08-08 14:07:23.200,MO2508-C-7500,1.0,0.8,1.0
2025-08-08,2025-08-08 14:07:23.700,MO2508-C-7500,1.0,0.8,1.0
2025-08-08,2025-08-08 14:07:33.200,MO2508-C-7500,1.0,0.8,1.0
2025-08-08,2025-08-08 14:07:33.700,MO2508-C-7500,1.0,0.8,1.0
2025-08-08,2025-08-08 14:07:41.700,MO2508-C-7500,1.0,0.8,1.0
2025-08-08,2025-08-08 14:07:42.200,MO2508-C-7500,1.0,0.8,1.0
2025-08-08,2025-08-08 14:07:42.700,MO2508-C-7500,1.0,0.8,1.0
2025-08-08,2025-08-08 14:07:43.200,MO2508-C-7500,1.0,0.8,1.0
2025-08-08,2025-08-08 14:07:43.700,MO2508-C-7500,1.0,0.8,1.0
2025-08-08,2025-08-08 14:07:53.200,MO2508-C-7500,1.0,0.8,1.0
2025-08-08,2025-08-08 14:07:53.700,MO2508-C-7500,1.0,0.8,1.0
2025-08-08,2025-08-08 14:08:03.200,MO2508-C-7500,1.0,0.8,1.0
2025-08-08,2025-08-08 14:08:03.700,MO2508-C-7500,1.0,0.8,1.0
2025-08-08,2025-08-08 14:08:13.200,MO2508-C-7500,1.0,0.8,1.0
2025-08-08,2025-08-08 14:08:13.700,MO2508-C-7500,1.0,0.8,1.0
2025-08-08,2025-08-08 14:08:23.200,MO2508-C-7500,1.0,0.8,1.0
2025-08-08,2025-08-08 14:08:23.700,MO2508-C-7500,1.0,0.8,1.0
2025-08-08,2025-08-08 14:08:33.200,MO2508-C-7500,1.0,0.8,1.0
2025-08-08,2025-08-08 14:08:33.700,MO2508-C-7500,1.0,0.8,1.0
2025-08-08,2025-08-08 14:08:36.200,MO2508-C-7500,0.8,0.8,1.0
2025-08-08,2025-08-08 14:08:37.700,MO2508-C-7500,0.8,0.8,1.0
2025-08-08,2025-08-08 14:08:38.700,MO2508-C-7500,0.8,0.8,1.0
2025-08-08,2025-08-08 14:08:39.200,MO2508-C-7500,0.8,0.8,1.0
2025-08-08,2025-08-08 14:08:39.700,MO2508-C-7500,0.8,0.8,1.0
2025-08-08,2025-08-08 14:08:40.200,MO2508-C-7500,0.8,0.8,1.0
2025-08-08,2025-08-08 14:08:40.700,MO2508-C-7500,0.8,0.8,1.0
2025-08-08,2025-08-08 14:08:42.700,MO2508-C-7500,0.8,0.8,1.0
2025-08-08,2025-08-08 14:08:43.200,MO2508-C-7500,0.8,0.8,1.0
2025-08-08,2025-08-08 14:08:43.700,MO2508-C-7500,0.8,0.8,1.0
2025-08-08,2025-08-08 14:08:47.700,MO2508-C-7500,0.8,0.8,1.0
2025-08-08,2025-08-08 14:08:48.200,MO2508-C-7500,0.8,0.8,1.0
2025-08-08,2025-08-08 14:08:48.700,MO2508-C-7500,0.8,0.8,1.0
2025-08-08,2025-08-08 14:08:49.200,MO2508-C-7500,0.8,0.8,1.0
2025-08-08,2025-08-08 14:08:49.700,MO2508-C-7500,0.8,0.8,1.0
2025-08-08,2025-08-08 14:08:53.200,MO2508-C-7500,0.8,0.8,1.0
2025-08-08,2025-08-08 14:08:53.700,MO2508-C-7500,0.8,0.8,1.0
2025-08-08,2025-08-08 14:09:03.200,MO2508-C-7500,0.8,0.8,1.0
2025-08-08,2025-08-08 14:09:03.700,MO2508-C-7500,0.8,0.8,1.0
2025-08-08,2025-08-08 14:09:13.200,MO2508-C-7500,0.8,0.8,1.0
2025-08-08,2025-08-08 14:09:13.700,MO2508-C-7500,0.8,0.8,1.0
2025-08-08,2025-08-08 14:09:22.200,MO2508-C-7500,0.8,0.6,1.0
2025-08-08,2025-08-08 14:09:22.700,MO2508-C-7500,0.8,0.6,1.0
2025-08-08,2025-08-08 14:09:23.200,MO2508-C-7500,0.8,0.6,1.0
2025-08-08,2025-08-08 14:09:23.700,MO2508-C-7500,0.8,0.6,1.0
2025-08-08,2025-08-08 14:09:27.700,MO2508-C-7500,0.8,0.6,1.0
2025-08-08,2025-08-08 14:09:33.200,MO2508-C-7500,0.8,0.6,1.0
2025-08-08,2025-08-08 14:09:33.700,MO2508-C-7500,0.8,0.6,1.0
2025-08-08,2025-08-08 14:09:39.700,MO2508-C-7500,0.8,0.6,0.8
2025-08-08,2025-08-08 14:09:40.200,MO2508-C-7500,0.8,0.6,0.8
2025-08-08,2025-08-08 14:09:40.700,MO2508-C-7500,0.8,0.6,0.8
2025-08-08,2025-08-08 14:09:41.200,MO2508-C-7500,0.8,0.6,1.0
2025-08-08,2025-08-08 14:09:43.200,MO2508-C-7500,0.8,0.6,1.0
2025-08-08,2025-08-08 14:09:43.700,MO2508-C-7500,0.8,0.6,1.0
2025-08-08,2025-08-08 14:09:47.200,MO2508-C-7500,0.8,0.6,1.0
2025-08-08,2025-08-08 14:09:47.700,MO2508-C-7500,0.8,0.6,1.0
2025-08-08,2025-08-08 14:09:53.200,MO2508-C-7500,0.8,0.6,1.0
2025-08-08,2025-08-08 14:09:53.700,MO2508-C-7500,0.8,0.6,1.0
2025-08-08,2025-08-08 14:10:03.200,MO2508-C-7500,0.8,0.6,1.0
2025-08-08,2025-08-08 14:10:03.700,MO2508-C-7500,0.8,0.6,1.0
2025-08-08,2025-08-08 14:10:08.700,MO2508-C-7500,0.8,0.6,1.0
2025-08-08,2025-08-08 14:10:13.200,MO2508-C-7500,0.8,0.6,1.0
2025-08-08,2025-08-08 14:10:13.700,MO2508-C-7500,0.8,0.6,1.0
2025-08-08,2025-08-08 14:10:23.200,MO2508-C-7500,0.8,0.6,1.0
2025-08-08,2025-08-08 14:10:23.700,MO2508-C-7500,0.8,0.6,1.0
2025-08-08,2025-08-08 14:10:33.200,MO2508-C-7500,0.8,0.6,1.0
2025-08-08,2025-08-08 14:10:33.700,MO2508-C-7500,0.8,0.6,1.0
2025-08-08,2025-08-08 14:10:39.200,MO2508-C-7500,0.8,0.6,1.0
2025-08-08,2025-08-08 14:10:43.200,MO2508-C-7500,0.8,0.6,1.0
2025-08-08,2025-08-08 14:10:43.700,MO2508-C-7500,0.8,0.6,1.0
2025-08-08,2025-08-08 14:10:53.200,MO2508-C-7500,0.8,0.6,1.0
2025-08-08,2025-08-08 14:10:53.700,MO2508-C-7500,0.8,0.6,1.0
2025-08-08,2025-08-08 14:11:00.200,MO2508-C-7500,0.8,0.6,1.0
2025-08-08,2025-08-08 14:11:03.200,MO2508-C-7500,0.8,0.6,1.0
2025-08-08,2025-08-08 14:11:03.700,MO2508-C-7500,0.8,0.6,1.0
2025-08-08,2025-08-08 14:11:11.700,MO2508-C-7500,0.8,0.6,1.0
2025-08-08,2025-08-08 14:11:12.200,MO2508-C-7500,0.8,0.6,1.0
2025-08-08,2025-08-08 14:11:13.200,MO2508-C-7500,0.8,0.6,1.0
2025-08-08,2025-08-08 14:11:13.700,MO2508-C-7500,0.8,0.6,1.0
2025-08-08,2025-08-08 14:11:23.200,MO2508-C-7500,0.8,0.6,1.0
2025-08-08,2025-08-08 14:11:23.700,MO2508-C-7500,0.8,0.6,1.0
2025-08-08,2025-08-08 14:11:33.200,MO2508-C-7500,0.8,0.6,1.0
2025-08-08,2025-08-08 14:11:33.700,MO2508-C-7500,0.8,0.6,1.0
2025-08-08,2025-08-08 14:11:37.700,MO2508-C-7500,0.8,0.6,1.0
2025-08-08,2025-08-08 14:11:43.200,MO2508-C-7500,0.8,0.6,1.0
2025-08-08,2025-08-08 14:11:43.700,MO2508-C-7500,0.8,0.6,1.0
2025-08-08,2025-08-08 14:11:46.200,MO2508-C-7500,0.8,0.6,1.0
2025-08-08,2025-08-08 14:11:49.200,MO2508-C-7500,0.8,0.6,1.0
2025-08-08,2025-08-08 14:11:50.700,MO2508-C-7500,0.8,0.6,1.0
2025-08-08,2025-08-08 14:11:51.200,MO2508-C-7500,0.8,0.6,1.0
2025-08-08,2025-08-08 14:11:51.700,MO2508-C-7500,0.8,0.6,1.0
2025-08-08,2025-08-08 14:11:52.200,MO2508-C-7500,0.8,0.6,1.0
2025-08-08,2025-08-08 14:11:53.200,MO2508-C-7500,0.8,0.6,1.0
2025-08-08,2025-08-08 14:11:53.700,MO2508-C-7500,0.8,0.6,1.0
2025-08-08,2025-08-08 14:11:54.200,MO2508-C-7500,0.8,0.6,1.0
2025-08-08,2025-08-08 14:12:03.200,MO2508-C-7500,0.8,0.6,1.0
2025-08-08,2025-08-08 14:12:03.700,MO2508-C-7500,0.8,0.6,1.0
2025-08-08,2025-08-08 14:12:10.700,MO2508-C-7500,0.8,0.6,0.8
2025-08-08,2025-08-08 14:12:11.200,MO2508-C-7500,0.8,0.6,0.8
2025-08-08,2025-08-08 14:12:13.200,MO2508-C-7500,0.8,0.6,0.8
2025-08-08,2025-08-08 14:12:13.700,MO2508-C-7500,0.8,0.6,0.8
2025-08-08,2025-08-08 14:12:16.200,MO2508-C-7500,0.8,0.6,0.8
2025-08-08,2025-08-08 14:12:17.200,MO2508-C-7500,0.8,0.6,0.8
2025-08-08,2025-08-08 14:12:23.200,MO2508-C-7500,0.8,0.6,0.8
2025-08-08,2025-08-08 14:12:23.700,MO2508-C-7500,0.8,0.6,0.8
2025-08-08,2025-08-08 14:12:33.200,MO2508-C-7500,0.8,0.6,0.8
2025-08-08,2025-08-08 14:12:33.700,MO2508-C-7500,0.8,0.6,0.8
2025-08-08,2025-08-08 14:12:43.200,MO2508-C-7500,0.8,0.6,0.8
2025-08-08,2025-08-08 14:12:43.700,MO2508-C-7500,0.8,0.6,0.8
2025-08-08,2025-08-08 14:12:53.200,MO2508-C-7500,0.8,0.6,0.8
2025-08-08,2025-08-08 14:12:53.700,MO2508-C-7500,0.8,0.6,0.8
2025-08-08,2025-08-08 14:13:03.200,MO2508-C-7500,0.8,0.6,0.8
2025-08-08,2025-08-08 14:13:03.700,MO2508-C-7500,0.8,0.6,0.8
2025-08-08,2025-08-08 14:13:07.700,MO2508-C-7500,0.8,0.6,0.8
2025-08-08,2025-08-08 14:13:13.200,MO2508-C-7500,0.8,0.6,0.8
2025-08-08,2025-08-08 14:13:13.700,MO2508-C-7500,0.8,0.6,0.8
2025-08-08,2025-08-08 14:13:14.200,MO2508-C-7500,0.8,0.6,0.8
2025-08-08,2025-08-08 14:13:23.200,MO2508-C-7500,0.8,0.6,0.8
2025-08-08,2025-08-08 14:13:23.700,MO2508-C-7500,0.8,0.6,0.8
2025-08-08,2025-08-08 14:13:33.200,MO2508-C-7500,0.8,0.6,0.8
2025-08-08,2025-08-08 14:13:33.700,MO2508-C-7500,0.8,0.6,0.8
2025-08-08,2025-08-08 14:13:43.200,MO2508-C-7500,0.8,0.6,0.8
2025-08-08,2025-08-08 14:13:43.700,MO2508-C-7500,0.8,0.6,0.8
2025-08-08,2025-08-08 14:13:53.200,MO2508-C-7500,0.8,0.6,0.8
2025-08-08,2025-08-08 14:13:53.700,MO2508-C-7500,0.8,0.6,0.8
2025-08-08,2025-08-08 14:14:03.200,MO2508-C-7500,0.8,0.6,0.8
2025-08-08,2025-08-08 14:14:03.700,MO2508-C-7500,0.8,0.6,0.8
2025-08-08,2025-08-08 14:14:13.200,MO2508-C-7500,0.8,0.6,0.8
2025-08-08,2025-08-08 14:14:13.700,MO2508-C-7500,0.8,0.6,0.8
2025-08-08,2025-08-08 14:14:14.700,MO2508-C-7500,0.8,0.6,0.8
2025-08-08,2025-08-08 14:14:23.200,MO2508-C-7500,0.8,0.6,0.8
2025-08-08,2025-08-08 14:14:23.700,MO2508-C-7500,0.8,0.6,0.8
2025-08-08,2025-08-08 14:14:24.200,MO2508-C-7500,0.8,0.6,0.8
2025-08-08,2025-08-08 14:14:24.700,MO2508-C-7500,0.8,0.6,0.8
2025-08-08,2025-08-08 14:14:33.200,MO2508-C-7500,0.8,0.6,0.8
2025-08-08,2025-08-08 14:14:33.700,MO2508-C-7500,0.8,0.6,0.8
2025-08-08,2025-08-08 14:14:34.200,MO2508-C-7500,0.8,0.6,0.8
2025-08-08,2025-08-08 14:14:35.700,MO2508-C-7500,0.8,0.6,0.8
2025-08-08,2025-08-08 14:14:41.200,MO2508-C-7500,0.8,0.6,1.0
2025-08-08,2025-08-08 14:14:41.700,MO2508-C-7500,0.8,0.6,1.0
2025-08-08,2025-08-08 14:14:43.200,MO2508-C-7500,0.8,0.6,1.0
2025-08-08,2025-08-08 14:14:43.700,MO2508-C-7500,0.8,0.6,1.0
2025-08-08,2025-08-08 14:14:53.200,MO2508-C-7500,0.8,0.6,1.0
2025-08-08,2025-08-08 14:14:53.700,MO2508-C-7500,0.8,0.6,1.0
2025-08-08,2025-08-08 14:15:03.200,MO2508-C-7500,0.8,0.6,1.0
2025-08-08,2025-08-08 14:15:03.700,MO2508-C-7500,0.8,0.6,1.0
2025-08-08,2025-08-08 14:15:13.200,MO2508-C-7500,0.8,0.6,1.0
2025-08-08,2025-08-08 14:15:13.700,MO2508-C-7500,0.8,0.6,1.0
2025-08-08,2025-08-08 14:15:15.200,MO2508-C-7500,0.8,0.6,1.0
2025-08-08,2025-08-08 14:15:23.200,MO2508-C-7500,0.8,0.6,1.0
2025-08-08,2025-08-08 14:15:23.700,MO2508-C-7500,0.8,0.6,1.0
2025-08-08,2025-08-08 14:15:29.200,MO2508-C-7500,0.8,0.6,1.0
2025-08-08,2025-08-08 14:15:31.200,MO2508-C-7500,0.8,0.6,1.0
2025-08-08,2025-08-08 14:15:33.200,MO2508-C-7500,0.8,0.6,1.0
2025-08-08,2025-08-08 14:15:33.700,MO2508-C-7500,0.8,0.6,1.0
2025-08-08,2025-08-08 14:15:34.700,MO2508-C-7500,0.8,0.6,1.0
2025-08-08,2025-08-08 14:15:43.200,MO2508-C-7500,0.8,0.6,1.0
2025-08-08,2025-08-08 14:15:43.700,MO2508-C-7500,0.8,0.6,1.0
2025-08-08,2025-08-08 14:15:53.200,MO2508-C-7500,0.8,0.6,1.0
2025-08-08,2025-08-08 14:15:53.700,MO2508-C-7500,0.8,0.6,1.0
2025-08-08,2025-08-08 14:16:03.200,MO2508-C-7500,0.8,0.6,1.0
2025-08-08,2025-08-08 14:16:03.700,MO2508-C-7500,0.8,0.6,1.0
2025-08-08,2025-08-08 14:16:13.200,MO2508-C-7500,0.8,0.6,1.0
2025-08-08,2025-08-08 14:16:13.700,MO2508-C-7500,0.8,0.6,1.0
2025-08-08,2025-08-08 14:16:23.200,MO2508-C-7500,0.8,0.6,1.0
2025-08-08,2025-08-08 14:16:23.700,MO2508-C-7500,0.8,0.6,1.0
2025-08-08,2025-08-08 14:16:33.200,MO2508-C-7500,0.8,0.6,1.0
2025-08-08,2025-08-08 14:16:33.700,MO2508-C-7500,0.8,0.6,1.0
2025-08-08,2025-08-08 14:16:40.200,MO2508-C-7500,0.8,0.6,0.8
2025-08-08,2025-08-08 14:16:40.700,MO2508-C-7500,0.8,0.6,0.8
2025-08-08,2025-08-08 14:16:42.700,MO2508-C-7500,0.8,0.6,0.8
2025-08-08,2025-08-08 14:16:43.200,MO2508-C-7500,0.8,0.6,0.8
2025-08-08,2025-08-08 14:16:43.700,MO2508-C-7500,0.8,0.6,0.8
2025-08-08,2025-08-08 14:16:48.700,MO2508-C-7500,0.6,0.6,0.8
2025-08-08,2025-08-08 14:16:53.200,MO2508-C-7500,0.6,0.6,0.8
2025-08-08,2025-08-08 14:16:53.700,MO2508-C-7500,0.6,0.6,0.8
2025-08-08,2025-08-08 14:16:54.200,MO2508-C-7500,0.6,0.6,0.8
2025-08-08,2025-08-08 14:16:54.700,MO2508-C-7500,0.6,0.6,0.8
2025-08-08,2025-08-08 14:16:55.200,MO2508-C-7500,0.6,0.6,0.8
2025-08-08,2025-08-08 14:16:57.200,MO2508-C-7500,0.6,0.6,0.8
2025-08-08,2025-08-08 14:16:57.700,MO2508-C-7500,0.6,0.6,0.8
2025-08-08,2025-08-08 14:17:03.200,MO2508-C-7500,0.6,0.6,0.8
2025-08-08,2025-08-08 14:17:03.700,MO2508-C-7500,0.6,0.6,0.8
2025-08-08,2025-08-08 14:17:04.200,MO2508-C-7500,0.6,0.6,0.8
2025-08-08,2025-08-08 14:17:04.700,MO2508-C-7500,0.6,0.6,0.8
2025-08-08,2025-08-08 14:17:05.200,MO2508-C-7500,0.6,0.6,0.8
2025-08-08,2025-08-08 14:17:06.200,MO2508-C-7500,0.6,0.6,0.8
2025-08-08,2025-08-08 14:17:06.700,MO2508-C-7500,0.6,0.6,0.8
2025-08-08,2025-08-08 14:17:13.200,MO2508-C-7500,0.6,0.6,0.8
2025-08-08,2025-08-08 14:17:13.700,MO2508-C-7500,0.6,0.6,0.8
2025-08-08,2025-08-08 14:17:14.200,MO2508-C-7500,0.6,0.6,0.8
2025-08-08,2025-08-08 14:17:14.700,MO2508-C-7500,0.6,0.6,0.8
2025-08-08,2025-08-08 14:17:15.200,MO2508-C-7500,0.6,0.6,0.8
2025-08-08,2025-08-08 14:17:19.200,MO2508-C-7500,0.6,0.6,0.8
2025-08-08,2025-08-08 14:17:19.700,MO2508-C-7500,0.6,0.6,0.8
2025-08-08,2025-08-08 14:17:20.200,MO2508-C-7500,0.6,0.6,0.8
2025-08-08,2025-08-08 14:17:20.700,MO2508-C-7500,0.6,0.6,0.8
2025-08-08,2025-08-08 14:17:23.200,MO2508-C-7500,0.6,0.6,0.8
2025-08-08,2025-08-08 14:17:23.700,MO2508-C-7500,0.6,0.6,0.8
2025-08-08,2025-08-08 14:17:25.200,MO2508-C-7500,0.6,0.6,0.8
2025-08-08,2025-08-08 14:17:25.700,MO2508-C-7500,0.6,0.6,0.8
2025-08-08,2025-08-08 14:17:33.200,MO2508-C-7500,0.6,0.6,0.8
2025-08-08,2025-08-08 14:17:33.700,MO2508-C-7500,0.6,0.6,0.8
2025-08-08,2025-08-08 14:17:43.200,MO2508-C-7500,0.6,0.6,0.8
2025-08-08,2025-08-08 14:17:43.700,MO2508-C-7500,0.6,0.6,0.8
2025-08-08,2025-08-08 14:17:45.700,MO2508-C-7500,0.6,0.6,0.8
2025-08-08,2025-08-08 14:17:46.200,MO2508-C-7500,0.6,0.6,0.8
2025-08-08,2025-08-08 14:17:46.700,MO2508-C-7500,0.6,0.6,0.8
2025-08-08,2025-08-08 14:17:47.200,MO2508-C-7500,0.6,0.6,0.8
2025-08-08,2025-08-08 14:17:53.200,MO2508-C-7500,0.6,0.6,0.8
2025-08-08,2025-08-08 14:17:53.700,MO2508-C-7500,0.6,0.6,0.8
2025-08-08,2025-08-08 14:18:03.200,MO2508-C-7500,0.6,0.6,0.8
2025-08-08,2025-08-08 14:18:03.700,MO2508-C-7500,0.6,0.6,0.8
2025-08-08,2025-08-08 14:18:13.200,MO2508-C-7500,0.6,0.6,0.8
2025-08-08,2025-08-08 14:18:13.700,MO2508-C-7500,0.6,0.6,0.8
2025-08-08,2025-08-08 14:18:23.200,MO2508-C-7500,0.6,0.6,0.8
2025-08-08,2025-08-08 14:18:23.700,MO2508-C-7500,0.6,0.6,0.8
2025-08-08,2025-08-08 14:18:33.200,MO2508-C-7500,0.6,0.6,0.8
2025-08-08,2025-08-08 14:18:33.700,MO2508-C-7500,0.6,0.6,0.8
2025-08-08,2025-08-08 14:18:37.200,MO2508-C-7500,0.6,0.6,0.8
2025-08-08,2025-08-08 14:18:43.200,MO2508-C-7500,0.6,0.6,0.8
2025-08-08,2025-08-08 14:18:43.700,MO2508-C-7500,0.6,0.6,0.8
2025-08-08,2025-08-08 14:18:53.200,MO2508-C-7500,0.6,0.6,0.8
2025-08-08,2025-08-08 14:18:53.700,MO2508-C-7500,0.6,0.6,0.8
2025-08-08,2025-08-08 14:19:03.200,MO2508-C-7500,0.6,0.6,0.8
2025-08-08,2025-08-08 14:19:03.700,MO2508-C-7500,0.6,0.6,0.8
2025-08-08,2025-08-08 14:19:13.200,MO2508-C-7500,0.6,0.6,0.8
2025-08-08,2025-08-08 14:19:13.700,MO2508-C-7500,0.6,0.6,0.8
2025-08-08,2025-08-08 14:19:23.200,MO2508-C-7500,0.6,0.6,0.8
2025-08-08,2025-08-08 14:19:23.700,MO2508-C-7500,0.6,0.6,0.8
2025-08-08,2025-08-08 14:19:33.200,MO2508-C-7500,0.6,0.6,0.8
2025-08-08,2025-08-08 14:19:33.700,MO2508-C-7500,0.6,0.6,0.8
2025-08-08,2025-08-08 14:19:39.200,MO2508-C-7500,0.6,0.6,0.8
2025-08-08,2025-08-08 14:19:39.700,MO2508-C-7500,0.6,0.6,0.8
2025-08-08,2025-08-08 14:19:43.200,MO2508-C-7500,0.6,0.6,0.8
2025-08-08,2025-08-08 14:19:43.700,MO2508-C-7500,0.6,0.6,0.8
2025-08-08,2025-08-08 14:19:44.700,MO2508-C-7500,0.6,0.6,0.8
2025-08-08,2025-08-08 14:19:53.200,MO2508-C-7500,0.6,0.6,0.8
2025-08-08,2025-08-08 14:19:53.700,MO2508-C-7500,0.6,0.6,0.8
2025-08-08,2025-08-08 14:20:03.200,MO2508-C-7500,0.6,0.6,0.8
2025-08-08,2025-08-08 14:20:03.700,MO2508-C-7500,0.6,0.6,0.8
2025-08-08,2025-08-08 14:20:13.200,MO2508-C-7500,0.6,0.6,0.8
2025-08-08,2025-08-08 14:20:13.700,MO2508-C-7500,0.6,0.6,0.8
2025-08-08,2025-08-08 14:20:23.200,MO2508-C-7500,0.6,0.6,0.8
2025-08-08,2025-08-08 14:20:23.700,MO2508-C-7500,0.6,0.6,0.8
2025-08-08,2025-08-08 14:20:24.700,MO2508-C-7500,0.6,0.6,0.8
2025-08-08,2025-08-08 14:20:25.700,MO2508-C-7500,0.6,0.6,0.8
2025-08-08,2025-08-08 14:20:33.200,MO2508-C-7500,0.6,0.6,0.8
2025-08-08,2025-08-08 14:20:33.700,MO2508-C-7500,0.6,0.6,0.8
2025-08-08,2025-08-08 14:20:43.200,MO2508-C-7500,0.6,0.6,0.8
2025-08-08,2025-08-08 14:20:43.700,MO2508-C-7500,0.6,0.6,0.8
2025-08-08,2025-08-08 14:20:49.700,MO2508-C-7500,0.6,0.6,0.8
2025-08-08,2025-08-08 14:20:53.200,MO2508-C-7500,0.6,0.6,0.8
2025-08-08,2025-08-08 14:20:53.700,MO2508-C-7500,0.6,0.6,0.8
2025-08-08,2025-08-08 14:21:03.200,MO2508-C-7500,0.6,0.6,0.8
2025-08-08,2025-08-08 14:21:03.700,MO2508-C-7500,0.6,0.6,0.8
2025-08-08,2025-08-08 14:21:07.200,MO2508-C-7500,0.6,0.6,0.8
2025-08-08,2025-08-08 14:21:13.200,MO2508-C-7500,0.6,0.6,0.8
2025-08-08,2025-08-08 14:21:13.700,MO2508-C-7500,0.6,0.6,0.8
2025-08-08,2025-08-08 14:21:23.200,MO2508-C-7500,0.6,0.6,0.8
2025-08-08,2025-08-08 14:21:23.700,MO2508-C-7500,0.6,0.6,0.8
2025-08-08,2025-08-08 14:21:27.200,MO2508-C-7500,0.6,0.6,0.8
2025-08-08,2025-08-08 14:21:27.700,MO2508-C-7500,0.6,0.6,0.8
2025-08-08,2025-08-08 14:21:28.200,MO2508-C-7500,0.6,0.6,0.8
2025-08-08,2025-08-08 14:21:33.200,MO2508-C-7500,0.6,0.6,0.8
2025-08-08,2025-08-08 14:21:33.700,MO2508-C-7500,0.6,0.6,0.8
2025-08-08,2025-08-08 14:21:43.200,MO2508-C-7500,0.6,0.6,0.8
2025-08-08,2025-08-08 14:21:43.700,MO2508-C-7500,0.6,0.6,0.8
2025-08-08,2025-08-08 14:21:53.200,MO2508-C-7500,0.6,0.6,0.8
2025-08-08,2025-08-08 14:21:53.700,MO2508-C-7500,0.6,0.6,0.8
2025-08-08,2025-08-08 14:22:03.200,MO2508-C-7500,0.6,0.6,0.8
2025-08-08,2025-08-08 14:22:03.700,MO2508-C-7500,0.6,0.6,0.8
2025-08-08,2025-08-08 14:22:13.200,MO2508-C-7500,0.6,0.6,0.8
2025-08-08,2025-08-08 14:22:13.700,MO2508-C-7500,0.6,0.6,0.8
2025-08-08,2025-08-08 14:22:19.700,MO2508-C-7500,0.6,0.6,0.8
2025-08-08,2025-08-08 14:22:23.200,MO2508-C-7500,0.6,0.6,0.8
2025-08-08,2025-08-08 14:22:23.700,MO2508-C-7500,0.6,0.6,0.8
2025-08-08,2025-08-08 14:22:33.200,MO2508-C-7500,0.6,0.6,0.8
2025-08-08,2025-08-08 14:22:33.700,MO2508-C-7500,0.6,0.6,0.8
2025-08-08,2025-08-08 14:22:43.200,MO2508-C-7500,0.6,0.6,0.8
2025-08-08,2025-08-08 14:22:43.700,MO2508-C-7500,0.6,0.6,0.8
2025-08-08,2025-08-08 14:22:53.200,MO2508-C-7500,0.6,0.6,0.8
2025-08-08,2025-08-08 14:22:53.700,MO2508-C-7500,0.6,0.6,0.8
2025-08-08,2025-08-08 14:22:54.200,MO2508-C-7500,0.6,0.6,0.8
2025-08-08,2025-08-08 14:23:03.200,MO2508-C-7500,0.6,0.6,0.8
2025-08-08,2025-08-08 14:23:03.700,MO2508-C-7500,0.6,0.6,0.8
2025-08-08,2025-08-08 14:23:13.200,MO2508-C-7500,0.6,0.6,0.8
2025-08-08,2025-08-08 14:23:13.700,MO2508-C-7500,0.6,0.6,0.8
2025-08-08,2025-08-08 14:23:18.700,MO2508-C-7500,0.6,0.6,1.0
2025-08-08,2025-08-08 14:23:19.200,MO2508-C-7500,0.6,0.6,1.0
2025-08-08,2025-08-08 14:23:23.200,MO2508-C-7500,0.6,0.6,1.0
2025-08-08,2025-08-08 14:23:23.700,MO2508-C-7500,0.6,0.6,1.0
2025-08-08,2025-08-08 14:23:33.200,MO2508-C-7500,0.6,0.6,1.0
2025-08-08,2025-08-08 14:23:33.700,MO2508-C-7500,0.6,0.6,1.0
2025-08-08,2025-08-08 14:23:43.200,MO2508-C-7500,0.6,0.6,1.0
2025-08-08,2025-08-08 14:23:43.700,MO2508-C-7500,0.6,0.6,1.0
2025-08-08,2025-08-08 14:23:53.200,MO2508-C-7500,0.6,0.6,1.0
2025-08-08,2025-08-08 14:23:53.700,MO2508-C-7500,0.6,0.6,1.0
2025-08-08,2025-08-08 14:24:03.200,MO2508-C-7500,0.6,0.6,1.0
2025-08-08,2025-08-08 14:24:03.700,MO2508-C-7500,0.6,0.6,1.0
2025-08-08,2025-08-08 14:24:04.200,MO2508-C-7500,0.6,0.6,1.0
2025-08-08,2025-08-08 14:24:05.700,MO2508-C-7500,0.6,0.6,1.0
2025-08-08,2025-08-08 14:24:13.200,MO2508-C-7500,0.6,0.6,1.0
2025-08-08,2025-08-08 14:24:13.700,MO2508-C-7500,0.6,0.6,1.0
2025-08-08,2025-08-08 14:24:23.200,MO2508-C-7500,0.6,0.6,1.0
2025-08-08,2025-08-08 14:24:23.700,MO2508-C-7500,0.6,0.6,1.0
2025-08-08,2025-08-08 14:24:33.200,MO2508-C-7500,0.6,0.6,1.0
2025-08-08,2025-08-08 14:24:33.700,MO2508-C-7500,0.6,0.6,1.0
2025-08-08,2025-08-08 14:24:43.200,MO2508-C-7500,0.6,0.6,1.0
2025-08-08,2025-08-08 14:24:43.700,MO2508-C-7500,0.6,0.6,1.0
2025-08-08,2025-08-08 14:24:53.200,MO2508-C-7500,0.6,0.6,1.0
2025-08-08,2025-08-08 14:24:53.700,MO2508-C-7500,0.6,0.6,1.0
2025-08-08,2025-08-08 14:24:57.200,MO2508-C-7500,0.6,0.6,1.0
2025-08-08,2025-08-08 14:24:58.700,MO2508-C-7500,0.6,0.6,1.0
2025-08-08,2025-08-08 14:25:03.200,MO2508-C-7500,0.6,0.6,1.0
2025-08-08,2025-08-08 14:25:03.700,MO2508-C-7500,0.6,0.6,1.0
2025-08-08,2025-08-08 14:25:13.200,MO2508-C-7500,0.6,0.6,1.0
2025-08-08,2025-08-08 14:25:13.700,MO2508-C-7500,0.6,0.6,1.0
2025-08-08,2025-08-08 14:25:23.200,MO2508-C-7500,0.6,0.6,1.0
2025-08-08,2025-08-08 14:25:23.700,MO2508-C-7500,0.6,0.6,1.0
2025-08-08,2025-08-08 14:25:24.200,MO2508-C-7500,0.6,0.6,1.0
2025-08-08,2025-08-08 14:25:24.700,MO2508-C-7500,0.6,0.6,1.0
2025-08-08,2025-08-08 14:25:25.200,MO2508-C-7500,0.6,0.6,1.0
2025-08-08,2025-08-08 14:25:25.700,MO2508-C-7500,0.6,0.6,1.0
2025-08-08,2025-08-08 14:25:26.200,MO2508-C-7500,0.6,0.6,1.0
2025-08-08,2025-08-08 14:25:26.700,MO2508-C-7500,0.6,0.6,1.0
2025-08-08,2025-08-08 14:25:27.200,MO2508-C-7500,0.6,0.6,1.0
2025-08-08,2025-08-08 14:25:27.700,MO2508-C-7500,0.6,0.6,1.0
2025-08-08,2025-08-08 14:25:28.200,MO2508-C-7500,0.6,0.6,1.0
2025-08-08,2025-08-08 14:25:28.700,MO2508-C-7500,0.6,0.6,1.0
2025-08-08,2025-08-08 14:25:29.200,MO2508-C-7500,0.6,0.6,1.0
2025-08-08,2025-08-08 14:25:29.700,MO2508-C-7500,0.6,0.6,1.0
2025-08-08,2025-08-08 14:25:30.200,MO2508-C-7500,0.6,0.6,1.0
2025-08-08,2025-08-08 14:25:30.700,MO2508-C-7500,0.6,0.6,1.0
2025-08-08,2025-08-08 14:25:31.200,MO2508-C-7500,0.6,0.6,1.0
2025-08-08,2025-08-08 14:25:31.700,MO2508-C-7500,0.6,0.6,1.0
2025-08-08,2025-08-08 14:25:32.200,MO2508-C-7500,0.6,0.6,1.0
2025-08-08,2025-08-08 14:25:32.700,MO2508-C-7500,0.6,0.6,1.0
2025-08-08,2025-08-08 14:25:33.200,MO2508-C-7500,0.6,0.6,1.0
2025-08-08,2025-08-08 14:25:33.700,MO2508-C-7500,0.6,0.6,1.0
2025-08-08,2025-08-08 14:25:34.200,MO2508-C-7500,0.6,0.6,1.0
2025-08-08,2025-08-08 14:25:34.700,MO2508-C-7500,0.6,0.6,1.0
2025-08-08,2025-08-08 14:25:35.200,MO2508-C-7500,0.6,0.6,1.0
2025-08-08,2025-08-08 14:25:35.700,MO2508-C-7500,0.6,0.6,1.0
2025-08-08,2025-08-08 14:25:36.200,MO2508-C-7500,0.6,0.6,1.0
2025-08-08,2025-08-08 14:25:36.700,MO2508-C-7500,0.6,0.6,1.0
2025-08-08,2025-08-08 14:25:37.200,MO2508-C-7500,0.6,0.6,1.0
2025-08-08,2025-08-08 14:25:37.700,MO2508-C-7500,0.6,0.6,1.0
2025-08-08,2025-08-08 14:25:38.200,MO2508-C-7500,0.6,0.6,1.0
2025-08-08,2025-08-08 14:25:38.700,MO2508-C-7500,0.6,0.6,1.0
2025-08-08,2025-08-08 14:25:39.200,MO2508-C-7500,0.6,0.6,1.0
2025-08-08,2025-08-08 14:25:39.700,MO2508-C-7500,0.6,0.6,1.0
2025-08-08,2025-08-08 14:25:40.200,MO2508-C-7500,0.6,0.6,1.0
2025-08-08,2025-08-08 14:25:40.700,MO2508-C-7500,0.6,0.6,1.0
2025-08-08,2025-08-08 14:25:41.200,MO2508-C-7500,0.6,0.6,1.0
2025-08-08,2025-08-08 14:25:41.700,MO2508-C-7500,0.6,0.6,1.0
2025-08-08,2025-08-08 14:25:42.200,MO2508-C-7500,0.6,0.6,1.0
2025-08-08,2025-08-08 14:25:42.700,MO2508-C-7500,0.6,0.6,1.0
2025-08-08,2025-08-08 14:25:43.200,MO2508-C-7500,0.6,0.6,1.0
2025-08-08,2025-08-08 14:25:43.700,MO2508-C-7500,0.6,0.6,1.0
2025-08-08,2025-08-08 14:25:44.200,MO2508-C-7500,0.6,0.6,1.0
2025-08-08,2025-08-08 14:25:44.700,MO2508-C-7500,0.6,0.6,1.0
2025-08-08,2025-08-08 14:25:45.200,MO2508-C-7500,0.6,0.6,1.0
2025-08-08,2025-08-08 14:25:45.700,MO2508-C-7500,0.6,0.6,1.0
2025-08-08,2025-08-08 14:25:46.200,MO2508-C-7500,0.6,0.6,1.0
2025-08-08,2025-08-08 14:25:46.700,MO2508-C-7500,0.6,0.6,1.0
2025-08-08,2025-08-08 14:25:53.200,MO2508-C-7500,0.6,0.6,1.0
2025-08-08,2025-08-08 14:25:53.700,MO2508-C-7500,0.6,0.6,1.0
2025-08-08,2025-08-08 14:26:03.200,MO2508-C-7500,0.6,0.6,1.0
2025-08-08,2025-08-08 14:26:03.700,MO2508-C-7500,0.6,0.6,1.0
2025-08-08,2025-08-08 14:26:13.200,MO2508-C-7500,0.6,0.6,1.0
2025-08-08,2025-08-08 14:26:13.700,MO2508-C-7500,0.6,0.6,1.0
2025-08-08,2025-08-08 14:26:14.200,MO2508-C-7500,0.6,0.6,1.0
2025-08-08,2025-08-08 14:26:14.700,MO2508-C-7500,0.6,0.6,1.0
2025-08-08,2025-08-08 14:26:16.200,MO2508-C-7500,0.6,0.6,1.0
2025-08-08,2025-08-08 14:26:17.200,MO2508-C-7500,0.6,0.6,1.0
2025-08-08,2025-08-08 14:26:23.200,MO2508-C-7500,0.6,0.6,1.0
2025-08-08,2025-08-08 14:26:23.700,MO2508-C-7500,0.6,0.6,1.0
2025-08-08,2025-08-08 14:26:33.200,MO2508-C-7500,0.6,0.6,1.0
2025-08-08,2025-08-08 14:26:33.700,MO2508-C-7500,0.6,0.6,1.0
2025-08-08,2025-08-08 14:26:43.200,MO2508-C-7500,0.6,0.6,1.0
2025-08-08,2025-08-08 14:26:43.700,MO2508-C-7500,0.6,0.6,1.0
2025-08-08,2025-08-08 14:26:53.200,MO2508-C-7500,0.6,0.6,1.0
2025-08-08,2025-08-08 14:26:53.700,MO2508-C-7500,0.6,0.6,1.0
2025-08-08,2025-08-08 14:27:01.700,MO2508-C-7500,0.6,0.6,0.8
2025-08-08,2025-08-08 14:27:02.200,MO2508-C-7500,0.6,0.6,0.8
2025-08-08,2025-08-08 14:27:03.200,MO2508-C-7500,0.6,0.6,0.8
2025-08-08,2025-08-08 14:27:03.700,MO2508-C-7500,0.6,0.6,0.8
2025-08-08,2025-08-08 14:27:10.200,MO2508-C-7500,0.6,0.6,0.8
2025-08-08,2025-08-08 14:27:10.700,MO2508-C-7500,0.6,0.6,0.8
2025-08-08,2025-08-08 14:27:13.200,MO2508-C-7500,0.6,0.6,0.8
2025-08-08,2025-08-08 14:27:13.700,MO2508-C-7500,0.6,0.6,0.8
2025-08-08,2025-08-08 14:27:23.200,MO2508-C-7500,0.6,0.6,0.8
2025-08-08,2025-08-08 14:27:23.700,MO2508-C-7500,0.6,0.6,0.8
2025-08-08,2025-08-08 14:27:33.200,MO2508-C-7500,0.6,0.6,0.8
2025-08-08,2025-08-08 14:27:33.700,MO2508-C-7500,0.6,0.6,0.8
2025-08-08,2025-08-08 14:27:43.200,MO2508-C-7500,0.6,0.6,0.8
2025-08-08,2025-08-08 14:27:43.700,MO2508-C-7500,0.6,0.6,0.8
2025-08-08,2025-08-08 14:27:53.200,MO2508-C-7500,0.6,0.6,0.8
2025-08-08,2025-08-08 14:27:53.700,MO2508-C-7500,0.6,0.6,0.8
2025-08-08,2025-08-08 14:28:03.200,MO2508-C-7500,0.6,0.6,0.8
2025-08-08,2025-08-08 14:28:03.700,MO2508-C-7500,0.6,0.6,0.8
2025-08-08,2025-08-08 14:28:13.200,MO2508-C-7500,0.6,0.6,0.8
2025-08-08,2025-08-08 14:28:13.700,MO2508-C-7500,0.6,0.6,0.8
2025-08-08,2025-08-08 14:28:19.200,MO2508-C-7500,0.6,0.6,0.8
2025-08-08,2025-08-08 14:28:23.200,MO2508-C-7500,0.6,0.6,0.8
2025-08-08,2025-08-08 14:28:23.700,MO2508-C-7500,0.6,0.6,0.8
2025-08-08,2025-08-08 14:28:33.200,MO2508-C-7500,0.6,0.6,0.8
2025-08-08,2025-08-08 14:28:33.700,MO2508-C-7500,0.6,0.6,0.8
2025-08-08,2025-08-08 14:28:43.200,MO2508-C-7500,0.6,0.6,0.8
2025-08-08,2025-08-08 14:28:43.700,MO2508-C-7500,0.6,0.6,0.8
2025-08-08,2025-08-08 14:28:51.700,MO2508-C-7500,0.6,0.6,0.8
2025-08-08,2025-08-08 14:28:53.200,MO2508-C-7500,0.6,0.6,0.8
2025-08-08,2025-08-08 14:28:53.700,MO2508-C-7500,0.6,0.6,0.8
2025-08-08,2025-08-08 14:29:03.200,MO2508-C-7500,0.6,0.6,0.8
2025-08-08,2025-08-08 14:29:03.700,MO2508-C-7500,0.6,0.6,0.8
2025-08-08,2025-08-08 14:29:13.200,MO2508-C-7500,0.6,0.6,0.8
2025-08-08,2025-08-08 14:29:13.700,MO2508-C-7500,0.6,0.6,0.8
2025-08-08,2025-08-08 14:29:23.200,MO2508-C-7500,0.6,0.6,0.8
2025-08-08,2025-08-08 14:29:23.700,MO2508-C-7500,0.6,0.6,0.8
2025-08-08,2025-08-08 14:29:33.200,MO2508-C-7500,0.6,0.6,0.8
2025-08-08,2025-08-08 14:29:33.700,MO2508-C-7500,0.6,0.6,0.8
2025-08-08,2025-08-08 14:29:43.200,MO2508-C-7500,0.6,0.6,0.8
2025-08-08,2025-08-08 14:29:43.700,MO2508-C-7500,0.6,0.6,0.8
2025-08-08,2025-08-08 14:29:53.200,MO2508-C-7500,0.6,0.6,0.8
2025-08-08,2025-08-08 14:29:53.700,MO2508-C-7500,0.6,0.6,0.8
2025-08-08,2025-08-08 14:30:03.200,MO2508-C-7500,0.6,0.6,0.8
2025-08-08,2025-08-08 14:30:03.700,MO2508-C-7500,0.6,0.6,0.8
2025-08-08,2025-08-08 14:30:13.200,MO2508-C-7500,0.6,0.6,0.8
2025-08-08,2025-08-08 14:30:13.700,MO2508-C-7500,0.6,0.6,0.8
2025-08-08,2025-08-08 14:30:20.200,MO2508-C-7500,0.6,0.6,0.8
2025-08-08,2025-08-08 14:30:23.200,MO2508-C-7500,0.6,0.6,0.8
2025-08-08,2025-08-08 14:30:23.700,MO2508-C-7500,0.6,0.6,0.8
2025-08-08,2025-08-08 14:30:29.700,MO2508-C-7500,0.6,0.6,0.8
2025-08-08,2025-08-08 14:30:33.200,MO2508-C-7500,0.6,0.6,0.8
2025-08-08,2025-08-08 14:30:33.700,MO2508-C-7500,0.6,0.6,0.8
2025-08-08,2025-08-08 14:30:43.200,MO2508-C-7500,0.6,0.6,0.8
2025-08-08,2025-08-08 14:30:43.700,MO2508-C-7500,0.6,0.6,0.8
2025-08-08,2025-08-08 14:30:53.200,MO2508-C-7500,0.6,0.6,0.8
2025-08-08,2025-08-08 14:30:53.700,MO2508-C-7500,0.6,0.6,0.8
2025-08-08,2025-08-08 14:31:03.200,MO2508-C-7500,0.6,0.6,0.8
2025-08-08,2025-08-08 14:31:03.700,MO2508-C-7500,0.6,0.6,0.8
2025-08-08,2025-08-08 14:31:13.200,MO2508-C-7500,0.6,0.6,0.8
2025-08-08,2025-08-08 14:31:13.700,MO2508-C-7500,0.6,0.6,0.8
2025-08-08,2025-08-08 14:31:23.200,MO2508-C-7500,0.6,0.6,0.8
2025-08-08,2025-08-08 14:31:23.700,MO2508-C-7500,0.6,0.6,0.8
2025-08-08,2025-08-08 14:31:24.200,MO2508-C-7500,0.6,0.6,0.8
2025-08-08,2025-08-08 14:31:33.200,MO2508-C-7500,0.6,0.6,0.8
2025-08-08,2025-08-08 14:31:33.700,MO2508-C-7500,0.6,0.6,0.8
2025-08-08,2025-08-08 14:31:43.200,MO2508-C-7500,0.6,0.6,0.8
2025-08-08,2025-08-08 14:31:43.700,MO2508-C-7500,0.6,0.6,0.8
2025-08-08,2025-08-08 14:31:53.200,MO2508-C-7500,0.6,0.6,0.8
2025-08-08,2025-08-08 14:31:53.700,MO2508-C-7500,0.6,0.6,0.8
2025-08-08,2025-08-08 14:32:03.200,MO2508-C-7500,0.6,0.6,0.8
2025-08-08,2025-08-08 14:32:03.700,MO2508-C-7500,0.6,0.6,0.8
2025-08-08,2025-08-08 14:32:13.200,MO2508-C-7500,0.6,0.6,0.8
2025-08-08,2025-08-08 14:32:13.700,MO2508-C-7500,0.6,0.6,0.8
2025-08-08,2025-08-08 14:32:23.200,MO2508-C-7500,0.6,0.6,0.8
2025-08-08,2025-08-08 14:32:23.700,MO2508-C-7500,0.6,0.6,0.8
2025-08-08,2025-08-08 14:32:24.200,MO2508-C-7500,0.6,0.6,0.8
2025-08-08,2025-08-08 14:32:33.200,MO2508-C-7500,0.6,0.6,0.8
2025-08-08,2025-08-08 14:32:33.700,MO2508-C-7500,0.6,0.6,0.8
2025-08-08,2025-08-08 14:32:42.700,MO2508-C-7500,0.6,0.6,0.8
2025-08-08,2025-08-08 14:32:43.200,MO2508-C-7500,0.6,0.6,0.8
2025-08-08,2025-08-08 14:32:43.700,MO2508-C-7500,0.6,0.6,0.8
2025-08-08,2025-08-08 14:32:53.200,MO2508-C-7500,0.6,0.6,0.8
2025-08-08,2025-08-08 14:32:53.700,MO2508-C-7500,0.6,0.6,0.8
2025-08-08,2025-08-08 14:33:03.200,MO2508-C-7500,0.6,0.6,0.8
2025-08-08,2025-08-08 14:33:03.700,MO2508-C-7500,0.6,0.6,0.8
2025-08-08,2025-08-08 14:33:13.200,MO2508-C-7500,0.6,0.6,0.8
2025-08-08,2025-08-08 14:33:13.700,MO2508-C-7500,0.6,0.6,0.8
2025-08-08,2025-08-08 14:33:23.200,MO2508-C-7500,0.6,0.6,0.8
2025-08-08,2025-08-08 14:33:23.700,MO2508-C-7500,0.6,0.6,0.8
2025-08-08,2025-08-08 14:33:33.200,MO2508-C-7500,0.6,0.6,0.8
2025-08-08,2025-08-08 14:33:33.700,MO2508-C-7500,0.6,0.6,0.8
2025-08-08,2025-08-08 14:33:43.200,MO2508-C-7500,0.6,0.6,0.8
2025-08-08,2025-08-08 14:33:43.700,MO2508-C-7500,0.6,0.6,0.8
2025-08-08,2025-08-08 14:33:53.200,MO2508-C-7500,0.6,0.6,0.8
2025-08-08,2025-08-08 14:33:53.700,MO2508-C-7500,0.6,0.6,0.8
2025-08-08,2025-08-08 14:34:03.200,MO2508-C-7500,0.6,0.6,0.8
2025-08-08,2025-08-08 14:34:03.700,MO2508-C-7500,0.6,0.6,0.8
2025-08-08,2025-08-08 14:34:13.200,MO2508-C-7500,0.6,0.6,0.8
2025-08-08,2025-08-08 14:34:13.700,MO2508-C-7500,0.6,0.6,0.8
2025-08-08,2025-08-08 14:34:23.200,MO2508-C-7500,0.6,0.6,0.8
2025-08-08,2025-08-08 14:34:23.700,MO2508-C-7500,0.6,0.6,0.8
2025-08-08,2025-08-08 14:34:33.200,MO2508-C-7500,0.6,0.6,0.8
2025-08-08,2025-08-08 14:34:33.700,MO2508-C-7500,0.6,0.6,0.8
2025-08-08,2025-08-08 14:34:43.200,MO2508-C-7500,0.6,0.6,0.8
2025-08-08,2025-08-08 14:34:43.700,MO2508-C-7500,0.6,0.6,0.8
2025-08-08,2025-08-08 14:34:53.200,MO2508-C-7500,0.6,0.6,0.8
2025-08-08,2025-08-08 14:34:53.700,MO2508-C-7500,0.6,0.6,0.8
2025-08-08,2025-08-08 14:35:00.700,MO2508-C-7500,0.6,0.6,0.8
2025-08-08,2025-08-08 14:35:01.200,MO2508-C-7500,0.6,0.6,0.8
2025-08-08,2025-08-08 14:35:03.200,MO2508-C-7500,0.6,0.6,0.8
2025-08-08,2025-08-08 14:35:03.700,MO2508-C-7500,0.6,0.6,0.8
2025-08-08,2025-08-08 14:35:13.200,MO2508-C-7500,0.6,0.6,0.8
2025-08-08,2025-08-08 14:35:13.700,MO2508-C-7500,0.6,0.6,0.8
2025-08-08,2025-08-08 14:35:23.200,MO2508-C-7500,0.6,0.6,0.8
2025-08-08,2025-08-08 14:35:23.700,MO2508-C-7500,0.6,0.6,0.8
2025-08-08,2025-08-08 14:35:33.200,MO2508-C-7500,0.6,0.6,0.8
2025-08-08,2025-08-08 14:35:33.700,MO2508-C-7500,0.6,0.6,0.8
2025-08-08,2025-08-08 14:35:43.200,MO2508-C-7500,0.6,0.6,0.8
2025-08-08,2025-08-08 14:35:43.700,MO2508-C-7500,0.6,0.6,0.8
2025-08-08,2025-08-08 14:35:53.200,MO2508-C-7500,0.6,0.6,0.8
2025-08-08,2025-08-08 14:35:53.700,MO2508-C-7500,0.6,0.6,0.8
2025-08-08,2025-08-08 14:36:03.200,MO2508-C-7500,0.6,0.6,0.8
2025-08-08,2025-08-08 14:36:03.700,MO2508-C-7500,0.6,0.6,0.8
2025-08-08,2025-08-08 14:36:13.200,MO2508-C-7500,0.6,0.6,0.8
2025-08-08,2025-08-08 14:36:13.700,MO2508-C-7500,0.6,0.6,0.8
2025-08-08,2025-08-08 14:36:23.200,MO2508-C-7500,0.6,0.6,0.8
2025-08-08,2025-08-08 14:36:23.700,MO2508-C-7500,0.6,0.6,0.8
2025-08-08,2025-08-08 14:36:33.200,MO2508-C-7500,0.6,0.6,0.8
2025-08-08,2025-08-08 14:36:33.700,MO2508-C-7500,0.6,0.6,0.8
2025-08-08,2025-08-08 14:36:43.200,MO2508-C-7500,0.6,0.6,0.8
2025-08-08,2025-08-08 14:36:43.700,MO2508-C-7500,0.6,0.6,0.8
2025-08-08,2025-08-08 14:36:53.200,MO2508-C-7500,0.6,0.6,0.8
2025-08-08,2025-08-08 14:36:53.700,MO2508-C-7500,0.6,0.6,0.8
2025-08-08,2025-08-08 14:36:59.700,MO2508-C-7500,0.6,0.6,0.8
2025-08-08,2025-08-08 14:37:03.200,MO2508-C-7500,0.6,0.6,0.8
2025-08-08,2025-08-08 14:37:03.700,MO2508-C-7500,0.6,0.6,0.8
2025-08-08,2025-08-08 14:37:13.200,MO2508-C-7500,0.6,0.6,0.8
2025-08-08,2025-08-08 14:37:13.700,MO2508-C-7500,0.6,0.6,0.8
2025-08-08,2025-08-08 14:37:23.200,MO2508-C-7500,0.6,0.6,0.8
2025-08-08,2025-08-08 14:37:23.700,MO2508-C-7500,0.6,0.6,0.8
2025-08-08,2025-08-08 14:37:33.200,MO2508-C-7500,0.6,0.6,0.8
2025-08-08,2025-08-08 14:37:33.700,MO2508-C-7500,0.6,0.6,0.8
2025-08-08,2025-08-08 14:37:37.700,MO2508-C-7500,0.6,0.6,0.8
2025-08-08,2025-08-08 14:37:43.200,MO2508-C-7500,0.6,0.6,0.8
2025-08-08,2025-08-08 14:37:43.700,MO2508-C-7500,0.6,0.6,0.8
2025-08-08,2025-08-08 14:37:53.200,MO2508-C-7500,0.6,0.6,0.8
2025-08-08,2025-08-08 14:37:53.700,MO2508-C-7500,0.6,0.6,0.8
2025-08-08,2025-08-08 14:38:03.200,MO2508-C-7500,0.6,0.6,0.8
2025-08-08,2025-08-08 14:38:03.700,MO2508-C-7500,0.6,0.6,0.8
2025-08-08,2025-08-08 14:38:13.200,MO2508-C-7500,0.6,0.6,0.8
2025-08-08,2025-08-08 14:38:13.700,MO2508-C-7500,0.6,0.6,0.8
2025-08-08,2025-08-08 14:38:23.200,MO2508-C-7500,0.6,0.6,0.8
2025-08-08,2025-08-08 14:38:23.700,MO2508-C-7500,0.6,0.6,0.8
2025-08-08,2025-08-08 14:38:33.200,MO2508-C-7500,0.6,0.6,0.8
2025-08-08,2025-08-08 14:38:33.700,MO2508-C-7500,0.6,0.6,0.8
2025-08-08,2025-08-08 14:38:43.200,MO2508-C-7500,0.6,0.6,0.8
2025-08-08,2025-08-08 14:38:43.700,MO2508-C-7500,0.6,0.6,0.8
2025-08-08,2025-08-08 14:38:53.200,MO2508-C-7500,0.6,0.6,0.8
2025-08-08,2025-08-08 14:38:53.700,MO2508-C-7500,0.6,0.6,0.8
2025-08-08,2025-08-08 14:39:03.200,MO2508-C-7500,0.6,0.6,0.8
2025-08-08,2025-08-08 14:39:03.700,MO2508-C-7500,0.6,0.6,0.8
2025-08-08,2025-08-08 14:39:13.200,MO2508-C-7500,0.6,0.6,0.8
2025-08-08,2025-08-08 14:39:13.700,MO2508-C-7500,0.6,0.6,0.8
2025-08-08,2025-08-08 14:39:21.200,MO2508-C-7500,0.6,0.6,0.8
2025-08-08,2025-08-08 14:39:23.200,MO2508-C-7500,0.6,0.6,0.8
2025-08-08,2025-08-08 14:39:23.700,MO2508-C-7500,0.6,0.6,0.8
2025-08-08,2025-08-08 14:39:33.200,MO2508-C-7500,0.6,0.6,0.8
2025-08-08,2025-08-08 14:39:33.700,MO2508-C-7500,0.6,0.6,0.8
2025-08-08,2025-08-08 14:39:43.200,MO2508-C-7500,0.6,0.6,0.8
2025-08-08,2025-08-08 14:39:43.700,MO2508-C-7500,0.6,0.6,0.8
2025-08-08,2025-08-08 14:39:53.200,MO2508-C-7500,0.6,0.6,0.8
2025-08-08,2025-08-08 14:39:53.700,MO2508-C-7500,0.6,0.6,0.8
2025-08-08,2025-08-08 14:40:03.200,MO2508-C-7500,0.6,0.6,0.8
2025-08-08,2025-08-08 14:40:03.700,MO2508-C-7500,0.6,0.6,0.8
2025-08-08,2025-08-08 14:40:13.200,MO2508-C-7500,0.6,0.6,0.8
2025-08-08,2025-08-08 14:40:13.700,MO2508-C-7500,0.6,0.6,0.8
2025-08-08,2025-08-08 14:40:23.200,MO2508-C-7500,0.6,0.6,0.8
2025-08-08,2025-08-08 14:40:23.700,MO2508-C-7500,0.6,0.6,0.8
2025-08-08,2025-08-08 14:40:26.200,MO2508-C-7500,0.6,0.6,0.8
2025-08-08,2025-08-08 14:40:33.200,MO2508-C-7500,0.6,0.6,0.8
2025-08-08,2025-08-08 14:40:33.700,MO2508-C-7500,0.6,0.6,0.8
2025-08-08,2025-08-08 14:40:43.200,MO2508-C-7500,0.6,0.6,0.8
2025-08-08,2025-08-08 14:40:43.700,MO2508-C-7500,0.6,0.6,0.8
2025-08-08,2025-08-08 14:40:48.700,MO2508-C-7500,0.6,0.6,0.8
2025-08-08,2025-08-08 14:40:53.200,MO2508-C-7500,0.6,0.6,0.8
2025-08-08,2025-08-08 14:40:53.700,MO2508-C-7500,0.6,0.6,0.8
2025-08-08,2025-08-08 14:41:03.200,MO2508-C-7500,0.6,0.6,0.8
2025-08-08,2025-08-08 14:41:03.700,MO2508-C-7500,0.6,0.6,0.8
2025-08-08,2025-08-08 14:41:13.200,MO2508-C-7500,0.6,0.6,0.8
2025-08-08,2025-08-08 14:41:13.700,MO2508-C-7500,0.6,0.6,0.8
2025-08-08,2025-08-08 14:41:23.200,MO2508-C-7500,0.6,0.6,0.8
2025-08-08,2025-08-08 14:41:23.700,MO2508-C-7500,0.6,0.6,0.8
2025-08-08,2025-08-08 14:41:33.200,MO2508-C-7500,0.6,0.6,0.8
2025-08-08,2025-08-08 14:41:33.700,MO2508-C-7500,0.6,0.6,0.8
2025-08-08,2025-08-08 14:41:43.200,MO2508-C-7500,0.6,0.6,0.8
2025-08-08,2025-08-08 14:41:43.700,MO2508-C-7500,0.6,0.6,0.8
2025-08-08,2025-08-08 14:41:53.200,MO2508-C-7500,0.6,0.6,0.8
2025-08-08,2025-08-08 14:41:53.700,MO2508-C-7500,0.6,0.6,0.8
2025-08-08,2025-08-08 14:42:03.200,MO2508-C-7500,0.6,0.6,0.8
2025-08-08,2025-08-08 14:42:03.700,MO2508-C-7500,0.6,0.6,0.8
2025-08-08,2025-08-08 14:42:13.200,MO2508-C-7500,0.6,0.6,0.8
2025-08-08,2025-08-08 14:42:13.700,MO2508-C-7500,0.6,0.6,0.8
2025-08-08,2025-08-08 14:42:23.200,MO2508-C-7500,0.6,0.6,0.8
2025-08-08,2025-08-08 14:42:23.700,MO2508-C-7500,0.6,0.6,0.8
2025-08-08,2025-08-08 14:42:33.200,MO2508-C-7500,0.6,0.6,0.8
2025-08-08,2025-08-08 14:42:33.700,MO2508-C-7500,0.6,0.6,0.8
2025-08-08,2025-08-08 14:42:43.200,MO2508-C-7500,0.6,0.6,0.8
2025-08-08,2025-08-08 14:42:43.700,MO2508-C-7500,0.6,0.6,0.8
2025-08-08,2025-08-08 14:42:53.200,MO2508-C-7500,0.6,0.6,0.8
2025-08-08,2025-08-08 14:42:53.700,MO2508-C-7500,0.6,0.6,0.8
2025-08-08,2025-08-08 14:42:59.700,MO2508-C-7500,0.6,0.6,0.8
2025-08-08,2025-08-08 14:43:03.200,MO2508-C-7500,0.6,0.6,0.8
2025-08-08,2025-08-08 14:43:03.700,MO2508-C-7500,0.6,0.6,0.8
2025-08-08,2025-08-08 14:43:13.200,MO2508-C-7500,0.6,0.6,0.8
2025-08-08,2025-08-08 14:43:13.700,MO2508-C-7500,0.6,0.6,0.8
2025-08-08,2025-08-08 14:43:23.200,MO2508-C-7500,0.6,0.6,0.8
2025-08-08,2025-08-08 14:43:23.700,MO2508-C-7500,0.6,0.6,0.8
2025-08-08,2025-08-08 14:43:33.200,MO2508-C-7500,0.6,0.6,0.8
2025-08-08,2025-08-08 14:43:33.700,MO2508-C-7500,0.6,0.6,0.8
2025-08-08,2025-08-08 14:43:43.200,MO2508-C-7500,0.6,0.6,0.8
2025-08-08,2025-08-08 14:43:43.700,MO2508-C-7500,0.6,0.6,0.8
2025-08-08,2025-08-08 14:43:44.700,MO2508-C-7500,0.6,0.6,0.8
2025-08-08,2025-08-08 14:43:53.200,MO2508-C-7500,0.6,0.6,0.8
2025-08-08,2025-08-08 14:43:53.700,MO2508-C-7500,0.6,0.6,0.8
2025-08-08,2025-08-08 14:44:03.200,MO2508-C-7500,0.6,0.6,0.8
2025-08-08,2025-08-08 14:44:03.700,MO2508-C-7500,0.6,0.6,0.8
2025-08-08,2025-08-08 14:44:13.200,MO2508-C-7500,0.6,0.6,0.8
2025-08-08,2025-08-08 14:44:13.700,MO2508-C-7500,0.6,0.6,0.8
2025-08-08,2025-08-08 14:44:23.200,MO2508-C-7500,0.6,0.6,0.8
2025-08-08,2025-08-08 14:44:23.700,MO2508-C-7500,0.6,0.6,0.8
2025-08-08,2025-08-08 14:44:33.200,MO2508-C-7500,0.6,0.6,0.8
2025-08-08,2025-08-08 14:44:33.700,MO2508-C-7500,0.6,0.6,0.8
2025-08-08,2025-08-08 14:44:43.200,MO2508-C-7500,0.6,0.6,0.8
2025-08-08,2025-08-08 14:44:43.700,MO2508-C-7500,0.6,0.6,0.8
2025-08-08,2025-08-08 14:44:53.200,MO2508-C-7500,0.6,0.6,0.8
2025-08-08,2025-08-08 14:44:53.700,MO2508-C-7500,0.6,0.6,0.8
2025-08-08,2025-08-08 14:45:03.200,MO2508-C-7500,0.6,0.6,0.8
2025-08-08,2025-08-08 14:45:03.700,MO2508-C-7500,0.6,0.6,0.8
2025-08-08,2025-08-08 14:45:13.200,MO2508-C-7500,0.6,0.6,0.8
2025-08-08,2025-08-08 14:45:13.700,MO2508-C-7500,0.6,0.6,0.8
2025-08-08,2025-08-08 14:45:23.200,MO2508-C-7500,0.6,0.6,0.8
2025-08-08,2025-08-08 14:45:23.700,MO2508-C-7500,0.6,0.6,0.8
2025-08-08,2025-08-08 14:45:33.200,MO2508-C-7500,0.6,0.6,0.8
2025-08-08,2025-08-08 14:45:33.700,MO2508-C-7500,0.6,0.6,0.8
2025-08-08,2025-08-08 14:45:43.200,MO2508-C-7500,0.6,0.6,0.8
2025-08-08,2025-08-08 14:45:43.700,MO2508-C-7500,0.6,0.6,0.8
2025-08-08,2025-08-08 14:45:53.200,MO2508-C-7500,0.6,0.6,0.8
2025-08-08,2025-08-08 14:45:53.700,MO2508-C-7500,0.6,0.6,0.8
2025-08-08,2025-08-08 14:46:03.200,MO2508-C-7500,0.6,0.6,0.8
2025-08-08,2025-08-08 14:46:03.700,MO2508-C-7500,0.6,0.6,0.8
2025-08-08,2025-08-08 14:46:13.200,MO2508-C-7500,0.6,0.6,0.8
2025-08-08,2025-08-08 14:46:13.700,MO2508-C-7500,0.6,0.6,0.8
2025-08-08,2025-08-08 14:46:23.200,MO2508-C-7500,0.6,0.6,0.8
2025-08-08,2025-08-08 14:46:23.700,MO2508-C-7500,0.6,0.6,0.8
2025-08-08,2025-08-08 14:46:33.200,MO2508-C-7500,0.6,0.6,0.8
2025-08-08,2025-08-08 14:46:33.700,MO2508-C-7500,0.6,0.6,0.8
2025-08-08,2025-08-08 14:46:43.200,MO2508-C-7500,0.6,0.6,0.8
2025-08-08,2025-08-08 14:46:43.700,MO2508-C-7500,0.6,0.6,0.8
2025-08-08,2025-08-08 14:46:53.200,MO2508-C-7500,0.6,0.6,0.8
2025-08-08,2025-08-08 14:46:53.700,MO2508-C-7500,0.6,0.6,0.8
2025-08-08,2025-08-08 14:47:03.200,MO2508-C-7500,0.6,0.6,0.8
2025-08-08,2025-08-08 14:47:03.700,MO2508-C-7500,0.6,0.6,0.8
2025-08-08,2025-08-08 14:47:13.200,MO2508-C-7500,0.6,0.6,0.8
2025-08-08,2025-08-08 14:47:13.700,MO2508-C-7500,0.6,0.6,0.8
2025-08-08,2025-08-08 14:47:23.200,MO2508-C-7500,0.6,0.6,0.8
2025-08-08,2025-08-08 14:47:23.700,MO2508-C-7500,0.6,0.6,0.8
2025-08-08,2025-08-08 14:47:33.200,MO2508-C-7500,0.6,0.6,0.8
2025-08-08,2025-08-08 14:47:33.700,MO2508-C-7500,0.6,0.6,0.8
2025-08-08,2025-08-08 14:47:43.200,MO2508-C-7500,0.6,0.6,0.8
2025-08-08,2025-08-08 14:47:43.700,MO2508-C-7500,0.6,0.6,0.8
2025-08-08,2025-08-08 14:47:53.200,MO2508-C-7500,0.6,0.6,0.8
2025-08-08,2025-08-08 14:47:53.700,MO2508-C-7500,0.6,0.6,0.8
2025-08-08,2025-08-08 14:48:03.200,MO2508-C-7500,0.6,0.6,0.8
2025-08-08,2025-08-08 14:48:03.700,MO2508-C-7500,0.6,0.6,0.8
2025-08-08,2025-08-08 14:48:13.200,MO2508-C-7500,0.6,0.6,0.8
2025-08-08,2025-08-08 14:48:13.700,MO2508-C-7500,0.6,0.6,0.8
2025-08-08,2025-08-08 14:48:23.200,MO2508-C-7500,0.6,0.6,0.8
2025-08-08,2025-08-08 14:48:23.700,MO2508-C-7500,0.6,0.6,0.8
2025-08-08,2025-08-08 14:48:33.200,MO2508-C-7500,0.6,0.6,0.8
2025-08-08,2025-08-08 14:48:33.700,MO2508-C-7500,0.6,0.6,0.8
2025-08-08,2025-08-08 14:48:43.200,MO2508-C-7500,0.6,0.6,0.8
2025-08-08,2025-08-08 14:48:43.700,MO2508-C-7500,0.6,0.6,0.8
2025-08-08,2025-08-08 14:48:53.200,MO2508-C-7500,0.6,0.6,0.8
2025-08-08,2025-08-08 14:48:53.700,MO2508-C-7500,0.6,0.6,0.8
2025-08-08,2025-08-08 14:49:03.200,MO2508-C-7500,0.6,0.6,0.8
2025-08-08,2025-08-08 14:49:03.700,MO2508-C-7500,0.6,0.6,0.8
2025-08-08,2025-08-08 14:49:09.700,MO2508-C-7500,0.6,0.6,0.8
2025-08-08,2025-08-08 14:49:13.200,MO2508-C-7500,0.6,0.6,0.8
2025-08-08,2025-08-08 14:49:13.700,MO2508-C-7500,0.6,0.6,0.8
2025-08-08,2025-08-08 14:49:23.200,MO2508-C-7500,0.6,0.6,0.8
2025-08-08,2025-08-08 14:49:23.700,MO2508-C-7500,0.6,0.6,0.8
2025-08-08,2025-08-08 14:49:33.200,MO2508-C-7500,0.6,0.6,0.8
2025-08-08,2025-08-08 14:49:33.700,MO2508-C-7500,0.6,0.6,0.8
2025-08-08,2025-08-08 14:49:43.200,MO2508-C-7500,0.6,0.6,0.8
2025-08-08,2025-08-08 14:49:43.700,MO2508-C-7500,0.6,0.6,0.8
2025-08-08,2025-08-08 14:49:53.200,MO2508-C-7500,0.6,0.6,0.8
2025-08-08,2025-08-08 14:49:53.700,MO2508-C-7500,0.6,0.6,0.8
2025-08-08,2025-08-08 14:50:03.200,MO2508-C-7500,0.6,0.6,0.8
2025-08-08,2025-08-08 14:50:03.700,MO2508-C-7500,0.6,0.6,0.8
2025-08-08,2025-08-08 14:50:13.200,MO2508-C-7500,0.6,0.6,0.8
2025-08-08,2025-08-08 14:50:13.700,MO2508-C-7500,0.6,0.6,0.8
2025-08-08,2025-08-08 14:50:23.200,MO2508-C-7500,0.6,0.6,0.8
2025-08-08,2025-08-08 14:50:23.700,MO2508-C-7500,0.6,0.6,0.8
2025-08-08,2025-08-08 14:50:33.200,MO2508-C-7500,0.6,0.6,0.8
2025-08-08,2025-08-08 14:50:33.700,MO2508-C-7500,0.6,0.6,0.8
2025-08-08,2025-08-08 14:50:43.200,MO2508-C-7500,0.6,0.6,0.8
2025-08-08,2025-08-08 14:50:43.700,MO2508-C-7500,0.6,0.6,0.8
2025-08-08,2025-08-08 14:50:53.200,MO2508-C-7500,0.6,0.6,0.8
2025-08-08,2025-08-08 14:50:53.700,MO2508-C-7500,0.6,0.6,0.8
2025-08-08,2025-08-08 14:51:03.200,MO2508-C-7500,0.6,0.6,0.8
2025-08-08,2025-08-08 14:51:03.700,MO2508-C-7500,0.6,0.6,0.8
2025-08-08,2025-08-08 14:51:13.200,MO2508-C-7500,0.6,0.6,0.8
2025-08-08,2025-08-08 14:51:13.700,MO2508-C-7500,0.6,0.6,0.8
2025-08-08,2025-08-08 14:51:23.200,MO2508-C-7500,0.6,0.6,0.8
2025-08-08,2025-08-08 14:51:23.700,MO2508-C-7500,0.6,0.6,0.8
2025-08-08,2025-08-08 14:51:33.200,MO2508-C-7500,0.6,0.6,0.8
2025-08-08,2025-08-08 14:51:33.700,MO2508-C-7500,0.6,0.6,0.8
2025-08-08,2025-08-08 14:51:43.200,MO2508-C-7500,0.6,0.6,0.8
2025-08-08,2025-08-08 14:51:43.700,MO2508-C-7500,0.6,0.6,0.8
2025-08-08,2025-08-08 14:51:53.200,MO2508-C-7500,0.6,0.6,0.8
2025-08-08,2025-08-08 14:51:53.700,MO2508-C-7500,0.6,0.6,0.8
2025-08-08,2025-08-08 14:52:03.200,MO2508-C-7500,0.6,0.6,0.8
2025-08-08,2025-08-08 14:52:03.700,MO2508-C-7500,0.6,0.6,0.8
2025-08-08,2025-08-08 14:52:13.200,MO2508-C-7500,0.6,0.6,0.8
2025-08-08,2025-08-08 14:52:13.700,MO2508-C-7500,0.6,0.6,0.8
2025-08-08,2025-08-08 14:52:23.200,MO2508-C-7500,0.6,0.6,0.8
2025-08-08,2025-08-08 14:52:23.700,MO2508-C-7500,0.6,0.6,0.8
2025-08-08,2025-08-08 14:52:33.200,MO2508-C-7500,0.6,0.6,0.8
2025-08-08,2025-08-08 14:52:33.700,MO2508-C-7500,0.6,0.6,0.8
2025-08-08,2025-08-08 14:52:43.200,MO2508-C-7500,0.6,0.6,0.8
2025-08-08,2025-08-08 14:52:43.700,MO2508-C-7500,0.6,0.6,0.8
2025-08-08,2025-08-08 14:52:44.700,MO2508-C-7500,0.6,0.6,0.8
2025-08-08,2025-08-08 14:52:53.200,MO2508-C-7500,0.6,0.6,0.8
2025-08-08,2025-08-08 14:52:53.700,MO2508-C-7500,0.6,0.6,0.8
2025-08-08,2025-08-08 14:53:03.200,MO2508-C-7500,0.6,0.6,0.8
2025-08-08,2025-08-08 14:53:03.700,MO2508-C-7500,0.6,0.6,0.8
2025-08-08,2025-08-08 14:53:13.200,MO2508-C-7500,0.6,0.6,0.8
2025-08-08,2025-08-08 14:53:13.700,MO2508-C-7500,0.6,0.6,0.8
2025-08-08,2025-08-08 14:53:23.200,MO2508-C-7500,0.6,0.6,0.8
2025-08-08,2025-08-08 14:53:23.700,MO2508-C-7500,0.6,0.6,0.8
2025-08-08,2025-08-08 14:53:33.200,MO2508-C-7500,0.6,0.6,0.8
2025-08-08,2025-08-08 14:53:33.700,MO2508-C-7500,0.6,0.6,0.8
2025-08-08,2025-08-08 14:53:43.200,MO2508-C-7500,0.6,0.6,0.8
2025-08-08,2025-08-08 14:53:43.700,MO2508-C-7500,0.6,0.6,0.8
2025-08-08,2025-08-08 14:53:53.200,MO2508-C-7500,0.6,0.6,0.8
2025-08-08,2025-08-08 14:53:53.700,MO2508-C-7500,0.6,0.6,0.8
2025-08-08,2025-08-08 14:54:03.200,MO2508-C-7500,0.6,0.6,0.8
2025-08-08,2025-08-08 14:54:03.700,MO2508-C-7500,0.6,0.6,0.8
2025-08-08,2025-08-08 14:54:13.200,MO2508-C-7500,0.6,0.6,0.8
2025-08-08,2025-08-08 14:54:13.700,MO2508-C-7500,0.6,0.6,0.8
2025-08-08,2025-08-08 14:54:23.200,MO2508-C-7500,0.6,0.6,0.8
2025-08-08,2025-08-08 14:54:23.700,MO2508-C-7500,0.6,0.6,0.8
2025-08-08,2025-08-08 14:54:33.200,MO2508-C-7500,0.6,0.6,0.8
2025-08-08,2025-08-08 14:54:33.700,MO2508-C-7500,0.6,0.6,0.8
2025-08-08,2025-08-08 14:54:43.200,MO2508-C-7500,0.6,0.6,0.8
2025-08-08,2025-08-08 14:54:43.700,MO2508-C-7500,0.6,0.6,0.8
2025-08-08,2025-08-08 14:54:53.200,MO2508-C-7500,0.6,0.6,0.8
2025-08-08,2025-08-08 14:54:53.700,MO2508-C-7500,0.6,0.6,0.8
2025-08-08,2025-08-08 14:55:01.200,MO2508-C-7500,0.6,0.6,0.8
2025-08-08,2025-08-08 14:55:03.200,MO2508-C-7500,0.6,0.6,0.8
2025-08-08,2025-08-08 14:55:03.700,MO2508-C-7500,0.6,0.6,0.8
2025-08-08,2025-08-08 14:55:06.700,MO2508-C-7500,0.6,0.6,0.8
2025-08-08,2025-08-08 14:55:13.200,MO2508-C-7500,0.6,0.6,0.8
2025-08-08,2025-08-08 14:55:13.700,MO2508-C-7500,0.6,0.6,0.8
2025-08-08,2025-08-08 14:55:23.200,MO2508-C-7500,0.6,0.6,0.8
2025-08-08,2025-08-08 14:55:23.700,MO2508-C-7500,0.6,0.6,0.8
2025-08-08,2025-08-08 14:55:33.200,MO2508-C-7500,0.6,0.6,0.8
2025-08-08,2025-08-08 14:55:33.700,MO2508-C-7500,0.6,0.6,0.8
2025-08-08,2025-08-08 14:55:35.200,MO2508-C-7500,0.6,0.6,0.8
2025-08-08,2025-08-08 14:55:43.200,MO2508-C-7500,0.6,0.6,0.8
2025-08-08,2025-08-08 14:55:43.700,MO2508-C-7500,0.6,0.6,0.8
2025-08-08,2025-08-08 14:55:53.200,MO2508-C-7500,0.6,0.6,0.8
2025-08-08,2025-08-08 14:55:53.700,MO2508-C-7500,0.6,0.6,0.8
2025-08-08,2025-08-08 14:56:03.200,MO2508-C-7500,0.6,0.6,0.8
2025-08-08,2025-08-08 14:56:03.700,MO2508-C-7500,0.6,0.6,0.8
2025-08-08,2025-08-08 14:56:10.200,MO2508-C-7500,0.6,0.6,0.8
2025-08-08,2025-08-08 14:56:10.700,MO2508-C-7500,0.6,0.6,0.8
2025-08-08,2025-08-08 14:56:13.200,MO2508-C-7500,0.6,0.6,0.8
2025-08-08,2025-08-08 14:56:13.700,MO2508-C-7500,0.6,0.6,0.8
2025-08-08,2025-08-08 14:56:23.200,MO2508-C-7500,0.6,0.6,0.8
2025-08-08,2025-08-08 14:56:23.700,MO2508-C-7500,0.6,0.6,0.8
2025-08-08,2025-08-08 14:56:33.200,MO2508-C-7500,0.6,0.6,0.8
2025-08-08,2025-08-08 14:56:33.700,MO2508-C-7500,0.6,0.6,0.8
2025-08-08,2025-08-08 14:56:36.200,MO2508-C-7500,0.6,0.6,0.8
2025-08-08,2025-08-08 14:56:43.200,MO2508-C-7500,0.6,0.6,0.8
2025-08-08,2025-08-08 14:56:43.700,MO2508-C-7500,0.6,0.6,0.8
2025-08-08,2025-08-08 14:56:45.200,MO2508-C-7500,0.6,0.6,0.8
2025-08-08,2025-08-08 14:56:51.200,MO2508-C-7500,0.6,0.6,0.8
2025-08-08,2025-08-08 14:56:58.200,MO2508-C-7500,0.6,0.6,0.8
2025-08-08,2025-08-08 14:56:58.700,MO2508-C-7500,0.6,0.6,0.8
2025-08-08,2025-08-08 15:00:00.200,MO2508-C-7500,0.8,0.6,0.8
2025-08-08,2025-08-08 15:28:11.200,MO2508-C-7500,0.8,0.6,0.8
2025-08-08,2025-08-08 15:33:15.200,MO2508-C-7500,0.8,0.6,0.8
2025-08-11,2025-08-11 09:29:00.000,MO2508-C-7500,0.8,0.4,1.0
2025-08-11,2025-08-11 09:30:00.500,MO2508-C-7500,0.8,0.4,1.0
2025-08-11,2025-08-11 09:30:01.000,MO2508-C-7500,0.8,0.4,1.0
2025-08-11,2025-08-11 09:30:02.000,MO2508-C-7500,0.8,0.4,1.0
2025-08-11,2025-08-11 09:30:02.500,MO2508-C-7500,0.8,0.6,1.0
2025-08-11,2025-08-11 09:30:03.000,MO2508-C-7500,0.8,0.4,1.0
2025-08-11,2025-08-11 09:30:10.500,MO2508-C-7500,0.8,0.4,1.0
2025-08-11,2025-08-11 09:30:11.000,MO2508-C-7500,0.8,0.6,0.8
2025-08-11,2025-08-11 09:30:11.500,MO2508-C-7500,0.8,0.6,0.8
2025-08-11,2025-08-11 09:30:12.000,MO2508-C-7500,0.8,0.6,0.8
2025-08-11,2025-08-11 09:30:12.500,MO2508-C-7500,0.8,0.6,0.8
2025-08-11,2025-08-11 09:30:13.000,MO2508-C-7500,0.8,0.6,0.8
2025-08-11,2025-08-11 09:30:15.000,MO2508-C-7500,0.8,0.6,0.8
2025-08-11,2025-08-11 09:30:15.500,MO2508-C-7500,0.8,0.6,0.8
2025-08-11,2025-08-11 09:30:16.000,MO2508-C-7500,0.8,0.6,0.8
2025-08-11,2025-08-11 09:30:17.000,MO2508-C-7500,0.8,0.6,0.8
2025-08-11,2025-08-11 09:30:17.500,MO2508-C-7500,0.8,0.6,0.8
2025-08-11,2025-08-11 09:30:18.500,MO2508-C-7500,0.8,0.6,0.8
2025-08-11,2025-08-11 09:30:20.500,MO2508-C-7500,0.8,0.6,0.8
2025-08-11,2025-08-11 09:30:21.000,MO2508-C-7500,0.8,0.6,0.8
2025-08-11,2025-08-11 09:30:21.500,MO2508-C-7500,0.8,0.6,0.8
2025-08-11,2025-08-11 09:30:22.000,MO2508-C-7500,0.8,0.6,0.8
2025-08-11,2025-08-11 09:30:22.500,MO2508-C-7500,0.8,0.6,0.8
2025-08-11,2025-08-11 09:30:23.000,MO2508-C-7500,0.8,0.6,0.8
2025-08-11,2025-08-11 09:30:23.500,MO2508-C-7500,0.8,0.6,0.8
2025-08-11,2025-08-11 09:30:25.000,MO2508-C-7500,0.8,0.6,0.8
2025-08-11,2025-08-11 09:30:25.500,MO2508-C-7500,0.8,0.6,0.8
2025-08-11,2025-08-11 09:30:37.000,MO2508-C-7500,0.8,0.6,0.8
2025-08-11,2025-08-11 09:30:38.500,MO2508-C-7500,0.8,0.6,0.8
2025-08-11,2025-08-11 09:30:39.000,MO2508-C-7500,0.8,0.6,0.8
2025-08-11,2025-08-11 09:30:39.500,MO2508-C-7500,0.8,0.6,0.8
2025-08-11,2025-08-11 09:30:40.500,MO2508-C-7500,0.8,0.6,0.8
2025-08-11,2025-08-11 09:30:41.000,MO2508-C-7500,0.8,0.6,0.8
2025-08-11,2025-08-11 09:30:42.000,MO2508-C-7500,0.8,0.6,0.8
2025-08-11,2025-08-11 09:30:43.500,MO2508-C-7500,0.8,0.6,0.8
2025-08-11,2025-08-11 09:30:44.500,MO2508-C-7500,0.8,0.6,0.8
2025-08-11,2025-08-11 09:30:47.500,MO2508-C-7500,0.8,0.6,0.8
2025-08-11,2025-08-11 09:30:48.000,MO2508-C-7500,0.8,0.6,0.8
2025-08-11,2025-08-11 09:30:49.000,MO2508-C-7500,0.8,0.6,1.0
2025-08-11,2025-08-11 09:30:49.500,MO2508-C-7500,0.8,0.6,1.0
2025-08-11,2025-08-11 09:30:51.500,MO2508-C-7500,0.8,0.6,1.0
2025-08-11,2025-08-11 09:30:52.000,MO2508-C-7500,0.8,0.6,1.0
2025-08-11,2025-08-11 09:30:54.000,MO2508-C-7500,0.8,0.6,1.0
2025-08-11,2025-08-11 09:30:54.500,MO2508-C-7500,0.8,0.6,1.0
2025-08-11,2025-08-11 09:30:55.500,MO2508-C-7500,0.8,0.6,1.0
2025-08-11,2025-08-11 09:30:57.000,MO2508-C-7500,0.8,0.6,1.0
2025-08-11,2025-08-11 09:30:57.500,MO2508-C-7500,0.8,0.6,1.0
2025-08-11,2025-08-11 09:30:58.500,MO2508-C-7500,0.8,0.6,0.8
2025-08-11,2025-08-11 09:30:59.000,MO2508-C-7500,0.8,0.6,0.8
2025-08-11,2025-08-11 09:31:02.000,MO2508-C-7500,0.8,0.6,0.8
2025-08-11,2025-08-11 09:31:02.500,MO2508-C-7500,0.8,0.6,0.8
2025-08-11,2025-08-11 09:31:10.000,MO2508-C-7500,0.8,0.6,0.8
2025-08-11,2025-08-11 09:31:12.000,MO2508-C-7500,0.8,0.6,0.8
2025-08-11,2025-08-11 09:31:14.000,MO2508-C-7500,0.8,0.6,0.8
2025-08-11,2025-08-11 09:31:16.500,MO2508-C-7500,0.8,0.6,0.8
2025-08-11,2025-08-11 09:31:18.000,MO2508-C-7500,0.8,0.6,0.8
2025-08-11,2025-08-11 09:31:26.000,MO2508-C-7500,0.8,0.6,0.8
2025-08-11,2025-08-11 09:31:30.000,MO2508-C-7500,0.8,0.6,0.8
2025-08-11,2025-08-11 09:31:30.500,MO2508-C-7500,0.8,0.6,0.8
2025-08-11,2025-08-11 09:31:36.000,MO2508-C-7500,0.8,0.6,0.8
2025-08-11,2025-08-11 09:31:51.000,MO2508-C-7500,0.8,0.6,0.8
2025-08-11,2025-08-11 09:32:02.000,MO2508-C-7500,0.8,0.6,0.8
2025-08-11,2025-08-11 09:32:03.000,MO2508-C-7500,0.8,0.6,0.8
2025-08-11,2025-08-11 09:32:03.500,MO2508-C-7500,0.8,0.6,0.8
2025-08-11,2025-08-11 09:32:05.500,MO2508-C-7500,0.8,0.6,0.8
2025-08-11,2025-08-11 09:32:06.000,MO2508-C-7500,0.8,0.6,0.8
2025-08-11,2025-08-11 09:32:06.500,MO2508-C-7500,0.8,0.6,0.8
2025-08-11,2025-08-11 09:32:07.500,MO2508-C-7500,0.8,0.6,0.8
2025-08-11,2025-08-11 09:32:08.500,MO2508-C-7500,0.8,0.6,0.8
2025-08-11,2025-08-11 09:32:09.000,MO2508-C-7500,0.8,0.6,0.8
2025-08-11,2025-08-11 09:32:09.500,MO2508-C-7500,0.8,0.6,0.8
2025-08-11,2025-08-11 09:32:11.500,MO2508-C-7500,0.6,0.6,0.8
2025-08-11,2025-08-11 09:32:13.000,MO2508-C-7500,0.6,0.6,0.8
2025-08-11,2025-08-11 09:32:13.500,MO2508-C-7500,0.8,0.6,0.8
2025-08-11,2025-08-11 09:32:14.500,MO2508-C-7500,0.8,0.6,0.8
2025-08-11,2025-08-11 09:32:15.000,MO2508-C-7500,0.8,0.6,0.8
2025-08-11,2025-08-11 09:32:16.000,MO2508-C-7500,0.8,0.6,0.8
2025-08-11,2025-08-11 09:32:17.500,MO2508-C-7500,0.8,0.6,0.8
2025-08-11,2025-08-11 09:32:19.500,MO2508-C-7500,0.8,0.6,0.8
2025-08-11,2025-08-11 09:32:20.000,MO2508-C-7500,0.8,0.6,0.8
2025-08-11,2025-08-11 09:32:23.000,MO2508-C-7500,0.8,0.6,0.8
2025-08-11,2025-08-11 09:32:23.500,MO2508-C-7500,0.8,0.6,0.8
2025-08-11,2025-08-11 09:32:24.000,MO2508-C-7500,0.8,0.6,0.8
2025-08-11,2025-08-11 09:32:24.500,MO2508-C-7500,0.8,0.6,0.8
2025-08-11,2025-08-11 09:32:25.000,MO2508-C-7500,0.8,0.6,0.8
2025-08-11,2025-08-11 09:32:29.000,MO2508-C-7500,0.8,0.6,0.8
2025-08-11,2025-08-11 09:32:29.500,MO2508-C-7500,0.8,0.6,0.8
2025-08-11,2025-08-11 09:32:31.500,MO2508-C-7500,0.8,0.6,0.8
2025-08-11,2025-08-11 09:32:33.000,MO2508-C-7500,0.8,0.6,0.8
2025-08-11,2025-08-11 09:32:33.500,MO2508-C-7500,0.6,0.4,0.8
2025-08-11,2025-08-11 09:32:34.000,MO2508-C-7500,0.6,0.4,0.8
2025-08-11,2025-08-11 09:32:34.500,MO2508-C-7500,0.6,0.4,0.8
2025-08-11,2025-08-11 09:32:35.000,MO2508-C-7500,0.6,0.4,0.8
2025-08-11,2025-08-11 09:32:41.000,MO2508-C-7500,0.6,0.4,0.8
2025-08-11,2025-08-11 09:32:43.000,MO2508-C-7500,0.6,0.4,0.8
2025-08-11,2025-08-11 09:32:43.500,MO2508-C-7500,0.6,0.4,0.8
2025-08-11,2025-08-11 09:32:45.000,MO2508-C-7500,0.6,0.4,0.8
2025-08-11,2025-08-11 09:32:53.000,MO2508-C-7500,0.6,0.4,0.8
2025-08-11,2025-08-11 09:32:53.500,MO2508-C-7500,0.6,0.4,0.8
2025-08-11,2025-08-11 09:33:01.000,MO2508-C-7500,0.6,0.4,0.8
2025-08-11,2025-08-11 09:33:01.500,MO2508-C-7500,0.6,0.4,0.8
2025-08-11,2025-08-11 09:33:02.500,MO2508-C-7500,0.6,0.4,0.8
2025-08-11,2025-08-11 09:33:03.000,MO2508-C-7500,0.6,0.4,0.8
2025-08-11,2025-08-11 09:33:03.500,MO2508-C-7500,0.6,0.4,0.8
2025-08-11,2025-08-11 09:33:07.500,MO2508-C-7500,0.6,0.4,0.8
2025-08-11,2025-08-11 09:33:08.000,MO2508-C-7500,0.6,0.4,0.8
2025-08-11,2025-08-11 09:33:09.000,MO2508-C-7500,0.6,0.4,0.8
2025-08-11,2025-08-11 09:33:13.000,MO2508-C-7500,0.6,0.4,0.8
2025-08-11,2025-08-11 09:33:13.500,MO2508-C-7500,0.6,0.4,0.8
2025-08-11,2025-08-11 09:33:14.000,MO2508-C-7500,0.6,0.4,0.8
2025-08-11,2025-08-11 09:33:14.500,MO2508-C-7500,0.6,0.4,0.8
2025-08-11,2025-08-11 09:33:16.500,MO2508-C-7500,0.6,0.4,0.8
2025-08-11,2025-08-11 09:33:17.500,MO2508-C-7500,0.6,0.4,0.8
2025-08-11,2025-08-11 09:33:18.000,MO2508-C-7500,0.6,0.4,0.8
2025-08-11,2025-08-11 09:33:21.500,MO2508-C-7500,0.6,0.4,0.8
2025-08-11,2025-08-11 09:33:22.000,MO2508-C-7500,0.6,0.4,0.8
2025-08-11,2025-08-11 09:33:22.500,MO2508-C-7500,0.6,0.4,0.8
2025-08-11,2025-08-11 09:33:23.000,MO2508-C-7500,0.6,0.4,0.8
2025-08-11,2025-08-11 09:33:23.500,MO2508-C-7500,0.6,0.4,0.8
2025-08-11,2025-08-11 09:33:24.000,MO2508-C-7500,0.6,0.4,0.8
2025-08-11,2025-08-11 09:33:25.000,MO2508-C-7500,0.6,0.4,0.8
2025-08-11,2025-08-11 09:33:25.500,MO2508-C-7500,0.6,0.4,0.8
2025-08-11,2025-08-11 09:33:27.000,MO2508-C-7500,0.6,0.4,0.8
2025-08-11,2025-08-11 09:33:27.500,MO2508-C-7500,0.6,0.4,0.8
2025-08-11,2025-08-11 09:33:32.000,MO2508-C-7500,0.6,0.6,0.8
2025-08-11,2025-08-11 09:33:32.500,MO2508-C-7500,0.6,0.6,0.8
2025-08-11,2025-08-11 09:33:33.000,MO2508-C-7500,0.6,0.6,0.8
2025-08-11,2025-08-11 09:33:33.500,MO2508-C-7500,0.6,0.6,0.8
2025-08-11,2025-08-11 09:33:34.000,MO2508-C-7500,0.6,0.6,0.8
2025-08-11,2025-08-11 09:33:35.000,MO2508-C-7500,0.6,0.6,0.8
2025-08-11,2025-08-11 09:33:35.500,MO2508-C-7500,0.6,0.6,0.8
2025-08-11,2025-08-11 09:33:36.000,MO2508-C-7500,0.6,0.6,0.8
2025-08-11,2025-08-11 09:33:37.500,MO2508-C-7500,0.6,0.6,0.8
2025-08-11,2025-08-11 09:33:40.500,MO2508-C-7500,0.6,0.6,0.8
2025-08-11,2025-08-11 09:33:41.000,MO2508-C-7500,0.6,0.6,0.8
2025-08-11,2025-08-11 09:33:41.500,MO2508-C-7500,0.8,0.6,0.8
2025-08-11,2025-08-11 09:33:43.000,MO2508-C-7500,0.8,0.6,0.8
2025-08-11,2025-08-11 09:33:43.500,MO2508-C-7500,0.8,0.6,0.8
2025-08-11,2025-08-11 09:33:44.000,MO2508-C-7500,0.8,0.6,0.8
2025-08-11,2025-08-11 09:33:51.000,MO2508-C-7500,0.8,0.6,0.8
2025-08-11,2025-08-11 09:33:51.500,MO2508-C-7500,0.8,0.6,0.8
2025-08-11,2025-08-11 09:33:52.000,MO2508-C-7500,0.8,0.6,0.8
2025-08-11,2025-08-11 09:33:52.500,MO2508-C-7500,0.6,0.6,0.8
2025-08-11,2025-08-11 09:33:53.000,MO2508-C-7500,0.6,0.6,0.8
2025-08-11,2025-08-11 09:33:53.500,MO2508-C-7500,0.6,0.6,0.8
2025-08-11,2025-08-11 09:33:54.000,MO2508-C-7500,0.6,0.6,0.8
2025-08-11,2025-08-11 09:34:00.500,MO2508-C-7500,0.6,0.6,0.8
2025-08-11,2025-08-11 09:34:01.000,MO2508-C-7500,0.6,0.6,0.8
2025-08-11,2025-08-11 09:34:03.000,MO2508-C-7500,0.6,0.6,0.8
2025-08-11,2025-08-11 09:34:03.500,MO2508-C-7500,0.6,0.6,0.8
2025-08-11,2025-08-11 09:34:10.000,MO2508-C-7500,0.6,0.6,0.8
2025-08-11,2025-08-11 09:34:13.000,MO2508-C-7500,0.6,0.6,0.8
2025-08-11,2025-08-11 09:34:13.500,MO2508-C-7500,0.6,0.6,0.8
2025-08-11,2025-08-11 09:34:14.000,MO2508-C-7500,0.6,0.6,0.8
2025-08-11,2025-08-11 09:34:14.500,MO2508-C-7500,0.6,0.6,0.8
2025-08-11,2025-08-11 09:34:23.000,MO2508-C-7500,0.6,0.6,0.8
2025-08-11,2025-08-11 09:34:23.500,MO2508-C-7500,0.6,0.6,0.8
2025-08-11,2025-08-11 09:34:24.000,MO2508-C-7500,0.8,0.6,0.8
2025-08-11,2025-08-11 09:34:24.500,MO2508-C-7500,0.8,0.6,0.8
2025-08-11,2025-08-11 09:34:29.000,MO2508-C-7500,0.8,0.6,0.8
2025-08-11,2025-08-11 09:34:29.500,MO2508-C-7500,0.8,0.6,0.8
2025-08-11,2025-08-11 09:34:33.000,MO2508-C-7500,0.8,0.6,0.8
2025-08-11,2025-08-11 09:34:33.500,MO2508-C-7500,0.8,0.6,0.8
2025-08-11,2025-08-11 09:34:34.000,MO2508-C-7500,0.8,0.6,0.8
2025-08-11,2025-08-11 09:34:38.000,MO2508-C-7500,0.8,0.6,0.8
2025-08-11,2025-08-11 09:34:38.500,MO2508-C-7500,0.8,0.6,0.8
2025-08-11,2025-08-11 09:34:43.000,MO2508-C-7500,0.8,0.6,0.8
2025-08-11,2025-08-11 09:34:43.500,MO2508-C-7500,0.8,0.6,0.8
2025-08-11,2025-08-11 09:34:53.000,MO2508-C-7500,0.8,0.6,0.8
2025-08-11,2025-08-11 09:34:53.500,MO2508-C-7500,0.8,0.6,0.8
2025-08-11,2025-08-11 09:34:55.500,MO2508-C-7500,0.8,0.6,0.8
2025-08-11,2025-08-11 09:35:01.500,MO2508-C-7500,0.8,0.6,0.8
2025-08-11,2025-08-11 09:35:02.000,MO2508-C-7500,0.8,0.6,0.8
2025-08-11,2025-08-11 09:35:02.500,MO2508-C-7500,0.8,0.6,0.8
2025-08-11,2025-08-11 09:35:03.000,MO2508-C-7500,0.8,0.6,0.8
2025-08-11,2025-08-11 09:35:03.500,MO2508-C-7500,0.8,0.6,0.8
2025-08-11,2025-08-11 09:35:04.000,MO2508-C-7500,0.8,0.6,0.8
2025-08-11,2025-08-11 09:35:07.500,MO2508-C-7500,0.8,0.6,0.8
2025-08-11,2025-08-11 09:35:08.000,MO2508-C-7500,0.8,0.6,0.8
2025-08-11,2025-08-11 09:35:08.500,MO2508-C-7500,0.8,0.6,0.8
2025-08-11,2025-08-11 09:35:09.000,MO2508-C-7500,0.8,0.6,0.8
2025-08-11,2025-08-11 09:35:10.500,MO2508-C-7500,0.8,0.6,0.8
2025-08-11,2025-08-11 09:35:11.000,MO2508-C-7500,0.8,0.6,0.8
2025-08-11,2025-08-11 09:35:11.500,MO2508-C-7500,0.8,0.6,0.8
2025-08-11,2025-08-11 09:35:12.000,MO2508-C-7500,0.8,0.6,0.8
2025-08-11,2025-08-11 09:35:12.500,MO2508-C-7500,0.8,0.6,0.8
2025-08-11,2025-08-11 09:35:13.000,MO2508-C-7500,0.8,0.6,0.8
2025-08-11,2025-08-11 09:35:13.500,MO2508-C-7500,0.8,0.6,0.8
2025-08-11,2025-08-11 09:35:18.500,MO2508-C-7500,0.8,0.6,0.8
2025-08-11,2025-08-11 09:35:21.500,MO2508-C-7500,0.8,0.6,0.8
2025-08-11,2025-08-11 09:35:23.000,MO2508-C-7500,0.8,0.6,0.8
2025-08-11,2025-08-11 09:35:23.500,MO2508-C-7500,0.8,0.6,0.8
2025-08-11,2025-08-11 09:35:24.000,MO2508-C-7500,0.8,0.6,0.8
2025-08-11,2025-08-11 09:35:24.500,MO2508-C-7500,0.8,0.6,0.8
2025-08-11,2025-08-11 09:35:29.000,MO2508-C-7500,0.8,0.6,0.8
2025-08-11,2025-08-11 09:35:30.500,MO2508-C-7500,0.8,0.6,0.8
2025-08-11,2025-08-11 09:35:33.000,MO2508-C-7500,0.8,0.6,0.8
2025-08-11,2025-08-11 09:35:33.500,MO2508-C-7500,0.8,0.6,0.8
2025-08-11,2025-08-11 09:35:37.000,MO2508-C-7500,0.8,0.6,1.0
2025-08-11,2025-08-11 09:35:37.500,MO2508-C-7500,0.8,0.6,1.0
2025-08-11,2025-08-11 09:35:39.500,MO2508-C-7500,0.8,0.8,1.0
2025-08-11,2025-08-11 09:35:40.000,MO2508-C-7500,0.8,0.8,1.0
2025-08-11,2025-08-11 09:35:43.000,MO2508-C-7500,0.8,0.8,1.0
2025-08-11,2025-08-11 09:35:43.500,MO2508-C-7500,0.8,0.8,1.0
2025-08-11,2025-08-11 09:35:48.000,MO2508-C-7500,0.8,0.8,1.0
2025-08-11,2025-08-11 09:35:48.500,MO2508-C-7500,0.8,0.8,1.0
2025-08-11,2025-08-11 09:35:49.000,MO2508-C-7500,0.8,0.8,1.0
2025-08-11,2025-08-11 09:35:49.500,MO2508-C-7500,0.8,0.8,1.0
2025-08-11,2025-08-11 09:35:53.000,MO2508-C-7500,0.8,0.8,1.0
2025-08-11,2025-08-11 09:35:53.500,MO2508-C-7500,0.8,0.8,1.0
2025-08-11,2025-08-11 09:35:54.000,MO2508-C-7500,0.8,0.8,1.0
2025-08-11,2025-08-11 09:35:59.500,MO2508-C-7500,0.8,0.8,1.0
2025-08-11,2025-08-11 09:36:00.000,MO2508-C-7500,0.8,0.8,1.0
2025-08-11,2025-08-11 09:36:03.000,MO2508-C-7500,0.8,0.8,1.0
2025-08-11,2025-08-11 09:36:03.500,MO2508-C-7500,0.8,0.8,1.0
2025-08-11,2025-08-11 09:36:11.000,MO2508-C-7500,0.8,0.8,1.0
2025-08-11,2025-08-11 09:36:12.500,MO2508-C-7500,0.8,0.8,1.0
2025-08-11,2025-08-11 09:36:13.000,MO2508-C-7500,0.8,0.8,1.0
2025-08-11,2025-08-11 09:36:13.500,MO2508-C-7500,0.8,0.8,1.0
2025-08-11,2025-08-11 09:36:23.000,MO2508-C-7500,0.8,0.8,1.0
2025-08-11,2025-08-11 09:36:23.500,MO2508-C-7500,0.8,0.8,1.0
2025-08-11,2025-08-11 09:36:24.000,MO2508-C-7500,1.0,0.8,1.0
2025-08-11,2025-08-11 09:36:24.500,MO2508-C-7500,1.0,0.8,1.0
2025-08-11,2025-08-11 09:36:33.000,MO2508-C-7500,1.0,0.8,1.0
2025-08-11,2025-08-11 09:36:33.500,MO2508-C-7500,1.0,0.8,1.0
2025-08-11,2025-08-11 09:36:37.000,MO2508-C-7500,0.8,0.8,1.0
2025-08-11,2025-08-11 09:36:37.500,MO2508-C-7500,0.8,0.8,1.0
2025-08-11,2025-08-11 09:36:39.500,MO2508-C-7500,0.8,0.6,1.0
2025-08-11,2025-08-11 09:36:40.000,MO2508-C-7500,0.8,0.6,1.0
2025-08-11,2025-08-11 09:36:41.000,MO2508-C-7500,0.8,0.6,1.0
2025-08-11,2025-08-11 09:36:43.000,MO2508-C-7500,0.8,0.6,1.0
2025-08-11,2025-08-11 09:36:43.500,MO2508-C-7500,0.8,0.6,1.0
2025-08-11,2025-08-11 09:36:44.000,MO2508-C-7500,0.8,0.6,1.0
2025-08-11,2025-08-11 09:36:44.500,MO2508-C-7500,0.8,0.6,1.0
2025-08-11,2025-08-11 09:36:50.500,MO2508-C-7500,0.8,0.6,1.0
2025-08-11,2025-08-11 09:36:51.000,MO2508-C-7500,0.8,0.6,1.0
2025-08-11,2025-08-11 09:36:53.000,MO2508-C-7500,0.8,0.6,1.0
2025-08-11,2025-08-11 09:36:53.500,MO2508-C-7500,0.8,0.6,1.0
2025-08-11,2025-08-11 09:36:56.000,MO2508-C-7500,0.8,0.6,1.0
2025-08-11,2025-08-11 09:36:56.500,MO2508-C-7500,0.8,0.6,1.0
2025-08-11,2025-08-11 09:37:03.000,MO2508-C-7500,0.8,0.6,1.0
2025-08-11,2025-08-11 09:37:03.500,MO2508-C-7500,0.8,0.6,1.0
2025-08-11,2025-08-11 09:37:04.000,MO2508-C-7500,0.8,0.6,1.0
2025-08-11,2025-08-11 09:37:04.500,MO2508-C-7500,0.8,0.6,1.0
2025-08-11,2025-08-11 09:37:07.000,MO2508-C-7500,0.8,0.6,1.0
2025-08-11,2025-08-11 09:37:07.500,MO2508-C-7500,0.8,0.6,1.0
2025-08-11,2025-08-11 09:37:08.500,MO2508-C-7500,0.8,0.6,1.0
2025-08-11,2025-08-11 09:37:09.000,MO2508-C-7500,0.8,0.6,1.0
2025-08-11,2025-08-11 09:37:11.500,MO2508-C-7500,0.8,0.6,1.0
2025-08-11,2025-08-11 09:37:12.000,MO2508-C-7500,0.8,0.6,1.0
2025-08-11,2025-08-11 09:37:13.000,MO2508-C-7500,0.8,0.6,1.0
2025-08-11,2025-08-11 09:37:13.500,MO2508-C-7500,0.8,0.6,1.0
2025-08-11,2025-08-11 09:37:17.000,MO2508-C-7500,0.8,0.6,1.0
2025-08-11,2025-08-11 09:37:23.000,MO2508-C-7500,0.8,0.6,1.0
2025-08-11,2025-08-11 09:37:23.500,MO2508-C-7500,0.8,0.6,1.0
2025-08-11,2025-08-11 09:37:31.000,MO2508-C-7500,0.8,0.6,1.0
2025-08-11,2025-08-11 09:37:32.000,MO2508-C-7500,0.8,0.6,1.0
2025-08-11,2025-08-11 09:37:33.000,MO2508-C-7500,0.8,0.6,1.0
2025-08-11,2025-08-11 09:37:33.500,MO2508-C-7500,0.8,0.6,1.0
2025-08-11,2025-08-11 09:37:34.000,MO2508-C-7500,0.8,0.6,1.0
2025-08-11,2025-08-11 09:37:34.500,MO2508-C-7500,0.8,0.6,1.0
2025-08-11,2025-08-11 09:37:41.500,MO2508-C-7500,0.8,0.6,1.0
2025-08-11,2025-08-11 09:37:43.000,MO2508-C-7500,0.8,0.6,1.0
2025-08-11,2025-08-11 09:37:43.500,MO2508-C-7500,0.8,0.6,1.0
2025-08-11,2025-08-11 09:37:53.000,MO2508-C-7500,0.8,0.6,1.0
2025-08-11,2025-08-11 09:37:53.500,MO2508-C-7500,0.8,0.6,1.0
2025-08-11,2025-08-11 09:38:03.000,MO2508-C-7500,0.8,0.6,1.0
2025-08-11,2025-08-11 09:38:03.500,MO2508-C-7500,0.8,0.6,1.0
2025-08-11,2025-08-11 09:38:04.500,MO2508-C-7500,0.8,0.6,1.0
2025-08-11,2025-08-11 09:38:05.000,MO2508-C-7500,0.8,0.6,1.0
2025-08-11,2025-08-11 09:38:10.500,MO2508-C-7500,0.8,0.6,1.0
2025-08-11,2025-08-11 09:38:11.000,MO2508-C-7500,0.8,0.6,1.0
2025-08-11,2025-08-11 09:38:13.000,MO2508-C-7500,0.8,0.6,1.0
2025-08-11,2025-08-11 09:38:13.500,MO2508-C-7500,0.8,0.6,1.0
2025-08-11,2025-08-11 09:38:19.000,MO2508-C-7500,0.8,0.6,1.0
2025-08-11,2025-08-11 09:38:21.000,MO2508-C-7500,0.8,0.6,1.0
2025-08-11,2025-08-11 09:38:23.000,MO2508-C-7500,0.8,0.6,1.0
2025-08-11,2025-08-11 09:38:23.500,MO2508-C-7500,0.8,0.6,1.0
2025-08-11,2025-08-11 09:38:24.500,MO2508-C-7500,0.8,0.6,1.0
2025-08-11,2025-08-11 09:38:25.000,MO2508-C-7500,0.8,0.6,1.0
2025-08-11,2025-08-11 09:38:25.500,MO2508-C-7500,0.8,0.6,1.0
2025-08-11,2025-08-11 09:38:26.500,MO2508-C-7500,0.8,0.6,1.0
2025-08-11,2025-08-11 09:38:33.000,MO2508-C-7500,0.8,0.6,1.0
2025-08-11,2025-08-11 09:38:33.500,MO2508-C-7500,0.8,0.6,1.0
2025-08-11,2025-08-11 09:38:34.500,MO2508-C-7500,0.8,0.6,1.0
2025-08-11,2025-08-11 09:38:35.000,MO2508-C-7500,0.8,0.6,1.0
2025-08-11,2025-08-11 09:38:36.500,MO2508-C-7500,0.8,0.6,1.0
2025-08-11,2025-08-11 09:38:43.000,MO2508-C-7500,0.8,0.6,1.0
2025-08-11,2025-08-11 09:38:43.500,MO2508-C-7500,0.8,0.6,1.0
2025-08-11,2025-08-11 09:38:50.500,MO2508-C-7500,0.8,0.6,1.0
2025-08-11,2025-08-11 09:38:53.000,MO2508-C-7500,0.8,0.6,1.0
2025-08-11,2025-08-11 09:38:53.500,MO2508-C-7500,0.8,0.6,1.0
2025-08-11,2025-08-11 09:39:03.000,MO2508-C-7500,0.8,0.6,1.0
2025-08-11,2025-08-11 09:39:03.500,MO2508-C-7500,0.8,0.6,1.0
2025-08-11,2025-08-11 09:39:05.500,MO2508-C-7500,0.8,0.6,1.0
2025-08-11,2025-08-11 09:39:06.000,MO2508-C-7500,0.8,0.6,1.0
2025-08-11,2025-08-11 09:39:13.000,MO2508-C-7500,0.8,0.6,1.0
2025-08-11,2025-08-11 09:39:14.000,MO2508-C-7500,0.8,0.6,1.0
2025-08-11,2025-08-11 09:39:14.500,MO2508-C-7500,0.8,0.6,1.0
2025-08-11,2025-08-11 09:39:16.500,MO2508-C-7500,0.8,0.6,1.0
2025-08-11,2025-08-11 09:39:17.000,MO2508-C-7500,0.8,0.6,1.0
2025-08-11,2025-08-11 09:39:22.500,MO2508-C-7500,0.8,0.8,1.0
2025-08-11,2025-08-11 09:39:23.000,MO2508-C-7500,0.8,0.8,1.0
2025-08-11,2025-08-11 09:39:23.500,MO2508-C-7500,0.8,0.8,1.0
2025-08-11,2025-08-11 09:39:24.500,MO2508-C-7500,0.8,0.8,1.0
2025-08-11,2025-08-11 09:39:25.000,MO2508-C-7500,0.8,0.8,1.0
2025-08-11,2025-08-11 09:39:25.500,MO2508-C-7500,0.8,0.8,1.0
2025-08-11,2025-08-11 09:39:26.500,MO2508-C-7500,0.8,0.8,1.0
2025-08-11,2025-08-11 09:39:27.000,MO2508-C-7500,0.8,0.8,1.0
2025-08-11,2025-08-11 09:39:33.000,MO2508-C-7500,0.8,0.8,1.0
2025-08-11,2025-08-11 09:39:33.500,MO2508-C-7500,0.8,0.8,1.0
2025-08-11,2025-08-11 09:39:35.500,MO2508-C-7500,0.8,0.8,1.0
2025-08-11,2025-08-11 09:39:36.000,MO2508-C-7500,0.8,0.8,1.0
2025-08-11,2025-08-11 09:39:39.500,MO2508-C-7500,0.8,0.8,1.0
2025-08-11,2025-08-11 09:39:40.000,MO2508-C-7500,0.8,0.8,1.0
2025-08-11,2025-08-11 09:39:41.000,MO2508-C-7500,0.8,0.8,1.0
2025-08-11,2025-08-11 09:39:43.000,MO2508-C-7500,0.8,0.8,1.0
2025-08-11,2025-08-11 09:39:43.500,MO2508-C-7500,0.8,0.8,1.0
2025-08-11,2025-08-11 09:39:44.500,MO2508-C-7500,0.8,0.8,1.0
2025-08-11,2025-08-11 09:39:45.000,MO2508-C-7500,0.8,0.8,1.0
2025-08-11,2025-08-11 09:39:46.500,MO2508-C-7500,0.8,0.8,1.0
2025-08-11,2025-08-11 09:39:47.000,MO2508-C-7500,0.8,0.8,1.0
2025-08-11,2025-08-11 09:39:48.500,MO2508-C-7500,0.8,0.8,1.0
2025-08-11,2025-08-11 09:39:53.000,MO2508-C-7500,0.8,0.8,1.0
2025-08-11,2025-08-11 09:39:53.500,MO2508-C-7500,0.8,0.8,1.0
2025-08-11,2025-08-11 09:40:03.000,MO2508-C-7500,0.8,0.8,1.0
2025-08-11,2025-08-11 09:40:03.500,MO2508-C-7500,0.8,0.8,1.0
2025-08-11,2025-08-11 09:40:08.500,MO2508-C-7500,0.8,0.8,1.0
2025-08-11,2025-08-11 09:40:12.500,MO2508-C-7500,0.8,0.8,1.0
2025-08-11,2025-08-11 09:40:13.500,MO2508-C-7500,0.8,0.8,1.0
2025-08-11,2025-08-11 09:40:14.000,MO2508-C-7500,0.8,0.8,1.0
2025-08-11,2025-08-11 09:40:14.500,MO2508-C-7500,0.8,0.8,1.0
2025-08-11,2025-08-11 09:40:15.500,MO2508-C-7500,0.8,0.8,1.0
2025-08-11,2025-08-11 09:40:17.000,MO2508-C-7500,0.8,0.8,1.0
2025-08-11,2025-08-11 09:40:17.500,MO2508-C-7500,0.8,0.8,1.0
2025-08-11,2025-08-11 09:40:18.000,MO2508-C-7500,0.8,0.8,1.0
2025-08-11,2025-08-11 09:40:18.500,MO2508-C-7500,0.8,0.8,1.0
2025-08-11,2025-08-11 09:40:19.000,MO2508-C-7500,0.8,0.8,1.0
2025-08-11,2025-08-11 09:40:22.000,MO2508-C-7500,0.8,0.8,1.0
2025-08-11,2025-08-11 09:40:23.000,MO2508-C-7500,0.8,0.8,1.0
2025-08-11,2025-08-11 09:40:23.500,MO2508-C-7500,0.8,0.8,1.0
2025-08-11,2025-08-11 09:40:24.500,MO2508-C-7500,0.8,0.8,1.0
2025-08-11,2025-08-11 09:40:25.500,MO2508-C-7500,0.8,0.8,1.0
2025-08-11,2025-08-11 09:40:33.000,MO2508-C-7500,0.8,0.8,1.0
2025-08-11,2025-08-11 09:40:33.500,MO2508-C-7500,0.8,0.8,1.0
2025-08-11,2025-08-11 09:40:43.000,MO2508-C-7500,0.8,0.8,1.0
2025-08-11,2025-08-11 09:40:43.500,MO2508-C-7500,0.8,0.8,1.0
2025-08-11,2025-08-11 09:40:48.500,MO2508-C-7500,1.0,1.0,1.2
2025-08-11,2025-08-11 09:40:49.000,MO2508-C-7500,1.0,1.0,1.2
2025-08-11,2025-08-11 09:40:49.500,MO2508-C-7500,1.0,1.0,1.2
2025-08-11,2025-08-11 09:40:51.000,MO2508-C-7500,1.0,1.0,1.2
2025-08-11,2025-08-11 09:40:51.500,MO2508-C-7500,1.0,1.0,1.2
2025-08-11,2025-08-11 09:40:53.000,MO2508-C-7500,1.0,1.0,1.2
2025-08-11,2025-08-11 09:40:53.500,MO2508-C-7500,1.0,1.0,1.2
2025-08-11,2025-08-11 09:40:54.000,MO2508-C-7500,1.0,1.0,1.2
2025-08-11,2025-08-11 09:40:59.500,MO2508-C-7500,1.0,1.0,1.2
2025-08-11,2025-08-11 09:41:00.000,MO2508-C-7500,1.0,1.0,1.2
2025-08-11,2025-08-11 09:41:00.500,MO2508-C-7500,1.0,1.0,1.2
2025-08-11,2025-08-11 09:41:01.000,MO2508-C-7500,1.0,1.0,1.2
2025-08-11,2025-08-11 09:41:01.500,MO2508-C-7500,1.0,1.0,1.2
2025-08-11,2025-08-11 09:41:02.000,MO2508-C-7500,1.0,1.0,1.2
2025-08-11,2025-08-11 09:41:03.000,MO2508-C-7500,1.0,1.0,1.2
2025-08-11,2025-08-11 09:41:03.500,MO2508-C-7500,1.0,1.0,1.2
2025-08-11,2025-08-11 09:41:13.000,MO2508-C-7500,1.0,1.0,1.2
2025-08-11,2025-08-11 09:41:13.500,MO2508-C-7500,1.0,1.0,1.2
2025-08-11,2025-08-11 09:41:23.000,MO2508-C-7500,1.0,1.0,1.2
2025-08-11,2025-08-11 09:41:23.500,MO2508-C-7500,1.0,1.0,1.2
2025-08-11,2025-08-11 09:41:28.500,MO2508-C-7500,1.0,1.0,1.2
2025-08-11,2025-08-11 09:41:29.000,MO2508-C-7500,1.0,1.0,1.2
2025-08-11,2025-08-11 09:41:29.500,MO2508-C-7500,1.0,1.0,1.2
2025-08-11,2025-08-11 09:41:33.000,MO2508-C-7500,1.0,1.0,1.2
2025-08-11,2025-08-11 09:41:33.500,MO2508-C-7500,1.0,1.0,1.2
2025-08-11,2025-08-11 09:41:34.000,MO2508-C-7500,1.0,1.0,1.2
2025-08-11,2025-08-11 09:41:43.000,MO2508-C-7500,1.0,1.0,1.2
2025-08-11,2025-08-11 09:41:43.500,MO2508-C-7500,1.0,1.0,1.2
2025-08-11,2025-08-11 09:41:44.000,MO2508-C-7500,1.0,1.0,1.2
2025-08-11,2025-08-11 09:41:51.000,MO2508-C-7500,1.0,1.0,1.2
2025-08-11,2025-08-11 09:41:51.500,MO2508-C-7500,1.0,1.0,1.2
2025-08-11,2025-08-11 09:41:52.000,MO2508-C-7500,1.0,1.0,1.2
2025-08-11,2025-08-11 09:41:52.500,MO2508-C-7500,1.0,1.0,1.2
2025-08-11,2025-08-11 09:41:53.000,MO2508-C-7500,1.0,1.0,1.2
2025-08-11,2025-08-11 09:41:53.500,MO2508-C-7500,1.0,1.0,1.2
2025-08-11,2025-08-11 09:41:55.500,MO2508-C-7500,1.0,1.0,1.2
2025-08-11,2025-08-11 09:41:56.500,MO2508-C-7500,1.0,1.0,1.2
2025-08-11,2025-08-11 09:41:57.000,MO2508-C-7500,1.0,1.0,1.2
2025-08-11,2025-08-11 09:42:01.500,MO2508-C-7500,1.0,1.0,1.2
2025-08-11,2025-08-11 09:42:02.500,MO2508-C-7500,1.0,1.0,1.2
2025-08-11,2025-08-11 09:42:03.000,MO2508-C-7500,1.0,1.0,1.2
2025-08-11,2025-08-11 09:42:03.500,MO2508-C-7500,1.0,1.0,1.2
2025-08-11,2025-08-11 09:42:04.500,MO2508-C-7500,1.0,1.0,1.2
2025-08-11,2025-08-11 09:42:05.500,MO2508-C-7500,1.0,1.0,1.2
2025-08-11,2025-08-11 09:42:13.000,MO2508-C-7500,1.0,1.0,1.2
2025-08-11,2025-08-11 09:42:13.500,MO2508-C-7500,1.0,1.0,1.2
2025-08-11,2025-08-11 09:42:15.500,MO2508-C-7500,1.0,1.0,1.2
2025-08-11,2025-08-11 09:42:20.500,MO2508-C-7500,1.0,1.0,1.2
2025-08-11,2025-08-11 09:42:21.500,MO2508-C-7500,1.0,1.0,1.2
2025-08-11,2025-08-11 09:42:23.000,MO2508-C-7500,1.0,1.0,1.2
2025-08-11,2025-08-11 09:42:23.500,MO2508-C-7500,1.0,1.0,1.2
2025-08-11,2025-08-11 09:42:33.000,MO2508-C-7500,1.0,1.0,1.2
2025-08-11,2025-08-11 09:42:33.500,MO2508-C-7500,1.0,1.0,1.2
2025-08-11,2025-08-11 09:42:36.000,MO2508-C-7500,1.0,1.0,1.2
2025-08-11,2025-08-11 09:42:36.500,MO2508-C-7500,1.0,1.0,1.2
2025-08-11,2025-08-11 09:42:43.000,MO2508-C-7500,1.0,1.0,1.2
2025-08-11,2025-08-11 09:42:43.500,MO2508-C-7500,1.0,1.0,1.2
2025-08-11,2025-08-11 09:42:53.000,MO2508-C-7500,1.0,1.0,1.2
2025-08-11,2025-08-11 09:42:53.500,MO2508-C-7500,1.0,1.0,1.2
2025-08-11,2025-08-11 09:43:03.000,MO2508-C-7500,1.0,1.0,1.2
2025-08-11,2025-08-11 09:43:03.500,MO2508-C-7500,1.0,1.0,1.2
2025-08-11,2025-08-11 09:43:13.000,MO2508-C-7500,1.0,1.0,1.2
2025-08-11,2025-08-11 09:43:13.500,MO2508-C-7500,1.0,1.0,1.2
2025-08-11,2025-08-11 09:43:23.000,MO2508-C-7500,1.0,1.0,1.2
2025-08-11,2025-08-11 09:43:23.500,MO2508-C-7500,1.0,1.0,1.2
2025-08-11,2025-08-11 09:43:33.000,MO2508-C-7500,1.0,1.0,1.2
2025-08-11,2025-08-11 09:43:33.500,MO2508-C-7500,1.0,1.0,1.2
2025-08-11,2025-08-11 09:43:43.000,MO2508-C-7500,1.0,1.0,1.2
2025-08-11,2025-08-11 09:43:43.500,MO2508-C-7500,1.0,1.0,1.2
2025-08-11,2025-08-11 09:43:52.500,MO2508-C-7500,1.0,1.0,1.2
2025-08-11,2025-08-11 09:43:53.000,MO2508-C-7500,1.0,1.0,1.2
2025-08-11,2025-08-11 09:43:53.500,MO2508-C-7500,1.0,1.0,1.2
2025-08-11,2025-08-11 09:43:57.500,MO2508-C-7500,1.0,1.0,1.2
2025-08-11,2025-08-11 09:43:58.000,MO2508-C-7500,1.0,1.0,1.2
2025-08-11,2025-08-11 09:44:03.000,MO2508-C-7500,1.0,1.0,1.2
2025-08-11,2025-08-11 09:44:03.500,MO2508-C-7500,1.0,1.0,1.2
2025-08-11,2025-08-11 09:44:12.500,MO2508-C-7500,1.0,1.0,1.2
2025-08-11,2025-08-11 09:44:13.000,MO2508-C-7500,1.0,1.0,1.2
2025-08-11,2025-08-11 09:44:13.500,MO2508-C-7500,1.0,1.0,1.2
2025-08-11,2025-08-11 09:44:19.000,MO2508-C-7500,1.0,1.0,1.2
2025-08-11,2025-08-11 09:44:20.500,MO2508-C-7500,1.0,1.0,1.2
2025-08-11,2025-08-11 09:44:21.000,MO2508-C-7500,1.0,1.0,1.2
2025-08-11,2025-08-11 09:44:23.000,MO2508-C-7500,1.0,1.0,1.2
2025-08-11,2025-08-11 09:44:23.500,MO2508-C-7500,1.0,1.0,1.2
2025-08-11,2025-08-11 09:44:24.500,MO2508-C-7500,1.0,1.0,1.2
2025-08-11,2025-08-11 09:44:31.500,MO2508-C-7500,1.0,1.0,1.2
2025-08-11,2025-08-11 09:44:32.000,MO2508-C-7500,1.0,1.0,1.2
2025-08-11,2025-08-11 09:44:33.000,MO2508-C-7500,1.0,1.0,1.2
2025-08-11,2025-08-11 09:44:33.500,MO2508-C-7500,1.0,1.0,1.2
2025-08-11,2025-08-11 09:44:34.500,MO2508-C-7500,1.0,1.0,1.2
2025-08-11,2025-08-11 09:44:35.000,MO2508-C-7500,1.0,1.0,1.2
2025-08-11,2025-08-11 09:44:35.500,MO2508-C-7500,1.0,1.0,1.2
2025-08-11,2025-08-11 09:44:43.000,MO2508-C-7500,1.0,1.0,1.2
2025-08-11,2025-08-11 09:44:43.500,MO2508-C-7500,1.0,1.0,1.2
2025-08-11,2025-08-11 09:44:44.500,MO2508-C-7500,1.0,1.0,1.2
2025-08-11,2025-08-11 09:44:53.000,MO2508-C-7500,1.0,1.0,1.2
2025-08-11,2025-08-11 09:44:53.500,MO2508-C-7500,1.0,1.0,1.2
2025-08-11,2025-08-11 09:44:57.000,MO2508-C-7500,1.0,1.0,1.2
2025-08-11,2025-08-11 09:45:01.500,MO2508-C-7500,1.0,1.0,1.2
2025-08-11,2025-08-11 09:45:02.000,MO2508-C-7500,1.0,1.0,1.2
2025-08-11,2025-08-11 09:45:03.000,MO2508-C-7500,1.0,1.0,1.2
2025-08-11,2025-08-11 09:45:03.500,MO2508-C-7500,1.0,1.0,1.2
2025-08-11,2025-08-11 09:45:13.000,MO2508-C-7500,1.0,1.0,1.2
2025-08-11,2025-08-11 09:45:13.500,MO2508-C-7500,1.0,1.0,1.2
2025-08-11,2025-08-11 09:45:14.500,MO2508-C-7500,1.0,1.0,1.2
2025-08-11,2025-08-11 09:45:17.000,MO2508-C-7500,1.0,1.0,1.2
2025-08-11,2025-08-11 09:45:17.500,MO2508-C-7500,1.0,1.0,1.2
2025-08-11,2025-08-11 09:45:18.000,MO2508-C-7500,1.0,1.0,1.2
2025-08-11,2025-08-11 09:45:18.500,MO2508-C-7500,1.0,1.0,1.2
2025-08-11,2025-08-11 09:45:23.000,MO2508-C-7500,1.0,1.0,1.2
2025-08-11,2025-08-11 09:45:23.500,MO2508-C-7500,1.0,1.0,1.2
2025-08-11,2025-08-11 09:45:33.000,MO2508-C-7500,1.0,1.0,1.2
2025-08-11,2025-08-11 09:45:33.500,MO2508-C-7500,1.0,1.0,1.2
2025-08-11,2025-08-11 09:45:34.500,MO2508-C-7500,1.0,1.0,1.2
2025-08-11,2025-08-11 09:45:35.000,MO2508-C-7500,1.0,1.0,1.2
2025-08-11,2025-08-11 09:45:37.000,MO2508-C-7500,1.0,1.0,1.2
2025-08-11,2025-08-11 09:45:43.000,MO2508-C-7500,1.0,1.0,1.2
2025-08-11,2025-08-11 09:45:43.500,MO2508-C-7500,1.0,1.0,1.2
2025-08-11,2025-08-11 09:45:45.500,MO2508-C-7500,1.0,1.0,1.2
2025-08-11,2025-08-11 09:45:46.500,MO2508-C-7500,1.0,1.0,1.2
2025-08-11,2025-08-11 09:45:53.000,MO2508-C-7500,1.0,1.0,1.2
2025-08-11,2025-08-11 09:45:53.500,MO2508-C-7500,1.0,1.0,1.2
2025-08-11,2025-08-11 09:45:57.000,MO2508-C-7500,1.0,1.0,1.2
2025-08-11,2025-08-11 09:45:57.500,MO2508-C-7500,1.0,1.0,1.2
2025-08-11,2025-08-11 09:46:03.000,MO2508-C-7500,1.0,1.0,1.2
2025-08-11,2025-08-11 09:46:03.500,MO2508-C-7500,1.0,1.0,1.2
2025-08-11,2025-08-11 09:46:06.500,MO2508-C-7500,1.0,1.0,1.2
2025-08-11,2025-08-11 09:46:08.500,MO2508-C-7500,1.0,1.0,1.2
2025-08-11,2025-08-11 09:46:13.000,MO2508-C-7500,1.0,1.0,1.2
2025-08-11,2025-08-11 09:46:13.500,MO2508-C-7500,1.0,1.0,1.2
2025-08-11,2025-08-11 09:46:16.500,MO2508-C-7500,1.0,1.0,1.2
2025-08-11,2025-08-11 09:46:22.500,MO2508-C-7500,1.0,1.0,1.2
2025-08-11,2025-08-11 09:46:23.000,MO2508-C-7500,1.0,1.0,1.2
2025-08-11,2025-08-11 09:46:23.500,MO2508-C-7500,1.0,1.0,1.2
2025-08-11,2025-08-11 09:46:24.000,MO2508-C-7500,1.0,1.0,1.2
2025-08-11,2025-08-11 09:46:24.500,MO2508-C-7500,1.0,1.0,1.2
2025-08-11,2025-08-11 09:46:25.500,MO2508-C-7500,1.0,1.0,1.2
2025-08-11,2025-08-11 09:46:33.000,MO2508-C-7500,1.0,1.0,1.2
2025-08-11,2025-08-11 09:46:33.500,MO2508-C-7500,1.0,1.0,1.2
2025-08-11,2025-08-11 09:46:40.000,MO2508-C-7500,1.0,1.0,1.2
2025-08-11,2025-08-11 09:46:40.500,MO2508-C-7500,1.0,1.0,1.2
2025-08-11,2025-08-11 09:46:43.000,MO2508-C-7500,1.0,1.0,1.2
2025-08-11,2025-08-11 09:46:43.500,MO2508-C-7500,1.0,1.0,1.2
2025-08-11,2025-08-11 09:46:53.000,MO2508-C-7500,1.0,1.0,1.2
2025-08-11,2025-08-11 09:46:53.500,MO2508-C-7500,1.0,1.0,1.2
2025-08-11,2025-08-11 09:46:54.500,MO2508-C-7500,1.0,1.0,1.2
2025-08-11,2025-08-11 09:46:55.000,MO2508-C-7500,1.0,1.0,1.2
2025-08-11,2025-08-11 09:47:03.000,MO2508-C-7500,1.0,1.0,1.2
2025-08-11,2025-08-11 09:47:03.500,MO2508-C-7500,1.0,1.0,1.2
2025-08-11,2025-08-11 09:47:06.000,MO2508-C-7500,1.0,1.0,1.2
2025-08-11,2025-08-11 09:47:06.500,MO2508-C-7500,1.0,1.0,1.2
2025-08-11,2025-08-11 09:47:08.500,MO2508-C-7500,1.0,1.0,1.2
2025-08-11,2025-08-11 09:47:09.000,MO2508-C-7500,1.0,1.0,1.2
2025-08-11,2025-08-11 09:47:10.000,MO2508-C-7500,1.0,1.0,1.2
2025-08-11,2025-08-11 09:47:10.500,MO2508-C-7500,1.0,1.0,1.2
2025-08-11,2025-08-11 09:47:11.000,MO2508-C-7500,1.0,1.0,1.2
2025-08-11,2025-08-11 09:47:13.000,MO2508-C-7500,1.0,1.0,1.2
2025-08-11,2025-08-11 09:47:13.500,MO2508-C-7500,1.2,1.0,1.2
2025-08-11,2025-08-11 09:47:14.500,MO2508-C-7500,1.2,1.0,1.2
2025-08-11,2025-08-11 09:47:18.500,MO2508-C-7500,1.2,1.0,1.2
2025-08-11,2025-08-11 09:47:19.000,MO2508-C-7500,1.2,1.0,1.2
2025-08-11,2025-08-11 09:47:23.000,MO2508-C-7500,1.2,1.0,1.2
2025-08-11,2025-08-11 09:47:23.500,MO2508-C-7500,1.2,1.0,1.2
2025-08-11,2025-08-11 09:47:24.000,MO2508-C-7500,1.0,1.0,1.2
2025-08-11,2025-08-11 09:47:33.000,MO2508-C-7500,1.0,1.0,1.2
2025-08-11,2025-08-11 09:47:33.500,MO2508-C-7500,1.0,1.0,1.2
2025-08-11,2025-08-11 09:47:43.000,MO2508-C-7500,1.0,1.0,1.2
2025-08-11,2025-08-11 09:47:43.500,MO2508-C-7500,1.0,1.0,1.2
2025-08-11,2025-08-11 09:47:44.000,MO2508-C-7500,1.0,1.0,1.2
2025-08-11,2025-08-11 09:47:44.500,MO2508-C-7500,1.0,1.0,1.2
2025-08-11,2025-08-11 09:47:45.000,MO2508-C-7500,1.0,1.0,1.2
2025-08-11,2025-08-11 09:47:45.500,MO2508-C-7500,1.0,1.0,1.2
2025-08-11,2025-08-11 09:47:46.500,MO2508-C-7500,1.0,1.0,1.2
2025-08-11,2025-08-11 09:47:47.500,MO2508-C-7500,1.0,1.0,1.2
2025-08-11,2025-08-11 09:47:48.000,MO2508-C-7500,1.2,1.0,1.2
2025-08-11,2025-08-11 09:47:48.500,MO2508-C-7500,1.2,1.0,1.2
2025-08-11,2025-08-11 09:47:49.500,MO2508-C-7500,1.0,1.0,1.2
2025-08-11,2025-08-11 09:47:50.000,MO2508-C-7500,1.0,1.0,1.2
2025-08-11,2025-08-11 09:47:53.000,MO2508-C-7500,1.0,1.0,1.2
2025-08-11,2025-08-11 09:47:53.500,MO2508-C-7500,1.0,1.0,1.2
2025-08-11,2025-08-11 09:47:57.000,MO2508-C-7500,1.0,1.0,1.2
2025-08-11,2025-08-11 09:48:03.000,MO2508-C-7500,1.0,1.0,1.2
2025-08-11,2025-08-11 09:48:03.500,MO2508-C-7500,1.0,1.0,1.2
2025-08-11,2025-08-11 09:48:06.500,MO2508-C-7500,1.0,1.0,1.2
2025-08-11,2025-08-11 09:48:08.000,MO2508-C-7500,1.0,1.0,1.2
2025-08-11,2025-08-11 09:48:08.500,MO2508-C-7500,1.0,1.0,1.2
2025-08-11,2025-08-11 09:48:13.000,MO2508-C-7500,1.0,1.0,1.2
2025-08-11,2025-08-11 09:48:13.500,MO2508-C-7500,1.0,1.0,1.2
2025-08-11,2025-08-11 09:48:16.500,MO2508-C-7500,1.0,1.0,1.2
2025-08-11,2025-08-11 09:48:17.000,MO2508-C-7500,1.0,0.8,1.2
2025-08-11,2025-08-11 09:48:17.500,MO2508-C-7500,1.0,0.8,1.2
2025-08-11,2025-08-11 09:48:23.000,MO2508-C-7500,1.0,0.8,1.2
2025-08-11,2025-08-11 09:48:23.500,MO2508-C-7500,1.0,0.8,1.2
2025-08-11,2025-08-11 09:48:26.000,MO2508-C-7500,1.0,0.8,1.2
2025-08-11,2025-08-11 09:48:27.500,MO2508-C-7500,1.0,0.8,1.2
2025-08-11,2025-08-11 09:48:33.000,MO2508-C-7500,1.0,0.8,1.2
2025-08-11,2025-08-11 09:48:33.500,MO2508-C-7500,1.0,0.8,1.2
2025-08-11,2025-08-11 09:48:34.500,MO2508-C-7500,1.0,0.8,1.2
2025-08-11,2025-08-11 09:48:35.500,MO2508-C-7500,1.0,0.8,1.2
2025-08-11,2025-08-11 09:48:43.000,MO2508-C-7500,1.0,0.8,1.2
2025-08-11,2025-08-11 09:48:43.500,MO2508-C-7500,1.0,0.8,1.2
2025-08-11,2025-08-11 09:48:45.500,MO2508-C-7500,1.0,0.8,1.2
2025-08-11,2025-08-11 09:48:47.500,MO2508-C-7500,1.0,0.8,1.2
2025-08-11,2025-08-11 09:48:48.000,MO2508-C-7500,1.0,0.8,1.2
2025-08-11,2025-08-11 09:48:49.500,MO2508-C-7500,1.0,0.8,1.2
2025-08-11,2025-08-11 09:48:50.000,MO2508-C-7500,1.0,0.8,1.2
2025-08-11,2025-08-11 09:48:50.500,MO2508-C-7500,1.0,0.8,1.2
2025-08-11,2025-08-11 09:48:51.000,MO2508-C-7500,1.0,0.8,1.2
2025-08-11,2025-08-11 09:48:53.000,MO2508-C-7500,1.0,0.8,1.2
2025-08-11,2025-08-11 09:48:53.500,MO2508-C-7500,1.0,0.8,1.2
2025-08-11,2025-08-11 09:49:03.000,MO2508-C-7500,1.0,0.8,1.2
2025-08-11,2025-08-11 09:49:03.500,MO2508-C-7500,1.0,0.8,1.2
2025-08-11,2025-08-11 09:49:12.500,MO2508-C-7500,1.0,0.8,1.2
2025-08-11,2025-08-11 09:49:13.000,MO2508-C-7500,1.0,0.8,1.2
2025-08-11,2025-08-11 09:49:13.500,MO2508-C-7500,1.0,0.8,1.2
2025-08-11,2025-08-11 09:49:14.000,MO2508-C-7500,1.0,0.8,1.2
2025-08-11,2025-08-11 09:49:21.500,MO2508-C-7500,1.0,0.8,1.2
2025-08-11,2025-08-11 09:49:22.000,MO2508-C-7500,1.0,0.8,1.2
2025-08-11,2025-08-11 09:49:23.000,MO2508-C-7500,1.0,0.8,1.2
2025-08-11,2025-08-11 09:49:23.500,MO2508-C-7500,1.0,0.8,1.2
2025-08-11,2025-08-11 09:49:33.000,MO2508-C-7500,1.0,0.8,1.2
2025-08-11,2025-08-11 09:49:33.500,MO2508-C-7500,1.0,0.8,1.2
2025-08-11,2025-08-11 09:49:35.000,MO2508-C-7500,1.0,0.8,1.2
2025-08-11,2025-08-11 09:49:35.500,MO2508-C-7500,1.0,0.8,1.2
2025-08-11,2025-08-11 09:49:37.000,MO2508-C-7500,1.0,0.8,1.2
2025-08-11,2025-08-11 09:49:40.500,MO2508-C-7500,1.0,0.8,1.2
2025-08-11,2025-08-11 09:49:41.000,MO2508-C-7500,1.0,0.8,1.2
2025-08-11,2025-08-11 09:49:43.000,MO2508-C-7500,1.0,0.8,1.2
2025-08-11,2025-08-11 09:49:43.500,MO2508-C-7500,1.0,0.8,1.2
2025-08-11,2025-08-11 09:49:44.500,MO2508-C-7500,1.0,0.8,1.2
2025-08-11,2025-08-11 09:49:45.000,MO2508-C-7500,1.0,0.8,1.2
2025-08-11,2025-08-11 09:49:47.000,MO2508-C-7500,1.0,0.8,1.2
2025-08-11,2025-08-11 09:49:47.500,MO2508-C-7500,1.0,0.8,1.2
2025-08-11,2025-08-11 09:49:53.000,MO2508-C-7500,1.0,0.8,1.2
2025-08-11,2025-08-11 09:49:53.500,MO2508-C-7500,1.0,0.8,1.2
2025-08-11,2025-08-11 09:49:55.500,MO2508-C-7500,1.0,0.8,1.2
2025-08-11,2025-08-11 09:49:59.000,MO2508-C-7500,1.0,1.0,1.2
2025-08-11,2025-08-11 09:49:59.500,MO2508-C-7500,1.0,1.0,1.2
2025-08-11,2025-08-11 09:50:00.000,MO2508-C-7500,1.0,1.0,1.2
2025-08-11,2025-08-11 09:50:00.500,MO2508-C-7500,1.0,1.0,1.2
2025-08-11,2025-08-11 09:50:01.000,MO2508-C-7500,1.0,1.0,1.2
2025-08-11,2025-08-11 09:50:01.500,MO2508-C-7500,1.0,1.0,1.2
2025-08-11,2025-08-11 09:50:02.500,MO2508-C-7500,1.0,1.0,1.2
2025-08-11,2025-08-11 09:50:03.000,MO2508-C-7500,1.0,1.0,1.2
2025-08-11,2025-08-11 09:50:03.500,MO2508-C-7500,1.0,1.0,1.2
2025-08-11,2025-08-11 09:50:13.000,MO2508-C-7500,1.0,1.0,1.2
2025-08-11,2025-08-11 09:50:13.500,MO2508-C-7500,1.0,1.0,1.2
2025-08-11,2025-08-11 09:50:15.500,MO2508-C-7500,1.0,1.0,1.2
2025-08-11,2025-08-11 09:50:16.500,MO2508-C-7500,1.0,1.0,1.2
2025-08-11,2025-08-11 09:50:17.000,MO2508-C-7500,1.0,1.0,1.2
2025-08-11,2025-08-11 09:50:19.500,MO2508-C-7500,1.0,1.0,1.2
2025-08-11,2025-08-11 09:50:23.000,MO2508-C-7500,1.0,1.0,1.2
2025-08-11,2025-08-11 09:50:23.500,MO2508-C-7500,1.0,1.0,1.2
2025-08-11,2025-08-11 09:50:25.500,MO2508-C-7500,1.0,1.0,1.2
2025-08-11,2025-08-11 09:50:33.000,MO2508-C-7500,1.0,1.0,1.2
2025-08-11,2025-08-11 09:50:33.500,MO2508-C-7500,1.0,1.0,1.2
2025-08-11,2025-08-11 09:50:43.000,MO2508-C-7500,1.0,1.0,1.2
2025-08-11,2025-08-11 09:50:43.500,MO2508-C-7500,1.0,1.0,1.2
2025-08-11,2025-08-11 09:50:46.000,MO2508-C-7500,1.0,1.0,1.2
2025-08-11,2025-08-11 09:50:53.000,MO2508-C-7500,1.0,1.0,1.2
2025-08-11,2025-08-11 09:50:53.500,MO2508-C-7500,1.0,1.0,1.2
2025-08-11,2025-08-11 09:50:55.500,MO2508-C-7500,1.0,1.0,1.2
2025-08-11,2025-08-11 09:51:01.500,MO2508-C-7500,1.0,1.0,1.2
2025-08-11,2025-08-11 09:51:02.000,MO2508-C-7500,1.0,1.0,1.2
2025-08-11,2025-08-11 09:51:03.000,MO2508-C-7500,1.0,1.0,1.2
2025-08-11,2025-08-11 09:51:03.500,MO2508-C-7500,1.0,1.0,1.2
2025-08-11,2025-08-11 09:51:09.000,MO2508-C-7500,1.0,1.0,1.2
2025-08-11,2025-08-11 09:51:09.500,MO2508-C-7500,1.0,1.0,1.2
2025-08-11,2025-08-11 09:51:12.500,MO2508-C-7500,1.0,1.0,1.2
2025-08-11,2025-08-11 09:51:13.000,MO2508-C-7500,1.0,1.0,1.2
2025-08-11,2025-08-11 09:51:13.500,MO2508-C-7500,1.0,1.0,1.2
2025-08-11,2025-08-11 09:51:14.000,MO2508-C-7500,1.0,1.0,1.2
2025-08-11,2025-08-11 09:51:17.500,MO2508-C-7500,1.0,1.0,1.2
2025-08-11,2025-08-11 09:51:18.000,MO2508-C-7500,1.0,1.0,1.2
2025-08-11,2025-08-11 09:51:23.000,MO2508-C-7500,1.0,1.0,1.2
2025-08-11,2025-08-11 09:51:23.500,MO2508-C-7500,1.0,1.0,1.2
2025-08-11,2025-08-11 09:51:24.500,MO2508-C-7500,1.0,1.0,1.2
2025-08-11,2025-08-11 09:51:26.000,MO2508-C-7500,1.0,1.0,1.2
2025-08-11,2025-08-11 09:51:26.500,MO2508-C-7500,1.0,1.0,1.2
2025-08-11,2025-08-11 09:51:27.500,MO2508-C-7500,1.0,1.0,1.2
2025-08-11,2025-08-11 09:51:28.000,MO2508-C-7500,1.0,1.0,1.2
2025-08-11,2025-08-11 09:51:29.000,MO2508-C-7500,1.0,1.0,1.2
2025-08-11,2025-08-11 09:51:29.500,MO2508-C-7500,1.0,1.0,1.2
2025-08-11,2025-08-11 09:51:32.000,MO2508-C-7500,1.0,1.0,1.2
2025-08-11,2025-08-11 09:51:32.500,MO2508-C-7500,1.0,1.0,1.2
2025-08-11,2025-08-11 09:51:33.000,MO2508-C-7500,1.0,1.0,1.2
2025-08-11,2025-08-11 09:51:33.500,MO2508-C-7500,1.0,1.0,1.2
2025-08-11,2025-08-11 09:51:38.500,MO2508-C-7500,1.0,1.0,1.2
2025-08-11,2025-08-11 09:51:43.000,MO2508-C-7500,1.0,1.0,1.2
2025-08-11,2025-08-11 09:51:43.500,MO2508-C-7500,1.0,1.0,1.2
2025-08-11,2025-08-11 09:51:47.500,MO2508-C-7500,1.0,1.0,1.2
2025-08-11,2025-08-11 09:51:52.500,MO2508-C-7500,1.0,1.0,1.2
2025-08-11,2025-08-11 09:51:53.000,MO2508-C-7500,1.0,1.0,1.2
2025-08-11,2025-08-11 09:51:53.500,MO2508-C-7500,1.0,1.0,1.2
2025-08-11,2025-08-11 09:51:56.500,MO2508-C-7500,1.0,1.0,1.2
2025-08-11,2025-08-11 09:51:59.000,MO2508-C-7500,1.0,1.0,1.2
2025-08-11,2025-08-11 09:51:59.500,MO2508-C-7500,1.0,1.0,1.2
2025-08-11,2025-08-11 09:52:02.000,MO2508-C-7500,1.0,1.0,1.2
2025-08-11,2025-08-11 09:52:03.000,MO2508-C-7500,1.0,1.0,1.2
2025-08-11,2025-08-11 09:52:03.500,MO2508-C-7500,1.0,1.0,1.2
2025-08-11,2025-08-11 09:52:05.500,MO2508-C-7500,1.0,1.0,1.2
2025-08-11,2025-08-11 09:52:10.000,MO2508-C-7500,1.0,1.0,1.2
2025-08-11,2025-08-11 09:52:12.000,MO2508-C-7500,1.2,1.0,1.2
2025-08-11,2025-08-11 09:52:12.500,MO2508-C-7500,1.2,1.0,1.2
2025-08-11,2025-08-11 09:52:13.000,MO2508-C-7500,1.2,1.0,1.2
2025-08-11,2025-08-11 09:52:13.500,MO2508-C-7500,1.2,1.0,1.2
2025-08-11,2025-08-11 09:52:14.500,MO2508-C-7500,1.2,1.0,1.2
2025-08-11,2025-08-11 09:52:15.000,MO2508-C-7500,1.2,1.0,1.2
2025-08-11,2025-08-11 09:52:18.000,MO2508-C-7500,1.2,1.0,1.2
2025-08-11,2025-08-11 09:52:18.500,MO2508-C-7500,1.2,1.0,1.2
2025-08-11,2025-08-11 09:52:19.000,MO2508-C-7500,1.2,1.0,1.2
2025-08-11,2025-08-11 09:52:19.500,MO2508-C-7500,1.2,1.0,1.2
2025-08-11,2025-08-11 09:52:23.000,MO2508-C-7500,1.2,1.0,1.2
2025-08-11,2025-08-11 09:52:23.500,MO2508-C-7500,1.2,1.0,1.2
2025-08-11,2025-08-11 09:52:24.000,MO2508-C-7500,1.2,1.0,1.2
2025-08-11,2025-08-11 09:52:30.500,MO2508-C-7500,1.2,1.0,1.2
2025-08-11,2025-08-11 09:52:33.000,MO2508-C-7500,1.2,1.0,1.2
2025-08-11,2025-08-11 09:52:33.500,MO2508-C-7500,1.2,1.0,1.2
2025-08-11,2025-08-11 09:52:37.500,MO2508-C-7500,1.2,1.0,1.2
2025-08-11,2025-08-11 09:52:40.000,MO2508-C-7500,1.2,1.0,1.2
2025-08-11,2025-08-11 09:52:41.500,MO2508-C-7500,1.2,1.0,1.2
2025-08-11,2025-08-11 09:52:43.000,MO2508-C-7500,1.2,1.0,1.2
2025-08-11,2025-08-11 09:52:43.500,MO2508-C-7500,1.2,1.0,1.2
2025-08-11,2025-08-11 09:52:45.500,MO2508-C-7500,1.2,1.0,1.2
2025-08-11,2025-08-11 09:52:53.000,MO2508-C-7500,1.2,1.0,1.2
2025-08-11,2025-08-11 09:52:53.500,MO2508-C-7500,1.2,1.0,1.2
2025-08-11,2025-08-11 09:53:01.500,MO2508-C-7500,1.2,1.0,1.2
2025-08-11,2025-08-11 09:53:02.000,MO2508-C-7500,1.2,1.0,1.2
2025-08-11,2025-08-11 09:53:02.500,MO2508-C-7500,1.2,1.0,1.2
2025-08-11,2025-08-11 09:53:03.000,MO2508-C-7500,1.2,1.0,1.2
2025-08-11,2025-08-11 09:53:03.500,MO2508-C-7500,1.2,1.0,1.2
2025-08-11,2025-08-11 09:53:08.000,MO2508-C-7500,1.2,1.0,1.2
2025-08-11,2025-08-11 09:53:08.500,MO2508-C-7500,1.2,1.0,1.2
2025-08-11,2025-08-11 09:53:10.500,MO2508-C-7500,1.2,1.0,1.2
2025-08-11,2025-08-11 09:53:11.000,MO2508-C-7500,1.2,1.0,1.2
2025-08-11,2025-08-11 09:53:12.000,MO2508-C-7500,1.2,1.0,1.2
2025-08-11,2025-08-11 09:53:12.500,MO2508-C-7500,1.2,1.0,1.2
2025-08-11,2025-08-11 09:53:13.000,MO2508-C-7500,1.2,1.0,1.2
2025-08-11,2025-08-11 09:53:13.500,MO2508-C-7500,1.2,1.0,1.2
2025-08-11,2025-08-11 09:53:14.500,MO2508-C-7500,1.2,1.0,1.2
2025-08-11,2025-08-11 09:53:15.000,MO2508-C-7500,1.2,1.0,1.2
2025-08-11,2025-08-11 09:53:15.500,MO2508-C-7500,1.2,1.0,1.2
2025-08-11,2025-08-11 09:53:19.500,MO2508-C-7500,1.2,1.0,1.2
2025-08-11,2025-08-11 09:53:23.000,MO2508-C-7500,1.2,1.0,1.2
2025-08-11,2025-08-11 09:53:23.500,MO2508-C-7500,1.2,1.0,1.2
2025-08-11,2025-08-11 09:53:26.000,MO2508-C-7500,1.2,1.0,1.2
2025-08-11,2025-08-11 09:53:33.000,MO2508-C-7500,1.2,1.0,1.2
2025-08-11,2025-08-11 09:53:33.500,MO2508-C-7500,1.2,1.0,1.2
2025-08-11,2025-08-11 09:53:35.000,MO2508-C-7500,1.2,1.0,1.2
2025-08-11,2025-08-11 09:53:42.500,MO2508-C-7500,1.2,1.0,1.2
2025-08-11,2025-08-11 09:53:43.000,MO2508-C-7500,1.2,1.0,1.2
2025-08-11,2025-08-11 09:53:43.500,MO2508-C-7500,1.2,1.0,1.2
2025-08-11,2025-08-11 09:53:46.000,MO2508-C-7500,1.2,1.0,1.2
2025-08-11,2025-08-11 09:53:48.500,MO2508-C-7500,1.2,1.0,1.2
2025-08-11,2025-08-11 09:53:49.000,MO2508-C-7500,1.2,1.0,1.4
2025-08-11,2025-08-11 09:53:49.500,MO2508-C-7500,1.2,1.0,1.4
2025-08-11,2025-08-11 09:53:50.000,MO2508-C-7500,1.2,1.0,1.4
2025-08-11,2025-08-11 09:53:50.500,MO2508-C-7500,1.2,1.0,1.4
2025-08-11,2025-08-11 09:53:52.000,MO2508-C-7500,1.2,1.0,1.4
2025-08-11,2025-08-11 09:53:52.500,MO2508-C-7500,1.2,1.0,1.4
2025-08-11,2025-08-11 09:53:53.000,MO2508-C-7500,1.2,1.0,1.4
2025-08-11,2025-08-11 09:53:53.500,MO2508-C-7500,1.2,1.0,1.4
2025-08-11,2025-08-11 09:53:54.000,MO2508-C-7500,1.2,1.0,1.4
2025-08-11,2025-08-11 09:53:54.500,MO2508-C-7500,1.2,1.0,1.4
2025-08-11,2025-08-11 09:53:55.000,MO2508-C-7500,1.2,1.0,1.4
2025-08-11,2025-08-11 09:53:55.500,MO2508-C-7500,1.2,1.0,1.4
2025-08-11,2025-08-11 09:53:56.000,MO2508-C-7500,1.2,1.0,1.4
2025-08-11,2025-08-11 09:53:57.000,MO2508-C-7500,1.2,1.0,1.4
2025-08-11,2025-08-11 09:53:57.500,MO2508-C-7500,1.2,1.0,1.4
2025-08-11,2025-08-11 09:54:03.000,MO2508-C-7500,1.2,1.0,1.4
2025-08-11,2025-08-11 09:54:03.500,MO2508-C-7500,1.2,1.0,1.4
2025-08-11,2025-08-11 09:54:13.000,MO2508-C-7500,1.2,1.0,1.4
2025-08-11,2025-08-11 09:54:13.500,MO2508-C-7500,1.2,1.0,1.4
2025-08-11,2025-08-11 09:54:21.000,MO2508-C-7500,1.2,1.0,1.4
2025-08-11,2025-08-11 09:54:21.500,MO2508-C-7500,1.2,1.0,1.4
2025-08-11,2025-08-11 09:54:22.000,MO2508-C-7500,1.2,1.0,1.4
2025-08-11,2025-08-11 09:54:23.000,MO2508-C-7500,1.2,1.0,1.4
2025-08-11,2025-08-11 09:54:23.500,MO2508-C-7500,1.2,1.0,1.4
2025-08-11,2025-08-11 09:54:26.500,MO2508-C-7500,1.2,1.0,1.4
2025-08-11,2025-08-11 09:54:28.500,MO2508-C-7500,1.2,1.2,1.4
2025-08-11,2025-08-11 09:54:29.000,MO2508-C-7500,1.2,1.2,1.4
2025-08-11,2025-08-11 09:54:29.500,MO2508-C-7500,1.2,1.2,1.4
2025-08-11,2025-08-11 09:54:31.500,MO2508-C-7500,1.2,1.2,1.4
2025-08-11,2025-08-11 09:54:33.000,MO2508-C-7500,1.2,1.2,1.4
2025-08-11,2025-08-11 09:54:33.500,MO2508-C-7500,1.2,1.2,1.4
2025-08-11,2025-08-11 09:54:35.000,MO2508-C-7500,1.2,1.2,1.4
2025-08-11,2025-08-11 09:54:36.000,MO2508-C-7500,1.2,1.2,1.4
2025-08-11,2025-08-11 09:54:37.000,MO2508-C-7500,1.2,1.2,1.4
2025-08-11,2025-08-11 09:54:37.500,MO2508-C-7500,1.2,1.2,1.4
2025-08-11,2025-08-11 09:54:38.000,MO2508-C-7500,1.2,1.2,1.4
2025-08-11,2025-08-11 09:54:43.000,MO2508-C-7500,1.2,1.2,1.4
2025-08-11,2025-08-11 09:54:43.500,MO2508-C-7500,1.2,1.2,1.4
2025-08-11,2025-08-11 09:54:44.000,MO2508-C-7500,1.2,1.2,1.4
2025-08-11,2025-08-11 09:54:48.500,MO2508-C-7500,1.2,1.2,1.4
2025-08-11,2025-08-11 09:54:49.000,MO2508-C-7500,1.2,1.2,1.4
2025-08-11,2025-08-11 09:54:50.000,MO2508-C-7500,1.4,1.2,1.4
2025-08-11,2025-08-11 09:54:50.500,MO2508-C-7500,1.4,1.2,1.4
2025-08-11,2025-08-11 09:54:52.500,MO2508-C-7500,1.4,1.2,1.4
2025-08-11,2025-08-11 09:54:53.000,MO2508-C-7500,1.4,1.2,1.4
2025-08-11,2025-08-11 09:54:53.500,MO2508-C-7500,1.4,1.2,1.4
2025-08-11,2025-08-11 09:54:54.500,MO2508-C-7500,1.4,1.2,1.4
2025-08-11,2025-08-11 09:54:55.000,MO2508-C-7500,1.4,1.2,1.4
2025-08-11,2025-08-11 09:54:56.500,MO2508-C-7500,1.4,1.2,1.4
2025-08-11,2025-08-11 09:55:00.500,MO2508-C-7500,1.4,1.2,1.4
2025-08-11,2025-08-11 09:55:01.000,MO2508-C-7500,1.4,1.2,1.4
2025-08-11,2025-08-11 09:55:01.500,MO2508-C-7500,1.4,1.2,1.4
2025-08-11,2025-08-11 09:55:02.000,MO2508-C-7500,1.4,1.2,1.4
2025-08-11,2025-08-11 09:55:02.500,MO2508-C-7500,1.4,1.2,1.4
2025-08-11,2025-08-11 09:55:03.000,MO2508-C-7500,1.4,1.2,1.4
2025-08-11,2025-08-11 09:55:03.500,MO2508-C-7500,1.4,1.2,1.4
2025-08-11,2025-08-11 09:55:04.500,MO2508-C-7500,1.4,1.2,1.4
2025-08-11,2025-08-11 09:55:05.500,MO2508-C-7500,1.4,1.2,1.4
2025-08-11,2025-08-11 09:55:06.000,MO2508-C-7500,1.4,1.2,1.4
2025-08-11,2025-08-11 09:55:08.000,MO2508-C-7500,1.4,1.2,1.4
2025-08-11,2025-08-11 09:55:08.500,MO2508-C-7500,1.4,1.2,1.4
2025-08-11,2025-08-11 09:55:09.000,MO2508-C-7500,1.4,1.2,1.4
2025-08-11,2025-08-11 09:55:09.500,MO2508-C-7500,1.4,1.2,1.4
2025-08-11,2025-08-11 09:55:10.500,MO2508-C-7500,1.4,1.2,1.4
2025-08-11,2025-08-11 09:55:11.500,MO2508-C-7500,1.4,1.2,1.6
2025-08-11,2025-08-11 09:55:12.000,MO2508-C-7500,1.4,1.2,1.6
2025-08-11,2025-08-11 09:55:12.500,MO2508-C-7500,1.4,1.2,1.4
2025-08-11,2025-08-11 09:55:13.000,MO2508-C-7500,1.4,1.2,1.4
2025-08-11,2025-08-11 09:55:13.500,MO2508-C-7500,1.4,1.2,1.4
2025-08-11,2025-08-11 09:55:17.000,MO2508-C-7500,1.4,1.2,1.4
2025-08-11,2025-08-11 09:55:17.500,MO2508-C-7500,1.4,1.2,1.4
2025-08-11,2025-08-11 09:55:21.000,MO2508-C-7500,1.4,1.2,1.4
2025-08-11,2025-08-11 09:55:21.500,MO2508-C-7500,1.4,1.2,1.4
2025-08-11,2025-08-11 09:55:23.000,MO2508-C-7500,1.4,1.2,1.4
2025-08-11,2025-08-11 09:55:23.500,MO2508-C-7500,1.4,1.2,1.4
2025-08-11,2025-08-11 09:55:25.000,MO2508-C-7500,1.4,1.2,1.4
2025-08-11,2025-08-11 09:55:27.500,MO2508-C-7500,1.4,1.2,1.4
2025-08-11,2025-08-11 09:55:33.000,MO2508-C-7500,1.4,1.2,1.4
2025-08-11,2025-08-11 09:55:33.500,MO2508-C-7500,1.4,1.2,1.4
2025-08-11,2025-08-11 09:55:34.000,MO2508-C-7500,1.4,1.2,1.4
2025-08-11,2025-08-11 09:55:38.000,MO2508-C-7500,1.4,1.2,1.4
2025-08-11,2025-08-11 09:55:38.500,MO2508-C-7500,1.4,1.2,1.4
2025-08-11,2025-08-11 09:55:40.500,MO2508-C-7500,1.4,1.2,1.4
2025-08-11,2025-08-11 09:55:43.000,MO2508-C-7500,1.4,1.2,1.4
2025-08-11,2025-08-11 09:55:43.500,MO2508-C-7500,1.4,1.2,1.4
2025-08-11,2025-08-11 09:55:51.500,MO2508-C-7500,1.4,1.2,1.4
2025-08-11,2025-08-11 09:55:52.000,MO2508-C-7500,1.4,1.2,1.4
2025-08-11,2025-08-11 09:55:53.000,MO2508-C-7500,1.4,1.2,1.4
2025-08-11,2025-08-11 09:55:53.500,MO2508-C-7500,1.4,1.2,1.4
2025-08-11,2025-08-11 09:55:54.000,MO2508-C-7500,1.4,1.2,1.4
2025-08-11,2025-08-11 09:55:54.500,MO2508-C-7500,1.4,1.2,1.4
2025-08-11,2025-08-11 09:55:55.500,MO2508-C-7500,1.4,1.2,1.4
2025-08-11,2025-08-11 09:55:57.500,MO2508-C-7500,1.4,1.2,1.4
2025-08-11,2025-08-11 09:55:59.500,MO2508-C-7500,1.4,1.2,1.4
2025-08-11,2025-08-11 09:56:01.000,MO2508-C-7500,1.4,1.2,1.4
2025-08-11,2025-08-11 09:56:01.500,MO2508-C-7500,1.4,1.2,1.4
2025-08-11,2025-08-11 09:56:02.000,MO2508-C-7500,1.4,1.2,1.4
2025-08-11,2025-08-11 09:56:02.500,MO2508-C-7500,1.4,1.2,1.4
2025-08-11,2025-08-11 09:56:03.000,MO2508-C-7500,1.4,1.2,1.4
2025-08-11,2025-08-11 09:56:03.500,MO2508-C-7500,1.4,1.2,1.4
2025-08-11,2025-08-11 09:56:04.000,MO2508-C-7500,1.4,1.2,1.4
2025-08-11,2025-08-11 09:56:05.000,MO2508-C-7500,1.4,1.2,1.4
2025-08-11,2025-08-11 09:56:05.500,MO2508-C-7500,1.4,1.2,1.4
2025-08-11,2025-08-11 09:56:06.500,MO2508-C-7500,1.4,1.2,1.4
2025-08-11,2025-08-11 09:56:07.000,MO2508-C-7500,1.4,1.2,1.4
2025-08-11,2025-08-11 09:56:08.500,MO2508-C-7500,1.4,1.2,1.4
2025-08-11,2025-08-11 09:56:09.500,MO2508-C-7500,1.4,1.2,1.4
2025-08-11,2025-08-11 09:56:13.000,MO2508-C-7500,1.4,1.2,1.4
2025-08-11,2025-08-11 09:56:13.500,MO2508-C-7500,1.4,1.2,1.4
2025-08-11,2025-08-11 09:56:15.000,MO2508-C-7500,1.4,1.2,1.4
2025-08-11,2025-08-11 09:56:15.500,MO2508-C-7500,1.4,1.2,1.4
2025-08-11,2025-08-11 09:56:16.500,MO2508-C-7500,1.4,1.2,1.4
2025-08-11,2025-08-11 09:56:19.000,MO2508-C-7500,1.4,1.2,1.4
2025-08-11,2025-08-11 09:56:23.000,MO2508-C-7500,1.4,1.2,1.4
2025-08-11,2025-08-11 09:56:23.500,MO2508-C-7500,1.4,1.2,1.4
2025-08-11,2025-08-11 09:56:25.500,MO2508-C-7500,1.4,1.2,1.4
2025-08-11,2025-08-11 09:56:27.500,MO2508-C-7500,1.4,1.2,1.4
2025-08-11,2025-08-11 09:56:28.000,MO2508-C-7500,1.4,1.2,1.4
2025-08-11,2025-08-11 09:56:29.500,MO2508-C-7500,1.4,1.2,1.4
2025-08-11,2025-08-11 09:56:30.000,MO2508-C-7500,1.4,1.2,1.4
2025-08-11,2025-08-11 09:56:33.000,MO2508-C-7500,1.4,1.2,1.4
2025-08-11,2025-08-11 09:56:33.500,MO2508-C-7500,1.4,1.2,1.4
2025-08-11,2025-08-11 09:56:37.000,MO2508-C-7500,1.4,1.2,1.4
2025-08-11,2025-08-11 09:56:43.000,MO2508-C-7500,1.4,1.2,1.4
2025-08-11,2025-08-11 09:56:43.500,MO2508-C-7500,1.4,1.2,1.4
2025-08-11,2025-08-11 09:56:45.500,MO2508-C-7500,1.4,1.2,1.4
2025-08-11,2025-08-11 09:56:48.500,MO2508-C-7500,1.4,1.2,1.4
2025-08-11,2025-08-11 09:56:49.000,MO2508-C-7500,1.4,1.2,1.4
2025-08-11,2025-08-11 09:56:51.500,MO2508-C-7500,1.4,1.2,1.4
2025-08-11,2025-08-11 09:56:53.000,MO2508-C-7500,1.4,1.2,1.4
2025-08-11,2025-08-11 09:56:53.500,MO2508-C-7500,1.4,1.2,1.4
2025-08-11,2025-08-11 09:57:00.500,MO2508-C-7500,1.4,1.2,1.4
2025-08-11,2025-08-11 09:57:02.500,MO2508-C-7500,1.4,1.2,1.4
2025-08-11,2025-08-11 09:57:03.000,MO2508-C-7500,1.4,1.2,1.4
2025-08-11,2025-08-11 09:57:03.500,MO2508-C-7500,1.4,1.2,1.4
2025-08-11,2025-08-11 09:57:04.000,MO2508-C-7500,1.4,1.2,1.4
2025-08-11,2025-08-11 09:57:05.500,MO2508-C-7500,1.4,1.2,1.4
2025-08-11,2025-08-11 09:57:06.500,MO2508-C-7500,1.4,1.2,1.4
2025-08-11,2025-08-11 09:57:09.000,MO2508-C-7500,1.4,1.2,1.4
2025-08-11,2025-08-11 09:57:13.000,MO2508-C-7500,1.4,1.2,1.4
2025-08-11,2025-08-11 09:57:13.500,MO2508-C-7500,1.4,1.2,1.4
2025-08-11,2025-08-11 09:57:23.000,MO2508-C-7500,1.4,1.2,1.4
2025-08-11,2025-08-11 09:57:23.500,MO2508-C-7500,1.4,1.2,1.4
2025-08-11,2025-08-11 09:57:33.000,MO2508-C-7500,1.4,1.2,1.4
2025-08-11,2025-08-11 09:57:33.500,MO2508-C-7500,1.4,1.2,1.4
2025-08-11,2025-08-11 09:57:39.000,MO2508-C-7500,1.4,1.2,1.4
2025-08-11,2025-08-11 09:57:43.000,MO2508-C-7500,1.4,1.2,1.4
2025-08-11,2025-08-11 09:57:43.500,MO2508-C-7500,1.4,1.2,1.4
2025-08-11,2025-08-11 09:57:46.500,MO2508-C-7500,1.4,1.2,1.4
2025-08-11,2025-08-11 09:57:50.500,MO2508-C-7500,1.4,1.2,1.4
2025-08-11,2025-08-11 09:57:51.500,MO2508-C-7500,1.4,1.2,1.4
2025-08-11,2025-08-11 09:57:53.000,MO2508-C-7500,1.4,1.2,1.4
2025-08-11,2025-08-11 09:57:53.500,MO2508-C-7500,1.4,1.2,1.4
2025-08-11,2025-08-11 09:57:56.500,MO2508-C-7500,1.4,1.2,1.4
2025-08-11,2025-08-11 09:58:00.500,MO2508-C-7500,1.4,1.2,1.4
2025-08-11,2025-08-11 09:58:01.000,MO2508-C-7500,1.4,1.2,1.4
2025-08-11,2025-08-11 09:58:01.500,MO2508-C-7500,1.4,1.2,1.4
2025-08-11,2025-08-11 09:58:02.000,MO2508-C-7500,1.4,1.2,1.4
2025-08-11,2025-08-11 09:58:03.000,MO2508-C-7500,1.4,1.2,1.4
2025-08-11,2025-08-11 09:58:03.500,MO2508-C-7500,1.4,1.2,1.4
2025-08-11,2025-08-11 09:58:13.000,MO2508-C-7500,1.4,1.2,1.4
2025-08-11,2025-08-11 09:58:13.500,MO2508-C-7500,1.4,1.2,1.4
2025-08-11,2025-08-11 09:58:14.500,MO2508-C-7500,1.4,1.2,1.4
2025-08-11,2025-08-11 09:58:15.000,MO2508-C-7500,1.4,1.2,1.4
2025-08-11,2025-08-11 09:58:23.000,MO2508-C-7500,1.4,1.2,1.4
2025-08-11,2025-08-11 09:58:23.500,MO2508-C-7500,1.4,1.2,1.4
2025-08-11,2025-08-11 09:58:24.000,MO2508-C-7500,1.4,1.2,1.4
2025-08-11,2025-08-11 09:58:24.500,MO2508-C-7500,1.4,1.2,1.4
2025-08-11,2025-08-11 09:58:25.000,MO2508-C-7500,1.4,1.2,1.4
2025-08-11,2025-08-11 09:58:25.500,MO2508-C-7500,1.4,1.2,1.4
2025-08-11,2025-08-11 09:58:26.500,MO2508-C-7500,1.4,1.2,1.4
2025-08-11,2025-08-11 09:58:27.500,MO2508-C-7500,1.4,1.2,1.4
2025-08-11,2025-08-11 09:58:28.000,MO2508-C-7500,1.4,1.2,1.4
2025-08-11,2025-08-11 09:58:29.500,MO2508-C-7500,1.4,1.2,1.4
2025-08-11,2025-08-11 09:58:30.000,MO2508-C-7500,1.4,1.2,1.4
2025-08-11,2025-08-11 09:58:30.500,MO2508-C-7500,1.4,1.2,1.4
2025-08-11,2025-08-11 09:58:31.500,MO2508-C-7500,1.4,1.2,1.4
2025-08-11,2025-08-11 09:58:32.000,MO2508-C-7500,1.4,1.2,1.4
2025-08-11,2025-08-11 09:58:32.500,MO2508-C-7500,1.4,1.2,1.4
2025-08-11,2025-08-11 09:58:33.000,MO2508-C-7500,1.4,1.2,1.4
2025-08-11,2025-08-11 09:58:33.500,MO2508-C-7500,1.4,1.2,1.4
2025-08-11,2025-08-11 09:58:36.500,MO2508-C-7500,1.4,1.2,1.4
2025-08-11,2025-08-11 09:58:37.000,MO2508-C-7500,1.4,1.2,1.4
2025-08-11,2025-08-11 09:58:38.000,MO2508-C-7500,1.4,1.2,1.4
2025-08-11,2025-08-11 09:58:38.500,MO2508-C-7500,1.4,1.2,1.4
2025-08-11,2025-08-11 09:58:43.000,MO2508-C-7500,1.4,1.2,1.4
2025-08-11,2025-08-11 09:58:43.500,MO2508-C-7500,1.4,1.2,1.4
2025-08-11,2025-08-11 09:58:53.000,MO2508-C-7500,1.4,1.2,1.4
2025-08-11,2025-08-11 09:58:53.500,MO2508-C-7500,1.4,1.2,1.4
2025-08-11,2025-08-11 09:59:03.000,MO2508-C-7500,1.4,1.2,1.4
2025-08-11,2025-08-11 09:59:03.500,MO2508-C-7500,1.4,1.2,1.4
2025-08-11,2025-08-11 09:59:04.000,MO2508-C-7500,1.4,1.2,1.4
2025-08-11,2025-08-11 09:59:05.000,MO2508-C-7500,1.4,1.2,1.4
2025-08-11,2025-08-11 09:59:05.500,MO2508-C-7500,1.4,1.2,1.4
2025-08-11,2025-08-11 09:59:06.000,MO2508-C-7500,1.4,1.2,1.4
2025-08-11,2025-08-11 09:59:06.500,MO2508-C-7500,1.4,1.2,1.4
2025-08-11,2025-08-11 09:59:13.000,MO2508-C-7500,1.4,1.2,1.4
2025-08-11,2025-08-11 09:59:13.500,MO2508-C-7500,1.4,1.2,1.4
2025-08-11,2025-08-11 09:59:20.000,MO2508-C-7500,1.4,1.2,1.4
2025-08-11,2025-08-11 09:59:23.000,MO2508-C-7500,1.4,1.2,1.4
2025-08-11,2025-08-11 09:59:23.500,MO2508-C-7500,1.4,1.2,1.4
2025-08-11,2025-08-11 09:59:27.000,MO2508-C-7500,1.4,1.2,1.4
2025-08-11,2025-08-11 09:59:33.000,MO2508-C-7500,1.4,1.2,1.4
2025-08-11,2025-08-11 09:59:33.500,MO2508-C-7500,1.4,1.2,1.4
2025-08-11,2025-08-11 09:59:43.000,MO2508-C-7500,1.4,1.2,1.4
2025-08-11,2025-08-11 09:59:43.500,MO2508-C-7500,1.4,1.2,1.4
2025-08-11,2025-08-11 09:59:53.000,MO2508-C-7500,1.4,1.2,1.4
2025-08-11,2025-08-11 09:59:53.500,MO2508-C-7500,1.4,1.2,1.4
2025-08-11,2025-08-11 09:59:57.000,MO2508-C-7500,1.4,1.2,1.4
2025-08-11,2025-08-11 09:59:58.500,MO2508-C-7500,1.4,1.2,1.4
2025-08-11,2025-08-11 09:59:59.000,MO2508-C-7500,1.4,1.2,1.4
2025-08-11,2025-08-11 10:00:01.000,MO2508-C-7500,1.4,1.2,1.4
2025-08-11,2025-08-11 10:00:01.500,MO2508-C-7500,1.4,1.2,1.4
2025-08-11,2025-08-11 10:00:02.000,MO2508-C-7500,1.4,1.2,1.4
2025-08-11,2025-08-11 10:00:02.500,MO2508-C-7500,1.4,1.2,1.4
2025-08-11,2025-08-11 10:00:03.000,MO2508-C-7500,1.4,1.2,1.4
2025-08-11,2025-08-11 10:00:03.500,MO2508-C-7500,1.4,1.2,1.4
2025-08-11,2025-08-11 10:00:04.500,MO2508-C-7500,1.4,1.2,1.4
2025-08-11,2025-08-11 10:00:05.000,MO2508-C-7500,1.4,1.2,1.4
2025-08-11,2025-08-11 10:00:05.500,MO2508-C-7500,1.4,1.2,1.4
2025-08-11,2025-08-11 10:00:06.000,MO2508-C-7500,1.4,1.2,1.4
2025-08-11,2025-08-11 10:00:07.000,MO2508-C-7500,1.4,1.2,1.4
2025-08-11,2025-08-11 10:00:07.500,MO2508-C-7500,1.4,1.2,1.4
2025-08-11,2025-08-11 10:00:08.000,MO2508-C-7500,1.4,1.2,1.4
2025-08-11,2025-08-11 10:00:13.000,MO2508-C-7500,1.4,1.2,1.4
2025-08-11,2025-08-11 10:00:13.500,MO2508-C-7500,1.4,1.2,1.4
2025-08-11,2025-08-11 10:00:20.000,MO2508-C-7500,1.4,1.2,1.4
2025-08-11,2025-08-11 10:00:20.500,MO2508-C-7500,1.4,1.2,1.4
2025-08-11,2025-08-11 10:00:23.000,MO2508-C-7500,1.4,1.2,1.4
2025-08-11,2025-08-11 10:00:23.500,MO2508-C-7500,1.4,1.2,1.4
2025-08-11,2025-08-11 10:00:25.000,MO2508-C-7500,1.4,1.2,1.4
2025-08-11,2025-08-11 10:00:26.500,MO2508-C-7500,1.4,1.2,1.4
2025-08-11,2025-08-11 10:00:27.000,MO2508-C-7500,1.4,1.2,1.4
2025-08-11,2025-08-11 10:00:29.000,MO2508-C-7500,1.4,1.2,1.4
2025-08-11,2025-08-11 10:00:29.500,MO2508-C-7500,1.4,1.2,1.4
2025-08-11,2025-08-11 10:00:33.000,MO2508-C-7500,1.4,1.2,1.4
2025-08-11,2025-08-11 10:00:33.500,MO2508-C-7500,1.4,1.2,1.4
2025-08-11,2025-08-11 10:00:37.000,MO2508-C-7500,1.4,1.2,1.4
2025-08-11,2025-08-11 10:00:43.000,MO2508-C-7500,1.4,1.2,1.4
2025-08-11,2025-08-11 10:00:43.500,MO2508-C-7500,1.4,1.2,1.4
2025-08-11,2025-08-11 10:00:45.500,MO2508-C-7500,1.4,1.2,1.4
2025-08-11,2025-08-11 10:00:46.500,MO2508-C-7500,1.4,1.2,1.4
2025-08-11,2025-08-11 10:00:50.000,MO2508-C-7500,1.4,1.2,1.4
2025-08-11,2025-08-11 10:00:52.000,MO2508-C-7500,1.4,1.2,1.4
2025-08-11,2025-08-11 10:00:53.000,MO2508-C-7500,1.4,1.2,1.4
2025-08-11,2025-08-11 10:00:53.500,MO2508-C-7500,1.4,1.2,1.4
2025-08-11,2025-08-11 10:00:59.500,MO2508-C-7500,1.4,1.2,1.4
2025-08-11,2025-08-11 10:01:00.000,MO2508-C-7500,1.4,1.2,1.4
2025-08-11,2025-08-11 10:01:03.000,MO2508-C-7500,1.4,1.2,1.6
2025-08-11,2025-08-11 10:01:03.500,MO2508-C-7500,1.4,1.2,1.6
2025-08-11,2025-08-11 10:01:08.000,MO2508-C-7500,1.4,1.2,1.6
2025-08-11,2025-08-11 10:01:09.500,MO2508-C-7500,1.4,1.2,1.6
2025-08-11,2025-08-11 10:01:13.000,MO2508-C-7500,1.4,1.2,1.6
2025-08-11,2025-08-11 10:01:13.500,MO2508-C-7500,1.4,1.2,1.6
2025-08-11,2025-08-11 10:01:14.000,MO2508-C-7500,1.4,1.2,1.6
2025-08-11,2025-08-11 10:01:16.500,MO2508-C-7500,1.4,1.2,1.6
2025-08-11,2025-08-11 10:01:20.500,MO2508-C-7500,1.4,1.2,1.6
2025-08-11,2025-08-11 10:01:23.000,MO2508-C-7500,1.4,1.2,1.6
2025-08-11,2025-08-11 10:01:23.500,MO2508-C-7500,1.4,1.2,1.6
2025-08-11,2025-08-11 10:01:25.000,MO2508-C-7500,1.4,1.2,1.6
2025-08-11,2025-08-11 10:01:33.000,MO2508-C-7500,1.4,1.2,1.6
2025-08-11,2025-08-11 10:01:33.500,MO2508-C-7500,1.4,1.2,1.6
2025-08-11,2025-08-11 10:01:41.000,MO2508-C-7500,1.4,1.2,1.6
2025-08-11,2025-08-11 10:01:43.000,MO2508-C-7500,1.4,1.2,1.6
2025-08-11,2025-08-11 10:01:43.500,MO2508-C-7500,1.4,1.2,1.6
2025-08-11,2025-08-11 10:01:44.000,MO2508-C-7500,1.4,1.2,1.6
2025-08-11,2025-08-11 10:01:46.000,MO2508-C-7500,1.4,1.2,1.6
2025-08-11,2025-08-11 10:01:46.500,MO2508-C-7500,1.4,1.2,1.6
2025-08-11,2025-08-11 10:01:47.000,MO2508-C-7500,1.4,1.2,1.6
2025-08-11,2025-08-11 10:01:50.000,MO2508-C-7500,1.4,1.2,1.6
2025-08-11,2025-08-11 10:01:50.500,MO2508-C-7500,1.4,1.2,1.6
2025-08-11,2025-08-11 10:01:51.000,MO2508-C-7500,1.4,1.2,1.6
2025-08-11,2025-08-11 10:01:52.000,MO2508-C-7500,1.4,1.2,1.6
2025-08-11,2025-08-11 10:01:52.500,MO2508-C-7500,1.4,1.2,1.6
2025-08-11,2025-08-11 10:01:53.000,MO2508-C-7500,1.4,1.2,1.6
2025-08-11,2025-08-11 10:01:53.500,MO2508-C-7500,1.4,1.2,1.6
2025-08-11,2025-08-11 10:01:54.000,MO2508-C-7500,1.4,1.2,1.6
2025-08-11,2025-08-11 10:01:54.500,MO2508-C-7500,1.4,1.2,1.6
2025-08-11,2025-08-11 10:01:55.000,MO2508-C-7500,1.4,1.2,1.6
2025-08-11,2025-08-11 10:01:59.000,MO2508-C-7500,1.4,1.2,1.6
2025-08-11,2025-08-11 10:01:59.500,MO2508-C-7500,1.4,1.2,1.6
2025-08-11,2025-08-11 10:02:00.000,MO2508-C-7500,1.4,1.2,1.6
2025-08-11,2025-08-11 10:02:00.500,MO2508-C-7500,1.4,1.2,1.6
2025-08-11,2025-08-11 10:02:01.000,MO2508-C-7500,1.4,1.2,1.6
2025-08-11,2025-08-11 10:02:01.500,MO2508-C-7500,1.4,1.2,1.6
2025-08-11,2025-08-11 10:02:03.000,MO2508-C-7500,1.4,1.2,1.6
2025-08-11,2025-08-11 10:02:03.500,MO2508-C-7500,1.4,1.2,1.6
2025-08-11,2025-08-11 10:02:06.500,MO2508-C-7500,1.4,1.2,1.6
2025-08-11,2025-08-11 10:02:07.000,MO2508-C-7500,1.4,1.2,1.6
2025-08-11,2025-08-11 10:02:10.000,MO2508-C-7500,1.4,1.2,1.6
2025-08-11,2025-08-11 10:02:13.000,MO2508-C-7500,1.4,1.2,1.6
2025-08-11,2025-08-11 10:02:13.500,MO2508-C-7500,1.4,1.2,1.6
2025-08-11,2025-08-11 10:02:15.000,MO2508-C-7500,1.4,1.2,1.6
2025-08-11,2025-08-11 10:02:23.000,MO2508-C-7500,1.4,1.2,1.6
2025-08-11,2025-08-11 10:02:23.500,MO2508-C-7500,1.4,1.2,1.6
2025-08-11,2025-08-11 10:02:25.000,MO2508-C-7500,1.4,1.2,1.6
2025-08-11,2025-08-11 10:02:33.000,MO2508-C-7500,1.4,1.2,1.6
2025-08-11,2025-08-11 10:02:33.500,MO2508-C-7500,1.4,1.2,1.6
2025-08-11,2025-08-11 10:02:34.000,MO2508-C-7500,1.4,1.2,1.6
2025-08-11,2025-08-11 10:02:34.500,MO2508-C-7500,1.4,1.2,1.6
2025-08-11,2025-08-11 10:02:43.000,MO2508-C-7500,1.4,1.2,1.6
2025-08-11,2025-08-11 10:02:43.500,MO2508-C-7500,1.4,1.2,1.6
2025-08-11,2025-08-11 10:02:48.500,MO2508-C-7500,1.4,1.2,1.6
2025-08-11,2025-08-11 10:02:49.000,MO2508-C-7500,1.4,1.2,1.6
2025-08-11,2025-08-11 10:02:49.500,MO2508-C-7500,1.4,1.2,1.6
2025-08-11,2025-08-11 10:02:50.500,MO2508-C-7500,1.4,1.2,1.6
2025-08-11,2025-08-11 10:02:51.000,MO2508-C-7500,1.4,1.2,1.6
2025-08-11,2025-08-11 10:02:53.000,MO2508-C-7500,1.4,1.2,1.6
2025-08-11,2025-08-11 10:02:53.500,MO2508-C-7500,1.4,1.2,1.6
2025-08-11,2025-08-11 10:02:56.500,MO2508-C-7500,1.4,1.2,1.6
2025-08-11,2025-08-11 10:03:03.000,MO2508-C-7500,1.4,1.2,1.6
2025-08-11,2025-08-11 10:03:03.500,MO2508-C-7500,1.4,1.2,1.6
2025-08-11,2025-08-11 10:03:13.000,MO2508-C-7500,1.4,1.2,1.6
2025-08-11,2025-08-11 10:03:13.500,MO2508-C-7500,1.4,1.2,1.6
2025-08-11,2025-08-11 10:03:19.000,MO2508-C-7500,1.4,1.2,1.6
2025-08-11,2025-08-11 10:03:19.500,MO2508-C-7500,1.4,1.2,1.6
2025-08-11,2025-08-11 10:03:23.000,MO2508-C-7500,1.4,1.2,1.6
2025-08-11,2025-08-11 10:03:23.500,MO2508-C-7500,1.4,1.2,1.6
2025-08-11,2025-08-11 10:03:24.000,MO2508-C-7500,1.4,1.2,1.6
2025-08-11,2025-08-11 10:03:25.000,MO2508-C-7500,1.4,1.2,1.6
2025-08-11,2025-08-11 10:03:27.000,MO2508-C-7500,1.4,1.2,1.6
2025-08-11,2025-08-11 10:03:33.000,MO2508-C-7500,1.4,1.2,1.6
2025-08-11,2025-08-11 10:03:33.500,MO2508-C-7500,1.4,1.2,1.6
2025-08-11,2025-08-11 10:03:36.500,MO2508-C-7500,1.4,1.2,1.6
2025-08-11,2025-08-11 10:03:37.000,MO2508-C-7500,1.4,1.2,1.6
2025-08-11,2025-08-11 10:03:37.500,MO2508-C-7500,1.4,1.2,1.6
2025-08-11,2025-08-11 10:03:39.500,MO2508-C-7500,1.4,1.2,1.6
2025-08-11,2025-08-11 10:03:40.000,MO2508-C-7500,1.4,1.2,1.6
2025-08-11,2025-08-11 10:03:40.500,MO2508-C-7500,1.4,1.2,1.6
2025-08-11,2025-08-11 10:03:41.000,MO2508-C-7500,1.4,1.2,1.6
2025-08-11,2025-08-11 10:03:41.500,MO2508-C-7500,1.4,1.2,1.6
2025-08-11,2025-08-11 10:03:42.000,MO2508-C-7500,1.4,1.2,1.6
2025-08-11,2025-08-11 10:03:43.000,MO2508-C-7500,1.4,1.2,1.6
2025-08-11,2025-08-11 10:03:43.500,MO2508-C-7500,1.4,1.2,1.6
2025-08-11,2025-08-11 10:03:46.500,MO2508-C-7500,1.2,1.2,1.6
2025-08-11,2025-08-11 10:03:47.000,MO2508-C-7500,1.2,1.2,1.6
2025-08-11,2025-08-11 10:03:48.000,MO2508-C-7500,1.2,1.2,1.6
2025-08-11,2025-08-11 10:03:53.000,MO2508-C-7500,1.2,1.2,1.6
2025-08-11,2025-08-11 10:03:53.500,MO2508-C-7500,1.2,1.2,1.6
2025-08-11,2025-08-11 10:04:03.000,MO2508-C-7500,1.2,1.2,1.6
2025-08-11,2025-08-11 10:04:03.500,MO2508-C-7500,1.2,1.2,1.6
2025-08-11,2025-08-11 10:04:08.000,MO2508-C-7500,1.2,1.2,1.6
2025-08-11,2025-08-11 10:04:10.500,MO2508-C-7500,1.2,1.2,1.6
2025-08-11,2025-08-11 10:04:11.000,MO2508-C-7500,1.2,1.2,1.6
2025-08-11,2025-08-11 10:04:12.500,MO2508-C-7500,1.2,1.2,1.6
2025-08-11,2025-08-11 10:04:13.000,MO2508-C-7500,1.2,1.2,1.6
2025-08-11,2025-08-11 10:04:13.500,MO2508-C-7500,1.2,1.2,1.6
2025-08-11,2025-08-11 10:04:14.000,MO2508-C-7500,1.2,1.2,1.6
2025-08-11,2025-08-11 10:04:15.000,MO2508-C-7500,1.2,1.2,1.6
2025-08-11,2025-08-11 10:04:15.500,MO2508-C-7500,1.2,1.2,1.6
2025-08-11,2025-08-11 10:04:18.000,MO2508-C-7500,1.2,1.2,1.6
2025-08-11,2025-08-11 10:04:18.500,MO2508-C-7500,1.2,1.2,1.6
2025-08-11,2025-08-11 10:04:21.000,MO2508-C-7500,1.2,1.2,1.6
2025-08-11,2025-08-11 10:04:23.000,MO2508-C-7500,1.2,1.2,1.6
2025-08-11,2025-08-11 10:04:23.500,MO2508-C-7500,1.2,1.2,1.6
2025-08-11,2025-08-11 10:04:33.000,MO2508-C-7500,1.2,1.2,1.6
2025-08-11,2025-08-11 10:04:33.500,MO2508-C-7500,1.2,1.2,1.6
2025-08-11,2025-08-11 10:04:39.000,MO2508-C-7500,1.2,1.2,1.6
2025-08-11,2025-08-11 10:04:43.000,MO2508-C-7500,1.2,1.2,1.6
2025-08-11,2025-08-11 10:04:43.500,MO2508-C-7500,1.2,1.2,1.6
2025-08-11,2025-08-11 10:04:44.000,MO2508-C-7500,1.2,1.2,1.6
2025-08-11,2025-08-11 10:04:49.500,MO2508-C-7500,1.2,1.2,1.6
2025-08-11,2025-08-11 10:04:53.000,MO2508-C-7500,1.2,1.2,1.6
2025-08-11,2025-08-11 10:04:53.500,MO2508-C-7500,1.2,1.2,1.6
2025-08-11,2025-08-11 10:04:54.500,MO2508-C-7500,1.2,1.2,1.6
2025-08-11,2025-08-11 10:04:55.000,MO2508-C-7500,1.2,1.2,1.6
2025-08-11,2025-08-11 10:04:55.500,MO2508-C-7500,1.2,1.2,1.6
2025-08-11,2025-08-11 10:04:56.000,MO2508-C-7500,1.2,1.2,1.6
2025-08-11,2025-08-11 10:04:56.500,MO2508-C-7500,1.2,1.2,1.6
2025-08-11,2025-08-11 10:04:57.000,MO2508-C-7500,1.2,1.2,1.6
2025-08-11,2025-08-11 10:04:57.500,MO2508-C-7500,1.2,1.2,1.6
2025-08-11,2025-08-11 10:04:58.000,MO2508-C-7500,1.2,1.2,1.6
2025-08-11,2025-08-11 10:04:58.500,MO2508-C-7500,1.2,1.2,1.6
2025-08-11,2025-08-11 10:04:59.000,MO2508-C-7500,1.2,1.2,1.6
2025-08-11,2025-08-11 10:04:59.500,MO2508-C-7500,1.2,1.2,1.6
2025-08-11,2025-08-11 10:05:00.000,MO2508-C-7500,1.2,1.2,1.6
2025-08-11,2025-08-11 10:05:00.500,MO2508-C-7500,1.2,1.2,1.6
2025-08-11,2025-08-11 10:05:01.000,MO2508-C-7500,1.2,1.2,1.6
2025-08-11,2025-08-11 10:05:03.000,MO2508-C-7500,1.2,1.2,1.6
2025-08-11,2025-08-11 10:05:03.500,MO2508-C-7500,1.2,1.2,1.6
2025-08-11,2025-08-11 10:05:13.000,MO2508-C-7500,1.2,1.2,1.6
2025-08-11,2025-08-11 10:05:13.500,MO2508-C-7500,1.2,1.2,1.6
2025-08-11,2025-08-11 10:05:16.500,MO2508-C-7500,1.2,1.2,1.6
2025-08-11,2025-08-11 10:05:17.000,MO2508-C-7500,1.2,1.2,1.6
2025-08-11,2025-08-11 10:05:17.500,MO2508-C-7500,1.2,1.2,1.6
2025-08-11,2025-08-11 10:05:18.000,MO2508-C-7500,1.2,1.2,1.6
2025-08-11,2025-08-11 10:05:18.500,MO2508-C-7500,1.2,1.2,1.6
2025-08-11,2025-08-11 10:05:19.000,MO2508-C-7500,1.2,1.2,1.6
2025-08-11,2025-08-11 10:05:19.500,MO2508-C-7500,1.2,1.2,1.6
2025-08-11,2025-08-11 10:05:20.000,MO2508-C-7500,1.2,1.2,1.6
2025-08-11,2025-08-11 10:05:20.500,MO2508-C-7500,1.2,1.2,1.6
2025-08-11,2025-08-11 10:05:21.000,MO2508-C-7500,1.2,1.2,1.6
2025-08-11,2025-08-11 10:05:21.500,MO2508-C-7500,1.2,1.2,1.6
2025-08-11,2025-08-11 10:05:22.000,MO2508-C-7500,1.2,1.2,1.6
2025-08-11,2025-08-11 10:05:22.500,MO2508-C-7500,1.2,1.2,1.6
2025-08-11,2025-08-11 10:05:23.000,MO2508-C-7500,1.2,1.2,1.6
2025-08-11,2025-08-11 10:05:23.500,MO2508-C-7500,1.2,1.2,1.6
2025-08-11,2025-08-11 10:05:24.000,MO2508-C-7500,1.2,1.2,1.6
2025-08-11,2025-08-11 10:05:24.500,MO2508-C-7500,1.2,1.2,1.6
2025-08-11,2025-08-11 10:05:25.000,MO2508-C-7500,1.2,1.2,1.6
2025-08-11,2025-08-11 10:05:25.500,MO2508-C-7500,1.2,1.2,1.6
2025-08-11,2025-08-11 10:05:26.000,MO2508-C-7500,1.2,1.2,1.6
2025-08-11,2025-08-11 10:05:26.500,MO2508-C-7500,1.2,1.2,1.6
2025-08-11,2025-08-11 10:05:27.000,MO2508-C-7500,1.2,1.2,1.6
2025-08-11,2025-08-11 10:05:27.500,MO2508-C-7500,1.2,1.2,1.6
2025-08-11,2025-08-11 10:05:28.000,MO2508-C-7500,1.2,1.2,1.6
2025-08-11,2025-08-11 10:05:28.500,MO2508-C-7500,1.2,1.2,1.6
2025-08-11,2025-08-11 10:05:29.000,MO2508-C-7500,1.2,1.2,1.6
2025-08-11,2025-08-11 10:05:31.000,MO2508-C-7500,1.2,1.2,1.6
2025-08-11,2025-08-11 10:05:32.500,MO2508-C-7500,1.2,1.2,1.6
2025-08-11,2025-08-11 10:05:33.000,MO2508-C-7500,1.2,1.2,1.6
2025-08-11,2025-08-11 10:05:33.500,MO2508-C-7500,1.2,1.2,1.6
2025-08-11,2025-08-11 10:05:34.000,MO2508-C-7500,1.2,1.2,1.6
2025-08-11,2025-08-11 10:05:35.000,MO2508-C-7500,1.2,1.2,1.6
2025-08-11,2025-08-11 10:05:39.000,MO2508-C-7500,1.2,1.2,1.6
2025-08-11,2025-08-11 10:05:39.500,MO2508-C-7500,1.2,1.2,1.6
2025-08-11,2025-08-11 10:05:43.000,MO2508-C-7500,1.2,1.2,1.6
2025-08-11,2025-08-11 10:05:43.500,MO2508-C-7500,1.2,1.2,1.6
2025-08-11,2025-08-11 10:05:46.000,MO2508-C-7500,1.2,1.2,1.6
2025-08-11,2025-08-11 10:05:47.000,MO2508-C-7500,1.2,1.2,1.6
2025-08-11,2025-08-11 10:05:53.000,MO2508-C-7500,1.2,1.2,1.6
2025-08-11,2025-08-11 10:05:53.500,MO2508-C-7500,1.2,1.2,1.6
2025-08-11,2025-08-11 10:05:54.000,MO2508-C-7500,1.2,1.2,1.6
2025-08-11,2025-08-11 10:05:55.500,MO2508-C-7500,1.2,1.2,1.6
2025-08-11,2025-08-11 10:05:56.000,MO2508-C-7500,1.2,1.2,1.6
2025-08-11,2025-08-11 10:05:58.000,MO2508-C-7500,1.2,1.2,1.6
2025-08-11,2025-08-11 10:05:58.500,MO2508-C-7500,1.2,1.2,1.4
2025-08-11,2025-08-11 10:05:59.000,MO2508-C-7500,1.2,1.2,1.4
2025-08-11,2025-08-11 10:06:00.500,MO2508-C-7500,1.2,1.2,1.4
2025-08-11,2025-08-11 10:06:01.000,MO2508-C-7500,1.2,1.2,1.4
2025-08-11,2025-08-11 10:06:02.000,MO2508-C-7500,1.2,1.2,1.4
2025-08-11,2025-08-11 10:06:03.000,MO2508-C-7500,1.2,1.2,1.4
2025-08-11,2025-08-11 10:06:03.500,MO2508-C-7500,1.2,1.2,1.4
2025-08-11,2025-08-11 10:06:05.000,MO2508-C-7500,1.2,1.2,1.4
2025-08-11,2025-08-11 10:06:05.500,MO2508-C-7500,1.2,1.2,1.4
2025-08-11,2025-08-11 10:06:08.000,MO2508-C-7500,1.2,1.2,1.4
2025-08-11,2025-08-11 10:06:08.500,MO2508-C-7500,1.2,1.2,1.4
2025-08-11,2025-08-11 10:06:10.000,MO2508-C-7500,1.2,1.2,1.4
2025-08-11,2025-08-11 10:06:13.000,MO2508-C-7500,1.2,1.2,1.4
2025-08-11,2025-08-11 10:06:13.500,MO2508-C-7500,1.2,1.2,1.4
2025-08-11,2025-08-11 10:06:16.000,MO2508-C-7500,1.2,1.2,1.4
2025-08-11,2025-08-11 10:06:23.000,MO2508-C-7500,1.2,1.2,1.4
2025-08-11,2025-08-11 10:06:23.500,MO2508-C-7500,1.2,1.2,1.4
2025-08-11,2025-08-11 10:06:27.000,MO2508-C-7500,1.2,1.2,1.4
2025-08-11,2025-08-11 10:06:33.000,MO2508-C-7500,1.2,1.2,1.4
2025-08-11,2025-08-11 10:06:33.500,MO2508-C-7500,1.2,1.2,1.4
2025-08-11,2025-08-11 10:06:42.500,MO2508-C-7500,1.2,1.2,1.4
2025-08-11,2025-08-11 10:06:43.000,MO2508-C-7500,1.2,1.2,1.4
2025-08-11,2025-08-11 10:06:43.500,MO2508-C-7500,1.2,1.2,1.4
2025-08-11,2025-08-11 10:06:46.000,MO2508-C-7500,1.2,1.2,1.4
2025-08-11,2025-08-11 10:06:46.500,MO2508-C-7500,1.2,1.2,1.4
2025-08-11,2025-08-11 10:06:47.000,MO2508-C-7500,1.2,1.2,1.4
2025-08-11,2025-08-11 10:06:47.500,MO2508-C-7500,1.2,1.2,1.4
2025-08-11,2025-08-11 10:06:48.500,MO2508-C-7500,1.2,1.2,1.4
2025-08-11,2025-08-11 10:06:49.000,MO2508-C-7500,1.2,1.2,1.4
2025-08-11,2025-08-11 10:06:49.500,MO2508-C-7500,1.2,1.2,1.4
2025-08-11,2025-08-11 10:06:53.000,MO2508-C-7500,1.2,1.2,1.4
2025-08-11,2025-08-11 10:06:53.500,MO2508-C-7500,1.2,1.2,1.4
2025-08-11,2025-08-11 10:07:03.000,MO2508-C-7500,1.2,1.2,1.4
2025-08-11,2025-08-11 10:07:03.500,MO2508-C-7500,1.2,1.2,1.4
2025-08-11,2025-08-11 10:07:07.500,MO2508-C-7500,1.2,1.2,1.4
2025-08-11,2025-08-11 10:07:13.000,MO2508-C-7500,1.2,1.2,1.4
2025-08-11,2025-08-11 10:07:13.500,MO2508-C-7500,1.2,1.2,1.4
2025-08-11,2025-08-11 10:07:14.000,MO2508-C-7500,1.2,1.2,1.4
2025-08-11,2025-08-11 10:07:15.500,MO2508-C-7500,1.2,1.2,1.4
2025-08-11,2025-08-11 10:07:16.000,MO2508-C-7500,1.2,1.2,1.4
2025-08-11,2025-08-11 10:07:16.500,MO2508-C-7500,1.2,1.2,1.4
2025-08-11,2025-08-11 10:07:23.000,MO2508-C-7500,1.2,1.2,1.4
2025-08-11,2025-08-11 10:07:23.500,MO2508-C-7500,1.2,1.2,1.4
2025-08-11,2025-08-11 10:07:25.000,MO2508-C-7500,1.4,1.2,1.4
2025-08-11,2025-08-11 10:07:26.000,MO2508-C-7500,1.4,1.2,1.6
2025-08-11,2025-08-11 10:07:26.500,MO2508-C-7500,1.4,1.2,1.6
2025-08-11,2025-08-11 10:07:31.500,MO2508-C-7500,1.4,1.2,1.6
2025-08-11,2025-08-11 10:07:32.000,MO2508-C-7500,1.4,1.2,1.6
2025-08-11,2025-08-11 10:07:32.500,MO2508-C-7500,1.4,1.2,1.6
2025-08-11,2025-08-11 10:07:33.000,MO2508-C-7500,1.4,1.2,1.6
2025-08-11,2025-08-11 10:07:33.500,MO2508-C-7500,1.4,1.2,1.6
2025-08-11,2025-08-11 10:07:34.000,MO2508-C-7500,1.4,1.2,1.6
2025-08-11,2025-08-11 10:07:40.500,MO2508-C-7500,1.4,1.2,1.6
2025-08-11,2025-08-11 10:07:43.000,MO2508-C-7500,1.4,1.2,1.6
2025-08-11,2025-08-11 10:07:43.500,MO2508-C-7500,1.4,1.2,1.6
2025-08-11,2025-08-11 10:07:53.000,MO2508-C-7500,1.4,1.2,1.6
2025-08-11,2025-08-11 10:07:53.500,MO2508-C-7500,1.4,1.2,1.6
2025-08-11,2025-08-11 10:07:55.500,MO2508-C-7500,1.4,1.2,1.6
2025-08-11,2025-08-11 10:08:01.500,MO2508-C-7500,1.4,1.2,1.6
2025-08-11,2025-08-11 10:08:02.000,MO2508-C-7500,1.4,1.2,1.6
2025-08-11,2025-08-11 10:08:02.500,MO2508-C-7500,1.4,1.2,1.6
2025-08-11,2025-08-11 10:08:03.000,MO2508-C-7500,1.4,1.2,1.6
2025-08-11,2025-08-11 10:08:03.500,MO2508-C-7500,1.4,1.2,1.6
2025-08-11,2025-08-11 10:08:04.000,MO2508-C-7500,1.4,1.2,1.6
2025-08-11,2025-08-11 10:08:04.500,MO2508-C-7500,1.4,1.2,1.6
2025-08-11,2025-08-11 10:08:07.500,MO2508-C-7500,1.4,1.2,1.6
2025-08-11,2025-08-11 10:08:11.500,MO2508-C-7500,1.4,1.2,1.6
2025-08-11,2025-08-11 10:08:12.000,MO2508-C-7500,1.4,1.2,1.6
2025-08-11,2025-08-11 10:08:13.000,MO2508-C-7500,1.4,1.2,1.6
2025-08-11,2025-08-11 10:08:13.500,MO2508-C-7500,1.4,1.2,1.6
2025-08-11,2025-08-11 10:08:18.000,MO2508-C-7500,1.4,1.2,1.6
2025-08-11,2025-08-11 10:08:20.000,MO2508-C-7500,1.4,1.2,1.6
2025-08-11,2025-08-11 10:08:20.500,MO2508-C-7500,1.4,1.2,1.6
2025-08-11,2025-08-11 10:08:21.500,MO2508-C-7500,1.4,1.2,1.6
2025-08-11,2025-08-11 10:08:22.000,MO2508-C-7500,1.4,1.2,1.6
2025-08-11,2025-08-11 10:08:23.000,MO2508-C-7500,1.4,1.2,1.6
2025-08-11,2025-08-11 10:08:23.500,MO2508-C-7500,1.4,1.2,1.6
2025-08-11,2025-08-11 10:08:33.000,MO2508-C-7500,1.4,1.2,1.6
2025-08-11,2025-08-11 10:08:33.500,MO2508-C-7500,1.4,1.2,1.6
2025-08-11,2025-08-11 10:08:39.500,MO2508-C-7500,1.4,1.2,1.6
2025-08-11,2025-08-11 10:08:40.500,MO2508-C-7500,1.4,1.2,1.6
2025-08-11,2025-08-11 10:08:41.500,MO2508-C-7500,1.4,1.2,1.6
2025-08-11,2025-08-11 10:08:42.000,MO2508-C-7500,1.4,1.2,1.6
2025-08-11,2025-08-11 10:08:43.000,MO2508-C-7500,1.4,1.2,1.6
2025-08-11,2025-08-11 10:08:43.500,MO2508-C-7500,1.4,1.2,1.6
2025-08-11,2025-08-11 10:08:46.500,MO2508-C-7500,1.4,1.2,1.6
2025-08-11,2025-08-11 10:08:47.000,MO2508-C-7500,1.4,1.2,1.6
2025-08-11,2025-08-11 10:08:47.500,MO2508-C-7500,1.4,1.2,1.6
2025-08-11,2025-08-11 10:08:48.000,MO2508-C-7500,1.4,1.2,1.6
2025-08-11,2025-08-11 10:08:48.500,MO2508-C-7500,1.4,1.2,1.6
2025-08-11,2025-08-11 10:08:49.000,MO2508-C-7500,1.4,1.2,1.6
2025-08-11,2025-08-11 10:08:49.500,MO2508-C-7500,1.4,1.2,1.6
2025-08-11,2025-08-11 10:08:51.000,MO2508-C-7500,1.4,1.2,1.6
2025-08-11,2025-08-11 10:08:51.500,MO2508-C-7500,1.4,1.2,1.6
2025-08-11,2025-08-11 10:08:52.000,MO2508-C-7500,1.4,1.2,1.6
2025-08-11,2025-08-11 10:08:53.000,MO2508-C-7500,1.4,1.2,1.6
2025-08-11,2025-08-11 10:08:53.500,MO2508-C-7500,1.4,1.2,1.6
2025-08-11,2025-08-11 10:08:57.500,MO2508-C-7500,1.4,1.2,1.6
2025-08-11,2025-08-11 10:08:58.000,MO2508-C-7500,1.4,1.2,1.6
2025-08-11,2025-08-11 10:09:01.500,MO2508-C-7500,1.4,1.2,1.6
2025-08-11,2025-08-11 10:09:02.500,MO2508-C-7500,1.4,1.2,1.6
2025-08-11,2025-08-11 10:09:03.000,MO2508-C-7500,1.4,1.2,1.6
2025-08-11,2025-08-11 10:09:03.500,MO2508-C-7500,1.4,1.2,1.6
2025-08-11,2025-08-11 10:09:04.500,MO2508-C-7500,1.4,1.2,1.6
2025-08-11,2025-08-11 10:09:05.000,MO2508-C-7500,1.4,1.2,1.6
2025-08-11,2025-08-11 10:09:05.500,MO2508-C-7500,1.4,1.2,1.6
2025-08-11,2025-08-11 10:09:13.000,MO2508-C-7500,1.4,1.2,1.6
2025-08-11,2025-08-11 10:09:13.500,MO2508-C-7500,1.4,1.2,1.6
2025-08-11,2025-08-11 10:09:15.000,MO2508-C-7500,1.4,1.2,1.6
2025-08-11,2025-08-11 10:09:15.500,MO2508-C-7500,1.4,1.2,1.6
2025-08-11,2025-08-11 10:09:16.000,MO2508-C-7500,1.4,1.2,1.6
2025-08-11,2025-08-11 10:09:18.000,MO2508-C-7500,1.4,1.2,1.6
2025-08-11,2025-08-11 10:09:18.500,MO2508-C-7500,1.4,1.2,1.6
2025-08-11,2025-08-11 10:09:20.500,MO2508-C-7500,1.4,1.2,1.6
2025-08-11,2025-08-11 10:09:21.000,MO2508-C-7500,1.4,1.2,1.6
2025-08-11,2025-08-11 10:09:23.000,MO2508-C-7500,1.4,1.2,1.6
2025-08-11,2025-08-11 10:09:23.500,MO2508-C-7500,1.4,1.2,1.6
2025-08-11,2025-08-11 10:09:26.500,MO2508-C-7500,1.4,1.2,1.6
2025-08-11,2025-08-11 10:09:33.000,MO2508-C-7500,1.4,1.2,1.6
2025-08-11,2025-08-11 10:09:33.500,MO2508-C-7500,1.4,1.2,1.6
2025-08-11,2025-08-11 10:09:43.000,MO2508-C-7500,1.4,1.2,1.6
2025-08-11,2025-08-11 10:09:43.500,MO2508-C-7500,1.4,1.2,1.6
2025-08-11,2025-08-11 10:09:44.000,MO2508-C-7500,1.4,1.2,1.6
2025-08-11,2025-08-11 10:09:47.500,MO2508-C-7500,1.4,1.2,1.6
2025-08-11,2025-08-11 10:09:49.500,MO2508-C-7500,1.4,1.2,1.6
2025-08-11,2025-08-11 10:09:50.000,MO2508-C-7500,1.4,1.2,1.6
2025-08-11,2025-08-11 10:09:53.000,MO2508-C-7500,1.4,1.2,1.6
2025-08-11,2025-08-11 10:09:53.500,MO2508-C-7500,1.4,1.2,1.6
2025-08-11,2025-08-11 10:09:56.500,MO2508-C-7500,1.4,1.2,1.6
2025-08-11,2025-08-11 10:09:57.500,MO2508-C-7500,1.4,1.2,1.6
2025-08-11,2025-08-11 10:09:58.000,MO2508-C-7500,1.4,1.2,1.6
2025-08-11,2025-08-11 10:10:02.000,MO2508-C-7500,1.4,1.2,1.6
2025-08-11,2025-08-11 10:10:02.500,MO2508-C-7500,1.4,1.2,1.6
2025-08-11,2025-08-11 10:10:03.000,MO2508-C-7500,1.4,1.2,1.6
2025-08-11,2025-08-11 10:10:03.500,MO2508-C-7500,1.4,1.2,1.6
2025-08-11,2025-08-11 10:10:05.500,MO2508-C-7500,1.4,1.2,1.6
2025-08-11,2025-08-11 10:10:06.000,MO2508-C-7500,1.4,1.2,1.6
2025-08-11,2025-08-11 10:10:13.000,MO2508-C-7500,1.4,1.2,1.6
2025-08-11,2025-08-11 10:10:13.500,MO2508-C-7500,1.4,1.2,1.6
2025-08-11,2025-08-11 10:10:14.500,MO2508-C-7500,1.4,1.4,1.6
2025-08-11,2025-08-11 10:10:15.000,MO2508-C-7500,1.4,1.4,1.6
2025-08-11,2025-08-11 10:10:15.500,MO2508-C-7500,1.4,1.4,1.6
2025-08-11,2025-08-11 10:10:16.000,MO2508-C-7500,1.4,1.4,1.6
2025-08-11,2025-08-11 10:10:16.500,MO2508-C-7500,1.4,1.4,1.6
2025-08-11,2025-08-11 10:10:17.000,MO2508-C-7500,1.4,1.4,1.6
2025-08-11,2025-08-11 10:10:22.000,MO2508-C-7500,1.4,1.4,1.6
2025-08-11,2025-08-11 10:10:22.500,MO2508-C-7500,1.4,1.4,1.6
2025-08-11,2025-08-11 10:10:23.000,MO2508-C-7500,1.4,1.4,1.6
2025-08-11,2025-08-11 10:10:23.500,MO2508-C-7500,1.4,1.4,1.6
2025-08-11,2025-08-11 10:10:26.000,MO2508-C-7500,1.4,1.4,1.6
2025-08-11,2025-08-11 10:10:26.500,MO2508-C-7500,1.4,1.4,1.6
2025-08-11,2025-08-11 10:10:33.000,MO2508-C-7500,1.4,1.4,1.6
2025-08-11,2025-08-11 10:10:33.500,MO2508-C-7500,1.4,1.4,1.6
2025-08-11,2025-08-11 10:10:37.000,MO2508-C-7500,1.4,1.4,1.6
2025-08-11,2025-08-11 10:10:42.000,MO2508-C-7500,1.4,1.4,1.6
2025-08-11,2025-08-11 10:10:42.500,MO2508-C-7500,1.4,1.4,1.6
2025-08-11,2025-08-11 10:10:43.000,MO2508-C-7500,1.4,1.4,1.6
2025-08-11,2025-08-11 10:10:43.500,MO2508-C-7500,1.4,1.4,1.6
2025-08-11,2025-08-11 10:10:51.500,MO2508-C-7500,1.4,1.4,1.6
2025-08-11,2025-08-11 10:10:52.000,MO2508-C-7500,1.4,1.4,1.6
2025-08-11,2025-08-11 10:10:53.000,MO2508-C-7500,1.4,1.4,1.6
2025-08-11,2025-08-11 10:10:53.500,MO2508-C-7500,1.4,1.4,1.6
2025-08-11,2025-08-11 10:10:57.500,MO2508-C-7500,1.4,1.4,1.6
2025-08-11,2025-08-11 10:10:59.500,MO2508-C-7500,1.4,1.4,1.6
2025-08-11,2025-08-11 10:11:00.500,MO2508-C-7500,1.4,1.4,1.6
2025-08-11,2025-08-11 10:11:01.000,MO2508-C-7500,1.4,1.4,1.6
2025-08-11,2025-08-11 10:11:01.500,MO2508-C-7500,1.4,1.4,1.6
2025-08-11,2025-08-11 10:11:03.000,MO2508-C-7500,1.4,1.4,1.6
2025-08-11,2025-08-11 10:11:03.500,MO2508-C-7500,1.4,1.4,1.6
2025-08-11,2025-08-11 10:11:10.500,MO2508-C-7500,1.4,1.4,1.6
2025-08-11,2025-08-11 10:11:11.500,MO2508-C-7500,1.4,1.4,1.6
2025-08-11,2025-08-11 10:11:13.000,MO2508-C-7500,1.4,1.4,1.6
2025-08-11,2025-08-11 10:11:13.500,MO2508-C-7500,1.4,1.4,1.6
2025-08-11,2025-08-11 10:11:23.000,MO2508-C-7500,1.4,1.4,1.6
2025-08-11,2025-08-11 10:11:23.500,MO2508-C-7500,1.4,1.4,1.6
2025-08-11,2025-08-11 10:11:29.000,MO2508-C-7500,1.4,1.4,1.6
2025-08-11,2025-08-11 10:11:33.000,MO2508-C-7500,1.4,1.4,1.6
2025-08-11,2025-08-11 10:11:33.500,MO2508-C-7500,1.4,1.4,1.6
2025-08-11,2025-08-11 10:11:37.000,MO2508-C-7500,1.4,1.4,1.6
2025-08-11,2025-08-11 10:11:43.000,MO2508-C-7500,1.4,1.4,1.6
2025-08-11,2025-08-11 10:11:43.500,MO2508-C-7500,1.4,1.4,1.6
2025-08-11,2025-08-11 10:11:46.500,MO2508-C-7500,1.4,1.4,1.6
2025-08-11,2025-08-11 10:11:48.000,MO2508-C-7500,1.4,1.4,1.6
2025-08-11,2025-08-11 10:11:49.000,MO2508-C-7500,1.4,1.4,1.6
2025-08-11,2025-08-11 10:11:49.500,MO2508-C-7500,1.4,1.4,1.6
2025-08-11,2025-08-11 10:11:50.000,MO2508-C-7500,1.4,1.4,1.6
2025-08-11,2025-08-11 10:11:51.000,MO2508-C-7500,1.4,1.4,1.6
2025-08-11,2025-08-11 10:11:51.500,MO2508-C-7500,1.4,1.4,1.6
2025-08-11,2025-08-11 10:11:52.000,MO2508-C-7500,1.4,1.4,1.6
2025-08-11,2025-08-11 10:11:52.500,MO2508-C-7500,1.4,1.4,1.6
2025-08-11,2025-08-11 10:11:53.000,MO2508-C-7500,1.4,1.4,1.6
2025-08-11,2025-08-11 10:11:53.500,MO2508-C-7500,1.4,1.4,1.6
2025-08-11,2025-08-11 10:11:54.000,MO2508-C-7500,1.4,1.4,1.6
2025-08-11,2025-08-11 10:11:54.500,MO2508-C-7500,1.4,1.4,1.6
2025-08-11,2025-08-11 10:11:55.500,MO2508-C-7500,1.4,1.4,1.6
2025-08-11,2025-08-11 10:11:56.000,MO2508-C-7500,1.4,1.4,1.6
2025-08-11,2025-08-11 10:11:56.500,MO2508-C-7500,1.4,1.4,1.6
2025-08-11,2025-08-11 10:11:59.000,MO2508-C-7500,1.4,1.4,1.6
2025-08-11,2025-08-11 10:11:59.500,MO2508-C-7500,1.4,1.4,1.6
2025-08-11,2025-08-11 10:12:03.000,MO2508-C-7500,1.4,1.4,1.6
2025-08-11,2025-08-11 10:12:03.500,MO2508-C-7500,1.4,1.4,1.6
2025-08-11,2025-08-11 10:12:04.000,MO2508-C-7500,1.4,1.4,1.6
2025-08-11,2025-08-11 10:12:07.000,MO2508-C-7500,1.4,1.4,1.6
2025-08-11,2025-08-11 10:12:07.500,MO2508-C-7500,1.4,1.4,1.6
2025-08-11,2025-08-11 10:12:08.000,MO2508-C-7500,1.4,1.4,1.6
2025-08-11,2025-08-11 10:12:12.000,MO2508-C-7500,1.4,1.4,1.6
2025-08-11,2025-08-11 10:12:13.000,MO2508-C-7500,1.4,1.4,1.6
2025-08-11,2025-08-11 10:12:13.500,MO2508-C-7500,1.4,1.4,1.6
2025-08-11,2025-08-11 10:12:22.000,MO2508-C-7500,1.4,1.4,1.6
2025-08-11,2025-08-11 10:12:23.000,MO2508-C-7500,1.4,1.4,1.6
2025-08-11,2025-08-11 10:12:23.500,MO2508-C-7500,1.4,1.4,1.6
2025-08-11,2025-08-11 10:12:25.000,MO2508-C-7500,1.4,1.4,1.6
2025-08-11,2025-08-11 10:12:31.500,MO2508-C-7500,1.4,1.4,1.6
2025-08-11,2025-08-11 10:12:33.000,MO2508-C-7500,1.4,1.4,1.6
2025-08-11,2025-08-11 10:12:33.500,MO2508-C-7500,1.4,1.4,1.6
2025-08-11,2025-08-11 10:12:35.500,MO2508-C-7500,1.4,1.4,1.6
2025-08-11,2025-08-11 10:12:36.000,MO2508-C-7500,1.4,1.4,1.6
2025-08-11,2025-08-11 10:12:37.000,MO2508-C-7500,1.4,1.4,1.6
2025-08-11,2025-08-11 10:12:43.000,MO2508-C-7500,1.4,1.4,1.6
2025-08-11,2025-08-11 10:12:43.500,MO2508-C-7500,1.4,1.4,1.6
2025-08-11,2025-08-11 10:12:44.500,MO2508-C-7500,1.4,1.4,1.6
2025-08-11,2025-08-11 10:12:45.000,MO2508-C-7500,1.4,1.4,1.6
2025-08-11,2025-08-11 10:12:53.000,MO2508-C-7500,1.4,1.4,1.6
2025-08-11,2025-08-11 10:12:53.500,MO2508-C-7500,1.4,1.4,1.6
2025-08-11,2025-08-11 10:12:56.000,MO2508-C-7500,1.4,1.4,1.6
2025-08-11,2025-08-11 10:12:56.500,MO2508-C-7500,1.4,1.4,1.6
2025-08-11,2025-08-11 10:12:58.000,MO2508-C-7500,1.4,1.4,1.6
2025-08-11,2025-08-11 10:13:02.500,MO2508-C-7500,1.4,1.4,1.6
2025-08-11,2025-08-11 10:13:03.000,MO2508-C-7500,1.4,1.4,1.6
2025-08-11,2025-08-11 10:13:03.500,MO2508-C-7500,1.4,1.4,1.6
2025-08-11,2025-08-11 10:13:07.000,MO2508-C-7500,1.4,1.4,1.6
2025-08-11,2025-08-11 10:13:07.500,MO2508-C-7500,1.4,1.4,1.6
2025-08-11,2025-08-11 10:13:08.000,MO2508-C-7500,1.4,1.4,1.6
2025-08-11,2025-08-11 10:13:10.000,MO2508-C-7500,1.4,1.4,1.6
2025-08-11,2025-08-11 10:13:10.500,MO2508-C-7500,1.4,1.4,1.6
2025-08-11,2025-08-11 10:13:11.000,MO2508-C-7500,1.4,1.4,1.6
2025-08-11,2025-08-11 10:13:13.000,MO2508-C-7500,1.4,1.4,1.6
2025-08-11,2025-08-11 10:13:13.500,MO2508-C-7500,1.4,1.4,1.6
2025-08-11,2025-08-11 10:13:14.000,MO2508-C-7500,1.4,1.4,1.6
2025-08-11,2025-08-11 10:13:14.500,MO2508-C-7500,1.4,1.4,1.6
2025-08-11,2025-08-11 10:13:15.500,MO2508-C-7500,1.4,1.4,1.6
2025-08-11,2025-08-11 10:13:16.000,MO2508-C-7500,1.4,1.4,1.6
2025-08-11,2025-08-11 10:13:16.500,MO2508-C-7500,1.4,1.4,1.6
2025-08-11,2025-08-11 10:13:19.000,MO2508-C-7500,1.4,1.4,1.6
2025-08-11,2025-08-11 10:13:23.000,MO2508-C-7500,1.4,1.4,1.6
2025-08-11,2025-08-11 10:13:23.500,MO2508-C-7500,1.4,1.4,1.6
2025-08-11,2025-08-11 10:13:33.000,MO2508-C-7500,1.4,1.4,1.6
2025-08-11,2025-08-11 10:13:33.500,MO2508-C-7500,1.4,1.4,1.6
2025-08-11,2025-08-11 10:13:37.000,MO2508-C-7500,1.4,1.4,1.6
2025-08-11,2025-08-11 10:13:38.000,MO2508-C-7500,1.4,1.4,1.6
2025-08-11,2025-08-11 10:13:38.500,MO2508-C-7500,1.4,1.4,1.6
2025-08-11,2025-08-11 10:13:39.000,MO2508-C-7500,1.4,1.4,1.6
2025-08-11,2025-08-11 10:13:40.000,MO2508-C-7500,1.4,1.4,1.6
2025-08-11,2025-08-11 10:13:43.000,MO2508-C-7500,1.4,1.4,1.6
2025-08-11,2025-08-11 10:13:43.500,MO2508-C-7500,1.4,1.4,1.6
2025-08-11,2025-08-11 10:13:45.000,MO2508-C-7500,1.4,1.4,1.6
2025-08-11,2025-08-11 10:13:49.000,MO2508-C-7500,1.4,1.4,1.6
2025-08-11,2025-08-11 10:13:53.000,MO2508-C-7500,1.4,1.4,1.6
2025-08-11,2025-08-11 10:13:53.500,MO2508-C-7500,1.4,1.4,1.6
2025-08-11,2025-08-11 10:14:01.000,MO2508-C-7500,1.4,1.2,1.6
2025-08-11,2025-08-11 10:14:01.500,MO2508-C-7500,1.4,1.2,1.6
2025-08-11,2025-08-11 10:14:02.000,MO2508-C-7500,1.4,1.2,1.6
2025-08-11,2025-08-11 10:14:03.000,MO2508-C-7500,1.4,1.2,1.6
2025-08-11,2025-08-11 10:14:03.500,MO2508-C-7500,1.4,1.2,1.6
2025-08-11,2025-08-11 10:14:06.500,MO2508-C-7500,1.4,1.2,1.6
2025-08-11,2025-08-11 10:14:08.000,MO2508-C-7500,1.4,1.2,1.6
2025-08-11,2025-08-11 10:14:12.000,MO2508-C-7500,1.4,1.2,1.6
2025-08-11,2025-08-11 10:14:12.500,MO2508-C-7500,1.4,1.2,1.6
2025-08-11,2025-08-11 10:14:13.000,MO2508-C-7500,1.4,1.2,1.6
2025-08-11,2025-08-11 10:14:13.500,MO2508-C-7500,1.4,1.2,1.6
2025-08-11,2025-08-11 10:14:23.000,MO2508-C-7500,1.4,1.2,1.6
2025-08-11,2025-08-11 10:14:23.500,MO2508-C-7500,1.4,1.2,1.4
2025-08-11,2025-08-11 10:14:24.000,MO2508-C-7500,1.4,1.2,1.6
2025-08-11,2025-08-11 10:14:24.500,MO2508-C-7500,1.4,1.2,1.6
2025-08-11,2025-08-11 10:14:25.000,MO2508-C-7500,1.4,1.2,1.6
2025-08-11,2025-08-11 10:14:30.500,MO2508-C-7500,1.4,1.2,1.6
2025-08-11,2025-08-11 10:14:32.500,MO2508-C-7500,1.4,1.2,1.6
2025-08-11,2025-08-11 10:14:33.000,MO2508-C-7500,1.4,1.2,1.6
2025-08-11,2025-08-11 10:14:33.500,MO2508-C-7500,1.4,1.2,1.6
2025-08-11,2025-08-11 10:14:40.000,MO2508-C-7500,1.4,1.2,1.6
2025-08-11,2025-08-11 10:14:43.000,MO2508-C-7500,1.4,1.2,1.6
2025-08-11,2025-08-11 10:14:43.500,MO2508-C-7500,1.4,1.2,1.6
2025-08-11,2025-08-11 10:14:45.000,MO2508-C-7500,1.4,1.2,1.6
2025-08-11,2025-08-11 10:14:49.000,MO2508-C-7500,1.4,1.2,1.6
2025-08-11,2025-08-11 10:14:53.000,MO2508-C-7500,1.4,1.2,1.6
2025-08-11,2025-08-11 10:14:53.500,MO2508-C-7500,1.4,1.2,1.6
2025-08-11,2025-08-11 10:14:58.000,MO2508-C-7500,1.4,1.2,1.6
2025-08-11,2025-08-11 10:14:58.500,MO2508-C-7500,1.4,1.2,1.6
2025-08-11,2025-08-11 10:15:03.000,MO2508-C-7500,1.4,1.2,1.6
2025-08-11,2025-08-11 10:15:03.500,MO2508-C-7500,1.4,1.2,1.6
2025-08-11,2025-08-11 10:15:06.500,MO2508-C-7500,1.4,1.2,1.6
2025-08-11,2025-08-11 10:15:07.000,MO2508-C-7500,1.4,1.2,1.6
2025-08-11,2025-08-11 10:15:07.500,MO2508-C-7500,1.4,1.2,1.6
2025-08-11,2025-08-11 10:15:08.000,MO2508-C-7500,1.4,1.2,1.6
2025-08-11,2025-08-11 10:15:13.000,MO2508-C-7500,1.4,1.2,1.6
2025-08-11,2025-08-11 10:15:13.500,MO2508-C-7500,1.4,1.2,1.6
2025-08-11,2025-08-11 10:15:17.500,MO2508-C-7500,1.4,1.2,1.6
2025-08-11,2025-08-11 10:15:18.000,MO2508-C-7500,1.4,1.2,1.6
2025-08-11,2025-08-11 10:15:18.500,MO2508-C-7500,1.4,1.2,1.6
2025-08-11,2025-08-11 10:15:19.500,MO2508-C-7500,1.4,1.2,1.6
2025-08-11,2025-08-11 10:15:20.000,MO2508-C-7500,1.4,1.2,1.6
2025-08-11,2025-08-11 10:15:21.500,MO2508-C-7500,1.4,1.2,1.6
2025-08-11,2025-08-11 10:15:23.000,MO2508-C-7500,1.4,1.2,1.6
2025-08-11,2025-08-11 10:15:23.500,MO2508-C-7500,1.4,1.2,1.6
2025-08-11,2025-08-11 10:15:26.500,MO2508-C-7500,1.4,1.2,1.6
2025-08-11,2025-08-11 10:15:27.500,MO2508-C-7500,1.4,1.2,1.6
2025-08-11,2025-08-11 10:15:29.000,MO2508-C-7500,1.4,1.2,1.6
2025-08-11,2025-08-11 10:15:33.000,MO2508-C-7500,1.4,1.2,1.6
2025-08-11,2025-08-11 10:15:33.500,MO2508-C-7500,1.4,1.2,1.6
2025-08-11,2025-08-11 10:15:35.000,MO2508-C-7500,1.4,1.2,1.6
2025-08-11,2025-08-11 10:15:35.500,MO2508-C-7500,1.4,1.2,1.6
2025-08-11,2025-08-11 10:15:38.000,MO2508-C-7500,1.4,1.2,1.6
2025-08-11,2025-08-11 10:15:40.500,MO2508-C-7500,1.4,1.2,1.6
2025-08-11,2025-08-11 10:15:43.000,MO2508-C-7500,1.4,1.2,1.6
2025-08-11,2025-08-11 10:15:43.500,MO2508-C-7500,1.4,1.2,1.6
2025-08-11,2025-08-11 10:15:45.000,MO2508-C-7500,1.4,1.2,1.6
2025-08-11,2025-08-11 10:15:45.500,MO2508-C-7500,1.4,1.2,1.6
2025-08-11,2025-08-11 10:15:46.500,MO2508-C-7500,1.4,1.2,1.6
2025-08-11,2025-08-11 10:15:47.000,MO2508-C-7500,1.4,1.2,1.6
2025-08-11,2025-08-11 10:15:51.000,MO2508-C-7500,1.4,1.2,1.6
2025-08-11,2025-08-11 10:15:53.000,MO2508-C-7500,1.4,1.2,1.6
2025-08-11,2025-08-11 10:15:53.500,MO2508-C-7500,1.4,1.2,1.6
2025-08-11,2025-08-11 10:15:57.500,MO2508-C-7500,1.4,1.2,1.6
2025-08-11,2025-08-11 10:15:58.500,MO2508-C-7500,1.4,1.2,1.6
2025-08-11,2025-08-11 10:15:59.500,MO2508-C-7500,1.4,1.2,1.6
2025-08-11,2025-08-11 10:16:00.000,MO2508-C-7500,1.4,1.2,1.6
2025-08-11,2025-08-11 10:16:03.000,MO2508-C-7500,1.4,1.2,1.6
2025-08-11,2025-08-11 10:16:03.500,MO2508-C-7500,1.4,1.2,1.6
2025-08-11,2025-08-11 10:16:13.000,MO2508-C-7500,1.4,1.2,1.6
2025-08-11,2025-08-11 10:16:13.500,MO2508-C-7500,1.4,1.2,1.6
2025-08-11,2025-08-11 10:16:14.000,MO2508-C-7500,1.4,1.2,1.6
2025-08-11,2025-08-11 10:16:14.500,MO2508-C-7500,1.4,1.2,1.6
2025-08-11,2025-08-11 10:16:16.000,MO2508-C-7500,1.4,1.2,1.6
2025-08-11,2025-08-11 10:16:20.000,MO2508-C-7500,1.4,1.2,1.6
2025-08-11,2025-08-11 10:16:21.500,MO2508-C-7500,1.4,1.2,1.6
2025-08-11,2025-08-11 10:16:22.000,MO2508-C-7500,1.4,1.2,1.6
2025-08-11,2025-08-11 10:16:22.500,MO2508-C-7500,1.4,1.2,1.6
2025-08-11,2025-08-11 10:16:23.000,MO2508-C-7500,1.4,1.2,1.6
2025-08-11,2025-08-11 10:16:23.500,MO2508-C-7500,1.4,1.2,1.6
2025-08-11,2025-08-11 10:16:24.000,MO2508-C-7500,1.4,1.2,1.6
2025-08-11,2025-08-11 10:16:24.500,MO2508-C-7500,1.4,1.2,1.6
2025-08-11,2025-08-11 10:16:26.000,MO2508-C-7500,1.4,1.2,1.6
2025-08-11,2025-08-11 10:16:27.000,MO2508-C-7500,1.4,1.2,1.6
2025-08-11,2025-08-11 10:16:28.000,MO2508-C-7500,1.4,1.2,1.6
2025-08-11,2025-08-11 10:16:32.000,MO2508-C-7500,1.4,1.2,1.6
2025-08-11,2025-08-11 10:16:33.000,MO2508-C-7500,1.4,1.2,1.6
2025-08-11,2025-08-11 10:16:33.500,MO2508-C-7500,1.4,1.2,1.6
2025-08-11,2025-08-11 10:16:34.000,MO2508-C-7500,1.4,1.2,1.6
2025-08-11,2025-08-11 10:16:34.500,MO2508-C-7500,1.4,1.2,1.6
2025-08-11,2025-08-11 10:16:43.000,MO2508-C-7500,1.4,1.2,1.6
2025-08-11,2025-08-11 10:16:43.500,MO2508-C-7500,1.4,1.2,1.6
2025-08-11,2025-08-11 10:16:53.000,MO2508-C-7500,1.4,1.2,1.6
2025-08-11,2025-08-11 10:16:53.500,MO2508-C-7500,1.4,1.2,1.6
2025-08-11,2025-08-11 10:16:55.500,MO2508-C-7500,1.4,1.2,1.6
2025-08-11,2025-08-11 10:16:56.000,MO2508-C-7500,1.4,1.2,1.6
2025-08-11,2025-08-11 10:16:57.000,MO2508-C-7500,1.4,1.2,1.6
2025-08-11,2025-08-11 10:16:58.000,MO2508-C-7500,1.4,1.2,1.6
2025-08-11,2025-08-11 10:16:58.500,MO2508-C-7500,1.4,1.2,1.6
2025-08-11,2025-08-11 10:17:01.500,MO2508-C-7500,1.4,1.2,1.6
2025-08-11,2025-08-11 10:17:03.000,MO2508-C-7500,1.4,1.2,1.6
2025-08-11,2025-08-11 10:17:03.500,MO2508-C-7500,1.4,1.2,1.6
2025-08-11,2025-08-11 10:17:05.000,MO2508-C-7500,1.4,1.2,1.6
2025-08-11,2025-08-11 10:17:13.000,MO2508-C-7500,1.4,1.2,1.6
2025-08-11,2025-08-11 10:17:13.500,MO2508-C-7500,1.4,1.2,1.6
2025-08-11,2025-08-11 10:17:20.500,MO2508-C-7500,1.4,1.2,1.6
2025-08-11,2025-08-11 10:17:21.000,MO2508-C-7500,1.4,1.2,1.6
2025-08-11,2025-08-11 10:17:23.000,MO2508-C-7500,1.4,1.2,1.6
2025-08-11,2025-08-11 10:17:23.500,MO2508-C-7500,1.4,1.2,1.6
2025-08-11,2025-08-11 10:17:25.000,MO2508-C-7500,1.4,1.2,1.6
2025-08-11,2025-08-11 10:17:33.000,MO2508-C-7500,1.4,1.2,1.6
2025-08-11,2025-08-11 10:17:33.500,MO2508-C-7500,1.4,1.2,1.6
2025-08-11,2025-08-11 10:17:43.000,MO2508-C-7500,1.4,1.2,1.6
2025-08-11,2025-08-11 10:17:43.500,MO2508-C-7500,1.4,1.2,1.6
2025-08-11,2025-08-11 10:17:46.000,MO2508-C-7500,1.4,1.2,1.4
2025-08-11,2025-08-11 10:17:46.500,MO2508-C-7500,1.4,1.2,1.4
2025-08-11,2025-08-11 10:17:47.000,MO2508-C-7500,1.4,1.2,1.4
2025-08-11,2025-08-11 10:17:48.000,MO2508-C-7500,1.4,1.2,1.4
2025-08-11,2025-08-11 10:17:48.500,MO2508-C-7500,1.4,1.2,1.4
2025-08-11,2025-08-11 10:17:49.500,MO2508-C-7500,1.4,1.2,1.4
2025-08-11,2025-08-11 10:17:50.000,MO2508-C-7500,1.4,1.2,1.4
2025-08-11,2025-08-11 10:17:53.000,MO2508-C-7500,1.4,1.2,1.4
2025-08-11,2025-08-11 10:17:53.500,MO2508-C-7500,1.4,1.2,1.4
2025-08-11,2025-08-11 10:18:03.000,MO2508-C-7500,1.4,1.2,1.4
2025-08-11,2025-08-11 10:18:03.500,MO2508-C-7500,1.4,1.2,1.4
2025-08-11,2025-08-11 10:18:11.000,MO2508-C-7500,1.4,1.2,1.4
2025-08-11,2025-08-11 10:18:12.000,MO2508-C-7500,1.4,1.2,1.4
2025-08-11,2025-08-11 10:18:13.000,MO2508-C-7500,1.4,1.2,1.4
2025-08-11,2025-08-11 10:18:13.500,MO2508-C-7500,1.4,1.2,1.4
2025-08-11,2025-08-11 10:18:23.000,MO2508-C-7500,1.4,1.2,1.4
2025-08-11,2025-08-11 10:18:23.500,MO2508-C-7500,1.4,1.2,1.4
2025-08-11,2025-08-11 10:18:32.500,MO2508-C-7500,1.4,1.2,1.4
2025-08-11,2025-08-11 10:18:33.000,MO2508-C-7500,1.4,1.2,1.4
2025-08-11,2025-08-11 10:18:33.500,MO2508-C-7500,1.4,1.2,1.4
2025-08-11,2025-08-11 10:18:34.000,MO2508-C-7500,1.4,1.2,1.4
2025-08-11,2025-08-11 10:18:41.000,MO2508-C-7500,1.4,1.2,1.4
2025-08-11,2025-08-11 10:18:42.000,MO2508-C-7500,1.4,1.2,1.4
2025-08-11,2025-08-11 10:18:43.000,MO2508-C-7500,1.4,1.2,1.4
2025-08-11,2025-08-11 10:18:43.500,MO2508-C-7500,1.4,1.2,1.4
2025-08-11,2025-08-11 10:18:53.000,MO2508-C-7500,1.4,1.2,1.4
2025-08-11,2025-08-11 10:18:53.500,MO2508-C-7500,1.4,1.2,1.4
2025-08-11,2025-08-11 10:18:56.500,MO2508-C-7500,1.4,1.2,1.4
2025-08-11,2025-08-11 10:18:58.000,MO2508-C-7500,1.4,1.2,1.4
2025-08-11,2025-08-11 10:18:58.500,MO2508-C-7500,1.4,1.2,1.4
2025-08-11,2025-08-11 10:19:03.000,MO2508-C-7500,1.4,1.2,1.4
2025-08-11,2025-08-11 10:19:03.500,MO2508-C-7500,1.4,1.2,1.4
2025-08-11,2025-08-11 10:19:06.000,MO2508-C-7500,1.4,1.2,1.4
2025-08-11,2025-08-11 10:19:06.500,MO2508-C-7500,1.4,1.2,1.4
2025-08-11,2025-08-11 10:19:07.500,MO2508-C-7500,1.4,1.2,1.4
2025-08-11,2025-08-11 10:19:08.000,MO2508-C-7500,1.4,1.2,1.4
2025-08-11,2025-08-11 10:19:08.500,MO2508-C-7500,1.4,1.2,1.4
2025-08-11,2025-08-11 10:19:09.000,MO2508-C-7500,1.4,1.2,1.4
2025-08-11,2025-08-11 10:19:09.500,MO2508-C-7500,1.4,1.2,1.4
2025-08-11,2025-08-11 10:19:12.500,MO2508-C-7500,1.4,1.2,1.4
2025-08-11,2025-08-11 10:19:13.000,MO2508-C-7500,1.4,1.2,1.4
2025-08-11,2025-08-11 10:19:13.500,MO2508-C-7500,1.4,1.2,1.4
2025-08-11,2025-08-11 10:19:14.000,MO2508-C-7500,1.4,1.2,1.4
2025-08-11,2025-08-11 10:19:23.000,MO2508-C-7500,1.4,1.2,1.4
2025-08-11,2025-08-11 10:19:23.500,MO2508-C-7500,1.4,1.2,1.4
2025-08-11,2025-08-11 10:19:26.500,MO2508-C-7500,1.4,1.2,1.4
2025-08-11,2025-08-11 10:19:33.000,MO2508-C-7500,1.4,1.2,1.4
2025-08-11,2025-08-11 10:19:33.500,MO2508-C-7500,1.4,1.2,1.4
2025-08-11,2025-08-11 10:19:34.000,MO2508-C-7500,1.4,1.2,1.4
2025-08-11,2025-08-11 10:19:37.000,MO2508-C-7500,1.4,1.2,1.4
2025-08-11,2025-08-11 10:19:39.000,MO2508-C-7500,1.4,1.2,1.4
2025-08-11,2025-08-11 10:19:43.000,MO2508-C-7500,1.4,1.2,1.4
2025-08-11,2025-08-11 10:19:43.500,MO2508-C-7500,1.4,1.2,1.4
2025-08-11,2025-08-11 10:19:44.500,MO2508-C-7500,1.4,1.2,1.4
2025-08-11,2025-08-11 10:19:46.500,MO2508-C-7500,1.4,1.2,1.4
2025-08-11,2025-08-11 10:19:53.000,MO2508-C-7500,1.4,1.2,1.4
2025-08-11,2025-08-11 10:19:53.500,MO2508-C-7500,1.4,1.2,1.4
2025-08-11,2025-08-11 10:19:54.500,MO2508-C-7500,1.4,1.2,1.4
2025-08-11,2025-08-11 10:19:57.000,MO2508-C-7500,1.2,1.0,1.4
2025-08-11,2025-08-11 10:19:57.500,MO2508-C-7500,1.2,1.0,1.4
2025-08-11,2025-08-11 10:20:00.500,MO2508-C-7500,1.2,1.0,1.4
2025-08-11,2025-08-11 10:20:01.000,MO2508-C-7500,1.2,1.0,1.4
2025-08-11,2025-08-11 10:20:03.000,MO2508-C-7500,1.2,1.0,1.4
2025-08-11,2025-08-11 10:20:03.500,MO2508-C-7500,1.2,1.0,1.4
2025-08-11,2025-08-11 10:20:13.000,MO2508-C-7500,1.2,1.0,1.4
2025-08-11,2025-08-11 10:20:13.500,MO2508-C-7500,1.2,1.0,1.4
2025-08-11,2025-08-11 10:20:23.000,MO2508-C-7500,1.2,1.0,1.4
2025-08-11,2025-08-11 10:20:23.500,MO2508-C-7500,1.2,1.0,1.4
2025-08-11,2025-08-11 10:20:31.500,MO2508-C-7500,1.2,1.0,1.4
2025-08-11,2025-08-11 10:20:33.000,MO2508-C-7500,1.2,1.0,1.4
2025-08-11,2025-08-11 10:20:33.500,MO2508-C-7500,1.2,1.0,1.4
2025-08-11,2025-08-11 10:20:40.000,MO2508-C-7500,1.2,1.0,1.4
2025-08-11,2025-08-11 10:20:40.500,MO2508-C-7500,1.2,1.0,1.4
2025-08-11,2025-08-11 10:20:43.000,MO2508-C-7500,1.2,1.0,1.4
2025-08-11,2025-08-11 10:20:43.500,MO2508-C-7500,1.2,1.0,1.4
2025-08-11,2025-08-11 10:20:44.000,MO2508-C-7500,1.2,1.0,1.4
2025-08-11,2025-08-11 10:20:45.000,MO2508-C-7500,1.2,1.0,1.4
2025-08-11,2025-08-11 10:20:48.500,MO2508-C-7500,1.2,1.0,1.4
2025-08-11,2025-08-11 10:20:51.000,MO2508-C-7500,1.2,1.0,1.4
2025-08-11,2025-08-11 10:20:51.500,MO2508-C-7500,1.2,1.0,1.4
2025-08-11,2025-08-11 10:20:52.000,MO2508-C-7500,1.2,1.0,1.4
2025-08-11,2025-08-11 10:20:53.000,MO2508-C-7500,1.2,1.0,1.4
2025-08-11,2025-08-11 10:20:53.500,MO2508-C-7500,1.2,1.0,1.4
2025-08-11,2025-08-11 10:21:02.500,MO2508-C-7500,1.2,1.0,1.4
2025-08-11,2025-08-11 10:21:03.000,MO2508-C-7500,1.2,1.0,1.4
2025-08-11,2025-08-11 10:21:03.500,MO2508-C-7500,1.2,1.0,1.4
2025-08-11,2025-08-11 10:21:06.000,MO2508-C-7500,1.2,1.0,1.4
2025-08-11,2025-08-11 10:21:06.500,MO2508-C-7500,1.2,1.0,1.4
2025-08-11,2025-08-11 10:21:07.000,MO2508-C-7500,1.2,1.0,1.4
2025-08-11,2025-08-11 10:21:13.000,MO2508-C-7500,1.2,1.0,1.4
2025-08-11,2025-08-11 10:21:13.500,MO2508-C-7500,1.2,1.0,1.4
2025-08-11,2025-08-11 10:21:23.000,MO2508-C-7500,1.2,1.0,1.4
2025-08-11,2025-08-11 10:21:23.500,MO2508-C-7500,1.2,1.0,1.4
2025-08-11,2025-08-11 10:21:33.000,MO2508-C-7500,1.2,1.0,1.4
2025-08-11,2025-08-11 10:21:33.500,MO2508-C-7500,1.2,1.0,1.4
2025-08-11,2025-08-11 10:21:36.500,MO2508-C-7500,1.2,1.0,1.4
2025-08-11,2025-08-11 10:21:37.000,MO2508-C-7500,1.2,1.0,1.4
2025-08-11,2025-08-11 10:21:43.000,MO2508-C-7500,1.2,1.0,1.4
2025-08-11,2025-08-11 10:21:43.500,MO2508-C-7500,1.2,1.0,1.4
2025-08-11,2025-08-11 10:21:52.000,MO2508-C-7500,1.2,1.0,1.2
2025-08-11,2025-08-11 10:21:52.500,MO2508-C-7500,1.2,1.0,1.2
2025-08-11,2025-08-11 10:21:53.000,MO2508-C-7500,1.2,1.0,1.2
2025-08-11,2025-08-11 10:21:53.500,MO2508-C-7500,1.2,1.0,1.2
2025-08-11,2025-08-11 10:21:54.000,MO2508-C-7500,1.2,1.0,1.2
2025-08-11,2025-08-11 10:21:54.500,MO2508-C-7500,1.2,1.0,1.2
2025-08-11,2025-08-11 10:21:55.000,MO2508-C-7500,1.2,1.0,1.2
2025-08-11,2025-08-11 10:21:55.500,MO2508-C-7500,1.2,1.0,1.2
2025-08-11,2025-08-11 10:21:56.000,MO2508-C-7500,1.2,1.0,1.2
2025-08-11,2025-08-11 10:22:01.500,MO2508-C-7500,1.2,1.0,1.2
2025-08-11,2025-08-11 10:22:02.000,MO2508-C-7500,1.2,1.0,1.2
2025-08-11,2025-08-11 10:22:02.500,MO2508-C-7500,1.2,1.0,1.2
2025-08-11,2025-08-11 10:22:03.000,MO2508-C-7500,1.2,1.0,1.2
2025-08-11,2025-08-11 10:22:03.500,MO2508-C-7500,1.2,1.0,1.2
2025-08-11,2025-08-11 10:22:04.000,MO2508-C-7500,1.2,1.0,1.2
2025-08-11,2025-08-11 10:22:05.500,MO2508-C-7500,1.2,1.0,1.2
2025-08-11,2025-08-11 10:22:06.000,MO2508-C-7500,1.2,1.0,1.2
2025-08-11,2025-08-11 10:22:13.000,MO2508-C-7500,1.2,1.0,1.2
2025-08-11,2025-08-11 10:22:13.500,MO2508-C-7500,1.2,1.0,1.2
2025-08-11,2025-08-11 10:22:23.000,MO2508-C-7500,1.2,1.0,1.2
2025-08-11,2025-08-11 10:22:23.500,MO2508-C-7500,1.2,1.0,1.2
2025-08-11,2025-08-11 10:22:24.000,MO2508-C-7500,1.2,1.0,1.2
2025-08-11,2025-08-11 10:22:33.000,MO2508-C-7500,1.2,1.0,1.2
2025-08-11,2025-08-11 10:22:33.500,MO2508-C-7500,1.2,1.0,1.2
2025-08-11,2025-08-11 10:22:34.000,MO2508-C-7500,1.2,1.0,1.2
2025-08-11,2025-08-11 10:22:38.500,MO2508-C-7500,1.2,1.0,1.2
2025-08-11,2025-08-11 10:22:40.000,MO2508-C-7500,1.2,1.0,1.2
2025-08-11,2025-08-11 10:22:43.000,MO2508-C-7500,1.2,1.0,1.2
2025-08-11,2025-08-11 10:22:43.500,MO2508-C-7500,1.2,1.0,1.2
2025-08-11,2025-08-11 10:22:53.000,MO2508-C-7500,1.2,1.0,1.2
2025-08-11,2025-08-11 10:22:53.500,MO2508-C-7500,1.2,1.0,1.2
2025-08-11,2025-08-11 10:22:58.000,MO2508-C-7500,1.2,1.0,1.2
2025-08-11,2025-08-11 10:23:01.500,MO2508-C-7500,1.2,1.0,1.2
2025-08-11,2025-08-11 10:23:02.500,MO2508-C-7500,1.2,1.0,1.2
2025-08-11,2025-08-11 10:23:03.000,MO2508-C-7500,1.2,1.0,1.2
2025-08-11,2025-08-11 10:23:03.500,MO2508-C-7500,1.2,1.0,1.2
2025-08-11,2025-08-11 10:23:04.000,MO2508-C-7500,1.2,1.0,1.2
2025-08-11,2025-08-11 10:23:11.500,MO2508-C-7500,1.2,1.0,1.2
2025-08-11,2025-08-11 10:23:13.000,MO2508-C-7500,1.2,1.0,1.2
2025-08-11,2025-08-11 10:23:13.500,MO2508-C-7500,1.2,1.0,1.2
2025-08-11,2025-08-11 10:23:14.000,MO2508-C-7500,1.2,1.0,1.2
2025-08-11,2025-08-11 10:23:23.000,MO2508-C-7500,1.2,1.0,1.2
2025-08-11,2025-08-11 10:23:23.500,MO2508-C-7500,1.2,1.0,1.2
2025-08-11,2025-08-11 10:23:26.000,MO2508-C-7500,1.2,1.0,1.2
2025-08-11,2025-08-11 10:23:33.000,MO2508-C-7500,1.2,1.0,1.2
2025-08-11,2025-08-11 10:23:33.500,MO2508-C-7500,1.2,1.0,1.2
2025-08-11,2025-08-11 10:23:34.500,MO2508-C-7500,1.2,1.0,1.2
2025-08-11,2025-08-11 10:23:35.000,MO2508-C-7500,1.2,1.0,1.2
2025-08-11,2025-08-11 10:23:36.500,MO2508-C-7500,1.2,1.0,1.2
2025-08-11,2025-08-11 10:23:37.000,MO2508-C-7500,1.2,1.0,1.2
2025-08-11,2025-08-11 10:23:40.000,MO2508-C-7500,1.2,1.0,1.2
2025-08-11,2025-08-11 10:23:41.500,MO2508-C-7500,1.2,1.0,1.4
2025-08-11,2025-08-11 10:23:42.000,MO2508-C-7500,1.2,1.0,1.4
2025-08-11,2025-08-11 10:23:42.500,MO2508-C-7500,1.2,1.0,1.4
2025-08-11,2025-08-11 10:23:43.000,MO2508-C-7500,1.2,1.0,1.4
2025-08-11,2025-08-11 10:23:43.500,MO2508-C-7500,1.2,1.0,1.4
2025-08-11,2025-08-11 10:23:44.500,MO2508-C-7500,1.2,1.2,1.4
2025-08-11,2025-08-11 10:23:45.000,MO2508-C-7500,1.2,1.2,1.4
2025-08-11,2025-08-11 10:23:45.500,MO2508-C-7500,1.2,1.2,1.4
2025-08-11,2025-08-11 10:23:52.500,MO2508-C-7500,1.2,1.2,1.4
2025-08-11,2025-08-11 10:23:53.000,MO2508-C-7500,1.2,1.2,1.4
2025-08-11,2025-08-11 10:23:53.500,MO2508-C-7500,1.2,1.2,1.4
2025-08-11,2025-08-11 10:24:00.000,MO2508-C-7500,1.2,1.2,1.4
2025-08-11,2025-08-11 10:24:01.000,MO2508-C-7500,1.2,1.2,1.4
2025-08-11,2025-08-11 10:24:01.500,MO2508-C-7500,1.2,1.2,1.4
2025-08-11,2025-08-11 10:24:02.000,MO2508-C-7500,1.2,1.2,1.4
2025-08-11,2025-08-11 10:24:02.500,MO2508-C-7500,1.2,1.2,1.4
2025-08-11,2025-08-11 10:24:03.000,MO2508-C-7500,1.2,1.2,1.4
2025-08-11,2025-08-11 10:24:03.500,MO2508-C-7500,1.2,1.2,1.4
2025-08-11,2025-08-11 10:24:09.500,MO2508-C-7500,1.2,1.2,1.4
2025-08-11,2025-08-11 10:24:11.000,MO2508-C-7500,1.2,1.2,1.4
2025-08-11,2025-08-11 10:24:13.000,MO2508-C-7500,1.2,1.2,1.4
2025-08-11,2025-08-11 10:24:13.500,MO2508-C-7500,1.2,1.2,1.4
2025-08-11,2025-08-11 10:24:23.000,MO2508-C-7500,1.2,1.2,1.4
2025-08-11,2025-08-11 10:24:23.500,MO2508-C-7500,1.2,1.2,1.4
2025-08-11,2025-08-11 10:24:33.000,MO2508-C-7500,1.2,1.2,1.4
2025-08-11,2025-08-11 10:24:33.500,MO2508-C-7500,1.2,1.2,1.4
2025-08-11,2025-08-11 10:24:40.000,MO2508-C-7500,1.2,1.2,1.4
2025-08-11,2025-08-11 10:24:40.500,MO2508-C-7500,1.2,1.2,1.4
2025-08-11,2025-08-11 10:24:43.000,MO2508-C-7500,1.2,1.2,1.4
2025-08-11,2025-08-11 10:24:43.500,MO2508-C-7500,1.2,1.2,1.4
2025-08-11,2025-08-11 10:24:50.500,MO2508-C-7500,1.2,1.2,1.4
2025-08-11,2025-08-11 10:24:53.000,MO2508-C-7500,1.2,1.2,1.4
2025-08-11,2025-08-11 10:24:53.500,MO2508-C-7500,1.2,1.2,1.4
2025-08-11,2025-08-11 10:24:57.500,MO2508-C-7500,1.2,1.2,1.4
2025-08-11,2025-08-11 10:24:58.000,MO2508-C-7500,1.2,1.2,1.4
2025-08-11,2025-08-11 10:24:59.500,MO2508-C-7500,1.2,1.2,1.6
2025-08-11,2025-08-11 10:25:00.000,MO2508-C-7500,1.2,1.2,1.6
2025-08-11,2025-08-11 10:25:00.500,MO2508-C-7500,1.2,1.2,1.6
2025-08-11,2025-08-11 10:25:03.000,MO2508-C-7500,1.2,1.2,1.6
2025-08-11,2025-08-11 10:25:03.500,MO2508-C-7500,1.2,1.2,1.6
2025-08-11,2025-08-11 10:25:13.000,MO2508-C-7500,1.2,1.2,1.6
2025-08-11,2025-08-11 10:25:13.500,MO2508-C-7500,1.2,1.2,1.6
2025-08-11,2025-08-11 10:25:18.500,MO2508-C-7500,1.2,1.2,1.6
2025-08-11,2025-08-11 10:25:20.500,MO2508-C-7500,1.2,1.2,1.6
2025-08-11,2025-08-11 10:25:21.500,MO2508-C-7500,1.2,1.2,1.6
2025-08-11,2025-08-11 10:25:23.000,MO2508-C-7500,1.2,1.2,1.6
2025-08-11,2025-08-11 10:25:23.500,MO2508-C-7500,1.2,1.2,1.6
2025-08-11,2025-08-11 10:25:32.500,MO2508-C-7500,1.2,1.2,1.6
2025-08-11,2025-08-11 10:25:33.000,MO2508-C-7500,1.2,1.2,1.6
2025-08-11,2025-08-11 10:25:33.500,MO2508-C-7500,1.2,1.2,1.6
2025-08-11,2025-08-11 10:25:37.000,MO2508-C-7500,1.2,1.2,1.6
2025-08-11,2025-08-11 10:25:43.000,MO2508-C-7500,1.2,1.2,1.6
2025-08-11,2025-08-11 10:25:43.500,MO2508-C-7500,1.2,1.2,1.6
2025-08-11,2025-08-11 10:25:44.500,MO2508-C-7500,1.2,1.2,1.6
2025-08-11,2025-08-11 10:25:45.000,MO2508-C-7500,1.2,1.2,1.6
2025-08-11,2025-08-11 10:25:53.000,MO2508-C-7500,1.2,1.2,1.6
2025-08-11,2025-08-11 10:25:53.500,MO2508-C-7500,1.2,1.2,1.6
2025-08-11,2025-08-11 10:25:59.000,MO2508-C-7500,1.2,1.2,1.6
2025-08-11,2025-08-11 10:26:00.500,MO2508-C-7500,1.2,1.2,1.6
2025-08-11,2025-08-11 10:26:03.000,MO2508-C-7500,1.2,1.2,1.6
2025-08-11,2025-08-11 10:26:03.500,MO2508-C-7500,1.2,1.2,1.6
2025-08-11,2025-08-11 10:26:13.000,MO2508-C-7500,1.2,1.2,1.6
2025-08-11,2025-08-11 10:26:13.500,MO2508-C-7500,1.2,1.2,1.6
2025-08-11,2025-08-11 10:26:20.500,MO2508-C-7500,1.2,1.2,1.6
2025-08-11,2025-08-11 10:26:23.000,MO2508-C-7500,1.2,1.2,1.6
2025-08-11,2025-08-11 10:26:23.500,MO2508-C-7500,1.2,1.2,1.6
2025-08-11,2025-08-11 10:26:26.500,MO2508-C-7500,1.2,1.2,1.6
2025-08-11,2025-08-11 10:26:27.500,MO2508-C-7500,1.2,1.2,1.6
2025-08-11,2025-08-11 10:26:33.000,MO2508-C-7500,1.2,1.2,1.6
2025-08-11,2025-08-11 10:26:33.500,MO2508-C-7500,1.2,1.2,1.6
2025-08-11,2025-08-11 10:26:37.500,MO2508-C-7500,1.2,1.2,1.6
2025-08-11,2025-08-11 10:26:42.000,MO2508-C-7500,1.2,1.2,1.6
2025-08-11,2025-08-11 10:26:43.000,MO2508-C-7500,1.2,1.2,1.6
2025-08-11,2025-08-11 10:26:43.500,MO2508-C-7500,1.2,1.2,1.6
2025-08-11,2025-08-11 10:26:46.000,MO2508-C-7500,1.6,1.2,1.6
2025-08-11,2025-08-11 10:26:46.500,MO2508-C-7500,1.6,1.2,1.6
2025-08-11,2025-08-11 10:26:49.000,MO2508-C-7500,1.6,1.2,1.6
2025-08-11,2025-08-11 10:26:53.000,MO2508-C-7500,1.6,1.2,1.6
2025-08-11,2025-08-11 10:26:53.500,MO2508-C-7500,1.6,1.2,1.6
2025-08-11,2025-08-11 10:26:57.000,MO2508-C-7500,1.6,1.2,1.6
2025-08-11,2025-08-11 10:26:58.000,MO2508-C-7500,1.6,1.2,1.6
2025-08-11,2025-08-11 10:26:59.500,MO2508-C-7500,1.6,1.2,1.6
2025-08-11,2025-08-11 10:27:00.500,MO2508-C-7500,1.6,1.2,1.6
2025-08-11,2025-08-11 10:27:02.000,MO2508-C-7500,1.6,1.2,1.6
2025-08-11,2025-08-11 10:27:03.000,MO2508-C-7500,1.6,1.2,1.6
2025-08-11,2025-08-11 10:27:03.500,MO2508-C-7500,1.6,1.2,1.6
2025-08-11,2025-08-11 10:27:07.500,MO2508-C-7500,1.6,1.2,1.6
2025-08-11,2025-08-11 10:27:08.000,MO2508-C-7500,1.6,1.2,1.6
2025-08-11,2025-08-11 10:27:10.500,MO2508-C-7500,1.6,1.2,1.6
2025-08-11,2025-08-11 10:27:13.000,MO2508-C-7500,1.6,1.2,1.6
2025-08-11,2025-08-11 10:27:13.500,MO2508-C-7500,1.6,1.2,1.6
2025-08-11,2025-08-11 10:27:14.000,MO2508-C-7500,1.6,1.2,1.6
2025-08-11,2025-08-11 10:27:14.500,MO2508-C-7500,1.6,1.2,1.6
2025-08-11,2025-08-11 10:27:16.500,MO2508-C-7500,1.6,1.2,1.6
2025-08-11,2025-08-11 10:27:17.000,MO2508-C-7500,1.6,1.2,1.6
2025-08-11,2025-08-11 10:27:18.500,MO2508-C-7500,1.6,1.2,1.6
2025-08-11,2025-08-11 10:27:19.000,MO2508-C-7500,1.6,1.2,1.6
2025-08-11,2025-08-11 10:27:23.000,MO2508-C-7500,1.6,1.2,1.6
2025-08-11,2025-08-11 10:27:23.500,MO2508-C-7500,1.6,1.2,1.6
2025-08-11,2025-08-11 10:27:33.000,MO2508-C-7500,1.6,1.2,1.6
2025-08-11,2025-08-11 10:27:33.500,MO2508-C-7500,1.6,1.2,1.6
2025-08-11,2025-08-11 10:27:43.000,MO2508-C-7500,1.6,1.2,1.6
2025-08-11,2025-08-11 10:27:43.500,MO2508-C-7500,1.6,1.2,1.6
2025-08-11,2025-08-11 10:27:44.000,MO2508-C-7500,1.6,1.2,1.6
2025-08-11,2025-08-11 10:27:53.000,MO2508-C-7500,1.6,1.2,1.6
2025-08-11,2025-08-11 10:27:53.500,MO2508-C-7500,1.6,1.2,1.6
2025-08-11,2025-08-11 10:27:54.000,MO2508-C-7500,1.6,1.4,1.6
2025-08-11,2025-08-11 10:27:54.500,MO2508-C-7500,1.6,1.4,1.6
2025-08-11,2025-08-11 10:27:55.000,MO2508-C-7500,1.6,1.4,1.6
2025-08-11,2025-08-11 10:28:00.500,MO2508-C-7500,1.6,1.4,1.6
2025-08-11,2025-08-11 10:28:01.000,MO2508-C-7500,1.6,1.4,1.6
2025-08-11,2025-08-11 10:28:02.000,MO2508-C-7500,1.6,1.4,1.6
2025-08-11,2025-08-11 10:28:02.500,MO2508-C-7500,1.6,1.4,1.6
2025-08-11,2025-08-11 10:28:03.000,MO2508-C-7500,1.6,1.4,1.6
2025-08-11,2025-08-11 10:28:03.500,MO2508-C-7500,1.6,1.4,1.6
2025-08-11,2025-08-11 10:28:07.000,MO2508-C-7500,1.6,1.4,1.6
2025-08-11,2025-08-11 10:28:10.000,MO2508-C-7500,1.6,1.4,1.6
2025-08-11,2025-08-11 10:28:12.000,MO2508-C-7500,1.6,1.4,1.6
2025-08-11,2025-08-11 10:28:12.500,MO2508-C-7500,1.6,1.4,1.6
2025-08-11,2025-08-11 10:28:13.000,MO2508-C-7500,1.6,1.4,1.6
2025-08-11,2025-08-11 10:28:13.500,MO2508-C-7500,1.6,1.4,1.6
2025-08-11,2025-08-11 10:28:23.000,MO2508-C-7500,1.6,1.4,1.6
2025-08-11,2025-08-11 10:28:23.500,MO2508-C-7500,1.6,1.4,1.6
2025-08-11,2025-08-11 10:28:33.000,MO2508-C-7500,1.6,1.4,1.6
2025-08-11,2025-08-11 10:28:33.500,MO2508-C-7500,1.6,1.4,1.6
2025-08-11,2025-08-11 10:28:43.000,MO2508-C-7500,1.6,1.4,1.6
2025-08-11,2025-08-11 10:28:43.500,MO2508-C-7500,1.6,1.4,1.6
2025-08-11,2025-08-11 10:28:53.000,MO2508-C-7500,1.6,1.4,1.6
2025-08-11,2025-08-11 10:28:53.500,MO2508-C-7500,1.6,1.4,1.6
2025-08-11,2025-08-11 10:29:03.000,MO2508-C-7500,1.6,1.4,1.6
2025-08-11,2025-08-11 10:29:03.500,MO2508-C-7500,1.6,1.4,1.6
2025-08-11,2025-08-11 10:29:04.500,MO2508-C-7500,1.6,1.4,1.6
2025-08-11,2025-08-11 10:29:13.000,MO2508-C-7500,1.6,1.4,1.6
2025-08-11,2025-08-11 10:29:13.500,MO2508-C-7500,1.6,1.4,1.6
2025-08-11,2025-08-11 10:29:16.000,MO2508-C-7500,1.6,1.4,1.6
2025-08-11,2025-08-11 10:29:22.000,MO2508-C-7500,1.6,1.4,1.6
2025-08-11,2025-08-11 10:29:22.500,MO2508-C-7500,1.6,1.4,1.6
2025-08-11,2025-08-11 10:29:23.000,MO2508-C-7500,1.6,1.4,1.6
2025-08-11,2025-08-11 10:29:23.500,MO2508-C-7500,1.6,1.4,1.6
2025-08-11,2025-08-11 10:29:33.000,MO2508-C-7500,1.6,1.4,1.6
2025-08-11,2025-08-11 10:29:33.500,MO2508-C-7500,1.6,1.4,1.6
2025-08-11,2025-08-11 10:29:43.000,MO2508-C-7500,1.6,1.4,1.6
2025-08-11,2025-08-11 10:29:43.500,MO2508-C-7500,1.6,1.4,1.6
2025-08-11,2025-08-11 10:29:53.000,MO2508-C-7500,1.6,1.4,1.6
2025-08-11,2025-08-11 10:29:53.500,MO2508-C-7500,1.6,1.4,1.6
2025-08-11,2025-08-11 10:29:57.500,MO2508-C-7500,1.6,1.4,1.6
2025-08-11,2025-08-11 10:29:58.000,MO2508-C-7500,1.6,1.4,1.6
2025-08-11,2025-08-11 10:29:58.500,MO2508-C-7500,1.6,1.4,1.6
2025-08-11,2025-08-11 10:30:03.000,MO2508-C-7500,1.6,1.4,1.6
2025-08-11,2025-08-11 10:30:03.500,MO2508-C-7500,1.6,1.4,1.6
2025-08-11,2025-08-11 10:30:04.000,MO2508-C-7500,1.6,1.4,1.6
2025-08-11,2025-08-11 10:30:04.500,MO2508-C-7500,1.6,1.4,1.6
2025-08-11,2025-08-11 10:30:09.000,MO2508-C-7500,1.6,1.4,1.6
2025-08-11,2025-08-11 10:30:13.000,MO2508-C-7500,1.6,1.4,1.6
2025-08-11,2025-08-11 10:30:13.500,MO2508-C-7500,1.6,1.4,1.6
2025-08-11,2025-08-11 10:30:23.000,MO2508-C-7500,1.6,1.4,1.6
2025-08-11,2025-08-11 10:30:23.500,MO2508-C-7500,1.6,1.4,1.6
2025-08-11,2025-08-11 10:30:25.500,MO2508-C-7500,1.6,1.4,1.6
2025-08-11,2025-08-11 10:30:33.000,MO2508-C-7500,1.6,1.4,1.6
2025-08-11,2025-08-11 10:30:33.500,MO2508-C-7500,1.6,1.4,1.6
2025-08-11,2025-08-11 10:30:43.000,MO2508-C-7500,1.6,1.4,1.6
2025-08-11,2025-08-11 10:30:43.500,MO2508-C-7500,1.6,1.4,1.6
2025-08-11,2025-08-11 10:30:44.000,MO2508-C-7500,1.6,1.4,1.6
2025-08-11,2025-08-11 10:30:53.000,MO2508-C-7500,1.6,1.4,1.6
2025-08-11,2025-08-11 10:30:53.500,MO2508-C-7500,1.6,1.4,1.6
2025-08-11,2025-08-11 10:31:03.000,MO2508-C-7500,1.6,1.4,1.6
2025-08-11,2025-08-11 10:31:03.500,MO2508-C-7500,1.6,1.4,1.6
2025-08-11,2025-08-11 10:31:13.000,MO2508-C-7500,1.6,1.4,1.6
2025-08-11,2025-08-11 10:31:13.500,MO2508-C-7500,1.6,1.4,1.6
2025-08-11,2025-08-11 10:31:23.000,MO2508-C-7500,1.6,1.4,1.6
2025-08-11,2025-08-11 10:31:23.500,MO2508-C-7500,1.6,1.4,1.6
2025-08-11,2025-08-11 10:31:29.500,MO2508-C-7500,1.6,1.4,1.6
2025-08-11,2025-08-11 10:31:31.000,MO2508-C-7500,1.6,1.4,1.6
2025-08-11,2025-08-11 10:31:33.000,MO2508-C-7500,1.6,1.4,1.6
2025-08-11,2025-08-11 10:31:33.500,MO2508-C-7500,1.6,1.4,1.6
2025-08-11,2025-08-11 10:31:43.000,MO2508-C-7500,1.6,1.4,1.6
2025-08-11,2025-08-11 10:31:43.500,MO2508-C-7500,1.6,1.4,1.6
2025-08-11,2025-08-11 10:31:53.000,MO2508-C-7500,1.6,1.4,1.6
2025-08-11,2025-08-11 10:31:53.500,MO2508-C-7500,1.6,1.4,1.6
2025-08-11,2025-08-11 10:32:03.000,MO2508-C-7500,1.6,1.4,1.6
2025-08-11,2025-08-11 10:32:03.500,MO2508-C-7500,1.6,1.4,1.6
2025-08-11,2025-08-11 10:32:04.000,MO2508-C-7500,1.6,1.4,1.6
2025-08-11,2025-08-11 10:32:11.000,MO2508-C-7500,1.6,1.4,1.6
2025-08-11,2025-08-11 10:32:13.000,MO2508-C-7500,1.6,1.4,1.6
2025-08-11,2025-08-11 10:32:13.500,MO2508-C-7500,1.6,1.4,1.6
2025-08-11,2025-08-11 10:32:16.000,MO2508-C-7500,1.6,1.4,1.6
2025-08-11,2025-08-11 10:32:23.000,MO2508-C-7500,1.6,1.4,1.6
2025-08-11,2025-08-11 10:32:23.500,MO2508-C-7500,1.6,1.4,1.6
2025-08-11,2025-08-11 10:32:29.500,MO2508-C-7500,1.6,1.4,1.6
2025-08-11,2025-08-11 10:32:33.000,MO2508-C-7500,1.6,1.4,1.6
2025-08-11,2025-08-11 10:32:33.500,MO2508-C-7500,1.6,1.4,1.6
2025-08-11,2025-08-11 10:32:35.000,MO2508-C-7500,1.6,1.4,1.6
2025-08-11,2025-08-11 10:32:43.000,MO2508-C-7500,1.6,1.4,1.6
2025-08-11,2025-08-11 10:32:43.500,MO2508-C-7500,1.6,1.4,1.6
2025-08-11,2025-08-11 10:32:49.500,MO2508-C-7500,1.6,1.4,1.6
2025-08-11,2025-08-11 10:32:53.000,MO2508-C-7500,1.6,1.4,1.6
2025-08-11,2025-08-11 10:32:53.500,MO2508-C-7500,1.6,1.4,1.6
2025-08-11,2025-08-11 10:33:03.000,MO2508-C-7500,1.6,1.4,1.6
2025-08-11,2025-08-11 10:33:03.500,MO2508-C-7500,1.6,1.4,1.6
2025-08-11,2025-08-11 10:33:13.000,MO2508-C-7500,1.6,1.4,1.6
2025-08-11,2025-08-11 10:33:13.500,MO2508-C-7500,1.6,1.4,1.6
2025-08-11,2025-08-11 10:33:23.000,MO2508-C-7500,1.6,1.4,1.6
2025-08-11,2025-08-11 10:33:23.500,MO2508-C-7500,1.6,1.4,1.6
2025-08-11,2025-08-11 10:33:33.000,MO2508-C-7500,1.6,1.4,1.6
2025-08-11,2025-08-11 10:33:33.500,MO2508-C-7500,1.6,1.4,1.6
2025-08-11,2025-08-11 10:33:43.000,MO2508-C-7500,1.6,1.4,1.6
2025-08-11,2025-08-11 10:33:43.500,MO2508-C-7500,1.6,1.4,1.6
2025-08-11,2025-08-11 10:33:45.500,MO2508-C-7500,1.6,1.4,1.6
2025-08-11,2025-08-11 10:33:53.000,MO2508-C-7500,1.6,1.4,1.6
2025-08-11,2025-08-11 10:33:53.500,MO2508-C-7500,1.6,1.4,1.6
2025-08-11,2025-08-11 10:33:58.500,MO2508-C-7500,1.6,1.4,1.6
2025-08-11,2025-08-11 10:34:03.000,MO2508-C-7500,1.6,1.4,1.6
2025-08-11,2025-08-11 10:34:03.500,MO2508-C-7500,1.6,1.4,1.6
2025-08-11,2025-08-11 10:34:09.000,MO2508-C-7500,1.6,1.4,1.6
2025-08-11,2025-08-11 10:34:10.000,MO2508-C-7500,1.6,1.4,1.6
2025-08-11,2025-08-11 10:34:11.000,MO2508-C-7500,1.6,1.4,1.6
2025-08-11,2025-08-11 10:34:11.500,MO2508-C-7500,1.6,1.4,1.6
2025-08-11,2025-08-11 10:34:13.000,MO2508-C-7500,1.6,1.4,1.6
2025-08-11,2025-08-11 10:34:13.500,MO2508-C-7500,1.6,1.4,1.6
2025-08-11,2025-08-11 10:34:23.000,MO2508-C-7500,1.6,1.4,1.6
2025-08-11,2025-08-11 10:34:23.500,MO2508-C-7500,1.6,1.4,1.6
2025-08-11,2025-08-11 10:34:33.000,MO2508-C-7500,1.6,1.4,1.6
2025-08-11,2025-08-11 10:34:33.500,MO2508-C-7500,1.6,1.4,1.6
2025-08-11,2025-08-11 10:34:43.000,MO2508-C-7500,1.6,1.4,1.6
2025-08-11,2025-08-11 10:34:43.500,MO2508-C-7500,1.6,1.4,1.6
2025-08-11,2025-08-11 10:34:47.500,MO2508-C-7500,1.6,1.4,1.6
2025-08-11,2025-08-11 10:34:53.000,MO2508-C-7500,1.6,1.4,1.6
2025-08-11,2025-08-11 10:34:53.500,MO2508-C-7500,1.6,1.4,1.6
2025-08-11,2025-08-11 10:34:56.000,MO2508-C-7500,1.6,1.4,1.6
2025-08-11,2025-08-11 10:34:57.500,MO2508-C-7500,1.6,1.4,1.6
2025-08-11,2025-08-11 10:35:03.000,MO2508-C-7500,1.6,1.4,1.6
2025-08-11,2025-08-11 10:35:03.500,MO2508-C-7500,1.6,1.4,1.6
2025-08-11,2025-08-11 10:35:13.000,MO2508-C-7500,1.6,1.4,1.6
2025-08-11,2025-08-11 10:35:13.500,MO2508-C-7500,1.6,1.4,1.6
2025-08-11,2025-08-11 10:35:23.000,MO2508-C-7500,1.6,1.4,1.6
2025-08-11,2025-08-11 10:35:23.500,MO2508-C-7500,1.6,1.4,1.6
2025-08-11,2025-08-11 10:35:32.500,MO2508-C-7500,1.6,1.4,1.6
2025-08-11,2025-08-11 10:35:33.000,MO2508-C-7500,1.6,1.4,1.6
2025-08-11,2025-08-11 10:35:33.500,MO2508-C-7500,1.6,1.4,1.6
2025-08-11,2025-08-11 10:35:43.000,MO2508-C-7500,1.6,1.4,1.6
2025-08-11,2025-08-11 10:35:43.500,MO2508-C-7500,1.6,1.4,1.6
2025-08-11,2025-08-11 10:35:53.000,MO2508-C-7500,1.6,1.4,1.6
2025-08-11,2025-08-11 10:35:53.500,MO2508-C-7500,1.6,1.4,1.6
2025-08-11,2025-08-11 10:36:03.000,MO2508-C-7500,1.6,1.4,1.6
2025-08-11,2025-08-11 10:36:03.500,MO2508-C-7500,1.6,1.4,1.6
2025-08-11,2025-08-11 10:36:05.500,MO2508-C-7500,1.6,1.4,1.6
2025-08-11,2025-08-11 10:36:09.000,MO2508-C-7500,1.6,1.4,1.6
2025-08-11,2025-08-11 10:36:13.000,MO2508-C-7500,1.6,1.4,1.6
2025-08-11,2025-08-11 10:36:13.500,MO2508-C-7500,1.6,1.4,1.6
2025-08-11,2025-08-11 10:36:23.000,MO2508-C-7500,1.6,1.4,1.6
2025-08-11,2025-08-11 10:36:23.500,MO2508-C-7500,1.6,1.4,1.6
2025-08-11,2025-08-11 10:36:33.000,MO2508-C-7500,1.6,1.4,1.6
2025-08-11,2025-08-11 10:36:33.500,MO2508-C-7500,1.6,1.4,1.6
2025-08-11,2025-08-11 10:36:43.000,MO2508-C-7500,1.6,1.4,1.6
2025-08-11,2025-08-11 10:36:43.500,MO2508-C-7500,1.6,1.4,1.6
2025-08-11,2025-08-11 10:36:53.000,MO2508-C-7500,1.6,1.4,1.6
2025-08-11,2025-08-11 10:36:53.500,MO2508-C-7500,1.6,1.4,1.6
2025-08-11,2025-08-11 10:37:01.000,MO2508-C-7500,1.6,1.4,1.6
2025-08-11,2025-08-11 10:37:01.500,MO2508-C-7500,1.6,1.4,1.6
2025-08-11,2025-08-11 10:37:03.000,MO2508-C-7500,1.6,1.4,1.6
2025-08-11,2025-08-11 10:37:03.500,MO2508-C-7500,1.6,1.4,1.6
2025-08-11,2025-08-11 10:37:04.000,MO2508-C-7500,1.6,1.4,1.6
2025-08-11,2025-08-11 10:37:10.000,MO2508-C-7500,1.6,1.4,1.6
2025-08-11,2025-08-11 10:37:13.000,MO2508-C-7500,1.6,1.4,1.6
2025-08-11,2025-08-11 10:37:13.500,MO2508-C-7500,1.6,1.4,1.6
2025-08-11,2025-08-11 10:37:18.500,MO2508-C-7500,1.6,1.4,1.6
2025-08-11,2025-08-11 10:37:19.000,MO2508-C-7500,1.6,1.4,1.6
2025-08-11,2025-08-11 10:37:23.000,MO2508-C-7500,1.6,1.4,1.6
2025-08-11,2025-08-11 10:37:23.500,MO2508-C-7500,1.6,1.4,1.6
2025-08-11,2025-08-11 10:37:33.000,MO2508-C-7500,1.6,1.4,1.6
2025-08-11,2025-08-11 10:37:33.500,MO2508-C-7500,1.6,1.4,1.6
2025-08-11,2025-08-11 10:37:36.500,MO2508-C-7500,1.6,1.4,1.6
2025-08-11,2025-08-11 10:37:38.500,MO2508-C-7500,1.6,1.4,1.6
2025-08-11,2025-08-11 10:37:39.000,MO2508-C-7500,1.6,1.4,1.6
2025-08-11,2025-08-11 10:37:40.000,MO2508-C-7500,1.6,1.4,1.6
2025-08-11,2025-08-11 10:37:40.500,MO2508-C-7500,1.6,1.4,1.6
2025-08-11,2025-08-11 10:37:42.500,MO2508-C-7500,1.6,1.4,1.6
2025-08-11,2025-08-11 10:37:43.000,MO2508-C-7500,1.6,1.4,1.6
2025-08-11,2025-08-11 10:37:43.500,MO2508-C-7500,1.6,1.4,1.6
2025-08-11,2025-08-11 10:37:44.000,MO2508-C-7500,1.6,1.4,1.6
2025-08-11,2025-08-11 10:37:45.500,MO2508-C-7500,1.6,1.4,1.6
2025-08-11,2025-08-11 10:37:53.000,MO2508-C-7500,1.6,1.4,1.6
2025-08-11,2025-08-11 10:37:53.500,MO2508-C-7500,1.6,1.4,1.6
2025-08-11,2025-08-11 10:37:54.000,MO2508-C-7500,1.6,1.4,1.6
2025-08-11,2025-08-11 10:38:03.000,MO2508-C-7500,1.6,1.4,1.6
2025-08-11,2025-08-11 10:38:03.500,MO2508-C-7500,1.6,1.4,1.6
2025-08-11,2025-08-11 10:38:13.000,MO2508-C-7500,1.6,1.4,1.6
2025-08-11,2025-08-11 10:38:13.500,MO2508-C-7500,1.6,1.4,1.6
2025-08-11,2025-08-11 10:38:15.000,MO2508-C-7500,1.6,1.4,1.6
2025-08-11,2025-08-11 10:38:23.000,MO2508-C-7500,1.6,1.4,1.6
2025-08-11,2025-08-11 10:38:23.500,MO2508-C-7500,1.6,1.4,1.6
2025-08-11,2025-08-11 10:38:24.500,MO2508-C-7500,1.6,1.4,1.6
2025-08-11,2025-08-11 10:38:33.000,MO2508-C-7500,1.6,1.4,1.6
2025-08-11,2025-08-11 10:38:33.500,MO2508-C-7500,1.6,1.4,1.6
2025-08-11,2025-08-11 10:38:43.000,MO2508-C-7500,1.6,1.4,1.6
2025-08-11,2025-08-11 10:38:43.500,MO2508-C-7500,1.6,1.4,1.6
2025-08-11,2025-08-11 10:38:45.000,MO2508-C-7500,1.6,1.4,1.6
2025-08-11,2025-08-11 10:38:45.500,MO2508-C-7500,1.6,1.4,1.6
2025-08-11,2025-08-11 10:38:50.000,MO2508-C-7500,1.6,1.4,1.6
2025-08-11,2025-08-11 10:38:53.000,MO2508-C-7500,1.6,1.4,1.6
2025-08-11,2025-08-11 10:38:53.500,MO2508-C-7500,1.6,1.4,1.6
2025-08-11,2025-08-11 10:38:54.000,MO2508-C-7500,1.6,1.4,1.6
2025-08-11,2025-08-11 10:39:03.000,MO2508-C-7500,1.6,1.4,1.6
2025-08-11,2025-08-11 10:39:03.500,MO2508-C-7500,1.6,1.4,1.6
2025-08-11,2025-08-11 10:39:04.000,MO2508-C-7500,1.6,1.4,1.6
2025-08-11,2025-08-11 10:39:10.500,MO2508-C-7500,1.6,1.4,1.6
2025-08-11,2025-08-11 10:39:13.000,MO2508-C-7500,1.6,1.4,1.6
2025-08-11,2025-08-11 10:39:13.500,MO2508-C-7500,1.6,1.4,1.6
2025-08-11,2025-08-11 10:39:17.000,MO2508-C-7500,1.6,1.4,1.6
2025-08-11,2025-08-11 10:39:23.000,MO2508-C-7500,1.6,1.4,1.6
2025-08-11,2025-08-11 10:39:23.500,MO2508-C-7500,1.6,1.4,1.6
2025-08-11,2025-08-11 10:39:33.000,MO2508-C-7500,1.6,1.4,1.6
2025-08-11,2025-08-11 10:39:33.500,MO2508-C-7500,1.6,1.4,1.6
2025-08-11,2025-08-11 10:39:35.000,MO2508-C-7500,1.6,1.4,1.6
2025-08-11,2025-08-11 10:39:42.500,MO2508-C-7500,1.6,1.4,1.6
2025-08-11,2025-08-11 10:39:43.000,MO2508-C-7500,1.6,1.4,1.6
2025-08-11,2025-08-11 10:39:43.500,MO2508-C-7500,1.6,1.4,1.6
2025-08-11,2025-08-11 10:39:51.000,MO2508-C-7500,1.6,1.4,1.6
2025-08-11,2025-08-11 10:39:52.000,MO2508-C-7500,1.6,1.4,1.6
2025-08-11,2025-08-11 10:39:53.000,MO2508-C-7500,1.6,1.4,1.6
2025-08-11,2025-08-11 10:39:53.500,MO2508-C-7500,1.6,1.4,1.6
2025-08-11,2025-08-11 10:40:03.000,MO2508-C-7500,1.6,1.4,1.6
2025-08-11,2025-08-11 10:40:03.500,MO2508-C-7500,1.6,1.4,1.6
2025-08-11,2025-08-11 10:40:05.000,MO2508-C-7500,1.6,1.4,1.6
2025-08-11,2025-08-11 10:40:06.000,MO2508-C-7500,1.6,1.4,1.6
2025-08-11,2025-08-11 10:40:12.000,MO2508-C-7500,1.6,1.4,1.6
2025-08-11,2025-08-11 10:40:12.500,MO2508-C-7500,1.6,1.4,1.6
2025-08-11,2025-08-11 10:40:13.000,MO2508-C-7500,1.6,1.4,1.6
2025-08-11,2025-08-11 10:40:13.500,MO2508-C-7500,1.6,1.4,1.6
2025-08-11,2025-08-11 10:40:17.000,MO2508-C-7500,1.6,1.4,1.6
2025-08-11,2025-08-11 10:40:23.000,MO2508-C-7500,1.6,1.4,1.6
2025-08-11,2025-08-11 10:40:23.500,MO2508-C-7500,1.6,1.4,1.6
2025-08-11,2025-08-11 10:40:33.000,MO2508-C-7500,1.6,1.4,1.6
2025-08-11,2025-08-11 10:40:33.500,MO2508-C-7500,1.6,1.4,1.6
2025-08-11,2025-08-11 10:40:34.500,MO2508-C-7500,1.6,1.4,1.6
2025-08-11,2025-08-11 10:40:43.000,MO2508-C-7500,1.6,1.4,1.6
2025-08-11,2025-08-11 10:40:43.500,MO2508-C-7500,1.6,1.4,1.6
2025-08-11,2025-08-11 10:40:45.500,MO2508-C-7500,1.6,1.4,1.6
2025-08-11,2025-08-11 10:40:47.000,MO2508-C-7500,1.6,1.4,1.6
2025-08-11,2025-08-11 10:40:52.500,MO2508-C-7500,1.6,1.4,1.6
2025-08-11,2025-08-11 10:40:53.500,MO2508-C-7500,1.6,1.4,1.6
2025-08-11,2025-08-11 10:40:54.000,MO2508-C-7500,1.6,1.4,1.6
2025-08-11,2025-08-11 10:41:03.500,MO2508-C-7500,1.6,1.4,1.6
2025-08-11,2025-08-11 10:41:04.000,MO2508-C-7500,1.6,1.4,1.6
2025-08-11,2025-08-11 10:41:04.500,MO2508-C-7500,1.6,1.4,1.6
2025-08-11,2025-08-11 10:41:13.500,MO2508-C-7500,1.6,1.4,1.6
2025-08-11,2025-08-11 10:41:14.000,MO2508-C-7500,1.6,1.4,1.6
2025-08-11,2025-08-11 10:41:22.500,MO2508-C-7500,1.6,1.4,1.6
2025-08-11,2025-08-11 10:41:23.000,MO2508-C-7500,1.6,1.4,1.6
2025-08-11,2025-08-11 10:41:23.500,MO2508-C-7500,1.6,1.4,1.6
2025-08-11,2025-08-11 10:41:24.000,MO2508-C-7500,1.6,1.4,1.6
2025-08-11,2025-08-11 10:41:24.500,MO2508-C-7500,1.6,1.4,1.6
2025-08-11,2025-08-11 10:41:25.000,MO2508-C-7500,1.6,1.4,1.6
2025-08-11,2025-08-11 10:41:32.500,MO2508-C-7500,1.6,1.4,1.6
2025-08-11,2025-08-11 10:41:33.500,MO2508-C-7500,1.6,1.4,1.6
2025-08-11,2025-08-11 10:41:34.000,MO2508-C-7500,1.6,1.4,1.6
2025-08-11,2025-08-11 10:41:34.500,MO2508-C-7500,1.6,1.4,1.6
2025-08-11,2025-08-11 10:41:36.500,MO2508-C-7500,1.6,1.4,1.6
2025-08-11,2025-08-11 10:41:37.000,MO2508-C-7500,1.6,1.4,1.6
2025-08-11,2025-08-11 10:41:40.500,MO2508-C-7500,1.6,1.4,1.6
2025-08-11,2025-08-11 10:41:41.000,MO2508-C-7500,1.6,1.4,1.6
2025-08-11,2025-08-11 10:41:43.000,MO2508-C-7500,1.6,1.4,1.6
2025-08-11,2025-08-11 10:41:46.500,MO2508-C-7500,1.6,1.4,1.6
2025-08-11,2025-08-11 10:41:47.500,MO2508-C-7500,1.6,1.4,1.6
2025-08-11,2025-08-11 10:41:48.000,MO2508-C-7500,1.6,1.4,1.6
2025-08-11,2025-08-11 10:41:48.500,MO2508-C-7500,1.6,1.4,1.6
2025-08-11,2025-08-11 10:41:49.000,MO2508-C-7500,1.6,1.4,1.6
2025-08-11,2025-08-11 10:41:49.500,MO2508-C-7500,1.6,1.4,1.6
2025-08-11,2025-08-11 10:41:52.500,MO2508-C-7500,1.6,1.4,1.6
2025-08-11,2025-08-11 10:41:53.000,MO2508-C-7500,1.6,1.4,1.6
2025-08-11,2025-08-11 10:41:53.500,MO2508-C-7500,1.6,1.4,1.6
2025-08-11,2025-08-11 10:41:54.000,MO2508-C-7500,1.6,1.4,1.6
2025-08-11,2025-08-11 10:42:03.500,MO2508-C-7500,1.6,1.4,1.6
2025-08-11,2025-08-11 10:42:04.000,MO2508-C-7500,1.6,1.4,1.6
2025-08-11,2025-08-11 10:42:13.500,MO2508-C-7500,1.6,1.4,1.6
2025-08-11,2025-08-11 10:42:14.000,MO2508-C-7500,1.6,1.4,1.6
2025-08-11,2025-08-11 10:42:16.000,MO2508-C-7500,1.6,1.4,1.6
2025-08-11,2025-08-11 10:42:21.500,MO2508-C-7500,1.6,1.4,1.6
2025-08-11,2025-08-11 10:42:23.500,MO2508-C-7500,1.6,1.4,1.6
2025-08-11,2025-08-11 10:42:24.000,MO2508-C-7500,1.6,1.4,1.6
2025-08-11,2025-08-11 10:42:27.000,MO2508-C-7500,1.6,1.4,1.6
2025-08-11,2025-08-11 10:42:28.000,MO2508-C-7500,1.6,1.4,1.6
2025-08-11,2025-08-11 10:42:30.000,MO2508-C-7500,1.6,1.4,1.6
2025-08-11,2025-08-11 10:42:32.500,MO2508-C-7500,1.6,1.4,1.6
2025-08-11,2025-08-11 10:42:33.500,MO2508-C-7500,1.6,1.4,1.6
2025-08-11,2025-08-11 10:42:34.000,MO2508-C-7500,1.6,1.4,1.6
2025-08-11,2025-08-11 10:42:36.500,MO2508-C-7500,1.6,1.4,1.6
2025-08-11,2025-08-11 10:42:39.500,MO2508-C-7500,1.6,1.4,1.6
2025-08-11,2025-08-11 10:42:40.000,MO2508-C-7500,1.6,1.4,1.6
2025-08-11,2025-08-11 10:42:43.500,MO2508-C-7500,1.6,1.4,1.6
2025-08-11,2025-08-11 10:42:44.000,MO2508-C-7500,1.6,1.4,1.6
2025-08-11,2025-08-11 10:42:51.000,MO2508-C-7500,1.6,1.4,1.6
2025-08-11,2025-08-11 10:42:53.500,MO2508-C-7500,1.6,1.4,1.6
2025-08-11,2025-08-11 10:42:54.000,MO2508-C-7500,1.6,1.4,1.6
2025-08-11,2025-08-11 10:42:54.500,MO2508-C-7500,1.6,1.4,1.6
2025-08-11,2025-08-11 10:43:02.500,MO2508-C-7500,1.6,1.4,1.6
2025-08-11,2025-08-11 10:43:03.500,MO2508-C-7500,1.6,1.4,1.6
2025-08-11,2025-08-11 10:43:04.000,MO2508-C-7500,1.6,1.4,1.6
2025-08-11,2025-08-11 10:43:04.500,MO2508-C-7500,1.6,1.4,1.6
2025-08-11,2025-08-11 10:43:05.000,MO2508-C-7500,1.6,1.4,1.6
2025-08-11,2025-08-11 10:43:05.500,MO2508-C-7500,1.6,1.4,1.6
2025-08-11,2025-08-11 10:43:10.500,MO2508-C-7500,1.6,1.4,1.6
2025-08-11,2025-08-11 10:43:11.000,MO2508-C-7500,1.6,1.4,1.6
2025-08-11,2025-08-11 10:43:11.500,MO2508-C-7500,1.6,1.4,1.6
2025-08-11,2025-08-11 10:43:12.000,MO2508-C-7500,1.6,1.4,1.6
2025-08-11,2025-08-11 10:43:12.500,MO2508-C-7500,1.6,1.4,1.6
2025-08-11,2025-08-11 10:43:13.500,MO2508-C-7500,1.6,1.4,1.6
2025-08-11,2025-08-11 10:43:14.000,MO2508-C-7500,1.6,1.4,1.6
2025-08-11,2025-08-11 10:43:14.500,MO2508-C-7500,1.6,1.4,1.6
2025-08-11,2025-08-11 10:43:23.500,MO2508-C-7500,1.6,1.4,1.6
2025-08-11,2025-08-11 10:43:24.000,MO2508-C-7500,1.6,1.4,1.6
2025-08-11,2025-08-11 10:43:24.500,MO2508-C-7500,1.6,1.4,1.6
2025-08-11,2025-08-11 10:43:25.500,MO2508-C-7500,1.6,1.4,1.6
2025-08-11,2025-08-11 10:43:28.500,MO2508-C-7500,1.6,1.4,1.6
2025-08-11,2025-08-11 10:43:33.500,MO2508-C-7500,1.6,1.4,1.6
2025-08-11,2025-08-11 10:43:34.000,MO2508-C-7500,1.6,1.4,1.6
2025-08-11,2025-08-11 10:43:35.500,MO2508-C-7500,1.6,1.4,1.6
2025-08-11,2025-08-11 10:43:36.000,MO2508-C-7500,1.6,1.4,1.6
2025-08-11,2025-08-11 10:43:37.500,MO2508-C-7500,1.6,1.4,1.6
2025-08-11,2025-08-11 10:43:38.500,MO2508-C-7500,1.6,1.4,1.6
2025-08-11,2025-08-11 10:43:39.500,MO2508-C-7500,1.6,1.4,1.6
2025-08-11,2025-08-11 10:43:40.500,MO2508-C-7500,1.6,1.4,1.6
2025-08-11,2025-08-11 10:43:43.500,MO2508-C-7500,1.6,1.4,1.6
2025-08-11,2025-08-11 10:43:44.000,MO2508-C-7500,1.6,1.4,1.6
2025-08-11,2025-08-11 10:43:45.500,MO2508-C-7500,1.6,1.4,1.6
2025-08-11,2025-08-11 10:43:46.500,MO2508-C-7500,1.6,1.4,1.6
2025-08-11,2025-08-11 10:43:48.000,MO2508-C-7500,1.6,1.4,1.6
2025-08-11,2025-08-11 10:43:50.500,MO2508-C-7500,1.6,1.4,1.6
2025-08-11,2025-08-11 10:43:52.500,MO2508-C-7500,1.6,1.4,1.6
2025-08-11,2025-08-11 10:43:53.500,MO2508-C-7500,1.6,1.4,1.6
2025-08-11,2025-08-11 10:43:54.000,MO2508-C-7500,1.6,1.4,1.6
2025-08-11,2025-08-11 10:43:55.500,MO2508-C-7500,1.6,1.4,1.6
2025-08-11,2025-08-11 10:44:03.500,MO2508-C-7500,1.6,1.4,1.6
2025-08-11,2025-08-11 10:44:04.000,MO2508-C-7500,1.6,1.4,1.6
2025-08-11,2025-08-11 10:44:05.500,MO2508-C-7500,1.6,1.4,1.6
2025-08-11,2025-08-11 10:44:12.000,MO2508-C-7500,1.6,1.4,1.6
2025-08-11,2025-08-11 10:44:13.500,MO2508-C-7500,1.6,1.4,1.6
2025-08-11,2025-08-11 10:44:14.000,MO2508-C-7500,1.6,1.4,1.6
2025-08-11,2025-08-11 10:44:17.000,MO2508-C-7500,1.6,1.4,1.6
2025-08-11,2025-08-11 10:44:23.500,MO2508-C-7500,1.6,1.4,1.6
2025-08-11,2025-08-11 10:44:24.000,MO2508-C-7500,1.6,1.4,1.6
2025-08-11,2025-08-11 10:44:33.500,MO2508-C-7500,1.6,1.4,1.6
2025-08-11,2025-08-11 10:44:34.000,MO2508-C-7500,1.6,1.4,1.6
2025-08-11,2025-08-11 10:44:43.500,MO2508-C-7500,1.6,1.4,1.6
2025-08-11,2025-08-11 10:44:44.000,MO2508-C-7500,1.6,1.4,1.6
2025-08-11,2025-08-11 10:44:53.500,MO2508-C-7500,1.6,1.4,1.6
2025-08-11,2025-08-11 10:44:54.000,MO2508-C-7500,1.6,1.4,1.6
2025-08-11,2025-08-11 10:45:02.500,MO2508-C-7500,1.6,1.4,1.6
2025-08-11,2025-08-11 10:45:03.500,MO2508-C-7500,1.6,1.4,1.6
2025-08-11,2025-08-11 10:45:04.000,MO2508-C-7500,1.6,1.4,1.6
2025-08-11,2025-08-11 10:45:09.500,MO2508-C-7500,1.6,1.4,1.6
2025-08-11,2025-08-11 10:45:10.000,MO2508-C-7500,1.6,1.4,1.6
2025-08-11,2025-08-11 10:45:13.500,MO2508-C-7500,1.6,1.4,1.6
2025-08-11,2025-08-11 10:45:14.000,MO2508-C-7500,1.6,1.4,1.6
2025-08-11,2025-08-11 10:45:23.500,MO2508-C-7500,1.6,1.4,1.6
2025-08-11,2025-08-11 10:45:24.000,MO2508-C-7500,1.6,1.4,1.6
2025-08-11,2025-08-11 10:45:30.000,MO2508-C-7500,1.6,1.4,1.6
2025-08-11,2025-08-11 10:45:33.500,MO2508-C-7500,1.6,1.4,1.6
2025-08-11,2025-08-11 10:45:34.000,MO2508-C-7500,1.6,1.4,1.6
2025-08-11,2025-08-11 10:45:43.500,MO2508-C-7500,1.6,1.4,1.6
2025-08-11,2025-08-11 10:45:44.000,MO2508-C-7500,1.6,1.4,1.6
2025-08-11,2025-08-11 10:45:44.500,MO2508-C-7500,1.6,1.4,1.6
2025-08-11,2025-08-11 10:45:47.000,MO2508-C-7500,1.6,1.4,1.6
2025-08-11,2025-08-11 10:45:53.500,MO2508-C-7500,1.6,1.4,1.6
2025-08-11,2025-08-11 10:45:54.000,MO2508-C-7500,1.6,1.4,1.6
2025-08-11,2025-08-11 10:46:03.500,MO2508-C-7500,1.6,1.4,1.6
2025-08-11,2025-08-11 10:46:04.000,MO2508-C-7500,1.6,1.4,1.6
2025-08-11,2025-08-11 10:46:11.000,MO2508-C-7500,1.6,1.4,1.6
2025-08-11,2025-08-11 10:46:13.500,MO2508-C-7500,1.6,1.4,1.6
2025-08-11,2025-08-11 10:46:14.000,MO2508-C-7500,1.6,1.4,1.6
2025-08-11,2025-08-11 10:46:14.500,MO2508-C-7500,1.6,1.4,1.6
2025-08-11,2025-08-11 10:46:16.500,MO2508-C-7500,1.6,1.4,1.6
2025-08-11,2025-08-11 10:46:22.500,MO2508-C-7500,1.6,1.4,1.6
2025-08-11,2025-08-11 10:46:23.000,MO2508-C-7500,1.6,1.4,1.6
2025-08-11,2025-08-11 10:46:23.500,MO2508-C-7500,1.6,1.4,1.6
2025-08-11,2025-08-11 10:46:24.000,MO2508-C-7500,1.6,1.4,1.6
2025-08-11,2025-08-11 10:46:24.500,MO2508-C-7500,1.6,1.4,1.6
2025-08-11,2025-08-11 10:46:33.500,MO2508-C-7500,1.6,1.4,1.6
2025-08-11,2025-08-11 10:46:34.000,MO2508-C-7500,1.6,1.4,1.6
2025-08-11,2025-08-11 10:46:34.500,MO2508-C-7500,1.6,1.4,1.6
2025-08-11,2025-08-11 10:46:35.000,MO2508-C-7500,1.6,1.4,1.6
2025-08-11,2025-08-11 10:46:43.500,MO2508-C-7500,1.6,1.4,1.6
2025-08-11,2025-08-11 10:46:44.000,MO2508-C-7500,1.6,1.4,1.6
2025-08-11,2025-08-11 10:46:53.500,MO2508-C-7500,1.6,1.4,1.6
2025-08-11,2025-08-11 10:46:54.000,MO2508-C-7500,1.6,1.4,1.6
2025-08-11,2025-08-11 10:46:57.000,MO2508-C-7500,1.6,1.4,1.6
2025-08-11,2025-08-11 10:47:03.500,MO2508-C-7500,1.6,1.4,1.6
2025-08-11,2025-08-11 10:47:04.000,MO2508-C-7500,1.6,1.4,1.6
2025-08-11,2025-08-11 10:47:09.500,MO2508-C-7500,1.6,1.4,1.6
2025-08-11,2025-08-11 10:47:11.500,MO2508-C-7500,1.6,1.4,1.6
2025-08-11,2025-08-11 10:47:13.500,MO2508-C-7500,1.6,1.4,1.6
2025-08-11,2025-08-11 10:47:14.000,MO2508-C-7500,1.6,1.4,1.6
2025-08-11,2025-08-11 10:47:15.500,MO2508-C-7500,1.6,1.4,1.6
2025-08-11,2025-08-11 10:47:16.500,MO2508-C-7500,1.6,1.4,1.6
2025-08-11,2025-08-11 10:47:18.000,MO2508-C-7500,1.6,1.4,1.6
2025-08-11,2025-08-11 10:47:20.500,MO2508-C-7500,1.6,1.4,1.6
2025-08-11,2025-08-11 10:47:22.000,MO2508-C-7500,1.6,1.4,1.6
2025-08-11,2025-08-11 10:47:23.500,MO2508-C-7500,1.6,1.4,1.6
2025-08-11,2025-08-11 10:47:24.000,MO2508-C-7500,1.6,1.4,1.6
2025-08-11,2025-08-11 10:47:24.500,MO2508-C-7500,1.6,1.4,1.6
2025-08-11,2025-08-11 10:47:28.000,MO2508-C-7500,1.6,1.4,1.6
2025-08-11,2025-08-11 10:47:29.000,MO2508-C-7500,1.6,1.4,1.6
2025-08-11,2025-08-11 10:47:33.500,MO2508-C-7500,1.6,1.4,1.6
2025-08-11,2025-08-11 10:47:34.000,MO2508-C-7500,1.6,1.4,1.6
2025-08-11,2025-08-11 10:47:35.000,MO2508-C-7500,1.6,1.4,1.6
2025-08-11,2025-08-11 10:47:43.500,MO2508-C-7500,1.6,1.4,1.6
2025-08-11,2025-08-11 10:47:44.000,MO2508-C-7500,1.6,1.4,1.6
2025-08-11,2025-08-11 10:47:44.500,MO2508-C-7500,1.6,1.4,1.6
2025-08-11,2025-08-11 10:47:53.500,MO2508-C-7500,1.6,1.4,1.6
2025-08-11,2025-08-11 10:47:54.000,MO2508-C-7500,1.6,1.4,1.6
2025-08-11,2025-08-11 10:47:54.500,MO2508-C-7500,1.6,1.4,1.6
2025-08-11,2025-08-11 10:47:55.000,MO2508-C-7500,1.6,1.4,1.6
2025-08-11,2025-08-11 10:47:58.500,MO2508-C-7500,1.6,1.4,1.6
2025-08-11,2025-08-11 10:48:03.500,MO2508-C-7500,1.6,1.4,1.6
2025-08-11,2025-08-11 10:48:04.000,MO2508-C-7500,1.6,1.4,1.6
2025-08-11,2025-08-11 10:48:05.000,MO2508-C-7500,1.6,1.4,1.6
2025-08-11,2025-08-11 10:48:08.500,MO2508-C-7500,1.6,1.4,1.6
2025-08-11,2025-08-11 10:48:09.000,MO2508-C-7500,1.6,1.4,1.6
2025-08-11,2025-08-11 10:48:11.500,MO2508-C-7500,1.6,1.4,1.6
2025-08-11,2025-08-11 10:48:12.000,MO2508-C-7500,1.6,1.4,1.6
2025-08-11,2025-08-11 10:48:12.500,MO2508-C-7500,1.6,1.4,1.6
2025-08-11,2025-08-11 10:48:13.500,MO2508-C-7500,1.6,1.4,1.6
2025-08-11,2025-08-11 10:48:14.000,MO2508-C-7500,1.6,1.4,1.6
2025-08-11,2025-08-11 10:48:14.500,MO2508-C-7500,1.6,1.4,1.6
2025-08-11,2025-08-11 10:48:15.500,MO2508-C-7500,1.6,1.4,1.6
2025-08-11,2025-08-11 10:48:17.000,MO2508-C-7500,1.6,1.4,1.6
2025-08-11,2025-08-11 10:48:23.500,MO2508-C-7500,1.6,1.4,1.6
2025-08-11,2025-08-11 10:48:24.000,MO2508-C-7500,1.6,1.4,1.6
2025-08-11,2025-08-11 10:48:31.500,MO2508-C-7500,1.6,1.4,1.6
2025-08-11,2025-08-11 10:48:33.500,MO2508-C-7500,1.6,1.4,1.6
2025-08-11,2025-08-11 10:48:34.000,MO2508-C-7500,1.6,1.4,1.6
2025-08-11,2025-08-11 10:48:39.000,MO2508-C-7500,1.6,1.4,1.6
2025-08-11,2025-08-11 10:48:43.500,MO2508-C-7500,1.6,1.4,1.6
2025-08-11,2025-08-11 10:48:44.000,MO2508-C-7500,1.6,1.4,1.6
2025-08-11,2025-08-11 10:48:53.500,MO2508-C-7500,1.6,1.4,1.6
2025-08-11,2025-08-11 10:48:54.000,MO2508-C-7500,1.6,1.4,1.6
2025-08-11,2025-08-11 10:49:03.500,MO2508-C-7500,1.6,1.4,1.6
2025-08-11,2025-08-11 10:49:04.000,MO2508-C-7500,1.6,1.4,1.6
2025-08-11,2025-08-11 10:49:13.500,MO2508-C-7500,1.6,1.4,1.6
2025-08-11,2025-08-11 10:49:14.000,MO2508-C-7500,1.6,1.4,1.6
2025-08-11,2025-08-11 10:49:23.500,MO2508-C-7500,1.6,1.4,1.6
2025-08-11,2025-08-11 10:49:24.000,MO2508-C-7500,1.6,1.4,1.6
2025-08-11,2025-08-11 10:49:25.500,MO2508-C-7500,1.6,1.4,1.6
2025-08-11,2025-08-11 10:49:26.500,MO2508-C-7500,1.6,1.4,1.6
2025-08-11,2025-08-11 10:49:29.000,MO2508-C-7500,1.6,1.4,1.6
2025-08-11,2025-08-11 10:49:30.000,MO2508-C-7500,1.6,1.4,1.6
2025-08-11,2025-08-11 10:49:33.500,MO2508-C-7500,1.6,1.4,1.6
2025-08-11,2025-08-11 10:49:34.000,MO2508-C-7500,1.6,1.4,1.6
2025-08-11,2025-08-11 10:49:34.500,MO2508-C-7500,1.6,1.4,1.6
2025-08-11,2025-08-11 10:49:35.000,MO2508-C-7500,1.6,1.4,1.6
2025-08-11,2025-08-11 10:49:38.500,MO2508-C-7500,1.6,1.4,1.6
2025-08-11,2025-08-11 10:49:40.000,MO2508-C-7500,1.6,1.4,1.6
2025-08-11,2025-08-11 10:49:43.500,MO2508-C-7500,1.6,1.4,1.6
2025-08-11,2025-08-11 10:49:44.000,MO2508-C-7500,1.6,1.4,1.6
2025-08-11,2025-08-11 10:49:46.000,MO2508-C-7500,1.6,1.4,1.6
2025-08-11,2025-08-11 10:49:49.500,MO2508-C-7500,1.6,1.4,1.6
2025-08-11,2025-08-11 10:49:50.000,MO2508-C-7500,1.6,1.4,1.6
2025-08-11,2025-08-11 10:49:50.500,MO2508-C-7500,1.6,1.4,1.6
2025-08-11,2025-08-11 10:49:51.500,MO2508-C-7500,1.6,1.4,1.6
2025-08-11,2025-08-11 10:49:53.000,MO2508-C-7500,1.6,1.4,1.6
2025-08-11,2025-08-11 10:49:53.500,MO2508-C-7500,1.6,1.4,1.6
2025-08-11,2025-08-11 10:49:54.000,MO2508-C-7500,1.6,1.4,1.6
2025-08-11,2025-08-11 10:49:54.500,MO2508-C-7500,1.6,1.4,1.6
2025-08-11,2025-08-11 10:50:01.000,MO2508-C-7500,1.6,1.4,1.6
2025-08-11,2025-08-11 10:50:03.500,MO2508-C-7500,1.6,1.4,1.6
2025-08-11,2025-08-11 10:50:04.000,MO2508-C-7500,1.6,1.4,1.6
2025-08-11,2025-08-11 10:50:04.500,MO2508-C-7500,1.6,1.4,1.6
2025-08-11,2025-08-11 10:50:08.000,MO2508-C-7500,1.6,1.4,1.6
2025-08-11,2025-08-11 10:50:09.500,MO2508-C-7500,1.6,1.4,1.6
2025-08-11,2025-08-11 10:50:12.000,MO2508-C-7500,1.6,1.4,1.6
2025-08-11,2025-08-11 10:50:13.500,MO2508-C-7500,1.6,1.4,1.6
2025-08-11,2025-08-11 10:50:14.000,MO2508-C-7500,1.6,1.4,1.6
2025-08-11,2025-08-11 10:50:14.500,MO2508-C-7500,1.6,1.4,1.6
2025-08-11,2025-08-11 10:50:20.500,MO2508-C-7500,1.6,1.4,1.6
2025-08-11,2025-08-11 10:50:22.500,MO2508-C-7500,1.6,1.4,1.6
2025-08-11,2025-08-11 10:50:23.000,MO2508-C-7500,1.6,1.4,1.6
2025-08-11,2025-08-11 10:50:23.500,MO2508-C-7500,1.6,1.4,1.6
2025-08-11,2025-08-11 10:50:24.000,MO2508-C-7500,1.6,1.4,1.6
2025-08-11,2025-08-11 10:50:25.500,MO2508-C-7500,1.6,1.4,1.6
2025-08-11,2025-08-11 10:50:26.000,MO2508-C-7500,1.6,1.4,1.6
2025-08-11,2025-08-11 10:50:26.500,MO2508-C-7500,1.6,1.4,1.6
2025-08-11,2025-08-11 10:50:29.500,MO2508-C-7500,1.6,1.4,1.6
2025-08-11,2025-08-11 10:50:30.000,MO2508-C-7500,1.6,1.4,1.6
2025-08-11,2025-08-11 10:50:33.500,MO2508-C-7500,1.6,1.4,1.6
2025-08-11,2025-08-11 10:50:34.000,MO2508-C-7500,1.6,1.4,1.6
2025-08-11,2025-08-11 10:50:34.500,MO2508-C-7500,1.6,1.4,1.6
2025-08-11,2025-08-11 10:50:35.000,MO2508-C-7500,1.6,1.4,1.6
2025-08-11,2025-08-11 10:50:35.500,MO2508-C-7500,1.6,1.4,1.6
2025-08-11,2025-08-11 10:50:36.000,MO2508-C-7500,1.6,1.4,1.6
2025-08-11,2025-08-11 10:50:41.000,MO2508-C-7500,1.6,1.4,1.6
2025-08-11,2025-08-11 10:50:41.500,MO2508-C-7500,1.6,1.4,1.6
2025-08-11,2025-08-11 10:50:43.500,MO2508-C-7500,1.6,1.4,1.6
2025-08-11,2025-08-11 10:50:44.000,MO2508-C-7500,1.6,1.4,1.6
2025-08-11,2025-08-11 10:50:44.500,MO2508-C-7500,1.6,1.4,1.6
2025-08-11,2025-08-11 10:50:53.500,MO2508-C-7500,1.6,1.4,1.6
2025-08-11,2025-08-11 10:50:54.000,MO2508-C-7500,1.6,1.4,1.6
2025-08-11,2025-08-11 10:51:03.500,MO2508-C-7500,1.6,1.4,1.6
2025-08-11,2025-08-11 10:51:04.000,MO2508-C-7500,1.6,1.4,1.6
2025-08-11,2025-08-11 10:51:05.500,MO2508-C-7500,1.6,1.4,1.6
2025-08-11,2025-08-11 10:51:13.500,MO2508-C-7500,1.6,1.4,1.6
2025-08-11,2025-08-11 10:51:14.000,MO2508-C-7500,1.6,1.4,1.6
2025-08-11,2025-08-11 10:51:14.500,MO2508-C-7500,1.4,1.4,1.6
2025-08-11,2025-08-11 10:51:15.500,MO2508-C-7500,1.4,1.4,1.6
2025-08-11,2025-08-11 10:51:16.000,MO2508-C-7500,1.4,1.4,1.6
2025-08-11,2025-08-11 10:51:19.000,MO2508-C-7500,1.4,1.4,1.6
2025-08-11,2025-08-11 10:51:19.500,MO2508-C-7500,1.4,1.4,1.6
2025-08-11,2025-08-11 10:51:23.500,MO2508-C-7500,1.4,1.4,1.6
2025-08-11,2025-08-11 10:51:24.000,MO2508-C-7500,1.4,1.4,1.6
2025-08-11,2025-08-11 10:51:33.500,MO2508-C-7500,1.4,1.4,1.6
2025-08-11,2025-08-11 10:51:34.000,MO2508-C-7500,1.4,1.4,1.6
2025-08-11,2025-08-11 10:51:34.500,MO2508-C-7500,1.4,1.4,1.6
2025-08-11,2025-08-11 10:51:35.000,MO2508-C-7500,1.4,1.4,1.6
2025-08-11,2025-08-11 10:51:36.500,MO2508-C-7500,1.4,1.4,1.6
2025-08-11,2025-08-11 10:51:37.000,MO2508-C-7500,1.4,1.4,1.6
2025-08-11,2025-08-11 10:51:43.500,MO2508-C-7500,1.4,1.4,1.6
2025-08-11,2025-08-11 10:51:44.000,MO2508-C-7500,1.4,1.4,1.6
2025-08-11,2025-08-11 10:51:44.500,MO2508-C-7500,1.4,1.4,1.6
2025-08-11,2025-08-11 10:51:46.500,MO2508-C-7500,1.4,1.4,1.6
2025-08-11,2025-08-11 10:51:53.500,MO2508-C-7500,1.4,1.4,1.6
2025-08-11,2025-08-11 10:51:54.000,MO2508-C-7500,1.4,1.4,1.6
2025-08-11,2025-08-11 10:52:00.000,MO2508-C-7500,1.4,1.4,1.6
2025-08-11,2025-08-11 10:52:03.500,MO2508-C-7500,1.4,1.4,1.6
2025-08-11,2025-08-11 10:52:04.000,MO2508-C-7500,1.4,1.4,1.6
2025-08-11,2025-08-11 10:52:05.500,MO2508-C-7500,1.4,1.4,1.6
2025-08-11,2025-08-11 10:52:06.000,MO2508-C-7500,1.4,1.4,1.6
2025-08-11,2025-08-11 10:52:09.000,MO2508-C-7500,1.4,1.4,1.6
2025-08-11,2025-08-11 10:52:09.500,MO2508-C-7500,1.4,1.4,1.6
2025-08-11,2025-08-11 10:52:12.500,MO2508-C-7500,1.4,1.4,1.6
2025-08-11,2025-08-11 10:52:13.000,MO2508-C-7500,1.4,1.4,1.6
2025-08-11,2025-08-11 10:52:13.500,MO2508-C-7500,1.4,1.4,1.6
2025-08-11,2025-08-11 10:52:14.000,MO2508-C-7500,1.4,1.4,1.6
2025-08-11,2025-08-11 10:52:14.500,MO2508-C-7500,1.4,1.4,1.6
2025-08-11,2025-08-11 10:52:15.000,MO2508-C-7500,1.4,1.4,1.6
2025-08-11,2025-08-11 10:52:16.500,MO2508-C-7500,1.4,1.4,1.6
2025-08-11,2025-08-11 10:52:17.000,MO2508-C-7500,1.4,1.4,1.6
2025-08-11,2025-08-11 10:52:17.500,MO2508-C-7500,1.4,1.4,1.6
2025-08-11,2025-08-11 10:52:20.500,MO2508-C-7500,1.4,1.4,1.6
2025-08-11,2025-08-11 10:52:21.000,MO2508-C-7500,1.4,1.4,1.6
2025-08-11,2025-08-11 10:52:23.500,MO2508-C-7500,1.4,1.4,1.6
2025-08-11,2025-08-11 10:52:24.000,MO2508-C-7500,1.4,1.4,1.6
2025-08-11,2025-08-11 10:52:24.500,MO2508-C-7500,1.4,1.4,1.6
2025-08-11,2025-08-11 10:52:26.500,MO2508-C-7500,1.4,1.4,1.6
2025-08-11,2025-08-11 10:52:27.000,MO2508-C-7500,1.4,1.4,1.6
2025-08-11,2025-08-11 10:52:27.500,MO2508-C-7500,1.4,1.2,1.6
2025-08-11,2025-08-11 10:52:28.000,MO2508-C-7500,1.4,1.2,1.6
2025-08-11,2025-08-11 10:52:32.500,MO2508-C-7500,1.4,1.2,1.6
2025-08-11,2025-08-11 10:52:33.000,MO2508-C-7500,1.4,1.2,1.6
2025-08-11,2025-08-11 10:52:33.500,MO2508-C-7500,1.4,1.2,1.6
2025-08-11,2025-08-11 10:52:34.000,MO2508-C-7500,1.4,1.2,1.6
2025-08-11,2025-08-11 10:52:36.000,MO2508-C-7500,1.4,1.2,1.6
2025-08-11,2025-08-11 10:52:36.500,MO2508-C-7500,1.4,1.2,1.6
2025-08-11,2025-08-11 10:52:38.500,MO2508-C-7500,1.4,1.2,1.6
2025-08-11,2025-08-11 10:52:39.000,MO2508-C-7500,1.4,1.2,1.6
2025-08-11,2025-08-11 10:52:43.500,MO2508-C-7500,1.4,1.2,1.6
2025-08-11,2025-08-11 10:52:44.000,MO2508-C-7500,1.4,1.2,1.6
2025-08-11,2025-08-11 10:52:46.500,MO2508-C-7500,1.4,1.2,1.6
2025-08-11,2025-08-11 10:52:47.000,MO2508-C-7500,1.4,1.2,1.6
2025-08-11,2025-08-11 10:52:47.500,MO2508-C-7500,1.4,1.2,1.6
2025-08-11,2025-08-11 10:52:53.500,MO2508-C-7500,1.4,1.2,1.6
2025-08-11,2025-08-11 10:52:54.000,MO2508-C-7500,1.4,1.2,1.6
2025-08-11,2025-08-11 10:52:54.500,MO2508-C-7500,1.4,1.2,1.6
2025-08-11,2025-08-11 10:52:55.500,MO2508-C-7500,1.4,1.2,1.6
2025-08-11,2025-08-11 10:52:59.500,MO2508-C-7500,1.4,1.2,1.6
2025-08-11,2025-08-11 10:53:00.000,MO2508-C-7500,1.4,1.2,1.6
2025-08-11,2025-08-11 10:53:00.500,MO2508-C-7500,1.4,1.2,1.6
2025-08-11,2025-08-11 10:53:01.000,MO2508-C-7500,1.4,1.2,1.6
2025-08-11,2025-08-11 10:53:01.500,MO2508-C-7500,1.4,1.2,1.6
2025-08-11,2025-08-11 10:53:03.000,MO2508-C-7500,1.4,1.2,1.6
2025-08-11,2025-08-11 10:53:03.500,MO2508-C-7500,1.4,1.2,1.6
2025-08-11,2025-08-11 10:53:04.000,MO2508-C-7500,1.4,1.2,1.6
2025-08-11,2025-08-11 10:53:06.500,MO2508-C-7500,1.4,1.2,1.6
2025-08-11,2025-08-11 10:53:07.500,MO2508-C-7500,1.4,1.2,1.6
2025-08-11,2025-08-11 10:53:09.000,MO2508-C-7500,1.4,1.2,1.6
2025-08-11,2025-08-11 10:53:13.500,MO2508-C-7500,1.4,1.2,1.6
2025-08-11,2025-08-11 10:53:14.000,MO2508-C-7500,1.4,1.2,1.6
2025-08-11,2025-08-11 10:53:21.000,MO2508-C-7500,1.4,1.2,1.6
2025-08-11,2025-08-11 10:53:23.500,MO2508-C-7500,1.4,1.2,1.6
2025-08-11,2025-08-11 10:53:24.000,MO2508-C-7500,1.4,1.2,1.6
2025-08-11,2025-08-11 10:53:24.500,MO2508-C-7500,1.4,1.2,1.6
2025-08-11,2025-08-11 10:53:31.000,MO2508-C-7500,1.4,1.2,1.6
2025-08-11,2025-08-11 10:53:31.500,MO2508-C-7500,1.4,1.2,1.6
2025-08-11,2025-08-11 10:53:32.000,MO2508-C-7500,1.4,1.2,1.6
2025-08-11,2025-08-11 10:53:32.500,MO2508-C-7500,1.4,1.2,1.6
2025-08-11,2025-08-11 10:53:33.000,MO2508-C-7500,1.4,1.2,1.6
2025-08-11,2025-08-11 10:53:33.500,MO2508-C-7500,1.4,1.2,1.6
2025-08-11,2025-08-11 10:53:34.000,MO2508-C-7500,1.4,1.2,1.6
2025-08-11,2025-08-11 10:53:34.500,MO2508-C-7500,1.4,1.2,1.6
2025-08-11,2025-08-11 10:53:35.000,MO2508-C-7500,1.4,1.2,1.6
2025-08-11,2025-08-11 10:53:35.500,MO2508-C-7500,1.4,1.2,1.6
2025-08-11,2025-08-11 10:53:36.500,MO2508-C-7500,1.4,1.2,1.6
2025-08-11,2025-08-11 10:53:37.000,MO2508-C-7500,1.4,1.2,1.6
2025-08-11,2025-08-11 10:53:43.000,MO2508-C-7500,1.4,1.2,1.6
2025-08-11,2025-08-11 10:53:43.500,MO2508-C-7500,1.4,1.2,1.6
2025-08-11,2025-08-11 10:53:44.000,MO2508-C-7500,1.4,1.2,1.6
2025-08-11,2025-08-11 10:53:44.500,MO2508-C-7500,1.4,1.2,1.6
2025-08-11,2025-08-11 10:53:45.000,MO2508-C-7500,1.4,1.2,1.6
2025-08-11,2025-08-11 10:53:45.500,MO2508-C-7500,1.4,1.2,1.6
2025-08-11,2025-08-11 10:53:46.000,MO2508-C-7500,1.4,1.2,1.6
2025-08-11,2025-08-11 10:53:46.500,MO2508-C-7500,1.4,1.2,1.6
2025-08-11,2025-08-11 10:53:47.000,MO2508-C-7500,1.4,1.2,1.6
2025-08-11,2025-08-11 10:53:47.500,MO2508-C-7500,1.4,1.2,1.6
2025-08-11,2025-08-11 10:53:48.000,MO2508-C-7500,1.4,1.2,1.6
2025-08-11,2025-08-11 10:53:48.500,MO2508-C-7500,1.4,1.2,1.6
2025-08-11,2025-08-11 10:53:49.000,MO2508-C-7500,1.4,1.2,1.6
2025-08-11,2025-08-11 10:53:53.000,MO2508-C-7500,1.4,1.2,1.6
2025-08-11,2025-08-11 10:53:53.500,MO2508-C-7500,1.4,1.2,1.6
2025-08-11,2025-08-11 10:53:54.000,MO2508-C-7500,1.4,1.2,1.6
2025-08-11,2025-08-11 10:53:55.000,MO2508-C-7500,1.4,1.2,1.6
2025-08-11,2025-08-11 10:53:56.500,MO2508-C-7500,1.4,1.2,1.6
2025-08-11,2025-08-11 10:53:57.000,MO2508-C-7500,1.4,1.2,1.6
2025-08-11,2025-08-11 10:53:57.500,MO2508-C-7500,1.4,1.2,1.6
2025-08-11,2025-08-11 10:54:01.000,MO2508-C-7500,1.4,1.2,1.6
2025-08-11,2025-08-11 10:54:02.000,MO2508-C-7500,1.4,1.2,1.6
2025-08-11,2025-08-11 10:54:02.500,MO2508-C-7500,1.4,1.2,1.6
2025-08-11,2025-08-11 10:54:03.000,MO2508-C-7500,1.4,1.2,1.6
2025-08-11,2025-08-11 10:54:03.500,MO2508-C-7500,1.4,1.2,1.6
2025-08-11,2025-08-11 10:54:04.000,MO2508-C-7500,1.4,1.2,1.6
2025-08-11,2025-08-11 10:54:06.000,MO2508-C-7500,1.4,1.2,1.6
2025-08-11,2025-08-11 10:54:06.500,MO2508-C-7500,1.4,1.2,1.6
2025-08-11,2025-08-11 10:54:13.500,MO2508-C-7500,1.4,1.2,1.6
2025-08-11,2025-08-11 10:54:14.000,MO2508-C-7500,1.4,1.2,1.6
2025-08-11,2025-08-11 10:54:22.500,MO2508-C-7500,1.4,1.2,1.6
2025-08-11,2025-08-11 10:54:23.000,MO2508-C-7500,1.4,1.2,1.6
2025-08-11,2025-08-11 10:54:23.500,MO2508-C-7500,1.4,1.2,1.6
2025-08-11,2025-08-11 10:54:24.000,MO2508-C-7500,1.4,1.2,1.6
2025-08-11,2025-08-11 10:54:26.000,MO2508-C-7500,1.4,1.2,1.6
2025-08-11,2025-08-11 10:54:26.500,MO2508-C-7500,1.4,1.2,1.6
2025-08-11,2025-08-11 10:54:29.500,MO2508-C-7500,1.4,1.2,1.6
2025-08-11,2025-08-11 10:54:30.500,MO2508-C-7500,1.4,1.2,1.6
2025-08-11,2025-08-11 10:54:31.000,MO2508-C-7500,1.4,1.2,1.6
2025-08-11,2025-08-11 10:54:33.500,MO2508-C-7500,1.4,1.2,1.6
2025-08-11,2025-08-11 10:54:34.000,MO2508-C-7500,1.4,1.2,1.6
2025-08-11,2025-08-11 10:54:39.000,MO2508-C-7500,1.4,1.2,1.6
2025-08-11,2025-08-11 10:54:43.500,MO2508-C-7500,1.4,1.2,1.6
2025-08-11,2025-08-11 10:54:44.000,MO2508-C-7500,1.4,1.2,1.6
2025-08-11,2025-08-11 10:54:48.000,MO2508-C-7500,1.4,1.2,1.6
2025-08-11,2025-08-11 10:54:50.500,MO2508-C-7500,1.4,1.2,1.6
2025-08-11,2025-08-11 10:54:51.000,MO2508-C-7500,1.4,1.2,1.6
2025-08-11,2025-08-11 10:54:53.500,MO2508-C-7500,1.4,1.2,1.6
2025-08-11,2025-08-11 10:54:54.000,MO2508-C-7500,1.4,1.2,1.6
2025-08-11,2025-08-11 10:55:01.500,MO2508-C-7500,1.4,1.2,1.6
2025-08-11,2025-08-11 10:55:02.000,MO2508-C-7500,1.4,1.2,1.6
2025-08-11,2025-08-11 10:55:03.500,MO2508-C-7500,1.4,1.2,1.6
2025-08-11,2025-08-11 10:55:04.000,MO2508-C-7500,1.4,1.2,1.6
2025-08-11,2025-08-11 10:55:13.500,MO2508-C-7500,1.4,1.2,1.6
2025-08-11,2025-08-11 10:55:14.000,MO2508-C-7500,1.4,1.2,1.6
2025-08-11,2025-08-11 10:55:15.500,MO2508-C-7500,1.4,1.2,1.6
2025-08-11,2025-08-11 10:55:16.000,MO2508-C-7500,1.4,1.2,1.6
2025-08-11,2025-08-11 10:55:23.500,MO2508-C-7500,1.4,1.2,1.6
2025-08-11,2025-08-11 10:55:24.000,MO2508-C-7500,1.4,1.2,1.6
2025-08-11,2025-08-11 10:55:33.500,MO2508-C-7500,1.4,1.2,1.6
2025-08-11,2025-08-11 10:55:34.000,MO2508-C-7500,1.4,1.2,1.6
2025-08-11,2025-08-11 10:55:43.500,MO2508-C-7500,1.4,1.2,1.6
2025-08-11,2025-08-11 10:55:44.000,MO2508-C-7500,1.4,1.2,1.6
2025-08-11,2025-08-11 10:55:49.000,MO2508-C-7500,1.4,1.2,1.6
2025-08-11,2025-08-11 10:55:49.500,MO2508-C-7500,1.4,1.2,1.6
2025-08-11,2025-08-11 10:55:51.500,MO2508-C-7500,1.4,1.2,1.6
2025-08-11,2025-08-11 10:55:52.500,MO2508-C-7500,1.4,1.2,1.6
2025-08-11,2025-08-11 10:55:53.000,MO2508-C-7500,1.4,1.2,1.6
2025-08-11,2025-08-11 10:55:53.500,MO2508-C-7500,1.4,1.2,1.6
2025-08-11,2025-08-11 10:55:54.000,MO2508-C-7500,1.4,1.2,1.6
2025-08-11,2025-08-11 10:55:55.500,MO2508-C-7500,1.4,1.2,1.6
2025-08-11,2025-08-11 10:55:56.000,MO2508-C-7500,1.4,1.2,1.6
2025-08-11,2025-08-11 10:55:57.500,MO2508-C-7500,1.4,1.2,1.6
2025-08-11,2025-08-11 10:56:01.000,MO2508-C-7500,1.4,1.2,1.6
2025-08-11,2025-08-11 10:56:01.500,MO2508-C-7500,1.4,1.2,1.6
2025-08-11,2025-08-11 10:56:02.000,MO2508-C-7500,1.4,1.4,1.6
2025-08-11,2025-08-11 10:56:02.500,MO2508-C-7500,1.4,1.2,1.6
2025-08-11,2025-08-11 10:56:03.000,MO2508-C-7500,1.4,1.2,1.6
2025-08-11,2025-08-11 10:56:03.500,MO2508-C-7500,1.4,1.2,1.6
2025-08-11,2025-08-11 10:56:04.000,MO2508-C-7500,1.4,1.2,1.6
2025-08-11,2025-08-11 10:56:06.500,MO2508-C-7500,1.4,1.2,1.6
2025-08-11,2025-08-11 10:56:07.000,MO2508-C-7500,1.4,1.2,1.6
2025-08-11,2025-08-11 10:56:07.500,MO2508-C-7500,1.4,1.2,1.6
2025-08-11,2025-08-11 10:56:08.000,MO2508-C-7500,1.4,1.2,1.6
2025-08-11,2025-08-11 10:56:08.500,MO2508-C-7500,1.4,1.2,1.6
2025-08-11,2025-08-11 10:56:09.000,MO2508-C-7500,1.4,1.2,1.6
2025-08-11,2025-08-11 10:56:10.000,MO2508-C-7500,1.4,1.2,1.6
2025-08-11,2025-08-11 10:56:12.000,MO2508-C-7500,1.4,1.2,1.4
2025-08-11,2025-08-11 10:56:12.500,MO2508-C-7500,1.4,1.2,1.4
2025-08-11,2025-08-11 10:56:13.500,MO2508-C-7500,1.4,1.2,1.4
2025-08-11,2025-08-11 10:56:14.000,MO2508-C-7500,1.4,1.2,1.4
2025-08-11,2025-08-11 10:56:17.000,MO2508-C-7500,1.4,1.2,1.4
2025-08-11,2025-08-11 10:56:23.500,MO2508-C-7500,1.4,1.2,1.4
2025-08-11,2025-08-11 10:56:24.000,MO2508-C-7500,1.4,1.2,1.4
2025-08-11,2025-08-11 10:56:25.500,MO2508-C-7500,1.4,1.2,1.4
2025-08-11,2025-08-11 10:56:33.500,MO2508-C-7500,1.4,1.2,1.4
2025-08-11,2025-08-11 10:56:34.000,MO2508-C-7500,1.4,1.2,1.4
2025-08-11,2025-08-11 10:56:40.000,MO2508-C-7500,1.4,1.2,1.4
2025-08-11,2025-08-11 10:56:43.500,MO2508-C-7500,1.4,1.2,1.4
2025-08-11,2025-08-11 10:56:44.000,MO2508-C-7500,1.4,1.2,1.4
2025-08-11,2025-08-11 10:56:50.500,MO2508-C-7500,1.4,1.2,1.4
2025-08-11,2025-08-11 10:56:53.500,MO2508-C-7500,1.4,1.2,1.4
2025-08-11,2025-08-11 10:56:54.000,MO2508-C-7500,1.4,1.2,1.4
2025-08-11,2025-08-11 10:57:02.500,MO2508-C-7500,1.4,1.2,1.4
2025-08-11,2025-08-11 10:57:03.500,MO2508-C-7500,1.4,1.2,1.4
2025-08-11,2025-08-11 10:57:04.000,MO2508-C-7500,1.4,1.2,1.4
2025-08-11,2025-08-11 10:57:06.500,MO2508-C-7500,1.4,1.2,1.4
2025-08-11,2025-08-11 10:57:13.500,MO2508-C-7500,1.4,1.2,1.4
2025-08-11,2025-08-11 10:57:14.000,MO2508-C-7500,1.4,1.2,1.4
2025-08-11,2025-08-11 10:57:15.500,MO2508-C-7500,1.2,1.2,1.4
2025-08-11,2025-08-11 10:57:20.000,MO2508-C-7500,1.2,1.2,1.4
2025-08-11,2025-08-11 10:57:20.500,MO2508-C-7500,1.2,1.2,1.4
2025-08-11,2025-08-11 10:57:21.000,MO2508-C-7500,1.2,1.2,1.4
2025-08-11,2025-08-11 10:57:23.500,MO2508-C-7500,1.2,1.2,1.4
2025-08-11,2025-08-11 10:57:24.000,MO2508-C-7500,1.2,1.2,1.4
2025-08-11,2025-08-11 10:57:24.500,MO2508-C-7500,1.2,1.2,1.4
2025-08-11,2025-08-11 10:57:33.500,MO2508-C-7500,1.2,1.2,1.4
2025-08-11,2025-08-11 10:57:34.000,MO2508-C-7500,1.2,1.2,1.4
2025-08-11,2025-08-11 10:57:34.500,MO2508-C-7500,1.2,1.2,1.4
2025-08-11,2025-08-11 10:57:43.500,MO2508-C-7500,1.2,1.2,1.4
2025-08-11,2025-08-11 10:57:44.000,MO2508-C-7500,1.2,1.2,1.4
2025-08-11,2025-08-11 10:57:44.500,MO2508-C-7500,1.2,1.2,1.4
2025-08-11,2025-08-11 10:57:53.500,MO2508-C-7500,1.2,1.2,1.4
2025-08-11,2025-08-11 10:57:54.000,MO2508-C-7500,1.2,1.2,1.4
2025-08-11,2025-08-11 10:57:54.500,MO2508-C-7500,1.2,1.2,1.4
2025-08-11,2025-08-11 10:57:59.500,MO2508-C-7500,1.2,1.2,1.4
2025-08-11,2025-08-11 10:58:00.500,MO2508-C-7500,1.2,1.2,1.4
2025-08-11,2025-08-11 10:58:01.500,MO2508-C-7500,1.2,1.2,1.4
2025-08-11,2025-08-11 10:58:02.500,MO2508-C-7500,1.2,1.2,1.4
2025-08-11,2025-08-11 10:58:03.500,MO2508-C-7500,1.2,1.2,1.4
2025-08-11,2025-08-11 10:58:04.000,MO2508-C-7500,1.2,1.2,1.4
2025-08-11,2025-08-11 10:58:04.500,MO2508-C-7500,1.2,1.2,1.4
2025-08-11,2025-08-11 10:58:13.500,MO2508-C-7500,1.2,1.2,1.4
2025-08-11,2025-08-11 10:58:14.000,MO2508-C-7500,1.2,1.2,1.4
2025-08-11,2025-08-11 10:58:14.500,MO2508-C-7500,1.2,1.2,1.4
2025-08-11,2025-08-11 10:58:23.500,MO2508-C-7500,1.2,1.2,1.4
2025-08-11,2025-08-11 10:58:24.000,MO2508-C-7500,1.2,1.2,1.4
2025-08-11,2025-08-11 10:58:24.500,MO2508-C-7500,1.2,1.2,1.4
2025-08-11,2025-08-11 10:58:25.500,MO2508-C-7500,1.2,1.2,1.4
2025-08-11,2025-08-11 10:58:33.500,MO2508-C-7500,1.2,1.2,1.4
2025-08-11,2025-08-11 10:58:34.000,MO2508-C-7500,1.2,1.2,1.4
2025-08-11,2025-08-11 10:58:34.500,MO2508-C-7500,1.2,1.2,1.4
2025-08-11,2025-08-11 10:58:37.000,MO2508-C-7500,1.2,1.2,1.4
2025-08-11,2025-08-11 10:58:43.500,MO2508-C-7500,1.2,1.2,1.4
2025-08-11,2025-08-11 10:58:44.000,MO2508-C-7500,1.2,1.2,1.4
2025-08-11,2025-08-11 10:58:53.500,MO2508-C-7500,1.2,1.2,1.4
2025-08-11,2025-08-11 10:58:54.000,MO2508-C-7500,1.2,1.2,1.4
2025-08-11,2025-08-11 10:59:03.500,MO2508-C-7500,1.2,1.2,1.4
2025-08-11,2025-08-11 10:59:04.000,MO2508-C-7500,1.2,1.2,1.4
2025-08-11,2025-08-11 10:59:04.500,MO2508-C-7500,1.2,1.2,1.4
2025-08-11,2025-08-11 10:59:13.500,MO2508-C-7500,1.2,1.2,1.4
2025-08-11,2025-08-11 10:59:14.000,MO2508-C-7500,1.2,1.2,1.4
2025-08-11,2025-08-11 10:59:23.500,MO2508-C-7500,1.2,1.2,1.4
2025-08-11,2025-08-11 10:59:24.000,MO2508-C-7500,1.2,1.2,1.4
2025-08-11,2025-08-11 10:59:26.000,MO2508-C-7500,1.2,1.2,1.4
2025-08-11,2025-08-11 10:59:26.500,MO2508-C-7500,1.2,1.2,1.4
2025-08-11,2025-08-11 10:59:33.500,MO2508-C-7500,1.2,1.2,1.4
2025-08-11,2025-08-11 10:59:34.000,MO2508-C-7500,1.2,1.2,1.4
2025-08-11,2025-08-11 10:59:43.500,MO2508-C-7500,1.2,1.2,1.4
2025-08-11,2025-08-11 10:59:44.000,MO2508-C-7500,1.2,1.2,1.4
2025-08-11,2025-08-11 10:59:51.500,MO2508-C-7500,1.2,1.2,1.4
2025-08-11,2025-08-11 10:59:53.500,MO2508-C-7500,1.2,1.2,1.4
2025-08-11,2025-08-11 10:59:54.000,MO2508-C-7500,1.4,1.2,1.4
2025-08-11,2025-08-11 10:59:54.500,MO2508-C-7500,1.4,1.2,1.4
2025-08-11,2025-08-11 10:59:55.500,MO2508-C-7500,1.4,1.2,1.4
2025-08-11,2025-08-11 10:59:56.000,MO2508-C-7500,1.4,1.2,1.4
2025-08-11,2025-08-11 10:59:56.500,MO2508-C-7500,1.4,1.2,1.4
2025-08-11,2025-08-11 10:59:59.000,MO2508-C-7500,1.4,1.2,1.4
2025-08-11,2025-08-11 10:59:59.500,MO2508-C-7500,1.4,1.2,1.4
2025-08-11,2025-08-11 11:00:01.500,MO2508-C-7500,1.4,1.2,1.4
2025-08-11,2025-08-11 11:00:02.000,MO2508-C-7500,1.4,1.2,1.4
2025-08-11,2025-08-11 11:00:02.500,MO2508-C-7500,1.4,1.2,1.4
2025-08-11,2025-08-11 11:00:03.500,MO2508-C-7500,1.4,1.2,1.4
2025-08-11,2025-08-11 11:00:04.000,MO2508-C-7500,1.4,1.2,1.4
2025-08-11,2025-08-11 11:00:10.000,MO2508-C-7500,1.4,1.2,1.4
2025-08-11,2025-08-11 11:00:11.000,MO2508-C-7500,1.4,1.2,1.4
2025-08-11,2025-08-11 11:00:13.500,MO2508-C-7500,1.4,1.2,1.4
2025-08-11,2025-08-11 11:00:14.000,MO2508-C-7500,1.4,1.2,1.4
2025-08-11,2025-08-11 11:00:23.500,MO2508-C-7500,1.4,1.2,1.4
2025-08-11,2025-08-11 11:00:24.000,MO2508-C-7500,1.4,1.2,1.4
2025-08-11,2025-08-11 11:00:31.500,MO2508-C-7500,1.4,1.2,1.4
2025-08-11,2025-08-11 11:00:32.000,MO2508-C-7500,1.4,1.2,1.4
2025-08-11,2025-08-11 11:00:33.500,MO2508-C-7500,1.4,1.2,1.4
2025-08-11,2025-08-11 11:00:34.000,MO2508-C-7500,1.4,1.2,1.4
2025-08-11,2025-08-11 11:00:43.500,MO2508-C-7500,1.4,1.2,1.4
2025-08-11,2025-08-11 11:00:44.000,MO2508-C-7500,1.4,1.2,1.4
2025-08-11,2025-08-11 11:00:45.500,MO2508-C-7500,1.4,1.2,1.4
2025-08-11,2025-08-11 11:00:46.500,MO2508-C-7500,1.4,1.2,1.4
2025-08-11,2025-08-11 11:00:50.500,MO2508-C-7500,1.4,1.2,1.4
2025-08-11,2025-08-11 11:00:53.500,MO2508-C-7500,1.4,1.2,1.4
2025-08-11,2025-08-11 11:00:54.000,MO2508-C-7500,1.4,1.2,1.4
2025-08-11,2025-08-11 11:01:03.500,MO2508-C-7500,1.4,1.2,1.4
2025-08-11,2025-08-11 11:01:04.000,MO2508-C-7500,1.4,1.2,1.4
2025-08-11,2025-08-11 11:01:13.500,MO2508-C-7500,1.4,1.2,1.4
2025-08-11,2025-08-11 11:01:14.000,MO2508-C-7500,1.4,1.2,1.4
2025-08-11,2025-08-11 11:01:15.500,MO2508-C-7500,1.4,1.2,1.4
2025-08-11,2025-08-11 11:01:17.000,MO2508-C-7500,1.4,1.2,1.4
2025-08-11,2025-08-11 11:01:17.500,MO2508-C-7500,1.4,1.2,1.4
2025-08-11,2025-08-11 11:01:18.000,MO2508-C-7500,1.4,1.2,1.4
2025-08-11,2025-08-11 11:01:18.500,MO2508-C-7500,1.4,1.2,1.4
2025-08-11,2025-08-11 11:01:19.500,MO2508-C-7500,1.4,1.2,1.4
2025-08-11,2025-08-11 11:01:21.500,MO2508-C-7500,1.4,1.2,1.4
2025-08-11,2025-08-11 11:01:23.500,MO2508-C-7500,1.4,1.2,1.4
2025-08-11,2025-08-11 11:01:24.000,MO2508-C-7500,1.4,1.2,1.4
2025-08-11,2025-08-11 11:01:24.500,MO2508-C-7500,1.4,1.2,1.4
2025-08-11,2025-08-11 11:01:25.500,MO2508-C-7500,1.4,1.2,1.4
2025-08-11,2025-08-11 11:01:28.500,MO2508-C-7500,1.4,1.2,1.4
2025-08-11,2025-08-11 11:01:33.500,MO2508-C-7500,1.4,1.2,1.4
2025-08-11,2025-08-11 11:01:34.000,MO2508-C-7500,1.4,1.2,1.4
2025-08-11,2025-08-11 11:01:41.500,MO2508-C-7500,1.4,1.2,1.4
2025-08-11,2025-08-11 11:01:43.500,MO2508-C-7500,1.4,1.2,1.4
2025-08-11,2025-08-11 11:01:44.000,MO2508-C-7500,1.4,1.2,1.4
2025-08-11,2025-08-11 11:01:46.000,MO2508-C-7500,1.4,1.2,1.4
2025-08-11,2025-08-11 11:01:47.000,MO2508-C-7500,1.4,1.2,1.4
2025-08-11,2025-08-11 11:01:48.000,MO2508-C-7500,1.4,1.2,1.4
2025-08-11,2025-08-11 11:01:53.500,MO2508-C-7500,1.4,1.2,1.4
2025-08-11,2025-08-11 11:01:54.000,MO2508-C-7500,1.4,1.2,1.4
2025-08-11,2025-08-11 11:02:03.500,MO2508-C-7500,1.4,1.2,1.4
2025-08-11,2025-08-11 11:02:04.000,MO2508-C-7500,1.4,1.2,1.4
2025-08-11,2025-08-11 11:02:05.500,MO2508-C-7500,1.4,1.2,1.4
2025-08-11,2025-08-11 11:02:06.000,MO2508-C-7500,1.4,1.2,1.4
2025-08-11,2025-08-11 11:02:06.500,MO2508-C-7500,1.4,1.2,1.4
2025-08-11,2025-08-11 11:02:08.500,MO2508-C-7500,1.4,1.2,1.4
2025-08-11,2025-08-11 11:02:09.500,MO2508-C-7500,1.4,1.2,1.4
2025-08-11,2025-08-11 11:02:12.500,MO2508-C-7500,1.4,1.2,1.4
2025-08-11,2025-08-11 11:02:13.500,MO2508-C-7500,1.4,1.2,1.4
2025-08-11,2025-08-11 11:02:14.000,MO2508-C-7500,1.4,1.2,1.4
2025-08-11,2025-08-11 11:02:18.000,MO2508-C-7500,1.4,1.2,1.4
2025-08-11,2025-08-11 11:02:23.500,MO2508-C-7500,1.4,1.2,1.4
2025-08-11,2025-08-11 11:02:24.000,MO2508-C-7500,1.4,1.2,1.4
2025-08-11,2025-08-11 11:02:33.500,MO2508-C-7500,1.4,1.2,1.4
2025-08-11,2025-08-11 11:02:34.000,MO2508-C-7500,1.4,1.2,1.4
2025-08-11,2025-08-11 11:02:43.500,MO2508-C-7500,1.4,1.2,1.4
2025-08-11,2025-08-11 11:02:44.000,MO2508-C-7500,1.4,1.2,1.4
2025-08-11,2025-08-11 11:02:53.500,MO2508-C-7500,1.4,1.2,1.4
2025-08-11,2025-08-11 11:02:54.000,MO2508-C-7500,1.4,1.2,1.4
2025-08-11,2025-08-11 11:03:03.500,MO2508-C-7500,1.4,1.2,1.4
2025-08-11,2025-08-11 11:03:04.000,MO2508-C-7500,1.4,1.2,1.4
2025-08-11,2025-08-11 11:03:06.000,MO2508-C-7500,1.4,1.2,1.4
2025-08-11,2025-08-11 11:03:13.500,MO2508-C-7500,1.4,1.2,1.4
2025-08-11,2025-08-11 11:03:14.000,MO2508-C-7500,1.4,1.2,1.4
2025-08-11,2025-08-11 11:03:22.500,MO2508-C-7500,1.4,1.2,1.4
2025-08-11,2025-08-11 11:03:23.500,MO2508-C-7500,1.4,1.2,1.4
2025-08-11,2025-08-11 11:03:24.000,MO2508-C-7500,1.4,1.2,1.4
2025-08-11,2025-08-11 11:03:24.500,MO2508-C-7500,1.4,1.2,1.4
2025-08-11,2025-08-11 11:03:29.000,MO2508-C-7500,1.4,1.2,1.4
2025-08-11,2025-08-11 11:03:29.500,MO2508-C-7500,1.4,1.2,1.4
2025-08-11,2025-08-11 11:03:30.000,MO2508-C-7500,1.4,1.2,1.4
2025-08-11,2025-08-11 11:03:30.500,MO2508-C-7500,1.4,1.2,1.6
2025-08-11,2025-08-11 11:03:31.000,MO2508-C-7500,1.4,1.2,1.6
2025-08-11,2025-08-11 11:03:31.500,MO2508-C-7500,1.4,1.2,1.6
2025-08-11,2025-08-11 11:03:32.000,MO2508-C-7500,1.4,1.4,1.6
2025-08-11,2025-08-11 11:03:32.500,MO2508-C-7500,1.4,1.4,1.6
2025-08-11,2025-08-11 11:03:33.000,MO2508-C-7500,1.4,1.4,1.6
2025-08-11,2025-08-11 11:03:33.500,MO2508-C-7500,1.4,1.4,1.6
2025-08-11,2025-08-11 11:03:34.000,MO2508-C-7500,1.4,1.4,1.6
2025-08-11,2025-08-11 11:03:36.000,MO2508-C-7500,1.4,1.4,1.6
2025-08-11,2025-08-11 11:03:36.500,MO2508-C-7500,1.4,1.4,1.6
2025-08-11,2025-08-11 11:03:41.500,MO2508-C-7500,1.4,1.4,1.6
2025-08-11,2025-08-11 11:03:42.000,MO2508-C-7500,1.4,1.4,1.6
2025-08-11,2025-08-11 11:03:43.500,MO2508-C-7500,1.4,1.4,1.6
2025-08-11,2025-08-11 11:03:44.000,MO2508-C-7500,1.4,1.4,1.6
2025-08-11,2025-08-11 11:03:53.500,MO2508-C-7500,1.4,1.4,1.6
2025-08-11,2025-08-11 11:03:54.000,MO2508-C-7500,1.4,1.4,1.6
2025-08-11,2025-08-11 11:03:57.500,MO2508-C-7500,1.4,1.4,1.6
2025-08-11,2025-08-11 11:03:58.500,MO2508-C-7500,1.4,1.4,1.6
2025-08-11,2025-08-11 11:03:59.000,MO2508-C-7500,1.4,1.4,1.6
2025-08-11,2025-08-11 11:03:59.500,MO2508-C-7500,1.4,1.4,1.6
2025-08-11,2025-08-11 11:04:00.000,MO2508-C-7500,1.4,1.4,1.6
2025-08-11,2025-08-11 11:04:01.000,MO2508-C-7500,1.4,1.4,1.6
2025-08-11,2025-08-11 11:04:03.500,MO2508-C-7500,1.4,1.4,1.6
2025-08-11,2025-08-11 11:04:04.000,MO2508-C-7500,1.4,1.4,1.6
2025-08-11,2025-08-11 11:04:08.000,MO2508-C-7500,1.4,1.4,1.6
2025-08-11,2025-08-11 11:04:09.500,MO2508-C-7500,1.6,1.4,1.6
2025-08-11,2025-08-11 11:04:10.500,MO2508-C-7500,1.6,1.4,1.6
2025-08-11,2025-08-11 11:04:11.500,MO2508-C-7500,1.6,1.4,1.6
2025-08-11,2025-08-11 11:04:12.000,MO2508-C-7500,1.6,1.4,1.6
2025-08-11,2025-08-11 11:04:13.500,MO2508-C-7500,1.6,1.4,1.6
2025-08-11,2025-08-11 11:04:14.000,MO2508-C-7500,1.6,1.4,1.6
2025-08-11,2025-08-11 11:04:16.500,MO2508-C-7500,1.6,1.4,1.6
2025-08-11,2025-08-11 11:04:18.000,MO2508-C-7500,1.6,1.4,1.6
2025-08-11,2025-08-11 11:04:18.500,MO2508-C-7500,1.6,1.4,1.6
2025-08-11,2025-08-11 11:04:19.500,MO2508-C-7500,1.6,1.4,1.6
2025-08-11,2025-08-11 11:04:21.000,MO2508-C-7500,1.6,1.4,1.6
2025-08-11,2025-08-11 11:04:23.500,MO2508-C-7500,1.6,1.4,1.6
2025-08-11,2025-08-11 11:04:24.000,MO2508-C-7500,1.6,1.4,1.6
2025-08-11,2025-08-11 11:04:33.500,MO2508-C-7500,1.6,1.4,1.6
2025-08-11,2025-08-11 11:04:34.000,MO2508-C-7500,1.6,1.4,1.6
2025-08-11,2025-08-11 11:04:42.000,MO2508-C-7500,1.6,1.4,1.6
2025-08-11,2025-08-11 11:04:43.000,MO2508-C-7500,1.6,1.4,1.6
2025-08-11,2025-08-11 11:04:43.500,MO2508-C-7500,1.6,1.4,1.6
2025-08-11,2025-08-11 11:04:44.000,MO2508-C-7500,1.6,1.4,1.6
2025-08-11,2025-08-11 11:04:52.000,MO2508-C-7500,1.6,1.4,1.6
2025-08-11,2025-08-11 11:04:52.500,MO2508-C-7500,1.6,1.4,1.6
2025-08-11,2025-08-11 11:04:53.500,MO2508-C-7500,1.6,1.4,1.6
2025-08-11,2025-08-11 11:04:54.000,MO2508-C-7500,1.6,1.4,1.6
2025-08-11,2025-08-11 11:05:03.500,MO2508-C-7500,1.6,1.4,1.6
2025-08-11,2025-08-11 11:05:04.000,MO2508-C-7500,1.6,1.4,1.6
2025-08-11,2025-08-11 11:05:13.500,MO2508-C-7500,1.6,1.4,1.6
2025-08-11,2025-08-11 11:05:14.000,MO2508-C-7500,1.6,1.4,1.6
2025-08-11,2025-08-11 11:05:21.500,MO2508-C-7500,1.6,1.4,1.6
2025-08-11,2025-08-11 11:05:22.000,MO2508-C-7500,1.6,1.4,1.6
2025-08-11,2025-08-11 11:05:23.500,MO2508-C-7500,1.6,1.4,1.6
2025-08-11,2025-08-11 11:05:24.000,MO2508-C-7500,1.6,1.4,1.6
2025-08-11,2025-08-11 11:05:32.500,MO2508-C-7500,1.6,1.4,1.6
2025-08-11,2025-08-11 11:05:33.000,MO2508-C-7500,1.6,1.4,1.6
2025-08-11,2025-08-11 11:05:33.500,MO2508-C-7500,1.6,1.4,1.6
2025-08-11,2025-08-11 11:05:34.000,MO2508-C-7500,1.6,1.4,1.6
2025-08-11,2025-08-11 11:05:43.500,MO2508-C-7500,1.6,1.4,1.6
2025-08-11,2025-08-11 11:05:44.000,MO2508-C-7500,1.6,1.4,1.6
2025-08-11,2025-08-11 11:05:53.500,MO2508-C-7500,1.6,1.4,1.6
2025-08-11,2025-08-11 11:05:54.000,MO2508-C-7500,1.6,1.4,1.6
2025-08-11,2025-08-11 11:06:03.500,MO2508-C-7500,1.6,1.4,1.6
2025-08-11,2025-08-11 11:06:04.000,MO2508-C-7500,1.6,1.4,1.6
2025-08-11,2025-08-11 11:06:13.500,MO2508-C-7500,1.6,1.4,1.6
2025-08-11,2025-08-11 11:06:14.000,MO2508-C-7500,1.6,1.4,1.6
2025-08-11,2025-08-11 11:06:23.500,MO2508-C-7500,1.6,1.4,1.6
2025-08-11,2025-08-11 11:06:24.000,MO2508-C-7500,1.6,1.4,1.6
2025-08-11,2025-08-11 11:06:33.500,MO2508-C-7500,1.6,1.4,1.6
2025-08-11,2025-08-11 11:06:34.000,MO2508-C-7500,1.6,1.4,1.6
2025-08-11,2025-08-11 11:06:43.500,MO2508-C-7500,1.6,1.4,1.6
2025-08-11,2025-08-11 11:06:44.000,MO2508-C-7500,1.6,1.4,1.6
2025-08-11,2025-08-11 11:06:46.500,MO2508-C-7500,1.6,1.4,1.6
2025-08-11,2025-08-11 11:06:47.000,MO2508-C-7500,1.6,1.4,1.6
2025-08-11,2025-08-11 11:06:53.500,MO2508-C-7500,1.6,1.4,1.6
2025-08-11,2025-08-11 11:06:54.000,MO2508-C-7500,1.6,1.4,1.6
2025-08-11,2025-08-11 11:07:03.500,MO2508-C-7500,1.6,1.4,1.6
2025-08-11,2025-08-11 11:07:04.000,MO2508-C-7500,1.6,1.4,1.6
2025-08-11,2025-08-11 11:07:13.500,MO2508-C-7500,1.6,1.4,1.6
2025-08-11,2025-08-11 11:07:14.000,MO2508-C-7500,1.6,1.4,1.6
2025-08-11,2025-08-11 11:07:16.000,MO2508-C-7500,1.6,1.4,1.6
2025-08-11,2025-08-11 11:07:17.500,MO2508-C-7500,1.6,1.4,1.6
2025-08-11,2025-08-11 11:07:18.000,MO2508-C-7500,1.6,1.4,1.6
2025-08-11,2025-08-11 11:07:18.500,MO2508-C-7500,1.6,1.4,1.6
2025-08-11,2025-08-11 11:07:19.000,MO2508-C-7500,1.6,1.4,1.6
2025-08-11,2025-08-11 11:07:20.500,MO2508-C-7500,1.6,1.4,1.6
2025-08-11,2025-08-11 11:07:21.000,MO2508-C-7500,1.6,1.4,1.6
2025-08-11,2025-08-11 11:07:21.500,MO2508-C-7500,1.6,1.4,1.6
2025-08-11,2025-08-11 11:07:22.000,MO2508-C-7500,1.6,1.4,1.6
2025-08-11,2025-08-11 11:07:23.500,MO2508-C-7500,1.6,1.4,1.6
2025-08-11,2025-08-11 11:07:24.000,MO2508-C-7500,1.6,1.4,1.6
2025-08-11,2025-08-11 11:07:33.500,MO2508-C-7500,1.6,1.4,1.6
2025-08-11,2025-08-11 11:07:34.000,MO2508-C-7500,1.6,1.4,1.6
2025-08-11,2025-08-11 11:07:38.500,MO2508-C-7500,1.6,1.4,1.6
2025-08-11,2025-08-11 11:07:40.500,MO2508-C-7500,1.6,1.4,1.6
2025-08-11,2025-08-11 11:07:41.000,MO2508-C-7500,1.6,1.4,1.6
2025-08-11,2025-08-11 11:07:43.500,MO2508-C-7500,1.6,1.4,1.6
2025-08-11,2025-08-11 11:07:44.000,MO2508-C-7500,1.6,1.4,1.6
2025-08-11,2025-08-11 11:07:50.000,MO2508-C-7500,1.6,1.4,1.6
2025-08-11,2025-08-11 11:07:51.500,MO2508-C-7500,1.6,1.4,1.6
2025-08-11,2025-08-11 11:07:52.500,MO2508-C-7500,1.6,1.4,1.6
2025-08-11,2025-08-11 11:07:53.500,MO2508-C-7500,1.6,1.4,1.6
2025-08-11,2025-08-11 11:07:54.000,MO2508-C-7500,1.6,1.4,1.6
2025-08-11,2025-08-11 11:07:55.500,MO2508-C-7500,1.6,1.4,1.6
2025-08-11,2025-08-11 11:07:56.000,MO2508-C-7500,1.6,1.4,1.6
2025-08-11,2025-08-11 11:07:57.000,MO2508-C-7500,1.6,1.4,1.6
2025-08-11,2025-08-11 11:07:58.500,MO2508-C-7500,1.6,1.4,1.6
2025-08-11,2025-08-11 11:07:59.000,MO2508-C-7500,1.6,1.4,1.6
2025-08-11,2025-08-11 11:08:00.000,MO2508-C-7500,1.6,1.4,1.6
2025-08-11,2025-08-11 11:08:00.500,MO2508-C-7500,1.6,1.4,1.6
2025-08-11,2025-08-11 11:08:01.500,MO2508-C-7500,1.6,1.4,1.6
2025-08-11,2025-08-11 11:08:02.000,MO2508-C-7500,1.6,1.4,1.6
2025-08-11,2025-08-11 11:08:03.500,MO2508-C-7500,1.6,1.4,1.6
2025-08-11,2025-08-11 11:08:04.000,MO2508-C-7500,1.6,1.4,1.6
2025-08-11,2025-08-11 11:08:13.500,MO2508-C-7500,1.6,1.4,1.6
2025-08-11,2025-08-11 11:08:14.000,MO2508-C-7500,1.6,1.4,1.6
2025-08-11,2025-08-11 11:08:16.500,MO2508-C-7500,1.6,1.4,1.6
2025-08-11,2025-08-11 11:08:17.500,MO2508-C-7500,1.6,1.4,1.6
2025-08-11,2025-08-11 11:08:23.500,MO2508-C-7500,1.6,1.4,1.6
2025-08-11,2025-08-11 11:08:24.000,MO2508-C-7500,1.6,1.4,1.6
2025-08-11,2025-08-11 11:08:33.500,MO2508-C-7500,1.6,1.4,1.6
2025-08-11,2025-08-11 11:08:34.000,MO2508-C-7500,1.6,1.4,1.6
2025-08-11,2025-08-11 11:08:43.500,MO2508-C-7500,1.6,1.4,1.6
2025-08-11,2025-08-11 11:08:44.000,MO2508-C-7500,1.6,1.4,1.6
2025-08-11,2025-08-11 11:08:53.500,MO2508-C-7500,1.6,1.4,1.6
2025-08-11,2025-08-11 11:08:54.000,MO2508-C-7500,1.6,1.4,1.6
2025-08-11,2025-08-11 11:09:03.500,MO2508-C-7500,1.6,1.4,1.6
2025-08-11,2025-08-11 11:09:04.000,MO2508-C-7500,1.6,1.4,1.6
2025-08-11,2025-08-11 11:09:05.000,MO2508-C-7500,1.6,1.4,1.6
2025-08-11,2025-08-11 11:09:07.000,MO2508-C-7500,1.6,1.4,1.6
2025-08-11,2025-08-11 11:09:13.500,MO2508-C-7500,1.6,1.4,1.6
2025-08-11,2025-08-11 11:09:14.000,MO2508-C-7500,1.6,1.4,1.6
2025-08-11,2025-08-11 11:09:14.500,MO2508-C-7500,1.6,1.4,1.6
2025-08-11,2025-08-11 11:09:18.000,MO2508-C-7500,1.6,1.4,1.6
2025-08-11,2025-08-11 11:09:23.500,MO2508-C-7500,1.6,1.4,1.6
2025-08-11,2025-08-11 11:09:24.000,MO2508-C-7500,1.6,1.4,1.6
2025-08-11,2025-08-11 11:09:25.500,MO2508-C-7500,1.6,1.4,1.6
2025-08-11,2025-08-11 11:09:32.500,MO2508-C-7500,1.6,1.4,1.6
2025-08-11,2025-08-11 11:09:33.500,MO2508-C-7500,1.6,1.4,1.6
2025-08-11,2025-08-11 11:09:34.000,MO2508-C-7500,1.6,1.4,1.6
2025-08-11,2025-08-11 11:09:35.500,MO2508-C-7500,1.6,1.4,1.6
2025-08-11,2025-08-11 11:09:39.000,MO2508-C-7500,1.6,1.4,1.6
2025-08-11,2025-08-11 11:09:39.500,MO2508-C-7500,1.6,1.4,1.6
2025-08-11,2025-08-11 11:09:40.500,MO2508-C-7500,1.6,1.4,1.6
2025-08-11,2025-08-11 11:09:43.500,MO2508-C-7500,1.6,1.4,1.6
2025-08-11,2025-08-11 11:09:44.000,MO2508-C-7500,1.6,1.4,1.6
2025-08-11,2025-08-11 11:09:46.000,MO2508-C-7500,1.6,1.4,1.6
2025-08-11,2025-08-11 11:09:48.500,MO2508-C-7500,1.6,1.4,1.6
2025-08-11,2025-08-11 11:09:49.000,MO2508-C-7500,1.6,1.4,1.6
2025-08-11,2025-08-11 11:09:51.000,MO2508-C-7500,1.6,1.4,1.6
2025-08-11,2025-08-11 11:09:52.000,MO2508-C-7500,1.6,1.4,1.6
2025-08-11,2025-08-11 11:09:53.500,MO2508-C-7500,1.6,1.4,1.6
2025-08-11,2025-08-11 11:09:54.000,MO2508-C-7500,1.6,1.4,1.6
2025-08-11,2025-08-11 11:09:55.500,MO2508-C-7500,1.6,1.4,1.6
2025-08-11,2025-08-11 11:09:58.500,MO2508-C-7500,1.6,1.4,1.6
2025-08-11,2025-08-11 11:10:02.000,MO2508-C-7500,1.6,1.4,1.6
2025-08-11,2025-08-11 11:10:03.500,MO2508-C-7500,1.6,1.4,1.6
2025-08-11,2025-08-11 11:10:04.000,MO2508-C-7500,1.6,1.4,1.6
2025-08-11,2025-08-11 11:10:04.500,MO2508-C-7500,1.6,1.4,1.6
2025-08-11,2025-08-11 11:10:07.500,MO2508-C-7500,1.6,1.4,1.6
2025-08-11,2025-08-11 11:10:13.000,MO2508-C-7500,1.6,1.4,1.6
2025-08-11,2025-08-11 11:10:13.500,MO2508-C-7500,1.6,1.4,1.6
2025-08-11,2025-08-11 11:10:14.000,MO2508-C-7500,1.6,1.4,1.6
2025-08-11,2025-08-11 11:10:23.500,MO2508-C-7500,1.6,1.4,1.6
2025-08-11,2025-08-11 11:10:24.000,MO2508-C-7500,1.6,1.4,1.6
2025-08-11,2025-08-11 11:10:30.500,MO2508-C-7500,1.6,1.4,1.6
2025-08-11,2025-08-11 11:10:31.500,MO2508-C-7500,1.6,1.4,1.6
2025-08-11,2025-08-11 11:10:33.500,MO2508-C-7500,1.6,1.4,1.6
2025-08-11,2025-08-11 11:10:34.000,MO2508-C-7500,1.6,1.4,1.6
2025-08-11,2025-08-11 11:10:35.500,MO2508-C-7500,1.6,1.4,1.6
2025-08-11,2025-08-11 11:10:36.500,MO2508-C-7500,1.6,1.4,1.6
2025-08-11,2025-08-11 11:10:39.500,MO2508-C-7500,1.6,1.4,1.6
2025-08-11,2025-08-11 11:10:40.500,MO2508-C-7500,1.6,1.4,1.6
2025-08-11,2025-08-11 11:10:43.500,MO2508-C-7500,1.6,1.4,1.6
2025-08-11,2025-08-11 11:10:44.000,MO2508-C-7500,1.6,1.4,1.6
2025-08-11,2025-08-11 11:10:47.500,MO2508-C-7500,1.6,1.4,1.6
2025-08-11,2025-08-11 11:10:49.000,MO2508-C-7500,1.6,1.4,1.6
2025-08-11,2025-08-11 11:10:49.500,MO2508-C-7500,1.6,1.4,1.6
2025-08-11,2025-08-11 11:10:50.000,MO2508-C-7500,1.6,1.4,1.6
2025-08-11,2025-08-11 11:10:50.500,MO2508-C-7500,1.6,1.4,1.6
2025-08-11,2025-08-11 11:10:51.000,MO2508-C-7500,1.6,1.4,1.6
2025-08-11,2025-08-11 11:10:51.500,MO2508-C-7500,1.6,1.4,1.6
2025-08-11,2025-08-11 11:10:53.000,MO2508-C-7500,1.6,1.4,1.6
2025-08-11,2025-08-11 11:10:53.500,MO2508-C-7500,1.6,1.4,1.6
2025-08-11,2025-08-11 11:10:54.000,MO2508-C-7500,1.6,1.4,1.6
2025-08-11,2025-08-11 11:10:54.500,MO2508-C-7500,1.6,1.4,1.6
2025-08-11,2025-08-11 11:11:03.500,MO2508-C-7500,1.6,1.4,1.6
2025-08-11,2025-08-11 11:11:04.000,MO2508-C-7500,1.6,1.4,1.6
2025-08-11,2025-08-11 11:11:13.500,MO2508-C-7500,1.6,1.4,1.6
2025-08-11,2025-08-11 11:11:14.000,MO2508-C-7500,1.6,1.4,1.6
2025-08-11,2025-08-11 11:11:23.500,MO2508-C-7500,1.6,1.4,1.6
2025-08-11,2025-08-11 11:11:24.000,MO2508-C-7500,1.6,1.4,1.6
2025-08-11,2025-08-11 11:11:25.500,MO2508-C-7500,1.6,1.4,1.6
2025-08-11,2025-08-11 11:11:26.500,MO2508-C-7500,1.6,1.4,1.6
2025-08-11,2025-08-11 11:11:33.500,MO2508-C-7500,1.6,1.4,1.6
2025-08-11,2025-08-11 11:11:34.000,MO2508-C-7500,1.6,1.4,1.6
2025-08-11,2025-08-11 11:11:43.500,MO2508-C-7500,1.6,1.4,1.6
2025-08-11,2025-08-11 11:11:44.000,MO2508-C-7500,1.6,1.4,1.6
2025-08-11,2025-08-11 11:11:53.500,MO2508-C-7500,1.6,1.4,1.6
2025-08-11,2025-08-11 11:11:54.000,MO2508-C-7500,1.6,1.4,1.6
2025-08-11,2025-08-11 11:12:03.500,MO2508-C-7500,1.6,1.4,1.6
2025-08-11,2025-08-11 11:12:04.000,MO2508-C-7500,1.6,1.4,1.6
2025-08-11,2025-08-11 11:12:06.500,MO2508-C-7500,1.6,1.4,1.6
2025-08-11,2025-08-11 11:12:07.500,MO2508-C-7500,1.6,1.4,1.6
2025-08-11,2025-08-11 11:12:08.500,MO2508-C-7500,1.6,1.4,1.6
2025-08-11,2025-08-11 11:12:09.000,MO2508-C-7500,1.6,1.4,1.6
2025-08-11,2025-08-11 11:12:09.500,MO2508-C-7500,1.6,1.4,1.6
2025-08-11,2025-08-11 11:12:13.500,MO2508-C-7500,1.6,1.4,1.6
2025-08-11,2025-08-11 11:12:14.000,MO2508-C-7500,1.6,1.4,1.6
2025-08-11,2025-08-11 11:12:22.000,MO2508-C-7500,1.6,1.4,1.6
2025-08-11,2025-08-11 11:12:23.500,MO2508-C-7500,1.6,1.4,1.6
2025-08-11,2025-08-11 11:12:24.000,MO2508-C-7500,1.6,1.4,1.6
2025-08-11,2025-08-11 11:12:26.000,MO2508-C-7500,1.6,1.4,1.6
2025-08-11,2025-08-11 11:12:29.000,MO2508-C-7500,1.6,1.4,1.6
2025-08-11,2025-08-11 11:12:29.500,MO2508-C-7500,1.6,1.4,1.6
2025-08-11,2025-08-11 11:12:32.000,MO2508-C-7500,1.6,1.4,1.6
2025-08-11,2025-08-11 11:12:33.500,MO2508-C-7500,1.6,1.4,1.6
2025-08-11,2025-08-11 11:12:34.000,MO2508-C-7500,1.6,1.4,1.6
2025-08-11,2025-08-11 11:12:34.500,MO2508-C-7500,1.6,1.4,1.6
2025-08-11,2025-08-11 11:12:38.500,MO2508-C-7500,1.6,1.4,1.6
2025-08-11,2025-08-11 11:12:39.500,MO2508-C-7500,1.6,1.4,1.6
2025-08-11,2025-08-11 11:12:40.000,MO2508-C-7500,1.6,1.4,1.6
2025-08-11,2025-08-11 11:12:43.500,MO2508-C-7500,1.6,1.4,1.6
2025-08-11,2025-08-11 11:12:44.000,MO2508-C-7500,1.6,1.4,1.6
2025-08-11,2025-08-11 11:12:46.500,MO2508-C-7500,1.6,1.4,1.6
2025-08-11,2025-08-11 11:12:49.500,MO2508-C-7500,1.6,1.4,1.6
2025-08-11,2025-08-11 11:12:50.500,MO2508-C-7500,1.6,1.4,1.6
2025-08-11,2025-08-11 11:12:53.500,MO2508-C-7500,1.6,1.4,1.6
2025-08-11,2025-08-11 11:12:54.000,MO2508-C-7500,1.6,1.4,1.6
2025-08-11,2025-08-11 11:12:56.000,MO2508-C-7500,1.6,1.4,1.6
2025-08-11,2025-08-11 11:12:58.500,MO2508-C-7500,1.6,1.4,1.6
2025-08-11,2025-08-11 11:12:59.500,MO2508-C-7500,1.6,1.4,1.6
2025-08-11,2025-08-11 11:13:03.500,MO2508-C-7500,1.6,1.4,1.6
2025-08-11,2025-08-11 11:13:04.000,MO2508-C-7500,1.6,1.4,1.6
2025-08-11,2025-08-11 11:13:09.500,MO2508-C-7500,1.6,1.4,1.6
2025-08-11,2025-08-11 11:13:13.500,MO2508-C-7500,1.6,1.4,1.6
2025-08-11,2025-08-11 11:13:14.000,MO2508-C-7500,1.6,1.4,1.6
2025-08-11,2025-08-11 11:13:15.000,MO2508-C-7500,1.6,1.4,1.6
2025-08-11,2025-08-11 11:13:16.000,MO2508-C-7500,1.6,1.4,1.6
2025-08-11,2025-08-11 11:13:19.500,MO2508-C-7500,1.6,1.4,1.6
2025-08-11,2025-08-11 11:13:23.500,MO2508-C-7500,1.6,1.4,1.6
2025-08-11,2025-08-11 11:13:24.000,MO2508-C-7500,1.6,1.4,1.6
2025-08-11,2025-08-11 11:13:29.500,MO2508-C-7500,1.6,1.4,1.6
2025-08-11,2025-08-11 11:13:31.000,MO2508-C-7500,1.6,1.4,1.6
2025-08-11,2025-08-11 11:13:33.500,MO2508-C-7500,1.6,1.4,1.6
2025-08-11,2025-08-11 11:13:34.000,MO2508-C-7500,1.6,1.4,1.6
2025-08-11,2025-08-11 11:13:43.500,MO2508-C-7500,1.6,1.4,1.6
2025-08-11,2025-08-11 11:13:44.000,MO2508-C-7500,1.6,1.4,1.6
2025-08-11,2025-08-11 11:13:53.500,MO2508-C-7500,1.6,1.4,1.6
2025-08-11,2025-08-11 11:13:54.000,MO2508-C-7500,1.6,1.4,1.6
2025-08-11,2025-08-11 11:14:00.500,MO2508-C-7500,1.6,1.4,1.6
2025-08-11,2025-08-11 11:14:03.500,MO2508-C-7500,1.6,1.4,1.6
2025-08-11,2025-08-11 11:14:04.000,MO2508-C-7500,1.6,1.4,1.6
2025-08-11,2025-08-11 11:14:06.500,MO2508-C-7500,1.6,1.4,1.6
2025-08-11,2025-08-11 11:14:07.500,MO2508-C-7500,1.6,1.4,1.6
2025-08-11,2025-08-11 11:14:13.500,MO2508-C-7500,1.6,1.4,1.6
2025-08-11,2025-08-11 11:14:14.000,MO2508-C-7500,1.6,1.4,1.6
2025-08-11,2025-08-11 11:14:15.000,MO2508-C-7500,1.6,1.4,1.6
2025-08-11,2025-08-11 11:14:15.500,MO2508-C-7500,1.6,1.4,1.6
2025-08-11,2025-08-11 11:14:17.000,MO2508-C-7500,1.6,1.4,1.6
2025-08-11,2025-08-11 11:14:21.500,MO2508-C-7500,1.6,1.4,1.6
2025-08-11,2025-08-11 11:14:23.500,MO2508-C-7500,1.6,1.4,1.6
2025-08-11,2025-08-11 11:14:24.000,MO2508-C-7500,1.6,1.4,1.6
2025-08-11,2025-08-11 11:14:33.500,MO2508-C-7500,1.6,1.4,1.6
2025-08-11,2025-08-11 11:14:34.000,MO2508-C-7500,1.6,1.4,1.6
2025-08-11,2025-08-11 11:14:38.500,MO2508-C-7500,1.6,1.4,1.6
2025-08-11,2025-08-11 11:14:41.500,MO2508-C-7500,1.6,1.4,1.6
2025-08-11,2025-08-11 11:14:43.500,MO2508-C-7500,1.6,1.4,1.6
2025-08-11,2025-08-11 11:14:44.000,MO2508-C-7500,1.6,1.4,1.6
2025-08-11,2025-08-11 11:14:53.500,MO2508-C-7500,1.6,1.4,1.6
2025-08-11,2025-08-11 11:14:54.000,MO2508-C-7500,1.6,1.4,1.6
2025-08-11,2025-08-11 11:14:56.500,MO2508-C-7500,1.6,1.4,1.6
2025-08-11,2025-08-11 11:14:58.500,MO2508-C-7500,1.6,1.4,1.6
2025-08-11,2025-08-11 11:15:00.000,MO2508-C-7500,1.6,1.4,1.6
2025-08-11,2025-08-11 11:15:00.500,MO2508-C-7500,1.6,1.4,1.6
2025-08-11,2025-08-11 11:15:01.500,MO2508-C-7500,1.6,1.4,1.6
2025-08-11,2025-08-11 11:15:02.500,MO2508-C-7500,1.6,1.4,1.6
2025-08-11,2025-08-11 11:15:03.500,MO2508-C-7500,1.6,1.4,1.6
2025-08-11,2025-08-11 11:15:04.000,MO2508-C-7500,1.6,1.4,1.6
2025-08-11,2025-08-11 11:15:08.500,MO2508-C-7500,1.6,1.4,1.6
2025-08-11,2025-08-11 11:15:10.000,MO2508-C-7500,1.6,1.4,1.6
2025-08-11,2025-08-11 11:15:13.500,MO2508-C-7500,1.6,1.4,1.6
2025-08-11,2025-08-11 11:15:14.000,MO2508-C-7500,1.6,1.4,1.6
2025-08-11,2025-08-11 11:15:16.500,MO2508-C-7500,1.6,1.4,1.6
2025-08-11,2025-08-11 11:15:17.500,MO2508-C-7500,1.6,1.4,1.6
2025-08-11,2025-08-11 11:15:23.500,MO2508-C-7500,1.6,1.4,1.6
2025-08-11,2025-08-11 11:15:24.000,MO2508-C-7500,1.6,1.4,1.6
2025-08-11,2025-08-11 11:15:33.500,MO2508-C-7500,1.6,1.4,1.6
2025-08-11,2025-08-11 11:15:34.000,MO2508-C-7500,1.6,1.4,1.6
2025-08-11,2025-08-11 11:15:35.500,MO2508-C-7500,1.6,1.4,1.6
2025-08-11,2025-08-11 11:15:36.500,MO2508-C-7500,1.6,1.4,1.6
2025-08-11,2025-08-11 11:15:41.500,MO2508-C-7500,1.6,1.4,1.6
2025-08-11,2025-08-11 11:15:43.500,MO2508-C-7500,1.6,1.4,1.6
2025-08-11,2025-08-11 11:15:44.000,MO2508-C-7500,1.6,1.4,1.6
2025-08-11,2025-08-11 11:15:44.500,MO2508-C-7500,1.6,1.4,1.6
2025-08-11,2025-08-11 11:15:51.500,MO2508-C-7500,1.6,1.4,1.6
2025-08-11,2025-08-11 11:15:53.500,MO2508-C-7500,1.6,1.4,1.6
2025-08-11,2025-08-11 11:15:54.000,MO2508-C-7500,1.6,1.4,1.6
2025-08-11,2025-08-11 11:15:54.500,MO2508-C-7500,1.6,1.4,1.6
2025-08-11,2025-08-11 11:16:01.000,MO2508-C-7500,1.6,1.4,1.6
2025-08-11,2025-08-11 11:16:03.500,MO2508-C-7500,1.6,1.4,1.6
2025-08-11,2025-08-11 11:16:04.000,MO2508-C-7500,1.6,1.4,1.6
2025-08-11,2025-08-11 11:16:09.000,MO2508-C-7500,1.6,1.4,1.6
2025-08-11,2025-08-11 11:16:13.500,MO2508-C-7500,1.6,1.4,1.6
2025-08-11,2025-08-11 11:16:14.000,MO2508-C-7500,1.6,1.4,1.6
2025-08-11,2025-08-11 11:16:21.000,MO2508-C-7500,1.6,1.4,1.6
2025-08-11,2025-08-11 11:16:23.500,MO2508-C-7500,1.6,1.4,1.6
2025-08-11,2025-08-11 11:16:24.000,MO2508-C-7500,1.6,1.4,1.6
2025-08-11,2025-08-11 11:16:27.000,MO2508-C-7500,1.6,1.4,1.6
2025-08-11,2025-08-11 11:16:27.500,MO2508-C-7500,1.6,1.4,1.6
2025-08-11,2025-08-11 11:16:33.500,MO2508-C-7500,1.6,1.4,1.6
2025-08-11,2025-08-11 11:16:34.000,MO2508-C-7500,1.6,1.4,1.6
2025-08-11,2025-08-11 11:16:43.500,MO2508-C-7500,1.6,1.4,1.6
2025-08-11,2025-08-11 11:16:44.000,MO2508-C-7500,1.6,1.4,1.6
2025-08-11,2025-08-11 11:16:53.500,MO2508-C-7500,1.6,1.4,1.6
2025-08-11,2025-08-11 11:16:54.000,MO2508-C-7500,1.6,1.4,1.6
2025-08-11,2025-08-11 11:17:03.500,MO2508-C-7500,1.6,1.4,1.6
2025-08-11,2025-08-11 11:17:04.000,MO2508-C-7500,1.6,1.4,1.6
2025-08-11,2025-08-11 11:17:09.000,MO2508-C-7500,1.6,1.4,1.6
2025-08-11,2025-08-11 11:17:13.500,MO2508-C-7500,1.6,1.4,1.6
2025-08-11,2025-08-11 11:17:14.000,MO2508-C-7500,1.6,1.4,1.6
2025-08-11,2025-08-11 11:17:23.500,MO2508-C-7500,1.6,1.4,1.6
2025-08-11,2025-08-11 11:17:24.000,MO2508-C-7500,1.6,1.4,1.6
2025-08-11,2025-08-11 11:17:33.500,MO2508-C-7500,1.6,1.4,1.6
2025-08-11,2025-08-11 11:17:34.000,MO2508-C-7500,1.6,1.4,1.6
2025-08-11,2025-08-11 11:17:43.500,MO2508-C-7500,1.6,1.4,1.6
2025-08-11,2025-08-11 11:17:44.000,MO2508-C-7500,1.6,1.4,1.6
2025-08-11,2025-08-11 11:17:53.500,MO2508-C-7500,1.6,1.4,1.6
2025-08-11,2025-08-11 11:17:54.000,MO2508-C-7500,1.6,1.4,1.6
2025-08-11,2025-08-11 11:17:57.500,MO2508-C-7500,1.6,1.4,1.6
2025-08-11,2025-08-11 11:18:03.500,MO2508-C-7500,1.6,1.4,1.6
2025-08-11,2025-08-11 11:18:04.000,MO2508-C-7500,1.6,1.4,1.6
2025-08-11,2025-08-11 11:18:13.500,MO2508-C-7500,1.6,1.4,1.6
2025-08-11,2025-08-11 11:18:14.000,MO2508-C-7500,1.6,1.4,1.6
2025-08-11,2025-08-11 11:18:19.000,MO2508-C-7500,1.6,1.4,1.6
2025-08-11,2025-08-11 11:18:23.500,MO2508-C-7500,1.6,1.4,1.6
2025-08-11,2025-08-11 11:18:24.000,MO2508-C-7500,1.6,1.4,1.6
2025-08-11,2025-08-11 11:18:24.500,MO2508-C-7500,1.6,1.4,1.6
2025-08-11,2025-08-11 11:18:25.000,MO2508-C-7500,1.6,1.4,1.6
2025-08-11,2025-08-11 11:18:32.500,MO2508-C-7500,1.6,1.4,1.6
2025-08-11,2025-08-11 11:18:33.500,MO2508-C-7500,1.6,1.4,1.6
2025-08-11,2025-08-11 11:18:34.000,MO2508-C-7500,1.6,1.4,1.6
2025-08-11,2025-08-11 11:18:36.500,MO2508-C-7500,1.6,1.4,1.6
2025-08-11,2025-08-11 11:18:37.000,MO2508-C-7500,1.6,1.4,1.8
2025-08-11,2025-08-11 11:18:37.500,MO2508-C-7500,1.6,1.4,1.8
2025-08-11,2025-08-11 11:18:38.500,MO2508-C-7500,1.6,1.4,1.8
2025-08-11,2025-08-11 11:18:39.500,MO2508-C-7500,1.6,1.6,1.8
2025-08-11,2025-08-11 11:18:40.000,MO2508-C-7500,1.6,1.6,1.8
2025-08-11,2025-08-11 11:18:40.500,MO2508-C-7500,1.6,1.6,1.8
2025-08-11,2025-08-11 11:18:43.500,MO2508-C-7500,1.6,1.6,1.8
2025-08-11,2025-08-11 11:18:44.000,MO2508-C-7500,1.6,1.6,1.8
2025-08-11,2025-08-11 11:18:45.000,MO2508-C-7500,1.6,1.6,1.8
2025-08-11,2025-08-11 11:18:45.500,MO2508-C-7500,1.6,1.6,1.8
2025-08-11,2025-08-11 11:18:53.500,MO2508-C-7500,1.6,1.6,1.8
2025-08-11,2025-08-11 11:18:54.000,MO2508-C-7500,1.6,1.6,1.8
2025-08-11,2025-08-11 11:18:56.000,MO2508-C-7500,1.6,1.6,1.8
2025-08-11,2025-08-11 11:18:56.500,MO2508-C-7500,1.6,1.6,1.8
2025-08-11,2025-08-11 11:18:59.000,MO2508-C-7500,1.6,1.6,1.8
2025-08-11,2025-08-11 11:18:59.500,MO2508-C-7500,1.6,1.6,1.8
2025-08-11,2025-08-11 11:19:03.500,MO2508-C-7500,1.6,1.6,1.8
2025-08-11,2025-08-11 11:19:04.000,MO2508-C-7500,1.6,1.6,1.8
2025-08-11,2025-08-11 11:19:05.500,MO2508-C-7500,1.6,1.6,1.8
2025-08-11,2025-08-11 11:19:07.500,MO2508-C-7500,1.6,1.6,1.8
2025-08-11,2025-08-11 11:19:09.500,MO2508-C-7500,1.6,1.6,1.8
2025-08-11,2025-08-11 11:19:10.000,MO2508-C-7500,1.6,1.6,1.8
2025-08-11,2025-08-11 11:19:12.500,MO2508-C-7500,1.6,1.6,1.8
2025-08-11,2025-08-11 11:19:13.500,MO2508-C-7500,1.6,1.6,1.8
2025-08-11,2025-08-11 11:19:14.000,MO2508-C-7500,1.6,1.6,1.8
2025-08-11,2025-08-11 11:19:15.500,MO2508-C-7500,1.6,1.6,1.8
2025-08-11,2025-08-11 11:19:16.000,MO2508-C-7500,1.6,1.6,1.8
2025-08-11,2025-08-11 11:19:16.500,MO2508-C-7500,1.6,1.6,1.8
2025-08-11,2025-08-11 11:19:22.500,MO2508-C-7500,1.6,1.6,1.8
2025-08-11,2025-08-11 11:19:23.500,MO2508-C-7500,1.6,1.6,1.8
2025-08-11,2025-08-11 11:19:24.000,MO2508-C-7500,1.6,1.6,1.8
2025-08-11,2025-08-11 11:19:33.500,MO2508-C-7500,1.6,1.6,1.8
2025-08-11,2025-08-11 11:19:34.000,MO2508-C-7500,1.6,1.6,1.8
2025-08-11,2025-08-11 11:19:40.000,MO2508-C-7500,1.6,1.6,1.8
2025-08-11,2025-08-11 11:19:41.000,MO2508-C-7500,1.6,1.6,1.8
2025-08-11,2025-08-11 11:19:42.500,MO2508-C-7500,1.6,1.6,1.8
2025-08-11,2025-08-11 11:19:43.500,MO2508-C-7500,1.6,1.6,1.8
2025-08-11,2025-08-11 11:19:44.000,MO2508-C-7500,1.6,1.6,1.8
2025-08-11,2025-08-11 11:19:46.500,MO2508-C-7500,1.6,1.6,1.8
2025-08-11,2025-08-11 11:19:47.500,MO2508-C-7500,1.6,1.6,1.8
2025-08-11,2025-08-11 11:19:49.000,MO2508-C-7500,1.6,1.6,1.8
2025-08-11,2025-08-11 11:19:49.500,MO2508-C-7500,1.8,1.6,1.8
2025-08-11,2025-08-11 11:19:50.500,MO2508-C-7500,1.8,1.6,1.8
2025-08-11,2025-08-11 11:19:53.000,MO2508-C-7500,1.8,1.6,1.8
2025-08-11,2025-08-11 11:19:53.500,MO2508-C-7500,1.8,1.6,1.8
2025-08-11,2025-08-11 11:19:54.000,MO2508-C-7500,1.8,1.6,1.8
2025-08-11,2025-08-11 11:19:54.500,MO2508-C-7500,1.8,1.6,1.8
2025-08-11,2025-08-11 11:19:56.000,MO2508-C-7500,1.8,1.6,1.8
2025-08-11,2025-08-11 11:19:58.000,MO2508-C-7500,1.8,1.6,1.8
2025-08-11,2025-08-11 11:20:01.500,MO2508-C-7500,1.8,1.6,1.8
2025-08-11,2025-08-11 11:20:03.500,MO2508-C-7500,1.8,1.6,1.8
2025-08-11,2025-08-11 11:20:04.000,MO2508-C-7500,1.8,1.6,1.8
2025-08-11,2025-08-11 11:20:05.500,MO2508-C-7500,1.8,1.6,1.8
2025-08-11,2025-08-11 11:20:06.000,MO2508-C-7500,1.8,1.6,1.8
2025-08-11,2025-08-11 11:20:06.500,MO2508-C-7500,1.8,1.6,1.8
2025-08-11,2025-08-11 11:20:07.000,MO2508-C-7500,1.8,1.6,1.8
2025-08-11,2025-08-11 11:20:07.500,MO2508-C-7500,1.8,1.6,1.8
2025-08-11,2025-08-11 11:20:08.000,MO2508-C-7500,1.8,1.6,2.0
2025-08-11,2025-08-11 11:20:08.500,MO2508-C-7500,1.8,1.6,2.0
2025-08-11,2025-08-11 11:20:09.000,MO2508-C-7500,1.8,1.8,2.0
2025-08-11,2025-08-11 11:20:09.500,MO2508-C-7500,1.8,1.8,2.0
2025-08-11,2025-08-11 11:20:10.000,MO2508-C-7500,1.8,1.8,2.0
2025-08-11,2025-08-11 11:20:10.500,MO2508-C-7500,1.8,1.8,2.0
2025-08-11,2025-08-11 11:20:13.500,MO2508-C-7500,1.8,1.8,2.0
2025-08-11,2025-08-11 11:20:14.000,MO2508-C-7500,1.8,1.8,2.0
2025-08-11,2025-08-11 11:20:16.000,MO2508-C-7500,1.8,1.8,2.0
2025-08-11,2025-08-11 11:20:16.500,MO2508-C-7500,1.8,1.8,2.0
2025-08-11,2025-08-11 11:20:17.000,MO2508-C-7500,1.8,1.8,2.0
2025-08-11,2025-08-11 11:20:20.000,MO2508-C-7500,1.8,1.8,2.0
2025-08-11,2025-08-11 11:20:20.500,MO2508-C-7500,1.8,1.8,2.0
2025-08-11,2025-08-11 11:20:23.500,MO2508-C-7500,1.8,1.8,2.0
2025-08-11,2025-08-11 11:20:24.000,MO2508-C-7500,1.8,1.8,2.0
2025-08-11,2025-08-11 11:20:24.500,MO2508-C-7500,1.8,1.8,2.0
2025-08-11,2025-08-11 11:20:25.000,MO2508-C-7500,1.8,1.8,2.0
2025-08-11,2025-08-11 11:20:26.500,MO2508-C-7500,1.8,1.8,2.0
2025-08-11,2025-08-11 11:20:27.500,MO2508-C-7500,1.8,1.8,2.0
2025-08-11,2025-08-11 11:20:28.000,MO2508-C-7500,1.8,1.8,2.0
2025-08-11,2025-08-11 11:20:28.500,MO2508-C-7500,1.8,1.8,2.0
2025-08-11,2025-08-11 11:20:29.000,MO2508-C-7500,1.8,1.8,2.0
2025-08-11,2025-08-11 11:20:29.500,MO2508-C-7500,1.8,1.8,2.0
2025-08-11,2025-08-11 11:20:30.000,MO2508-C-7500,1.8,1.8,2.0
2025-08-11,2025-08-11 11:20:30.500,MO2508-C-7500,1.8,1.8,2.0
2025-08-11,2025-08-11 11:20:31.000,MO2508-C-7500,1.8,1.8,2.0
2025-08-11,2025-08-11 11:20:31.500,MO2508-C-7500,1.8,1.8,2.0
2025-08-11,2025-08-11 11:20:32.000,MO2508-C-7500,1.8,1.8,2.0
2025-08-11,2025-08-11 11:20:32.500,MO2508-C-7500,1.8,1.8,2.0
2025-08-11,2025-08-11 11:20:33.000,MO2508-C-7500,1.8,1.8,2.0
2025-08-11,2025-08-11 11:20:33.500,MO2508-C-7500,1.8,1.8,2.0
2025-08-11,2025-08-11 11:20:34.000,MO2508-C-7500,1.8,1.8,2.0
2025-08-11,2025-08-11 11:20:34.500,MO2508-C-7500,1.8,1.8,2.0
2025-08-11,2025-08-11 11:20:35.000,MO2508-C-7500,1.8,1.8,2.0
2025-08-11,2025-08-11 11:20:36.000,MO2508-C-7500,1.8,1.8,2.0
2025-08-11,2025-08-11 11:20:39.500,MO2508-C-7500,1.8,1.8,2.0
2025-08-11,2025-08-11 11:20:40.000,MO2508-C-7500,1.8,1.8,2.0
2025-08-11,2025-08-11 11:20:40.500,MO2508-C-7500,1.8,1.8,2.0
2025-08-11,2025-08-11 11:20:41.000,MO2508-C-7500,1.8,1.8,2.0
2025-08-11,2025-08-11 11:20:41.500,MO2508-C-7500,1.8,1.8,2.0
2025-08-11,2025-08-11 11:20:42.000,MO2508-C-7500,1.8,1.8,2.0
2025-08-11,2025-08-11 11:20:43.000,MO2508-C-7500,1.8,1.8,2.0
2025-08-11,2025-08-11 11:20:43.500,MO2508-C-7500,1.8,1.8,2.0
2025-08-11,2025-08-11 11:20:44.000,MO2508-C-7500,1.8,1.8,2.0
2025-08-11,2025-08-11 11:20:51.000,MO2508-C-7500,1.8,1.8,2.0
2025-08-11,2025-08-11 11:20:51.500,MO2508-C-7500,1.8,1.8,2.0
2025-08-11,2025-08-11 11:20:53.500,MO2508-C-7500,1.8,1.8,2.0
2025-08-11,2025-08-11 11:20:54.000,MO2508-C-7500,1.8,1.8,2.0
2025-08-11,2025-08-11 11:21:03.000,MO2508-C-7500,1.8,1.8,2.0
2025-08-11,2025-08-11 11:21:03.500,MO2508-C-7500,1.8,1.8,2.0
2025-08-11,2025-08-11 11:21:04.000,MO2508-C-7500,1.8,1.8,2.0
2025-08-11,2025-08-11 11:21:13.500,MO2508-C-7500,1.8,1.8,2.0
2025-08-11,2025-08-11 11:21:14.000,MO2508-C-7500,1.8,1.8,2.0
2025-08-11,2025-08-11 11:21:14.500,MO2508-C-7500,1.8,1.8,2.0
2025-08-11,2025-08-11 11:21:22.000,MO2508-C-7500,1.8,1.8,2.0
2025-08-11,2025-08-11 11:21:22.500,MO2508-C-7500,1.8,1.8,2.0
2025-08-11,2025-08-11 11:21:23.500,MO2508-C-7500,1.8,1.8,2.0
2025-08-11,2025-08-11 11:21:24.000,MO2508-C-7500,1.8,1.8,2.0
2025-08-11,2025-08-11 11:21:32.500,MO2508-C-7500,1.8,1.8,2.0
2025-08-11,2025-08-11 11:21:33.000,MO2508-C-7500,1.8,1.8,2.0
2025-08-11,2025-08-11 11:21:33.500,MO2508-C-7500,1.8,1.8,2.0
2025-08-11,2025-08-11 11:21:34.000,MO2508-C-7500,1.8,1.8,2.0
2025-08-11,2025-08-11 11:21:35.000,MO2508-C-7500,1.8,1.8,2.0
2025-08-11,2025-08-11 11:21:38.000,MO2508-C-7500,1.8,1.8,2.0
2025-08-11,2025-08-11 11:21:40.500,MO2508-C-7500,1.8,1.8,2.0
2025-08-11,2025-08-11 11:21:43.500,MO2508-C-7500,1.8,1.8,2.0
2025-08-11,2025-08-11 11:21:44.000,MO2508-C-7500,1.8,1.8,2.0
2025-08-11,2025-08-11 11:21:44.500,MO2508-C-7500,1.8,1.8,2.0
2025-08-11,2025-08-11 11:21:51.500,MO2508-C-7500,1.8,1.8,2.0
2025-08-11,2025-08-11 11:21:53.500,MO2508-C-7500,1.8,1.8,2.0
2025-08-11,2025-08-11 11:21:54.000,MO2508-C-7500,1.8,1.8,2.0
2025-08-11,2025-08-11 11:22:00.500,MO2508-C-7500,1.8,1.8,2.0
2025-08-11,2025-08-11 11:22:01.000,MO2508-C-7500,2.0,1.8,2.0
2025-08-11,2025-08-11 11:22:01.500,MO2508-C-7500,2.0,1.8,2.0
2025-08-11,2025-08-11 11:22:03.500,MO2508-C-7500,2.0,1.8,2.0
2025-08-11,2025-08-11 11:22:04.000,MO2508-C-7500,2.0,1.8,2.0
2025-08-11,2025-08-11 11:22:09.000,MO2508-C-7500,2.0,1.8,2.0
2025-08-11,2025-08-11 11:22:09.500,MO2508-C-7500,2.0,1.8,2.0
2025-08-11,2025-08-11 11:22:10.000,MO2508-C-7500,2.0,1.8,2.0
2025-08-11,2025-08-11 11:22:13.500,MO2508-C-7500,2.0,1.8,2.0
2025-08-11,2025-08-11 11:22:14.000,MO2508-C-7500,2.0,1.8,2.0
2025-08-11,2025-08-11 11:22:21.500,MO2508-C-7500,2.0,1.8,2.0
2025-08-11,2025-08-11 11:22:23.500,MO2508-C-7500,2.0,1.8,2.0
2025-08-11,2025-08-11 11:22:24.000,MO2508-C-7500,2.0,1.8,2.0
2025-08-11,2025-08-11 11:22:32.000,MO2508-C-7500,2.0,1.8,2.0
2025-08-11,2025-08-11 11:22:32.500,MO2508-C-7500,2.0,1.8,2.0
2025-08-11,2025-08-11 11:22:33.500,MO2508-C-7500,2.0,1.8,2.0
2025-08-11,2025-08-11 11:22:34.000,MO2508-C-7500,2.0,1.8,2.0
2025-08-11,2025-08-11 11:22:39.000,MO2508-C-7500,2.0,1.8,2.0
2025-08-11,2025-08-11 11:22:41.500,MO2508-C-7500,2.0,1.8,2.0
2025-08-11,2025-08-11 11:22:43.500,MO2508-C-7500,2.0,1.8,2.0
2025-08-11,2025-08-11 11:22:44.000,MO2508-C-7500,2.0,1.8,2.0
2025-08-11,2025-08-11 11:22:47.500,MO2508-C-7500,2.0,1.8,2.0
2025-08-11,2025-08-11 11:22:48.000,MO2508-C-7500,2.0,1.8,2.0
2025-08-11,2025-08-11 11:22:48.500,MO2508-C-7500,2.0,1.8,2.0
2025-08-11,2025-08-11 11:22:49.000,MO2508-C-7500,2.0,1.8,2.0
2025-08-11,2025-08-11 11:22:50.000,MO2508-C-7500,2.0,1.8,2.2
2025-08-11,2025-08-11 11:22:50.500,MO2508-C-7500,2.0,1.8,2.0
2025-08-11,2025-08-11 11:22:51.000,MO2508-C-7500,2.0,1.8,2.0
2025-08-11,2025-08-11 11:22:51.500,MO2508-C-7500,2.0,1.8,2.2
2025-08-11,2025-08-11 11:22:52.000,MO2508-C-7500,2.0,1.8,2.0
2025-08-11,2025-08-11 11:22:52.500,MO2508-C-7500,2.0,1.8,2.0
2025-08-11,2025-08-11 11:22:53.000,MO2508-C-7500,2.0,1.8,2.2
2025-08-11,2025-08-11 11:22:53.500,MO2508-C-7500,2.0,1.8,2.2
2025-08-11,2025-08-11 11:22:54.000,MO2508-C-7500,2.0,1.8,2.2
2025-08-11,2025-08-11 11:22:54.500,MO2508-C-7500,2.0,1.8,2.2
2025-08-11,2025-08-11 11:22:55.500,MO2508-C-7500,2.0,1.8,2.2
2025-08-11,2025-08-11 11:23:01.000,MO2508-C-7500,2.0,1.8,2.2
2025-08-11,2025-08-11 11:23:01.500,MO2508-C-7500,2.0,1.8,2.2
2025-08-11,2025-08-11 11:23:03.500,MO2508-C-7500,2.0,1.8,2.2
2025-08-11,2025-08-11 11:23:04.000,MO2508-C-7500,2.0,1.8,2.2
2025-08-11,2025-08-11 11:23:06.500,MO2508-C-7500,2.0,1.8,2.2
2025-08-11,2025-08-11 11:23:11.000,MO2508-C-7500,2.0,1.8,2.2
2025-08-11,2025-08-11 11:23:13.500,MO2508-C-7500,2.0,1.8,2.2
2025-08-11,2025-08-11 11:23:14.000,MO2508-C-7500,2.0,1.8,2.2
2025-08-11,2025-08-11 11:23:18.000,MO2508-C-7500,2.0,1.8,2.0
2025-08-11,2025-08-11 11:23:23.500,MO2508-C-7500,2.0,1.8,2.0
2025-08-11,2025-08-11 11:23:24.000,MO2508-C-7500,2.0,1.8,2.0
2025-08-11,2025-08-11 11:23:33.500,MO2508-C-7500,2.0,1.8,2.0
2025-08-11,2025-08-11 11:23:34.000,MO2508-C-7500,2.0,1.8,2.0
2025-08-11,2025-08-11 11:23:35.000,MO2508-C-7500,2.0,1.8,2.0
2025-08-11,2025-08-11 11:23:35.500,MO2508-C-7500,2.0,1.8,2.0
2025-08-11,2025-08-11 11:23:43.500,MO2508-C-7500,2.0,1.8,2.0
2025-08-11,2025-08-11 11:23:44.000,MO2508-C-7500,2.0,1.8,2.0
2025-08-11,2025-08-11 11:23:46.500,MO2508-C-7500,2.0,1.8,2.0
2025-08-11,2025-08-11 11:23:47.000,MO2508-C-7500,2.0,1.8,2.0
2025-08-11,2025-08-11 11:23:47.500,MO2508-C-7500,2.0,1.8,2.0
2025-08-11,2025-08-11 11:23:48.000,MO2508-C-7500,2.0,1.8,2.0
2025-08-11,2025-08-11 11:23:48.500,MO2508-C-7500,2.0,1.8,2.0
2025-08-11,2025-08-11 11:23:49.000,MO2508-C-7500,2.0,1.8,2.0
2025-08-11,2025-08-11 11:23:53.500,MO2508-C-7500,2.0,1.8,2.0
2025-08-11,2025-08-11 11:23:54.000,MO2508-C-7500,2.0,1.8,2.0
2025-08-11,2025-08-11 11:24:01.000,MO2508-C-7500,2.0,1.8,2.0
2025-08-11,2025-08-11 11:24:01.500,MO2508-C-7500,2.0,1.8,2.2
2025-08-11,2025-08-11 11:24:03.500,MO2508-C-7500,2.0,1.8,2.2
2025-08-11,2025-08-11 11:24:04.000,MO2508-C-7500,2.0,1.8,2.2
2025-08-11,2025-08-11 11:24:07.000,MO2508-C-7500,2.0,1.8,2.2
2025-08-11,2025-08-11 11:24:08.500,MO2508-C-7500,2.0,2.0,2.2
2025-08-11,2025-08-11 11:24:09.000,MO2508-C-7500,2.0,2.0,2.2
2025-08-11,2025-08-11 11:24:09.500,MO2508-C-7500,2.0,2.0,2.2
2025-08-11,2025-08-11 11:24:10.000,MO2508-C-7500,2.0,2.0,2.2
2025-08-11,2025-08-11 11:24:10.500,MO2508-C-7500,2.2,2.0,2.2
2025-08-11,2025-08-11 11:24:11.500,MO2508-C-7500,2.2,2.0,2.2
2025-08-11,2025-08-11 11:24:13.500,MO2508-C-7500,2.2,2.0,2.2
2025-08-11,2025-08-11 11:24:14.000,MO2508-C-7500,2.2,2.0,2.2
2025-08-11,2025-08-11 11:24:16.000,MO2508-C-7500,2.2,2.0,2.2
2025-08-11,2025-08-11 11:24:17.000,MO2508-C-7500,2.2,2.0,2.2
2025-08-11,2025-08-11 11:24:17.500,MO2508-C-7500,2.0,1.8,2.2
2025-08-11,2025-08-11 11:24:18.000,MO2508-C-7500,2.0,1.8,2.2
2025-08-11,2025-08-11 11:24:18.500,MO2508-C-7500,2.0,1.8,2.2
2025-08-11,2025-08-11 11:24:19.000,MO2508-C-7500,2.0,1.8,2.2
2025-08-11,2025-08-11 11:24:22.000,MO2508-C-7500,2.0,1.8,2.2
2025-08-11,2025-08-11 11:24:23.500,MO2508-C-7500,2.0,1.8,2.2
2025-08-11,2025-08-11 11:24:24.000,MO2508-C-7500,2.0,1.8,2.2
2025-08-11,2025-08-11 11:24:24.500,MO2508-C-7500,2.0,1.8,2.2
2025-08-11,2025-08-11 11:24:33.500,MO2508-C-7500,2.0,1.8,2.2
2025-08-11,2025-08-11 11:24:34.000,MO2508-C-7500,2.0,1.8,2.2
2025-08-11,2025-08-11 11:24:38.000,MO2508-C-7500,2.0,1.8,2.2
2025-08-11,2025-08-11 11:24:38.500,MO2508-C-7500,2.0,1.8,2.2
2025-08-11,2025-08-11 11:24:39.000,MO2508-C-7500,2.0,1.8,2.2
2025-08-11,2025-08-11 11:24:39.500,MO2508-C-7500,2.0,1.8,2.2
2025-08-11,2025-08-11 11:24:40.000,MO2508-C-7500,2.0,1.8,2.2
2025-08-11,2025-08-11 11:24:43.500,MO2508-C-7500,2.0,1.8,2.2
2025-08-11,2025-08-11 11:24:44.000,MO2508-C-7500,2.0,1.8,2.2
2025-08-11,2025-08-11 11:24:47.000,MO2508-C-7500,2.0,1.8,2.2
2025-08-11,2025-08-11 11:24:47.500,MO2508-C-7500,2.0,1.8,2.2
2025-08-11,2025-08-11 11:24:48.000,MO2508-C-7500,2.0,1.8,2.2
2025-08-11,2025-08-11 11:24:49.000,MO2508-C-7500,2.0,1.8,2.2
2025-08-11,2025-08-11 11:24:50.500,MO2508-C-7500,2.0,1.8,2.0
2025-08-11,2025-08-11 11:24:51.000,MO2508-C-7500,2.0,1.8,2.2
2025-08-11,2025-08-11 11:24:53.000,MO2508-C-7500,2.0,1.8,2.2
2025-08-11,2025-08-11 11:24:53.500,MO2508-C-7500,2.0,1.8,2.2
2025-08-11,2025-08-11 11:24:54.000,MO2508-C-7500,2.0,1.8,2.2
2025-08-11,2025-08-11 11:25:03.500,MO2508-C-7500,2.0,1.8,2.2
2025-08-11,2025-08-11 11:25:04.000,MO2508-C-7500,2.0,1.8,2.2
2025-08-11,2025-08-11 11:25:07.500,MO2508-C-7500,2.0,1.8,2.2
2025-08-11,2025-08-11 11:25:08.000,MO2508-C-7500,2.0,1.8,2.2
2025-08-11,2025-08-11 11:25:08.500,MO2508-C-7500,2.0,1.8,2.2
2025-08-11,2025-08-11 11:25:13.500,MO2508-C-7500,2.0,1.8,2.2
2025-08-11,2025-08-11 11:25:14.000,MO2508-C-7500,2.0,1.8,2.2
2025-08-11,2025-08-11 11:25:23.500,MO2508-C-7500,2.0,1.8,2.2
2025-08-11,2025-08-11 11:25:24.000,MO2508-C-7500,2.0,1.8,2.2
2025-08-11,2025-08-11 11:25:24.500,MO2508-C-7500,2.0,1.8,2.0
2025-08-11,2025-08-11 11:25:25.000,MO2508-C-7500,2.0,1.8,2.0
2025-08-11,2025-08-11 11:25:25.500,MO2508-C-7500,2.0,1.8,2.2
2025-08-11,2025-08-11 11:25:26.000,MO2508-C-7500,2.0,1.8,2.2
2025-08-11,2025-08-11 11:25:26.500,MO2508-C-7500,2.0,1.8,2.2
2025-08-11,2025-08-11 11:25:31.000,MO2508-C-7500,2.0,1.8,2.0
2025-08-11,2025-08-11 11:25:31.500,MO2508-C-7500,2.0,1.8,2.0
2025-08-11,2025-08-11 11:25:33.500,MO2508-C-7500,2.0,1.8,2.0
2025-08-11,2025-08-11 11:25:34.000,MO2508-C-7500,2.0,1.8,2.0
2025-08-11,2025-08-11 11:25:35.000,MO2508-C-7500,2.0,1.8,2.0
2025-08-11,2025-08-11 11:25:35.500,MO2508-C-7500,2.0,1.8,2.0
2025-08-11,2025-08-11 11:25:39.000,MO2508-C-7500,2.0,1.8,2.0
2025-08-11,2025-08-11 11:25:39.500,MO2508-C-7500,2.0,1.8,2.0
2025-08-11,2025-08-11 11:25:40.000,MO2508-C-7500,2.0,1.8,2.0
2025-08-11,2025-08-11 11:25:40.500,MO2508-C-7500,2.0,1.8,2.0
2025-08-11,2025-08-11 11:25:43.500,MO2508-C-7500,2.0,1.8,2.0
2025-08-11,2025-08-11 11:25:44.000,MO2508-C-7500,2.0,1.8,2.0
2025-08-11,2025-08-11 11:25:46.500,MO2508-C-7500,2.0,1.8,2.0
2025-08-11,2025-08-11 11:25:47.000,MO2508-C-7500,2.0,1.8,2.0
2025-08-11,2025-08-11 11:25:48.000,MO2508-C-7500,2.0,1.8,2.0
2025-08-11,2025-08-11 11:25:53.500,MO2508-C-7500,2.0,1.8,2.0
2025-08-11,2025-08-11 11:25:54.000,MO2508-C-7500,2.0,1.8,2.0
2025-08-11,2025-08-11 11:25:54.500,MO2508-C-7500,2.0,1.8,2.0
2025-08-11,2025-08-11 11:26:00.000,MO2508-C-7500,2.0,1.8,2.0
2025-08-11,2025-08-11 11:26:03.500,MO2508-C-7500,2.0,1.8,2.0
2025-08-11,2025-08-11 11:26:04.000,MO2508-C-7500,2.0,1.8,2.0
2025-08-11,2025-08-11 11:26:11.000,MO2508-C-7500,2.0,1.8,2.0
2025-08-11,2025-08-11 11:26:13.500,MO2508-C-7500,2.0,1.8,2.0
2025-08-11,2025-08-11 11:26:14.000,MO2508-C-7500,2.0,1.8,2.0
2025-08-11,2025-08-11 11:26:21.000,MO2508-C-7500,2.0,1.8,2.0
2025-08-11,2025-08-11 11:26:23.500,MO2508-C-7500,2.0,1.8,2.0
2025-08-11,2025-08-11 11:26:24.000,MO2508-C-7500,2.0,1.8,2.0
2025-08-11,2025-08-11 11:26:26.500,MO2508-C-7500,2.0,1.8,2.0
2025-08-11,2025-08-11 11:26:33.500,MO2508-C-7500,2.0,1.8,2.0
2025-08-11,2025-08-11 11:26:34.000,MO2508-C-7500,2.0,1.8,2.0
2025-08-11,2025-08-11 11:26:38.500,MO2508-C-7500,2.0,1.8,2.0
2025-08-11,2025-08-11 11:26:39.000,MO2508-C-7500,2.0,1.8,2.0
2025-08-11,2025-08-11 11:26:40.500,MO2508-C-7500,2.0,1.8,2.0
2025-08-11,2025-08-11 11:26:41.000,MO2508-C-7500,2.0,1.8,2.0
2025-08-11,2025-08-11 11:26:43.500,MO2508-C-7500,2.0,1.8,2.0
2025-08-11,2025-08-11 11:26:44.000,MO2508-C-7500,2.0,1.8,2.0
2025-08-11,2025-08-11 11:26:44.500,MO2508-C-7500,2.0,1.8,2.0
2025-08-11,2025-08-11 11:26:47.500,MO2508-C-7500,2.0,1.8,2.0
2025-08-11,2025-08-11 11:26:48.500,MO2508-C-7500,2.0,1.8,2.0
2025-08-11,2025-08-11 11:26:49.000,MO2508-C-7500,2.0,1.8,2.0
2025-08-11,2025-08-11 11:26:51.000,MO2508-C-7500,2.0,1.8,2.0
2025-08-11,2025-08-11 11:26:52.500,MO2508-C-7500,2.0,1.8,2.0
2025-08-11,2025-08-11 11:26:53.500,MO2508-C-7500,2.0,1.8,2.0
2025-08-11,2025-08-11 11:26:54.000,MO2508-C-7500,2.0,1.8,2.0
2025-08-11,2025-08-11 11:26:55.500,MO2508-C-7500,2.0,1.8,2.0
2025-08-11,2025-08-11 11:26:56.000,MO2508-C-7500,2.0,1.8,2.0
2025-08-11,2025-08-11 11:26:57.000,MO2508-C-7500,2.0,1.8,2.0
2025-08-11,2025-08-11 11:27:01.000,MO2508-C-7500,2.0,1.8,2.0
2025-08-11,2025-08-11 11:27:03.500,MO2508-C-7500,2.0,1.8,2.0
2025-08-11,2025-08-11 11:27:04.000,MO2508-C-7500,2.0,1.8,2.0
2025-08-11,2025-08-11 11:27:04.500,MO2508-C-7500,2.0,1.8,2.0
2025-08-11,2025-08-11 11:27:11.500,MO2508-C-7500,2.0,1.8,2.0
2025-08-11,2025-08-11 11:27:13.500,MO2508-C-7500,2.0,1.8,2.0
2025-08-11,2025-08-11 11:27:14.000,MO2508-C-7500,2.0,1.8,2.0
2025-08-11,2025-08-11 11:27:23.500,MO2508-C-7500,2.0,1.8,2.0
2025-08-11,2025-08-11 11:27:24.000,MO2508-C-7500,2.0,1.8,2.0
2025-08-11,2025-08-11 11:27:24.500,MO2508-C-7500,2.0,1.8,2.0
2025-08-11,2025-08-11 11:27:33.500,MO2508-C-7500,2.0,1.8,2.0
2025-08-11,2025-08-11 11:27:34.000,MO2508-C-7500,2.0,1.8,2.0
2025-08-11,2025-08-11 11:27:34.500,MO2508-C-7500,2.0,1.8,2.0
2025-08-11,2025-08-11 11:27:36.500,MO2508-C-7500,2.0,1.8,2.0
2025-08-11,2025-08-11 11:27:37.000,MO2508-C-7500,2.0,1.8,2.0
2025-08-11,2025-08-11 11:27:37.500,MO2508-C-7500,2.0,1.8,2.0
2025-08-11,2025-08-11 11:27:39.000,MO2508-C-7500,2.0,1.8,2.0
2025-08-11,2025-08-11 11:27:39.500,MO2508-C-7500,2.0,1.8,2.0
2025-08-11,2025-08-11 11:27:41.500,MO2508-C-7500,2.0,1.8,2.0
2025-08-11,2025-08-11 11:27:42.000,MO2508-C-7500,2.0,1.8,2.0
2025-08-11,2025-08-11 11:27:42.500,MO2508-C-7500,2.0,1.8,2.0
2025-08-11,2025-08-11 11:27:43.500,MO2508-C-7500,2.0,1.8,2.0
2025-08-11,2025-08-11 11:27:44.000,MO2508-C-7500,2.0,1.8,2.0
2025-08-11,2025-08-11 11:27:44.500,MO2508-C-7500,2.0,1.8,2.0
2025-08-11,2025-08-11 11:27:53.500,MO2508-C-7500,2.0,1.8,2.0
2025-08-11,2025-08-11 11:27:54.000,MO2508-C-7500,2.0,1.8,2.0
2025-08-11,2025-08-11 11:27:54.500,MO2508-C-7500,2.0,1.8,2.0
2025-08-11,2025-08-11 11:28:03.500,MO2508-C-7500,2.0,1.8,2.0
2025-08-11,2025-08-11 11:28:04.000,MO2508-C-7500,2.0,1.8,2.0
2025-08-11,2025-08-11 11:28:04.500,MO2508-C-7500,2.0,1.8,2.0
2025-08-11,2025-08-11 11:28:11.500,MO2508-C-7500,2.0,1.8,2.0
2025-08-11,2025-08-11 11:28:12.000,MO2508-C-7500,2.0,1.8,2.0
2025-08-11,2025-08-11 11:28:13.500,MO2508-C-7500,2.0,1.8,2.0
2025-08-11,2025-08-11 11:28:14.000,MO2508-C-7500,2.0,1.8,2.0
2025-08-11,2025-08-11 11:28:14.500,MO2508-C-7500,2.0,1.8,2.0
2025-08-11,2025-08-11 11:28:16.500,MO2508-C-7500,2.0,1.8,2.0
2025-08-11,2025-08-11 11:28:17.000,MO2508-C-7500,2.0,1.8,2.0
2025-08-11,2025-08-11 11:28:17.500,MO2508-C-7500,2.0,1.8,2.0
2025-08-11,2025-08-11 11:28:18.000,MO2508-C-7500,2.0,1.8,2.0
2025-08-11,2025-08-11 11:28:18.500,MO2508-C-7500,2.0,1.8,2.0
2025-08-11,2025-08-11 11:28:19.000,MO2508-C-7500,2.0,1.8,2.0
2025-08-11,2025-08-11 11:28:19.500,MO2508-C-7500,2.0,1.8,2.0
2025-08-11,2025-08-11 11:28:23.500,MO2508-C-7500,2.0,1.8,2.0
2025-08-11,2025-08-11 11:28:24.000,MO2508-C-7500,2.0,1.8,2.0
2025-08-11,2025-08-11 11:28:24.500,MO2508-C-7500,2.0,1.8,2.0
2025-08-11,2025-08-11 11:28:25.000,MO2508-C-7500,2.0,1.8,2.0
2025-08-11,2025-08-11 11:28:33.500,MO2508-C-7500,2.0,1.8,2.0
2025-08-11,2025-08-11 11:28:34.000,MO2508-C-7500,2.0,1.8,2.0
2025-08-11,2025-08-11 11:28:43.500,MO2508-C-7500,2.0,1.8,2.0
2025-08-11,2025-08-11 11:28:44.000,MO2508-C-7500,2.0,1.8,2.0
2025-08-11,2025-08-11 11:28:50.000,MO2508-C-7500,2.0,1.8,2.0
2025-08-11,2025-08-11 11:28:52.000,MO2508-C-7500,2.0,1.8,2.0
2025-08-11,2025-08-11 11:28:52.500,MO2508-C-7500,2.0,1.8,2.0
2025-08-11,2025-08-11 11:28:53.500,MO2508-C-7500,2.0,1.8,2.0
2025-08-11,2025-08-11 11:28:54.000,MO2508-C-7500,2.0,1.8,2.0
2025-08-11,2025-08-11 11:28:55.000,MO2508-C-7500,2.0,1.8,2.0
2025-08-11,2025-08-11 11:28:55.500,MO2508-C-7500,2.0,1.8,2.0
2025-08-11,2025-08-11 11:28:57.500,MO2508-C-7500,2.0,2.0,2.2
2025-08-11,2025-08-11 11:28:58.000,MO2508-C-7500,2.0,2.0,2.2
2025-08-11,2025-08-11 11:28:58.500,MO2508-C-7500,2.0,2.0,2.2
2025-08-11,2025-08-11 11:28:59.000,MO2508-C-7500,2.2,2.0,2.2
2025-08-11,2025-08-11 11:28:59.500,MO2508-C-7500,2.2,2.0,2.2
2025-08-11,2025-08-11 11:29:00.000,MO2508-C-7500,2.2,2.0,2.2
2025-08-11,2025-08-11 11:29:00.500,MO2508-C-7500,2.2,2.0,2.2
2025-08-11,2025-08-11 11:29:03.000,MO2508-C-7500,2.2,2.0,2.2
2025-08-11,2025-08-11 11:29:03.500,MO2508-C-7500,2.2,2.0,2.2
2025-08-11,2025-08-11 11:29:04.000,MO2508-C-7500,2.2,2.0,2.2
2025-08-11,2025-08-11 11:29:05.500,MO2508-C-7500,2.2,2.0,2.2
2025-08-11,2025-08-11 11:29:06.000,MO2508-C-7500,2.2,2.0,2.2
2025-08-11,2025-08-11 11:29:09.000,MO2508-C-7500,2.2,2.0,2.2
2025-08-11,2025-08-11 11:29:09.500,MO2508-C-7500,2.2,2.0,2.2
2025-08-11,2025-08-11 11:29:10.000,MO2508-C-7500,2.2,2.0,2.2
2025-08-11,2025-08-11 11:29:10.500,MO2508-C-7500,2.2,2.0,2.2
2025-08-11,2025-08-11 11:29:12.000,MO2508-C-7500,2.2,2.0,2.2
2025-08-11,2025-08-11 11:29:12.500,MO2508-C-7500,2.2,2.0,2.2
2025-08-11,2025-08-11 11:29:13.500,MO2508-C-7500,2.2,2.0,2.2
2025-08-11,2025-08-11 11:29:14.000,MO2508-C-7500,2.2,2.0,2.2
2025-08-11,2025-08-11 11:29:14.500,MO2508-C-7500,2.2,2.0,2.2
2025-08-11,2025-08-11 11:29:16.000,MO2508-C-7500,2.2,2.0,2.2
2025-08-11,2025-08-11 11:29:20.500,MO2508-C-7500,2.2,2.0,2.2
2025-08-11,2025-08-11 11:29:21.000,MO2508-C-7500,2.2,2.0,2.2
2025-08-11,2025-08-11 11:29:21.500,MO2508-C-7500,2.2,2.0,2.2
2025-08-11,2025-08-11 11:29:22.500,MO2508-C-7500,2.2,2.0,2.2
2025-08-11,2025-08-11 11:29:23.000,MO2508-C-7500,2.2,2.0,2.2
2025-08-11,2025-08-11 11:29:23.500,MO2508-C-7500,2.2,2.0,2.2
2025-08-11,2025-08-11 11:29:24.000,MO2508-C-7500,2.2,2.0,2.2
2025-08-11,2025-08-11 11:29:24.500,MO2508-C-7500,2.2,2.0,2.2
2025-08-11,2025-08-11 11:29:26.000,MO2508-C-7500,2.2,2.0,2.2
2025-08-11,2025-08-11 11:29:28.500,MO2508-C-7500,2.2,2.0,2.2
2025-08-11,2025-08-11 11:29:30.500,MO2508-C-7500,2.2,2.0,2.2
2025-08-11,2025-08-11 11:29:31.000,MO2508-C-7500,2.2,2.0,2.2
2025-08-11,2025-08-11 11:29:31.500,MO2508-C-7500,2.2,2.2,2.4
2025-08-11,2025-08-11 11:29:32.000,MO2508-C-7500,2.2,2.2,2.4
2025-08-11,2025-08-11 11:29:32.500,MO2508-C-7500,2.2,2.2,2.4
2025-08-11,2025-08-11 11:29:33.500,MO2508-C-7500,2.2,2.2,2.4
2025-08-11,2025-08-11 11:29:34.000,MO2508-C-7500,2.2,2.2,2.4
2025-08-11,2025-08-11 11:29:34.500,MO2508-C-7500,2.2,2.2,2.4
2025-08-11,2025-08-11 11:29:35.000,MO2508-C-7500,2.2,2.2,2.4
2025-08-11,2025-08-11 11:29:35.500,MO2508-C-7500,2.2,2.2,2.4
2025-08-11,2025-08-11 11:29:36.000,MO2508-C-7500,2.2,2.2,2.4
2025-08-11,2025-08-11 11:29:38.500,MO2508-C-7500,2.2,2.2,2.4
2025-08-11,2025-08-11 11:29:40.000,MO2508-C-7500,2.2,2.2,2.4
2025-08-11,2025-08-11 11:29:40.500,MO2508-C-7500,2.2,2.2,2.4
2025-08-11,2025-08-11 11:29:41.000,MO2508-C-7500,2.2,2.2,2.4
2025-08-11,2025-08-11 11:29:43.000,MO2508-C-7500,2.2,2.2,2.4
2025-08-11,2025-08-11 11:29:43.500,MO2508-C-7500,2.2,2.2,2.4
2025-08-11,2025-08-11 11:29:44.000,MO2508-C-7500,2.2,2.2,2.4
2025-08-11,2025-08-11 11:29:44.500,MO2508-C-7500,2.2,2.2,2.4
2025-08-11,2025-08-11 11:29:45.000,MO2508-C-7500,2.2,2.2,17.0
2025-08-11,2025-08-11 11:29:46.000,MO2508-C-7500,2.2,2.2,17.0
2025-08-11,2025-08-11 11:29:46.500,MO2508-C-7500,2.2,2.2,17.0
2025-08-11,2025-08-11 11:29:48.500,MO2508-C-7500,2.2,2.2,17.0
2025-08-11,2025-08-11 11:29:49.000,MO2508-C-7500,2.2,2.2,2.6
2025-08-11,2025-08-11 11:29:49.500,MO2508-C-7500,2.2,2.2,2.4
2025-08-11,2025-08-11 11:29:50.000,MO2508-C-7500,2.2,2.2,2.4
2025-08-11,2025-08-11 11:29:52.500,MO2508-C-7500,2.2,2.2,2.6
2025-08-11,2025-08-11 11:29:59.500,MO2508-C-7500,2.2,2.2,2.6
2025-08-11,2025-08-11 11:30:00.000,MO2508-C-7500,2.2,2.2,2.6
2025-08-11,2025-08-11 13:00:00.500,MO2508-C-7500,2.2,2.2,2.6
2025-08-11,2025-08-11 13:00:01.000,MO2508-C-7500,2.2,2.2,2.4
2025-08-11,2025-08-11 13:00:04.000,MO2508-C-7500,2.2,2.2,2.6
2025-08-11,2025-08-11 13:00:04.500,MO2508-C-7500,2.2,2.2,2.6
2025-08-11,2025-08-11 13:00:05.000,MO2508-C-7500,2.2,2.2,2.4
2025-08-11,2025-08-11 13:00:08.000,MO2508-C-7500,2.2,2.2,2.4
2025-08-11,2025-08-11 13:00:09.500,MO2508-C-7500,2.2,2.2,2.4
2025-08-11,2025-08-11 13:00:10.500,MO2508-C-7500,2.2,2.2,2.4
2025-08-11,2025-08-11 13:00:11.000,MO2508-C-7500,2.2,2.2,2.4
2025-08-11,2025-08-11 13:00:12.000,MO2508-C-7500,2.2,2.2,2.4
2025-08-11,2025-08-11 13:00:13.000,MO2508-C-7500,2.2,2.2,2.4
2025-08-11,2025-08-11 13:00:13.500,MO2508-C-7500,2.2,2.2,2.4
2025-08-11,2025-08-11 13:00:14.000,MO2508-C-7500,2.2,2.2,2.4
2025-08-11,2025-08-11 13:00:14.500,MO2508-C-7500,2.4,2.2,2.4
2025-08-11,2025-08-11 13:00:15.000,MO2508-C-7500,2.4,2.2,2.4
2025-08-11,2025-08-11 13:00:15.500,MO2508-C-7500,2.4,2.2,2.4
2025-08-11,2025-08-11 13:00:16.000,MO2508-C-7500,2.4,2.2,2.4
2025-08-11,2025-08-11 13:00:16.500,MO2508-C-7500,2.4,2.2,2.4
2025-08-11,2025-08-11 13:00:17.000,MO2508-C-7500,2.4,2.2,2.4
2025-08-11,2025-08-11 13:00:18.000,MO2508-C-7500,2.4,2.2,2.4
2025-08-11,2025-08-11 13:00:18.500,MO2508-C-7500,2.4,2.2,2.4
2025-08-11,2025-08-11 13:00:19.000,MO2508-C-7500,2.4,2.2,2.4
2025-08-11,2025-08-11 13:00:19.500,MO2508-C-7500,2.4,2.2,2.4
2025-08-11,2025-08-11 13:00:21.000,MO2508-C-7500,2.4,2.2,2.4
2025-08-11,2025-08-11 13:00:21.500,MO2508-C-7500,2.2,2.0,2.4
2025-08-11,2025-08-11 13:00:22.000,MO2508-C-7500,2.2,2.0,2.4
2025-08-11,2025-08-11 13:00:25.000,MO2508-C-7500,2.2,2.0,2.2
2025-08-11,2025-08-11 13:00:25.500,MO2508-C-7500,2.2,2.0,2.2
2025-08-11,2025-08-11 13:00:28.000,MO2508-C-7500,2.2,2.0,2.2
2025-08-11,2025-08-11 13:00:28.500,MO2508-C-7500,2.2,2.0,2.2
2025-08-11,2025-08-11 13:00:29.000,MO2508-C-7500,2.2,2.0,2.2
2025-08-11,2025-08-11 13:00:31.500,MO2508-C-7500,2.2,2.0,2.4
2025-08-11,2025-08-11 13:00:32.000,MO2508-C-7500,2.2,2.0,2.4
2025-08-11,2025-08-11 13:00:33.000,MO2508-C-7500,2.2,2.0,2.4
2025-08-11,2025-08-11 13:00:35.000,MO2508-C-7500,2.2,2.0,2.4
2025-08-11,2025-08-11 13:00:36.500,MO2508-C-7500,2.2,2.0,2.4
2025-08-11,2025-08-11 13:00:37.500,MO2508-C-7500,2.2,2.0,2.4
2025-08-11,2025-08-11 13:00:39.500,MO2508-C-7500,2.2,2.2,2.4
2025-08-11,2025-08-11 13:00:40.000,MO2508-C-7500,2.2,2.2,2.4
2025-08-11,2025-08-11 13:00:44.500,MO2508-C-7500,2.2,2.2,2.4
2025-08-11,2025-08-11 13:00:45.000,MO2508-C-7500,2.2,2.2,2.4
2025-08-11,2025-08-11 13:00:45.500,MO2508-C-7500,2.2,2.2,2.4
2025-08-11,2025-08-11 13:00:47.000,MO2508-C-7500,2.2,2.2,2.4
2025-08-11,2025-08-11 13:00:47.500,MO2508-C-7500,2.2,2.2,2.4
2025-08-11,2025-08-11 13:00:48.500,MO2508-C-7500,2.2,2.2,2.4
2025-08-11,2025-08-11 13:00:49.000,MO2508-C-7500,2.2,2.2,2.4
2025-08-11,2025-08-11 13:00:49.500,MO2508-C-7500,2.2,2.2,2.4
2025-08-11,2025-08-11 13:00:50.000,MO2508-C-7500,2.2,2.2,2.4
2025-08-11,2025-08-11 13:00:50.500,MO2508-C-7500,2.2,2.2,2.4
2025-08-11,2025-08-11 13:00:52.000,MO2508-C-7500,2.2,2.2,2.4
2025-08-11,2025-08-11 13:00:55.000,MO2508-C-7500,2.2,2.2,2.4
2025-08-11,2025-08-11 13:00:55.500,MO2508-C-7500,2.2,2.2,2.4
2025-08-11,2025-08-11 13:00:56.000,MO2508-C-7500,2.2,2.2,2.4
2025-08-11,2025-08-11 13:01:00.000,MO2508-C-7500,2.2,2.2,2.4
2025-08-11,2025-08-11 13:01:11.000,MO2508-C-7500,2.2,2.2,2.4
2025-08-11,2025-08-11 13:01:11.500,MO2508-C-7500,2.2,2.2,2.4
2025-08-11,2025-08-11 13:01:14.500,MO2508-C-7500,2.2,2.2,2.4
2025-08-11,2025-08-11 13:01:15.000,MO2508-C-7500,2.2,2.2,2.4
2025-08-11,2025-08-11 13:01:22.000,MO2508-C-7500,2.2,2.2,2.4
2025-08-11,2025-08-11 13:01:24.500,MO2508-C-7500,2.2,2.2,2.4
2025-08-11,2025-08-11 13:01:25.000,MO2508-C-7500,2.2,2.2,2.4
2025-08-11,2025-08-11 13:01:26.500,MO2508-C-7500,2.2,2.2,2.4
2025-08-11,2025-08-11 13:01:32.000,MO2508-C-7500,2.2,2.2,2.4
2025-08-11,2025-08-11 13:01:32.500,MO2508-C-7500,2.2,2.2,2.4
2025-08-11,2025-08-11 13:01:34.500,MO2508-C-7500,2.2,2.2,2.4
2025-08-11,2025-08-11 13:01:35.000,MO2508-C-7500,2.2,2.2,2.4
2025-08-11,2025-08-11 13:01:44.500,MO2508-C-7500,2.2,2.2,2.4
2025-08-11,2025-08-11 13:01:45.000,MO2508-C-7500,2.2,2.2,2.4
2025-08-11,2025-08-11 13:01:48.500,MO2508-C-7500,2.2,2.2,2.4
2025-08-11,2025-08-11 13:01:52.500,MO2508-C-7500,2.2,2.2,2.4
2025-08-11,2025-08-11 13:01:54.500,MO2508-C-7500,2.2,2.2,2.4
2025-08-11,2025-08-11 13:01:55.000,MO2508-C-7500,2.2,2.2,2.4
2025-08-11,2025-08-11 13:02:02.500,MO2508-C-7500,2.2,2.2,2.4
2025-08-11,2025-08-11 13:02:04.500,MO2508-C-7500,2.2,2.2,2.4
2025-08-11,2025-08-11 13:02:05.000,MO2508-C-7500,2.2,2.2,2.4
2025-08-11,2025-08-11 13:02:10.000,MO2508-C-7500,2.2,2.2,2.4
2025-08-11,2025-08-11 13:02:10.500,MO2508-C-7500,2.2,2.2,2.4
2025-08-11,2025-08-11 13:02:11.000,MO2508-C-7500,2.2,2.0,2.4
2025-08-11,2025-08-11 13:02:11.500,MO2508-C-7500,2.2,2.0,2.4
2025-08-11,2025-08-11 13:02:12.000,MO2508-C-7500,2.2,2.0,2.4
2025-08-11,2025-08-11 13:02:14.500,MO2508-C-7500,2.2,2.0,2.4
2025-08-11,2025-08-11 13:02:15.000,MO2508-C-7500,2.2,2.0,2.4
2025-08-11,2025-08-11 13:02:16.500,MO2508-C-7500,2.2,2.0,2.2
2025-08-11,2025-08-11 13:02:17.000,MO2508-C-7500,2.2,2.0,2.2
2025-08-11,2025-08-11 13:02:17.500,MO2508-C-7500,2.2,2.0,2.2
2025-08-11,2025-08-11 13:02:19.000,MO2508-C-7500,2.2,2.0,2.2
2025-08-11,2025-08-11 13:02:19.500,MO2508-C-7500,2.2,2.0,2.2
2025-08-11,2025-08-11 13:02:22.000,MO2508-C-7500,2.2,2.0,2.2
2025-08-11,2025-08-11 13:02:22.500,MO2508-C-7500,2.2,2.0,2.2
2025-08-11,2025-08-11 13:02:24.500,MO2508-C-7500,2.2,2.0,2.2
2025-08-11,2025-08-11 13:02:25.000,MO2508-C-7500,2.2,2.0,2.2
2025-08-11,2025-08-11 13:02:28.000,MO2508-C-7500,2.2,2.0,2.2
2025-08-11,2025-08-11 13:02:29.000,MO2508-C-7500,2.2,2.0,2.2
2025-08-11,2025-08-11 13:02:33.000,MO2508-C-7500,2.2,2.0,2.2
2025-08-11,2025-08-11 13:02:34.500,MO2508-C-7500,2.2,2.0,2.2
2025-08-11,2025-08-11 13:02:35.000,MO2508-C-7500,2.2,2.0,2.2
2025-08-11,2025-08-11 13:02:44.500,MO2508-C-7500,2.2,2.0,2.2
2025-08-11,2025-08-11 13:02:45.000,MO2508-C-7500,2.2,2.0,2.2
2025-08-11,2025-08-11 13:02:45.500,MO2508-C-7500,2.2,2.0,2.2
2025-08-11,2025-08-11 13:02:54.500,MO2508-C-7500,2.2,2.0,2.2
2025-08-11,2025-08-11 13:02:55.000,MO2508-C-7500,2.2,2.0,2.2
2025-08-11,2025-08-11 13:02:55.500,MO2508-C-7500,2.2,2.0,2.2
2025-08-11,2025-08-11 13:03:01.500,MO2508-C-7500,2.2,2.0,2.2
2025-08-11,2025-08-11 13:03:03.000,MO2508-C-7500,2.2,2.0,2.2
2025-08-11,2025-08-11 13:03:04.500,MO2508-C-7500,2.2,2.0,2.2
2025-08-11,2025-08-11 13:03:05.000,MO2508-C-7500,2.2,2.0,2.2
2025-08-11,2025-08-11 13:03:06.000,MO2508-C-7500,2.2,2.0,2.2
2025-08-11,2025-08-11 13:03:12.500,MO2508-C-7500,2.2,2.0,2.2
2025-08-11,2025-08-11 13:03:13.000,MO2508-C-7500,2.2,2.0,2.2
2025-08-11,2025-08-11 13:03:14.500,MO2508-C-7500,2.2,2.0,2.2
2025-08-11,2025-08-11 13:03:15.000,MO2508-C-7500,2.2,2.0,2.2
2025-08-11,2025-08-11 13:03:16.000,MO2508-C-7500,2.2,2.0,2.2
2025-08-11,2025-08-11 13:03:24.500,MO2508-C-7500,2.2,2.0,2.2
2025-08-11,2025-08-11 13:03:25.000,MO2508-C-7500,2.2,2.0,2.2
2025-08-11,2025-08-11 13:03:29.500,MO2508-C-7500,2.2,2.2,2.4
2025-08-11,2025-08-11 13:03:30.000,MO2508-C-7500,2.2,2.0,2.2
2025-08-11,2025-08-11 13:03:30.500,MO2508-C-7500,2.2,2.0,2.2
2025-08-11,2025-08-11 13:03:31.000,MO2508-C-7500,2.2,2.0,2.4
2025-08-11,2025-08-11 13:03:31.500,MO2508-C-7500,2.2,2.0,2.4
2025-08-11,2025-08-11 13:03:33.000,MO2508-C-7500,2.2,2.0,2.4
2025-08-11,2025-08-11 13:03:34.500,MO2508-C-7500,2.2,2.0,2.4
2025-08-11,2025-08-11 13:03:35.000,MO2508-C-7500,2.2,2.0,2.4
2025-08-11,2025-08-11 13:03:37.000,MO2508-C-7500,2.0,2.0,2.4
2025-08-11,2025-08-11 13:03:40.000,MO2508-C-7500,2.0,2.0,2.2
2025-08-11,2025-08-11 13:03:41.000,MO2508-C-7500,2.0,2.0,2.2
2025-08-11,2025-08-11 13:03:43.000,MO2508-C-7500,2.0,2.0,2.2
2025-08-11,2025-08-11 13:03:43.500,MO2508-C-7500,2.0,2.0,2.2
2025-08-11,2025-08-11 13:03:44.000,MO2508-C-7500,2.0,2.0,2.2
2025-08-11,2025-08-11 13:03:44.500,MO2508-C-7500,2.0,2.0,2.2
2025-08-11,2025-08-11 13:03:45.000,MO2508-C-7500,2.0,2.0,2.2
2025-08-11,2025-08-11 13:03:46.000,MO2508-C-7500,2.0,2.0,2.2
2025-08-11,2025-08-11 13:03:46.500,MO2508-C-7500,2.0,2.0,2.2
2025-08-11,2025-08-11 13:03:54.500,MO2508-C-7500,2.0,2.0,2.2
2025-08-11,2025-08-11 13:03:55.000,MO2508-C-7500,2.0,2.0,2.2
2025-08-11,2025-08-11 13:03:57.000,MO2508-C-7500,2.0,2.0,2.2
2025-08-11,2025-08-11 13:04:04.500,MO2508-C-7500,2.0,2.0,2.2
2025-08-11,2025-08-11 13:04:05.000,MO2508-C-7500,2.0,2.0,2.2
2025-08-11,2025-08-11 13:04:13.000,MO2508-C-7500,2.0,2.0,2.2
2025-08-11,2025-08-11 13:04:14.500,MO2508-C-7500,2.0,2.0,2.2
2025-08-11,2025-08-11 13:04:15.000,MO2508-C-7500,2.0,2.0,2.2
2025-08-11,2025-08-11 13:04:19.000,MO2508-C-7500,2.0,2.0,2.2
2025-08-11,2025-08-11 13:04:23.000,MO2508-C-7500,2.0,2.0,2.2
2025-08-11,2025-08-11 13:04:23.500,MO2508-C-7500,2.0,2.0,2.2
2025-08-11,2025-08-11 13:04:24.500,MO2508-C-7500,2.0,2.0,2.2
2025-08-11,2025-08-11 13:04:25.000,MO2508-C-7500,2.0,2.0,2.2
2025-08-11,2025-08-11 13:04:25.500,MO2508-C-7500,2.0,2.0,2.2
2025-08-11,2025-08-11 13:04:26.000,MO2508-C-7500,2.0,2.0,2.2
2025-08-11,2025-08-11 13:04:27.000,MO2508-C-7500,2.0,2.0,2.2
2025-08-11,2025-08-11 13:04:27.500,MO2508-C-7500,2.0,2.0,2.2
2025-08-11,2025-08-11 13:04:28.000,MO2508-C-7500,2.0,2.0,2.2
2025-08-11,2025-08-11 13:04:30.500,MO2508-C-7500,2.0,2.0,2.2
2025-08-11,2025-08-11 13:04:31.000,MO2508-C-7500,2.2,2.2,2.4
2025-08-11,2025-08-11 13:04:31.500,MO2508-C-7500,2.2,2.2,2.4
2025-08-11,2025-08-11 13:04:32.000,MO2508-C-7500,2.2,2.2,2.4
2025-08-11,2025-08-11 13:04:33.500,MO2508-C-7500,2.2,2.2,2.4
2025-08-11,2025-08-11 13:04:34.000,MO2508-C-7500,2.2,2.2,2.4
2025-08-11,2025-08-11 13:04:34.500,MO2508-C-7500,2.2,2.2,2.4
2025-08-11,2025-08-11 13:04:35.000,MO2508-C-7500,2.2,2.2,2.4
2025-08-11,2025-08-11 13:04:42.000,MO2508-C-7500,2.2,2.2,2.4
2025-08-11,2025-08-11 13:04:42.500,MO2508-C-7500,2.2,2.2,2.4
2025-08-11,2025-08-11 13:04:43.500,MO2508-C-7500,2.2,2.2,2.4
2025-08-11,2025-08-11 13:04:44.000,MO2508-C-7500,2.2,2.2,2.4
2025-08-11,2025-08-11 13:04:44.500,MO2508-C-7500,2.2,2.2,2.4
2025-08-11,2025-08-11 13:04:45.000,MO2508-C-7500,2.2,2.2,2.4
2025-08-11,2025-08-11 13:04:45.500,MO2508-C-7500,2.2,2.2,2.4
2025-08-11,2025-08-11 13:04:46.500,MO2508-C-7500,2.2,2.2,2.4
2025-08-11,2025-08-11 13:04:47.000,MO2508-C-7500,2.2,2.2,2.4
2025-08-11,2025-08-11 13:04:54.000,MO2508-C-7500,2.4,2.2,2.4
2025-08-11,2025-08-11 13:04:54.500,MO2508-C-7500,2.4,2.2,2.4
2025-08-11,2025-08-11 13:04:55.000,MO2508-C-7500,2.4,2.2,2.4
2025-08-11,2025-08-11 13:04:55.500,MO2508-C-7500,2.4,2.2,2.4
2025-08-11,2025-08-11 13:05:04.500,MO2508-C-7500,2.4,2.2,2.4
2025-08-11,2025-08-11 13:05:05.000,MO2508-C-7500,2.4,2.2,2.4
2025-08-11,2025-08-11 13:05:07.500,MO2508-C-7500,2.4,2.2,2.4
2025-08-11,2025-08-11 13:05:10.000,MO2508-C-7500,2.4,2.2,2.4
2025-08-11,2025-08-11 13:05:14.500,MO2508-C-7500,2.4,2.2,2.4
2025-08-11,2025-08-11 13:05:15.000,MO2508-C-7500,2.4,2.2,2.4
2025-08-11,2025-08-11 13:05:17.500,MO2508-C-7500,2.4,2.2,2.4
2025-08-11,2025-08-11 13:05:19.500,MO2508-C-7500,2.4,2.2,2.4
2025-08-11,2025-08-11 13:05:24.500,MO2508-C-7500,2.4,2.2,2.4
2025-08-11,2025-08-11 13:05:25.000,MO2508-C-7500,2.4,2.2,2.4
2025-08-11,2025-08-11 13:05:31.000,MO2508-C-7500,2.4,2.2,2.4
2025-08-11,2025-08-11 13:05:31.500,MO2508-C-7500,2.4,2.0,2.4
2025-08-11,2025-08-11 13:05:32.000,MO2508-C-7500,2.4,2.0,2.4
2025-08-11,2025-08-11 13:05:32.500,MO2508-C-7500,2.4,2.0,2.4
2025-08-11,2025-08-11 13:05:34.500,MO2508-C-7500,2.4,2.0,2.4
2025-08-11,2025-08-11 13:05:35.000,MO2508-C-7500,2.4,2.0,2.4
2025-08-11,2025-08-11 13:05:38.000,MO2508-C-7500,2.4,2.2,2.4
2025-08-11,2025-08-11 13:05:38.500,MO2508-C-7500,2.4,2.2,2.4
2025-08-11,2025-08-11 13:05:39.000,MO2508-C-7500,2.4,2.2,2.4
2025-08-11,2025-08-11 13:05:44.500,MO2508-C-7500,2.4,2.2,2.4
2025-08-11,2025-08-11 13:05:45.000,MO2508-C-7500,2.4,2.2,2.4
2025-08-11,2025-08-11 13:05:47.000,MO2508-C-7500,2.4,2.2,2.4
2025-08-11,2025-08-11 13:05:47.500,MO2508-C-7500,2.4,2.2,2.4
2025-08-11,2025-08-11 13:05:48.500,MO2508-C-7500,2.4,2.2,2.4
2025-08-11,2025-08-11 13:05:52.500,MO2508-C-7500,2.4,2.2,2.4
2025-08-11,2025-08-11 13:05:54.500,MO2508-C-7500,2.4,2.2,2.4
2025-08-11,2025-08-11 13:05:55.000,MO2508-C-7500,2.4,2.2,2.4
2025-08-11,2025-08-11 13:06:03.500,MO2508-C-7500,2.4,2.2,2.4
2025-08-11,2025-08-11 13:06:04.000,MO2508-C-7500,2.4,2.2,2.4
2025-08-11,2025-08-11 13:06:04.500,MO2508-C-7500,2.4,2.2,2.4
2025-08-11,2025-08-11 13:06:05.000,MO2508-C-7500,2.4,2.2,2.4
2025-08-11,2025-08-11 13:06:06.500,MO2508-C-7500,2.4,2.2,2.4
2025-08-11,2025-08-11 13:06:08.000,MO2508-C-7500,2.4,2.2,2.4
2025-08-11,2025-08-11 13:06:10.000,MO2508-C-7500,2.4,2.2,2.4
2025-08-11,2025-08-11 13:06:13.000,MO2508-C-7500,2.4,2.2,2.4
2025-08-11,2025-08-11 13:06:14.500,MO2508-C-7500,2.4,2.2,2.4
2025-08-11,2025-08-11 13:06:15.000,MO2508-C-7500,2.4,2.0,2.4
2025-08-11,2025-08-11 13:06:15.500,MO2508-C-7500,2.4,2.0,2.4
2025-08-11,2025-08-11 13:06:16.000,MO2508-C-7500,2.4,2.0,2.4
2025-08-11,2025-08-11 13:06:20.500,MO2508-C-7500,2.4,2.0,2.4
2025-08-11,2025-08-11 13:06:22.000,MO2508-C-7500,2.4,2.0,2.4
2025-08-11,2025-08-11 13:06:24.500,MO2508-C-7500,2.4,2.0,2.4
2025-08-11,2025-08-11 13:06:25.000,MO2508-C-7500,2.4,2.0,2.4
2025-08-11,2025-08-11 13:06:26.000,MO2508-C-7500,2.4,2.0,2.4
2025-08-11,2025-08-11 13:06:26.500,MO2508-C-7500,2.4,2.0,2.4
2025-08-11,2025-08-11 13:06:34.500,MO2508-C-7500,2.4,2.0,2.4
2025-08-11,2025-08-11 13:06:35.000,MO2508-C-7500,2.4,2.0,2.4
2025-08-11,2025-08-11 13:06:44.500,MO2508-C-7500,2.4,2.0,2.4
2025-08-11,2025-08-11 13:06:45.000,MO2508-C-7500,2.4,2.0,2.4
2025-08-11,2025-08-11 13:06:48.500,MO2508-C-7500,2.4,2.0,2.4
2025-08-11,2025-08-11 13:06:49.000,MO2508-C-7500,2.4,2.0,2.4
2025-08-11,2025-08-11 13:06:49.500,MO2508-C-7500,2.4,2.0,2.4
2025-08-11,2025-08-11 13:06:54.500,MO2508-C-7500,2.4,2.0,2.4
2025-08-11,2025-08-11 13:06:55.000,MO2508-C-7500,2.4,2.0,2.4
2025-08-11,2025-08-11 13:06:57.500,MO2508-C-7500,2.4,2.0,2.4
2025-08-11,2025-08-11 13:06:58.500,MO2508-C-7500,2.4,2.0,2.4
2025-08-11,2025-08-11 13:07:00.500,MO2508-C-7500,2.4,2.0,2.4
2025-08-11,2025-08-11 13:07:04.500,MO2508-C-7500,2.4,2.0,2.4
2025-08-11,2025-08-11 13:07:05.000,MO2508-C-7500,2.4,2.0,2.4
2025-08-11,2025-08-11 13:07:11.500,MO2508-C-7500,2.4,2.0,2.4
2025-08-11,2025-08-11 13:07:14.500,MO2508-C-7500,2.4,2.0,2.4
2025-08-11,2025-08-11 13:07:15.000,MO2508-C-7500,2.4,2.0,2.4
2025-08-11,2025-08-11 13:07:24.500,MO2508-C-7500,2.4,2.0,2.4
2025-08-11,2025-08-11 13:07:25.000,MO2508-C-7500,2.4,2.0,2.4
2025-08-11,2025-08-11 13:07:27.500,MO2508-C-7500,2.4,2.0,2.4
2025-08-11,2025-08-11 13:07:28.000,MO2508-C-7500,2.4,2.0,2.4
2025-08-11,2025-08-11 13:07:34.500,MO2508-C-7500,2.4,2.0,2.4
2025-08-11,2025-08-11 13:07:35.000,MO2508-C-7500,2.4,2.0,2.4
2025-08-11,2025-08-11 13:07:37.000,MO2508-C-7500,2.4,2.0,2.2
2025-08-11,2025-08-11 13:07:37.500,MO2508-C-7500,2.4,2.0,2.2
2025-08-11,2025-08-11 13:07:40.000,MO2508-C-7500,2.4,2.0,2.2
2025-08-11,2025-08-11 13:07:40.500,MO2508-C-7500,2.4,2.0,2.2
2025-08-11,2025-08-11 13:07:41.000,MO2508-C-7500,2.4,2.0,2.2
2025-08-11,2025-08-11 13:07:41.500,MO2508-C-7500,2.4,2.0,2.2
2025-08-11,2025-08-11 13:07:42.500,MO2508-C-7500,2.4,2.0,2.2
2025-08-11,2025-08-11 13:07:43.500,MO2508-C-7500,2.4,2.0,2.2
2025-08-11,2025-08-11 13:07:44.500,MO2508-C-7500,2.4,2.0,2.2
2025-08-11,2025-08-11 13:07:45.000,MO2508-C-7500,2.4,2.0,2.2
2025-08-11,2025-08-11 13:07:45.500,MO2508-C-7500,2.4,2.0,2.2
2025-08-11,2025-08-11 13:07:46.000,MO2508-C-7500,2.4,2.0,2.2
2025-08-11,2025-08-11 13:07:46.500,MO2508-C-7500,2.4,2.0,2.2
2025-08-11,2025-08-11 13:07:51.000,MO2508-C-7500,2.4,2.0,2.2
2025-08-11,2025-08-11 13:07:54.500,MO2508-C-7500,2.4,2.0,2.2
2025-08-11,2025-08-11 13:07:55.000,MO2508-C-7500,2.4,2.0,2.2
2025-08-11,2025-08-11 13:07:57.000,MO2508-C-7500,2.4,2.0,2.2
2025-08-11,2025-08-11 13:07:57.500,MO2508-C-7500,2.4,2.0,2.2
2025-08-11,2025-08-11 13:07:58.000,MO2508-C-7500,2.4,2.0,2.2
2025-08-11,2025-08-11 13:07:58.500,MO2508-C-7500,2.4,2.0,2.2
2025-08-11,2025-08-11 13:07:59.000,MO2508-C-7500,2.4,2.0,2.2
2025-08-11,2025-08-11 13:07:59.500,MO2508-C-7500,2.4,2.0,2.2
2025-08-11,2025-08-11 13:08:00.000,MO2508-C-7500,2.4,2.0,2.2
2025-08-11,2025-08-11 13:08:00.500,MO2508-C-7500,2.4,2.0,2.2
2025-08-11,2025-08-11 13:08:02.000,MO2508-C-7500,2.4,2.0,2.2
2025-08-11,2025-08-11 13:08:02.500,MO2508-C-7500,2.4,2.0,2.2
2025-08-11,2025-08-11 13:08:03.500,MO2508-C-7500,2.4,2.0,2.2
2025-08-11,2025-08-11 13:08:04.000,MO2508-C-7500,2.4,2.0,2.2
2025-08-11,2025-08-11 13:08:04.500,MO2508-C-7500,2.4,2.0,2.2
2025-08-11,2025-08-11 13:08:05.000,MO2508-C-7500,2.4,2.0,2.2
2025-08-11,2025-08-11 13:08:05.500,MO2508-C-7500,2.4,2.0,2.2
2025-08-11,2025-08-11 13:08:10.000,MO2508-C-7500,2.4,2.0,2.2
2025-08-11,2025-08-11 13:08:13.500,MO2508-C-7500,2.4,2.0,2.2
2025-08-11,2025-08-11 13:08:14.500,MO2508-C-7500,2.4,2.0,2.2
2025-08-11,2025-08-11 13:08:15.000,MO2508-C-7500,2.4,2.0,2.2
2025-08-11,2025-08-11 13:08:15.500,MO2508-C-7500,2.4,2.0,2.2
2025-08-11,2025-08-11 13:08:24.500,MO2508-C-7500,2.4,2.0,2.2
2025-08-11,2025-08-11 13:08:25.000,MO2508-C-7500,2.4,2.0,2.2
2025-08-11,2025-08-11 13:08:25.500,MO2508-C-7500,2.4,2.0,2.2
2025-08-11,2025-08-11 13:08:34.500,MO2508-C-7500,2.4,2.0,2.2
2025-08-11,2025-08-11 13:08:35.000,MO2508-C-7500,2.4,2.0,2.2
2025-08-11,2025-08-11 13:08:35.500,MO2508-C-7500,2.4,2.0,2.2
2025-08-11,2025-08-11 13:08:37.500,MO2508-C-7500,2.4,2.0,2.2
2025-08-11,2025-08-11 13:08:38.000,MO2508-C-7500,2.4,2.0,2.2
2025-08-11,2025-08-11 13:08:44.500,MO2508-C-7500,2.4,2.0,2.2
2025-08-11,2025-08-11 13:08:45.000,MO2508-C-7500,2.4,2.0,2.2
2025-08-11,2025-08-11 13:08:46.500,MO2508-C-7500,2.4,2.0,2.2
2025-08-11,2025-08-11 13:08:47.000,MO2508-C-7500,2.4,2.0,2.2
2025-08-11,2025-08-11 13:08:48.500,MO2508-C-7500,2.4,2.0,2.4
2025-08-11,2025-08-11 13:08:49.000,MO2508-C-7500,2.4,2.0,2.4
2025-08-11,2025-08-11 13:08:54.000,MO2508-C-7500,2.4,2.2,2.4
2025-08-11,2025-08-11 13:08:54.500,MO2508-C-7500,2.4,2.2,2.4
2025-08-11,2025-08-11 13:08:55.000,MO2508-C-7500,2.4,2.2,2.4
2025-08-11,2025-08-11 13:08:58.000,MO2508-C-7500,2.4,2.2,2.4
2025-08-11,2025-08-11 13:08:59.000,MO2508-C-7500,2.4,2.2,2.4
2025-08-11,2025-08-11 13:08:59.500,MO2508-C-7500,2.4,2.2,2.4
2025-08-11,2025-08-11 13:09:00.000,MO2508-C-7500,2.4,2.2,2.4
2025-08-11,2025-08-11 13:09:01.500,MO2508-C-7500,2.4,2.2,2.4
2025-08-11,2025-08-11 13:09:02.000,MO2508-C-7500,2.4,2.2,2.4
2025-08-11,2025-08-11 13:09:03.000,MO2508-C-7500,2.4,2.2,2.4
2025-08-11,2025-08-11 13:09:03.500,MO2508-C-7500,2.4,2.2,2.4
2025-08-11,2025-08-11 13:09:04.000,MO2508-C-7500,2.4,2.2,2.4
2025-08-11,2025-08-11 13:09:04.500,MO2508-C-7500,2.4,2.2,2.4
2025-08-11,2025-08-11 13:09:05.000,MO2508-C-7500,2.4,2.2,2.4
2025-08-11,2025-08-11 13:09:05.500,MO2508-C-7500,2.4,2.2,2.4
2025-08-11,2025-08-11 13:09:06.000,MO2508-C-7500,2.4,2.2,2.4
2025-08-11,2025-08-11 13:09:06.500,MO2508-C-7500,2.4,2.2,2.4
2025-08-11,2025-08-11 13:09:07.000,MO2508-C-7500,2.4,2.2,2.4
2025-08-11,2025-08-11 13:09:10.000,MO2508-C-7500,2.4,2.2,2.4
2025-08-11,2025-08-11 13:09:11.000,MO2508-C-7500,2.4,2.2,2.4
2025-08-11,2025-08-11 13:09:11.500,MO2508-C-7500,2.4,2.2,2.4
2025-08-11,2025-08-11 13:09:12.500,MO2508-C-7500,2.4,2.2,2.6
2025-08-11,2025-08-11 13:09:13.000,MO2508-C-7500,2.4,2.2,2.6
2025-08-11,2025-08-11 13:09:13.500,MO2508-C-7500,2.4,2.2,2.6
2025-08-11,2025-08-11 13:09:14.500,MO2508-C-7500,2.4,2.2,2.6
2025-08-11,2025-08-11 13:09:15.000,MO2508-C-7500,2.4,2.2,2.6
2025-08-11,2025-08-11 13:09:17.000,MO2508-C-7500,2.4,2.2,2.6
2025-08-11,2025-08-11 13:09:18.000,MO2508-C-7500,2.4,2.4,2.6
2025-08-11,2025-08-11 13:09:18.500,MO2508-C-7500,2.4,2.4,2.6
2025-08-11,2025-08-11 13:09:22.500,MO2508-C-7500,2.4,2.4,2.6
2025-08-11,2025-08-11 13:09:23.000,MO2508-C-7500,2.4,2.4,2.6
2025-08-11,2025-08-11 13:09:23.500,MO2508-C-7500,2.4,2.4,2.6
2025-08-11,2025-08-11 13:09:24.000,MO2508-C-7500,2.4,2.4,2.6
2025-08-11,2025-08-11 13:09:24.500,MO2508-C-7500,2.4,2.4,2.6
2025-08-11,2025-08-11 13:09:25.000,MO2508-C-7500,2.4,2.4,2.6
2025-08-11,2025-08-11 13:09:29.000,MO2508-C-7500,2.4,2.4,2.6
2025-08-11,2025-08-11 13:09:32.000,MO2508-C-7500,2.4,2.4,2.6
2025-08-11,2025-08-11 13:09:32.500,MO2508-C-7500,2.4,2.4,2.6
2025-08-11,2025-08-11 13:09:33.000,MO2508-C-7500,2.4,2.4,2.6
2025-08-11,2025-08-11 13:09:34.500,MO2508-C-7500,2.4,2.4,2.6
2025-08-11,2025-08-11 13:09:35.000,MO2508-C-7500,2.4,2.4,2.6
2025-08-11,2025-08-11 13:09:41.500,MO2508-C-7500,2.4,2.4,2.6
2025-08-11,2025-08-11 13:09:44.000,MO2508-C-7500,2.4,2.4,2.6
2025-08-11,2025-08-11 13:09:44.500,MO2508-C-7500,2.4,2.4,2.6
2025-08-11,2025-08-11 13:09:45.000,MO2508-C-7500,2.4,2.4,2.6
2025-08-11,2025-08-11 13:09:45.500,MO2508-C-7500,2.4,2.4,2.6
2025-08-11,2025-08-11 13:09:46.000,MO2508-C-7500,2.4,2.4,2.6
2025-08-11,2025-08-11 13:09:49.000,MO2508-C-7500,2.4,2.4,2.6
2025-08-11,2025-08-11 13:09:49.500,MO2508-C-7500,2.4,2.4,2.6
2025-08-11,2025-08-11 13:09:54.500,MO2508-C-7500,2.4,2.4,2.6
2025-08-11,2025-08-11 13:09:55.000,MO2508-C-7500,2.4,2.4,2.6
2025-08-11,2025-08-11 13:09:55.500,MO2508-C-7500,2.4,2.4,2.6
2025-08-11,2025-08-11 13:09:56.000,MO2508-C-7500,2.4,2.4,2.6
2025-08-11,2025-08-11 13:09:57.000,MO2508-C-7500,2.4,2.4,2.6
2025-08-11,2025-08-11 13:09:57.500,MO2508-C-7500,2.4,2.4,2.6
2025-08-11,2025-08-11 13:09:59.000,MO2508-C-7500,2.4,2.4,2.6
2025-08-11,2025-08-11 13:10:00.000,MO2508-C-7500,2.4,2.4,2.6
2025-08-11,2025-08-11 13:10:00.500,MO2508-C-7500,2.4,2.4,2.6
2025-08-11,2025-08-11 13:10:02.000,MO2508-C-7500,2.4,2.4,2.6
2025-08-11,2025-08-11 13:10:04.000,MO2508-C-7500,2.4,2.4,2.6
2025-08-11,2025-08-11 13:10:04.500,MO2508-C-7500,2.4,2.4,2.6
2025-08-11,2025-08-11 13:10:05.000,MO2508-C-7500,2.4,2.4,2.6
2025-08-11,2025-08-11 13:10:06.500,MO2508-C-7500,2.4,2.4,2.6
2025-08-11,2025-08-11 13:10:07.000,MO2508-C-7500,2.4,2.4,2.6
2025-08-11,2025-08-11 13:10:07.500,MO2508-C-7500,2.4,2.4,2.6
2025-08-11,2025-08-11 13:10:08.000,MO2508-C-7500,2.4,2.4,2.6
2025-08-11,2025-08-11 13:10:09.500,MO2508-C-7500,2.4,2.4,2.6
2025-08-11,2025-08-11 13:10:12.500,MO2508-C-7500,2.4,2.4,2.6
2025-08-11,2025-08-11 13:10:14.500,MO2508-C-7500,2.4,2.4,2.6
2025-08-11,2025-08-11 13:10:15.000,MO2508-C-7500,2.4,2.4,2.6
2025-08-11,2025-08-11 13:10:16.000,MO2508-C-7500,2.4,2.4,2.6
2025-08-11,2025-08-11 13:10:16.500,MO2508-C-7500,2.4,2.4,2.6
2025-08-11,2025-08-11 13:10:17.000,MO2508-C-7500,2.4,2.4,2.6
2025-08-11,2025-08-11 13:10:18.000,MO2508-C-7500,2.4,2.4,2.6
2025-08-11,2025-08-11 13:10:18.500,MO2508-C-7500,2.4,2.4,2.6
2025-08-11,2025-08-11 13:10:19.000,MO2508-C-7500,2.6,2.4,2.6
2025-08-11,2025-08-11 13:10:19.500,MO2508-C-7500,2.6,2.4,2.6
2025-08-11,2025-08-11 13:10:21.500,MO2508-C-7500,2.6,2.4,2.6
2025-08-11,2025-08-11 13:10:22.000,MO2508-C-7500,2.6,2.2,2.6
2025-08-11,2025-08-11 13:10:22.500,MO2508-C-7500,2.6,2.2,2.6
2025-08-11,2025-08-11 13:10:23.000,MO2508-C-7500,2.6,2.2,2.6
2025-08-11,2025-08-11 13:10:24.000,MO2508-C-7500,2.6,2.2,2.6
2025-08-11,2025-08-11 13:10:24.500,MO2508-C-7500,2.6,2.2,2.6
2025-08-11,2025-08-11 13:10:25.000,MO2508-C-7500,2.6,2.2,2.6
2025-08-11,2025-08-11 13:10:33.000,MO2508-C-7500,2.6,2.2,2.6
2025-08-11,2025-08-11 13:10:33.500,MO2508-C-7500,2.6,2.2,2.6
2025-08-11,2025-08-11 13:10:34.500,MO2508-C-7500,2.6,2.2,2.6
2025-08-11,2025-08-11 13:10:35.000,MO2508-C-7500,2.6,2.2,2.6
2025-08-11,2025-08-11 13:10:39.500,MO2508-C-7500,2.6,2.4,2.6
2025-08-11,2025-08-11 13:10:40.000,MO2508-C-7500,2.4,2.4,2.6
2025-08-11,2025-08-11 13:10:40.500,MO2508-C-7500,2.4,2.4,2.6
2025-08-11,2025-08-11 13:10:41.000,MO2508-C-7500,2.4,2.4,2.6
2025-08-11,2025-08-11 13:10:41.500,MO2508-C-7500,2.4,2.2,2.6
2025-08-11,2025-08-11 13:10:42.000,MO2508-C-7500,2.4,2.2,2.6
2025-08-11,2025-08-11 13:10:44.000,MO2508-C-7500,2.4,2.2,2.6
2025-08-11,2025-08-11 13:10:44.500,MO2508-C-7500,2.4,2.2,2.6
2025-08-11,2025-08-11 13:10:45.000,MO2508-C-7500,2.4,2.2,2.6
2025-08-11,2025-08-11 13:10:51.000,MO2508-C-7500,2.4,2.2,2.6
2025-08-11,2025-08-11 13:10:54.500,MO2508-C-7500,2.4,2.2,2.6
2025-08-11,2025-08-11 13:10:55.000,MO2508-C-7500,2.4,2.2,2.6
2025-08-11,2025-08-11 13:11:04.500,MO2508-C-7500,2.4,2.2,2.6
2025-08-11,2025-08-11 13:11:05.000,MO2508-C-7500,2.4,2.2,2.6
2025-08-11,2025-08-11 13:11:10.000,MO2508-C-7500,2.4,2.2,2.4
2025-08-11,2025-08-11 13:11:10.500,MO2508-C-7500,2.4,2.2,2.4
2025-08-11,2025-08-11 13:11:11.000,MO2508-C-7500,2.4,2.2,2.4
2025-08-11,2025-08-11 13:11:14.500,MO2508-C-7500,2.4,2.2,2.4
2025-08-11,2025-08-11 13:11:15.000,MO2508-C-7500,2.4,2.2,2.4
2025-08-11,2025-08-11 13:11:23.000,MO2508-C-7500,2.4,2.2,2.4
2025-08-11,2025-08-11 13:11:23.500,MO2508-C-7500,2.4,2.2,2.4
2025-08-11,2025-08-11 13:11:24.500,MO2508-C-7500,2.4,2.2,2.4
2025-08-11,2025-08-11 13:11:25.000,MO2508-C-7500,2.4,2.2,2.4
2025-08-11,2025-08-11 13:11:34.500,MO2508-C-7500,2.4,2.2,2.4
2025-08-11,2025-08-11 13:11:35.000,MO2508-C-7500,2.4,2.2,2.4
2025-08-11,2025-08-11 13:11:44.500,MO2508-C-7500,2.4,2.2,2.4
2025-08-11,2025-08-11 13:11:45.000,MO2508-C-7500,2.4,2.2,2.4
2025-08-11,2025-08-11 13:11:51.000,MO2508-C-7500,2.4,2.2,2.4
2025-08-11,2025-08-11 13:11:54.500,MO2508-C-7500,2.4,2.2,2.4
2025-08-11,2025-08-11 13:11:55.000,MO2508-C-7500,2.4,2.2,2.4
2025-08-11,2025-08-11 13:11:57.500,MO2508-C-7500,2.4,2.2,2.4
2025-08-11,2025-08-11 13:11:59.500,MO2508-C-7500,2.4,2.2,2.4
2025-08-11,2025-08-11 13:12:04.500,MO2508-C-7500,2.4,2.2,2.4
2025-08-11,2025-08-11 13:12:05.000,MO2508-C-7500,2.4,2.2,2.4
2025-08-11,2025-08-11 13:12:14.500,MO2508-C-7500,2.4,2.2,2.4
2025-08-11,2025-08-11 13:12:15.000,MO2508-C-7500,2.4,2.2,2.4
2025-08-11,2025-08-11 13:12:17.500,MO2508-C-7500,2.4,2.2,2.4
2025-08-11,2025-08-11 13:12:24.500,MO2508-C-7500,2.4,2.2,2.4
2025-08-11,2025-08-11 13:12:25.000,MO2508-C-7500,2.4,2.2,2.4
2025-08-11,2025-08-11 13:12:26.000,MO2508-C-7500,2.4,2.2,2.4
2025-08-11,2025-08-11 13:12:34.500,MO2508-C-7500,2.4,2.2,2.4
2025-08-11,2025-08-11 13:12:35.000,MO2508-C-7500,2.4,2.2,2.4
2025-08-11,2025-08-11 13:12:37.000,MO2508-C-7500,2.4,2.2,2.4
2025-08-11,2025-08-11 13:12:37.500,MO2508-C-7500,2.4,2.2,2.4
2025-08-11,2025-08-11 13:12:38.000,MO2508-C-7500,2.4,2.2,2.4
2025-08-11,2025-08-11 13:12:42.000,MO2508-C-7500,2.4,2.2,2.4
2025-08-11,2025-08-11 13:12:44.500,MO2508-C-7500,2.4,2.2,2.4
2025-08-11,2025-08-11 13:12:45.000,MO2508-C-7500,2.4,2.2,2.4
2025-08-11,2025-08-11 13:12:52.500,MO2508-C-7500,2.4,2.2,2.4
2025-08-11,2025-08-11 13:12:53.000,MO2508-C-7500,2.4,2.2,2.4
2025-08-11,2025-08-11 13:12:53.500,MO2508-C-7500,2.4,2.2,2.4
2025-08-11,2025-08-11 13:12:54.000,MO2508-C-7500,2.4,2.2,2.4
2025-08-11,2025-08-11 13:12:54.500,MO2508-C-7500,2.4,2.2,2.4
2025-08-11,2025-08-11 13:12:55.000,MO2508-C-7500,2.4,2.2,2.4
2025-08-11,2025-08-11 13:12:57.000,MO2508-C-7500,2.4,2.2,2.4
2025-08-11,2025-08-11 13:12:57.500,MO2508-C-7500,2.4,2.2,2.4
2025-08-11,2025-08-11 13:12:58.000,MO2508-C-7500,2.4,2.2,2.4
2025-08-11,2025-08-11 13:12:58.500,MO2508-C-7500,2.4,2.2,2.4
2025-08-11,2025-08-11 13:13:03.500,MO2508-C-7500,2.4,2.2,2.4
2025-08-11,2025-08-11 13:13:04.000,MO2508-C-7500,2.4,2.2,2.4
2025-08-11,2025-08-11 13:13:04.500,MO2508-C-7500,2.4,2.2,2.4
2025-08-11,2025-08-11 13:13:06.000,MO2508-C-7500,2.4,2.2,2.4
2025-08-11,2025-08-11 13:13:06.500,MO2508-C-7500,2.4,2.2,2.4
2025-08-11,2025-08-11 13:13:07.000,MO2508-C-7500,2.4,2.2,2.4
2025-08-11,2025-08-11 13:13:14.500,MO2508-C-7500,2.4,2.2,2.4
2025-08-11,2025-08-11 13:13:15.000,MO2508-C-7500,2.4,2.2,2.4
2025-08-11,2025-08-11 13:13:16.500,MO2508-C-7500,2.4,2.2,2.4
2025-08-11,2025-08-11 13:13:17.500,MO2508-C-7500,2.4,2.2,2.4
2025-08-11,2025-08-11 13:13:21.000,MO2508-C-7500,2.4,2.2,2.4
2025-08-11,2025-08-11 13:13:21.500,MO2508-C-7500,2.4,2.2,2.4
2025-08-11,2025-08-11 13:13:24.500,MO2508-C-7500,2.4,2.2,2.4
2025-08-11,2025-08-11 13:13:25.000,MO2508-C-7500,2.4,2.2,2.4
2025-08-11,2025-08-11 13:13:27.500,MO2508-C-7500,2.4,2.2,2.4
2025-08-11,2025-08-11 13:13:29.500,MO2508-C-7500,2.4,2.2,2.4
2025-08-11,2025-08-11 13:13:34.500,MO2508-C-7500,2.4,2.2,2.4
2025-08-11,2025-08-11 13:13:35.000,MO2508-C-7500,2.4,2.2,2.4
2025-08-11,2025-08-11 13:13:36.500,MO2508-C-7500,2.4,2.2,2.4
2025-08-11,2025-08-11 13:13:37.000,MO2508-C-7500,2.4,2.2,2.4
2025-08-11,2025-08-11 13:13:37.500,MO2508-C-7500,2.4,2.2,2.4
2025-08-11,2025-08-11 13:13:40.500,MO2508-C-7500,2.4,2.2,2.4
2025-08-11,2025-08-11 13:13:41.000,MO2508-C-7500,2.4,2.2,2.4
2025-08-11,2025-08-11 13:13:41.500,MO2508-C-7500,2.4,2.2,2.4
2025-08-11,2025-08-11 13:13:42.000,MO2508-C-7500,2.4,2.2,2.4
2025-08-11,2025-08-11 13:13:44.500,MO2508-C-7500,2.4,2.2,2.4
2025-08-11,2025-08-11 13:13:45.000,MO2508-C-7500,2.4,2.2,2.4
2025-08-11,2025-08-11 13:13:54.500,MO2508-C-7500,2.4,2.2,2.4
2025-08-11,2025-08-11 13:13:55.000,MO2508-C-7500,2.4,2.2,2.4
2025-08-11,2025-08-11 13:13:55.500,MO2508-C-7500,2.4,2.2,2.4
2025-08-11,2025-08-11 13:14:03.000,MO2508-C-7500,2.4,2.2,2.4
2025-08-11,2025-08-11 13:14:04.000,MO2508-C-7500,2.4,2.2,2.4
2025-08-11,2025-08-11 13:14:04.500,MO2508-C-7500,2.4,2.2,2.4
2025-08-11,2025-08-11 13:14:05.000,MO2508-C-7500,2.4,2.2,2.4
2025-08-11,2025-08-11 13:14:05.500,MO2508-C-7500,2.4,2.2,2.4
2025-08-11,2025-08-11 13:14:12.000,MO2508-C-7500,2.4,2.2,2.4
2025-08-11,2025-08-11 13:14:12.500,MO2508-C-7500,2.4,2.2,2.4
2025-08-11,2025-08-11 13:14:13.500,MO2508-C-7500,2.4,2.2,2.4
2025-08-11,2025-08-11 13:14:14.000,MO2508-C-7500,2.4,2.2,2.4
2025-08-11,2025-08-11 13:14:14.500,MO2508-C-7500,2.4,2.0,2.4
2025-08-11,2025-08-11 13:14:15.000,MO2508-C-7500,2.4,2.0,2.4
2025-08-11,2025-08-11 13:14:15.500,MO2508-C-7500,2.4,2.0,2.4
2025-08-11,2025-08-11 13:14:17.000,MO2508-C-7500,2.4,2.0,2.4
2025-08-11,2025-08-11 13:14:17.500,MO2508-C-7500,2.4,2.0,2.4
2025-08-11,2025-08-11 13:14:20.500,MO2508-C-7500,2.4,2.0,2.4
2025-08-11,2025-08-11 13:14:23.000,MO2508-C-7500,2.4,2.0,2.4
2025-08-11,2025-08-11 13:14:24.500,MO2508-C-7500,2.4,2.0,2.4
2025-08-11,2025-08-11 13:14:25.000,MO2508-C-7500,2.4,2.0,2.4
2025-08-11,2025-08-11 13:14:25.500,MO2508-C-7500,2.4,2.0,2.4
2025-08-11,2025-08-11 13:14:26.000,MO2508-C-7500,2.4,2.0,2.4
2025-08-11,2025-08-11 13:14:29.500,MO2508-C-7500,2.4,2.0,2.4
2025-08-11,2025-08-11 13:14:30.500,MO2508-C-7500,2.4,2.0,2.4
2025-08-11,2025-08-11 13:14:31.000,MO2508-C-7500,2.4,2.0,2.4
2025-08-11,2025-08-11 13:14:31.500,MO2508-C-7500,2.4,2.0,2.4
2025-08-11,2025-08-11 13:14:32.000,MO2508-C-7500,2.4,2.0,2.4
2025-08-11,2025-08-11 13:14:34.500,MO2508-C-7500,2.4,2.0,2.4
2025-08-11,2025-08-11 13:14:35.000,MO2508-C-7500,2.4,2.0,2.4
2025-08-11,2025-08-11 13:14:37.000,MO2508-C-7500,2.4,2.0,2.4
2025-08-11,2025-08-11 13:14:40.500,MO2508-C-7500,2.4,2.0,2.4
2025-08-11,2025-08-11 13:14:42.000,MO2508-C-7500,2.4,2.0,2.4
2025-08-11,2025-08-11 13:14:44.500,MO2508-C-7500,2.4,2.0,2.4
2025-08-11,2025-08-11 13:14:45.000,MO2508-C-7500,2.4,2.0,2.4
2025-08-11,2025-08-11 13:14:49.500,MO2508-C-7500,2.4,2.0,2.4
2025-08-11,2025-08-11 13:14:51.000,MO2508-C-7500,2.4,2.0,2.4
2025-08-11,2025-08-11 13:14:52.000,MO2508-C-7500,2.4,2.0,2.4
2025-08-11,2025-08-11 13:14:52.500,MO2508-C-7500,2.4,2.0,2.4
2025-08-11,2025-08-11 13:14:54.500,MO2508-C-7500,2.4,2.0,2.4
2025-08-11,2025-08-11 13:14:55.000,MO2508-C-7500,2.4,2.0,2.4
2025-08-11,2025-08-11 13:14:55.500,MO2508-C-7500,2.4,2.0,2.4
2025-08-11,2025-08-11 13:15:00.000,MO2508-C-7500,2.4,2.0,2.4
2025-08-11,2025-08-11 13:15:04.500,MO2508-C-7500,2.4,2.0,2.4
2025-08-11,2025-08-11 13:15:05.000,MO2508-C-7500,2.4,2.0,2.4
2025-08-11,2025-08-11 13:15:09.500,MO2508-C-7500,2.4,2.0,2.4
2025-08-11,2025-08-11 13:15:11.500,MO2508-C-7500,2.4,2.0,2.4
2025-08-11,2025-08-11 13:15:14.500,MO2508-C-7500,2.4,2.0,2.4
2025-08-11,2025-08-11 13:15:15.000,MO2508-C-7500,2.4,2.0,2.4
2025-08-11,2025-08-11 13:15:19.000,MO2508-C-7500,2.4,2.0,2.4
2025-08-11,2025-08-11 13:15:24.000,MO2508-C-7500,2.4,2.0,2.4
2025-08-11,2025-08-11 13:15:24.500,MO2508-C-7500,2.4,2.0,2.4
2025-08-11,2025-08-11 13:15:25.000,MO2508-C-7500,2.4,2.0,2.4
2025-08-11,2025-08-11 13:15:29.000,MO2508-C-7500,2.4,2.0,2.4
2025-08-11,2025-08-11 13:15:29.500,MO2508-C-7500,2.4,2.0,2.4
2025-08-11,2025-08-11 13:15:34.500,MO2508-C-7500,2.4,2.0,2.4
2025-08-11,2025-08-11 13:15:35.000,MO2508-C-7500,2.4,2.0,2.4
2025-08-11,2025-08-11 13:15:38.000,MO2508-C-7500,2.4,2.0,2.4
2025-08-11,2025-08-11 13:15:44.500,MO2508-C-7500,2.4,2.0,2.4
2025-08-11,2025-08-11 13:15:45.000,MO2508-C-7500,2.4,2.0,2.4
2025-08-11,2025-08-11 13:15:50.500,MO2508-C-7500,2.4,2.0,2.4
2025-08-11,2025-08-11 13:15:54.500,MO2508-C-7500,2.4,2.0,2.4
2025-08-11,2025-08-11 13:15:55.000,MO2508-C-7500,2.4,2.0,2.4
2025-08-11,2025-08-11 13:15:56.500,MO2508-C-7500,2.4,2.0,2.4
2025-08-11,2025-08-11 13:15:57.000,MO2508-C-7500,2.4,2.0,2.4
2025-08-11,2025-08-11 13:15:58.000,MO2508-C-7500,2.4,2.0,2.4
2025-08-11,2025-08-11 13:15:58.500,MO2508-C-7500,2.4,2.0,2.4
2025-08-11,2025-08-11 13:15:59.000,MO2508-C-7500,2.4,2.0,2.4
2025-08-11,2025-08-11 13:16:00.000,MO2508-C-7500,2.4,2.0,2.4
2025-08-11,2025-08-11 13:16:00.500,MO2508-C-7500,2.4,2.0,2.2
2025-08-11,2025-08-11 13:16:01.000,MO2508-C-7500,2.4,2.0,2.2
2025-08-11,2025-08-11 13:16:01.500,MO2508-C-7500,2.4,2.0,2.2
2025-08-11,2025-08-11 13:16:03.000,MO2508-C-7500,2.4,2.0,2.2
2025-08-11,2025-08-11 13:16:04.500,MO2508-C-7500,2.4,2.0,2.2
2025-08-11,2025-08-11 13:16:05.000,MO2508-C-7500,2.4,2.0,2.2
2025-08-11,2025-08-11 13:16:05.500,MO2508-C-7500,2.4,2.0,2.2
2025-08-11,2025-08-11 13:16:07.500,MO2508-C-7500,2.4,2.0,2.2
2025-08-11,2025-08-11 13:16:08.000,MO2508-C-7500,2.4,2.0,2.2
2025-08-11,2025-08-11 13:16:08.500,MO2508-C-7500,2.4,2.0,2.2
2025-08-11,2025-08-11 13:16:09.500,MO2508-C-7500,2.4,2.0,2.2
2025-08-11,2025-08-11 13:16:10.000,MO2508-C-7500,2.4,2.0,2.2
2025-08-11,2025-08-11 13:16:10.500,MO2508-C-7500,2.4,2.0,2.2
2025-08-11,2025-08-11 13:16:11.000,MO2508-C-7500,2.4,2.0,2.2
2025-08-11,2025-08-11 13:16:11.500,MO2508-C-7500,2.4,2.0,2.2
2025-08-11,2025-08-11 13:16:12.500,MO2508-C-7500,2.4,2.0,2.2
2025-08-11,2025-08-11 13:16:13.000,MO2508-C-7500,2.4,2.0,2.2
2025-08-11,2025-08-11 13:16:13.500,MO2508-C-7500,2.4,2.0,2.2
2025-08-11,2025-08-11 13:16:14.500,MO2508-C-7500,2.4,2.0,2.2
2025-08-11,2025-08-11 13:16:15.000,MO2508-C-7500,2.4,2.0,2.2
2025-08-11,2025-08-11 13:16:15.500,MO2508-C-7500,2.4,2.0,2.2
2025-08-11,2025-08-11 13:16:16.500,MO2508-C-7500,2.4,2.0,2.2
2025-08-11,2025-08-11 13:16:17.000,MO2508-C-7500,2.4,2.0,2.2
2025-08-11,2025-08-11 13:16:17.500,MO2508-C-7500,2.4,2.0,2.2
2025-08-11,2025-08-11 13:16:18.000,MO2508-C-7500,2.4,2.0,2.2
2025-08-11,2025-08-11 13:16:18.500,MO2508-C-7500,2.4,2.0,2.2
2025-08-11,2025-08-11 13:16:19.000,MO2508-C-7500,2.4,2.0,2.2
2025-08-11,2025-08-11 13:16:19.500,MO2508-C-7500,2.4,2.0,2.2
2025-08-11,2025-08-11 13:16:24.500,MO2508-C-7500,2.4,2.0,2.2
2025-08-11,2025-08-11 13:16:25.000,MO2508-C-7500,2.4,2.0,2.2
2025-08-11,2025-08-11 13:16:27.000,MO2508-C-7500,2.0,2.0,2.2
2025-08-11,2025-08-11 13:16:27.500,MO2508-C-7500,2.0,2.0,2.2
2025-08-11,2025-08-11 13:16:29.000,MO2508-C-7500,2.0,2.0,2.2
2025-08-11,2025-08-11 13:16:30.000,MO2508-C-7500,2.0,2.0,2.2
2025-08-11,2025-08-11 13:16:30.500,MO2508-C-7500,2.0,2.0,2.2
2025-08-11,2025-08-11 13:16:31.000,MO2508-C-7500,2.0,2.0,2.2
2025-08-11,2025-08-11 13:16:31.500,MO2508-C-7500,2.0,2.0,2.2
2025-08-11,2025-08-11 13:16:32.000,MO2508-C-7500,2.0,2.0,2.2
2025-08-11,2025-08-11 13:16:32.500,MO2508-C-7500,2.0,2.0,2.2
2025-08-11,2025-08-11 13:16:33.000,MO2508-C-7500,2.0,2.0,2.2
2025-08-11,2025-08-11 13:16:34.000,MO2508-C-7500,2.0,2.0,2.2
2025-08-11,2025-08-11 13:16:34.500,MO2508-C-7500,2.0,2.0,2.2
2025-08-11,2025-08-11 13:16:35.000,MO2508-C-7500,2.0,2.0,2.2
2025-08-11,2025-08-11 13:16:38.500,MO2508-C-7500,2.0,2.0,2.2
2025-08-11,2025-08-11 13:16:39.500,MO2508-C-7500,2.0,2.0,2.2
2025-08-11,2025-08-11 13:16:40.000,MO2508-C-7500,2.0,2.0,2.2
2025-08-11,2025-08-11 13:16:44.500,MO2508-C-7500,2.0,2.0,2.2
2025-08-11,2025-08-11 13:16:45.000,MO2508-C-7500,2.0,2.0,2.2
2025-08-11,2025-08-11 13:16:54.500,MO2508-C-7500,2.0,2.0,2.2
2025-08-11,2025-08-11 13:16:55.000,MO2508-C-7500,2.0,2.0,2.2
2025-08-11,2025-08-11 13:17:02.500,MO2508-C-7500,2.0,2.0,2.2
2025-08-11,2025-08-11 13:17:03.000,MO2508-C-7500,2.0,2.0,2.2
2025-08-11,2025-08-11 13:17:04.500,MO2508-C-7500,2.0,2.0,2.2
2025-08-11,2025-08-11 13:17:05.000,MO2508-C-7500,2.0,2.0,2.2
2025-08-11,2025-08-11 13:17:05.500,MO2508-C-7500,2.0,2.0,2.2
2025-08-11,2025-08-11 13:17:07.000,MO2508-C-7500,2.0,2.0,2.2
2025-08-11,2025-08-11 13:17:07.500,MO2508-C-7500,2.0,2.0,2.2
2025-08-11,2025-08-11 13:17:10.500,MO2508-C-7500,2.0,2.0,2.2
2025-08-11,2025-08-11 13:17:14.500,MO2508-C-7500,2.0,2.0,2.2
2025-08-11,2025-08-11 13:17:15.000,MO2508-C-7500,2.0,2.0,2.2
2025-08-11,2025-08-11 13:17:21.000,MO2508-C-7500,2.0,1.8,2.2
2025-08-11,2025-08-11 13:17:21.500,MO2508-C-7500,2.0,1.8,2.2
2025-08-11,2025-08-11 13:17:23.500,MO2508-C-7500,2.0,1.8,2.2
2025-08-11,2025-08-11 13:17:24.000,MO2508-C-7500,2.0,1.8,2.2
2025-08-11,2025-08-11 13:17:24.500,MO2508-C-7500,2.0,1.8,2.2
2025-08-11,2025-08-11 13:17:25.000,MO2508-C-7500,2.0,1.8,2.2
2025-08-11,2025-08-11 13:17:27.000,MO2508-C-7500,2.0,1.8,2.0
2025-08-11,2025-08-11 13:17:27.500,MO2508-C-7500,2.0,1.8,2.0
2025-08-11,2025-08-11 13:17:28.000,MO2508-C-7500,2.0,1.8,2.0
2025-08-11,2025-08-11 13:17:28.500,MO2508-C-7500,2.0,1.8,2.0
2025-08-11,2025-08-11 13:17:32.000,MO2508-C-7500,2.0,1.8,2.0
2025-08-11,2025-08-11 13:17:32.500,MO2508-C-7500,2.0,1.8,2.0
2025-08-11,2025-08-11 13:17:33.000,MO2508-C-7500,2.0,1.8,2.0
2025-08-11,2025-08-11 13:17:34.500,MO2508-C-7500,2.0,1.8,2.0
2025-08-11,2025-08-11 13:17:35.000,MO2508-C-7500,2.0,1.8,2.0
2025-08-11,2025-08-11 13:17:44.000,MO2508-C-7500,2.0,1.8,2.0
2025-08-11,2025-08-11 13:17:44.500,MO2508-C-7500,2.0,1.8,2.0
2025-08-11,2025-08-11 13:17:45.000,MO2508-C-7500,2.0,1.8,2.0
2025-08-11,2025-08-11 13:17:47.000,MO2508-C-7500,2.0,1.8,2.0
2025-08-11,2025-08-11 13:17:51.500,MO2508-C-7500,2.0,1.8,2.0
2025-08-11,2025-08-11 13:17:54.500,MO2508-C-7500,2.0,1.8,2.0
2025-08-11,2025-08-11 13:17:57.000,MO2508-C-7500,2.0,1.8,2.0
2025-08-11,2025-08-11 13:17:57.500,MO2508-C-7500,2.0,1.8,2.0
2025-08-11,2025-08-11 13:18:04.500,MO2508-C-7500,2.0,1.8,2.0
2025-08-11,2025-08-11 13:18:05.000,MO2508-C-7500,2.0,1.8,2.0
2025-08-11,2025-08-11 13:18:14.500,MO2508-C-7500,2.0,1.8,2.0
2025-08-11,2025-08-11 13:18:15.000,MO2508-C-7500,2.0,1.8,2.0
2025-08-11,2025-08-11 13:18:16.000,MO2508-C-7500,2.0,1.8,2.0
2025-08-11,2025-08-11 13:18:16.500,MO2508-C-7500,2.0,1.8,2.0
2025-08-11,2025-08-11 13:18:24.500,MO2508-C-7500,2.0,1.8,2.0
2025-08-11,2025-08-11 13:18:25.000,MO2508-C-7500,2.0,1.8,2.0
2025-08-11,2025-08-11 13:18:34.500,MO2508-C-7500,2.0,1.8,2.0
2025-08-11,2025-08-11 13:18:35.000,MO2508-C-7500,2.0,1.8,2.0
2025-08-11,2025-08-11 13:18:39.500,MO2508-C-7500,2.0,1.8,2.0
2025-08-11,2025-08-11 13:18:44.500,MO2508-C-7500,2.0,1.8,2.0
2025-08-11,2025-08-11 13:18:45.000,MO2508-C-7500,2.0,1.8,2.0
2025-08-11,2025-08-11 13:18:48.500,MO2508-C-7500,2.0,1.8,2.0
2025-08-11,2025-08-11 13:18:49.500,MO2508-C-7500,2.0,1.8,2.0
2025-08-11,2025-08-11 13:18:53.500,MO2508-C-7500,2.0,1.8,2.0
2025-08-11,2025-08-11 13:18:54.500,MO2508-C-7500,2.0,1.8,2.0
2025-08-11,2025-08-11 13:18:55.000,MO2508-C-7500,2.0,1.8,2.0
2025-08-11,2025-08-11 13:18:59.500,MO2508-C-7500,2.0,1.8,2.0
2025-08-11,2025-08-11 13:19:03.000,MO2508-C-7500,2.0,1.8,2.0
2025-08-11,2025-08-11 13:19:03.500,MO2508-C-7500,2.0,1.8,2.0
2025-08-11,2025-08-11 13:19:04.000,MO2508-C-7500,2.0,1.8,2.0
2025-08-11,2025-08-11 13:19:04.500,MO2508-C-7500,2.0,1.8,2.0
2025-08-11,2025-08-11 13:19:05.000,MO2508-C-7500,2.0,1.8,2.0
2025-08-11,2025-08-11 13:19:10.500,MO2508-C-7500,2.0,1.8,2.0
2025-08-11,2025-08-11 13:19:11.000,MO2508-C-7500,2.0,1.8,2.0
2025-08-11,2025-08-11 13:19:11.500,MO2508-C-7500,2.0,1.8,2.0
2025-08-11,2025-08-11 13:19:12.500,MO2508-C-7500,2.0,1.8,2.0
2025-08-11,2025-08-11 13:19:13.000,MO2508-C-7500,2.0,1.8,2.0
2025-08-11,2025-08-11 13:19:14.000,MO2508-C-7500,2.0,1.8,2.0
2025-08-11,2025-08-11 13:19:14.500,MO2508-C-7500,2.0,1.8,2.0
2025-08-11,2025-08-11 13:19:15.000,MO2508-C-7500,2.0,1.8,2.0
2025-08-11,2025-08-11 13:19:16.000,MO2508-C-7500,2.0,1.8,2.0
2025-08-11,2025-08-11 13:19:16.500,MO2508-C-7500,2.0,1.8,2.0
2025-08-11,2025-08-11 13:19:17.000,MO2508-C-7500,2.0,1.8,2.0
2025-08-11,2025-08-11 13:19:17.500,MO2508-C-7500,2.0,1.8,2.0
2025-08-11,2025-08-11 13:19:18.000,MO2508-C-7500,2.0,1.8,2.0
2025-08-11,2025-08-11 13:19:19.000,MO2508-C-7500,2.0,1.8,2.0
2025-08-11,2025-08-11 13:19:24.500,MO2508-C-7500,2.0,1.8,2.0
2025-08-11,2025-08-11 13:19:25.000,MO2508-C-7500,2.0,1.8,2.0
2025-08-11,2025-08-11 13:19:25.500,MO2508-C-7500,2.0,1.8,2.0
2025-08-11,2025-08-11 13:19:31.000,MO2508-C-7500,2.0,1.8,2.0
2025-08-11,2025-08-11 13:19:31.500,MO2508-C-7500,2.0,1.8,2.0
2025-08-11,2025-08-11 13:19:34.500,MO2508-C-7500,2.0,1.8,2.0
2025-08-11,2025-08-11 13:19:35.000,MO2508-C-7500,2.0,1.8,2.0
2025-08-11,2025-08-11 13:19:41.500,MO2508-C-7500,2.0,1.8,2.0
2025-08-11,2025-08-11 13:19:42.000,MO2508-C-7500,2.0,1.8,2.0
2025-08-11,2025-08-11 13:19:44.500,MO2508-C-7500,2.0,1.8,2.0
2025-08-11,2025-08-11 13:19:45.000,MO2508-C-7500,2.0,1.8,2.0
2025-08-11,2025-08-11 13:19:54.500,MO2508-C-7500,2.0,1.8,2.0
2025-08-11,2025-08-11 13:19:55.000,MO2508-C-7500,2.0,1.8,2.0
2025-08-11,2025-08-11 13:20:01.500,MO2508-C-7500,2.0,1.8,2.0
2025-08-11,2025-08-11 13:20:03.000,MO2508-C-7500,2.0,1.8,2.0
2025-08-11,2025-08-11 13:20:04.500,MO2508-C-7500,2.0,1.8,2.0
2025-08-11,2025-08-11 13:20:05.000,MO2508-C-7500,2.0,1.8,2.0
2025-08-11,2025-08-11 13:20:13.000,MO2508-C-7500,2.0,1.8,2.0
2025-08-11,2025-08-11 13:20:14.500,MO2508-C-7500,2.0,1.8,2.0
2025-08-11,2025-08-11 13:20:15.000,MO2508-C-7500,2.0,1.8,2.0
2025-08-11,2025-08-11 13:20:17.000,MO2508-C-7500,2.0,1.8,2.0
2025-08-11,2025-08-11 13:20:24.500,MO2508-C-7500,2.0,1.8,2.0
2025-08-11,2025-08-11 13:20:25.000,MO2508-C-7500,2.0,1.8,2.0
2025-08-11,2025-08-11 13:20:34.500,MO2508-C-7500,2.0,1.8,2.0
2025-08-11,2025-08-11 13:20:35.000,MO2508-C-7500,2.0,1.8,2.0
2025-08-11,2025-08-11 13:20:44.500,MO2508-C-7500,2.0,1.8,2.0
2025-08-11,2025-08-11 13:20:45.000,MO2508-C-7500,2.0,1.8,2.0
2025-08-11,2025-08-11 13:20:54.500,MO2508-C-7500,2.0,1.8,2.0
2025-08-11,2025-08-11 13:20:55.000,MO2508-C-7500,2.0,1.8,2.0
2025-08-11,2025-08-11 13:21:04.500,MO2508-C-7500,2.0,1.8,2.0
2025-08-11,2025-08-11 13:21:05.000,MO2508-C-7500,2.0,1.8,2.0
2025-08-11,2025-08-11 13:21:12.500,MO2508-C-7500,1.8,1.8,2.0
2025-08-11,2025-08-11 13:21:14.500,MO2508-C-7500,1.8,1.8,2.0
2025-08-11,2025-08-11 13:21:15.000,MO2508-C-7500,1.8,1.8,2.0
2025-08-11,2025-08-11 13:21:18.000,MO2508-C-7500,1.8,1.8,2.0
2025-08-11,2025-08-11 13:21:19.000,MO2508-C-7500,1.8,1.8,2.0
2025-08-11,2025-08-11 13:21:20.500,MO2508-C-7500,1.8,1.8,2.0
2025-08-11,2025-08-11 13:21:22.500,MO2508-C-7500,1.8,1.8,2.0
2025-08-11,2025-08-11 13:21:23.000,MO2508-C-7500,1.8,1.8,2.0
2025-08-11,2025-08-11 13:21:24.500,MO2508-C-7500,1.8,1.8,2.0
2025-08-11,2025-08-11 13:21:25.000,MO2508-C-7500,1.8,1.8,2.0
2025-08-11,2025-08-11 13:21:34.500,MO2508-C-7500,1.8,1.8,2.0
2025-08-11,2025-08-11 13:21:35.000,MO2508-C-7500,1.8,1.8,2.0
2025-08-11,2025-08-11 13:21:44.500,MO2508-C-7500,1.8,1.8,2.0
2025-08-11,2025-08-11 13:21:45.000,MO2508-C-7500,1.8,1.8,2.0
2025-08-11,2025-08-11 13:21:54.500,MO2508-C-7500,1.8,1.8,2.0
2025-08-11,2025-08-11 13:21:55.000,MO2508-C-7500,1.8,1.8,2.0
2025-08-11,2025-08-11 13:21:55.500,MO2508-C-7500,1.8,1.8,2.0
2025-08-11,2025-08-11 13:21:56.500,MO2508-C-7500,1.8,1.8,2.0
2025-08-11,2025-08-11 13:22:02.500,MO2508-C-7500,1.8,1.8,2.0
2025-08-11,2025-08-11 13:22:03.000,MO2508-C-7500,1.8,1.8,2.0
2025-08-11,2025-08-11 13:22:04.500,MO2508-C-7500,1.8,1.8,2.0
2025-08-11,2025-08-11 13:22:05.000,MO2508-C-7500,1.8,1.8,2.0
2025-08-11,2025-08-11 13:22:07.000,MO2508-C-7500,1.8,1.8,2.0
2025-08-11,2025-08-11 13:22:14.500,MO2508-C-7500,1.8,1.8,2.0
2025-08-11,2025-08-11 13:22:15.000,MO2508-C-7500,1.8,1.8,2.0
2025-08-11,2025-08-11 13:22:21.000,MO2508-C-7500,1.8,1.8,2.0
2025-08-11,2025-08-11 13:22:24.500,MO2508-C-7500,1.8,1.8,2.0
2025-08-11,2025-08-11 13:22:25.000,MO2508-C-7500,1.8,1.8,2.0
2025-08-11,2025-08-11 13:22:34.500,MO2508-C-7500,1.8,1.8,2.0
2025-08-11,2025-08-11 13:22:35.000,MO2508-C-7500,1.8,1.8,2.0
2025-08-11,2025-08-11 13:22:44.500,MO2508-C-7500,1.8,1.8,2.0
2025-08-11,2025-08-11 13:22:45.000,MO2508-C-7500,1.8,1.8,2.0
2025-08-11,2025-08-11 13:22:54.500,MO2508-C-7500,1.8,1.8,2.0
2025-08-11,2025-08-11 13:22:55.000,MO2508-C-7500,1.8,1.8,2.0
2025-08-11,2025-08-11 13:23:04.500,MO2508-C-7500,1.8,1.8,2.0
2025-08-11,2025-08-11 13:23:05.000,MO2508-C-7500,1.8,1.8,2.0
2025-08-11,2025-08-11 13:23:14.500,MO2508-C-7500,1.8,1.8,2.0
2025-08-11,2025-08-11 13:23:15.000,MO2508-C-7500,1.8,1.8,2.0
2025-08-11,2025-08-11 13:23:23.500,MO2508-C-7500,1.8,1.8,2.0
2025-08-11,2025-08-11 13:23:24.500,MO2508-C-7500,1.8,1.8,2.0
2025-08-11,2025-08-11 13:23:25.000,MO2508-C-7500,1.8,1.8,2.0
2025-08-11,2025-08-11 13:23:33.500,MO2508-C-7500,1.8,1.8,2.0
2025-08-11,2025-08-11 13:23:34.500,MO2508-C-7500,1.8,1.8,2.0
2025-08-11,2025-08-11 13:23:35.000,MO2508-C-7500,1.8,1.8,2.0
2025-08-11,2025-08-11 13:23:44.500,MO2508-C-7500,1.8,1.8,2.0
2025-08-11,2025-08-11 13:23:45.000,MO2508-C-7500,1.8,1.8,2.0
2025-08-11,2025-08-11 13:23:53.000,MO2508-C-7500,1.8,1.8,2.0
2025-08-11,2025-08-11 13:23:54.000,MO2508-C-7500,1.8,1.8,2.0
2025-08-11,2025-08-11 13:23:54.500,MO2508-C-7500,1.8,1.8,2.0
2025-08-11,2025-08-11 13:23:55.000,MO2508-C-7500,1.8,1.8,2.0
2025-08-11,2025-08-11 13:24:04.500,MO2508-C-7500,1.8,1.8,2.0
2025-08-11,2025-08-11 13:24:05.000,MO2508-C-7500,1.8,1.8,2.0
2025-08-11,2025-08-11 13:24:14.500,MO2508-C-7500,1.8,1.8,2.0
2025-08-11,2025-08-11 13:24:15.000,MO2508-C-7500,1.8,1.8,2.0
2025-08-11,2025-08-11 13:24:20.000,MO2508-C-7500,1.8,1.8,2.0
2025-08-11,2025-08-11 13:24:22.000,MO2508-C-7500,1.8,1.8,2.0
2025-08-11,2025-08-11 13:24:22.500,MO2508-C-7500,1.8,1.8,2.0
2025-08-11,2025-08-11 13:24:24.500,MO2508-C-7500,1.8,1.8,2.0
2025-08-11,2025-08-11 13:24:25.000,MO2508-C-7500,1.8,1.8,2.0
2025-08-11,2025-08-11 13:24:30.000,MO2508-C-7500,1.8,1.8,2.0
2025-08-11,2025-08-11 13:24:30.500,MO2508-C-7500,1.8,1.8,2.0
2025-08-11,2025-08-11 13:24:31.500,MO2508-C-7500,1.8,1.8,2.0
2025-08-11,2025-08-11 13:24:34.500,MO2508-C-7500,1.8,1.8,2.0
2025-08-11,2025-08-11 13:24:35.000,MO2508-C-7500,1.8,1.8,2.0
2025-08-11,2025-08-11 13:24:44.000,MO2508-C-7500,1.8,1.8,2.0
2025-08-11,2025-08-11 13:24:44.500,MO2508-C-7500,1.8,1.8,2.0
2025-08-11,2025-08-11 13:24:45.000,MO2508-C-7500,1.8,1.8,2.0
2025-08-11,2025-08-11 13:24:45.500,MO2508-C-7500,1.8,1.8,2.0
2025-08-11,2025-08-11 13:24:50.500,MO2508-C-7500,1.8,1.8,2.0
2025-08-11,2025-08-11 13:24:54.500,MO2508-C-7500,1.8,1.8,2.0
2025-08-11,2025-08-11 13:24:55.000,MO2508-C-7500,1.8,1.8,2.0
2025-08-11,2025-08-11 13:24:59.000,MO2508-C-7500,1.8,1.8,2.0
2025-08-11,2025-08-11 13:25:00.500,MO2508-C-7500,1.8,1.8,2.0
2025-08-11,2025-08-11 13:25:01.000,MO2508-C-7500,1.8,1.8,2.0
2025-08-11,2025-08-11 13:25:04.500,MO2508-C-7500,1.8,1.8,2.0
2025-08-11,2025-08-11 13:25:05.000,MO2508-C-7500,1.8,1.8,2.0
2025-08-11,2025-08-11 13:25:11.500,MO2508-C-7500,1.8,1.8,2.0
2025-08-11,2025-08-11 13:25:14.500,MO2508-C-7500,1.8,1.8,2.0
2025-08-11,2025-08-11 13:25:15.000,MO2508-C-7500,1.8,1.8,2.0
2025-08-11,2025-08-11 13:25:16.500,MO2508-C-7500,1.8,1.8,2.0
2025-08-11,2025-08-11 13:25:20.000,MO2508-C-7500,1.8,1.8,2.0
2025-08-11,2025-08-11 13:25:20.500,MO2508-C-7500,1.8,1.8,2.0
2025-08-11,2025-08-11 13:25:22.500,MO2508-C-7500,1.8,1.8,2.0
2025-08-11,2025-08-11 13:25:24.500,MO2508-C-7500,1.8,1.8,2.0
2025-08-11,2025-08-11 13:25:25.000,MO2508-C-7500,1.8,1.8,2.0
2025-08-11,2025-08-11 13:25:25.500,MO2508-C-7500,1.8,1.8,2.0
2025-08-11,2025-08-11 13:25:26.000,MO2508-C-7500,1.8,1.8,2.0
2025-08-11,2025-08-11 13:25:29.000,MO2508-C-7500,1.8,1.8,2.0
2025-08-11,2025-08-11 13:25:31.000,MO2508-C-7500,1.8,1.8,2.0
2025-08-11,2025-08-11 13:25:31.500,MO2508-C-7500,1.8,1.8,2.0
2025-08-11,2025-08-11 13:25:32.000,MO2508-C-7500,1.8,1.8,2.0
2025-08-11,2025-08-11 13:25:34.500,MO2508-C-7500,1.8,1.8,2.0
2025-08-11,2025-08-11 13:25:35.000,MO2508-C-7500,1.8,1.8,2.0
2025-08-11,2025-08-11 13:25:37.000,MO2508-C-7500,1.8,1.8,2.0
2025-08-11,2025-08-11 13:25:44.500,MO2508-C-7500,1.8,1.8,2.0
2025-08-11,2025-08-11 13:25:45.000,MO2508-C-7500,1.8,1.8,2.0
2025-08-11,2025-08-11 13:25:46.000,MO2508-C-7500,1.8,1.8,2.0
2025-08-11,2025-08-11 13:25:47.500,MO2508-C-7500,1.8,1.8,2.0
2025-08-11,2025-08-11 13:25:54.500,MO2508-C-7500,1.8,1.8,2.0
2025-08-11,2025-08-11 13:25:55.000,MO2508-C-7500,1.8,1.8,2.0
2025-08-11,2025-08-11 13:25:56.500,MO2508-C-7500,1.8,1.8,2.0
2025-08-11,2025-08-11 13:26:04.500,MO2508-C-7500,1.8,1.8,2.0
2025-08-11,2025-08-11 13:26:05.000,MO2508-C-7500,1.8,1.8,2.0
2025-08-11,2025-08-11 13:26:05.500,MO2508-C-7500,1.8,1.8,2.0
2025-08-11,2025-08-11 13:26:06.000,MO2508-C-7500,1.8,1.8,2.0
2025-08-11,2025-08-11 13:26:06.500,MO2508-C-7500,1.8,1.8,2.0
2025-08-11,2025-08-11 13:26:07.000,MO2508-C-7500,1.8,1.8,2.0
2025-08-11,2025-08-11 13:26:08.500,MO2508-C-7500,1.8,1.8,2.0
2025-08-11,2025-08-11 13:26:10.500,MO2508-C-7500,2.0,1.8,2.0
2025-08-11,2025-08-11 13:26:11.000,MO2508-C-7500,2.0,1.8,2.0
2025-08-11,2025-08-11 13:26:12.000,MO2508-C-7500,2.0,1.8,2.0
2025-08-11,2025-08-11 13:26:12.500,MO2508-C-7500,2.0,1.8,2.2
2025-08-11,2025-08-11 13:26:13.000,MO2508-C-7500,2.0,1.8,2.2
2025-08-11,2025-08-11 13:26:13.500,MO2508-C-7500,2.0,1.8,2.2
2025-08-11,2025-08-11 13:26:14.500,MO2508-C-7500,2.0,1.8,2.2
2025-08-11,2025-08-11 13:26:15.000,MO2508-C-7500,2.0,1.8,2.2
2025-08-11,2025-08-11 13:26:17.500,MO2508-C-7500,2.0,1.8,2.2
2025-08-11,2025-08-11 13:26:24.500,MO2508-C-7500,2.0,1.8,2.2
2025-08-11,2025-08-11 13:26:25.000,MO2508-C-7500,2.0,1.8,2.2
2025-08-11,2025-08-11 13:26:34.500,MO2508-C-7500,2.0,1.8,2.2
2025-08-11,2025-08-11 13:26:35.000,MO2508-C-7500,2.0,1.8,2.2
2025-08-11,2025-08-11 13:26:35.500,MO2508-C-7500,2.0,2.0,2.2
2025-08-11,2025-08-11 13:26:36.000,MO2508-C-7500,2.0,2.0,2.2
2025-08-11,2025-08-11 13:26:40.000,MO2508-C-7500,2.0,2.0,2.2
2025-08-11,2025-08-11 13:26:41.500,MO2508-C-7500,2.0,2.0,2.2
2025-08-11,2025-08-11 13:26:43.000,MO2508-C-7500,2.0,2.0,2.2
2025-08-11,2025-08-11 13:26:44.500,MO2508-C-7500,2.0,2.0,2.2
2025-08-11,2025-08-11 13:26:45.000,MO2508-C-7500,2.0,2.0,2.2
2025-08-11,2025-08-11 13:26:45.500,MO2508-C-7500,2.0,2.0,2.2
2025-08-11,2025-08-11 13:26:46.000,MO2508-C-7500,2.0,2.0,2.2
2025-08-11,2025-08-11 13:26:46.500,MO2508-C-7500,2.0,2.0,2.2
2025-08-11,2025-08-11 13:26:52.500,MO2508-C-7500,2.0,2.0,2.2
2025-08-11,2025-08-11 13:26:53.000,MO2508-C-7500,2.0,2.0,2.2
2025-08-11,2025-08-11 13:26:53.500,MO2508-C-7500,2.0,2.0,2.2
2025-08-11,2025-08-11 13:26:54.500,MO2508-C-7500,2.0,2.0,2.2
2025-08-11,2025-08-11 13:26:55.000,MO2508-C-7500,2.0,2.0,2.2
2025-08-11,2025-08-11 13:27:03.000,MO2508-C-7500,2.0,2.0,2.2
2025-08-11,2025-08-11 13:27:03.500,MO2508-C-7500,2.0,2.0,2.2
2025-08-11,2025-08-11 13:27:04.500,MO2508-C-7500,2.0,2.0,2.2
2025-08-11,2025-08-11 13:27:05.000,MO2508-C-7500,2.0,2.0,2.2
2025-08-11,2025-08-11 13:27:05.500,MO2508-C-7500,2.0,2.0,2.2
2025-08-11,2025-08-11 13:27:06.000,MO2508-C-7500,2.0,2.0,2.2
2025-08-11,2025-08-11 13:27:07.500,MO2508-C-7500,2.0,2.0,2.2
2025-08-11,2025-08-11 13:27:08.000,MO2508-C-7500,2.0,2.0,2.2
2025-08-11,2025-08-11 13:27:08.500,MO2508-C-7500,2.0,2.0,2.2
2025-08-11,2025-08-11 13:27:09.500,MO2508-C-7500,2.0,2.0,2.2
2025-08-11,2025-08-11 13:27:10.500,MO2508-C-7500,2.0,2.0,2.2
2025-08-11,2025-08-11 13:27:11.000,MO2508-C-7500,2.0,2.0,2.2
2025-08-11,2025-08-11 13:27:11.500,MO2508-C-7500,2.0,2.0,2.2
2025-08-11,2025-08-11 13:27:13.500,MO2508-C-7500,2.0,2.0,2.2
2025-08-11,2025-08-11 13:27:14.000,MO2508-C-7500,2.0,2.0,2.2
2025-08-11,2025-08-11 13:27:14.500,MO2508-C-7500,2.0,2.0,2.2
2025-08-11,2025-08-11 13:27:15.000,MO2508-C-7500,2.0,2.0,2.2
2025-08-11,2025-08-11 13:27:15.500,MO2508-C-7500,2.0,2.0,2.2
2025-08-11,2025-08-11 13:27:18.000,MO2508-C-7500,2.0,2.0,2.2
2025-08-11,2025-08-11 13:27:18.500,MO2508-C-7500,2.0,2.0,2.2
2025-08-11,2025-08-11 13:27:24.500,MO2508-C-7500,2.0,2.0,2.2
2025-08-11,2025-08-11 13:27:25.000,MO2508-C-7500,2.0,2.0,2.2
2025-08-11,2025-08-11 13:27:29.500,MO2508-C-7500,2.0,2.0,2.2
2025-08-11,2025-08-11 13:27:30.000,MO2508-C-7500,2.0,2.0,2.2
2025-08-11,2025-08-11 13:27:34.500,MO2508-C-7500,2.0,2.0,2.2
2025-08-11,2025-08-11 13:27:35.000,MO2508-C-7500,2.0,2.0,2.2
2025-08-11,2025-08-11 13:27:35.500,MO2508-C-7500,2.0,2.0,2.2
2025-08-11,2025-08-11 13:27:36.000,MO2508-C-7500,2.0,2.0,2.2
2025-08-11,2025-08-11 13:27:36.500,MO2508-C-7500,2.0,2.0,2.2
2025-08-11,2025-08-11 13:27:44.500,MO2508-C-7500,2.0,2.0,2.2
2025-08-11,2025-08-11 13:27:45.000,MO2508-C-7500,2.0,2.0,2.2
2025-08-11,2025-08-11 13:27:45.500,MO2508-C-7500,2.0,2.0,2.2
2025-08-11,2025-08-11 13:27:54.500,MO2508-C-7500,2.0,2.0,2.2
2025-08-11,2025-08-11 13:27:55.000,MO2508-C-7500,2.0,2.0,2.2
2025-08-11,2025-08-11 13:27:55.500,MO2508-C-7500,2.0,2.0,2.2
2025-08-11,2025-08-11 13:28:00.500,MO2508-C-7500,2.0,2.0,2.2
2025-08-11,2025-08-11 13:28:01.000,MO2508-C-7500,2.0,2.0,2.2
2025-08-11,2025-08-11 13:28:01.500,MO2508-C-7500,2.0,2.0,2.2
2025-08-11,2025-08-11 13:28:04.500,MO2508-C-7500,2.0,2.0,2.2
2025-08-11,2025-08-11 13:28:05.000,MO2508-C-7500,2.0,2.0,2.2
2025-08-11,2025-08-11 13:28:05.500,MO2508-C-7500,2.0,2.0,2.2
2025-08-11,2025-08-11 13:28:13.500,MO2508-C-7500,2.0,2.0,2.2
2025-08-11,2025-08-11 13:28:14.000,MO2508-C-7500,2.0,2.0,2.2
2025-08-11,2025-08-11 13:28:14.500,MO2508-C-7500,2.0,2.0,2.2
2025-08-11,2025-08-11 13:28:15.000,MO2508-C-7500,2.0,2.0,2.2
2025-08-11,2025-08-11 13:28:15.500,MO2508-C-7500,2.0,2.0,2.2
2025-08-11,2025-08-11 13:28:19.000,MO2508-C-7500,2.0,2.0,2.2
2025-08-11,2025-08-11 13:28:20.500,MO2508-C-7500,2.0,2.0,2.2
2025-08-11,2025-08-11 13:28:21.000,MO2508-C-7500,2.0,2.0,2.2
2025-08-11,2025-08-11 13:28:22.500,MO2508-C-7500,2.0,2.0,2.2
2025-08-11,2025-08-11 13:28:23.000,MO2508-C-7500,2.0,2.0,2.2
2025-08-11,2025-08-11 13:28:24.500,MO2508-C-7500,2.0,2.0,2.2
2025-08-11,2025-08-11 13:28:25.000,MO2508-C-7500,2.0,2.0,2.2
2025-08-11,2025-08-11 13:28:25.500,MO2508-C-7500,2.0,2.0,2.2
2025-08-11,2025-08-11 13:28:26.000,MO2508-C-7500,2.0,2.0,2.2
2025-08-11,2025-08-11 13:28:26.500,MO2508-C-7500,2.0,2.0,2.2
2025-08-11,2025-08-11 13:28:30.000,MO2508-C-7500,2.0,2.0,2.2
2025-08-11,2025-08-11 13:28:30.500,MO2508-C-7500,2.0,2.0,2.2
2025-08-11,2025-08-11 13:28:31.000,MO2508-C-7500,2.0,2.0,2.2
2025-08-11,2025-08-11 13:28:32.500,MO2508-C-7500,2.0,2.0,2.2
2025-08-11,2025-08-11 13:28:34.500,MO2508-C-7500,2.0,2.0,2.2
2025-08-11,2025-08-11 13:28:35.000,MO2508-C-7500,2.0,2.0,2.2
2025-08-11,2025-08-11 13:28:44.500,MO2508-C-7500,2.0,2.0,2.2
2025-08-11,2025-08-11 13:28:45.000,MO2508-C-7500,2.0,2.0,2.2
2025-08-11,2025-08-11 13:28:54.500,MO2508-C-7500,2.0,2.0,2.2
2025-08-11,2025-08-11 13:28:55.000,MO2508-C-7500,2.0,2.0,2.2
2025-08-11,2025-08-11 13:29:04.500,MO2508-C-7500,2.0,2.0,2.2
2025-08-11,2025-08-11 13:29:05.000,MO2508-C-7500,2.0,2.0,2.2
2025-08-11,2025-08-11 13:29:05.500,MO2508-C-7500,2.0,2.0,2.2
2025-08-11,2025-08-11 13:29:06.000,MO2508-C-7500,2.0,2.0,2.2
2025-08-11,2025-08-11 13:29:14.500,MO2508-C-7500,2.0,2.0,2.2
2025-08-11,2025-08-11 13:29:15.000,MO2508-C-7500,2.0,2.0,2.2
2025-08-11,2025-08-11 13:29:15.500,MO2508-C-7500,2.0,2.0,2.2
2025-08-11,2025-08-11 13:29:24.500,MO2508-C-7500,2.0,2.0,2.2
2025-08-11,2025-08-11 13:29:25.000,MO2508-C-7500,2.0,2.0,2.2
2025-08-11,2025-08-11 13:29:25.500,MO2508-C-7500,2.0,2.0,2.2
2025-08-11,2025-08-11 13:29:34.500,MO2508-C-7500,2.0,2.0,2.2
2025-08-11,2025-08-11 13:29:35.000,MO2508-C-7500,2.0,2.0,2.2
2025-08-11,2025-08-11 13:29:35.500,MO2508-C-7500,2.0,2.0,2.2
2025-08-11,2025-08-11 13:29:38.000,MO2508-C-7500,2.0,2.0,2.2
2025-08-11,2025-08-11 13:29:38.500,MO2508-C-7500,2.0,2.0,2.2
2025-08-11,2025-08-11 13:29:42.500,MO2508-C-7500,2.0,2.0,2.2
2025-08-11,2025-08-11 13:29:43.000,MO2508-C-7500,2.0,2.0,2.2
2025-08-11,2025-08-11 13:29:43.500,MO2508-C-7500,2.0,2.0,2.2
2025-08-11,2025-08-11 13:29:44.500,MO2508-C-7500,2.0,2.0,2.2
2025-08-11,2025-08-11 13:29:45.000,MO2508-C-7500,2.0,2.0,2.2
2025-08-11,2025-08-11 13:29:46.000,MO2508-C-7500,2.0,2.0,2.2
2025-08-11,2025-08-11 13:29:51.500,MO2508-C-7500,2.0,2.0,2.2
2025-08-11,2025-08-11 13:29:52.000,MO2508-C-7500,2.0,2.0,2.2
2025-08-11,2025-08-11 13:29:52.500,MO2508-C-7500,2.0,2.0,2.2
2025-08-11,2025-08-11 13:29:53.000,MO2508-C-7500,2.0,2.0,2.2
2025-08-11,2025-08-11 13:29:53.500,MO2508-C-7500,2.0,2.0,2.2
2025-08-11,2025-08-11 13:29:54.500,MO2508-C-7500,2.0,2.0,2.2
2025-08-11,2025-08-11 13:29:55.000,MO2508-C-7500,2.0,2.0,2.2
2025-08-11,2025-08-11 13:29:55.500,MO2508-C-7500,2.0,2.0,2.2
2025-08-11,2025-08-11 13:29:56.000,MO2508-C-7500,2.0,2.0,2.2
2025-08-11,2025-08-11 13:30:00.500,MO2508-C-7500,2.0,2.0,2.2
2025-08-11,2025-08-11 13:30:01.000,MO2508-C-7500,2.0,2.0,2.2
2025-08-11,2025-08-11 13:30:02.000,MO2508-C-7500,2.0,2.0,2.2
2025-08-11,2025-08-11 13:30:04.000,MO2508-C-7500,2.0,2.0,2.2
2025-08-11,2025-08-11 13:30:04.500,MO2508-C-7500,2.0,2.0,2.2
2025-08-11,2025-08-11 13:30:05.000,MO2508-C-7500,2.0,2.0,2.2
2025-08-11,2025-08-11 13:30:05.500,MO2508-C-7500,2.0,2.0,2.2
2025-08-11,2025-08-11 13:30:06.000,MO2508-C-7500,2.0,2.0,2.2
2025-08-11,2025-08-11 13:30:06.500,MO2508-C-7500,2.0,2.0,2.2
2025-08-11,2025-08-11 13:30:11.000,MO2508-C-7500,2.0,2.0,2.2
2025-08-11,2025-08-11 13:30:11.500,MO2508-C-7500,2.0,2.0,2.2
2025-08-11,2025-08-11 13:30:12.000,MO2508-C-7500,2.0,2.0,2.2
2025-08-11,2025-08-11 13:30:12.500,MO2508-C-7500,2.0,2.0,2.2
2025-08-11,2025-08-11 13:30:13.000,MO2508-C-7500,2.0,2.0,2.2
2025-08-11,2025-08-11 13:30:13.500,MO2508-C-7500,2.0,2.0,2.2
2025-08-11,2025-08-11 13:30:14.000,MO2508-C-7500,2.0,2.0,2.2
2025-08-11,2025-08-11 13:30:14.500,MO2508-C-7500,2.0,2.0,2.2
2025-08-11,2025-08-11 13:30:15.000,MO2508-C-7500,2.0,2.0,2.2
2025-08-11,2025-08-11 13:30:18.000,MO2508-C-7500,2.0,2.0,2.2
2025-08-11,2025-08-11 13:30:18.500,MO2508-C-7500,2.0,2.0,2.2
2025-08-11,2025-08-11 13:30:19.000,MO2508-C-7500,2.0,2.0,2.2
2025-08-11,2025-08-11 13:30:19.500,MO2508-C-7500,2.0,2.0,2.2
2025-08-11,2025-08-11 13:30:21.500,MO2508-C-7500,2.0,2.0,2.2
2025-08-11,2025-08-11 13:30:22.000,MO2508-C-7500,2.0,2.0,2.2
2025-08-11,2025-08-11 13:30:24.500,MO2508-C-7500,2.0,2.0,2.2
2025-08-11,2025-08-11 13:30:25.000,MO2508-C-7500,2.0,2.0,2.2
2025-08-11,2025-08-11 13:30:25.500,MO2508-C-7500,2.0,2.0,2.2
2025-08-11,2025-08-11 13:30:26.000,MO2508-C-7500,2.0,2.0,2.2
2025-08-11,2025-08-11 13:30:26.500,MO2508-C-7500,2.0,2.0,2.2
2025-08-11,2025-08-11 13:30:34.500,MO2508-C-7500,2.0,2.0,2.2
2025-08-11,2025-08-11 13:30:35.000,MO2508-C-7500,2.0,2.0,2.2
2025-08-11,2025-08-11 13:30:35.500,MO2508-C-7500,2.0,2.0,2.2
2025-08-11,2025-08-11 13:30:36.000,MO2508-C-7500,2.0,2.0,2.2
2025-08-11,2025-08-11 13:30:36.500,MO2508-C-7500,2.0,2.0,2.2
2025-08-11,2025-08-11 13:30:38.000,MO2508-C-7500,2.0,2.0,2.2
2025-08-11,2025-08-11 13:30:38.500,MO2508-C-7500,2.0,2.0,2.2
2025-08-11,2025-08-11 13:30:39.000,MO2508-C-7500,2.0,2.0,2.2
2025-08-11,2025-08-11 13:30:42.500,MO2508-C-7500,2.0,2.0,2.2
2025-08-11,2025-08-11 13:30:44.500,MO2508-C-7500,2.0,2.0,2.2
2025-08-11,2025-08-11 13:30:45.000,MO2508-C-7500,2.0,2.0,2.2
2025-08-11,2025-08-11 13:30:54.500,MO2508-C-7500,2.0,2.0,2.2
2025-08-11,2025-08-11 13:30:55.000,MO2508-C-7500,2.0,2.0,2.2
2025-08-11,2025-08-11 13:31:00.000,MO2508-C-7500,2.0,2.0,2.2
2025-08-11,2025-08-11 13:31:00.500,MO2508-C-7500,2.0,2.0,2.2
2025-08-11,2025-08-11 13:31:04.500,MO2508-C-7500,2.0,2.0,2.2
2025-08-11,2025-08-11 13:31:05.000,MO2508-C-7500,2.0,2.0,2.2
2025-08-11,2025-08-11 13:31:14.500,MO2508-C-7500,2.0,2.0,2.2
2025-08-11,2025-08-11 13:31:15.000,MO2508-C-7500,2.0,2.0,2.2
2025-08-11,2025-08-11 13:31:23.000,MO2508-C-7500,2.0,2.0,2.2
2025-08-11,2025-08-11 13:31:24.500,MO2508-C-7500,2.0,2.0,2.2
2025-08-11,2025-08-11 13:31:25.000,MO2508-C-7500,2.0,2.0,2.2
2025-08-11,2025-08-11 13:31:25.500,MO2508-C-7500,2.0,2.0,2.2
2025-08-11,2025-08-11 13:31:26.500,MO2508-C-7500,2.0,2.0,2.2
2025-08-11,2025-08-11 13:31:34.000,MO2508-C-7500,2.0,2.0,2.2
2025-08-11,2025-08-11 13:31:34.500,MO2508-C-7500,2.0,2.0,2.2
2025-08-11,2025-08-11 13:31:35.000,MO2508-C-7500,2.0,2.0,2.2
2025-08-11,2025-08-11 13:31:35.500,MO2508-C-7500,2.0,2.0,2.2
2025-08-11,2025-08-11 13:31:44.500,MO2508-C-7500,2.0,2.0,2.2
2025-08-11,2025-08-11 13:31:45.000,MO2508-C-7500,2.0,2.0,2.2
2025-08-11,2025-08-11 13:31:54.500,MO2508-C-7500,2.0,2.0,2.2
2025-08-11,2025-08-11 13:31:55.000,MO2508-C-7500,2.0,2.0,2.2
2025-08-11,2025-08-11 13:31:57.500,MO2508-C-7500,2.0,2.0,2.2
2025-08-11,2025-08-11 13:32:04.500,MO2508-C-7500,2.0,2.0,2.2
2025-08-11,2025-08-11 13:32:05.000,MO2508-C-7500,2.0,2.0,2.2
2025-08-11,2025-08-11 13:32:05.500,MO2508-C-7500,2.0,2.0,2.2
2025-08-11,2025-08-11 13:32:14.500,MO2508-C-7500,2.0,2.0,2.2
2025-08-11,2025-08-11 13:32:15.000,MO2508-C-7500,2.0,2.0,2.2
2025-08-11,2025-08-11 13:32:24.500,MO2508-C-7500,2.0,2.0,2.2
2025-08-11,2025-08-11 13:32:25.000,MO2508-C-7500,2.0,2.0,2.2
2025-08-11,2025-08-11 13:32:34.500,MO2508-C-7500,2.0,2.0,2.2
2025-08-11,2025-08-11 13:32:35.000,MO2508-C-7500,2.0,2.0,2.2
2025-08-11,2025-08-11 13:32:44.500,MO2508-C-7500,2.0,2.0,2.2
2025-08-11,2025-08-11 13:32:45.000,MO2508-C-7500,2.0,2.0,2.2
2025-08-11,2025-08-11 13:32:54.500,MO2508-C-7500,2.0,2.0,2.2
2025-08-11,2025-08-11 13:32:55.000,MO2508-C-7500,2.0,2.0,2.2
2025-08-11,2025-08-11 13:33:04.500,MO2508-C-7500,2.0,2.0,2.2
2025-08-11,2025-08-11 13:33:05.000,MO2508-C-7500,2.0,2.0,2.2
2025-08-11,2025-08-11 13:33:09.000,MO2508-C-7500,2.0,1.8,2.2
2025-08-11,2025-08-11 13:33:09.500,MO2508-C-7500,2.0,1.8,2.0
2025-08-11,2025-08-11 13:33:10.000,MO2508-C-7500,2.0,1.8,2.0
2025-08-11,2025-08-11 13:33:10.500,MO2508-C-7500,2.0,1.8,2.0
2025-08-11,2025-08-11 13:33:11.000,MO2508-C-7500,2.0,1.8,2.0
2025-08-11,2025-08-11 13:33:11.500,MO2508-C-7500,2.0,1.8,2.0
2025-08-11,2025-08-11 13:33:12.000,MO2508-C-7500,2.0,1.8,2.0
2025-08-11,2025-08-11 13:33:13.000,MO2508-C-7500,2.0,1.8,2.0
2025-08-11,2025-08-11 13:33:14.500,MO2508-C-7500,2.0,1.8,2.0
2025-08-11,2025-08-11 13:33:15.000,MO2508-C-7500,2.0,1.8,2.0
2025-08-11,2025-08-11 13:33:20.500,MO2508-C-7500,2.0,1.8,2.0
2025-08-11,2025-08-11 13:33:21.000,MO2508-C-7500,2.0,1.8,2.0
2025-08-11,2025-08-11 13:33:24.500,MO2508-C-7500,2.0,1.8,2.0
2025-08-11,2025-08-11 13:33:25.000,MO2508-C-7500,2.0,1.8,2.0
2025-08-11,2025-08-11 13:33:34.500,MO2508-C-7500,2.0,1.8,2.0
2025-08-11,2025-08-11 13:33:35.000,MO2508-C-7500,2.0,1.8,2.0
2025-08-11,2025-08-11 13:33:35.500,MO2508-C-7500,2.0,1.8,2.0
2025-08-11,2025-08-11 13:33:39.000,MO2508-C-7500,2.0,1.8,2.0
2025-08-11,2025-08-11 13:33:44.500,MO2508-C-7500,2.0,1.8,2.0
2025-08-11,2025-08-11 13:33:45.000,MO2508-C-7500,2.0,1.8,2.0
2025-08-11,2025-08-11 13:33:54.500,MO2508-C-7500,2.0,1.8,2.0
2025-08-11,2025-08-11 13:33:55.000,MO2508-C-7500,2.0,1.8,2.0
2025-08-11,2025-08-11 13:34:03.500,MO2508-C-7500,2.0,1.8,2.0
2025-08-11,2025-08-11 13:34:04.500,MO2508-C-7500,2.0,1.8,2.0
2025-08-11,2025-08-11 13:34:05.000,MO2508-C-7500,2.0,1.8,2.0
2025-08-11,2025-08-11 13:34:06.500,MO2508-C-7500,2.0,1.8,2.0
2025-08-11,2025-08-11 13:34:12.500,MO2508-C-7500,2.0,1.8,2.0
2025-08-11,2025-08-11 13:34:14.500,MO2508-C-7500,2.0,1.8,2.0
2025-08-11,2025-08-11 13:34:15.000,MO2508-C-7500,2.0,1.8,2.0
2025-08-11,2025-08-11 13:34:24.500,MO2508-C-7500,2.0,1.8,2.0
2025-08-11,2025-08-11 13:34:25.000,MO2508-C-7500,2.0,1.8,2.0
2025-08-11,2025-08-11 13:34:34.500,MO2508-C-7500,2.0,1.8,2.0
2025-08-11,2025-08-11 13:34:35.000,MO2508-C-7500,2.0,1.8,2.0
2025-08-11,2025-08-11 13:34:44.500,MO2508-C-7500,2.0,1.8,2.0
2025-08-11,2025-08-11 13:34:45.000,MO2508-C-7500,2.0,1.8,2.0
2025-08-11,2025-08-11 13:34:47.000,MO2508-C-7500,2.0,1.8,2.0
2025-08-11,2025-08-11 13:34:52.500,MO2508-C-7500,2.0,1.8,2.0
2025-08-11,2025-08-11 13:34:53.000,MO2508-C-7500,2.0,1.8,2.0
2025-08-11,2025-08-11 13:34:53.500,MO2508-C-7500,2.0,1.8,2.0
2025-08-11,2025-08-11 13:34:54.000,MO2508-C-7500,2.0,1.8,2.0
2025-08-11,2025-08-11 13:34:54.500,MO2508-C-7500,2.0,1.8,2.0
2025-08-11,2025-08-11 13:34:55.000,MO2508-C-7500,2.0,1.8,2.0
2025-08-11,2025-08-11 13:34:56.500,MO2508-C-7500,2.0,1.8,2.0
2025-08-11,2025-08-11 13:34:58.500,MO2508-C-7500,2.0,1.8,2.0
2025-08-11,2025-08-11 13:35:04.500,MO2508-C-7500,2.0,1.8,2.0
2025-08-11,2025-08-11 13:35:05.000,MO2508-C-7500,2.0,1.8,2.0
2025-08-11,2025-08-11 13:35:14.500,MO2508-C-7500,2.0,1.8,2.0
2025-08-11,2025-08-11 13:35:15.000,MO2508-C-7500,2.0,1.8,2.0
2025-08-11,2025-08-11 13:35:24.500,MO2508-C-7500,2.0,1.8,2.0
2025-08-11,2025-08-11 13:35:25.000,MO2508-C-7500,2.0,1.8,2.0
2025-08-11,2025-08-11 13:35:27.000,MO2508-C-7500,2.0,1.8,2.0
2025-08-11,2025-08-11 13:35:27.500,MO2508-C-7500,2.0,1.8,2.0
2025-08-11,2025-08-11 13:35:28.000,MO2508-C-7500,2.0,1.8,2.0
2025-08-11,2025-08-11 13:35:29.500,MO2508-C-7500,2.0,1.8,2.0
2025-08-11,2025-08-11 13:35:30.000,MO2508-C-7500,2.0,1.8,2.0
2025-08-11,2025-08-11 13:35:31.500,MO2508-C-7500,2.0,1.8,2.0
2025-08-11,2025-08-11 13:35:34.500,MO2508-C-7500,2.0,1.8,2.0
2025-08-11,2025-08-11 13:35:35.000,MO2508-C-7500,2.0,1.8,2.0
2025-08-11,2025-08-11 13:35:44.500,MO2508-C-7500,2.0,1.8,2.0
2025-08-11,2025-08-11 13:35:45.000,MO2508-C-7500,2.0,1.8,2.0
2025-08-11,2025-08-11 13:35:54.000,MO2508-C-7500,2.0,1.8,2.0
2025-08-11,2025-08-11 13:35:54.500,MO2508-C-7500,2.0,1.8,2.0
2025-08-11,2025-08-11 13:35:55.000,MO2508-C-7500,2.0,1.8,2.0
2025-08-11,2025-08-11 13:36:02.000,MO2508-C-7500,2.0,1.8,2.0
2025-08-11,2025-08-11 13:36:04.500,MO2508-C-7500,2.0,1.8,2.0
2025-08-11,2025-08-11 13:36:05.000,MO2508-C-7500,2.0,1.8,2.0
2025-08-11,2025-08-11 13:36:05.500,MO2508-C-7500,2.0,1.8,2.0
2025-08-11,2025-08-11 13:36:09.000,MO2508-C-7500,2.0,1.8,2.0
2025-08-11,2025-08-11 13:36:14.500,MO2508-C-7500,2.0,1.8,2.0
2025-08-11,2025-08-11 13:36:15.000,MO2508-C-7500,2.0,1.8,2.0
2025-08-11,2025-08-11 13:36:24.500,MO2508-C-7500,2.0,1.8,2.0
2025-08-11,2025-08-11 13:36:25.000,MO2508-C-7500,2.0,1.8,2.0
2025-08-11,2025-08-11 13:36:27.000,MO2508-C-7500,2.0,1.8,2.0
2025-08-11,2025-08-11 13:36:27.500,MO2508-C-7500,2.0,1.8,2.0
2025-08-11,2025-08-11 13:36:29.500,MO2508-C-7500,2.0,1.8,2.0
2025-08-11,2025-08-11 13:36:30.000,MO2508-C-7500,2.0,1.8,2.0
2025-08-11,2025-08-11 13:36:30.500,MO2508-C-7500,2.0,1.8,2.0
2025-08-11,2025-08-11 13:36:31.000,MO2508-C-7500,2.0,1.8,2.0
2025-08-11,2025-08-11 13:36:34.500,MO2508-C-7500,2.0,1.8,2.0
2025-08-11,2025-08-11 13:36:35.000,MO2508-C-7500,2.0,1.8,2.0
2025-08-11,2025-08-11 13:36:35.500,MO2508-C-7500,2.0,1.8,2.0
2025-08-11,2025-08-11 13:36:38.500,MO2508-C-7500,2.0,1.8,2.0
2025-08-11,2025-08-11 13:36:39.500,MO2508-C-7500,2.0,1.8,2.0
2025-08-11,2025-08-11 13:36:40.000,MO2508-C-7500,2.0,1.8,2.0
2025-08-11,2025-08-11 13:36:41.000,MO2508-C-7500,2.0,1.8,2.0
2025-08-11,2025-08-11 13:36:41.500,MO2508-C-7500,2.0,1.8,2.0
2025-08-11,2025-08-11 13:36:42.000,MO2508-C-7500,2.0,1.8,2.0
2025-08-11,2025-08-11 13:36:43.000,MO2508-C-7500,2.0,1.8,2.0
2025-08-11,2025-08-11 13:36:43.500,MO2508-C-7500,2.0,1.8,2.0
2025-08-11,2025-08-11 13:36:44.500,MO2508-C-7500,2.0,1.8,2.0
2025-08-11,2025-08-11 13:36:45.500,MO2508-C-7500,2.0,1.8,2.0
2025-08-11,2025-08-11 13:36:51.500,MO2508-C-7500,2.0,1.8,2.0
2025-08-11,2025-08-11 13:36:52.000,MO2508-C-7500,2.0,1.8,2.0
2025-08-11,2025-08-11 13:36:52.500,MO2508-C-7500,2.0,1.8,2.0
2025-08-11,2025-08-11 13:36:53.000,MO2508-C-7500,2.0,1.8,2.0
2025-08-11,2025-08-11 13:36:53.500,MO2508-C-7500,2.0,1.8,2.0
2025-08-11,2025-08-11 13:36:54.500,MO2508-C-7500,2.0,1.8,2.0
2025-08-11,2025-08-11 13:36:55.000,MO2508-C-7500,2.0,1.8,2.0
2025-08-11,2025-08-11 13:36:55.500,MO2508-C-7500,2.0,1.8,2.0
2025-08-11,2025-08-11 13:36:56.000,MO2508-C-7500,2.0,1.8,2.0
2025-08-11,2025-08-11 13:36:58.500,MO2508-C-7500,2.0,1.8,2.0
2025-08-11,2025-08-11 13:37:00.000,MO2508-C-7500,2.0,1.8,2.0
2025-08-11,2025-08-11 13:37:00.500,MO2508-C-7500,2.0,1.8,2.0
2025-08-11,2025-08-11 13:37:03.000,MO2508-C-7500,2.0,1.8,2.0
2025-08-11,2025-08-11 13:37:03.500,MO2508-C-7500,2.0,1.8,2.0
2025-08-11,2025-08-11 13:37:04.000,MO2508-C-7500,2.0,1.8,2.0
2025-08-11,2025-08-11 13:37:04.500,MO2508-C-7500,2.0,1.8,2.0
2025-08-11,2025-08-11 13:37:05.000,MO2508-C-7500,2.0,1.8,2.0
2025-08-11,2025-08-11 13:37:05.500,MO2508-C-7500,2.0,1.8,2.0
2025-08-11,2025-08-11 13:37:07.000,MO2508-C-7500,2.0,1.8,2.0
2025-08-11,2025-08-11 13:37:07.500,MO2508-C-7500,2.0,1.8,2.0
2025-08-11,2025-08-11 13:37:11.000,MO2508-C-7500,2.0,1.8,2.0
2025-08-11,2025-08-11 13:37:11.500,MO2508-C-7500,2.0,1.8,2.0
2025-08-11,2025-08-11 13:37:14.500,MO2508-C-7500,2.0,1.8,2.0
2025-08-11,2025-08-11 13:37:15.000,MO2508-C-7500,2.0,1.8,2.0
2025-08-11,2025-08-11 13:37:23.000,MO2508-C-7500,2.0,1.8,2.0
2025-08-11,2025-08-11 13:37:23.500,MO2508-C-7500,2.0,1.8,2.0
2025-08-11,2025-08-11 13:37:24.000,MO2508-C-7500,2.0,1.8,2.0
2025-08-11,2025-08-11 13:37:24.500,MO2508-C-7500,2.0,1.8,2.0
2025-08-11,2025-08-11 13:37:25.000,MO2508-C-7500,2.0,1.8,2.0
2025-08-11,2025-08-11 13:37:33.500,MO2508-C-7500,2.0,1.8,2.0
2025-08-11,2025-08-11 13:37:34.500,MO2508-C-7500,2.0,1.8,2.0
2025-08-11,2025-08-11 13:37:35.000,MO2508-C-7500,2.0,1.8,2.0
2025-08-11,2025-08-11 13:37:36.500,MO2508-C-7500,2.0,1.8,2.0
2025-08-11,2025-08-11 13:37:37.000,MO2508-C-7500,2.0,1.8,2.0
2025-08-11,2025-08-11 13:37:38.500,MO2508-C-7500,2.0,1.8,2.0
2025-08-11,2025-08-11 13:37:41.000,MO2508-C-7500,2.0,1.8,2.0
2025-08-11,2025-08-11 13:37:41.500,MO2508-C-7500,2.0,1.8,2.0
2025-08-11,2025-08-11 13:37:42.000,MO2508-C-7500,2.0,1.8,2.0
2025-08-11,2025-08-11 13:37:42.500,MO2508-C-7500,2.0,1.8,2.0
2025-08-11,2025-08-11 13:37:43.000,MO2508-C-7500,2.0,1.8,2.0
2025-08-11,2025-08-11 13:37:43.500,MO2508-C-7500,2.0,1.8,2.0
2025-08-11,2025-08-11 13:37:44.000,MO2508-C-7500,2.0,1.8,2.0
2025-08-11,2025-08-11 13:37:44.500,MO2508-C-7500,2.0,1.8,2.0
2025-08-11,2025-08-11 13:37:45.000,MO2508-C-7500,2.0,1.8,2.0
2025-08-11,2025-08-11 13:37:45.500,MO2508-C-7500,2.0,1.8,2.0
2025-08-11,2025-08-11 13:37:46.000,MO2508-C-7500,2.0,1.8,2.0
2025-08-11,2025-08-11 13:37:46.500,MO2508-C-7500,2.0,1.8,2.0
2025-08-11,2025-08-11 13:37:47.000,MO2508-C-7500,2.0,1.8,2.0
2025-08-11,2025-08-11 13:37:47.500,MO2508-C-7500,2.0,1.8,2.0
2025-08-11,2025-08-11 13:37:48.000,MO2508-C-7500,2.0,1.8,2.0
2025-08-11,2025-08-11 13:37:48.500,MO2508-C-7500,2.0,1.8,2.0
2025-08-11,2025-08-11 13:37:49.000,MO2508-C-7500,2.0,1.8,2.0
2025-08-11,2025-08-11 13:37:49.500,MO2508-C-7500,2.0,1.8,2.0
2025-08-11,2025-08-11 13:37:50.000,MO2508-C-7500,2.0,1.8,2.0
2025-08-11,2025-08-11 13:37:50.500,MO2508-C-7500,2.0,1.8,2.0
2025-08-11,2025-08-11 13:37:51.000,MO2508-C-7500,2.0,1.8,2.0
2025-08-11,2025-08-11 13:37:51.500,MO2508-C-7500,2.0,1.8,2.0
2025-08-11,2025-08-11 13:37:52.000,MO2508-C-7500,2.0,1.8,2.0
2025-08-11,2025-08-11 13:37:52.500,MO2508-C-7500,2.0,1.8,2.0
2025-08-11,2025-08-11 13:37:53.000,MO2508-C-7500,2.0,1.8,2.0
2025-08-11,2025-08-11 13:37:53.500,MO2508-C-7500,2.0,1.8,2.0
2025-08-11,2025-08-11 13:37:54.000,MO2508-C-7500,2.0,1.8,2.0
2025-08-11,2025-08-11 13:37:54.500,MO2508-C-7500,2.0,1.8,2.0
2025-08-11,2025-08-11 13:37:55.000,MO2508-C-7500,2.0,1.6,2.0
2025-08-11,2025-08-11 13:37:55.500,MO2508-C-7500,2.0,1.6,1.8
2025-08-11,2025-08-11 13:37:56.000,MO2508-C-7500,2.0,1.6,1.8
2025-08-11,2025-08-11 13:37:56.500,MO2508-C-7500,2.0,1.6,1.8
2025-08-11,2025-08-11 13:37:57.000,MO2508-C-7500,2.0,1.6,1.8
2025-08-11,2025-08-11 13:37:57.500,MO2508-C-7500,2.0,1.6,1.8
2025-08-11,2025-08-11 13:38:00.500,MO2508-C-7500,2.0,1.6,1.8
2025-08-11,2025-08-11 13:38:01.000,MO2508-C-7500,2.0,1.6,1.8
2025-08-11,2025-08-11 13:38:03.000,MO2508-C-7500,2.0,1.6,1.8
2025-08-11,2025-08-11 13:38:03.500,MO2508-C-7500,2.0,1.6,1.8
2025-08-11,2025-08-11 13:38:04.500,MO2508-C-7500,2.0,1.6,1.8
2025-08-11,2025-08-11 13:38:05.000,MO2508-C-7500,2.0,1.6,1.8
2025-08-11,2025-08-11 13:38:11.000,MO2508-C-7500,2.0,1.6,1.8
2025-08-11,2025-08-11 13:38:14.500,MO2508-C-7500,2.0,1.6,1.8
2025-08-11,2025-08-11 13:38:15.000,MO2508-C-7500,2.0,1.6,1.8
2025-08-11,2025-08-11 13:38:18.000,MO2508-C-7500,2.0,1.6,1.8
2025-08-11,2025-08-11 13:38:20.500,MO2508-C-7500,2.0,1.6,1.8
2025-08-11,2025-08-11 13:38:24.500,MO2508-C-7500,2.0,1.6,1.8
2025-08-11,2025-08-11 13:38:25.000,MO2508-C-7500,2.0,1.6,1.8
2025-08-11,2025-08-11 13:38:27.500,MO2508-C-7500,2.0,1.6,1.8
2025-08-11,2025-08-11 13:38:28.000,MO2508-C-7500,2.0,1.6,1.8
2025-08-11,2025-08-11 13:38:28.500,MO2508-C-7500,2.0,1.6,1.8
2025-08-11,2025-08-11 13:38:29.000,MO2508-C-7500,2.0,1.6,1.8
2025-08-11,2025-08-11 13:38:33.500,MO2508-C-7500,2.0,1.6,1.8
2025-08-11,2025-08-11 13:38:34.000,MO2508-C-7500,2.0,1.6,1.8
2025-08-11,2025-08-11 13:38:34.500,MO2508-C-7500,2.0,1.6,1.8
2025-08-11,2025-08-11 13:38:35.000,MO2508-C-7500,2.0,1.6,1.8
2025-08-11,2025-08-11 13:38:35.500,MO2508-C-7500,2.0,1.6,1.8
2025-08-11,2025-08-11 13:38:44.500,MO2508-C-7500,2.0,1.6,1.8
2025-08-11,2025-08-11 13:38:45.000,MO2508-C-7500,2.0,1.6,1.8
2025-08-11,2025-08-11 13:38:47.500,MO2508-C-7500,2.0,1.6,1.8
2025-08-11,2025-08-11 13:38:54.500,MO2508-C-7500,2.0,1.6,1.8
2025-08-11,2025-08-11 13:38:55.000,MO2508-C-7500,2.0,1.6,1.8
2025-08-11,2025-08-11 13:38:55.500,MO2508-C-7500,2.0,1.6,1.8
2025-08-11,2025-08-11 13:38:57.500,MO2508-C-7500,2.0,1.6,1.8
2025-08-11,2025-08-11 13:39:04.500,MO2508-C-7500,2.0,1.6,1.8
2025-08-11,2025-08-11 13:39:05.000,MO2508-C-7500,2.0,1.6,1.8
2025-08-11,2025-08-11 13:39:07.500,MO2508-C-7500,2.0,1.6,1.8
2025-08-11,2025-08-11 13:39:13.500,MO2508-C-7500,2.0,1.6,1.8
2025-08-11,2025-08-11 13:39:14.500,MO2508-C-7500,2.0,1.6,1.8
2025-08-11,2025-08-11 13:39:15.000,MO2508-C-7500,2.0,1.6,1.8
2025-08-11,2025-08-11 13:39:24.500,MO2508-C-7500,2.0,1.6,1.8
2025-08-11,2025-08-11 13:39:25.000,MO2508-C-7500,2.0,1.6,1.8
2025-08-11,2025-08-11 13:39:34.500,MO2508-C-7500,2.0,1.6,1.8
2025-08-11,2025-08-11 13:39:35.000,MO2508-C-7500,2.0,1.6,1.8
2025-08-11,2025-08-11 13:39:44.500,MO2508-C-7500,2.0,1.6,1.8
2025-08-11,2025-08-11 13:39:45.000,MO2508-C-7500,2.0,1.6,1.8
2025-08-11,2025-08-11 13:39:54.500,MO2508-C-7500,2.0,1.6,1.8
2025-08-11,2025-08-11 13:39:55.000,MO2508-C-7500,2.0,1.6,1.8
2025-08-11,2025-08-11 13:40:04.500,MO2508-C-7500,2.0,1.6,1.8
2025-08-11,2025-08-11 13:40:05.000,MO2508-C-7500,2.0,1.6,1.8
2025-08-11,2025-08-11 13:40:14.500,MO2508-C-7500,2.0,1.6,1.8
2025-08-11,2025-08-11 13:40:15.000,MO2508-C-7500,2.0,1.6,1.8
2025-08-11,2025-08-11 13:40:24.500,MO2508-C-7500,2.0,1.6,1.8
2025-08-11,2025-08-11 13:40:25.000,MO2508-C-7500,2.0,1.6,1.8
2025-08-11,2025-08-11 13:40:34.500,MO2508-C-7500,2.0,1.6,1.8
2025-08-11,2025-08-11 13:40:35.000,MO2508-C-7500,2.0,1.6,1.8
2025-08-11,2025-08-11 13:40:44.500,MO2508-C-7500,2.0,1.6,1.8
2025-08-11,2025-08-11 13:40:45.000,MO2508-C-7500,2.0,1.6,1.8
2025-08-11,2025-08-11 13:40:54.500,MO2508-C-7500,2.0,1.6,1.8
2025-08-11,2025-08-11 13:40:55.000,MO2508-C-7500,2.0,1.6,1.8
2025-08-11,2025-08-11 13:41:04.500,MO2508-C-7500,2.0,1.6,1.8
2025-08-11,2025-08-11 13:41:05.000,MO2508-C-7500,2.0,1.6,1.8
2025-08-11,2025-08-11 13:41:06.000,MO2508-C-7500,2.0,1.6,1.8
2025-08-11,2025-08-11 13:41:14.500,MO2508-C-7500,2.0,1.6,1.8
2025-08-11,2025-08-11 13:41:15.000,MO2508-C-7500,2.0,1.6,1.8
2025-08-11,2025-08-11 13:41:24.500,MO2508-C-7500,2.0,1.6,1.8
2025-08-11,2025-08-11 13:41:25.000,MO2508-C-7500,2.0,1.6,1.8
2025-08-11,2025-08-11 13:41:34.500,MO2508-C-7500,2.0,1.6,1.8
2025-08-11,2025-08-11 13:41:35.000,MO2508-C-7500,2.0,1.6,1.8
2025-08-11,2025-08-11 13:41:44.500,MO2508-C-7500,2.0,1.6,1.8
2025-08-11,2025-08-11 13:41:45.000,MO2508-C-7500,2.0,1.6,1.8
2025-08-11,2025-08-11 13:41:54.500,MO2508-C-7500,2.0,1.6,1.8
2025-08-11,2025-08-11 13:41:55.000,MO2508-C-7500,2.0,1.6,1.8
2025-08-11,2025-08-11 13:42:03.000,MO2508-C-7500,2.0,1.6,1.8
2025-08-11,2025-08-11 13:42:04.500,MO2508-C-7500,2.0,1.6,1.8
2025-08-11,2025-08-11 13:42:05.000,MO2508-C-7500,2.0,1.6,1.8
2025-08-11,2025-08-11 13:42:14.500,MO2508-C-7500,2.0,1.6,1.8
2025-08-11,2025-08-11 13:42:15.000,MO2508-C-7500,2.0,1.6,1.8
2025-08-11,2025-08-11 13:42:18.500,MO2508-C-7500,2.0,1.6,1.8
2025-08-11,2025-08-11 13:42:24.500,MO2508-C-7500,2.0,1.6,1.8
2025-08-11,2025-08-11 13:42:25.000,MO2508-C-7500,2.0,1.6,1.8
2025-08-11,2025-08-11 13:42:34.500,MO2508-C-7500,2.0,1.6,1.8
2025-08-11,2025-08-11 13:42:35.000,MO2508-C-7500,2.0,1.6,1.8
2025-08-11,2025-08-11 13:42:44.500,MO2508-C-7500,2.0,1.6,1.8
2025-08-11,2025-08-11 13:42:45.000,MO2508-C-7500,2.0,1.6,1.8
2025-08-11,2025-08-11 13:42:54.500,MO2508-C-7500,2.0,1.6,1.8
2025-08-11,2025-08-11 13:42:55.000,MO2508-C-7500,2.0,1.6,1.8
2025-08-11,2025-08-11 13:43:04.500,MO2508-C-7500,2.0,1.6,1.8
2025-08-11,2025-08-11 13:43:05.000,MO2508-C-7500,2.0,1.6,1.8
2025-08-11,2025-08-11 13:43:14.500,MO2508-C-7500,1.6,1.6,1.8
2025-08-11,2025-08-11 13:43:15.000,MO2508-C-7500,1.6,1.6,1.8
2025-08-11,2025-08-11 13:43:24.500,MO2508-C-7500,1.6,1.6,1.8
2025-08-11,2025-08-11 13:43:25.000,MO2508-C-7500,1.6,1.6,1.8
2025-08-11,2025-08-11 13:43:34.500,MO2508-C-7500,1.6,1.6,1.8
2025-08-11,2025-08-11 13:43:35.000,MO2508-C-7500,1.6,1.6,1.8
2025-08-11,2025-08-11 13:43:44.500,MO2508-C-7500,1.6,1.6,1.8
2025-08-11,2025-08-11 13:43:45.000,MO2508-C-7500,1.6,1.6,1.8
2025-08-11,2025-08-11 13:43:51.000,MO2508-C-7500,1.6,1.6,1.8
2025-08-11,2025-08-11 13:43:54.500,MO2508-C-7500,1.6,1.6,1.8
2025-08-11,2025-08-11 13:43:55.000,MO2508-C-7500,1.6,1.6,1.8
2025-08-11,2025-08-11 13:43:56.500,MO2508-C-7500,1.6,1.6,1.8
2025-08-11,2025-08-11 13:43:59.000,MO2508-C-7500,1.6,1.6,1.8
2025-08-11,2025-08-11 13:44:03.000,MO2508-C-7500,1.6,1.6,1.8
2025-08-11,2025-08-11 13:44:03.500,MO2508-C-7500,1.6,1.6,1.8
2025-08-11,2025-08-11 13:44:04.500,MO2508-C-7500,1.6,1.6,1.8
2025-08-11,2025-08-11 13:44:05.000,MO2508-C-7500,1.6,1.6,1.8
2025-08-11,2025-08-11 13:44:10.500,MO2508-C-7500,1.6,1.6,1.8
2025-08-11,2025-08-11 13:44:11.500,MO2508-C-7500,1.6,1.6,1.8
2025-08-11,2025-08-11 13:44:13.000,MO2508-C-7500,1.6,1.6,1.8
2025-08-11,2025-08-11 13:44:14.500,MO2508-C-7500,1.6,1.6,1.8
2025-08-11,2025-08-11 13:44:15.000,MO2508-C-7500,1.6,1.6,1.8
2025-08-11,2025-08-11 13:44:16.000,MO2508-C-7500,1.6,1.6,1.8
2025-08-11,2025-08-11 13:44:16.500,MO2508-C-7500,1.6,1.6,1.8
2025-08-11,2025-08-11 13:44:20.000,MO2508-C-7500,1.6,1.6,1.8
2025-08-11,2025-08-11 13:44:24.000,MO2508-C-7500,1.6,1.6,1.8
2025-08-11,2025-08-11 13:44:24.500,MO2508-C-7500,1.6,1.6,1.8
2025-08-11,2025-08-11 13:44:25.000,MO2508-C-7500,1.6,1.6,1.8
2025-08-11,2025-08-11 13:44:30.500,MO2508-C-7500,1.6,1.6,1.8
2025-08-11,2025-08-11 13:44:31.000,MO2508-C-7500,1.6,1.6,1.8
2025-08-11,2025-08-11 13:44:34.500,MO2508-C-7500,1.6,1.6,1.8
2025-08-11,2025-08-11 13:44:35.000,MO2508-C-7500,1.6,1.6,1.8
2025-08-11,2025-08-11 13:44:37.500,MO2508-C-7500,1.6,1.6,1.8
2025-08-11,2025-08-11 13:44:44.500,MO2508-C-7500,1.6,1.6,1.8
2025-08-11,2025-08-11 13:44:45.000,MO2508-C-7500,1.6,1.6,1.8
2025-08-11,2025-08-11 13:44:54.500,MO2508-C-7500,1.6,1.6,1.8
2025-08-11,2025-08-11 13:44:55.000,MO2508-C-7500,1.6,1.6,1.8
2025-08-11,2025-08-11 13:45:04.500,MO2508-C-7500,1.6,1.6,1.8
2025-08-11,2025-08-11 13:45:05.000,MO2508-C-7500,1.6,1.6,1.8
2025-08-11,2025-08-11 13:45:14.500,MO2508-C-7500,1.6,1.6,1.8
2025-08-11,2025-08-11 13:45:15.000,MO2508-C-7500,1.6,1.6,1.8
2025-08-11,2025-08-11 13:45:16.000,MO2508-C-7500,1.6,1.6,1.8
2025-08-11,2025-08-11 13:45:16.500,MO2508-C-7500,1.6,1.6,1.8
2025-08-11,2025-08-11 13:45:18.000,MO2508-C-7500,1.6,1.6,1.8
2025-08-11,2025-08-11 13:45:18.500,MO2508-C-7500,1.6,1.6,1.8
2025-08-11,2025-08-11 13:45:19.500,MO2508-C-7500,1.6,1.6,1.8
2025-08-11,2025-08-11 13:45:24.500,MO2508-C-7500,1.6,1.6,1.8
2025-08-11,2025-08-11 13:45:25.000,MO2508-C-7500,1.6,1.6,1.8
2025-08-11,2025-08-11 13:45:27.500,MO2508-C-7500,1.6,1.6,1.8
2025-08-11,2025-08-11 13:45:28.000,MO2508-C-7500,1.6,1.6,1.8
2025-08-11,2025-08-11 13:45:29.500,MO2508-C-7500,1.6,1.6,1.8
2025-08-11,2025-08-11 13:45:30.000,MO2508-C-7500,1.6,1.6,1.8
2025-08-11,2025-08-11 13:45:30.500,MO2508-C-7500,1.6,1.4,1.8
2025-08-11,2025-08-11 13:45:31.000,MO2508-C-7500,1.6,1.4,1.6
2025-08-11,2025-08-11 13:45:31.500,MO2508-C-7500,1.6,1.4,1.6
2025-08-11,2025-08-11 13:45:32.000,MO2508-C-7500,1.6,1.4,1.6
2025-08-11,2025-08-11 13:45:32.500,MO2508-C-7500,1.6,1.4,1.6
2025-08-11,2025-08-11 13:45:34.000,MO2508-C-7500,1.6,1.4,1.6
2025-08-11,2025-08-11 13:45:34.500,MO2508-C-7500,1.6,1.4,1.6
2025-08-11,2025-08-11 13:45:35.000,MO2508-C-7500,1.6,1.4,1.6
2025-08-11,2025-08-11 13:45:37.500,MO2508-C-7500,1.6,1.4,1.6
2025-08-11,2025-08-11 13:45:38.000,MO2508-C-7500,1.6,1.4,1.6
2025-08-11,2025-08-11 13:45:40.000,MO2508-C-7500,1.6,1.4,1.6
2025-08-11,2025-08-11 13:45:40.500,MO2508-C-7500,1.6,1.4,1.6
2025-08-11,2025-08-11 13:45:41.000,MO2508-C-7500,1.6,1.4,1.6
2025-08-11,2025-08-11 13:45:41.500,MO2508-C-7500,1.6,1.4,1.6
2025-08-11,2025-08-11 13:45:42.000,MO2508-C-7500,1.6,1.4,1.6
2025-08-11,2025-08-11 13:45:44.500,MO2508-C-7500,1.6,1.4,1.6
2025-08-11,2025-08-11 13:45:45.000,MO2508-C-7500,1.6,1.4,1.6
2025-08-11,2025-08-11 13:45:46.000,MO2508-C-7500,1.6,1.4,1.6
2025-08-11,2025-08-11 13:45:47.000,MO2508-C-7500,1.6,1.4,1.6
2025-08-11,2025-08-11 13:45:47.500,MO2508-C-7500,1.6,1.4,1.6
2025-08-11,2025-08-11 13:45:48.000,MO2508-C-7500,1.6,1.4,1.6
2025-08-11,2025-08-11 13:45:48.500,MO2508-C-7500,1.6,1.4,1.6
2025-08-11,2025-08-11 13:45:49.000,MO2508-C-7500,1.6,1.4,1.6
2025-08-11,2025-08-11 13:45:53.000,MO2508-C-7500,1.6,1.4,1.6
2025-08-11,2025-08-11 13:45:53.500,MO2508-C-7500,1.6,1.4,1.6
2025-08-11,2025-08-11 13:45:54.000,MO2508-C-7500,1.6,1.4,1.6
2025-08-11,2025-08-11 13:45:54.500,MO2508-C-7500,1.6,1.4,1.6
2025-08-11,2025-08-11 13:45:55.000,MO2508-C-7500,1.6,1.4,1.6
2025-08-11,2025-08-11 13:45:55.500,MO2508-C-7500,1.6,1.4,1.6
2025-08-11,2025-08-11 13:45:56.000,MO2508-C-7500,1.6,1.4,1.6
2025-08-11,2025-08-11 13:46:04.500,MO2508-C-7500,1.6,1.4,1.6
2025-08-11,2025-08-11 13:46:05.000,MO2508-C-7500,1.6,1.4,1.6
2025-08-11,2025-08-11 13:46:14.500,MO2508-C-7500,1.6,1.4,1.6
2025-08-11,2025-08-11 13:46:15.000,MO2508-C-7500,1.6,1.4,1.6
2025-08-11,2025-08-11 13:46:18.500,MO2508-C-7500,1.6,1.4,1.6
2025-08-11,2025-08-11 13:46:19.000,MO2508-C-7500,1.6,1.4,1.6
2025-08-11,2025-08-11 13:46:21.500,MO2508-C-7500,1.6,1.4,1.6
2025-08-11,2025-08-11 13:46:22.000,MO2508-C-7500,1.6,1.4,1.6
2025-08-11,2025-08-11 13:46:24.500,MO2508-C-7500,1.6,1.4,1.6
2025-08-11,2025-08-11 13:46:25.000,MO2508-C-7500,1.6,1.4,1.6
2025-08-11,2025-08-11 13:46:28.500,MO2508-C-7500,1.6,1.4,1.6
2025-08-11,2025-08-11 13:46:34.000,MO2508-C-7500,1.6,1.4,1.6
2025-08-11,2025-08-11 13:46:34.500,MO2508-C-7500,1.6,1.4,1.6
2025-08-11,2025-08-11 13:46:35.000,MO2508-C-7500,1.6,1.4,1.6
2025-08-11,2025-08-11 13:46:44.500,MO2508-C-7500,1.6,1.4,1.6
2025-08-11,2025-08-11 13:46:45.000,MO2508-C-7500,1.6,1.4,1.6
2025-08-11,2025-08-11 13:46:54.500,MO2508-C-7500,1.6,1.4,1.6
2025-08-11,2025-08-11 13:46:55.000,MO2508-C-7500,1.6,1.4,1.6
2025-08-11,2025-08-11 13:47:04.500,MO2508-C-7500,1.6,1.4,1.6
2025-08-11,2025-08-11 13:47:05.000,MO2508-C-7500,1.6,1.4,1.6
2025-08-11,2025-08-11 13:47:13.500,MO2508-C-7500,1.6,1.4,1.6
2025-08-11,2025-08-11 13:47:14.000,MO2508-C-7500,1.6,1.4,1.6
2025-08-11,2025-08-11 13:47:14.500,MO2508-C-7500,1.6,1.4,1.6
2025-08-11,2025-08-11 13:47:15.000,MO2508-C-7500,1.6,1.4,1.6
2025-08-11,2025-08-11 13:47:15.500,MO2508-C-7500,1.6,1.4,1.6
2025-08-11,2025-08-11 13:47:24.500,MO2508-C-7500,1.6,1.4,1.6
2025-08-11,2025-08-11 13:47:25.000,MO2508-C-7500,1.6,1.4,1.6
2025-08-11,2025-08-11 13:47:25.500,MO2508-C-7500,1.6,1.4,1.6
2025-08-11,2025-08-11 13:47:27.000,MO2508-C-7500,1.6,1.4,1.6
2025-08-11,2025-08-11 13:47:34.500,MO2508-C-7500,1.6,1.4,1.6
2025-08-11,2025-08-11 13:47:35.000,MO2508-C-7500,1.6,1.4,1.6
2025-08-11,2025-08-11 13:47:44.500,MO2508-C-7500,1.6,1.4,1.6
2025-08-11,2025-08-11 13:47:45.000,MO2508-C-7500,1.6,1.4,1.6
2025-08-11,2025-08-11 13:47:47.000,MO2508-C-7500,1.6,1.4,1.6
2025-08-11,2025-08-11 13:47:54.500,MO2508-C-7500,1.6,1.4,1.6
2025-08-11,2025-08-11 13:47:55.000,MO2508-C-7500,1.6,1.4,1.6
2025-08-11,2025-08-11 13:48:04.500,MO2508-C-7500,1.6,1.4,1.6
2025-08-11,2025-08-11 13:48:05.000,MO2508-C-7500,1.6,1.4,1.6
2025-08-11,2025-08-11 13:48:06.500,MO2508-C-7500,1.6,1.4,1.6
2025-08-11,2025-08-11 13:48:14.500,MO2508-C-7500,1.6,1.4,1.6
2025-08-11,2025-08-11 13:48:15.000,MO2508-C-7500,1.6,1.4,1.6
2025-08-11,2025-08-11 13:48:23.000,MO2508-C-7500,1.6,1.4,1.6
2025-08-11,2025-08-11 13:48:24.500,MO2508-C-7500,1.6,1.4,1.6
2025-08-11,2025-08-11 13:48:25.000,MO2508-C-7500,1.6,1.4,1.6
2025-08-11,2025-08-11 13:48:26.000,MO2508-C-7500,1.6,1.4,1.6
2025-08-11,2025-08-11 13:48:34.500,MO2508-C-7500,1.6,1.4,1.6
2025-08-11,2025-08-11 13:48:35.000,MO2508-C-7500,1.6,1.4,1.6
2025-08-11,2025-08-11 13:48:44.500,MO2508-C-7500,1.6,1.4,1.6
2025-08-11,2025-08-11 13:48:45.000,MO2508-C-7500,1.6,1.4,1.6
2025-08-11,2025-08-11 13:48:46.000,MO2508-C-7500,1.6,1.4,1.6
2025-08-11,2025-08-11 13:48:54.500,MO2508-C-7500,1.6,1.4,1.6
2025-08-11,2025-08-11 13:48:55.000,MO2508-C-7500,1.6,1.4,1.6
2025-08-11,2025-08-11 13:49:04.500,MO2508-C-7500,1.6,1.4,1.6
2025-08-11,2025-08-11 13:49:05.000,MO2508-C-7500,1.6,1.4,1.6
2025-08-11,2025-08-11 13:49:14.500,MO2508-C-7500,1.6,1.4,1.6
2025-08-11,2025-08-11 13:49:15.000,MO2508-C-7500,1.6,1.4,1.6
2025-08-11,2025-08-11 13:49:24.500,MO2508-C-7500,1.6,1.4,1.6
2025-08-11,2025-08-11 13:49:25.000,MO2508-C-7500,1.6,1.4,1.6
2025-08-11,2025-08-11 13:49:34.500,MO2508-C-7500,1.6,1.4,1.6
2025-08-11,2025-08-11 13:49:35.000,MO2508-C-7500,1.6,1.4,1.6
2025-08-11,2025-08-11 13:49:44.000,MO2508-C-7500,1.6,1.4,1.6
2025-08-11,2025-08-11 13:49:44.500,MO2508-C-7500,1.6,1.4,1.6
2025-08-11,2025-08-11 13:49:45.000,MO2508-C-7500,1.6,1.4,1.6
2025-08-11,2025-08-11 13:49:54.500,MO2508-C-7500,1.6,1.4,1.6
2025-08-11,2025-08-11 13:49:55.000,MO2508-C-7500,1.6,1.4,1.6
2025-08-11,2025-08-11 13:50:04.500,MO2508-C-7500,1.6,1.4,1.6
2025-08-11,2025-08-11 13:50:05.000,MO2508-C-7500,1.6,1.4,1.6
2025-08-11,2025-08-11 13:50:06.500,MO2508-C-7500,1.6,1.4,1.6
2025-08-11,2025-08-11 13:50:14.500,MO2508-C-7500,1.6,1.4,1.6
2025-08-11,2025-08-11 13:50:15.000,MO2508-C-7500,1.6,1.4,1.6
2025-08-11,2025-08-11 13:50:23.000,MO2508-C-7500,1.6,1.4,1.6
2025-08-11,2025-08-11 13:50:23.500,MO2508-C-7500,1.6,1.4,1.6
2025-08-11,2025-08-11 13:50:24.500,MO2508-C-7500,1.6,1.4,1.6
2025-08-11,2025-08-11 13:50:25.000,MO2508-C-7500,1.6,1.4,1.6
2025-08-11,2025-08-11 13:50:25.500,MO2508-C-7500,1.6,1.4,1.6
2025-08-11,2025-08-11 13:50:34.500,MO2508-C-7500,1.6,1.4,1.6
2025-08-11,2025-08-11 13:50:35.000,MO2508-C-7500,1.6,1.4,1.6
2025-08-11,2025-08-11 13:50:44.500,MO2508-C-7500,1.6,1.4,1.6
2025-08-11,2025-08-11 13:50:45.000,MO2508-C-7500,1.6,1.4,1.6
2025-08-11,2025-08-11 13:50:45.500,MO2508-C-7500,1.6,1.4,1.6
2025-08-11,2025-08-11 13:50:54.500,MO2508-C-7500,1.6,1.4,1.6
2025-08-11,2025-08-11 13:50:55.000,MO2508-C-7500,1.6,1.4,1.6
2025-08-11,2025-08-11 13:51:04.500,MO2508-C-7500,1.6,1.4,1.6
2025-08-11,2025-08-11 13:51:05.000,MO2508-C-7500,1.6,1.4,1.6
2025-08-11,2025-08-11 13:51:05.500,MO2508-C-7500,1.6,1.4,1.6
2025-08-11,2025-08-11 13:51:14.500,MO2508-C-7500,1.6,1.4,1.6
2025-08-11,2025-08-11 13:51:15.000,MO2508-C-7500,1.6,1.4,1.6
2025-08-11,2025-08-11 13:51:24.500,MO2508-C-7500,1.6,1.4,1.6
2025-08-11,2025-08-11 13:51:25.000,MO2508-C-7500,1.6,1.4,1.6
2025-08-11,2025-08-11 13:51:29.000,MO2508-C-7500,1.4,1.4,1.6
2025-08-11,2025-08-11 13:51:29.500,MO2508-C-7500,1.4,1.4,1.6
2025-08-11,2025-08-11 13:51:30.000,MO2508-C-7500,1.4,1.4,1.6
2025-08-11,2025-08-11 13:51:34.500,MO2508-C-7500,1.4,1.4,1.6
2025-08-11,2025-08-11 13:51:35.000,MO2508-C-7500,1.4,1.4,1.6
2025-08-11,2025-08-11 13:51:35.500,MO2508-C-7500,1.4,1.2,1.6
2025-08-11,2025-08-11 13:51:36.000,MO2508-C-7500,1.4,1.2,1.4
2025-08-11,2025-08-11 13:51:36.500,MO2508-C-7500,1.4,1.2,1.4
2025-08-11,2025-08-11 13:51:37.500,MO2508-C-7500,1.4,1.2,1.4
2025-08-11,2025-08-11 13:51:38.000,MO2508-C-7500,1.4,1.2,1.4
2025-08-11,2025-08-11 13:51:39.500,MO2508-C-7500,1.4,1.2,1.4
2025-08-11,2025-08-11 13:51:44.500,MO2508-C-7500,1.4,1.2,1.4
2025-08-11,2025-08-11 13:51:45.000,MO2508-C-7500,1.4,1.2,1.4
2025-08-11,2025-08-11 13:51:46.500,MO2508-C-7500,1.4,1.2,1.4
2025-08-11,2025-08-11 13:51:47.000,MO2508-C-7500,1.4,1.2,1.4
2025-08-11,2025-08-11 13:51:49.500,MO2508-C-7500,1.4,1.2,1.4
2025-08-11,2025-08-11 13:51:50.000,MO2508-C-7500,1.4,1.2,1.4
2025-08-11,2025-08-11 13:51:50.500,MO2508-C-7500,1.4,1.2,1.4
2025-08-11,2025-08-11 13:51:53.000,MO2508-C-7500,1.4,1.2,1.4
2025-08-11,2025-08-11 13:51:54.500,MO2508-C-7500,1.4,1.2,1.4
2025-08-11,2025-08-11 13:51:55.000,MO2508-C-7500,1.4,1.2,1.4
2025-08-11,2025-08-11 13:51:58.000,MO2508-C-7500,1.4,1.2,1.4
2025-08-11,2025-08-11 13:51:58.500,MO2508-C-7500,1.4,1.2,1.4
2025-08-11,2025-08-11 13:52:04.500,MO2508-C-7500,1.4,1.2,1.4
2025-08-11,2025-08-11 13:52:05.000,MO2508-C-7500,1.4,1.2,1.4
2025-08-11,2025-08-11 13:52:12.000,MO2508-C-7500,1.4,1.2,1.4
2025-08-11,2025-08-11 13:52:14.000,MO2508-C-7500,1.4,1.2,1.4
2025-08-11,2025-08-11 13:52:14.500,MO2508-C-7500,1.4,1.2,1.4
2025-08-11,2025-08-11 13:52:15.000,MO2508-C-7500,1.4,1.2,1.4
2025-08-11,2025-08-11 13:52:15.500,MO2508-C-7500,1.4,1.2,1.4
2025-08-11,2025-08-11 13:52:19.000,MO2508-C-7500,1.4,1.2,1.4
2025-08-11,2025-08-11 13:52:24.500,MO2508-C-7500,1.4,1.2,1.4
2025-08-11,2025-08-11 13:52:25.000,MO2508-C-7500,1.4,1.2,1.4
2025-08-11,2025-08-11 13:52:29.000,MO2508-C-7500,1.4,1.2,1.6
2025-08-11,2025-08-11 13:52:29.500,MO2508-C-7500,1.4,1.2,1.6
2025-08-11,2025-08-11 13:52:30.000,MO2508-C-7500,1.4,1.2,1.6
2025-08-11,2025-08-11 13:52:34.500,MO2508-C-7500,1.4,1.2,1.6
2025-08-11,2025-08-11 13:52:35.000,MO2508-C-7500,1.4,1.2,1.6
2025-08-11,2025-08-11 13:52:44.500,MO2508-C-7500,1.4,1.2,1.6
2025-08-11,2025-08-11 13:52:45.000,MO2508-C-7500,1.4,1.2,1.6
2025-08-11,2025-08-11 13:52:54.500,MO2508-C-7500,1.4,1.2,1.6
2025-08-11,2025-08-11 13:52:55.000,MO2508-C-7500,1.4,1.2,1.6
2025-08-11,2025-08-11 13:52:58.500,MO2508-C-7500,1.4,1.2,1.6
2025-08-11,2025-08-11 13:53:04.500,MO2508-C-7500,1.4,1.2,1.6
2025-08-11,2025-08-11 13:53:05.000,MO2508-C-7500,1.4,1.2,1.6
2025-08-11,2025-08-11 13:53:09.500,MO2508-C-7500,1.4,1.4,1.6
2025-08-11,2025-08-11 13:53:10.000,MO2508-C-7500,1.4,1.4,1.6
2025-08-11,2025-08-11 13:53:11.000,MO2508-C-7500,1.4,1.4,1.6
2025-08-11,2025-08-11 13:53:14.500,MO2508-C-7500,1.4,1.4,1.6
2025-08-11,2025-08-11 13:53:15.000,MO2508-C-7500,1.4,1.4,1.6
2025-08-11,2025-08-11 13:53:15.500,MO2508-C-7500,1.4,1.4,1.6
2025-08-11,2025-08-11 13:53:16.000,MO2508-C-7500,1.4,1.4,1.6
2025-08-11,2025-08-11 13:53:23.000,MO2508-C-7500,1.4,1.4,1.6
2025-08-11,2025-08-11 13:53:23.500,MO2508-C-7500,1.4,1.4,1.6
2025-08-11,2025-08-11 13:53:24.500,MO2508-C-7500,1.4,1.4,1.6
2025-08-11,2025-08-11 13:53:25.000,MO2508-C-7500,1.4,1.4,1.6
2025-08-11,2025-08-11 13:53:25.500,MO2508-C-7500,1.4,1.4,1.6
2025-08-11,2025-08-11 13:53:26.000,MO2508-C-7500,1.4,1.4,1.6
2025-08-11,2025-08-11 13:53:26.500,MO2508-C-7500,1.4,1.4,1.6
2025-08-11,2025-08-11 13:53:34.000,MO2508-C-7500,1.4,1.4,1.6
2025-08-11,2025-08-11 13:53:34.500,MO2508-C-7500,1.4,1.4,1.6
2025-08-11,2025-08-11 13:53:35.000,MO2508-C-7500,1.4,1.4,1.6
2025-08-11,2025-08-11 13:53:44.500,MO2508-C-7500,1.4,1.4,1.6
2025-08-11,2025-08-11 13:53:45.000,MO2508-C-7500,1.4,1.4,1.6
2025-08-11,2025-08-11 13:53:47.500,MO2508-C-7500,1.4,1.4,1.6
2025-08-11,2025-08-11 13:53:54.500,MO2508-C-7500,1.4,1.4,1.6
2025-08-11,2025-08-11 13:53:55.000,MO2508-C-7500,1.4,1.4,1.6
2025-08-11,2025-08-11 13:54:04.500,MO2508-C-7500,1.4,1.4,1.6
2025-08-11,2025-08-11 13:54:05.000,MO2508-C-7500,1.4,1.4,1.6
2025-08-11,2025-08-11 13:54:07.000,MO2508-C-7500,1.4,1.4,1.6
2025-08-11,2025-08-11 13:54:09.500,MO2508-C-7500,1.4,1.4,1.6
2025-08-11,2025-08-11 13:54:10.000,MO2508-C-7500,1.4,1.4,1.6
2025-08-11,2025-08-11 13:54:12.000,MO2508-C-7500,1.4,1.4,1.6
2025-08-11,2025-08-11 13:54:14.500,MO2508-C-7500,1.4,1.4,1.6
2025-08-11,2025-08-11 13:54:15.000,MO2508-C-7500,1.4,1.4,1.6
2025-08-11,2025-08-11 13:54:24.500,MO2508-C-7500,1.4,1.4,1.6
2025-08-11,2025-08-11 13:54:25.000,MO2508-C-7500,1.4,1.4,1.6
2025-08-11,2025-08-11 13:54:27.000,MO2508-C-7500,1.4,1.4,1.6
2025-08-11,2025-08-11 13:54:32.000,MO2508-C-7500,1.4,1.4,1.6
2025-08-11,2025-08-11 13:54:34.500,MO2508-C-7500,1.4,1.4,1.6
2025-08-11,2025-08-11 13:54:35.000,MO2508-C-7500,1.4,1.4,1.6
2025-08-11,2025-08-11 13:54:44.500,MO2508-C-7500,1.4,1.4,1.6
2025-08-11,2025-08-11 13:54:45.000,MO2508-C-7500,1.4,1.4,1.6
2025-08-11,2025-08-11 13:54:54.500,MO2508-C-7500,1.4,1.4,1.6
2025-08-11,2025-08-11 13:54:55.000,MO2508-C-7500,1.4,1.4,1.6
2025-08-11,2025-08-11 13:55:04.500,MO2508-C-7500,1.4,1.4,1.6
2025-08-11,2025-08-11 13:55:05.000,MO2508-C-7500,1.4,1.4,1.6
2025-08-11,2025-08-11 13:55:14.500,MO2508-C-7500,1.4,1.4,1.6
2025-08-11,2025-08-11 13:55:15.000,MO2508-C-7500,1.4,1.4,1.6
2025-08-11,2025-08-11 13:55:24.500,MO2508-C-7500,1.4,1.4,1.6
2025-08-11,2025-08-11 13:55:25.000,MO2508-C-7500,1.4,1.4,1.6
2025-08-11,2025-08-11 13:55:34.500,MO2508-C-7500,1.4,1.4,1.6
2025-08-11,2025-08-11 13:55:35.000,MO2508-C-7500,1.4,1.4,1.6
2025-08-11,2025-08-11 13:55:44.500,MO2508-C-7500,1.4,1.4,1.6
2025-08-11,2025-08-11 13:55:45.000,MO2508-C-7500,1.4,1.4,1.6
2025-08-11,2025-08-11 13:55:54.500,MO2508-C-7500,1.4,1.4,1.6
2025-08-11,2025-08-11 13:55:55.000,MO2508-C-7500,1.4,1.4,1.6
2025-08-11,2025-08-11 13:56:04.500,MO2508-C-7500,1.4,1.4,1.6
2025-08-11,2025-08-11 13:56:05.000,MO2508-C-7500,1.4,1.4,1.6
2025-08-11,2025-08-11 13:56:14.500,MO2508-C-7500,1.4,1.4,1.6
2025-08-11,2025-08-11 13:56:15.000,MO2508-C-7500,1.4,1.4,1.6
2025-08-11,2025-08-11 13:56:24.500,MO2508-C-7500,1.4,1.4,1.6
2025-08-11,2025-08-11 13:56:25.000,MO2508-C-7500,1.4,1.4,1.6
2025-08-11,2025-08-11 13:56:26.500,MO2508-C-7500,1.4,1.4,1.6
2025-08-11,2025-08-11 13:56:27.000,MO2508-C-7500,1.4,1.4,1.6
2025-08-11,2025-08-11 13:56:27.500,MO2508-C-7500,1.4,1.4,1.6
2025-08-11,2025-08-11 13:56:34.500,MO2508-C-7500,1.4,1.4,1.6
2025-08-11,2025-08-11 13:56:35.000,MO2508-C-7500,1.4,1.4,1.6
2025-08-11,2025-08-11 13:56:35.500,MO2508-C-7500,1.4,1.4,1.6
2025-08-11,2025-08-11 13:56:44.500,MO2508-C-7500,1.4,1.4,1.6
2025-08-11,2025-08-11 13:56:45.000,MO2508-C-7500,1.4,1.4,1.6
2025-08-11,2025-08-11 13:56:45.500,MO2508-C-7500,1.4,1.4,1.6
2025-08-11,2025-08-11 13:56:54.500,MO2508-C-7500,1.4,1.4,1.6
2025-08-11,2025-08-11 13:56:55.000,MO2508-C-7500,1.4,1.4,1.6
2025-08-11,2025-08-11 13:56:55.500,MO2508-C-7500,1.4,1.4,1.6
2025-08-11,2025-08-11 13:57:04.500,MO2508-C-7500,1.4,1.4,1.6
2025-08-11,2025-08-11 13:57:05.000,MO2508-C-7500,1.4,1.4,1.6
2025-08-11,2025-08-11 13:57:05.500,MO2508-C-7500,1.4,1.4,1.6
2025-08-11,2025-08-11 13:57:14.500,MO2508-C-7500,1.4,1.4,1.6
2025-08-11,2025-08-11 13:57:15.000,MO2508-C-7500,1.4,1.4,1.6
2025-08-11,2025-08-11 13:57:15.500,MO2508-C-7500,1.4,1.4,1.6
2025-08-11,2025-08-11 13:57:24.500,MO2508-C-7500,1.4,1.4,1.6
2025-08-11,2025-08-11 13:57:25.000,MO2508-C-7500,1.4,1.4,1.6
2025-08-11,2025-08-11 13:57:25.500,MO2508-C-7500,1.4,1.4,1.6
2025-08-11,2025-08-11 13:57:26.500,MO2508-C-7500,1.4,1.4,1.6
2025-08-11,2025-08-11 13:57:34.500,MO2508-C-7500,1.4,1.4,1.6
2025-08-11,2025-08-11 13:57:35.000,MO2508-C-7500,1.4,1.4,1.6
2025-08-11,2025-08-11 13:57:35.500,MO2508-C-7500,1.4,1.4,1.6
2025-08-11,2025-08-11 13:57:44.500,MO2508-C-7500,1.4,1.4,1.6
2025-08-11,2025-08-11 13:57:45.000,MO2508-C-7500,1.4,1.4,1.6
2025-08-11,2025-08-11 13:57:45.500,MO2508-C-7500,1.4,1.4,1.6
2025-08-11,2025-08-11 13:57:53.500,MO2508-C-7500,1.4,1.4,1.6
2025-08-11,2025-08-11 13:57:54.500,MO2508-C-7500,1.4,1.4,1.6
2025-08-11,2025-08-11 13:57:55.000,MO2508-C-7500,1.4,1.4,1.6
2025-08-11,2025-08-11 13:57:55.500,MO2508-C-7500,1.4,1.4,1.6
2025-08-11,2025-08-11 13:57:57.500,MO2508-C-7500,1.4,1.4,1.6
2025-08-11,2025-08-11 13:57:58.000,MO2508-C-7500,1.4,1.4,1.6
2025-08-11,2025-08-11 13:58:04.500,MO2508-C-7500,1.4,1.4,1.6
2025-08-11,2025-08-11 13:58:05.000,MO2508-C-7500,1.4,1.4,1.6
2025-08-11,2025-08-11 13:58:07.000,MO2508-C-7500,1.4,1.4,1.6
2025-08-11,2025-08-11 13:58:07.500,MO2508-C-7500,1.4,1.4,1.6
2025-08-11,2025-08-11 13:58:12.000,MO2508-C-7500,1.4,1.4,1.6
2025-08-11,2025-08-11 13:58:12.500,MO2508-C-7500,1.4,1.4,1.6
2025-08-11,2025-08-11 13:58:13.500,MO2508-C-7500,1.4,1.4,1.6
2025-08-11,2025-08-11 13:58:14.500,MO2508-C-7500,1.4,1.4,1.6
2025-08-11,2025-08-11 13:58:15.000,MO2508-C-7500,1.4,1.4,1.6
2025-08-11,2025-08-11 13:58:17.000,MO2508-C-7500,1.4,1.4,1.6
2025-08-11,2025-08-11 13:58:17.500,MO2508-C-7500,1.4,1.4,1.6
2025-08-11,2025-08-11 13:58:24.500,MO2508-C-7500,1.4,1.4,1.6
2025-08-11,2025-08-11 13:58:25.000,MO2508-C-7500,1.4,1.4,1.6
2025-08-11,2025-08-11 13:58:34.500,MO2508-C-7500,1.4,1.4,1.6
2025-08-11,2025-08-11 13:58:35.000,MO2508-C-7500,1.4,1.4,1.6
2025-08-11,2025-08-11 13:58:40.000,MO2508-C-7500,1.4,1.4,1.6
2025-08-11,2025-08-11 13:58:40.500,MO2508-C-7500,1.4,1.4,1.6
2025-08-11,2025-08-11 13:58:42.500,MO2508-C-7500,1.4,1.4,1.6
2025-08-11,2025-08-11 13:58:43.000,MO2508-C-7500,1.4,1.4,1.6
2025-08-11,2025-08-11 13:58:44.500,MO2508-C-7500,1.4,1.4,1.6
2025-08-11,2025-08-11 13:58:45.000,MO2508-C-7500,1.4,1.4,1.6
2025-08-11,2025-08-11 13:58:47.000,MO2508-C-7500,1.4,1.4,1.6
2025-08-11,2025-08-11 13:58:47.500,MO2508-C-7500,1.4,1.4,1.6
2025-08-11,2025-08-11 13:58:48.000,MO2508-C-7500,1.4,1.4,1.6
2025-08-11,2025-08-11 13:58:52.500,MO2508-C-7500,1.4,1.4,1.6
2025-08-11,2025-08-11 13:58:53.000,MO2508-C-7500,1.4,1.4,1.6
2025-08-11,2025-08-11 13:58:54.500,MO2508-C-7500,1.4,1.4,1.6
2025-08-11,2025-08-11 13:58:55.000,MO2508-C-7500,1.4,1.4,1.6
2025-08-11,2025-08-11 13:58:55.500,MO2508-C-7500,1.4,1.4,1.6
2025-08-11,2025-08-11 13:59:04.500,MO2508-C-7500,1.4,1.4,1.6
2025-08-11,2025-08-11 13:59:05.000,MO2508-C-7500,1.4,1.4,1.6
2025-08-11,2025-08-11 13:59:05.500,MO2508-C-7500,1.4,1.4,1.6
2025-08-11,2025-08-11 13:59:14.500,MO2508-C-7500,1.4,1.4,1.6
2025-08-11,2025-08-11 13:59:15.000,MO2508-C-7500,1.4,1.4,1.6
2025-08-11,2025-08-11 13:59:15.500,MO2508-C-7500,1.4,1.4,1.6
2025-08-11,2025-08-11 13:59:24.500,MO2508-C-7500,1.4,1.4,1.6
2025-08-11,2025-08-11 13:59:25.000,MO2508-C-7500,1.4,1.4,1.6
2025-08-11,2025-08-11 13:59:25.500,MO2508-C-7500,1.4,1.4,1.6
2025-08-11,2025-08-11 13:59:34.500,MO2508-C-7500,1.4,1.4,1.6
2025-08-11,2025-08-11 13:59:35.000,MO2508-C-7500,1.4,1.4,1.6
2025-08-11,2025-08-11 13:59:35.500,MO2508-C-7500,1.4,1.4,1.6
2025-08-11,2025-08-11 13:59:44.500,MO2508-C-7500,1.4,1.4,1.6
2025-08-11,2025-08-11 13:59:45.000,MO2508-C-7500,1.4,1.4,1.6
2025-08-11,2025-08-11 13:59:45.500,MO2508-C-7500,1.4,1.4,1.6
2025-08-11,2025-08-11 13:59:54.500,MO2508-C-7500,1.4,1.4,1.6
2025-08-11,2025-08-11 13:59:55.000,MO2508-C-7500,1.4,1.4,1.6
2025-08-11,2025-08-11 13:59:55.500,MO2508-C-7500,1.4,1.4,1.6
2025-08-11,2025-08-11 14:00:04.500,MO2508-C-7500,1.4,1.4,1.6
2025-08-11,2025-08-11 14:00:05.000,MO2508-C-7500,1.4,1.4,1.6
2025-08-11,2025-08-11 14:00:05.500,MO2508-C-7500,1.4,1.4,1.6
2025-08-11,2025-08-11 14:00:08.500,MO2508-C-7500,1.4,1.4,1.6
2025-08-11,2025-08-11 14:00:09.500,MO2508-C-7500,1.4,1.4,1.6
2025-08-11,2025-08-11 14:00:10.500,MO2508-C-7500,1.4,1.4,1.6
2025-08-11,2025-08-11 14:00:14.500,MO2508-C-7500,1.4,1.4,1.6
2025-08-11,2025-08-11 14:00:15.000,MO2508-C-7500,1.4,1.4,1.6
2025-08-11,2025-08-11 14:00:23.000,MO2508-C-7500,1.4,1.4,1.6
2025-08-11,2025-08-11 14:00:24.500,MO2508-C-7500,1.4,1.4,1.6
2025-08-11,2025-08-11 14:00:25.000,MO2508-C-7500,1.4,1.4,1.6
2025-08-11,2025-08-11 14:00:33.000,MO2508-C-7500,1.4,1.4,1.6
2025-08-11,2025-08-11 14:00:34.500,MO2508-C-7500,1.4,1.4,1.6
2025-08-11,2025-08-11 14:00:35.000,MO2508-C-7500,1.4,1.4,1.6
2025-08-11,2025-08-11 14:00:38.500,MO2508-C-7500,1.4,1.4,1.6
2025-08-11,2025-08-11 14:00:44.000,MO2508-C-7500,1.4,1.4,1.6
2025-08-11,2025-08-11 14:00:44.500,MO2508-C-7500,1.4,1.4,1.6
2025-08-11,2025-08-11 14:00:45.000,MO2508-C-7500,1.4,1.4,1.6
2025-08-11,2025-08-11 14:00:54.500,MO2508-C-7500,1.4,1.4,1.6
2025-08-11,2025-08-11 14:00:55.000,MO2508-C-7500,1.4,1.4,1.6
2025-08-11,2025-08-11 14:01:04.500,MO2508-C-7500,1.4,1.4,1.6
2025-08-11,2025-08-11 14:01:05.000,MO2508-C-7500,1.4,1.4,1.6
2025-08-11,2025-08-11 14:01:05.500,MO2508-C-7500,1.4,1.4,1.6
2025-08-11,2025-08-11 14:01:06.500,MO2508-C-7500,1.4,1.4,1.6
2025-08-11,2025-08-11 14:01:13.000,MO2508-C-7500,1.4,1.4,1.6
2025-08-11,2025-08-11 14:01:13.500,MO2508-C-7500,1.4,1.4,1.6
2025-08-11,2025-08-11 14:01:14.500,MO2508-C-7500,1.4,1.4,1.6
2025-08-11,2025-08-11 14:01:15.000,MO2508-C-7500,1.4,1.4,1.6
2025-08-11,2025-08-11 14:01:18.000,MO2508-C-7500,1.4,1.4,1.6
2025-08-11,2025-08-11 14:01:18.500,MO2508-C-7500,1.4,1.4,1.6
2025-08-11,2025-08-11 14:01:20.500,MO2508-C-7500,1.6,1.4,1.6
2025-08-11,2025-08-11 14:01:24.500,MO2508-C-7500,1.6,1.4,1.6
2025-08-11,2025-08-11 14:01:25.000,MO2508-C-7500,1.6,1.4,1.6
2025-08-11,2025-08-11 14:01:26.500,MO2508-C-7500,1.6,1.4,1.6
2025-08-11,2025-08-11 14:01:28.000,MO2508-C-7500,1.6,1.4,1.6
2025-08-11,2025-08-11 14:01:31.500,MO2508-C-7500,1.6,1.4,1.6
2025-08-11,2025-08-11 14:01:32.000,MO2508-C-7500,1.6,1.4,1.6
2025-08-11,2025-08-11 14:01:34.500,MO2508-C-7500,1.6,1.4,1.6
2025-08-11,2025-08-11 14:01:35.000,MO2508-C-7500,1.6,1.4,1.6
2025-08-11,2025-08-11 14:01:36.500,MO2508-C-7500,1.6,1.4,1.6
2025-08-11,2025-08-11 14:01:44.500,MO2508-C-7500,1.6,1.4,1.6
2025-08-11,2025-08-11 14:01:45.000,MO2508-C-7500,1.6,1.4,1.6
2025-08-11,2025-08-11 14:01:47.000,MO2508-C-7500,1.6,1.4,1.6
2025-08-11,2025-08-11 14:01:51.000,MO2508-C-7500,1.6,1.4,1.6
2025-08-11,2025-08-11 14:01:51.500,MO2508-C-7500,1.6,1.4,1.6
2025-08-11,2025-08-11 14:01:52.500,MO2508-C-7500,1.6,1.4,1.6
2025-08-11,2025-08-11 14:01:54.500,MO2508-C-7500,1.6,1.4,1.6
2025-08-11,2025-08-11 14:01:55.000,MO2508-C-7500,1.6,1.4,1.6
2025-08-11,2025-08-11 14:01:55.500,MO2508-C-7500,1.6,1.4,1.6
2025-08-11,2025-08-11 14:01:57.500,MO2508-C-7500,1.6,1.4,1.6
2025-08-11,2025-08-11 14:01:58.000,MO2508-C-7500,1.6,1.4,1.6
2025-08-11,2025-08-11 14:02:00.000,MO2508-C-7500,1.6,1.4,1.6
2025-08-11,2025-08-11 14:02:03.500,MO2508-C-7500,1.6,1.4,1.6
2025-08-11,2025-08-11 14:02:04.500,MO2508-C-7500,1.6,1.4,1.6
2025-08-11,2025-08-11 14:02:05.000,MO2508-C-7500,1.6,1.4,1.6
2025-08-11,2025-08-11 14:02:08.500,MO2508-C-7500,1.6,1.4,1.6
2025-08-11,2025-08-11 14:02:12.000,MO2508-C-7500,1.6,1.4,1.6
2025-08-11,2025-08-11 14:02:14.000,MO2508-C-7500,1.6,1.4,1.6
2025-08-11,2025-08-11 14:02:14.500,MO2508-C-7500,1.6,1.4,1.6
2025-08-11,2025-08-11 14:02:15.000,MO2508-C-7500,1.6,1.4,1.6
2025-08-11,2025-08-11 14:02:24.500,MO2508-C-7500,1.6,1.4,1.6
2025-08-11,2025-08-11 14:02:25.000,MO2508-C-7500,1.6,1.4,1.6
2025-08-11,2025-08-11 14:02:28.500,MO2508-C-7500,1.6,1.4,1.6
2025-08-11,2025-08-11 14:02:34.500,MO2508-C-7500,1.6,1.4,1.6
2025-08-11,2025-08-11 14:02:35.000,MO2508-C-7500,1.6,1.4,1.6
2025-08-11,2025-08-11 14:02:44.500,MO2508-C-7500,1.6,1.4,1.6
2025-08-11,2025-08-11 14:02:45.000,MO2508-C-7500,1.6,1.4,1.6
2025-08-11,2025-08-11 14:02:54.500,MO2508-C-7500,1.6,1.4,1.6
2025-08-11,2025-08-11 14:02:55.000,MO2508-C-7500,1.6,1.4,1.6
2025-08-11,2025-08-11 14:02:57.500,MO2508-C-7500,1.6,1.4,1.6
2025-08-11,2025-08-11 14:02:58.500,MO2508-C-7500,1.6,1.4,1.6
2025-08-11,2025-08-11 14:03:00.500,MO2508-C-7500,1.6,1.4,1.6
2025-08-11,2025-08-11 14:03:04.500,MO2508-C-7500,1.6,1.4,1.6
2025-08-11,2025-08-11 14:03:05.000,MO2508-C-7500,1.6,1.4,1.6
2025-08-11,2025-08-11 14:03:08.500,MO2508-C-7500,1.6,1.4,1.6
2025-08-11,2025-08-11 14:03:09.500,MO2508-C-7500,1.6,1.4,1.6
2025-08-11,2025-08-11 14:03:14.500,MO2508-C-7500,1.6,1.4,1.6
2025-08-11,2025-08-11 14:03:15.000,MO2508-C-7500,1.6,1.4,1.6
2025-08-11,2025-08-11 14:03:23.000,MO2508-C-7500,1.6,1.4,1.6
2025-08-11,2025-08-11 14:03:23.500,MO2508-C-7500,1.6,1.4,1.6
2025-08-11,2025-08-11 14:03:24.000,MO2508-C-7500,1.6,1.4,1.6
2025-08-11,2025-08-11 14:03:24.500,MO2508-C-7500,1.6,1.4,1.6
2025-08-11,2025-08-11 14:03:25.000,MO2508-C-7500,1.6,1.4,1.6
2025-08-11,2025-08-11 14:03:25.500,MO2508-C-7500,1.6,1.4,1.6
2025-08-11,2025-08-11 14:03:26.000,MO2508-C-7500,1.6,1.4,1.6
2025-08-11,2025-08-11 14:03:26.500,MO2508-C-7500,1.6,1.6,1.8
2025-08-11,2025-08-11 14:03:27.000,MO2508-C-7500,1.6,1.6,1.8
2025-08-11,2025-08-11 14:03:27.500,MO2508-C-7500,1.6,1.6,1.8
2025-08-11,2025-08-11 14:03:28.000,MO2508-C-7500,1.6,1.6,1.8
2025-08-11,2025-08-11 14:03:33.500,MO2508-C-7500,1.6,1.6,1.8
2025-08-11,2025-08-11 14:03:34.000,MO2508-C-7500,1.6,1.6,1.8
2025-08-11,2025-08-11 14:03:34.500,MO2508-C-7500,1.6,1.6,1.8
2025-08-11,2025-08-11 14:03:35.000,MO2508-C-7500,1.6,1.6,1.8
2025-08-11,2025-08-11 14:03:36.000,MO2508-C-7500,1.6,1.6,1.8
2025-08-11,2025-08-11 14:03:37.500,MO2508-C-7500,1.6,1.6,1.8
2025-08-11,2025-08-11 14:03:38.000,MO2508-C-7500,1.6,1.6,1.8
2025-08-11,2025-08-11 14:03:38.500,MO2508-C-7500,1.6,1.6,1.8
2025-08-11,2025-08-11 14:03:43.000,MO2508-C-7500,1.6,1.6,1.8
2025-08-11,2025-08-11 14:03:43.500,MO2508-C-7500,1.6,1.6,1.8
2025-08-11,2025-08-11 14:03:44.000,MO2508-C-7500,1.6,1.6,1.8
2025-08-11,2025-08-11 14:03:44.500,MO2508-C-7500,1.6,1.6,1.8
2025-08-11,2025-08-11 14:03:45.000,MO2508-C-7500,1.6,1.6,1.8
2025-08-11,2025-08-11 14:03:46.500,MO2508-C-7500,1.6,1.6,1.8
2025-08-11,2025-08-11 14:03:54.000,MO2508-C-7500,1.6,1.6,1.8
2025-08-11,2025-08-11 14:03:54.500,MO2508-C-7500,1.6,1.6,1.8
2025-08-11,2025-08-11 14:03:55.000,MO2508-C-7500,1.6,1.6,1.8
2025-08-11,2025-08-11 14:03:56.000,MO2508-C-7500,1.6,1.6,1.8
2025-08-11,2025-08-11 14:04:04.500,MO2508-C-7500,1.6,1.6,1.8
2025-08-11,2025-08-11 14:04:05.000,MO2508-C-7500,1.6,1.6,1.8
2025-08-11,2025-08-11 14:04:08.500,MO2508-C-7500,1.6,1.6,1.8
2025-08-11,2025-08-11 14:04:14.500,MO2508-C-7500,1.6,1.6,1.8
2025-08-11,2025-08-11 14:04:15.000,MO2508-C-7500,1.6,1.6,1.8
2025-08-11,2025-08-11 14:04:19.500,MO2508-C-7500,1.6,1.6,1.8
2025-08-11,2025-08-11 14:04:20.500,MO2508-C-7500,1.6,1.6,1.8
2025-08-11,2025-08-11 14:04:21.000,MO2508-C-7500,1.6,1.6,1.8
2025-08-11,2025-08-11 14:04:23.500,MO2508-C-7500,1.6,1.6,1.8
2025-08-11,2025-08-11 14:04:24.000,MO2508-C-7500,1.6,1.6,1.8
2025-08-11,2025-08-11 14:04:24.500,MO2508-C-7500,1.6,1.6,1.8
2025-08-11,2025-08-11 14:04:25.000,MO2508-C-7500,1.6,1.6,1.8
2025-08-11,2025-08-11 14:04:25.500,MO2508-C-7500,1.6,1.6,1.8
2025-08-11,2025-08-11 14:04:27.500,MO2508-C-7500,1.6,1.6,1.8
2025-08-11,2025-08-11 14:04:34.500,MO2508-C-7500,1.6,1.6,1.8
2025-08-11,2025-08-11 14:04:35.000,MO2508-C-7500,1.6,1.6,1.8
2025-08-11,2025-08-11 14:04:43.000,MO2508-C-7500,1.6,1.6,1.8
2025-08-11,2025-08-11 14:04:44.500,MO2508-C-7500,1.6,1.6,1.8
2025-08-11,2025-08-11 14:04:45.000,MO2508-C-7500,1.6,1.6,1.8
2025-08-11,2025-08-11 14:04:45.500,MO2508-C-7500,1.6,1.6,1.8
2025-08-11,2025-08-11 14:04:50.000,MO2508-C-7500,1.6,1.6,1.8
2025-08-11,2025-08-11 14:04:54.500,MO2508-C-7500,1.6,1.6,1.8
2025-08-11,2025-08-11 14:04:55.000,MO2508-C-7500,1.6,1.6,1.8
2025-08-11,2025-08-11 14:04:57.500,MO2508-C-7500,1.6,1.6,1.8
2025-08-11,2025-08-11 14:04:58.000,MO2508-C-7500,1.6,1.6,1.8
2025-08-11,2025-08-11 14:04:58.500,MO2508-C-7500,1.6,1.6,1.8
2025-08-11,2025-08-11 14:05:04.500,MO2508-C-7500,1.6,1.6,1.8
2025-08-11,2025-08-11 14:05:05.000,MO2508-C-7500,1.6,1.6,1.8
2025-08-11,2025-08-11 14:05:14.500,MO2508-C-7500,1.6,1.6,1.8
2025-08-11,2025-08-11 14:05:15.000,MO2508-C-7500,1.6,1.6,1.8
2025-08-11,2025-08-11 14:05:21.500,MO2508-C-7500,1.6,1.6,1.8
2025-08-11,2025-08-11 14:05:23.500,MO2508-C-7500,1.6,1.6,1.8
2025-08-11,2025-08-11 14:05:24.500,MO2508-C-7500,1.6,1.6,1.8
2025-08-11,2025-08-11 14:05:25.000,MO2508-C-7500,1.6,1.6,1.8
2025-08-11,2025-08-11 14:05:28.000,MO2508-C-7500,1.6,1.6,1.8
2025-08-11,2025-08-11 14:05:33.000,MO2508-C-7500,1.6,1.6,1.8
2025-08-11,2025-08-11 14:05:34.500,MO2508-C-7500,1.6,1.6,1.8
2025-08-11,2025-08-11 14:05:35.000,MO2508-C-7500,1.6,1.6,1.8
2025-08-11,2025-08-11 14:05:38.000,MO2508-C-7500,1.6,1.6,1.8
2025-08-11,2025-08-11 14:05:41.000,MO2508-C-7500,1.6,1.6,1.8
2025-08-11,2025-08-11 14:05:41.500,MO2508-C-7500,1.6,1.6,1.8
2025-08-11,2025-08-11 14:05:44.500,MO2508-C-7500,1.6,1.6,1.8
2025-08-11,2025-08-11 14:05:45.000,MO2508-C-7500,1.6,1.6,1.8
2025-08-11,2025-08-11 14:05:52.500,MO2508-C-7500,1.6,1.6,1.8
2025-08-11,2025-08-11 14:05:54.500,MO2508-C-7500,1.6,1.6,1.8
2025-08-11,2025-08-11 14:05:55.000,MO2508-C-7500,1.6,1.6,1.8
2025-08-11,2025-08-11 14:05:56.000,MO2508-C-7500,1.6,1.6,1.8
2025-08-11,2025-08-11 14:06:00.000,MO2508-C-7500,1.6,1.6,1.8
2025-08-11,2025-08-11 14:06:00.500,MO2508-C-7500,1.6,1.6,1.8
2025-08-11,2025-08-11 14:06:03.000,MO2508-C-7500,1.6,1.6,1.8
2025-08-11,2025-08-11 14:06:04.500,MO2508-C-7500,1.6,1.6,1.8
2025-08-11,2025-08-11 14:06:05.000,MO2508-C-7500,1.6,1.6,1.8
2025-08-11,2025-08-11 14:06:05.500,MO2508-C-7500,1.6,1.6,1.8
2025-08-11,2025-08-11 14:06:06.000,MO2508-C-7500,1.6,1.6,1.8
2025-08-11,2025-08-11 14:06:06.500,MO2508-C-7500,1.6,1.6,1.8
2025-08-11,2025-08-11 14:06:07.000,MO2508-C-7500,1.6,1.4,1.8
2025-08-11,2025-08-11 14:06:07.500,MO2508-C-7500,1.6,1.4,1.8
2025-08-11,2025-08-11 14:06:08.000,MO2508-C-7500,1.6,1.4,1.8
2025-08-11,2025-08-11 14:06:11.500,MO2508-C-7500,1.6,1.4,1.8
2025-08-11,2025-08-11 14:06:12.000,MO2508-C-7500,1.6,1.4,1.6
2025-08-11,2025-08-11 14:06:12.500,MO2508-C-7500,1.6,1.4,1.6
2025-08-11,2025-08-11 14:06:13.000,MO2508-C-7500,1.6,1.4,1.6
2025-08-11,2025-08-11 14:06:14.500,MO2508-C-7500,1.6,1.4,1.8
2025-08-11,2025-08-11 14:06:15.000,MO2508-C-7500,1.6,1.4,1.8
2025-08-11,2025-08-11 14:06:18.000,MO2508-C-7500,1.6,1.4,1.8
2025-08-11,2025-08-11 14:06:18.500,MO2508-C-7500,1.6,1.4,1.8
2025-08-11,2025-08-11 14:06:24.500,MO2508-C-7500,1.6,1.4,1.8
2025-08-11,2025-08-11 14:06:25.000,MO2508-C-7500,1.6,1.4,1.8
2025-08-11,2025-08-11 14:06:27.000,MO2508-C-7500,1.6,1.4,1.8
2025-08-11,2025-08-11 14:06:32.000,MO2508-C-7500,1.6,1.4,1.8
2025-08-11,2025-08-11 14:06:32.500,MO2508-C-7500,1.6,1.4,1.8
2025-08-11,2025-08-11 14:06:34.500,MO2508-C-7500,1.6,1.4,1.8
2025-08-11,2025-08-11 14:06:35.000,MO2508-C-7500,1.6,1.4,1.8
2025-08-11,2025-08-11 14:06:41.000,MO2508-C-7500,1.6,1.4,1.8
2025-08-11,2025-08-11 14:06:44.500,MO2508-C-7500,1.6,1.4,1.8
2025-08-11,2025-08-11 14:06:45.000,MO2508-C-7500,1.6,1.4,1.8
2025-08-11,2025-08-11 14:06:46.500,MO2508-C-7500,1.6,1.4,1.8
2025-08-11,2025-08-11 14:06:47.500,MO2508-C-7500,1.6,1.4,1.8
2025-08-11,2025-08-11 14:06:51.000,MO2508-C-7500,1.6,1.4,1.6
2025-08-11,2025-08-11 14:06:51.500,MO2508-C-7500,1.6,1.4,1.6
2025-08-11,2025-08-11 14:06:52.000,MO2508-C-7500,1.6,1.4,1.6
2025-08-11,2025-08-11 14:06:53.000,MO2508-C-7500,1.6,1.4,1.6
2025-08-11,2025-08-11 14:06:54.500,MO2508-C-7500,1.6,1.4,1.6
2025-08-11,2025-08-11 14:06:55.000,MO2508-C-7500,1.6,1.4,1.6
2025-08-11,2025-08-11 14:06:55.500,MO2508-C-7500,1.6,1.4,1.6
2025-08-11,2025-08-11 14:07:03.500,MO2508-C-7500,1.6,1.4,1.6
2025-08-11,2025-08-11 14:07:04.500,MO2508-C-7500,1.6,1.4,1.6
2025-08-11,2025-08-11 14:07:05.000,MO2508-C-7500,1.6,1.4,1.6
2025-08-11,2025-08-11 14:07:05.500,MO2508-C-7500,1.6,1.4,1.6
2025-08-11,2025-08-11 14:07:06.000,MO2508-C-7500,1.6,1.4,1.6
2025-08-11,2025-08-11 14:07:06.500,MO2508-C-7500,1.6,1.4,1.6
2025-08-11,2025-08-11 14:07:07.000,MO2508-C-7500,1.6,1.4,1.6
2025-08-11,2025-08-11 14:07:07.500,MO2508-C-7500,1.6,1.4,1.6
2025-08-11,2025-08-11 14:07:08.000,MO2508-C-7500,1.6,1.4,1.6
2025-08-11,2025-08-11 14:07:11.000,MO2508-C-7500,1.6,1.4,1.6
2025-08-11,2025-08-11 14:07:11.500,MO2508-C-7500,1.6,1.4,1.6
2025-08-11,2025-08-11 14:07:12.500,MO2508-C-7500,1.6,1.4,1.6
2025-08-11,2025-08-11 14:07:13.000,MO2508-C-7500,1.6,1.4,1.6
2025-08-11,2025-08-11 14:07:14.500,MO2508-C-7500,1.6,1.4,1.6
2025-08-11,2025-08-11 14:07:15.000,MO2508-C-7500,1.6,1.4,1.6
2025-08-11,2025-08-11 14:07:22.500,MO2508-C-7500,1.6,1.4,1.6
2025-08-11,2025-08-11 14:07:23.000,MO2508-C-7500,1.6,1.4,1.6
2025-08-11,2025-08-11 14:07:23.500,MO2508-C-7500,1.6,1.4,1.6
2025-08-11,2025-08-11 14:07:24.500,MO2508-C-7500,1.6,1.4,1.6
2025-08-11,2025-08-11 14:07:25.000,MO2508-C-7500,1.6,1.4,1.6
2025-08-11,2025-08-11 14:07:25.500,MO2508-C-7500,1.6,1.4,1.6
2025-08-11,2025-08-11 14:07:34.500,MO2508-C-7500,1.6,1.4,1.6
2025-08-11,2025-08-11 14:07:35.000,MO2508-C-7500,1.6,1.4,1.6
2025-08-11,2025-08-11 14:07:35.500,MO2508-C-7500,1.6,1.4,1.6
2025-08-11,2025-08-11 14:07:43.500,MO2508-C-7500,1.6,1.4,1.6
2025-08-11,2025-08-11 14:07:44.500,MO2508-C-7500,1.6,1.4,1.6
2025-08-11,2025-08-11 14:07:45.000,MO2508-C-7500,1.6,1.4,1.6
2025-08-11,2025-08-11 14:07:45.500,MO2508-C-7500,1.6,1.4,1.6
2025-08-11,2025-08-11 14:07:54.500,MO2508-C-7500,1.6,1.4,1.6
2025-08-11,2025-08-11 14:07:55.000,MO2508-C-7500,1.6,1.4,1.6
2025-08-11,2025-08-11 14:07:55.500,MO2508-C-7500,1.6,1.4,1.6
2025-08-11,2025-08-11 14:07:59.000,MO2508-C-7500,1.6,1.4,1.6
2025-08-11,2025-08-11 14:07:59.500,MO2508-C-7500,1.6,1.4,1.6
2025-08-11,2025-08-11 14:08:04.500,MO2508-C-7500,1.6,1.4,1.6
2025-08-11,2025-08-11 14:08:05.000,MO2508-C-7500,1.6,1.4,1.6
2025-08-11,2025-08-11 14:08:05.500,MO2508-C-7500,1.6,1.4,1.6
2025-08-11,2025-08-11 14:08:06.000,MO2508-C-7500,1.6,1.4,1.6
2025-08-11,2025-08-11 14:08:07.500,MO2508-C-7500,1.6,1.4,1.6
2025-08-11,2025-08-11 14:08:08.000,MO2508-C-7500,1.6,1.2,1.4
2025-08-11,2025-08-11 14:08:08.500,MO2508-C-7500,1.6,1.2,1.4
2025-08-11,2025-08-11 14:08:09.000,MO2508-C-7500,1.6,1.2,1.4
2025-08-11,2025-08-11 14:08:10.500,MO2508-C-7500,1.6,1.2,1.4
2025-08-11,2025-08-11 14:08:11.000,MO2508-C-7500,1.6,1.2,1.4
2025-08-11,2025-08-11 14:08:11.500,MO2508-C-7500,1.6,1.2,1.4
2025-08-11,2025-08-11 14:08:13.500,MO2508-C-7500,1.6,1.2,1.4
2025-08-11,2025-08-11 14:08:14.500,MO2508-C-7500,1.6,1.2,1.4
2025-08-11,2025-08-11 14:08:15.000,MO2508-C-7500,1.6,1.2,1.4
2025-08-11,2025-08-11 14:08:16.500,MO2508-C-7500,1.6,1.2,1.4
2025-08-11,2025-08-11 14:08:19.000,MO2508-C-7500,1.6,1.2,1.4
2025-08-11,2025-08-11 14:08:19.500,MO2508-C-7500,1.6,1.2,1.4
2025-08-11,2025-08-11 14:08:20.000,MO2508-C-7500,1.6,1.2,1.4
2025-08-11,2025-08-11 14:08:21.500,MO2508-C-7500,1.6,1.2,1.4
2025-08-11,2025-08-11 14:08:24.500,MO2508-C-7500,1.6,1.2,1.4
2025-08-11,2025-08-11 14:08:25.000,MO2508-C-7500,1.6,1.2,1.4
2025-08-11,2025-08-11 14:08:25.500,MO2508-C-7500,1.6,1.2,1.4
2025-08-11,2025-08-11 14:08:26.500,MO2508-C-7500,1.6,1.2,1.4
2025-08-11,2025-08-11 14:08:34.500,MO2508-C-7500,1.6,1.2,1.4
2025-08-11,2025-08-11 14:08:35.000,MO2508-C-7500,1.6,1.2,1.4
2025-08-11,2025-08-11 14:08:35.500,MO2508-C-7500,1.6,1.2,1.4
2025-08-11,2025-08-11 14:08:37.000,MO2508-C-7500,1.6,1.2,1.4
2025-08-11,2025-08-11 14:08:37.500,MO2508-C-7500,1.6,1.2,1.4
2025-08-11,2025-08-11 14:08:38.500,MO2508-C-7500,1.6,1.2,1.4
2025-08-11,2025-08-11 14:08:44.500,MO2508-C-7500,1.6,1.2,1.4
2025-08-11,2025-08-11 14:08:45.000,MO2508-C-7500,1.6,1.2,1.4
2025-08-11,2025-08-11 14:08:45.500,MO2508-C-7500,1.6,1.2,1.4
2025-08-11,2025-08-11 14:08:47.500,MO2508-C-7500,1.6,1.2,1.4
2025-08-11,2025-08-11 14:08:48.000,MO2508-C-7500,1.6,1.2,1.4
2025-08-11,2025-08-11 14:08:48.500,MO2508-C-7500,1.6,1.2,1.4
2025-08-11,2025-08-11 14:08:49.000,MO2508-C-7500,1.6,1.2,1.4
2025-08-11,2025-08-11 14:08:49.500,MO2508-C-7500,1.6,1.2,1.4
2025-08-11,2025-08-11 14:08:54.500,MO2508-C-7500,1.6,1.2,1.4
2025-08-11,2025-08-11 14:08:55.000,MO2508-C-7500,1.6,1.2,1.4
2025-08-11,2025-08-11 14:08:59.000,MO2508-C-7500,1.6,1.2,1.4
2025-08-11,2025-08-11 14:08:59.500,MO2508-C-7500,1.6,1.2,1.4
2025-08-11,2025-08-11 14:09:00.000,MO2508-C-7500,1.6,1.2,1.4
2025-08-11,2025-08-11 14:09:01.000,MO2508-C-7500,1.6,1.2,1.4
2025-08-11,2025-08-11 14:09:04.000,MO2508-C-7500,1.6,1.2,1.4
2025-08-11,2025-08-11 14:09:04.500,MO2508-C-7500,1.6,1.2,1.4
2025-08-11,2025-08-11 14:09:05.000,MO2508-C-7500,1.6,1.2,1.4
2025-08-11,2025-08-11 14:09:06.000,MO2508-C-7500,1.6,1.2,1.4
2025-08-11,2025-08-11 14:09:06.500,MO2508-C-7500,1.6,1.2,1.4
2025-08-11,2025-08-11 14:09:08.000,MO2508-C-7500,1.6,1.2,1.4
2025-08-11,2025-08-11 14:09:08.500,MO2508-C-7500,1.6,1.2,1.4
2025-08-11,2025-08-11 14:09:09.000,MO2508-C-7500,1.6,1.2,1.4
2025-08-11,2025-08-11 14:09:09.500,MO2508-C-7500,1.6,1.2,1.4
2025-08-11,2025-08-11 14:09:12.500,MO2508-C-7500,1.6,1.2,1.4
2025-08-11,2025-08-11 14:09:13.000,MO2508-C-7500,1.4,1.2,1.4
2025-08-11,2025-08-11 14:09:13.500,MO2508-C-7500,1.4,1.2,1.4
2025-08-11,2025-08-11 14:09:14.500,MO2508-C-7500,1.4,1.2,1.4
2025-08-11,2025-08-11 14:09:15.000,MO2508-C-7500,1.4,1.2,1.4
2025-08-11,2025-08-11 14:09:15.500,MO2508-C-7500,1.4,1.2,1.4
2025-08-11,2025-08-11 14:09:22.500,MO2508-C-7500,1.4,1.2,1.4
2025-08-11,2025-08-11 14:09:24.500,MO2508-C-7500,1.4,1.2,1.4
2025-08-11,2025-08-11 14:09:25.000,MO2508-C-7500,1.4,1.2,1.4
2025-08-11,2025-08-11 14:09:28.000,MO2508-C-7500,1.4,1.2,1.4
2025-08-11,2025-08-11 14:09:28.500,MO2508-C-7500,1.4,1.2,1.4
2025-08-11,2025-08-11 14:09:29.000,MO2508-C-7500,1.4,1.2,1.4
2025-08-11,2025-08-11 14:09:34.500,MO2508-C-7500,1.4,1.2,1.4
2025-08-11,2025-08-11 14:09:35.000,MO2508-C-7500,1.4,1.2,1.4
2025-08-11,2025-08-11 14:09:40.500,MO2508-C-7500,1.4,1.2,1.4
2025-08-11,2025-08-11 14:09:44.500,MO2508-C-7500,1.4,1.2,1.4
2025-08-11,2025-08-11 14:09:45.000,MO2508-C-7500,1.4,1.2,1.4
2025-08-11,2025-08-11 14:09:47.500,MO2508-C-7500,1.4,1.2,1.4
2025-08-11,2025-08-11 14:09:48.000,MO2508-C-7500,1.4,1.2,1.4
2025-08-11,2025-08-11 14:09:49.000,MO2508-C-7500,1.4,1.2,1.4
2025-08-11,2025-08-11 14:09:54.500,MO2508-C-7500,1.4,1.2,1.4
2025-08-11,2025-08-11 14:09:55.000,MO2508-C-7500,1.4,1.2,1.4
2025-08-11,2025-08-11 14:10:03.500,MO2508-C-7500,1.4,1.2,1.4
2025-08-11,2025-08-11 14:10:04.500,MO2508-C-7500,1.4,1.2,1.4
2025-08-11,2025-08-11 14:10:05.000,MO2508-C-7500,1.4,1.2,1.4
2025-08-11,2025-08-11 14:10:14.500,MO2508-C-7500,1.4,1.2,1.4
2025-08-11,2025-08-11 14:10:15.000,MO2508-C-7500,1.4,1.2,1.4
2025-08-11,2025-08-11 14:10:18.000,MO2508-C-7500,1.4,1.2,1.4
2025-08-11,2025-08-11 14:10:19.500,MO2508-C-7500,1.4,1.2,1.4
2025-08-11,2025-08-11 14:10:24.500,MO2508-C-7500,1.4,1.2,1.4
2025-08-11,2025-08-11 14:10:25.000,MO2508-C-7500,1.4,1.2,1.4
2025-08-11,2025-08-11 14:10:34.500,MO2508-C-7500,1.4,1.2,1.4
2025-08-11,2025-08-11 14:10:35.000,MO2508-C-7500,1.4,1.2,1.4
2025-08-11,2025-08-11 14:10:44.500,MO2508-C-7500,1.4,1.2,1.4
2025-08-11,2025-08-11 14:10:45.000,MO2508-C-7500,1.4,1.2,1.4
2025-08-11,2025-08-11 14:10:54.500,MO2508-C-7500,1.4,1.2,1.4
2025-08-11,2025-08-11 14:10:55.000,MO2508-C-7500,1.4,1.2,1.4
2025-08-11,2025-08-11 14:11:04.500,MO2508-C-7500,1.4,1.2,1.4
2025-08-11,2025-08-11 14:11:05.000,MO2508-C-7500,1.4,1.2,1.4
2025-08-11,2025-08-11 14:11:06.500,MO2508-C-7500,1.4,1.2,1.4
2025-08-11,2025-08-11 14:11:14.500,MO2508-C-7500,1.4,1.2,1.4
2025-08-11,2025-08-11 14:11:15.000,MO2508-C-7500,1.4,1.2,1.4
2025-08-11,2025-08-11 14:11:16.500,MO2508-C-7500,1.4,1.2,1.4
2025-08-11,2025-08-11 14:11:17.000,MO2508-C-7500,1.4,1.2,1.4
2025-08-11,2025-08-11 14:11:17.500,MO2508-C-7500,1.4,1.2,1.4
2025-08-11,2025-08-11 14:11:24.500,MO2508-C-7500,1.4,1.2,1.4
2025-08-11,2025-08-11 14:11:25.000,MO2508-C-7500,1.4,1.2,1.4
2025-08-11,2025-08-11 14:11:34.500,MO2508-C-7500,1.4,1.2,1.4
2025-08-11,2025-08-11 14:11:35.000,MO2508-C-7500,1.4,1.2,1.4
2025-08-11,2025-08-11 14:11:39.500,MO2508-C-7500,1.4,1.2,1.4
2025-08-11,2025-08-11 14:11:40.000,MO2508-C-7500,1.4,1.2,1.4
2025-08-11,2025-08-11 14:11:40.500,MO2508-C-7500,1.4,1.2,1.4
2025-08-11,2025-08-11 14:11:43.500,MO2508-C-7500,1.4,1.2,1.4
2025-08-11,2025-08-11 14:11:44.500,MO2508-C-7500,1.4,1.2,1.4
2025-08-11,2025-08-11 14:11:45.000,MO2508-C-7500,1.4,1.2,1.4
2025-08-11,2025-08-11 14:11:53.000,MO2508-C-7500,1.4,1.2,1.4
2025-08-11,2025-08-11 14:11:54.500,MO2508-C-7500,1.4,1.2,1.4
2025-08-11,2025-08-11 14:11:55.000,MO2508-C-7500,1.4,1.2,1.4
2025-08-11,2025-08-11 14:11:59.000,MO2508-C-7500,1.4,1.2,1.4
2025-08-11,2025-08-11 14:12:04.500,MO2508-C-7500,1.4,1.2,1.4
2025-08-11,2025-08-11 14:12:05.000,MO2508-C-7500,1.4,1.2,1.4
2025-08-11,2025-08-11 14:12:14.500,MO2508-C-7500,1.4,1.2,1.4
2025-08-11,2025-08-11 14:12:15.000,MO2508-C-7500,1.4,1.2,1.4
2025-08-11,2025-08-11 14:12:24.500,MO2508-C-7500,1.4,1.2,1.4
2025-08-11,2025-08-11 14:12:25.000,MO2508-C-7500,1.4,1.2,1.4
2025-08-11,2025-08-11 14:12:34.500,MO2508-C-7500,1.4,1.2,1.4
2025-08-11,2025-08-11 14:12:35.000,MO2508-C-7500,1.4,1.2,1.4
2025-08-11,2025-08-11 14:12:44.500,MO2508-C-7500,1.4,1.2,1.4
2025-08-11,2025-08-11 14:12:45.000,MO2508-C-7500,1.4,1.2,1.4
2025-08-11,2025-08-11 14:12:54.500,MO2508-C-7500,1.4,1.2,1.4
2025-08-11,2025-08-11 14:12:55.000,MO2508-C-7500,1.4,1.2,1.4
2025-08-11,2025-08-11 14:13:04.500,MO2508-C-7500,1.4,1.2,1.4
2025-08-11,2025-08-11 14:13:05.000,MO2508-C-7500,1.4,1.2,1.4
2025-08-11,2025-08-11 14:13:14.500,MO2508-C-7500,1.4,1.2,1.4
2025-08-11,2025-08-11 14:13:15.000,MO2508-C-7500,1.4,1.2,1.4
2025-08-11,2025-08-11 14:13:24.500,MO2508-C-7500,1.4,1.2,1.4
2025-08-11,2025-08-11 14:13:25.000,MO2508-C-7500,1.4,1.2,1.4
2025-08-11,2025-08-11 14:13:27.500,MO2508-C-7500,1.4,1.2,1.4
2025-08-11,2025-08-11 14:13:34.500,MO2508-C-7500,1.4,1.2,1.4
2025-08-11,2025-08-11 14:13:35.000,MO2508-C-7500,1.4,1.2,1.4
2025-08-11,2025-08-11 14:13:41.500,MO2508-C-7500,1.4,1.2,1.4
2025-08-11,2025-08-11 14:13:44.500,MO2508-C-7500,1.4,1.2,1.4
2025-08-11,2025-08-11 14:13:45.000,MO2508-C-7500,1.4,1.2,1.4
2025-08-11,2025-08-11 14:13:54.500,MO2508-C-7500,1.4,1.2,1.4
2025-08-11,2025-08-11 14:13:55.000,MO2508-C-7500,1.4,1.2,1.4
2025-08-11,2025-08-11 14:14:04.500,MO2508-C-7500,1.4,1.2,1.4
2025-08-11,2025-08-11 14:14:05.000,MO2508-C-7500,1.4,1.2,1.4
2025-08-11,2025-08-11 14:14:14.500,MO2508-C-7500,1.4,1.2,1.4
2025-08-11,2025-08-11 14:14:15.000,MO2508-C-7500,1.4,1.2,1.4
2025-08-11,2025-08-11 14:14:24.500,MO2508-C-7500,1.4,1.2,1.4
2025-08-11,2025-08-11 14:14:25.000,MO2508-C-7500,1.4,1.2,1.4
2025-08-11,2025-08-11 14:14:34.500,MO2508-C-7500,1.4,1.2,1.4
2025-08-11,2025-08-11 14:14:35.000,MO2508-C-7500,1.4,1.2,1.4
2025-08-11,2025-08-11 14:14:44.500,MO2508-C-7500,1.4,1.2,1.4
2025-08-11,2025-08-11 14:14:45.000,MO2508-C-7500,1.4,1.2,1.4
2025-08-11,2025-08-11 14:14:54.500,MO2508-C-7500,1.4,1.2,1.4
2025-08-11,2025-08-11 14:14:55.000,MO2508-C-7500,1.4,1.2,1.4
2025-08-11,2025-08-11 14:15:04.500,MO2508-C-7500,1.4,1.2,1.4
2025-08-11,2025-08-11 14:15:05.000,MO2508-C-7500,1.4,1.2,1.4
2025-08-11,2025-08-11 14:15:14.500,MO2508-C-7500,1.4,1.2,1.4
2025-08-11,2025-08-11 14:15:15.000,MO2508-C-7500,1.4,1.2,1.4
2025-08-11,2025-08-11 14:15:24.500,MO2508-C-7500,1.4,1.2,1.4
2025-08-11,2025-08-11 14:15:25.000,MO2508-C-7500,1.4,1.2,1.4
2025-08-11,2025-08-11 14:15:34.500,MO2508-C-7500,1.4,1.2,1.4
2025-08-11,2025-08-11 14:15:35.000,MO2508-C-7500,1.4,1.2,1.4
2025-08-11,2025-08-11 14:15:44.500,MO2508-C-7500,1.4,1.2,1.4
2025-08-11,2025-08-11 14:15:45.000,MO2508-C-7500,1.4,1.2,1.4
2025-08-11,2025-08-11 14:15:45.500,MO2508-C-7500,1.4,1.2,1.4
2025-08-11,2025-08-11 14:15:54.500,MO2508-C-7500,1.4,1.2,1.4
2025-08-11,2025-08-11 14:15:55.000,MO2508-C-7500,1.4,1.2,1.4
2025-08-11,2025-08-11 14:16:04.500,MO2508-C-7500,1.4,1.2,1.4
2025-08-11,2025-08-11 14:16:05.000,MO2508-C-7500,1.4,1.2,1.4
2025-08-11,2025-08-11 14:16:14.500,MO2508-C-7500,1.4,1.2,1.4
2025-08-11,2025-08-11 14:16:15.000,MO2508-C-7500,1.4,1.2,1.4
2025-08-11,2025-08-11 14:16:20.000,MO2508-C-7500,1.4,1.2,1.4
2025-08-11,2025-08-11 14:16:24.500,MO2508-C-7500,1.4,1.2,1.4
2025-08-11,2025-08-11 14:16:25.000,MO2508-C-7500,1.4,1.2,1.4
2025-08-11,2025-08-11 14:16:34.500,MO2508-C-7500,1.4,1.2,1.4
2025-08-11,2025-08-11 14:16:35.000,MO2508-C-7500,1.4,1.2,1.4
2025-08-11,2025-08-11 14:16:44.500,MO2508-C-7500,1.4,1.2,1.4
2025-08-11,2025-08-11 14:16:45.000,MO2508-C-7500,1.4,1.2,1.4
2025-08-11,2025-08-11 14:16:50.500,MO2508-C-7500,1.4,1.2,1.4
2025-08-11,2025-08-11 14:16:51.500,MO2508-C-7500,1.4,1.2,1.4
2025-08-11,2025-08-11 14:16:54.500,MO2508-C-7500,1.4,1.2,1.4
2025-08-11,2025-08-11 14:16:55.000,MO2508-C-7500,1.4,1.2,1.4
2025-08-11,2025-08-11 14:16:56.500,MO2508-C-7500,1.4,1.2,1.4
2025-08-11,2025-08-11 14:16:58.000,MO2508-C-7500,1.4,1.2,1.4
2025-08-11,2025-08-11 14:16:59.500,MO2508-C-7500,1.4,1.2,1.4
2025-08-11,2025-08-11 14:17:04.500,MO2508-C-7500,1.4,1.2,1.4
2025-08-11,2025-08-11 14:17:05.000,MO2508-C-7500,1.4,1.2,1.4
2025-08-11,2025-08-11 14:17:10.000,MO2508-C-7500,1.2,1.0,1.2
2025-08-11,2025-08-11 14:17:10.500,MO2508-C-7500,1.2,1.0,1.2
2025-08-11,2025-08-11 14:17:11.000,MO2508-C-7500,1.2,1.0,1.2
2025-08-11,2025-08-11 14:17:11.500,MO2508-C-7500,1.2,1.0,1.2
2025-08-11,2025-08-11 14:17:12.000,MO2508-C-7500,1.2,1.0,1.2
2025-08-11,2025-08-11 14:17:13.000,MO2508-C-7500,1.2,1.0,1.2
2025-08-11,2025-08-11 14:17:13.500,MO2508-C-7500,1.2,1.0,1.2
2025-08-11,2025-08-11 14:17:14.000,MO2508-C-7500,1.2,1.0,1.2
2025-08-11,2025-08-11 14:17:14.500,MO2508-C-7500,1.2,1.0,1.2
2025-08-11,2025-08-11 14:17:15.000,MO2508-C-7500,1.2,1.0,1.2
2025-08-11,2025-08-11 14:17:19.500,MO2508-C-7500,1.2,1.0,1.2
2025-08-11,2025-08-11 14:17:21.000,MO2508-C-7500,1.2,1.0,1.2
2025-08-11,2025-08-11 14:17:22.000,MO2508-C-7500,1.2,1.0,1.2
2025-08-11,2025-08-11 14:17:22.500,MO2508-C-7500,1.2,1.0,1.2
2025-08-11,2025-08-11 14:17:23.500,MO2508-C-7500,1.2,1.0,1.2
2025-08-11,2025-08-11 14:17:24.500,MO2508-C-7500,1.2,1.0,1.2
2025-08-11,2025-08-11 14:17:25.000,MO2508-C-7500,1.2,1.0,1.2
2025-08-11,2025-08-11 14:17:30.500,MO2508-C-7500,1.2,1.0,1.2
2025-08-11,2025-08-11 14:17:33.500,MO2508-C-7500,1.2,1.0,1.2
2025-08-11,2025-08-11 14:17:34.500,MO2508-C-7500,1.2,1.0,1.2
2025-08-11,2025-08-11 14:17:35.000,MO2508-C-7500,1.2,1.0,1.2
2025-08-11,2025-08-11 14:17:37.500,MO2508-C-7500,1.2,1.0,1.2
2025-08-11,2025-08-11 14:17:44.500,MO2508-C-7500,1.2,1.0,1.2
2025-08-11,2025-08-11 14:17:45.000,MO2508-C-7500,1.2,1.0,1.2
2025-08-11,2025-08-11 14:17:49.000,MO2508-C-7500,1.2,1.0,1.2
2025-08-11,2025-08-11 14:17:51.500,MO2508-C-7500,1.2,1.0,1.2
2025-08-11,2025-08-11 14:17:53.500,MO2508-C-7500,1.2,1.0,1.2
2025-08-11,2025-08-11 14:17:54.500,MO2508-C-7500,1.2,1.0,1.2
2025-08-11,2025-08-11 14:17:55.000,MO2508-C-7500,1.2,1.0,1.2
2025-08-11,2025-08-11 14:17:59.500,MO2508-C-7500,1.2,1.0,1.2
2025-08-11,2025-08-11 14:18:00.500,MO2508-C-7500,1.2,1.0,1.2
2025-08-11,2025-08-11 14:18:02.500,MO2508-C-7500,1.2,1.0,1.2
2025-08-11,2025-08-11 14:18:03.500,MO2508-C-7500,1.2,1.0,1.2
2025-08-11,2025-08-11 14:18:04.500,MO2508-C-7500,1.2,1.0,1.2
2025-08-11,2025-08-11 14:18:05.000,MO2508-C-7500,1.2,1.0,1.2
2025-08-11,2025-08-11 14:18:07.500,MO2508-C-7500,1.2,1.0,1.2
2025-08-11,2025-08-11 14:18:13.000,MO2508-C-7500,1.2,1.0,1.2
2025-08-11,2025-08-11 14:18:14.500,MO2508-C-7500,1.2,1.0,1.2
2025-08-11,2025-08-11 14:18:15.000,MO2508-C-7500,1.2,1.0,1.2
2025-08-11,2025-08-11 14:18:18.000,MO2508-C-7500,1.2,1.0,1.2
2025-08-11,2025-08-11 14:18:21.500,MO2508-C-7500,1.2,1.0,1.2
2025-08-11,2025-08-11 14:18:24.500,MO2508-C-7500,1.2,1.0,1.2
2025-08-11,2025-08-11 14:18:25.000,MO2508-C-7500,1.2,1.0,1.2
2025-08-11,2025-08-11 14:18:30.500,MO2508-C-7500,1.2,1.0,1.2
2025-08-11,2025-08-11 14:18:33.500,MO2508-C-7500,1.2,1.0,1.2
2025-08-11,2025-08-11 14:18:34.500,MO2508-C-7500,1.2,1.0,1.2
2025-08-11,2025-08-11 14:18:35.000,MO2508-C-7500,1.2,1.0,1.2
2025-08-11,2025-08-11 14:18:44.500,MO2508-C-7500,1.2,1.0,1.2
2025-08-11,2025-08-11 14:18:45.000,MO2508-C-7500,1.2,1.0,1.2
2025-08-11,2025-08-11 14:18:46.500,MO2508-C-7500,1.2,1.0,1.2
2025-08-11,2025-08-11 14:18:47.000,MO2508-C-7500,1.2,1.0,1.2
2025-08-11,2025-08-11 14:18:54.500,MO2508-C-7500,1.2,1.0,1.2
2025-08-11,2025-08-11 14:18:55.000,MO2508-C-7500,1.2,1.0,1.2
2025-08-11,2025-08-11 14:18:56.000,MO2508-C-7500,1.2,1.0,1.2
2025-08-11,2025-08-11 14:18:56.500,MO2508-C-7500,1.2,1.0,1.2
2025-08-11,2025-08-11 14:18:59.000,MO2508-C-7500,1.2,1.0,1.2
2025-08-11,2025-08-11 14:19:04.500,MO2508-C-7500,1.2,1.0,1.2
2025-08-11,2025-08-11 14:19:05.000,MO2508-C-7500,1.2,1.0,1.2
2025-08-11,2025-08-11 14:19:05.500,MO2508-C-7500,1.2,1.0,1.2
2025-08-11,2025-08-11 14:19:07.000,MO2508-C-7500,1.2,1.0,1.2
2025-08-11,2025-08-11 14:19:14.500,MO2508-C-7500,1.2,1.0,1.2
2025-08-11,2025-08-11 14:19:15.000,MO2508-C-7500,1.2,1.0,1.2
2025-08-11,2025-08-11 14:19:16.500,MO2508-C-7500,1.2,1.0,1.2
2025-08-11,2025-08-11 14:19:17.000,MO2508-C-7500,1.2,1.0,1.2
2025-08-11,2025-08-11 14:19:24.000,MO2508-C-7500,1.2,1.0,1.2
2025-08-11,2025-08-11 14:19:24.500,MO2508-C-7500,1.2,1.0,1.2
2025-08-11,2025-08-11 14:19:25.000,MO2508-C-7500,1.2,1.0,1.2
2025-08-11,2025-08-11 14:19:25.500,MO2508-C-7500,1.2,1.0,1.2
2025-08-11,2025-08-11 14:19:26.500,MO2508-C-7500,1.2,1.0,1.2
2025-08-11,2025-08-11 14:19:34.500,MO2508-C-7500,1.2,1.0,1.2
2025-08-11,2025-08-11 14:19:35.000,MO2508-C-7500,1.2,1.0,1.2
2025-08-11,2025-08-11 14:19:36.500,MO2508-C-7500,1.2,1.0,1.2
2025-08-11,2025-08-11 14:19:40.500,MO2508-C-7500,1.2,1.0,1.2
2025-08-11,2025-08-11 14:19:41.000,MO2508-C-7500,1.2,0.8,1.2
2025-08-11,2025-08-11 14:19:41.500,MO2508-C-7500,1.2,0.8,1.2
2025-08-11,2025-08-11 14:19:42.000,MO2508-C-7500,1.2,0.8,1.2
2025-08-11,2025-08-11 14:19:43.500,MO2508-C-7500,1.2,0.8,1.2
2025-08-11,2025-08-11 14:19:44.500,MO2508-C-7500,1.2,0.8,1.2
2025-08-11,2025-08-11 14:19:45.000,MO2508-C-7500,1.2,0.8,1.2
2025-08-11,2025-08-11 14:19:45.500,MO2508-C-7500,1.2,0.8,1.2
2025-08-11,2025-08-11 14:19:46.000,MO2508-C-7500,1.2,0.8,1.2
2025-08-11,2025-08-11 14:19:47.000,MO2508-C-7500,1.2,0.8,1.0
2025-08-11,2025-08-11 14:19:47.500,MO2508-C-7500,1.2,0.8,1.0
2025-08-11,2025-08-11 14:19:48.000,MO2508-C-7500,1.2,0.8,1.0
2025-08-11,2025-08-11 14:19:52.000,MO2508-C-7500,1.2,0.8,1.0
2025-08-11,2025-08-11 14:19:52.500,MO2508-C-7500,1.2,0.8,1.0
2025-08-11,2025-08-11 14:19:54.500,MO2508-C-7500,1.2,0.8,1.0
2025-08-11,2025-08-11 14:19:55.000,MO2508-C-7500,1.2,0.8,1.0
2025-08-11,2025-08-11 14:19:59.000,MO2508-C-7500,1.2,0.8,1.0
2025-08-11,2025-08-11 14:19:59.500,MO2508-C-7500,1.2,0.8,1.0
2025-08-11,2025-08-11 14:20:01.000,MO2508-C-7500,1.2,0.8,1.0
2025-08-11,2025-08-11 14:20:01.500,MO2508-C-7500,1.2,0.8,1.0
2025-08-11,2025-08-11 14:20:04.500,MO2508-C-7500,1.2,0.8,1.0
2025-08-11,2025-08-11 14:20:05.000,MO2508-C-7500,1.2,0.8,1.0
2025-08-11,2025-08-11 14:20:09.000,MO2508-C-7500,1.2,0.8,1.0
2025-08-11,2025-08-11 14:20:13.500,MO2508-C-7500,1.2,0.8,1.0
2025-08-11,2025-08-11 14:20:14.500,MO2508-C-7500,1.2,0.8,1.0
2025-08-11,2025-08-11 14:20:15.000,MO2508-C-7500,1.2,0.8,1.0
2025-08-11,2025-08-11 14:20:19.000,MO2508-C-7500,1.2,0.8,1.0
2025-08-11,2025-08-11 14:20:19.500,MO2508-C-7500,1.2,0.8,1.0
2025-08-11,2025-08-11 14:20:24.500,MO2508-C-7500,1.2,0.8,1.0
2025-08-11,2025-08-11 14:20:25.000,MO2508-C-7500,1.2,0.8,1.0
2025-08-11,2025-08-11 14:20:34.500,MO2508-C-7500,1.2,0.8,1.0
2025-08-11,2025-08-11 14:20:35.000,MO2508-C-7500,1.2,0.8,1.0
2025-08-11,2025-08-11 14:20:40.000,MO2508-C-7500,1.2,0.8,1.0
2025-08-11,2025-08-11 14:20:45.000,MO2508-C-7500,1.2,0.8,1.0
2025-08-11,2025-08-11 14:20:45.500,MO2508-C-7500,1.2,0.8,1.0
2025-08-11,2025-08-11 14:20:51.500,MO2508-C-7500,1.2,0.8,1.0
2025-08-11,2025-08-11 14:20:52.000,MO2508-C-7500,1.2,0.8,1.0
2025-08-11,2025-08-11 14:20:55.000,MO2508-C-7500,1.2,0.8,1.0
2025-08-11,2025-08-11 14:20:55.500,MO2508-C-7500,1.2,0.8,1.0
2025-08-11,2025-08-11 14:20:58.500,MO2508-C-7500,1.2,0.8,1.0
2025-08-11,2025-08-11 14:21:01.000,MO2508-C-7500,1.2,0.8,1.0
2025-08-11,2025-08-11 14:21:04.500,MO2508-C-7500,1.2,0.8,1.0
2025-08-11,2025-08-11 14:21:05.000,MO2508-C-7500,1.2,0.8,1.0
2025-08-11,2025-08-11 14:21:05.500,MO2508-C-7500,1.2,0.8,1.0
2025-08-11,2025-08-11 14:21:08.500,MO2508-C-7500,1.2,0.8,1.0
2025-08-11,2025-08-11 14:21:09.000,MO2508-C-7500,1.2,0.8,1.0
2025-08-11,2025-08-11 14:21:12.000,MO2508-C-7500,1.2,0.8,1.0
2025-08-11,2025-08-11 14:21:12.500,MO2508-C-7500,1.2,0.8,1.0
2025-08-11,2025-08-11 14:21:13.500,MO2508-C-7500,1.2,0.8,1.0
2025-08-11,2025-08-11 14:21:14.500,MO2508-C-7500,1.2,0.8,1.0
2025-08-11,2025-08-11 14:21:15.000,MO2508-C-7500,1.2,0.8,1.0
2025-08-11,2025-08-11 14:21:15.500,MO2508-C-7500,1.2,0.8,1.0
2025-08-11,2025-08-11 14:21:16.000,MO2508-C-7500,1.2,0.8,1.0
2025-08-11,2025-08-11 14:21:25.000,MO2508-C-7500,1.2,0.8,1.0
2025-08-11,2025-08-11 14:21:25.500,MO2508-C-7500,1.2,0.8,1.0
2025-08-11,2025-08-11 14:21:27.000,MO2508-C-7500,1.2,0.8,1.0
2025-08-11,2025-08-11 14:21:35.000,MO2508-C-7500,1.2,0.8,1.0
2025-08-11,2025-08-11 14:21:35.500,MO2508-C-7500,1.2,0.8,1.0
2025-08-11,2025-08-11 14:21:36.000,MO2508-C-7500,1.2,0.8,1.0
2025-08-11,2025-08-11 14:21:43.000,MO2508-C-7500,1.2,0.8,1.0
2025-08-11,2025-08-11 14:21:45.000,MO2508-C-7500,1.2,0.8,1.0
2025-08-11,2025-08-11 14:21:45.500,MO2508-C-7500,1.2,0.8,1.0
2025-08-11,2025-08-11 14:21:55.000,MO2508-C-7500,1.2,0.8,1.0
2025-08-11,2025-08-11 14:21:55.500,MO2508-C-7500,1.2,0.8,1.0
2025-08-11,2025-08-11 14:21:56.000,MO2508-C-7500,1.2,0.8,1.0
2025-08-11,2025-08-11 14:21:56.500,MO2508-C-7500,1.2,0.8,1.0
2025-08-11,2025-08-11 14:22:00.500,MO2508-C-7500,1.2,0.8,1.0
2025-08-11,2025-08-11 14:22:01.000,MO2508-C-7500,1.2,0.8,1.0
2025-08-11,2025-08-11 14:22:01.500,MO2508-C-7500,1.2,0.8,1.0
2025-08-11,2025-08-11 14:22:02.000,MO2508-C-7500,1.2,0.8,1.0
2025-08-11,2025-08-11 14:22:02.500,MO2508-C-7500,1.2,0.8,1.0
2025-08-11,2025-08-11 14:22:05.000,MO2508-C-7500,1.2,0.8,1.0
2025-08-11,2025-08-11 14:22:05.500,MO2508-C-7500,1.2,0.8,1.0
2025-08-11,2025-08-11 14:22:15.000,MO2508-C-7500,1.2,0.8,1.0
2025-08-11,2025-08-11 14:22:15.500,MO2508-C-7500,1.2,0.8,1.0
2025-08-11,2025-08-11 14:22:18.500,MO2508-C-7500,1.2,0.8,1.0
2025-08-11,2025-08-11 14:22:25.000,MO2508-C-7500,1.2,0.8,1.0
2025-08-11,2025-08-11 14:22:25.500,MO2508-C-7500,1.2,0.8,1.0
2025-08-11,2025-08-11 14:22:35.000,MO2508-C-7500,1.2,0.8,1.0
2025-08-11,2025-08-11 14:22:35.500,MO2508-C-7500,1.2,0.8,1.0
2025-08-11,2025-08-11 14:22:38.500,MO2508-C-7500,1.2,0.8,1.0
2025-08-11,2025-08-11 14:22:39.000,MO2508-C-7500,1.2,0.8,1.2
2025-08-11,2025-08-11 14:22:39.500,MO2508-C-7500,1.2,0.8,1.2
2025-08-11,2025-08-11 14:22:45.000,MO2508-C-7500,1.2,0.8,1.2
2025-08-11,2025-08-11 14:22:45.500,MO2508-C-7500,1.2,0.8,1.2
2025-08-11,2025-08-11 14:22:50.000,MO2508-C-7500,1.2,0.8,1.2
2025-08-11,2025-08-11 14:22:50.500,MO2508-C-7500,1.2,0.8,1.2
2025-08-11,2025-08-11 14:22:51.500,MO2508-C-7500,1.2,0.8,1.2
2025-08-11,2025-08-11 14:22:52.000,MO2508-C-7500,1.2,0.8,1.2
2025-08-11,2025-08-11 14:22:53.000,MO2508-C-7500,1.2,0.8,1.2
2025-08-11,2025-08-11 14:22:55.000,MO2508-C-7500,1.2,0.8,1.2
2025-08-11,2025-08-11 14:22:55.500,MO2508-C-7500,1.2,0.8,1.2
2025-08-11,2025-08-11 14:22:56.000,MO2508-C-7500,1.2,0.8,1.2
2025-08-11,2025-08-11 14:22:56.500,MO2508-C-7500,1.2,0.8,1.2
2025-08-11,2025-08-11 14:22:57.500,MO2508-C-7500,1.2,0.8,1.2
2025-08-11,2025-08-11 14:22:58.000,MO2508-C-7500,1.2,0.8,1.2
2025-08-11,2025-08-11 14:22:59.000,MO2508-C-7500,1.2,0.8,1.2
2025-08-11,2025-08-11 14:22:59.500,MO2508-C-7500,1.2,0.8,1.2
2025-08-11,2025-08-11 14:23:01.000,MO2508-C-7500,1.2,0.8,1.2
2025-08-11,2025-08-11 14:23:01.500,MO2508-C-7500,1.2,0.8,1.2
2025-08-11,2025-08-11 14:23:02.000,MO2508-C-7500,1.2,0.8,1.2
2025-08-11,2025-08-11 14:23:02.500,MO2508-C-7500,1.2,0.8,1.2
2025-08-11,2025-08-11 14:23:03.000,MO2508-C-7500,1.2,0.8,1.2
2025-08-11,2025-08-11 14:23:05.000,MO2508-C-7500,1.2,0.8,1.2
2025-08-11,2025-08-11 14:23:05.500,MO2508-C-7500,1.2,0.8,1.2
2025-08-11,2025-08-11 14:23:06.500,MO2508-C-7500,1.2,0.8,1.2
2025-08-11,2025-08-11 14:23:07.000,MO2508-C-7500,1.2,0.8,1.2
2025-08-11,2025-08-11 14:23:07.500,MO2508-C-7500,1.2,0.8,1.2
2025-08-11,2025-08-11 14:23:08.000,MO2508-C-7500,1.2,0.8,1.2
2025-08-11,2025-08-11 14:23:08.500,MO2508-C-7500,1.2,0.8,1.2
2025-08-11,2025-08-11 14:23:10.500,MO2508-C-7500,1.2,0.8,1.2
2025-08-11,2025-08-11 14:23:11.000,MO2508-C-7500,1.2,0.8,1.2
2025-08-11,2025-08-11 14:23:11.500,MO2508-C-7500,1.2,0.8,1.2
2025-08-11,2025-08-11 14:23:12.000,MO2508-C-7500,1.2,0.8,1.2
2025-08-11,2025-08-11 14:23:15.000,MO2508-C-7500,1.2,0.8,1.2
2025-08-11,2025-08-11 14:23:15.500,MO2508-C-7500,1.2,0.8,1.2
2025-08-11,2025-08-11 14:23:23.000,MO2508-C-7500,1.2,0.8,1.2
2025-08-11,2025-08-11 14:23:23.500,MO2508-C-7500,1.2,0.8,1.2
2025-08-11,2025-08-11 14:23:24.000,MO2508-C-7500,1.2,0.8,1.2
2025-08-11,2025-08-11 14:23:24.500,MO2508-C-7500,1.2,0.8,1.2
2025-08-11,2025-08-11 14:23:25.000,MO2508-C-7500,1.2,0.8,1.2
2025-08-11,2025-08-11 14:23:25.500,MO2508-C-7500,1.2,0.8,1.2
2025-08-11,2025-08-11 14:23:26.000,MO2508-C-7500,1.2,0.8,1.2
2025-08-11,2025-08-11 14:23:26.500,MO2508-C-7500,1.2,0.8,1.2
2025-08-11,2025-08-11 14:23:27.000,MO2508-C-7500,1.2,0.8,1.2
2025-08-11,2025-08-11 14:23:27.500,MO2508-C-7500,1.2,0.8,1.2
2025-08-11,2025-08-11 14:23:28.000,MO2508-C-7500,1.2,0.8,1.2
2025-08-11,2025-08-11 14:23:29.000,MO2508-C-7500,1.2,0.8,1.2
2025-08-11,2025-08-11 14:23:29.500,MO2508-C-7500,1.2,0.8,1.2
2025-08-11,2025-08-11 14:23:31.500,MO2508-C-7500,1.2,0.8,1.2
2025-08-11,2025-08-11 14:23:33.000,MO2508-C-7500,1.2,0.8,1.2
2025-08-11,2025-08-11 14:23:35.000,MO2508-C-7500,1.2,0.8,1.2
2025-08-11,2025-08-11 14:23:35.500,MO2508-C-7500,1.2,0.8,1.2
2025-08-11,2025-08-11 14:23:37.000,MO2508-C-7500,1.2,0.8,1.2
2025-08-11,2025-08-11 14:23:40.500,MO2508-C-7500,1.2,0.8,1.2
2025-08-11,2025-08-11 14:23:41.000,MO2508-C-7500,1.2,0.8,1.2
2025-08-11,2025-08-11 14:23:45.000,MO2508-C-7500,1.2,0.8,1.2
2025-08-11,2025-08-11 14:23:45.500,MO2508-C-7500,1.2,0.8,1.2
2025-08-11,2025-08-11 14:23:46.000,MO2508-C-7500,1.2,0.8,1.2
2025-08-11,2025-08-11 14:23:46.500,MO2508-C-7500,1.2,0.8,1.2
2025-08-11,2025-08-11 14:23:47.000,MO2508-C-7500,1.2,0.8,1.2
2025-08-11,2025-08-11 14:23:47.500,MO2508-C-7500,1.2,0.8,1.2
2025-08-11,2025-08-11 14:23:48.000,MO2508-C-7500,1.2,0.8,1.2
2025-08-11,2025-08-11 14:23:50.500,MO2508-C-7500,1.2,0.8,1.2
2025-08-11,2025-08-11 14:23:51.000,MO2508-C-7500,1.2,0.8,1.2
2025-08-11,2025-08-11 14:23:51.500,MO2508-C-7500,1.2,0.8,1.2
2025-08-11,2025-08-11 14:23:52.500,MO2508-C-7500,1.2,0.8,1.2
2025-08-11,2025-08-11 14:23:53.000,MO2508-C-7500,1.2,0.8,1.2
2025-08-11,2025-08-11 14:23:53.500,MO2508-C-7500,1.2,0.8,1.2
2025-08-11,2025-08-11 14:23:54.500,MO2508-C-7500,1.2,0.8,1.2
2025-08-11,2025-08-11 14:23:55.000,MO2508-C-7500,1.2,0.8,1.2
2025-08-11,2025-08-11 14:23:55.500,MO2508-C-7500,1.2,0.8,1.2
2025-08-11,2025-08-11 14:23:56.000,MO2508-C-7500,1.2,0.8,1.2
2025-08-11,2025-08-11 14:23:56.500,MO2508-C-7500,1.2,0.8,1.2
2025-08-11,2025-08-11 14:23:57.500,MO2508-C-7500,1.2,0.8,1.2
2025-08-11,2025-08-11 14:23:58.000,MO2508-C-7500,1.2,0.8,1.2
2025-08-11,2025-08-11 14:24:00.500,MO2508-C-7500,1.2,0.8,1.2
2025-08-11,2025-08-11 14:24:01.000,MO2508-C-7500,1.2,0.8,1.2
2025-08-11,2025-08-11 14:24:01.500,MO2508-C-7500,1.2,0.8,1.2
2025-08-11,2025-08-11 14:24:02.500,MO2508-C-7500,1.2,0.8,1.2
2025-08-11,2025-08-11 14:24:05.000,MO2508-C-7500,1.2,0.8,1.2
2025-08-11,2025-08-11 14:24:05.500,MO2508-C-7500,1.2,0.8,1.2
2025-08-11,2025-08-11 14:24:07.500,MO2508-C-7500,1.2,0.8,1.2
2025-08-11,2025-08-11 14:24:08.000,MO2508-C-7500,1.2,0.8,1.2
2025-08-11,2025-08-11 14:24:08.500,MO2508-C-7500,1.2,0.8,1.2
2025-08-11,2025-08-11 14:24:09.000,MO2508-C-7500,1.2,0.8,1.2
2025-08-11,2025-08-11 14:24:09.500,MO2508-C-7500,1.2,0.8,1.2
2025-08-11,2025-08-11 14:24:10.000,MO2508-C-7500,1.2,0.8,1.2
2025-08-11,2025-08-11 14:24:11.500,MO2508-C-7500,1.2,0.8,1.2
2025-08-11,2025-08-11 14:24:12.000,MO2508-C-7500,1.2,0.8,1.2
2025-08-11,2025-08-11 14:24:15.000,MO2508-C-7500,1.2,0.8,1.2
2025-08-11,2025-08-11 14:24:15.500,MO2508-C-7500,1.2,0.8,1.2
2025-08-11,2025-08-11 14:24:23.500,MO2508-C-7500,1.2,0.8,1.2
2025-08-11,2025-08-11 14:24:24.000,MO2508-C-7500,1.2,0.8,1.2
2025-08-11,2025-08-11 14:24:25.000,MO2508-C-7500,1.2,0.8,1.2
2025-08-11,2025-08-11 14:24:25.500,MO2508-C-7500,1.2,0.8,1.2
2025-08-11,2025-08-11 14:24:28.000,MO2508-C-7500,1.2,0.8,1.2
2025-08-11,2025-08-11 14:24:31.500,MO2508-C-7500,1.2,0.8,1.2
2025-08-11,2025-08-11 14:24:32.000,MO2508-C-7500,1.2,0.8,1.2
2025-08-11,2025-08-11 14:24:35.000,MO2508-C-7500,1.2,0.8,1.2
2025-08-11,2025-08-11 14:24:35.500,MO2508-C-7500,1.2,0.8,1.2
2025-08-11,2025-08-11 14:24:36.000,MO2508-C-7500,1.2,0.8,1.2
2025-08-11,2025-08-11 14:24:43.000,MO2508-C-7500,1.2,0.8,1.2
2025-08-11,2025-08-11 14:24:45.000,MO2508-C-7500,1.2,0.8,1.2
2025-08-11,2025-08-11 14:24:45.500,MO2508-C-7500,1.2,0.8,1.2
2025-08-11,2025-08-11 14:24:47.000,MO2508-C-7500,1.2,0.8,1.2
2025-08-11,2025-08-11 14:24:47.500,MO2508-C-7500,1.2,0.8,1.2
2025-08-11,2025-08-11 14:24:55.000,MO2508-C-7500,1.2,0.8,1.2
2025-08-11,2025-08-11 14:24:55.500,MO2508-C-7500,1.2,0.8,1.2
2025-08-11,2025-08-11 14:25:05.000,MO2508-C-7500,1.2,0.8,1.2
2025-08-11,2025-08-11 14:25:05.500,MO2508-C-7500,1.2,0.8,1.2
2025-08-11,2025-08-11 14:25:15.000,MO2508-C-7500,1.2,0.8,1.2
2025-08-11,2025-08-11 14:25:15.500,MO2508-C-7500,1.2,0.8,1.2
2025-08-11,2025-08-11 14:25:25.000,MO2508-C-7500,1.2,0.8,1.2
2025-08-11,2025-08-11 14:25:25.500,MO2508-C-7500,1.2,0.8,1.2
2025-08-11,2025-08-11 14:25:35.000,MO2508-C-7500,1.2,0.8,1.2
2025-08-11,2025-08-11 14:25:35.500,MO2508-C-7500,1.2,0.8,1.2
2025-08-11,2025-08-11 14:25:42.500,MO2508-C-7500,1.2,0.8,1.2
2025-08-11,2025-08-11 14:25:43.000,MO2508-C-7500,1.2,0.8,1.2
2025-08-11,2025-08-11 14:25:43.500,MO2508-C-7500,1.2,0.8,1.2
2025-08-11,2025-08-11 14:25:44.000,MO2508-C-7500,1.2,0.8,1.2
2025-08-11,2025-08-11 14:25:44.500,MO2508-C-7500,1.2,0.8,1.2
2025-08-11,2025-08-11 14:25:45.000,MO2508-C-7500,1.2,0.8,1.2
2025-08-11,2025-08-11 14:25:45.500,MO2508-C-7500,1.2,0.8,1.2
2025-08-11,2025-08-11 14:25:51.000,MO2508-C-7500,1.2,0.8,1.2
2025-08-11,2025-08-11 14:25:51.500,MO2508-C-7500,1.2,0.8,1.2
2025-08-11,2025-08-11 14:25:52.000,MO2508-C-7500,1.2,0.8,1.2
2025-08-11,2025-08-11 14:25:52.500,MO2508-C-7500,1.2,0.8,1.2
2025-08-11,2025-08-11 14:25:54.500,MO2508-C-7500,1.2,0.8,1.2
2025-08-11,2025-08-11 14:25:55.000,MO2508-C-7500,1.2,0.8,1.2
2025-08-11,2025-08-11 14:25:55.500,MO2508-C-7500,1.2,0.8,1.2
2025-08-11,2025-08-11 14:26:00.000,MO2508-C-7500,1.2,0.8,1.2
2025-08-11,2025-08-11 14:26:00.500,MO2508-C-7500,1.2,0.8,1.2
2025-08-11,2025-08-11 14:26:01.000,MO2508-C-7500,1.2,0.8,1.2
2025-08-11,2025-08-11 14:26:05.000,MO2508-C-7500,1.2,0.8,1.2
2025-08-11,2025-08-11 14:26:05.500,MO2508-C-7500,1.2,0.8,1.2
2025-08-11,2025-08-11 14:26:15.000,MO2508-C-7500,1.2,0.8,1.2
2025-08-11,2025-08-11 14:26:15.500,MO2508-C-7500,1.2,0.8,1.2
2025-08-11,2025-08-11 14:26:25.000,MO2508-C-7500,1.2,0.8,1.2
2025-08-11,2025-08-11 14:26:25.500,MO2508-C-7500,1.2,0.8,1.2
2025-08-11,2025-08-11 14:26:35.000,MO2508-C-7500,1.2,0.8,1.2
2025-08-11,2025-08-11 14:26:35.500,MO2508-C-7500,1.2,0.8,1.2
2025-08-11,2025-08-11 14:26:41.500,MO2508-C-7500,1.2,0.8,1.2
2025-08-11,2025-08-11 14:26:45.000,MO2508-C-7500,1.2,0.8,1.2
2025-08-11,2025-08-11 14:26:45.500,MO2508-C-7500,1.2,0.8,1.2
2025-08-11,2025-08-11 14:26:48.000,MO2508-C-7500,1.2,0.8,1.2
2025-08-11,2025-08-11 14:26:52.000,MO2508-C-7500,1.2,0.8,1.2
2025-08-11,2025-08-11 14:26:55.000,MO2508-C-7500,1.2,0.8,1.2
2025-08-11,2025-08-11 14:26:55.500,MO2508-C-7500,1.2,0.8,1.2
2025-08-11,2025-08-11 14:26:56.000,MO2508-C-7500,1.2,0.8,1.2
2025-08-11,2025-08-11 14:26:56.500,MO2508-C-7500,1.2,0.8,1.2
2025-08-11,2025-08-11 14:26:57.000,MO2508-C-7500,1.2,0.8,1.2
2025-08-11,2025-08-11 14:27:00.500,MO2508-C-7500,1.2,0.8,1.2
2025-08-11,2025-08-11 14:27:05.000,MO2508-C-7500,1.2,0.8,1.2
2025-08-11,2025-08-11 14:27:05.500,MO2508-C-7500,1.2,0.8,1.2
2025-08-11,2025-08-11 14:27:15.000,MO2508-C-7500,1.2,0.8,1.2
2025-08-11,2025-08-11 14:27:15.500,MO2508-C-7500,1.2,0.8,1.2
2025-08-11,2025-08-11 14:27:22.500,MO2508-C-7500,1.2,0.8,1.2
2025-08-11,2025-08-11 14:27:23.000,MO2508-C-7500,1.2,0.8,1.2
2025-08-11,2025-08-11 14:27:25.000,MO2508-C-7500,1.2,0.8,1.2
2025-08-11,2025-08-11 14:27:25.500,MO2508-C-7500,1.2,0.8,1.2
2025-08-11,2025-08-11 14:27:35.000,MO2508-C-7500,1.2,0.8,1.2
2025-08-11,2025-08-11 14:27:35.500,MO2508-C-7500,1.2,0.8,1.2
2025-08-11,2025-08-11 14:27:36.000,MO2508-C-7500,1.2,0.8,1.2
2025-08-11,2025-08-11 14:27:41.500,MO2508-C-7500,1.2,0.8,1.2
2025-08-11,2025-08-11 14:27:42.000,MO2508-C-7500,1.2,0.8,1.2
2025-08-11,2025-08-11 14:27:45.000,MO2508-C-7500,1.2,0.8,1.2
2025-08-11,2025-08-11 14:27:45.500,MO2508-C-7500,1.2,0.8,1.2
2025-08-11,2025-08-11 14:27:55.000,MO2508-C-7500,1.2,0.8,1.2
2025-08-11,2025-08-11 14:27:55.500,MO2508-C-7500,1.2,0.8,1.2
2025-08-11,2025-08-11 14:27:57.000,MO2508-C-7500,1.2,0.8,1.2
2025-08-11,2025-08-11 14:27:57.500,MO2508-C-7500,1.2,0.8,1.2
2025-08-11,2025-08-11 14:27:58.000,MO2508-C-7500,1.2,0.8,1.2
2025-08-11,2025-08-11 14:27:59.000,MO2508-C-7500,1.2,0.8,1.2
2025-08-11,2025-08-11 14:28:00.000,MO2508-C-7500,1.2,0.8,1.2
2025-08-11,2025-08-11 14:28:00.500,MO2508-C-7500,1.2,0.8,1.2
2025-08-11,2025-08-11 14:28:05.000,MO2508-C-7500,1.2,0.8,1.2
2025-08-11,2025-08-11 14:28:05.500,MO2508-C-7500,1.2,0.8,1.2
2025-08-11,2025-08-11 14:28:10.500,MO2508-C-7500,1.2,0.8,1.2
2025-08-11,2025-08-11 14:28:13.500,MO2508-C-7500,1.2,1.0,1.2
2025-08-11,2025-08-11 14:28:14.000,MO2508-C-7500,1.2,1.0,1.2
2025-08-11,2025-08-11 14:28:14.500,MO2508-C-7500,1.2,1.0,1.2
2025-08-11,2025-08-11 14:28:15.000,MO2508-C-7500,1.2,1.0,1.2
2025-08-11,2025-08-11 14:28:15.500,MO2508-C-7500,1.2,1.0,1.2
2025-08-11,2025-08-11 14:28:19.500,MO2508-C-7500,1.2,1.0,1.2
2025-08-11,2025-08-11 14:28:20.000,MO2508-C-7500,1.2,1.0,1.2
2025-08-11,2025-08-11 14:28:25.000,MO2508-C-7500,1.2,1.0,1.2
2025-08-11,2025-08-11 14:28:25.500,MO2508-C-7500,1.2,1.0,1.2
2025-08-11,2025-08-11 14:28:31.500,MO2508-C-7500,1.2,1.0,1.2
2025-08-11,2025-08-11 14:28:32.000,MO2508-C-7500,1.2,1.0,1.2
2025-08-11,2025-08-11 14:28:33.000,MO2508-C-7500,1.2,1.0,1.2
2025-08-11,2025-08-11 14:28:35.000,MO2508-C-7500,1.2,1.0,1.2
2025-08-11,2025-08-11 14:28:35.500,MO2508-C-7500,1.2,1.0,1.2
2025-08-11,2025-08-11 14:28:45.000,MO2508-C-7500,1.2,1.0,1.2
2025-08-11,2025-08-11 14:28:45.500,MO2508-C-7500,1.2,1.0,1.2
2025-08-11,2025-08-11 14:28:46.000,MO2508-C-7500,1.2,1.0,1.2
2025-08-11,2025-08-11 14:28:55.000,MO2508-C-7500,1.2,1.0,1.2
2025-08-11,2025-08-11 14:28:55.500,MO2508-C-7500,1.2,1.0,1.2
2025-08-11,2025-08-11 14:29:05.000,MO2508-C-7500,1.2,1.0,1.2
2025-08-11,2025-08-11 14:29:05.500,MO2508-C-7500,1.2,1.0,1.2
2025-08-11,2025-08-11 14:29:07.500,MO2508-C-7500,1.2,1.0,1.2
2025-08-11,2025-08-11 14:29:08.000,MO2508-C-7500,1.2,1.0,1.2
2025-08-11,2025-08-11 14:29:15.000,MO2508-C-7500,1.2,1.0,1.2
2025-08-11,2025-08-11 14:29:15.500,MO2508-C-7500,1.0,1.0,1.2
2025-08-11,2025-08-11 14:29:25.000,MO2508-C-7500,1.0,1.0,1.2
2025-08-11,2025-08-11 14:29:25.500,MO2508-C-7500,1.0,1.0,1.2
2025-08-11,2025-08-11 14:29:34.500,MO2508-C-7500,1.0,1.0,1.2
2025-08-11,2025-08-11 14:29:35.000,MO2508-C-7500,1.0,1.0,1.2
2025-08-11,2025-08-11 14:29:35.500,MO2508-C-7500,1.0,1.0,1.2
2025-08-11,2025-08-11 14:29:36.000,MO2508-C-7500,1.0,1.0,1.2
2025-08-11,2025-08-11 14:29:36.500,MO2508-C-7500,1.0,1.0,1.2
2025-08-11,2025-08-11 14:29:37.000,MO2508-C-7500,1.0,1.0,1.2
2025-08-11,2025-08-11 14:29:37.500,MO2508-C-7500,1.0,1.0,1.2
2025-08-11,2025-08-11 14:29:38.000,MO2508-C-7500,1.0,1.0,1.2
2025-08-11,2025-08-11 14:29:43.500,MO2508-C-7500,1.0,1.0,1.2
2025-08-11,2025-08-11 14:29:44.500,MO2508-C-7500,1.0,1.0,1.2
2025-08-11,2025-08-11 14:29:45.000,MO2508-C-7500,1.0,1.0,1.2
2025-08-11,2025-08-11 14:29:45.500,MO2508-C-7500,1.0,1.0,1.2
2025-08-11,2025-08-11 14:29:46.000,MO2508-C-7500,1.0,1.0,1.2
2025-08-11,2025-08-11 14:29:46.500,MO2508-C-7500,1.0,1.0,1.2
2025-08-11,2025-08-11 14:29:47.000,MO2508-C-7500,1.0,1.0,1.2
2025-08-11,2025-08-11 14:29:55.000,MO2508-C-7500,1.0,1.0,1.2
2025-08-11,2025-08-11 14:29:55.500,MO2508-C-7500,1.0,1.0,1.2
2025-08-11,2025-08-11 14:30:00.500,MO2508-C-7500,1.0,1.0,1.2
2025-08-11,2025-08-11 14:30:01.000,MO2508-C-7500,1.0,1.0,1.2
2025-08-11,2025-08-11 14:30:05.000,MO2508-C-7500,1.0,1.0,1.2
2025-08-11,2025-08-11 14:30:05.500,MO2508-C-7500,1.0,1.0,1.2
2025-08-11,2025-08-11 14:30:11.500,MO2508-C-7500,1.0,1.0,1.2
2025-08-11,2025-08-11 14:30:13.000,MO2508-C-7500,1.0,1.0,1.2
2025-08-11,2025-08-11 14:30:14.500,MO2508-C-7500,1.0,1.0,1.2
2025-08-11,2025-08-11 14:30:15.000,MO2508-C-7500,1.0,1.0,1.2
2025-08-11,2025-08-11 14:30:15.500,MO2508-C-7500,1.0,1.0,1.2
2025-08-11,2025-08-11 14:30:19.500,MO2508-C-7500,1.0,1.0,1.2
2025-08-11,2025-08-11 14:30:20.500,MO2508-C-7500,1.0,1.0,1.2
2025-08-11,2025-08-11 14:30:25.000,MO2508-C-7500,1.0,1.0,1.2
2025-08-11,2025-08-11 14:30:25.500,MO2508-C-7500,1.0,1.0,1.2
2025-08-11,2025-08-11 14:30:27.000,MO2508-C-7500,1.0,1.0,1.2
2025-08-11,2025-08-11 14:30:35.000,MO2508-C-7500,1.0,1.0,1.2
2025-08-11,2025-08-11 14:30:35.500,MO2508-C-7500,1.0,1.0,1.2
2025-08-11,2025-08-11 14:30:45.000,MO2508-C-7500,1.0,1.0,1.2
2025-08-11,2025-08-11 14:30:45.500,MO2508-C-7500,1.0,1.0,1.2
2025-08-11,2025-08-11 14:30:51.500,MO2508-C-7500,1.0,1.0,1.2
2025-08-11,2025-08-11 14:30:52.500,MO2508-C-7500,1.0,1.0,1.2
2025-08-11,2025-08-11 14:30:53.500,MO2508-C-7500,1.0,1.0,1.2
2025-08-11,2025-08-11 14:30:54.500,MO2508-C-7500,1.0,1.0,1.2
2025-08-11,2025-08-11 14:30:55.000,MO2508-C-7500,1.0,1.0,1.2
2025-08-11,2025-08-11 14:30:55.500,MO2508-C-7500,1.0,1.0,1.2
2025-08-11,2025-08-11 14:31:03.500,MO2508-C-7500,1.0,1.0,1.2
2025-08-11,2025-08-11 14:31:05.000,MO2508-C-7500,1.0,1.0,1.2
2025-08-11,2025-08-11 14:31:05.500,MO2508-C-7500,1.0,1.0,1.2
2025-08-11,2025-08-11 14:31:10.500,MO2508-C-7500,1.0,1.0,1.2
2025-08-11,2025-08-11 14:31:11.500,MO2508-C-7500,1.0,1.0,1.2
2025-08-11,2025-08-11 14:31:12.500,MO2508-C-7500,1.0,1.0,1.2
2025-08-11,2025-08-11 14:31:14.000,MO2508-C-7500,1.0,1.0,1.2
2025-08-11,2025-08-11 14:31:14.500,MO2508-C-7500,1.0,1.0,1.2
2025-08-11,2025-08-11 14:31:15.000,MO2508-C-7500,1.0,1.0,1.2
2025-08-11,2025-08-11 14:31:15.500,MO2508-C-7500,1.0,1.0,1.2
2025-08-11,2025-08-11 14:31:18.000,MO2508-C-7500,1.0,1.0,1.2
2025-08-11,2025-08-11 14:31:20.000,MO2508-C-7500,1.0,1.0,1.2
2025-08-11,2025-08-11 14:31:22.500,MO2508-C-7500,1.0,1.0,1.2
2025-08-11,2025-08-11 14:31:25.000,MO2508-C-7500,1.0,1.0,1.2
2025-08-11,2025-08-11 14:31:25.500,MO2508-C-7500,1.0,1.0,1.2
2025-08-11,2025-08-11 14:31:26.500,MO2508-C-7500,1.0,1.0,1.2
2025-08-11,2025-08-11 14:31:29.000,MO2508-C-7500,1.0,1.0,1.2
2025-08-11,2025-08-11 14:31:31.500,MO2508-C-7500,1.0,1.0,1.2
2025-08-11,2025-08-11 14:31:33.500,MO2508-C-7500,1.0,1.0,1.2
2025-08-11,2025-08-11 14:31:35.000,MO2508-C-7500,1.0,1.0,1.2
2025-08-11,2025-08-11 14:31:35.500,MO2508-C-7500,1.0,1.0,1.2
2025-08-11,2025-08-11 14:31:38.500,MO2508-C-7500,1.0,1.0,1.2
2025-08-11,2025-08-11 14:31:40.000,MO2508-C-7500,1.0,1.0,1.2
2025-08-11,2025-08-11 14:31:45.000,MO2508-C-7500,1.0,1.0,1.2
2025-08-11,2025-08-11 14:31:45.500,MO2508-C-7500,1.0,1.0,1.2
2025-08-11,2025-08-11 14:31:55.000,MO2508-C-7500,1.0,1.0,1.2
2025-08-11,2025-08-11 14:31:55.500,MO2508-C-7500,1.0,1.0,1.2
2025-08-11,2025-08-11 14:32:05.000,MO2508-C-7500,1.0,1.0,1.2
2025-08-11,2025-08-11 14:32:05.500,MO2508-C-7500,1.0,1.0,1.2
2025-08-11,2025-08-11 14:32:06.000,MO2508-C-7500,1.0,1.0,1.2
2025-08-11,2025-08-11 14:32:15.000,MO2508-C-7500,1.0,1.0,1.2
2025-08-11,2025-08-11 14:32:15.500,MO2508-C-7500,1.0,1.0,1.2
2025-08-11,2025-08-11 14:32:21.500,MO2508-C-7500,1.0,1.0,1.2
2025-08-11,2025-08-11 14:32:25.000,MO2508-C-7500,1.0,1.0,1.2
2025-08-11,2025-08-11 14:32:25.500,MO2508-C-7500,1.0,1.0,1.2
2025-08-11,2025-08-11 14:32:32.000,MO2508-C-7500,1.0,1.0,1.2
2025-08-11,2025-08-11 14:32:35.000,MO2508-C-7500,1.0,1.0,1.2
2025-08-11,2025-08-11 14:32:35.500,MO2508-C-7500,1.0,1.0,1.2
2025-08-11,2025-08-11 14:32:45.000,MO2508-C-7500,1.0,1.0,1.2
2025-08-11,2025-08-11 14:32:45.500,MO2508-C-7500,1.0,1.0,1.2
2025-08-11,2025-08-11 14:32:55.000,MO2508-C-7500,1.0,1.0,1.2
2025-08-11,2025-08-11 14:32:55.500,MO2508-C-7500,1.0,1.0,1.2
2025-08-11,2025-08-11 14:32:58.500,MO2508-C-7500,1.0,1.0,1.2
2025-08-11,2025-08-11 14:32:59.000,MO2508-C-7500,1.0,1.0,1.2
2025-08-11,2025-08-11 14:32:59.500,MO2508-C-7500,1.0,1.0,1.2
2025-08-11,2025-08-11 14:33:05.000,MO2508-C-7500,1.0,1.0,1.2
2025-08-11,2025-08-11 14:33:05.500,MO2508-C-7500,1.0,1.0,1.2
2025-08-11,2025-08-11 14:33:14.000,MO2508-C-7500,1.0,1.0,1.2
2025-08-11,2025-08-11 14:33:15.000,MO2508-C-7500,1.0,1.0,1.2
2025-08-11,2025-08-11 14:33:15.500,MO2508-C-7500,1.0,1.0,1.2
2025-08-11,2025-08-11 14:33:19.000,MO2508-C-7500,1.0,1.0,1.2
2025-08-11,2025-08-11 14:33:19.500,MO2508-C-7500,1.0,1.0,1.2
2025-08-11,2025-08-11 14:33:25.000,MO2508-C-7500,1.0,1.0,1.2
2025-08-11,2025-08-11 14:33:25.500,MO2508-C-7500,1.0,1.0,1.2
2025-08-11,2025-08-11 14:33:26.000,MO2508-C-7500,1.0,1.0,1.2
2025-08-11,2025-08-11 14:33:26.500,MO2508-C-7500,1.0,1.0,1.2
2025-08-11,2025-08-11 14:33:28.500,MO2508-C-7500,1.0,1.0,1.2
2025-08-11,2025-08-11 14:33:30.500,MO2508-C-7500,1.0,1.0,1.2
2025-08-11,2025-08-11 14:33:31.000,MO2508-C-7500,1.0,1.0,1.2
2025-08-11,2025-08-11 14:33:31.500,MO2508-C-7500,1.0,1.0,1.2
2025-08-11,2025-08-11 14:33:35.000,MO2508-C-7500,1.0,1.0,1.2
2025-08-11,2025-08-11 14:33:35.500,MO2508-C-7500,1.0,1.0,1.2
2025-08-11,2025-08-11 14:33:39.500,MO2508-C-7500,1.0,1.0,1.2
2025-08-11,2025-08-11 14:33:43.500,MO2508-C-7500,1.0,1.0,1.2
2025-08-11,2025-08-11 14:33:45.000,MO2508-C-7500,1.0,1.0,1.2
2025-08-11,2025-08-11 14:33:45.500,MO2508-C-7500,1.0,1.0,1.2
2025-08-11,2025-08-11 14:33:55.000,MO2508-C-7500,1.0,1.0,1.2
2025-08-11,2025-08-11 14:33:55.500,MO2508-C-7500,1.0,1.0,1.2
2025-08-11,2025-08-11 14:33:56.500,MO2508-C-7500,1.0,1.0,1.2
2025-08-11,2025-08-11 14:34:05.000,MO2508-C-7500,1.0,1.0,1.2
2025-08-11,2025-08-11 14:34:05.500,MO2508-C-7500,1.0,1.0,1.2
2025-08-11,2025-08-11 14:34:15.000,MO2508-C-7500,1.0,1.0,1.2
2025-08-11,2025-08-11 14:34:15.500,MO2508-C-7500,1.0,1.0,1.2
2025-08-11,2025-08-11 14:34:25.000,MO2508-C-7500,1.0,1.0,1.2
2025-08-11,2025-08-11 14:34:25.500,MO2508-C-7500,1.0,1.0,1.2
2025-08-11,2025-08-11 14:34:30.500,MO2508-C-7500,1.0,1.0,1.2
2025-08-11,2025-08-11 14:34:35.000,MO2508-C-7500,1.0,1.0,1.2
2025-08-11,2025-08-11 14:34:35.500,MO2508-C-7500,1.0,1.0,1.2
2025-08-11,2025-08-11 14:34:44.000,MO2508-C-7500,1.0,1.0,1.2
2025-08-11,2025-08-11 14:34:45.000,MO2508-C-7500,1.0,1.0,1.2
2025-08-11,2025-08-11 14:34:45.500,MO2508-C-7500,1.0,1.0,1.2
2025-08-11,2025-08-11 14:34:55.000,MO2508-C-7500,1.0,1.0,1.2
2025-08-11,2025-08-11 14:34:55.500,MO2508-C-7500,1.0,1.0,1.2
2025-08-11,2025-08-11 14:35:05.000,MO2508-C-7500,1.0,1.0,1.2
2025-08-11,2025-08-11 14:35:05.500,MO2508-C-7500,1.0,1.0,1.2
2025-08-11,2025-08-11 14:35:15.000,MO2508-C-7500,1.0,1.0,1.2
2025-08-11,2025-08-11 14:35:15.500,MO2508-C-7500,1.0,1.0,1.2
2025-08-11,2025-08-11 14:35:25.000,MO2508-C-7500,1.0,1.0,1.2
2025-08-11,2025-08-11 14:35:25.500,MO2508-C-7500,1.0,1.0,1.2
2025-08-11,2025-08-11 14:35:26.000,MO2508-C-7500,1.0,1.0,1.2
2025-08-11,2025-08-11 14:35:26.500,MO2508-C-7500,1.0,1.0,1.2
2025-08-11,2025-08-11 14:35:27.500,MO2508-C-7500,1.0,1.0,1.2
2025-08-11,2025-08-11 14:35:28.000,MO2508-C-7500,1.0,1.0,1.2
2025-08-11,2025-08-11 14:35:35.000,MO2508-C-7500,1.0,1.0,1.2
2025-08-11,2025-08-11 14:35:35.500,MO2508-C-7500,1.0,1.0,1.2
2025-08-11,2025-08-11 14:35:45.000,MO2508-C-7500,1.0,1.0,1.2
2025-08-11,2025-08-11 14:35:45.500,MO2508-C-7500,1.0,1.0,1.2
2025-08-11,2025-08-11 14:35:46.000,MO2508-C-7500,1.0,1.0,1.2
2025-08-11,2025-08-11 14:35:46.500,MO2508-C-7500,1.0,1.0,1.2
2025-08-11,2025-08-11 14:35:47.500,MO2508-C-7500,1.0,1.0,1.2
2025-08-11,2025-08-11 14:35:48.000,MO2508-C-7500,1.0,1.0,1.2
2025-08-11,2025-08-11 14:35:48.500,MO2508-C-7500,1.0,1.0,1.2
2025-08-11,2025-08-11 14:35:49.000,MO2508-C-7500,1.0,1.0,1.2
2025-08-11,2025-08-11 14:35:49.500,MO2508-C-7500,1.0,1.0,1.2
2025-08-11,2025-08-11 14:35:50.000,MO2508-C-7500,1.0,1.0,1.2
2025-08-11,2025-08-11 14:35:55.000,MO2508-C-7500,1.0,1.0,1.2
2025-08-11,2025-08-11 14:35:55.500,MO2508-C-7500,1.0,1.0,1.2
2025-08-11,2025-08-11 14:35:56.000,MO2508-C-7500,1.0,1.0,1.2
2025-08-11,2025-08-11 14:35:56.500,MO2508-C-7500,1.0,1.0,1.2
2025-08-11,2025-08-11 14:36:00.500,MO2508-C-7500,1.0,1.0,1.2
2025-08-11,2025-08-11 14:36:01.000,MO2508-C-7500,1.0,1.0,1.2
2025-08-11,2025-08-11 14:36:05.000,MO2508-C-7500,1.0,1.0,1.2
2025-08-11,2025-08-11 14:36:05.500,MO2508-C-7500,1.0,1.0,1.2
2025-08-11,2025-08-11 14:36:06.000,MO2508-C-7500,1.0,1.0,1.2
2025-08-11,2025-08-11 14:36:06.500,MO2508-C-7500,1.0,1.0,1.2
2025-08-11,2025-08-11 14:36:08.500,MO2508-C-7500,1.0,1.0,1.2
2025-08-11,2025-08-11 14:36:09.000,MO2508-C-7500,1.0,1.0,1.2
2025-08-11,2025-08-11 14:36:13.500,MO2508-C-7500,1.0,1.0,1.2
2025-08-11,2025-08-11 14:36:15.000,MO2508-C-7500,1.0,1.0,1.2
2025-08-11,2025-08-11 14:36:15.500,MO2508-C-7500,1.0,1.0,1.2
2025-08-11,2025-08-11 14:36:25.000,MO2508-C-7500,1.0,1.0,1.2
2025-08-11,2025-08-11 14:36:25.500,MO2508-C-7500,1.0,1.0,1.2
2025-08-11,2025-08-11 14:36:35.000,MO2508-C-7500,1.0,1.0,1.2
2025-08-11,2025-08-11 14:36:35.500,MO2508-C-7500,1.0,1.0,1.2
2025-08-11,2025-08-11 14:36:37.000,MO2508-C-7500,1.0,1.0,1.2
2025-08-11,2025-08-11 14:36:45.000,MO2508-C-7500,1.0,1.0,1.2
2025-08-11,2025-08-11 14:36:45.500,MO2508-C-7500,1.0,1.0,1.2
2025-08-11,2025-08-11 14:36:55.000,MO2508-C-7500,1.0,1.0,1.2
2025-08-11,2025-08-11 14:36:55.500,MO2508-C-7500,1.0,1.0,1.2
2025-08-11,2025-08-11 14:37:05.000,MO2508-C-7500,1.0,1.0,1.2
2025-08-11,2025-08-11 14:37:05.500,MO2508-C-7500,1.0,1.0,1.2
2025-08-11,2025-08-11 14:37:06.000,MO2508-C-7500,1.0,1.0,1.2
2025-08-11,2025-08-11 14:37:06.500,MO2508-C-7500,1.0,1.0,1.2
2025-08-11,2025-08-11 14:37:08.000,MO2508-C-7500,1.0,1.0,1.2
2025-08-11,2025-08-11 14:37:08.500,MO2508-C-7500,1.0,1.0,1.2
2025-08-11,2025-08-11 14:37:09.000,MO2508-C-7500,1.0,1.0,1.2
2025-08-11,2025-08-11 14:37:09.500,MO2508-C-7500,1.0,1.0,1.2
2025-08-11,2025-08-11 14:37:10.000,MO2508-C-7500,1.0,1.0,1.2
2025-08-11,2025-08-11 14:37:15.000,MO2508-C-7500,1.0,1.0,1.2
2025-08-11,2025-08-11 14:37:15.500,MO2508-C-7500,1.0,1.0,1.2
2025-08-11,2025-08-11 14:37:25.000,MO2508-C-7500,1.0,1.0,1.2
2025-08-11,2025-08-11 14:37:25.500,MO2508-C-7500,1.0,1.0,1.2
2025-08-11,2025-08-11 14:37:35.000,MO2508-C-7500,1.0,1.0,1.2
2025-08-11,2025-08-11 14:37:35.500,MO2508-C-7500,1.0,1.0,1.2
2025-08-11,2025-08-11 14:37:45.000,MO2508-C-7500,1.0,1.0,1.2
2025-08-11,2025-08-11 14:37:45.500,MO2508-C-7500,1.0,1.0,1.2
2025-08-11,2025-08-11 14:37:46.500,MO2508-C-7500,1.0,1.0,1.2
2025-08-11,2025-08-11 14:37:47.000,MO2508-C-7500,1.0,1.0,1.2
2025-08-11,2025-08-11 14:37:55.000,MO2508-C-7500,1.0,1.0,1.2
2025-08-11,2025-08-11 14:37:55.500,MO2508-C-7500,1.0,1.0,1.2
2025-08-11,2025-08-11 14:37:57.500,MO2508-C-7500,1.0,1.0,1.2
2025-08-11,2025-08-11 14:37:58.000,MO2508-C-7500,1.0,1.0,1.2
2025-08-11,2025-08-11 14:37:58.500,MO2508-C-7500,1.0,1.0,1.2
2025-08-11,2025-08-11 14:37:59.000,MO2508-C-7500,1.0,1.0,1.2
2025-08-11,2025-08-11 14:37:59.500,MO2508-C-7500,1.0,1.0,1.2
2025-08-11,2025-08-11 14:38:05.000,MO2508-C-7500,1.0,1.0,1.2
2025-08-11,2025-08-11 14:38:05.500,MO2508-C-7500,1.0,1.0,1.2
2025-08-11,2025-08-11 14:38:15.000,MO2508-C-7500,1.0,1.0,1.2
2025-08-11,2025-08-11 14:38:15.500,MO2508-C-7500,1.0,1.0,1.2
2025-08-11,2025-08-11 14:38:25.000,MO2508-C-7500,1.0,1.0,1.2
2025-08-11,2025-08-11 14:38:25.500,MO2508-C-7500,1.0,1.0,1.2
2025-08-11,2025-08-11 14:38:35.000,MO2508-C-7500,1.0,1.0,1.2
2025-08-11,2025-08-11 14:38:35.500,MO2508-C-7500,1.0,1.0,1.2
2025-08-11,2025-08-11 14:38:45.000,MO2508-C-7500,1.0,1.0,1.2
2025-08-11,2025-08-11 14:38:45.500,MO2508-C-7500,1.0,1.0,1.2
2025-08-11,2025-08-11 14:38:50.000,MO2508-C-7500,1.0,1.0,1.2
2025-08-11,2025-08-11 14:38:55.000,MO2508-C-7500,1.0,1.0,1.2
2025-08-11,2025-08-11 14:38:55.500,MO2508-C-7500,1.0,1.0,1.2
2025-08-11,2025-08-11 14:39:05.000,MO2508-C-7500,1.0,1.0,1.2
2025-08-11,2025-08-11 14:39:05.500,MO2508-C-7500,1.0,1.0,1.2
2025-08-11,2025-08-11 14:39:15.000,MO2508-C-7500,1.0,1.0,1.2
2025-08-11,2025-08-11 14:39:15.500,MO2508-C-7500,1.0,1.0,1.2
2025-08-11,2025-08-11 14:39:22.000,MO2508-C-7500,1.0,1.0,1.2
2025-08-11,2025-08-11 14:39:25.000,MO2508-C-7500,1.0,1.0,1.2
2025-08-11,2025-08-11 14:39:25.500,MO2508-C-7500,1.0,1.0,1.2
2025-08-11,2025-08-11 14:39:31.000,MO2508-C-7500,1.0,1.0,1.2
2025-08-11,2025-08-11 14:39:31.500,MO2508-C-7500,1.0,1.0,1.2
2025-08-11,2025-08-11 14:39:35.000,MO2508-C-7500,1.0,1.0,1.2
2025-08-11,2025-08-11 14:39:35.500,MO2508-C-7500,1.0,1.0,1.2
2025-08-11,2025-08-11 14:39:40.000,MO2508-C-7500,1.0,1.0,1.2
2025-08-11,2025-08-11 14:39:45.000,MO2508-C-7500,1.0,1.0,1.2
2025-08-11,2025-08-11 14:39:45.500,MO2508-C-7500,1.0,1.0,1.2
2025-08-11,2025-08-11 14:39:46.000,MO2508-C-7500,1.0,1.0,1.2
2025-08-11,2025-08-11 14:39:55.000,MO2508-C-7500,1.0,1.0,1.2
2025-08-11,2025-08-11 14:39:55.500,MO2508-C-7500,1.0,1.0,1.2
2025-08-11,2025-08-11 14:39:56.500,MO2508-C-7500,1.0,1.0,1.2
2025-08-11,2025-08-11 14:40:02.500,MO2508-C-7500,1.0,1.0,1.2
2025-08-11,2025-08-11 14:40:05.000,MO2508-C-7500,1.0,1.0,1.2
2025-08-11,2025-08-11 14:40:05.500,MO2508-C-7500,1.0,1.0,1.2
2025-08-11,2025-08-11 14:40:08.500,MO2508-C-7500,1.0,1.0,1.2
2025-08-11,2025-08-11 14:40:15.000,MO2508-C-7500,1.0,1.0,1.2
2025-08-11,2025-08-11 14:40:15.500,MO2508-C-7500,1.0,1.0,1.2
2025-08-11,2025-08-11 14:40:17.500,MO2508-C-7500,1.0,1.0,1.2
2025-08-11,2025-08-11 14:40:25.000,MO2508-C-7500,1.0,1.0,1.2
2025-08-11,2025-08-11 14:40:25.500,MO2508-C-7500,1.0,1.0,1.2
2025-08-11,2025-08-11 14:40:26.500,MO2508-C-7500,1.0,1.0,1.2
2025-08-11,2025-08-11 14:40:34.500,MO2508-C-7500,1.0,1.0,1.2
2025-08-11,2025-08-11 14:40:35.000,MO2508-C-7500,1.0,1.0,1.2
2025-08-11,2025-08-11 14:40:35.500,MO2508-C-7500,1.0,1.0,1.2
2025-08-11,2025-08-11 14:40:45.000,MO2508-C-7500,1.0,1.0,1.2
2025-08-11,2025-08-11 14:40:45.500,MO2508-C-7500,1.0,1.0,1.2
2025-08-11,2025-08-11 14:40:55.000,MO2508-C-7500,1.0,1.0,1.2
2025-08-11,2025-08-11 14:40:55.500,MO2508-C-7500,1.0,1.0,1.2
2025-08-11,2025-08-11 14:41:03.000,MO2508-C-7500,1.0,1.0,1.2
2025-08-11,2025-08-11 14:41:05.000,MO2508-C-7500,1.0,1.0,1.2
2025-08-11,2025-08-11 14:41:05.500,MO2508-C-7500,1.0,1.0,1.2
2025-08-11,2025-08-11 14:41:15.000,MO2508-C-7500,1.0,1.0,1.2
2025-08-11,2025-08-11 14:41:15.500,MO2508-C-7500,1.0,1.0,1.2
2025-08-11,2025-08-11 14:41:18.500,MO2508-C-7500,1.0,1.0,1.2
2025-08-11,2025-08-11 14:41:19.500,MO2508-C-7500,1.0,1.0,1.2
2025-08-11,2025-08-11 14:41:22.500,MO2508-C-7500,1.0,1.0,1.2
2025-08-11,2025-08-11 14:41:25.000,MO2508-C-7500,1.0,1.0,1.2
2025-08-11,2025-08-11 14:41:25.500,MO2508-C-7500,1.0,1.0,1.2
2025-08-11,2025-08-11 14:41:27.500,MO2508-C-7500,1.0,1.0,1.2
2025-08-11,2025-08-11 14:41:28.500,MO2508-C-7500,1.0,1.0,1.2
2025-08-11,2025-08-11 14:41:31.500,MO2508-C-7500,1.0,1.0,1.2
2025-08-11,2025-08-11 14:41:32.000,MO2508-C-7500,1.0,1.0,1.2
2025-08-11,2025-08-11 14:41:35.000,MO2508-C-7500,1.0,1.0,1.2
2025-08-11,2025-08-11 14:41:35.500,MO2508-C-7500,1.0,1.0,1.2
2025-08-11,2025-08-11 14:41:37.500,MO2508-C-7500,1.0,1.0,1.2
2025-08-11,2025-08-11 14:41:40.500,MO2508-C-7500,1.0,1.0,1.2
2025-08-11,2025-08-11 14:41:45.000,MO2508-C-7500,1.0,1.0,1.2
2025-08-11,2025-08-11 14:41:45.500,MO2508-C-7500,1.0,1.0,1.2
2025-08-11,2025-08-11 14:41:46.000,MO2508-C-7500,1.0,1.0,1.2
2025-08-11,2025-08-11 14:41:55.000,MO2508-C-7500,1.0,1.0,1.2
2025-08-11,2025-08-11 14:41:55.500,MO2508-C-7500,1.0,1.0,1.2
2025-08-11,2025-08-11 14:42:05.000,MO2508-C-7500,1.0,1.0,1.2
2025-08-11,2025-08-11 14:42:05.500,MO2508-C-7500,1.0,1.0,1.2
2025-08-11,2025-08-11 14:42:15.000,MO2508-C-7500,1.0,1.0,1.2
2025-08-11,2025-08-11 14:42:15.500,MO2508-C-7500,1.0,1.0,1.2
2025-08-11,2025-08-11 14:42:25.000,MO2508-C-7500,1.0,1.0,1.2
2025-08-11,2025-08-11 14:42:25.500,MO2508-C-7500,1.0,1.0,1.2
2025-08-11,2025-08-11 14:42:26.000,MO2508-C-7500,1.0,1.0,1.2
2025-08-11,2025-08-11 14:42:35.000,MO2508-C-7500,1.0,1.0,1.2
2025-08-11,2025-08-11 14:42:35.500,MO2508-C-7500,1.0,1.0,1.2
2025-08-11,2025-08-11 14:42:45.000,MO2508-C-7500,1.0,1.0,1.2
2025-08-11,2025-08-11 14:42:45.500,MO2508-C-7500,1.0,1.0,1.2
2025-08-11,2025-08-11 14:42:46.500,MO2508-C-7500,1.0,1.0,1.2
2025-08-11,2025-08-11 14:42:55.000,MO2508-C-7500,1.0,1.0,1.2
2025-08-11,2025-08-11 14:42:55.500,MO2508-C-7500,1.0,1.0,1.2
2025-08-11,2025-08-11 14:42:59.000,MO2508-C-7500,1.0,1.0,1.2
2025-08-11,2025-08-11 14:42:59.500,MO2508-C-7500,1.0,1.0,1.2
2025-08-11,2025-08-11 14:43:02.000,MO2508-C-7500,1.0,1.0,1.2
2025-08-11,2025-08-11 14:43:04.000,MO2508-C-7500,1.0,1.0,1.2
2025-08-11,2025-08-11 14:43:04.500,MO2508-C-7500,1.0,1.0,1.2
2025-08-11,2025-08-11 14:43:05.000,MO2508-C-7500,1.0,1.0,1.2
2025-08-11,2025-08-11 14:43:05.500,MO2508-C-7500,1.0,1.0,1.2
2025-08-11,2025-08-11 14:43:06.000,MO2508-C-7500,1.0,1.0,1.2
2025-08-11,2025-08-11 14:43:15.000,MO2508-C-7500,1.0,1.0,1.2
2025-08-11,2025-08-11 14:43:15.500,MO2508-C-7500,1.0,1.0,1.2
2025-08-11,2025-08-11 14:43:25.000,MO2508-C-7500,1.0,1.0,1.2
2025-08-11,2025-08-11 14:43:25.500,MO2508-C-7500,1.0,1.0,1.2
2025-08-11,2025-08-11 14:43:26.500,MO2508-C-7500,1.0,1.0,1.2
2025-08-11,2025-08-11 14:43:29.500,MO2508-C-7500,1.0,1.0,1.2
2025-08-11,2025-08-11 14:43:30.000,MO2508-C-7500,1.0,1.0,1.2
2025-08-11,2025-08-11 14:43:30.500,MO2508-C-7500,1.0,1.0,1.2
2025-08-11,2025-08-11 14:43:31.000,MO2508-C-7500,1.0,1.0,1.2
2025-08-11,2025-08-11 14:43:31.500,MO2508-C-7500,1.0,1.0,1.2
2025-08-11,2025-08-11 14:43:32.000,MO2508-C-7500,1.0,1.0,1.2
2025-08-11,2025-08-11 14:43:35.000,MO2508-C-7500,1.0,1.0,1.2
2025-08-11,2025-08-11 14:43:35.500,MO2508-C-7500,1.0,1.0,1.2
2025-08-11,2025-08-11 14:43:45.000,MO2508-C-7500,1.0,1.0,1.2
2025-08-11,2025-08-11 14:43:45.500,MO2508-C-7500,1.0,1.0,1.2
2025-08-11,2025-08-11 14:43:54.000,MO2508-C-7500,1.0,1.0,1.2
2025-08-11,2025-08-11 14:43:55.000,MO2508-C-7500,1.0,1.0,1.2
2025-08-11,2025-08-11 14:43:55.500,MO2508-C-7500,1.0,1.0,1.2
2025-08-11,2025-08-11 14:44:05.000,MO2508-C-7500,1.0,1.0,1.2
2025-08-11,2025-08-11 14:44:05.500,MO2508-C-7500,1.0,1.0,1.2
2025-08-11,2025-08-11 14:44:15.000,MO2508-C-7500,1.0,1.0,1.2
2025-08-11,2025-08-11 14:44:15.500,MO2508-C-7500,1.0,1.0,1.2
2025-08-11,2025-08-11 14:44:25.000,MO2508-C-7500,1.0,1.0,1.2
2025-08-11,2025-08-11 14:44:25.500,MO2508-C-7500,1.0,1.0,1.2
2025-08-11,2025-08-11 14:44:35.000,MO2508-C-7500,1.0,1.0,1.2
2025-08-11,2025-08-11 14:44:35.500,MO2508-C-7500,1.0,1.0,1.2
2025-08-11,2025-08-11 14:44:43.500,MO2508-C-7500,1.0,0.8,1.2
2025-08-11,2025-08-11 14:44:44.000,MO2508-C-7500,1.0,0.8,1.0
2025-08-11,2025-08-11 14:44:44.500,MO2508-C-7500,1.0,0.8,1.0
2025-08-11,2025-08-11 14:44:45.000,MO2508-C-7500,1.0,0.8,1.0
2025-08-11,2025-08-11 14:44:45.500,MO2508-C-7500,1.0,0.8,1.0
2025-08-11,2025-08-11 14:44:46.000,MO2508-C-7500,1.0,0.8,1.0
2025-08-11,2025-08-11 14:44:48.500,MO2508-C-7500,1.0,0.8,1.0
2025-08-11,2025-08-11 14:44:49.000,MO2508-C-7500,1.0,0.8,1.0
2025-08-11,2025-08-11 14:44:49.500,MO2508-C-7500,1.0,0.8,1.0
2025-08-11,2025-08-11 14:44:50.000,MO2508-C-7500,1.0,0.8,1.0
2025-08-11,2025-08-11 14:44:50.500,MO2508-C-7500,1.0,0.8,1.0
2025-08-11,2025-08-11 14:44:54.500,MO2508-C-7500,1.0,0.8,1.0
2025-08-11,2025-08-11 14:44:55.000,MO2508-C-7500,1.0,0.8,1.0
2025-08-11,2025-08-11 14:44:55.500,MO2508-C-7500,1.0,0.8,1.0
2025-08-11,2025-08-11 14:44:56.000,MO2508-C-7500,1.0,0.8,1.0
2025-08-11,2025-08-11 14:44:57.500,MO2508-C-7500,1.0,0.8,1.0
2025-08-11,2025-08-11 14:44:58.000,MO2508-C-7500,1.0,0.8,1.0
2025-08-11,2025-08-11 14:45:01.000,MO2508-C-7500,1.0,0.8,1.0
2025-08-11,2025-08-11 14:45:05.000,MO2508-C-7500,1.0,0.8,1.0
2025-08-11,2025-08-11 14:45:05.500,MO2508-C-7500,1.0,0.8,1.0
2025-08-11,2025-08-11 14:45:15.000,MO2508-C-7500,1.0,0.8,1.0
2025-08-11,2025-08-11 14:45:15.500,MO2508-C-7500,1.0,0.8,1.0
2025-08-11,2025-08-11 14:45:19.500,MO2508-C-7500,1.0,0.8,1.0
2025-08-11,2025-08-11 14:45:25.000,MO2508-C-7500,1.0,0.8,1.0
2025-08-11,2025-08-11 14:45:25.500,MO2508-C-7500,1.0,0.8,1.0
2025-08-11,2025-08-11 14:45:26.000,MO2508-C-7500,1.0,0.8,1.0
2025-08-11,2025-08-11 14:45:26.500,MO2508-C-7500,1.0,0.8,1.0
2025-08-11,2025-08-11 14:45:29.500,MO2508-C-7500,1.0,0.8,1.0
2025-08-11,2025-08-11 14:45:35.000,MO2508-C-7500,1.0,0.8,1.0
2025-08-11,2025-08-11 14:45:35.500,MO2508-C-7500,1.0,0.8,1.0
2025-08-11,2025-08-11 14:45:39.500,MO2508-C-7500,1.0,0.8,1.0
2025-08-11,2025-08-11 14:45:40.500,MO2508-C-7500,1.0,0.8,1.0
2025-08-11,2025-08-11 14:45:41.500,MO2508-C-7500,1.0,0.8,1.0
2025-08-11,2025-08-11 14:45:45.000,MO2508-C-7500,1.0,0.8,1.0
2025-08-11,2025-08-11 14:45:45.500,MO2508-C-7500,1.0,0.8,1.0
2025-08-11,2025-08-11 14:45:54.500,MO2508-C-7500,1.0,0.8,1.0
2025-08-11,2025-08-11 14:45:55.000,MO2508-C-7500,1.0,0.8,1.0
2025-08-11,2025-08-11 14:45:55.500,MO2508-C-7500,1.0,0.8,1.0
2025-08-11,2025-08-11 14:46:05.000,MO2508-C-7500,1.0,0.8,1.0
2025-08-11,2025-08-11 14:46:05.500,MO2508-C-7500,1.0,0.8,1.0
2025-08-11,2025-08-11 14:46:15.000,MO2508-C-7500,1.0,0.8,1.0
2025-08-11,2025-08-11 14:46:15.500,MO2508-C-7500,1.0,0.8,1.0
2025-08-11,2025-08-11 14:46:25.000,MO2508-C-7500,1.0,0.8,1.0
2025-08-11,2025-08-11 14:46:25.500,MO2508-C-7500,1.0,0.8,1.0
2025-08-11,2025-08-11 14:46:35.000,MO2508-C-7500,1.0,0.8,1.0
2025-08-11,2025-08-11 14:46:35.500,MO2508-C-7500,1.0,0.8,1.0
2025-08-11,2025-08-11 14:46:45.000,MO2508-C-7500,1.0,0.8,1.0
2025-08-11,2025-08-11 14:46:45.500,MO2508-C-7500,1.0,0.8,1.0
2025-08-11,2025-08-11 14:46:55.000,MO2508-C-7500,1.0,0.8,1.0
2025-08-11,2025-08-11 14:46:55.500,MO2508-C-7500,1.0,0.8,1.0
2025-08-11,2025-08-11 14:47:05.000,MO2508-C-7500,1.0,0.8,1.0
2025-08-11,2025-08-11 14:47:05.500,MO2508-C-7500,1.0,0.8,1.0
2025-08-11,2025-08-11 14:47:15.000,MO2508-C-7500,1.0,0.8,1.0
2025-08-11,2025-08-11 14:47:15.500,MO2508-C-7500,1.0,0.8,1.0
2025-08-11,2025-08-11 14:47:25.000,MO2508-C-7500,1.0,0.8,1.0
2025-08-11,2025-08-11 14:47:25.500,MO2508-C-7500,1.0,0.8,1.0
2025-08-11,2025-08-11 14:47:35.000,MO2508-C-7500,1.0,0.8,1.0
2025-08-11,2025-08-11 14:47:35.500,MO2508-C-7500,1.0,0.8,1.0
2025-08-11,2025-08-11 14:47:45.000,MO2508-C-7500,1.0,0.8,1.0
2025-08-11,2025-08-11 14:47:45.500,MO2508-C-7500,1.0,0.8,1.0
2025-08-11,2025-08-11 14:47:55.000,MO2508-C-7500,1.0,0.8,1.0
2025-08-11,2025-08-11 14:47:55.500,MO2508-C-7500,1.0,0.8,1.0
2025-08-11,2025-08-11 14:48:05.000,MO2508-C-7500,1.0,0.8,1.0
2025-08-11,2025-08-11 14:48:05.500,MO2508-C-7500,1.0,0.8,1.0
2025-08-11,2025-08-11 14:48:15.000,MO2508-C-7500,1.0,0.8,1.0
2025-08-11,2025-08-11 14:48:15.500,MO2508-C-7500,1.0,0.8,1.0
2025-08-11,2025-08-11 14:48:21.500,MO2508-C-7500,1.0,0.8,1.0
2025-08-11,2025-08-11 14:48:25.000,MO2508-C-7500,1.0,0.8,1.0
2025-08-11,2025-08-11 14:48:25.500,MO2508-C-7500,1.0,0.8,1.0
2025-08-11,2025-08-11 14:48:28.500,MO2508-C-7500,1.0,0.8,1.0
2025-08-11,2025-08-11 14:48:29.000,MO2508-C-7500,1.0,0.8,1.0
2025-08-11,2025-08-11 14:48:35.000,MO2508-C-7500,1.0,0.8,1.0
2025-08-11,2025-08-11 14:48:35.500,MO2508-C-7500,1.0,0.8,1.0
2025-08-11,2025-08-11 14:48:40.500,MO2508-C-7500,1.0,0.8,1.0
2025-08-11,2025-08-11 14:48:45.000,MO2508-C-7500,1.0,0.8,1.0
2025-08-11,2025-08-11 14:48:45.500,MO2508-C-7500,1.0,0.8,1.0
2025-08-11,2025-08-11 14:48:55.000,MO2508-C-7500,1.0,0.8,1.0
2025-08-11,2025-08-11 14:48:55.500,MO2508-C-7500,1.0,0.8,1.0
2025-08-11,2025-08-11 14:49:05.000,MO2508-C-7500,1.0,0.8,1.0
2025-08-11,2025-08-11 14:49:05.500,MO2508-C-7500,1.0,0.8,1.0
2025-08-11,2025-08-11 14:49:09.500,MO2508-C-7500,1.0,0.8,1.0
2025-08-11,2025-08-11 14:49:15.000,MO2508-C-7500,1.0,0.8,1.0
2025-08-11,2025-08-11 14:49:15.500,MO2508-C-7500,1.0,0.8,1.0
2025-08-11,2025-08-11 14:49:24.500,MO2508-C-7500,1.0,0.8,1.0
2025-08-11,2025-08-11 14:49:25.000,MO2508-C-7500,1.0,0.8,1.0
2025-08-11,2025-08-11 14:49:25.500,MO2508-C-7500,1.0,0.8,1.0
2025-08-11,2025-08-11 14:49:35.000,MO2508-C-7500,1.0,0.8,1.0
2025-08-11,2025-08-11 14:49:35.500,MO2508-C-7500,1.0,0.8,1.0
2025-08-11,2025-08-11 14:49:43.500,MO2508-C-7500,1.0,0.8,1.0
2025-08-11,2025-08-11 14:49:45.000,MO2508-C-7500,1.0,0.8,1.0
2025-08-11,2025-08-11 14:49:45.500,MO2508-C-7500,1.0,0.8,1.0
2025-08-11,2025-08-11 14:49:55.000,MO2508-C-7500,1.0,0.8,1.0
2025-08-11,2025-08-11 14:49:55.500,MO2508-C-7500,1.0,0.8,1.0
2025-08-11,2025-08-11 14:49:56.000,MO2508-C-7500,1.0,0.8,1.0
2025-08-11,2025-08-11 14:49:57.000,MO2508-C-7500,1.0,0.8,1.0
2025-08-11,2025-08-11 14:49:58.500,MO2508-C-7500,1.0,0.8,1.0
2025-08-11,2025-08-11 14:50:00.500,MO2508-C-7500,1.0,0.8,1.0
2025-08-11,2025-08-11 14:50:01.000,MO2508-C-7500,1.0,0.8,1.0
2025-08-11,2025-08-11 14:50:01.500,MO2508-C-7500,1.0,0.8,1.0
2025-08-11,2025-08-11 14:50:02.000,MO2508-C-7500,1.0,0.8,1.0
2025-08-11,2025-08-11 14:50:02.500,MO2508-C-7500,1.0,0.8,1.0
2025-08-11,2025-08-11 14:50:05.000,MO2508-C-7500,1.0,0.8,1.0
2025-08-11,2025-08-11 14:50:05.500,MO2508-C-7500,1.0,0.8,1.0
2025-08-11,2025-08-11 14:50:11.500,MO2508-C-7500,1.0,0.8,1.0
2025-08-11,2025-08-11 14:50:12.000,MO2508-C-7500,1.0,0.8,1.0
2025-08-11,2025-08-11 14:50:15.000,MO2508-C-7500,1.0,0.8,1.0
2025-08-11,2025-08-11 14:50:15.500,MO2508-C-7500,1.0,0.8,1.0
2025-08-11,2025-08-11 14:50:16.500,MO2508-C-7500,0.8,0.8,1.0
2025-08-11,2025-08-11 14:50:17.000,MO2508-C-7500,0.8,0.8,1.0
2025-08-11,2025-08-11 14:50:17.500,MO2508-C-7500,0.8,0.8,1.0
2025-08-11,2025-08-11 14:50:18.000,MO2508-C-7500,0.8,0.8,1.0
2025-08-11,2025-08-11 14:50:25.000,MO2508-C-7500,0.8,0.8,1.0
2025-08-11,2025-08-11 14:50:25.500,MO2508-C-7500,0.8,0.8,1.0
2025-08-11,2025-08-11 14:50:32.500,MO2508-C-7500,0.8,0.8,1.0
2025-08-11,2025-08-11 14:50:33.000,MO2508-C-7500,0.8,0.8,1.0
2025-08-11,2025-08-11 14:50:35.000,MO2508-C-7500,0.8,0.8,1.0
2025-08-11,2025-08-11 14:50:35.500,MO2508-C-7500,0.8,0.8,1.0
2025-08-11,2025-08-11 14:50:38.500,MO2508-C-7500,0.8,0.8,1.0
2025-08-11,2025-08-11 14:50:39.000,MO2508-C-7500,0.8,0.8,1.0
2025-08-11,2025-08-11 14:50:39.500,MO2508-C-7500,0.8,0.8,1.0
2025-08-11,2025-08-11 14:50:45.000,MO2508-C-7500,0.8,0.8,1.0
2025-08-11,2025-08-11 14:50:45.500,MO2508-C-7500,0.8,0.8,1.0
2025-08-11,2025-08-11 14:50:55.000,MO2508-C-7500,0.8,0.8,1.0
2025-08-11,2025-08-11 14:50:55.500,MO2508-C-7500,0.8,0.8,1.0
2025-08-11,2025-08-11 14:51:05.000,MO2508-C-7500,0.8,0.8,1.0
2025-08-11,2025-08-11 14:51:05.500,MO2508-C-7500,0.8,0.8,1.0
2025-08-11,2025-08-11 14:51:08.000,MO2508-C-7500,0.8,0.8,1.0
2025-08-11,2025-08-11 14:51:08.500,MO2508-C-7500,0.8,0.8,1.0
2025-08-11,2025-08-11 14:51:15.000,MO2508-C-7500,0.8,0.8,1.0
2025-08-11,2025-08-11 14:51:15.500,MO2508-C-7500,0.8,0.8,1.0
2025-08-11,2025-08-11 14:51:25.000,MO2508-C-7500,0.8,0.8,1.0
2025-08-11,2025-08-11 14:51:25.500,MO2508-C-7500,0.8,0.8,1.0
2025-08-11,2025-08-11 14:51:35.000,MO2508-C-7500,0.8,0.8,1.0
2025-08-11,2025-08-11 14:51:35.500,MO2508-C-7500,0.8,0.8,1.0
2025-08-11,2025-08-11 14:51:45.000,MO2508-C-7500,0.8,0.8,1.0
2025-08-11,2025-08-11 14:51:45.500,MO2508-C-7500,0.8,0.8,1.0
2025-08-11,2025-08-11 14:51:55.000,MO2508-C-7500,0.8,0.8,1.0
2025-08-11,2025-08-11 14:51:55.500,MO2508-C-7500,0.8,0.8,1.0
2025-08-11,2025-08-11 14:52:05.000,MO2508-C-7500,0.8,0.8,1.0
2025-08-11,2025-08-11 14:52:05.500,MO2508-C-7500,0.8,0.8,1.0
2025-08-11,2025-08-11 14:52:15.000,MO2508-C-7500,0.8,0.8,1.0
2025-08-11,2025-08-11 14:52:15.500,MO2508-C-7500,0.8,0.8,1.0
2025-08-11,2025-08-11 14:52:25.000,MO2508-C-7500,0.8,0.8,1.0
2025-08-11,2025-08-11 14:52:25.500,MO2508-C-7500,0.8,0.8,1.0
2025-08-11,2025-08-11 14:52:35.000,MO2508-C-7500,0.8,0.8,1.0
2025-08-11,2025-08-11 14:52:35.500,MO2508-C-7500,0.8,0.8,1.0
2025-08-11,2025-08-11 14:52:41.000,MO2508-C-7500,1.0,0.8,1.0
2025-08-11,2025-08-11 14:52:45.000,MO2508-C-7500,1.0,0.8,1.0
2025-08-11,2025-08-11 14:52:45.500,MO2508-C-7500,1.0,0.8,1.0
2025-08-11,2025-08-11 14:52:55.000,MO2508-C-7500,1.0,0.8,1.0
2025-08-11,2025-08-11 14:52:55.500,MO2508-C-7500,1.0,0.8,1.0
2025-08-11,2025-08-11 14:53:02.000,MO2508-C-7500,1.0,0.8,1.0
2025-08-11,2025-08-11 14:53:02.500,MO2508-C-7500,1.0,0.8,1.0
2025-08-11,2025-08-11 14:53:05.000,MO2508-C-7500,1.0,0.8,1.0
2025-08-11,2025-08-11 14:53:05.500,MO2508-C-7500,1.0,0.8,1.0
2025-08-11,2025-08-11 14:53:07.500,MO2508-C-7500,1.0,0.8,1.0
2025-08-11,2025-08-11 14:53:15.000,MO2508-C-7500,1.0,0.8,1.0
2025-08-11,2025-08-11 14:53:15.500,MO2508-C-7500,1.0,0.8,1.0
2025-08-11,2025-08-11 14:53:22.500,MO2508-C-7500,1.0,0.8,1.0
2025-08-11,2025-08-11 14:53:23.500,MO2508-C-7500,1.0,0.8,1.0
2025-08-11,2025-08-11 14:53:24.000,MO2508-C-7500,1.0,0.8,1.0
2025-08-11,2025-08-11 14:53:25.000,MO2508-C-7500,1.0,0.8,1.0
2025-08-11,2025-08-11 14:53:25.500,MO2508-C-7500,1.0,0.8,1.0
2025-08-11,2025-08-11 14:53:35.000,MO2508-C-7500,1.0,0.8,1.0
2025-08-11,2025-08-11 14:53:35.500,MO2508-C-7500,1.0,0.8,1.0
2025-08-11,2025-08-11 14:53:45.000,MO2508-C-7500,1.0,0.8,1.0
2025-08-11,2025-08-11 14:53:45.500,MO2508-C-7500,1.0,0.8,1.0
2025-08-11,2025-08-11 14:53:55.000,MO2508-C-7500,1.0,0.8,1.0
2025-08-11,2025-08-11 14:53:55.500,MO2508-C-7500,1.0,0.8,1.0
2025-08-11,2025-08-11 14:54:01.000,MO2508-C-7500,1.0,0.8,1.0
2025-08-11,2025-08-11 14:54:05.000,MO2508-C-7500,1.0,0.8,1.0
2025-08-11,2025-08-11 14:54:05.500,MO2508-C-7500,1.0,0.8,1.0
2025-08-11,2025-08-11 14:54:15.000,MO2508-C-7500,1.0,0.8,1.0
2025-08-11,2025-08-11 14:54:15.500,MO2508-C-7500,1.0,0.8,1.0
2025-08-11,2025-08-11 14:54:25.000,MO2508-C-7500,1.0,0.8,1.0
2025-08-11,2025-08-11 14:54:25.500,MO2508-C-7500,1.0,0.8,1.0
2025-08-11,2025-08-11 14:54:33.000,MO2508-C-7500,1.0,0.8,1.0
2025-08-11,2025-08-11 14:54:35.000,MO2508-C-7500,1.0,0.8,1.0
2025-08-11,2025-08-11 14:54:35.500,MO2508-C-7500,1.0,0.8,1.0
2025-08-11,2025-08-11 14:54:45.000,MO2508-C-7500,1.0,0.8,1.0
2025-08-11,2025-08-11 14:54:45.500,MO2508-C-7500,1.0,0.8,1.0
2025-08-11,2025-08-11 14:54:46.000,MO2508-C-7500,1.0,0.8,1.0
2025-08-11,2025-08-11 14:54:46.500,MO2508-C-7500,1.0,0.8,1.0
2025-08-11,2025-08-11 14:54:55.000,MO2508-C-7500,1.0,0.8,1.0
2025-08-11,2025-08-11 14:54:55.500,MO2508-C-7500,1.0,0.8,1.0
2025-08-11,2025-08-11 14:55:01.000,MO2508-C-7500,1.0,0.8,1.0
2025-08-11,2025-08-11 14:55:05.000,MO2508-C-7500,1.0,0.8,1.0
2025-08-11,2025-08-11 14:55:05.500,MO2508-C-7500,1.0,0.8,1.0
2025-08-11,2025-08-11 14:55:07.000,MO2508-C-7500,1.0,0.8,1.0
2025-08-11,2025-08-11 14:55:08.000,MO2508-C-7500,1.0,0.8,1.0
2025-08-11,2025-08-11 14:55:15.000,MO2508-C-7500,1.0,0.8,1.0
2025-08-11,2025-08-11 14:55:15.500,MO2508-C-7500,1.0,0.8,1.0
2025-08-11,2025-08-11 14:55:25.000,MO2508-C-7500,1.0,0.8,1.0
2025-08-11,2025-08-11 14:55:25.500,MO2508-C-7500,1.0,0.8,1.0
2025-08-11,2025-08-11 14:55:29.000,MO2508-C-7500,1.0,0.8,1.0
2025-08-11,2025-08-11 14:55:35.000,MO2508-C-7500,1.0,0.8,1.0
2025-08-11,2025-08-11 14:55:35.500,MO2508-C-7500,1.0,0.8,1.0
2025-08-11,2025-08-11 14:55:43.000,MO2508-C-7500,1.0,0.8,1.0
2025-08-11,2025-08-11 14:55:43.500,MO2508-C-7500,1.0,0.8,1.0
2025-08-11,2025-08-11 14:55:44.000,MO2508-C-7500,1.0,0.8,1.0
2025-08-11,2025-08-11 14:55:45.000,MO2508-C-7500,1.0,0.8,1.0
2025-08-11,2025-08-11 14:55:45.500,MO2508-C-7500,1.0,0.8,1.0
2025-08-11,2025-08-11 14:55:55.000,MO2508-C-7500,1.0,0.8,1.0
2025-08-11,2025-08-11 14:55:55.500,MO2508-C-7500,1.0,0.8,1.0
2025-08-11,2025-08-11 14:56:05.000,MO2508-C-7500,1.0,0.8,1.0
2025-08-11,2025-08-11 14:56:05.500,MO2508-C-7500,1.0,0.8,1.0
2025-08-11,2025-08-11 14:56:10.000,MO2508-C-7500,1.0,0.8,1.0
2025-08-11,2025-08-11 14:56:10.500,MO2508-C-7500,1.0,0.8,1.0
2025-08-11,2025-08-11 14:56:15.000,MO2508-C-7500,1.0,0.8,1.0
2025-08-11,2025-08-11 14:56:15.500,MO2508-C-7500,1.0,0.8,1.0
2025-08-11,2025-08-11 14:56:25.000,MO2508-C-7500,1.0,0.8,1.0
2025-08-11,2025-08-11 14:56:25.500,MO2508-C-7500,1.0,0.8,1.0
2025-08-11,2025-08-11 14:56:28.000,MO2508-C-7500,1.0,0.8,1.0
2025-08-11,2025-08-11 14:56:29.000,MO2508-C-7500,1.0,0.8,1.0
2025-08-11,2025-08-11 14:56:30.500,MO2508-C-7500,1.0,0.8,1.0
2025-08-11,2025-08-11 14:56:34.000,MO2508-C-7500,1.0,0.8,1.0
2025-08-11,2025-08-11 14:56:35.000,MO2508-C-7500,1.0,0.8,1.0
2025-08-11,2025-08-11 14:56:35.500,MO2508-C-7500,1.0,0.8,1.0
2025-08-11,2025-08-11 14:56:36.000,MO2508-C-7500,1.0,0.8,1.0
2025-08-11,2025-08-11 14:56:40.500,MO2508-C-7500,1.0,0.8,1.0
2025-08-11,2025-08-11 14:56:45.000,MO2508-C-7500,1.0,0.8,1.0
2025-08-11,2025-08-11 14:56:45.500,MO2508-C-7500,1.0,0.8,1.0
2025-08-11,2025-08-11 14:56:51.500,MO2508-C-7500,1.0,0.8,1.0
2025-08-11,2025-08-11 14:56:53.500,MO2508-C-7500,1.0,0.8,1.0
2025-08-11,2025-08-11 14:56:54.000,MO2508-C-7500,1.0,0.8,1.0
2025-08-11,2025-08-11 14:56:56.000,MO2508-C-7500,1.0,0.8,1.0
2025-08-11,2025-08-11 14:56:56.500,MO2508-C-7500,1.0,0.8,1.0
2025-08-11,2025-08-11 14:56:59.000,MO2508-C-7500,1.0,0.8,1.0
2025-08-11,2025-08-11 15:00:00.000,MO2508-C-7500,1.0,0.8,1.0
2025-08-11,2025-08-11 15:25:32.000,MO2508-C-7500,1.0,0.8,1.0
2025-08-11,2025-08-11 15:29:49.500,MO2508-C-7500,1.0,0.8,1.0
2025-08-12,2025-08-12 09:29:00.400,MO2508-C-7500,1.0,0.4,29.0
2025-08-12,2025-08-12 09:30:00.400,MO2508-C-7500,1.0,0.4,1.4
2025-08-12,2025-08-12 09:30:00.900,MO2508-C-7500,1.0,0.4,1.4
2025-08-12,2025-08-12 09:30:01.400,MO2508-C-7500,1.0,0.4,13.4
2025-08-12,2025-08-12 09:30:01.900,MO2508-C-7500,1.0,0.6,16.0
2025-08-12,2025-08-12 09:30:02.400,MO2508-C-7500,1.0,0.4,16.0
2025-08-12,2025-08-12 09:30:02.900,MO2508-C-7500,1.0,0.4,5.4
2025-08-12,2025-08-12 09:30:03.400,MO2508-C-7500,1.0,0.6,5.4
2025-08-12,2025-08-12 09:30:03.900,MO2508-C-7500,1.0,0.4,5.4
2025-08-12,2025-08-12 09:30:04.400,MO2508-C-7500,1.0,0.6,5.2
2025-08-12,2025-08-12 09:30:04.900,MO2508-C-7500,1.0,0.6,5.2
2025-08-12,2025-08-12 09:30:10.400,MO2508-C-7500,1.0,0.6,5.2
2025-08-12,2025-08-12 09:30:10.900,MO2508-C-7500,1.0,0.6,5.2
2025-08-12,2025-08-12 09:30:11.400,MO2508-C-7500,1.0,0.8,4.4
2025-08-12,2025-08-12 09:30:11.900,MO2508-C-7500,1.0,0.8,4.2
2025-08-12,2025-08-12 09:30:12.400,MO2508-C-7500,1.0,1.0,4.0
2025-08-12,2025-08-12 09:30:12.900,MO2508-C-7500,1.0,0.8,3.8
2025-08-12,2025-08-12 09:30:13.400,MO2508-C-7500,1.0,0.8,3.6
2025-08-12,2025-08-12 09:30:13.900,MO2508-C-7500,1.0,1.0,3.4
2025-08-12,2025-08-12 09:30:14.400,MO2508-C-7500,1.0,0.8,3.2
2025-08-12,2025-08-12 09:30:14.900,MO2508-C-7500,1.0,1.0,3.0
2025-08-12,2025-08-12 09:30:15.400,MO2508-C-7500,1.0,0.8,2.8
2025-08-12,2025-08-12 09:30:15.900,MO2508-C-7500,1.0,1.0,2.6
2025-08-12,2025-08-12 09:30:16.400,MO2508-C-7500,1.0,0.8,2.4
2025-08-12,2025-08-12 09:30:16.900,MO2508-C-7500,1.0,1.0,2.2
2025-08-12,2025-08-12 09:30:17.400,MO2508-C-7500,1.0,0.8,2.0
2025-08-12,2025-08-12 09:30:17.900,MO2508-C-7500,1.0,1.0,1.8
2025-08-12,2025-08-12 09:30:18.400,MO2508-C-7500,1.0,0.8,1.6
2025-08-12,2025-08-12 09:30:18.900,MO2508-C-7500,1.0,0.8,1.4
2025-08-12,2025-08-12 09:30:19.400,MO2508-C-7500,1.0,0.8,1.2
2025-08-12,2025-08-12 09:30:19.900,MO2508-C-7500,1.0,0.8,1.0
2025-08-12,2025-08-12 09:30:20.400,MO2508-C-7500,1.0,0.8,1.0
2025-08-12,2025-08-12 09:30:20.900,MO2508-C-7500,1.0,0.8,1.0
2025-08-12,2025-08-12 09:30:22.900,MO2508-C-7500,1.0,0.8,1.0
2025-08-12,2025-08-12 09:30:23.400,MO2508-C-7500,1.0,0.8,1.0
2025-08-12,2025-08-12 09:30:23.900,MO2508-C-7500,1.0,0.8,1.0
2025-08-12,2025-08-12 09:30:24.400,MO2508-C-7500,1.0,0.8,1.0
2025-08-12,2025-08-12 09:30:24.900,MO2508-C-7500,1.0,0.8,1.0
2025-08-12,2025-08-12 09:30:25.400,MO2508-C-7500,1.0,0.8,1.0
2025-08-12,2025-08-12 09:30:25.900,MO2508-C-7500,1.0,0.8,1.0
2025-08-12,2025-08-12 09:30:26.400,MO2508-C-7500,1.0,0.8,1.0
2025-08-12,2025-08-12 09:30:26.900,MO2508-C-7500,1.0,0.8,1.0
2025-08-12,2025-08-12 09:30:27.400,MO2508-C-7500,1.0,0.8,1.0
2025-08-12,2025-08-12 09:30:27.900,MO2508-C-7500,1.0,0.8,1.0
2025-08-12,2025-08-12 09:30:28.400,MO2508-C-7500,1.0,0.6,1.0
2025-08-12,2025-08-12 09:30:28.900,MO2508-C-7500,1.0,0.6,1.0
2025-08-12,2025-08-12 09:30:29.400,MO2508-C-7500,1.0,0.6,1.0
2025-08-12,2025-08-12 09:30:29.900,MO2508-C-7500,1.0,0.6,1.0
2025-08-12,2025-08-12 09:30:30.400,MO2508-C-7500,1.0,0.6,1.0
2025-08-12,2025-08-12 09:30:36.400,MO2508-C-7500,1.0,0.6,1.0
2025-08-12,2025-08-12 09:30:36.900,MO2508-C-7500,1.0,0.8,1.0
2025-08-12,2025-08-12 09:30:37.400,MO2508-C-7500,1.0,0.8,1.0
2025-08-12,2025-08-12 09:30:37.900,MO2508-C-7500,1.0,0.8,1.0
2025-08-12,2025-08-12 09:30:38.400,MO2508-C-7500,1.0,0.8,1.0
2025-08-12,2025-08-12 09:30:38.900,MO2508-C-7500,1.0,0.8,1.0
2025-08-12,2025-08-12 09:30:41.900,MO2508-C-7500,1.0,0.8,1.0
2025-08-12,2025-08-12 09:30:42.400,MO2508-C-7500,1.0,0.8,1.0
2025-08-12,2025-08-12 09:30:42.900,MO2508-C-7500,0.8,0.8,1.0
2025-08-12,2025-08-12 09:30:43.400,MO2508-C-7500,0.8,0.8,1.0
2025-08-12,2025-08-12 09:30:43.900,MO2508-C-7500,0.8,0.6,1.0
2025-08-12,2025-08-12 09:30:44.400,MO2508-C-7500,0.8,0.8,1.0
2025-08-12,2025-08-12 09:30:47.400,MO2508-C-7500,0.8,0.8,1.0
2025-08-12,2025-08-12 09:30:51.400,MO2508-C-7500,0.8,0.8,1.0
2025-08-12,2025-08-12 09:30:55.900,MO2508-C-7500,0.8,0.6,1.0
2025-08-12,2025-08-12 09:30:59.400,MO2508-C-7500,0.8,0.6,1.0
2025-08-12,2025-08-12 09:31:03.900,MO2508-C-7500,0.8,0.6,1.0
2025-08-12,2025-08-12 09:31:08.400,MO2508-C-7500,0.8,0.6,1.0
2025-08-12,2025-08-12 09:31:12.400,MO2508-C-7500,0.8,0.6,0.8
2025-08-12,2025-08-12 09:31:12.900,MO2508-C-7500,0.8,0.6,0.8
2025-08-12,2025-08-12 09:31:13.400,MO2508-C-7500,0.8,0.6,0.8
2025-08-12,2025-08-12 09:31:13.900,MO2508-C-7500,0.8,0.6,0.8
2025-08-12,2025-08-12 09:31:14.400,MO2508-C-7500,0.8,0.6,0.8
2025-08-12,2025-08-12 09:31:16.400,MO2508-C-7500,0.8,0.6,0.8
2025-08-12,2025-08-12 09:31:16.900,MO2508-C-7500,0.6,0.6,0.8
2025-08-12,2025-08-12 09:31:17.400,MO2508-C-7500,0.6,0.6,0.8
2025-08-12,2025-08-12 09:31:21.900,MO2508-C-7500,0.6,0.6,0.8
2025-08-12,2025-08-12 09:31:22.900,MO2508-C-7500,0.6,0.6,1.0
2025-08-12,2025-08-12 09:31:23.400,MO2508-C-7500,0.6,0.6,1.0
2025-08-12,2025-08-12 09:31:25.900,MO2508-C-7500,0.6,0.6,0.8
2025-08-12,2025-08-12 09:31:26.400,MO2508-C-7500,0.6,0.6,0.8
2025-08-12,2025-08-12 09:31:26.900,MO2508-C-7500,0.6,0.6,0.8
2025-08-12,2025-08-12 09:31:27.900,MO2508-C-7500,0.6,0.6,0.8
2025-08-12,2025-08-12 09:31:29.400,MO2508-C-7500,0.6,0.6,0.8
2025-08-12,2025-08-12 09:31:29.900,MO2508-C-7500,0.6,0.6,0.8
2025-08-12,2025-08-12 09:31:31.900,MO2508-C-7500,0.6,0.6,0.8
2025-08-12,2025-08-12 09:31:32.400,MO2508-C-7500,0.8,0.6,0.8
2025-08-12,2025-08-12 09:31:32.900,MO2508-C-7500,0.8,0.6,0.8
2025-08-12,2025-08-12 09:31:36.400,MO2508-C-7500,0.8,0.6,0.8
2025-08-12,2025-08-12 09:31:36.900,MO2508-C-7500,0.8,0.6,0.8
2025-08-12,2025-08-12 09:31:37.400,MO2508-C-7500,0.8,0.6,0.8
2025-08-12,2025-08-12 09:31:38.900,MO2508-C-7500,0.8,0.6,0.8
2025-08-12,2025-08-12 09:31:41.400,MO2508-C-7500,0.8,0.6,0.8
2025-08-12,2025-08-12 09:31:41.900,MO2508-C-7500,0.8,0.6,0.8
2025-08-12,2025-08-12 09:31:43.400,MO2508-C-7500,0.8,0.6,0.8
2025-08-12,2025-08-12 09:31:43.900,MO2508-C-7500,0.8,0.6,0.8
2025-08-12,2025-08-12 09:31:55.900,MO2508-C-7500,0.8,0.6,0.8
2025-08-12,2025-08-12 09:31:56.400,MO2508-C-7500,0.8,0.6,0.8
2025-08-12,2025-08-12 09:32:01.900,MO2508-C-7500,0.8,0.6,0.8
2025-08-12,2025-08-12 09:32:02.400,MO2508-C-7500,0.8,0.6,0.8
2025-08-12,2025-08-12 09:32:02.900,MO2508-C-7500,0.8,0.6,0.8
2025-08-12,2025-08-12 09:32:03.400,MO2508-C-7500,0.8,0.6,0.8
2025-08-12,2025-08-12 09:32:03.900,MO2508-C-7500,0.8,0.6,0.8
2025-08-12,2025-08-12 09:32:04.400,MO2508-C-7500,0.8,0.6,0.8
2025-08-12,2025-08-12 09:32:04.900,MO2508-C-7500,0.8,0.6,0.8
2025-08-12,2025-08-12 09:32:05.900,MO2508-C-7500,0.8,0.6,0.8
2025-08-12,2025-08-12 09:32:06.400,MO2508-C-7500,0.6,0.6,0.8
2025-08-12,2025-08-12 09:32:06.900,MO2508-C-7500,0.6,0.6,0.8
2025-08-12,2025-08-12 09:32:09.900,MO2508-C-7500,0.6,0.6,0.8
2025-08-12,2025-08-12 09:32:11.900,MO2508-C-7500,0.6,0.6,0.8
2025-08-12,2025-08-12 09:32:12.400,MO2508-C-7500,0.8,0.6,0.8
2025-08-12,2025-08-12 09:32:12.900,MO2508-C-7500,0.8,0.6,0.8
2025-08-12,2025-08-12 09:32:13.900,MO2508-C-7500,0.8,0.6,0.8
2025-08-12,2025-08-12 09:32:16.400,MO2508-C-7500,0.8,0.6,0.8
2025-08-12,2025-08-12 09:32:17.400,MO2508-C-7500,0.8,0.6,0.8
2025-08-12,2025-08-12 09:32:18.400,MO2508-C-7500,0.6,0.6,0.8
2025-08-12,2025-08-12 09:32:18.900,MO2508-C-7500,0.6,0.6,0.8
2025-08-12,2025-08-12 09:32:22.400,MO2508-C-7500,0.6,0.6,0.8
2025-08-12,2025-08-12 09:32:22.900,MO2508-C-7500,0.6,0.6,0.8
2025-08-12,2025-08-12 09:32:23.400,MO2508-C-7500,0.6,0.6,0.8
2025-08-12,2025-08-12 09:32:24.400,MO2508-C-7500,0.6,0.6,0.8
2025-08-12,2025-08-12 09:32:26.400,MO2508-C-7500,0.6,0.6,0.8
2025-08-12,2025-08-12 09:32:27.900,MO2508-C-7500,0.6,0.6,0.8
2025-08-12,2025-08-12 09:32:28.400,MO2508-C-7500,0.6,0.6,0.8
2025-08-12,2025-08-12 09:32:29.400,MO2508-C-7500,0.6,0.6,0.8
2025-08-12,2025-08-12 09:32:32.900,MO2508-C-7500,0.6,0.6,0.8
2025-08-12,2025-08-12 09:32:39.900,MO2508-C-7500,0.6,0.6,0.8
2025-08-12,2025-08-12 09:32:41.900,MO2508-C-7500,0.6,0.6,0.8
2025-08-12,2025-08-12 09:32:42.400,MO2508-C-7500,0.8,0.6,0.8
2025-08-12,2025-08-12 09:32:42.900,MO2508-C-7500,0.8,0.6,0.8
2025-08-12,2025-08-12 09:32:43.400,MO2508-C-7500,0.8,0.6,0.8
2025-08-12,2025-08-12 09:32:45.900,MO2508-C-7500,0.8,0.6,0.8
2025-08-12,2025-08-12 09:32:46.900,MO2508-C-7500,0.8,0.6,0.8
2025-08-12,2025-08-12 09:32:47.400,MO2508-C-7500,0.8,0.6,0.8
2025-08-12,2025-08-12 09:32:48.900,MO2508-C-7500,0.8,0.6,0.8
2025-08-12,2025-08-12 09:32:49.400,MO2508-C-7500,0.8,0.6,0.8
2025-08-12,2025-08-12 09:32:49.900,MO2508-C-7500,0.8,0.6,0.8
2025-08-12,2025-08-12 09:32:55.900,MO2508-C-7500,0.8,0.6,0.8
2025-08-12,2025-08-12 09:32:56.900,MO2508-C-7500,0.8,0.6,0.8
2025-08-12,2025-08-12 09:32:57.400,MO2508-C-7500,0.8,0.6,0.8
2025-08-12,2025-08-12 09:32:58.900,MO2508-C-7500,0.8,0.6,0.8
2025-08-12,2025-08-12 09:32:59.400,MO2508-C-7500,0.8,0.6,0.8
2025-08-12,2025-08-12 09:33:04.400,MO2508-C-7500,0.8,0.6,0.8
2025-08-12,2025-08-12 09:33:06.900,MO2508-C-7500,0.8,0.6,0.8
2025-08-12,2025-08-12 09:33:07.400,MO2508-C-7500,0.8,0.6,0.8
2025-08-12,2025-08-12 09:33:08.900,MO2508-C-7500,0.6,0.6,0.8
2025-08-12,2025-08-12 09:33:09.400,MO2508-C-7500,0.6,0.4,0.8
2025-08-12,2025-08-12 09:33:09.900,MO2508-C-7500,0.6,0.4,0.8
2025-08-12,2025-08-12 09:33:10.900,MO2508-C-7500,0.6,0.4,0.8
2025-08-12,2025-08-12 09:33:13.900,MO2508-C-7500,0.6,0.4,0.8
2025-08-12,2025-08-12 09:33:18.900,MO2508-C-7500,0.6,0.4,0.8
2025-08-12,2025-08-12 09:33:19.400,MO2508-C-7500,0.6,0.4,0.8
2025-08-12,2025-08-12 09:33:20.400,MO2508-C-7500,0.6,0.4,0.8
2025-08-12,2025-08-12 09:33:20.900,MO2508-C-7500,0.6,0.4,0.8
2025-08-12,2025-08-12 09:33:21.400,MO2508-C-7500,0.6,0.4,0.8
2025-08-12,2025-08-12 09:33:28.900,MO2508-C-7500,0.6,0.4,0.8
2025-08-12,2025-08-12 09:33:29.400,MO2508-C-7500,0.6,0.4,0.8
2025-08-12,2025-08-12 09:33:38.900,MO2508-C-7500,0.6,0.4,0.8
2025-08-12,2025-08-12 09:33:39.400,MO2508-C-7500,0.6,0.4,0.8
2025-08-12,2025-08-12 09:33:42.400,MO2508-C-7500,0.6,0.4,0.8
2025-08-12,2025-08-12 09:33:44.400,MO2508-C-7500,0.6,0.4,0.8
2025-08-12,2025-08-12 09:33:47.900,MO2508-C-7500,0.6,0.4,0.8
2025-08-12,2025-08-12 09:33:48.900,MO2508-C-7500,0.6,0.4,0.8
2025-08-12,2025-08-12 09:33:49.400,MO2508-C-7500,0.6,0.4,0.8
2025-08-12,2025-08-12 09:33:51.900,MO2508-C-7500,0.6,0.4,0.8
2025-08-12,2025-08-12 09:33:52.400,MO2508-C-7500,0.6,0.4,0.8
2025-08-12,2025-08-12 09:33:52.900,MO2508-C-7500,0.6,0.4,0.8
2025-08-12,2025-08-12 09:33:53.900,MO2508-C-7500,0.6,0.4,0.8
2025-08-12,2025-08-12 09:33:54.400,MO2508-C-7500,0.6,0.4,0.8
2025-08-12,2025-08-12 09:33:54.900,MO2508-C-7500,0.6,0.4,0.8
2025-08-12,2025-08-12 09:33:55.400,MO2508-C-7500,0.6,0.4,0.8
2025-08-12,2025-08-12 09:33:55.900,MO2508-C-7500,0.6,0.4,0.8
2025-08-12,2025-08-12 09:33:58.900,MO2508-C-7500,0.6,0.4,0.8
2025-08-12,2025-08-12 09:33:59.400,MO2508-C-7500,0.6,0.4,0.8
2025-08-12,2025-08-12 09:34:02.900,MO2508-C-7500,0.6,0.4,0.8
2025-08-12,2025-08-12 09:34:04.400,MO2508-C-7500,0.6,0.4,0.8
2025-08-12,2025-08-12 09:34:04.900,MO2508-C-7500,0.6,0.4,0.8
2025-08-12,2025-08-12 09:34:06.900,MO2508-C-7500,0.6,0.4,0.8
2025-08-12,2025-08-12 09:34:08.900,MO2508-C-7500,0.6,0.4,0.8
2025-08-12,2025-08-12 09:34:09.400,MO2508-C-7500,0.6,0.6,0.8
2025-08-12,2025-08-12 09:34:09.900,MO2508-C-7500,0.6,0.4,0.8
2025-08-12,2025-08-12 09:34:16.900,MO2508-C-7500,0.6,0.4,0.8
2025-08-12,2025-08-12 09:34:17.900,MO2508-C-7500,0.6,0.4,0.8
2025-08-12,2025-08-12 09:34:18.900,MO2508-C-7500,0.6,0.4,0.8
2025-08-12,2025-08-12 09:34:19.400,MO2508-C-7500,0.6,0.4,0.8
2025-08-12,2025-08-12 09:34:24.900,MO2508-C-7500,0.6,0.4,0.8
2025-08-12,2025-08-12 09:34:28.400,MO2508-C-7500,0.6,0.6,0.8
2025-08-12,2025-08-12 09:34:28.900,MO2508-C-7500,0.6,0.6,0.8
2025-08-12,2025-08-12 09:34:29.400,MO2508-C-7500,0.6,0.6,0.8
2025-08-12,2025-08-12 09:34:38.900,MO2508-C-7500,0.6,0.6,0.8
2025-08-12,2025-08-12 09:34:39.400,MO2508-C-7500,0.6,0.6,0.8
2025-08-12,2025-08-12 09:34:44.400,MO2508-C-7500,0.6,0.6,0.8
2025-08-12,2025-08-12 09:34:48.900,MO2508-C-7500,0.6,0.6,0.8
2025-08-12,2025-08-12 09:34:49.400,MO2508-C-7500,0.6,0.6,0.8
2025-08-12,2025-08-12 09:34:49.900,MO2508-C-7500,0.6,0.4,0.8
2025-08-12,2025-08-12 09:34:50.400,MO2508-C-7500,0.6,0.4,0.8
2025-08-12,2025-08-12 09:34:57.400,MO2508-C-7500,0.6,0.4,0.8
2025-08-12,2025-08-12 09:34:57.900,MO2508-C-7500,0.6,0.4,0.8
2025-08-12,2025-08-12 09:34:58.900,MO2508-C-7500,0.6,0.4,0.8
2025-08-12,2025-08-12 09:34:59.400,MO2508-C-7500,0.6,0.4,0.8
2025-08-12,2025-08-12 09:35:08.900,MO2508-C-7500,0.6,0.4,0.8
2025-08-12,2025-08-12 09:35:09.400,MO2508-C-7500,0.6,0.4,0.8
2025-08-12,2025-08-12 09:35:12.400,MO2508-C-7500,0.6,0.4,0.8
2025-08-12,2025-08-12 09:35:12.900,MO2508-C-7500,0.6,0.4,0.8
2025-08-12,2025-08-12 09:35:16.900,MO2508-C-7500,0.6,0.6,0.8
2025-08-12,2025-08-12 09:35:17.400,MO2508-C-7500,0.6,0.6,0.8
2025-08-12,2025-08-12 09:35:17.900,MO2508-C-7500,0.6,0.6,0.8
2025-08-12,2025-08-12 09:35:18.900,MO2508-C-7500,0.6,0.6,0.8
2025-08-12,2025-08-12 09:35:19.400,MO2508-C-7500,0.6,0.6,0.8
2025-08-12,2025-08-12 09:35:22.900,MO2508-C-7500,0.6,0.6,0.8
2025-08-12,2025-08-12 09:35:23.400,MO2508-C-7500,0.6,0.6,0.8
2025-08-12,2025-08-12 09:35:23.900,MO2508-C-7500,0.8,0.6,0.8
2025-08-12,2025-08-12 09:35:28.900,MO2508-C-7500,0.8,0.6,0.8
2025-08-12,2025-08-12 09:35:29.400,MO2508-C-7500,0.8,0.6,0.8
2025-08-12,2025-08-12 09:35:29.900,MO2508-C-7500,0.8,0.6,0.8
2025-08-12,2025-08-12 09:35:30.900,MO2508-C-7500,0.8,0.6,0.8
2025-08-12,2025-08-12 09:35:34.400,MO2508-C-7500,0.8,0.6,0.8
2025-08-12,2025-08-12 09:35:35.400,MO2508-C-7500,0.8,0.6,0.8
2025-08-12,2025-08-12 09:35:35.900,MO2508-C-7500,0.8,0.6,0.8
2025-08-12,2025-08-12 09:35:36.400,MO2508-C-7500,0.8,0.6,0.8
2025-08-12,2025-08-12 09:35:36.900,MO2508-C-7500,0.8,0.6,0.8
2025-08-12,2025-08-12 09:35:37.400,MO2508-C-7500,0.8,0.6,0.8
2025-08-12,2025-08-12 09:35:37.900,MO2508-C-7500,0.8,0.6,0.8
2025-08-12,2025-08-12 09:35:38.900,MO2508-C-7500,0.8,0.6,0.8
2025-08-12,2025-08-12 09:35:39.400,MO2508-C-7500,0.8,0.6,0.8
2025-08-12,2025-08-12 09:35:39.900,MO2508-C-7500,0.8,0.6,0.8
2025-08-12,2025-08-12 09:35:40.400,MO2508-C-7500,0.8,0.6,0.8
2025-08-12,2025-08-12 09:35:40.900,MO2508-C-7500,0.8,0.6,0.8
2025-08-12,2025-08-12 09:35:48.900,MO2508-C-7500,0.8,0.6,0.8
2025-08-12,2025-08-12 09:35:49.400,MO2508-C-7500,0.8,0.6,0.8
2025-08-12,2025-08-12 09:35:51.900,MO2508-C-7500,0.8,0.6,0.8
2025-08-12,2025-08-12 09:35:57.400,MO2508-C-7500,0.8,0.6,0.8
2025-08-12,2025-08-12 09:35:58.900,MO2508-C-7500,0.8,0.6,0.8
2025-08-12,2025-08-12 09:35:59.400,MO2508-C-7500,0.8,0.6,0.8
2025-08-12,2025-08-12 09:36:01.900,MO2508-C-7500,0.8,0.6,0.8
2025-08-12,2025-08-12 09:36:02.400,MO2508-C-7500,0.8,0.6,0.8
2025-08-12,2025-08-12 09:36:08.900,MO2508-C-7500,0.8,0.6,0.8
2025-08-12,2025-08-12 09:36:09.400,MO2508-C-7500,0.8,0.6,0.8
2025-08-12,2025-08-12 09:36:09.900,MO2508-C-7500,0.8,0.6,0.8
2025-08-12,2025-08-12 09:36:11.400,MO2508-C-7500,0.8,0.6,0.8
2025-08-12,2025-08-12 09:36:12.400,MO2508-C-7500,0.8,0.6,0.8
2025-08-12,2025-08-12 09:36:18.900,MO2508-C-7500,0.8,0.6,0.8
2025-08-12,2025-08-12 09:36:19.400,MO2508-C-7500,0.8,0.6,0.8
2025-08-12,2025-08-12 09:36:19.900,MO2508-C-7500,0.8,0.6,0.8
2025-08-12,2025-08-12 09:36:28.900,MO2508-C-7500,0.8,0.6,0.8
2025-08-12,2025-08-12 09:36:29.400,MO2508-C-7500,0.8,0.6,0.8
2025-08-12,2025-08-12 09:36:38.900,MO2508-C-7500,0.8,0.6,0.8
2025-08-12,2025-08-12 09:36:39.400,MO2508-C-7500,0.8,0.6,0.8
2025-08-12,2025-08-12 09:36:43.900,MO2508-C-7500,0.8,0.6,0.8
2025-08-12,2025-08-12 09:36:44.400,MO2508-C-7500,0.8,0.6,0.8
2025-08-12,2025-08-12 09:36:48.900,MO2508-C-7500,0.8,0.6,0.8
2025-08-12,2025-08-12 09:36:49.400,MO2508-C-7500,0.8,0.6,0.8
2025-08-12,2025-08-12 09:36:53.400,MO2508-C-7500,0.8,0.6,0.8
2025-08-12,2025-08-12 09:36:54.900,MO2508-C-7500,0.8,0.6,0.8
2025-08-12,2025-08-12 09:36:58.400,MO2508-C-7500,0.6,0.6,0.8
2025-08-12,2025-08-12 09:36:58.900,MO2508-C-7500,0.6,0.6,0.8
2025-08-12,2025-08-12 09:36:59.400,MO2508-C-7500,0.6,0.6,0.8
2025-08-12,2025-08-12 09:37:03.900,MO2508-C-7500,0.6,0.6,0.8
2025-08-12,2025-08-12 09:37:04.900,MO2508-C-7500,0.6,0.6,0.8
2025-08-12,2025-08-12 09:37:05.900,MO2508-C-7500,0.6,0.6,0.8
2025-08-12,2025-08-12 09:37:08.900,MO2508-C-7500,0.6,0.6,0.8
2025-08-12,2025-08-12 09:37:09.400,MO2508-C-7500,0.6,0.6,0.8
2025-08-12,2025-08-12 09:37:18.900,MO2508-C-7500,0.6,0.6,0.8
2025-08-12,2025-08-12 09:37:19.400,MO2508-C-7500,0.6,0.6,0.8
2025-08-12,2025-08-12 09:37:28.900,MO2508-C-7500,0.6,0.6,0.8
2025-08-12,2025-08-12 09:37:29.400,MO2508-C-7500,0.6,0.6,0.8
2025-08-12,2025-08-12 09:37:36.900,MO2508-C-7500,0.6,0.6,0.8
2025-08-12,2025-08-12 09:37:38.900,MO2508-C-7500,0.6,0.6,0.8
2025-08-12,2025-08-12 09:37:39.400,MO2508-C-7500,0.6,0.6,0.8
2025-08-12,2025-08-12 09:37:48.900,MO2508-C-7500,0.6,0.6,0.8
2025-08-12,2025-08-12 09:37:49.400,MO2508-C-7500,0.6,0.6,0.8
2025-08-12,2025-08-12 09:37:58.900,MO2508-C-7500,0.6,0.6,0.8
2025-08-12,2025-08-12 09:37:59.400,MO2508-C-7500,0.6,0.6,0.8
2025-08-12,2025-08-12 09:37:59.900,MO2508-C-7500,0.6,0.6,0.8
2025-08-12,2025-08-12 09:38:03.400,MO2508-C-7500,0.6,0.6,0.8
2025-08-12,2025-08-12 09:38:08.900,MO2508-C-7500,0.6,0.6,0.8
2025-08-12,2025-08-12 09:38:09.400,MO2508-C-7500,0.6,0.6,0.8
2025-08-12,2025-08-12 09:38:14.400,MO2508-C-7500,0.6,0.6,0.8
2025-08-12,2025-08-12 09:38:18.900,MO2508-C-7500,0.6,0.6,0.8
2025-08-12,2025-08-12 09:38:19.400,MO2508-C-7500,0.6,0.6,0.8
2025-08-12,2025-08-12 09:38:28.900,MO2508-C-7500,0.6,0.6,0.8
2025-08-12,2025-08-12 09:38:29.400,MO2508-C-7500,0.6,0.6,0.8
2025-08-12,2025-08-12 09:38:38.900,MO2508-C-7500,0.6,0.6,0.8
2025-08-12,2025-08-12 09:38:39.400,MO2508-C-7500,0.6,0.6,0.8
2025-08-12,2025-08-12 09:38:44.400,MO2508-C-7500,0.6,0.6,0.8
2025-08-12,2025-08-12 09:38:48.900,MO2508-C-7500,0.6,0.6,0.8
2025-08-12,2025-08-12 09:38:49.400,MO2508-C-7500,0.6,0.6,0.8
2025-08-12,2025-08-12 09:38:57.900,MO2508-C-7500,0.6,0.6,0.8
2025-08-12,2025-08-12 09:38:58.900,MO2508-C-7500,0.6,0.6,0.8
2025-08-12,2025-08-12 09:38:59.400,MO2508-C-7500,0.6,0.6,0.8
2025-08-12,2025-08-12 09:39:03.400,MO2508-C-7500,0.6,0.6,0.8
2025-08-12,2025-08-12 09:39:03.900,MO2508-C-7500,0.6,0.6,0.8
2025-08-12,2025-08-12 09:39:08.900,MO2508-C-7500,0.6,0.6,0.8
2025-08-12,2025-08-12 09:39:09.400,MO2508-C-7500,0.6,0.6,0.8
2025-08-12,2025-08-12 09:39:09.900,MO2508-C-7500,0.6,0.6,0.8
2025-08-12,2025-08-12 09:39:10.400,MO2508-C-7500,0.8,0.6,0.8
2025-08-12,2025-08-12 09:39:10.900,MO2508-C-7500,0.8,0.6,0.8
2025-08-12,2025-08-12 09:39:12.900,MO2508-C-7500,0.8,0.6,0.8
2025-08-12,2025-08-12 09:39:13.400,MO2508-C-7500,0.8,0.6,0.8
2025-08-12,2025-08-12 09:39:13.900,MO2508-C-7500,0.8,0.6,0.8
2025-08-12,2025-08-12 09:39:14.400,MO2508-C-7500,0.8,0.6,0.8
2025-08-12,2025-08-12 09:39:18.900,MO2508-C-7500,0.8,0.6,0.8
2025-08-12,2025-08-12 09:39:19.400,MO2508-C-7500,0.8,0.6,0.8
2025-08-12,2025-08-12 09:39:19.900,MO2508-C-7500,0.8,0.6,0.8
2025-08-12,2025-08-12 09:39:28.900,MO2508-C-7500,0.8,0.6,0.8
2025-08-12,2025-08-12 09:39:29.400,MO2508-C-7500,0.8,0.6,0.8
2025-08-12,2025-08-12 09:39:29.900,MO2508-C-7500,0.8,0.6,0.8
2025-08-12,2025-08-12 09:39:32.900,MO2508-C-7500,0.8,0.6,0.8
2025-08-12,2025-08-12 09:39:33.400,MO2508-C-7500,0.8,0.6,0.8
2025-08-12,2025-08-12 09:39:33.900,MO2508-C-7500,0.8,0.6,0.8
2025-08-12,2025-08-12 09:39:34.900,MO2508-C-7500,0.8,0.8,1.0
2025-08-12,2025-08-12 09:39:35.400,MO2508-C-7500,0.8,0.6,1.0
2025-08-12,2025-08-12 09:39:35.900,MO2508-C-7500,0.8,0.6,1.0
2025-08-12,2025-08-12 09:39:36.400,MO2508-C-7500,0.8,0.6,1.0
2025-08-12,2025-08-12 09:39:38.900,MO2508-C-7500,0.8,0.6,1.0
2025-08-12,2025-08-12 09:39:39.400,MO2508-C-7500,0.8,0.6,1.0
2025-08-12,2025-08-12 09:39:40.900,MO2508-C-7500,1.0,0.8,1.0
2025-08-12,2025-08-12 09:39:41.400,MO2508-C-7500,0.8,0.6,1.0
2025-08-12,2025-08-12 09:39:41.900,MO2508-C-7500,0.8,0.6,1.0
2025-08-12,2025-08-12 09:39:42.400,MO2508-C-7500,0.8,0.6,1.0
2025-08-12,2025-08-12 09:39:42.900,MO2508-C-7500,1.0,0.6,1.0
2025-08-12,2025-08-12 09:39:43.400,MO2508-C-7500,1.0,0.6,1.0
2025-08-12,2025-08-12 09:39:46.400,MO2508-C-7500,1.0,0.6,1.0
2025-08-12,2025-08-12 09:39:47.400,MO2508-C-7500,1.0,0.6,1.0
2025-08-12,2025-08-12 09:39:47.900,MO2508-C-7500,1.0,0.6,1.0
2025-08-12,2025-08-12 09:39:48.400,MO2508-C-7500,1.0,0.6,1.0
2025-08-12,2025-08-12 09:39:48.900,MO2508-C-7500,1.0,0.6,1.0
2025-08-12,2025-08-12 09:39:49.400,MO2508-C-7500,1.0,0.6,1.0
2025-08-12,2025-08-12 09:39:52.900,MO2508-C-7500,1.0,0.6,1.0
2025-08-12,2025-08-12 09:39:53.400,MO2508-C-7500,0.8,0.8,1.0
2025-08-12,2025-08-12 09:39:53.900,MO2508-C-7500,0.8,0.6,1.0
2025-08-12,2025-08-12 09:39:54.400,MO2508-C-7500,0.8,0.6,1.0
2025-08-12,2025-08-12 09:39:54.900,MO2508-C-7500,0.8,0.6,1.0
2025-08-12,2025-08-12 09:39:57.400,MO2508-C-7500,0.8,0.6,1.0
2025-08-12,2025-08-12 09:39:58.900,MO2508-C-7500,0.8,0.6,1.0
2025-08-12,2025-08-12 09:39:59.400,MO2508-C-7500,0.8,0.6,1.0
2025-08-12,2025-08-12 09:40:01.900,MO2508-C-7500,0.8,0.6,1.0
2025-08-12,2025-08-12 09:40:02.400,MO2508-C-7500,0.8,0.6,1.0
2025-08-12,2025-08-12 09:40:04.400,MO2508-C-7500,0.8,0.8,1.0
2025-08-12,2025-08-12 09:40:04.900,MO2508-C-7500,0.8,0.8,1.0
2025-08-12,2025-08-12 09:40:07.400,MO2508-C-7500,0.8,0.8,1.0
2025-08-12,2025-08-12 09:40:07.900,MO2508-C-7500,0.8,0.8,1.0
2025-08-12,2025-08-12 09:40:08.400,MO2508-C-7500,0.8,0.8,1.0
2025-08-12,2025-08-12 09:40:08.900,MO2508-C-7500,0.8,0.8,1.0
2025-08-12,2025-08-12 09:40:09.400,MO2508-C-7500,0.8,0.8,1.0
2025-08-12,2025-08-12 09:40:14.400,MO2508-C-7500,0.8,0.8,1.0
2025-08-12,2025-08-12 09:40:18.900,MO2508-C-7500,0.8,0.8,1.0
2025-08-12,2025-08-12 09:40:19.400,MO2508-C-7500,0.8,0.8,1.0
2025-08-12,2025-08-12 09:40:19.900,MO2508-C-7500,0.8,0.8,1.0
2025-08-12,2025-08-12 09:40:23.400,MO2508-C-7500,0.8,0.8,1.0
2025-08-12,2025-08-12 09:40:24.900,MO2508-C-7500,0.8,0.8,1.0
2025-08-12,2025-08-12 09:40:28.400,MO2508-C-7500,0.8,0.8,1.0
2025-08-12,2025-08-12 09:40:28.900,MO2508-C-7500,0.8,0.8,1.0
2025-08-12,2025-08-12 09:40:29.400,MO2508-C-7500,0.8,0.8,1.0
2025-08-12,2025-08-12 09:40:29.900,MO2508-C-7500,0.8,0.8,1.0
2025-08-12,2025-08-12 09:40:30.400,MO2508-C-7500,0.8,0.8,1.0
2025-08-12,2025-08-12 09:40:30.900,MO2508-C-7500,0.8,0.8,1.0
2025-08-12,2025-08-12 09:40:31.900,MO2508-C-7500,0.8,0.8,1.0
2025-08-12,2025-08-12 09:40:33.900,MO2508-C-7500,0.8,0.8,1.0
2025-08-12,2025-08-12 09:40:38.900,MO2508-C-7500,0.8,0.8,1.0
2025-08-12,2025-08-12 09:40:39.400,MO2508-C-7500,0.8,0.8,1.0
2025-08-12,2025-08-12 09:40:43.400,MO2508-C-7500,0.8,0.8,1.0
2025-08-12,2025-08-12 09:40:43.900,MO2508-C-7500,0.8,0.8,1.0
2025-08-12,2025-08-12 09:40:44.400,MO2508-C-7500,1.0,1.0,1.2
2025-08-12,2025-08-12 09:40:44.900,MO2508-C-7500,1.0,1.0,1.2
2025-08-12,2025-08-12 09:40:45.400,MO2508-C-7500,1.0,1.0,1.2
2025-08-12,2025-08-12 09:40:45.900,MO2508-C-7500,1.0,1.0,1.2
2025-08-12,2025-08-12 09:40:47.900,MO2508-C-7500,1.0,1.0,1.2
2025-08-12,2025-08-12 09:40:48.400,MO2508-C-7500,1.0,1.0,1.2
2025-08-12,2025-08-12 09:40:48.900,MO2508-C-7500,1.0,1.0,1.2
2025-08-12,2025-08-12 09:40:49.400,MO2508-C-7500,1.0,1.0,1.2
2025-08-12,2025-08-12 09:40:50.900,MO2508-C-7500,1.0,1.0,1.2
2025-08-12,2025-08-12 09:40:51.400,MO2508-C-7500,1.0,1.0,1.2
2025-08-12,2025-08-12 09:40:55.400,MO2508-C-7500,1.0,1.0,1.2
2025-08-12,2025-08-12 09:40:55.900,MO2508-C-7500,1.0,1.0,1.2
2025-08-12,2025-08-12 09:40:56.400,MO2508-C-7500,1.0,1.0,1.2
2025-08-12,2025-08-12 09:40:57.400,MO2508-C-7500,1.0,1.0,1.2
2025-08-12,2025-08-12 09:40:58.900,MO2508-C-7500,1.0,1.0,1.2
2025-08-12,2025-08-12 09:40:59.400,MO2508-C-7500,1.0,1.0,1.2
2025-08-12,2025-08-12 09:41:00.900,MO2508-C-7500,1.0,1.0,1.2
2025-08-12,2025-08-12 09:41:02.400,MO2508-C-7500,1.0,1.0,1.2
2025-08-12,2025-08-12 09:41:08.900,MO2508-C-7500,1.0,1.0,1.2
2025-08-12,2025-08-12 09:41:09.400,MO2508-C-7500,1.0,1.0,1.2
2025-08-12,2025-08-12 09:41:18.900,MO2508-C-7500,1.0,1.0,1.2
2025-08-12,2025-08-12 09:41:19.400,MO2508-C-7500,1.0,1.0,1.2
2025-08-12,2025-08-12 09:41:19.900,MO2508-C-7500,1.2,1.0,1.2
2025-08-12,2025-08-12 09:41:26.900,MO2508-C-7500,1.2,1.0,1.2
2025-08-12,2025-08-12 09:41:28.900,MO2508-C-7500,1.2,1.0,1.2
2025-08-12,2025-08-12 09:41:29.400,MO2508-C-7500,1.2,1.0,1.2
2025-08-12,2025-08-12 09:41:30.400,MO2508-C-7500,1.2,1.0,1.2
2025-08-12,2025-08-12 09:41:30.900,MO2508-C-7500,1.0,1.0,1.2
2025-08-12,2025-08-12 09:41:38.900,MO2508-C-7500,1.0,1.0,1.2
2025-08-12,2025-08-12 09:41:39.400,MO2508-C-7500,1.0,1.0,1.2
2025-08-12,2025-08-12 09:41:40.400,MO2508-C-7500,1.0,1.0,1.2
2025-08-12,2025-08-12 09:41:46.900,MO2508-C-7500,1.0,1.0,1.2
2025-08-12,2025-08-12 09:41:48.900,MO2508-C-7500,1.0,1.0,1.2
2025-08-12,2025-08-12 09:41:49.400,MO2508-C-7500,1.0,1.0,1.2
2025-08-12,2025-08-12 09:41:53.400,MO2508-C-7500,1.0,1.0,1.2
2025-08-12,2025-08-12 09:41:54.900,MO2508-C-7500,1.0,1.0,1.2
2025-08-12,2025-08-12 09:41:55.400,MO2508-C-7500,1.2,1.0,1.2
2025-08-12,2025-08-12 09:41:55.900,MO2508-C-7500,1.2,1.0,1.2
2025-08-12,2025-08-12 09:41:57.400,MO2508-C-7500,1.2,1.0,1.2
2025-08-12,2025-08-12 09:41:57.900,MO2508-C-7500,1.2,1.0,1.2
2025-08-12,2025-08-12 09:41:58.900,MO2508-C-7500,1.2,1.0,1.2
2025-08-12,2025-08-12 09:41:59.400,MO2508-C-7500,1.2,1.0,1.2
2025-08-12,2025-08-12 09:41:59.900,MO2508-C-7500,1.2,1.0,1.2
2025-08-12,2025-08-12 09:42:02.900,MO2508-C-7500,1.2,1.0,1.2
2025-08-12,2025-08-12 09:42:08.900,MO2508-C-7500,1.2,1.0,1.2
2025-08-12,2025-08-12 09:42:09.400,MO2508-C-7500,1.2,1.0,1.2
2025-08-12,2025-08-12 09:42:10.400,MO2508-C-7500,1.2,1.0,1.2
2025-08-12,2025-08-12 09:42:16.400,MO2508-C-7500,1.2,1.0,1.2
2025-08-12,2025-08-12 09:42:17.900,MO2508-C-7500,1.2,1.0,1.2
2025-08-12,2025-08-12 09:42:18.900,MO2508-C-7500,1.2,1.0,1.2
2025-08-12,2025-08-12 09:42:19.400,MO2508-C-7500,1.2,1.0,1.2
2025-08-12,2025-08-12 09:42:19.900,MO2508-C-7500,1.2,1.0,1.2
2025-08-12,2025-08-12 09:42:22.400,MO2508-C-7500,1.0,1.0,1.2
2025-08-12,2025-08-12 09:42:22.900,MO2508-C-7500,1.0,1.0,1.2
2025-08-12,2025-08-12 09:42:28.900,MO2508-C-7500,1.0,1.0,1.2
2025-08-12,2025-08-12 09:42:29.400,MO2508-C-7500,1.0,1.0,1.2
2025-08-12,2025-08-12 09:42:30.900,MO2508-C-7500,1.0,1.0,1.2
2025-08-12,2025-08-12 09:42:38.900,MO2508-C-7500,1.0,1.0,1.2
2025-08-12,2025-08-12 09:42:39.400,MO2508-C-7500,1.0,1.0,1.2
2025-08-12,2025-08-12 09:42:48.900,MO2508-C-7500,1.0,1.0,1.2
2025-08-12,2025-08-12 09:42:49.400,MO2508-C-7500,1.0,1.0,1.2
2025-08-12,2025-08-12 09:42:58.900,MO2508-C-7500,1.0,1.0,1.2
2025-08-12,2025-08-12 09:42:59.400,MO2508-C-7500,1.0,1.0,1.2
2025-08-12,2025-08-12 09:43:02.400,MO2508-C-7500,1.0,1.0,1.2
2025-08-12,2025-08-12 09:43:02.900,MO2508-C-7500,1.0,1.0,1.2
2025-08-12,2025-08-12 09:43:03.400,MO2508-C-7500,1.0,1.0,1.2
2025-08-12,2025-08-12 09:43:03.900,MO2508-C-7500,1.0,1.0,1.2
2025-08-12,2025-08-12 09:43:06.900,MO2508-C-7500,1.0,1.0,1.2
2025-08-12,2025-08-12 09:43:07.400,MO2508-C-7500,1.0,1.0,1.2
2025-08-12,2025-08-12 09:43:08.900,MO2508-C-7500,1.0,1.0,1.2
2025-08-12,2025-08-12 09:43:09.400,MO2508-C-7500,1.0,1.0,1.2
2025-08-12,2025-08-12 09:43:12.400,MO2508-C-7500,1.0,1.0,1.2
2025-08-12,2025-08-12 09:43:12.900,MO2508-C-7500,1.0,1.0,1.2
2025-08-12,2025-08-12 09:43:14.900,MO2508-C-7500,1.0,1.0,1.2
2025-08-12,2025-08-12 09:43:15.400,MO2508-C-7500,1.0,1.0,1.2
2025-08-12,2025-08-12 09:43:16.900,MO2508-C-7500,1.0,1.0,1.2
2025-08-12,2025-08-12 09:43:18.400,MO2508-C-7500,1.0,1.0,1.2
2025-08-12,2025-08-12 09:43:18.900,MO2508-C-7500,1.0,1.0,1.2
2025-08-12,2025-08-12 09:43:19.400,MO2508-C-7500,1.0,1.0,1.2
2025-08-12,2025-08-12 09:43:19.900,MO2508-C-7500,1.0,1.0,1.2
2025-08-12,2025-08-12 09:43:21.400,MO2508-C-7500,1.0,1.0,1.2
2025-08-12,2025-08-12 09:43:21.900,MO2508-C-7500,1.0,1.0,1.2
2025-08-12,2025-08-12 09:43:28.900,MO2508-C-7500,1.0,1.0,1.2
2025-08-12,2025-08-12 09:43:29.400,MO2508-C-7500,1.0,1.0,1.2
2025-08-12,2025-08-12 09:43:32.900,MO2508-C-7500,1.0,1.0,1.2
2025-08-12,2025-08-12 09:43:34.400,MO2508-C-7500,1.0,1.0,1.2
2025-08-12,2025-08-12 09:43:34.900,MO2508-C-7500,1.0,1.0,1.2
2025-08-12,2025-08-12 09:43:36.400,MO2508-C-7500,1.0,1.0,1.2
2025-08-12,2025-08-12 09:43:36.900,MO2508-C-7500,1.0,1.0,1.2
2025-08-12,2025-08-12 09:43:38.400,MO2508-C-7500,1.0,1.0,1.2
2025-08-12,2025-08-12 09:43:38.900,MO2508-C-7500,1.0,1.0,1.2
2025-08-12,2025-08-12 09:43:39.400,MO2508-C-7500,1.0,1.0,1.2
2025-08-12,2025-08-12 09:43:42.900,MO2508-C-7500,1.0,1.0,1.2
2025-08-12,2025-08-12 09:43:43.900,MO2508-C-7500,1.0,1.0,1.2
2025-08-12,2025-08-12 09:43:45.400,MO2508-C-7500,1.0,1.0,1.2
2025-08-12,2025-08-12 09:43:45.900,MO2508-C-7500,1.0,1.0,1.2
2025-08-12,2025-08-12 09:43:48.900,MO2508-C-7500,1.0,1.0,1.2
2025-08-12,2025-08-12 09:43:49.400,MO2508-C-7500,1.0,1.0,1.2
2025-08-12,2025-08-12 09:43:56.400,MO2508-C-7500,1.0,1.0,1.2
2025-08-12,2025-08-12 09:43:58.900,MO2508-C-7500,1.0,1.0,1.2
2025-08-12,2025-08-12 09:43:59.400,MO2508-C-7500,1.0,1.0,1.2
2025-08-12,2025-08-12 09:44:07.900,MO2508-C-7500,1.0,1.0,1.2
2025-08-12,2025-08-12 09:44:11.400,MO2508-C-7500,1.0,1.0,1.2
2025-08-12,2025-08-12 09:44:12.400,MO2508-C-7500,1.0,1.0,1.2
2025-08-12,2025-08-12 09:44:12.900,MO2508-C-7500,1.0,1.0,1.2
2025-08-12,2025-08-12 09:44:18.900,MO2508-C-7500,1.0,1.0,1.2
2025-08-12,2025-08-12 09:44:19.400,MO2508-C-7500,1.0,1.0,1.2
2025-08-12,2025-08-12 09:44:19.900,MO2508-C-7500,1.0,1.0,1.2
2025-08-12,2025-08-12 09:44:20.900,MO2508-C-7500,1.2,1.0,1.2
2025-08-12,2025-08-12 09:44:21.400,MO2508-C-7500,1.2,1.0,1.2
2025-08-12,2025-08-12 09:44:21.900,MO2508-C-7500,1.2,1.0,1.2
2025-08-12,2025-08-12 09:44:28.900,MO2508-C-7500,1.2,1.0,1.2
2025-08-12,2025-08-12 09:44:29.400,MO2508-C-7500,1.2,1.0,1.2
2025-08-12,2025-08-12 09:44:29.900,MO2508-C-7500,1.2,1.0,1.2
2025-08-12,2025-08-12 09:44:32.900,MO2508-C-7500,1.2,1.0,1.2
2025-08-12,2025-08-12 09:44:34.400,MO2508-C-7500,1.2,1.0,1.2
2025-08-12,2025-08-12 09:44:38.900,MO2508-C-7500,1.2,1.0,1.2
2025-08-12,2025-08-12 09:44:39.400,MO2508-C-7500,1.2,1.0,1.2
2025-08-12,2025-08-12 09:44:39.900,MO2508-C-7500,1.2,1.0,1.2
2025-08-12,2025-08-12 09:44:44.900,MO2508-C-7500,1.2,1.0,1.2
2025-08-12,2025-08-12 09:44:47.900,MO2508-C-7500,1.2,1.0,1.2
2025-08-12,2025-08-12 09:44:48.900,MO2508-C-7500,1.2,1.0,1.2
2025-08-12,2025-08-12 09:44:49.400,MO2508-C-7500,1.2,1.0,1.2
2025-08-12,2025-08-12 09:44:51.400,MO2508-C-7500,1.2,1.0,1.2
2025-08-12,2025-08-12 09:44:51.900,MO2508-C-7500,1.0,1.0,1.2
2025-08-12,2025-08-12 09:44:58.900,MO2508-C-7500,1.0,1.0,1.2
2025-08-12,2025-08-12 09:44:59.400,MO2508-C-7500,1.0,1.0,1.2
2025-08-12,2025-08-12 09:45:02.400,MO2508-C-7500,1.0,1.0,1.2
2025-08-12,2025-08-12 09:45:03.900,MO2508-C-7500,1.0,1.0,1.2
2025-08-12,2025-08-12 09:45:04.900,MO2508-C-7500,1.0,1.0,1.2
2025-08-12,2025-08-12 09:45:06.400,MO2508-C-7500,1.0,1.0,1.2
2025-08-12,2025-08-12 09:45:06.900,MO2508-C-7500,1.0,1.0,1.2
2025-08-12,2025-08-12 09:45:08.900,MO2508-C-7500,1.0,1.0,1.2
2025-08-12,2025-08-12 09:45:09.400,MO2508-C-7500,1.0,1.0,1.2
2025-08-12,2025-08-12 09:45:11.400,MO2508-C-7500,1.0,1.0,1.2
2025-08-12,2025-08-12 09:45:18.900,MO2508-C-7500,1.0,1.0,1.2
2025-08-12,2025-08-12 09:45:19.400,MO2508-C-7500,1.0,1.0,1.2
2025-08-12,2025-08-12 09:45:23.900,MO2508-C-7500,1.0,1.0,1.2
2025-08-12,2025-08-12 09:45:24.400,MO2508-C-7500,1.0,1.0,1.2
2025-08-12,2025-08-12 09:45:24.900,MO2508-C-7500,1.0,1.0,1.2
2025-08-12,2025-08-12 09:45:25.400,MO2508-C-7500,1.0,1.0,1.2
2025-08-12,2025-08-12 09:45:25.900,MO2508-C-7500,1.0,1.0,1.2
2025-08-12,2025-08-12 09:45:26.400,MO2508-C-7500,1.0,1.0,1.2
2025-08-12,2025-08-12 09:45:26.900,MO2508-C-7500,1.0,1.0,1.2
2025-08-12,2025-08-12 09:45:28.900,MO2508-C-7500,1.0,1.0,1.2
2025-08-12,2025-08-12 09:45:29.400,MO2508-C-7500,1.0,1.0,1.2
2025-08-12,2025-08-12 09:45:29.900,MO2508-C-7500,1.2,1.0,1.2
2025-08-12,2025-08-12 09:45:34.900,MO2508-C-7500,1.2,1.0,1.2
2025-08-12,2025-08-12 09:45:38.900,MO2508-C-7500,1.2,1.0,1.2
2025-08-12,2025-08-12 09:45:39.400,MO2508-C-7500,1.2,1.0,1.2
2025-08-12,2025-08-12 09:45:46.400,MO2508-C-7500,1.2,1.0,1.2
2025-08-12,2025-08-12 09:45:47.900,MO2508-C-7500,1.2,1.0,1.2
2025-08-12,2025-08-12 09:45:48.400,MO2508-C-7500,1.2,1.0,1.2
2025-08-12,2025-08-12 09:45:48.900,MO2508-C-7500,1.2,1.0,1.2
2025-08-12,2025-08-12 09:45:49.400,MO2508-C-7500,1.2,1.0,1.2
2025-08-12,2025-08-12 09:45:50.900,MO2508-C-7500,1.2,1.0,1.2
2025-08-12,2025-08-12 09:45:51.400,MO2508-C-7500,1.2,1.0,1.2
2025-08-12,2025-08-12 09:45:51.900,MO2508-C-7500,1.2,1.0,1.2
2025-08-12,2025-08-12 09:45:52.900,MO2508-C-7500,1.2,1.0,1.2
2025-08-12,2025-08-12 09:45:53.900,MO2508-C-7500,1.2,1.0,1.2
2025-08-12,2025-08-12 09:45:58.900,MO2508-C-7500,1.2,1.0,1.2
2025-08-12,2025-08-12 09:45:59.400,MO2508-C-7500,1.2,1.0,1.2
2025-08-12,2025-08-12 09:45:59.900,MO2508-C-7500,1.2,1.0,1.2
2025-08-12,2025-08-12 09:46:01.900,MO2508-C-7500,1.2,1.0,1.2
2025-08-12,2025-08-12 09:46:03.400,MO2508-C-7500,1.2,1.0,1.2
2025-08-12,2025-08-12 09:46:03.900,MO2508-C-7500,1.2,1.0,1.2
2025-08-12,2025-08-12 09:46:06.400,MO2508-C-7500,1.2,1.0,1.2
2025-08-12,2025-08-12 09:46:06.900,MO2508-C-7500,1.2,1.0,1.2
2025-08-12,2025-08-12 09:46:07.400,MO2508-C-7500,1.2,1.0,1.2
2025-08-12,2025-08-12 09:46:07.900,MO2508-C-7500,1.2,1.0,1.2
2025-08-12,2025-08-12 09:46:08.900,MO2508-C-7500,1.2,1.0,1.2
2025-08-12,2025-08-12 09:46:09.400,MO2508-C-7500,1.2,1.0,1.2
2025-08-12,2025-08-12 09:46:18.900,MO2508-C-7500,1.2,1.0,1.2
2025-08-12,2025-08-12 09:46:19.400,MO2508-C-7500,1.2,1.0,1.2
2025-08-12,2025-08-12 09:46:28.900,MO2508-C-7500,1.2,1.0,1.2
2025-08-12,2025-08-12 09:46:29.400,MO2508-C-7500,1.2,1.0,1.2
2025-08-12,2025-08-12 09:46:36.400,MO2508-C-7500,1.0,1.0,1.2
2025-08-12,2025-08-12 09:46:37.900,MO2508-C-7500,1.0,1.0,1.2
2025-08-12,2025-08-12 09:46:38.900,MO2508-C-7500,1.0,1.0,1.2
2025-08-12,2025-08-12 09:46:39.400,MO2508-C-7500,1.0,1.0,1.2
2025-08-12,2025-08-12 09:46:40.400,MO2508-C-7500,1.0,1.0,1.2
2025-08-12,2025-08-12 09:46:43.400,MO2508-C-7500,1.0,1.0,1.2
2025-08-12,2025-08-12 09:46:43.900,MO2508-C-7500,1.0,1.0,1.2
2025-08-12,2025-08-12 09:46:48.900,MO2508-C-7500,1.0,1.0,1.2
2025-08-12,2025-08-12 09:46:49.400,MO2508-C-7500,1.0,1.0,1.2
2025-08-12,2025-08-12 09:46:49.900,MO2508-C-7500,1.0,1.0,1.2
2025-08-12,2025-08-12 09:46:53.900,MO2508-C-7500,1.0,1.0,1.2
2025-08-12,2025-08-12 09:46:55.900,MO2508-C-7500,1.0,1.0,1.2
2025-08-12,2025-08-12 09:46:57.400,MO2508-C-7500,1.0,1.0,1.2
2025-08-12,2025-08-12 09:46:58.900,MO2508-C-7500,1.0,1.0,1.2
2025-08-12,2025-08-12 09:46:59.400,MO2508-C-7500,1.0,1.0,1.2
2025-08-12,2025-08-12 09:47:07.400,MO2508-C-7500,1.0,1.0,1.2
2025-08-12,2025-08-12 09:47:07.900,MO2508-C-7500,1.0,1.0,1.2
2025-08-12,2025-08-12 09:47:08.400,MO2508-C-7500,1.0,1.0,1.2
2025-08-12,2025-08-12 09:47:08.900,MO2508-C-7500,1.0,1.0,1.2
2025-08-12,2025-08-12 09:47:09.400,MO2508-C-7500,1.0,1.0,1.2
2025-08-12,2025-08-12 09:47:18.900,MO2508-C-7500,1.0,1.0,1.2
2025-08-12,2025-08-12 09:47:19.400,MO2508-C-7500,1.0,1.0,1.2
2025-08-12,2025-08-12 09:47:23.400,MO2508-C-7500,1.0,1.0,1.2
2025-08-12,2025-08-12 09:47:25.900,MO2508-C-7500,1.0,1.0,1.2
2025-08-12,2025-08-12 09:47:26.400,MO2508-C-7500,1.0,1.0,1.2
2025-08-12,2025-08-12 09:47:28.900,MO2508-C-7500,1.0,1.0,1.2
2025-08-12,2025-08-12 09:47:29.400,MO2508-C-7500,1.0,1.0,1.2
2025-08-12,2025-08-12 09:47:38.900,MO2508-C-7500,1.0,1.0,1.2
2025-08-12,2025-08-12 09:47:39.400,MO2508-C-7500,1.0,1.0,1.2
2025-08-12,2025-08-12 09:47:48.900,MO2508-C-7500,1.0,1.0,1.2
2025-08-12,2025-08-12 09:47:49.400,MO2508-C-7500,1.0,1.0,1.2
2025-08-12,2025-08-12 09:47:58.900,MO2508-C-7500,1.0,1.0,1.2
2025-08-12,2025-08-12 09:47:59.400,MO2508-C-7500,1.0,1.0,1.2
2025-08-12,2025-08-12 09:48:08.900,MO2508-C-7500,1.0,1.0,1.2
2025-08-12,2025-08-12 09:48:09.400,MO2508-C-7500,1.0,1.0,1.2
2025-08-12,2025-08-12 09:48:18.900,MO2508-C-7500,1.0,1.0,1.2
2025-08-12,2025-08-12 09:48:19.400,MO2508-C-7500,1.0,1.0,1.2
2025-08-12,2025-08-12 09:48:24.400,MO2508-C-7500,1.0,1.0,1.2
2025-08-12,2025-08-12 09:48:28.900,MO2508-C-7500,1.0,1.0,1.2
2025-08-12,2025-08-12 09:48:29.400,MO2508-C-7500,1.0,1.0,1.2
2025-08-12,2025-08-12 09:48:38.900,MO2508-C-7500,1.0,1.0,1.2
2025-08-12,2025-08-12 09:48:39.400,MO2508-C-7500,1.0,1.0,1.2
2025-08-12,2025-08-12 09:48:48.900,MO2508-C-7500,1.0,1.0,1.2
2025-08-12,2025-08-12 09:48:49.400,MO2508-C-7500,1.0,1.0,1.2
2025-08-12,2025-08-12 09:48:52.400,MO2508-C-7500,1.0,1.0,1.2
2025-08-12,2025-08-12 09:48:54.400,MO2508-C-7500,1.0,1.0,1.2
2025-08-12,2025-08-12 09:48:55.400,MO2508-C-7500,1.0,1.0,1.2
2025-08-12,2025-08-12 09:48:56.400,MO2508-C-7500,1.0,1.0,1.2
2025-08-12,2025-08-12 09:48:57.400,MO2508-C-7500,1.0,1.0,1.2
2025-08-12,2025-08-12 09:48:57.900,MO2508-C-7500,1.0,1.0,1.2
2025-08-12,2025-08-12 09:48:58.900,MO2508-C-7500,1.0,1.0,1.2
2025-08-12,2025-08-12 09:48:59.400,MO2508-C-7500,1.0,1.0,1.2
2025-08-12,2025-08-12 09:49:08.900,MO2508-C-7500,1.0,1.0,1.2
2025-08-12,2025-08-12 09:49:09.400,MO2508-C-7500,1.0,1.0,1.2
2025-08-12,2025-08-12 09:49:09.900,MO2508-C-7500,1.0,1.0,1.2
2025-08-12,2025-08-12 09:49:18.900,MO2508-C-7500,1.0,1.0,1.2
2025-08-12,2025-08-12 09:49:19.400,MO2508-C-7500,1.0,1.0,1.2
2025-08-12,2025-08-12 09:49:21.900,MO2508-C-7500,1.0,1.0,1.2
2025-08-12,2025-08-12 09:49:27.400,MO2508-C-7500,1.0,1.0,1.2
2025-08-12,2025-08-12 09:49:28.900,MO2508-C-7500,1.0,1.0,1.2
2025-08-12,2025-08-12 09:49:29.400,MO2508-C-7500,1.0,1.0,1.2
2025-08-12,2025-08-12 09:49:34.400,MO2508-C-7500,1.0,1.0,1.2
2025-08-12,2025-08-12 09:49:35.900,MO2508-C-7500,1.0,1.0,1.2
2025-08-12,2025-08-12 09:49:38.400,MO2508-C-7500,1.0,1.0,1.2
2025-08-12,2025-08-12 09:49:38.900,MO2508-C-7500,1.0,1.0,1.2
2025-08-12,2025-08-12 09:49:39.400,MO2508-C-7500,1.0,1.0,1.2
2025-08-12,2025-08-12 09:49:40.400,MO2508-C-7500,1.0,1.0,1.2
2025-08-12,2025-08-12 09:49:46.900,MO2508-C-7500,1.0,1.0,1.2
2025-08-12,2025-08-12 09:49:48.400,MO2508-C-7500,1.0,1.0,1.2
2025-08-12,2025-08-12 09:49:48.900,MO2508-C-7500,1.0,1.0,1.2
2025-08-12,2025-08-12 09:49:49.400,MO2508-C-7500,1.0,1.0,1.2
2025-08-12,2025-08-12 09:49:52.900,MO2508-C-7500,1.0,1.0,1.2
2025-08-12,2025-08-12 09:49:57.400,MO2508-C-7500,1.0,1.0,1.2
2025-08-12,2025-08-12 09:49:58.900,MO2508-C-7500,1.0,1.0,1.2
2025-08-12,2025-08-12 09:49:59.400,MO2508-C-7500,1.0,1.0,1.2
2025-08-12,2025-08-12 09:50:00.400,MO2508-C-7500,1.0,1.0,1.2
2025-08-12,2025-08-12 09:50:00.900,MO2508-C-7500,1.0,1.0,1.2
2025-08-12,2025-08-12 09:50:01.900,MO2508-C-7500,1.0,1.0,1.2
2025-08-12,2025-08-12 09:50:03.900,MO2508-C-7500,1.0,1.0,1.2
2025-08-12,2025-08-12 09:50:08.900,MO2508-C-7500,1.0,1.0,1.2
2025-08-12,2025-08-12 09:50:09.400,MO2508-C-7500,1.0,1.0,1.2
2025-08-12,2025-08-12 09:50:11.400,MO2508-C-7500,1.0,1.0,1.2
2025-08-12,2025-08-12 09:50:11.900,MO2508-C-7500,1.0,1.0,1.2
2025-08-12,2025-08-12 09:50:12.400,MO2508-C-7500,1.0,1.0,1.2
2025-08-12,2025-08-12 09:50:13.400,MO2508-C-7500,1.0,1.0,1.2
2025-08-12,2025-08-12 09:50:13.900,MO2508-C-7500,1.0,1.0,1.2
2025-08-12,2025-08-12 09:50:18.900,MO2508-C-7500,1.0,1.0,1.2
2025-08-12,2025-08-12 09:50:19.400,MO2508-C-7500,1.0,1.0,1.2
2025-08-12,2025-08-12 09:50:28.900,MO2508-C-7500,1.0,1.0,1.2
2025-08-12,2025-08-12 09:50:29.400,MO2508-C-7500,1.0,1.0,1.2
2025-08-12,2025-08-12 09:50:38.900,MO2508-C-7500,1.0,1.0,1.2
2025-08-12,2025-08-12 09:50:39.400,MO2508-C-7500,1.0,1.0,1.2
2025-08-12,2025-08-12 09:50:44.900,MO2508-C-7500,1.0,1.0,1.2
2025-08-12,2025-08-12 09:50:48.900,MO2508-C-7500,1.0,1.0,1.2
2025-08-12,2025-08-12 09:50:49.400,MO2508-C-7500,1.0,1.0,1.2
2025-08-12,2025-08-12 09:50:58.900,MO2508-C-7500,1.0,1.0,1.2
2025-08-12,2025-08-12 09:50:59.400,MO2508-C-7500,1.0,1.0,1.2
2025-08-12,2025-08-12 09:51:04.900,MO2508-C-7500,1.0,1.0,1.2
2025-08-12,2025-08-12 09:51:08.900,MO2508-C-7500,1.0,1.0,1.2
2025-08-12,2025-08-12 09:51:09.400,MO2508-C-7500,1.0,1.0,1.2
2025-08-12,2025-08-12 09:51:18.900,MO2508-C-7500,1.0,1.0,1.2
2025-08-12,2025-08-12 09:51:19.400,MO2508-C-7500,1.0,1.0,1.2
2025-08-12,2025-08-12 09:51:20.400,MO2508-C-7500,1.0,1.0,1.2
2025-08-12,2025-08-12 09:51:28.900,MO2508-C-7500,1.0,1.0,1.2
2025-08-12,2025-08-12 09:51:29.400,MO2508-C-7500,1.0,1.0,1.2
2025-08-12,2025-08-12 09:51:37.400,MO2508-C-7500,1.0,1.0,1.2
2025-08-12,2025-08-12 09:51:38.900,MO2508-C-7500,1.0,1.0,1.2
2025-08-12,2025-08-12 09:51:39.400,MO2508-C-7500,1.0,1.0,1.2
2025-08-12,2025-08-12 09:51:48.900,MO2508-C-7500,1.0,1.0,1.2
2025-08-12,2025-08-12 09:51:49.400,MO2508-C-7500,1.0,1.0,1.2
2025-08-12,2025-08-12 09:51:58.900,MO2508-C-7500,1.0,1.0,1.2
2025-08-12,2025-08-12 09:51:59.400,MO2508-C-7500,1.0,1.0,1.2
2025-08-12,2025-08-12 09:52:08.900,MO2508-C-7500,1.0,1.0,1.2
2025-08-12,2025-08-12 09:52:09.400,MO2508-C-7500,1.0,1.0,1.2
2025-08-12,2025-08-12 09:52:18.900,MO2508-C-7500,1.0,1.0,1.2
2025-08-12,2025-08-12 09:52:19.400,MO2508-C-7500,1.0,1.0,1.2
2025-08-12,2025-08-12 09:52:28.900,MO2508-C-7500,1.0,1.0,1.2
2025-08-12,2025-08-12 09:52:29.400,MO2508-C-7500,1.0,1.0,1.2
2025-08-12,2025-08-12 09:52:38.900,MO2508-C-7500,1.0,1.0,1.2
2025-08-12,2025-08-12 09:52:39.400,MO2508-C-7500,1.0,1.0,1.2
2025-08-12,2025-08-12 09:52:48.900,MO2508-C-7500,1.0,1.0,1.2
2025-08-12,2025-08-12 09:52:49.400,MO2508-C-7500,1.0,1.0,1.2
2025-08-12,2025-08-12 09:52:58.900,MO2508-C-7500,1.0,1.0,1.2
2025-08-12,2025-08-12 09:52:59.400,MO2508-C-7500,1.0,1.0,1.2
2025-08-12,2025-08-12 09:53:08.900,MO2508-C-7500,1.0,1.0,1.2
2025-08-12,2025-08-12 09:53:09.400,MO2508-C-7500,1.0,1.0,1.2
2025-08-12,2025-08-12 09:53:18.900,MO2508-C-7500,1.0,1.0,1.2
2025-08-12,2025-08-12 09:53:19.400,MO2508-C-7500,1.0,1.0,1.2
2025-08-12,2025-08-12 09:53:28.900,MO2508-C-7500,1.0,1.0,1.2
2025-08-12,2025-08-12 09:53:29.400,MO2508-C-7500,1.0,1.0,1.2
2025-08-12,2025-08-12 09:53:38.900,MO2508-C-7500,1.0,1.0,1.2
2025-08-12,2025-08-12 09:53:39.400,MO2508-C-7500,1.0,1.0,1.2
2025-08-12,2025-08-12 09:53:48.900,MO2508-C-7500,1.0,1.0,1.2
2025-08-12,2025-08-12 09:53:49.400,MO2508-C-7500,1.0,1.0,1.2
2025-08-12,2025-08-12 09:53:58.900,MO2508-C-7500,1.0,1.0,1.2
2025-08-12,2025-08-12 09:53:59.400,MO2508-C-7500,1.0,1.0,1.2
2025-08-12,2025-08-12 09:54:08.900,MO2508-C-7500,1.0,1.0,1.2
2025-08-12,2025-08-12 09:54:09.400,MO2508-C-7500,1.0,1.0,1.2
2025-08-12,2025-08-12 09:54:18.900,MO2508-C-7500,1.0,1.0,1.2
2025-08-12,2025-08-12 09:54:19.400,MO2508-C-7500,1.0,1.0,1.2
2025-08-12,2025-08-12 09:54:28.900,MO2508-C-7500,1.0,1.0,1.2
2025-08-12,2025-08-12 09:54:29.400,MO2508-C-7500,1.0,1.0,1.2
2025-08-12,2025-08-12 09:54:38.900,MO2508-C-7500,1.0,1.0,1.2
2025-08-12,2025-08-12 09:54:39.400,MO2508-C-7500,1.0,1.0,1.2
2025-08-12,2025-08-12 09:54:48.900,MO2508-C-7500,1.0,1.0,1.2
2025-08-12,2025-08-12 09:54:49.400,MO2508-C-7500,1.0,1.0,1.2
2025-08-12,2025-08-12 09:54:52.400,MO2508-C-7500,1.0,1.0,1.2
2025-08-12,2025-08-12 09:54:58.900,MO2508-C-7500,1.0,1.0,1.2
2025-08-12,2025-08-12 09:54:59.400,MO2508-C-7500,1.0,1.0,1.2
2025-08-12,2025-08-12 09:55:08.900,MO2508-C-7500,1.0,1.0,1.2
2025-08-12,2025-08-12 09:55:09.400,MO2508-C-7500,1.0,1.0,1.2
2025-08-12,2025-08-12 09:55:18.900,MO2508-C-7500,1.0,1.0,1.2
2025-08-12,2025-08-12 09:55:19.400,MO2508-C-7500,1.0,1.0,1.2
2025-08-12,2025-08-12 09:55:28.900,MO2508-C-7500,1.0,1.0,1.2
2025-08-12,2025-08-12 09:55:29.400,MO2508-C-7500,1.0,1.0,1.2
2025-08-12,2025-08-12 09:55:38.900,MO2508-C-7500,1.0,1.0,1.2
2025-08-12,2025-08-12 09:55:39.400,MO2508-C-7500,1.0,1.0,1.2
2025-08-12,2025-08-12 09:55:48.900,MO2508-C-7500,1.0,1.0,1.2
2025-08-12,2025-08-12 09:55:49.400,MO2508-C-7500,1.0,1.0,1.2
2025-08-12,2025-08-12 09:55:51.900,MO2508-C-7500,1.0,1.0,1.2
2025-08-12,2025-08-12 09:55:57.400,MO2508-C-7500,1.0,1.0,1.2
2025-08-12,2025-08-12 09:55:58.900,MO2508-C-7500,1.0,1.0,1.2
2025-08-12,2025-08-12 09:55:59.400,MO2508-C-7500,1.0,1.0,1.2
2025-08-12,2025-08-12 09:56:04.400,MO2508-C-7500,1.0,1.0,1.2
2025-08-12,2025-08-12 09:56:04.900,MO2508-C-7500,1.0,1.0,1.2
2025-08-12,2025-08-12 09:56:05.400,MO2508-C-7500,1.0,1.0,1.2
2025-08-12,2025-08-12 09:56:08.400,MO2508-C-7500,1.0,1.0,1.2
2025-08-12,2025-08-12 09:56:08.900,MO2508-C-7500,1.0,1.0,1.2
2025-08-12,2025-08-12 09:56:09.400,MO2508-C-7500,1.0,1.0,1.2
2025-08-12,2025-08-12 09:56:09.900,MO2508-C-7500,1.0,1.0,1.2
2025-08-12,2025-08-12 09:56:10.400,MO2508-C-7500,1.0,1.0,1.2
2025-08-12,2025-08-12 09:56:16.900,MO2508-C-7500,1.0,1.0,1.2
2025-08-12,2025-08-12 09:56:18.900,MO2508-C-7500,1.0,1.0,1.2
2025-08-12,2025-08-12 09:56:19.400,MO2508-C-7500,1.0,1.0,1.2
2025-08-12,2025-08-12 09:56:19.900,MO2508-C-7500,1.0,1.0,1.2
2025-08-12,2025-08-12 09:56:28.900,MO2508-C-7500,1.0,1.0,1.2
2025-08-12,2025-08-12 09:56:29.400,MO2508-C-7500,1.0,1.0,1.2
2025-08-12,2025-08-12 09:56:29.900,MO2508-C-7500,1.0,1.0,1.2
2025-08-12,2025-08-12 09:56:32.400,MO2508-C-7500,1.0,1.0,1.2
2025-08-12,2025-08-12 09:56:38.900,MO2508-C-7500,1.0,1.0,1.2
2025-08-12,2025-08-12 09:56:39.400,MO2508-C-7500,1.0,1.0,1.2
2025-08-12,2025-08-12 09:56:39.900,MO2508-C-7500,1.0,1.0,1.2
2025-08-12,2025-08-12 09:56:48.900,MO2508-C-7500,1.0,1.0,1.2
2025-08-12,2025-08-12 09:56:49.400,MO2508-C-7500,1.0,1.0,1.2
2025-08-12,2025-08-12 09:56:49.900,MO2508-C-7500,1.0,1.0,1.2
2025-08-12,2025-08-12 09:56:58.900,MO2508-C-7500,1.0,1.0,1.2
2025-08-12,2025-08-12 09:56:59.400,MO2508-C-7500,1.0,1.0,1.2
2025-08-12,2025-08-12 09:56:59.900,MO2508-C-7500,1.0,1.0,1.2
2025-08-12,2025-08-12 09:57:02.900,MO2508-C-7500,1.0,1.0,1.2
2025-08-12,2025-08-12 09:57:03.400,MO2508-C-7500,1.0,1.0,1.2
2025-08-12,2025-08-12 09:57:03.900,MO2508-C-7500,1.0,1.0,1.2
2025-08-12,2025-08-12 09:57:04.400,MO2508-C-7500,1.0,1.0,1.2
2025-08-12,2025-08-12 09:57:05.400,MO2508-C-7500,1.0,1.0,1.2
2025-08-12,2025-08-12 09:57:05.900,MO2508-C-7500,1.0,1.0,1.2
2025-08-12,2025-08-12 09:57:08.900,MO2508-C-7500,1.0,1.0,1.2
2025-08-12,2025-08-12 09:57:09.400,MO2508-C-7500,1.0,1.0,1.2
2025-08-12,2025-08-12 09:57:18.400,MO2508-C-7500,1.0,1.0,1.2
2025-08-12,2025-08-12 09:57:18.900,MO2508-C-7500,1.0,1.0,1.2
2025-08-12,2025-08-12 09:57:19.400,MO2508-C-7500,1.0,1.0,1.2
2025-08-12,2025-08-12 09:57:19.900,MO2508-C-7500,1.0,1.0,1.2
2025-08-12,2025-08-12 09:57:23.400,MO2508-C-7500,1.0,1.0,1.2
2025-08-12,2025-08-12 09:57:24.400,MO2508-C-7500,1.0,1.0,1.2
2025-08-12,2025-08-12 09:57:25.400,MO2508-C-7500,1.0,1.0,1.2
2025-08-12,2025-08-12 09:57:26.400,MO2508-C-7500,1.0,1.0,1.2
2025-08-12,2025-08-12 09:57:28.900,MO2508-C-7500,1.0,1.0,1.2
2025-08-12,2025-08-12 09:57:29.400,MO2508-C-7500,1.0,1.0,1.2
2025-08-12,2025-08-12 09:57:33.400,MO2508-C-7500,1.0,1.0,1.2
2025-08-12,2025-08-12 09:57:33.900,MO2508-C-7500,1.0,1.0,1.2
2025-08-12,2025-08-12 09:57:34.400,MO2508-C-7500,1.0,1.0,1.2
2025-08-12,2025-08-12 09:57:38.900,MO2508-C-7500,1.0,1.0,1.2
2025-08-12,2025-08-12 09:57:39.400,MO2508-C-7500,1.0,1.0,1.2
2025-08-12,2025-08-12 09:57:39.900,MO2508-C-7500,1.0,1.0,1.2
2025-08-12,2025-08-12 09:57:45.900,MO2508-C-7500,1.0,1.0,1.2
2025-08-12,2025-08-12 09:57:46.900,MO2508-C-7500,1.0,1.0,1.2
2025-08-12,2025-08-12 09:57:48.900,MO2508-C-7500,1.0,1.0,1.2
2025-08-12,2025-08-12 09:57:49.400,MO2508-C-7500,1.0,1.0,1.2
2025-08-12,2025-08-12 09:57:49.900,MO2508-C-7500,1.0,1.0,1.2
2025-08-12,2025-08-12 09:57:55.400,MO2508-C-7500,1.0,1.0,1.2
2025-08-12,2025-08-12 09:57:58.900,MO2508-C-7500,1.0,1.0,1.2
2025-08-12,2025-08-12 09:57:59.400,MO2508-C-7500,1.0,1.0,1.2
2025-08-12,2025-08-12 09:57:59.900,MO2508-C-7500,1.0,1.0,1.2
2025-08-12,2025-08-12 09:58:08.900,MO2508-C-7500,1.0,1.0,1.2
2025-08-12,2025-08-12 09:58:09.400,MO2508-C-7500,1.0,1.0,1.2
2025-08-12,2025-08-12 09:58:09.900,MO2508-C-7500,1.0,1.0,1.2
2025-08-12,2025-08-12 09:58:10.900,MO2508-C-7500,1.0,1.0,1.2
2025-08-12,2025-08-12 09:58:11.400,MO2508-C-7500,1.0,1.0,1.2
2025-08-12,2025-08-12 09:58:18.900,MO2508-C-7500,1.0,1.0,1.2
2025-08-12,2025-08-12 09:58:19.400,MO2508-C-7500,1.0,1.0,1.2
2025-08-12,2025-08-12 09:58:19.900,MO2508-C-7500,1.0,1.0,1.2
2025-08-12,2025-08-12 09:58:28.900,MO2508-C-7500,1.0,1.0,1.2
2025-08-12,2025-08-12 09:58:29.400,MO2508-C-7500,1.0,1.0,1.2
2025-08-12,2025-08-12 09:58:29.900,MO2508-C-7500,1.0,1.0,1.2
2025-08-12,2025-08-12 09:58:35.900,MO2508-C-7500,1.0,1.0,1.2
2025-08-12,2025-08-12 09:58:36.400,MO2508-C-7500,1.0,1.0,1.2
2025-08-12,2025-08-12 09:58:38.400,MO2508-C-7500,1.0,1.0,1.2
2025-08-12,2025-08-12 09:58:38.900,MO2508-C-7500,1.0,1.0,1.2
2025-08-12,2025-08-12 09:58:39.400,MO2508-C-7500,1.0,1.0,1.2
2025-08-12,2025-08-12 09:58:48.900,MO2508-C-7500,1.0,1.0,1.2
2025-08-12,2025-08-12 09:58:49.400,MO2508-C-7500,1.0,1.0,1.2
2025-08-12,2025-08-12 09:58:55.900,MO2508-C-7500,1.2,1.0,1.4
2025-08-12,2025-08-12 09:58:56.400,MO2508-C-7500,1.2,1.0,1.4
2025-08-12,2025-08-12 09:58:56.900,MO2508-C-7500,1.2,1.0,1.4
2025-08-12,2025-08-12 09:58:57.400,MO2508-C-7500,1.2,1.0,1.4
2025-08-12,2025-08-12 09:58:58.400,MO2508-C-7500,1.2,1.2,1.4
2025-08-12,2025-08-12 09:58:58.900,MO2508-C-7500,1.2,1.2,1.4
2025-08-12,2025-08-12 09:58:59.400,MO2508-C-7500,1.2,1.0,1.4
2025-08-12,2025-08-12 09:58:59.900,MO2508-C-7500,1.2,1.0,1.4
2025-08-12,2025-08-12 09:59:00.900,MO2508-C-7500,1.2,1.0,1.4
2025-08-12,2025-08-12 09:59:08.900,MO2508-C-7500,1.2,1.0,1.4
2025-08-12,2025-08-12 09:59:09.400,MO2508-C-7500,1.2,1.0,1.4
2025-08-12,2025-08-12 09:59:18.900,MO2508-C-7500,1.2,1.0,1.4
2025-08-12,2025-08-12 09:59:19.400,MO2508-C-7500,1.2,1.0,1.4
2025-08-12,2025-08-12 09:59:24.400,MO2508-C-7500,1.2,1.0,1.4
2025-08-12,2025-08-12 09:59:28.900,MO2508-C-7500,1.2,1.0,1.4
2025-08-12,2025-08-12 09:59:29.400,MO2508-C-7500,1.2,1.0,1.4
2025-08-12,2025-08-12 09:59:38.900,MO2508-C-7500,1.2,1.0,1.4
2025-08-12,2025-08-12 09:59:39.400,MO2508-C-7500,1.2,1.0,1.4
2025-08-12,2025-08-12 09:59:48.900,MO2508-C-7500,1.4,1.2,1.4
2025-08-12,2025-08-12 09:59:49.400,MO2508-C-7500,1.4,1.2,1.4
2025-08-12,2025-08-12 09:59:58.900,MO2508-C-7500,1.4,1.2,1.4
2025-08-12,2025-08-12 09:59:59.400,MO2508-C-7500,1.4,1.2,1.4
2025-08-12,2025-08-12 10:00:08.900,MO2508-C-7500,1.4,1.2,1.4
2025-08-12,2025-08-12 10:00:09.400,MO2508-C-7500,1.4,1.2,1.4
2025-08-12,2025-08-12 10:00:11.400,MO2508-C-7500,1.4,1.2,1.4
2025-08-12,2025-08-12 10:00:11.900,MO2508-C-7500,1.4,1.2,1.4
2025-08-12,2025-08-12 10:00:13.400,MO2508-C-7500,1.4,1.2,1.4
2025-08-12,2025-08-12 10:00:13.900,MO2508-C-7500,1.4,1.2,1.4
2025-08-12,2025-08-12 10:00:15.400,MO2508-C-7500,1.4,1.2,1.4
2025-08-12,2025-08-12 10:00:18.900,MO2508-C-7500,1.4,1.2,1.4
2025-08-12,2025-08-12 10:00:19.400,MO2508-C-7500,1.4,1.2,1.4
2025-08-12,2025-08-12 10:00:20.400,MO2508-C-7500,1.4,1.2,1.4
2025-08-12,2025-08-12 10:00:21.400,MO2508-C-7500,1.4,1.2,1.4
2025-08-12,2025-08-12 10:00:23.400,MO2508-C-7500,1.4,1.2,1.4
2025-08-12,2025-08-12 10:00:28.900,MO2508-C-7500,1.4,1.2,1.4
2025-08-12,2025-08-12 10:00:29.400,MO2508-C-7500,1.4,1.2,1.4
2025-08-12,2025-08-12 10:00:38.900,MO2508-C-7500,1.4,1.2,1.4
2025-08-12,2025-08-12 10:00:39.400,MO2508-C-7500,1.4,1.2,1.4
2025-08-12,2025-08-12 10:00:48.900,MO2508-C-7500,1.4,1.2,1.4
2025-08-12,2025-08-12 10:00:49.400,MO2508-C-7500,1.4,1.2,1.4
2025-08-12,2025-08-12 10:00:55.900,MO2508-C-7500,1.4,1.2,1.4
2025-08-12,2025-08-12 10:00:56.400,MO2508-C-7500,1.4,1.2,1.4
2025-08-12,2025-08-12 10:00:57.900,MO2508-C-7500,1.4,1.2,1.4
2025-08-12,2025-08-12 10:00:58.900,MO2508-C-7500,1.4,1.2,1.4
2025-08-12,2025-08-12 10:00:59.400,MO2508-C-7500,1.4,1.2,1.4
2025-08-12,2025-08-12 10:01:02.400,MO2508-C-7500,1.4,1.2,1.4
2025-08-12,2025-08-12 10:01:03.400,MO2508-C-7500,1.4,1.2,1.4
2025-08-12,2025-08-12 10:01:03.900,MO2508-C-7500,1.4,1.2,1.4
2025-08-12,2025-08-12 10:01:04.400,MO2508-C-7500,1.4,1.2,1.4
2025-08-12,2025-08-12 10:01:04.900,MO2508-C-7500,1.4,1.2,1.4
2025-08-12,2025-08-12 10:01:05.400,MO2508-C-7500,1.4,1.2,1.4
2025-08-12,2025-08-12 10:01:05.900,MO2508-C-7500,1.4,1.2,1.4
2025-08-12,2025-08-12 10:01:08.900,MO2508-C-7500,1.4,1.2,1.4
2025-08-12,2025-08-12 10:01:09.400,MO2508-C-7500,1.4,1.2,1.4
2025-08-12,2025-08-12 10:01:14.900,MO2508-C-7500,1.4,1.2,1.4
2025-08-12,2025-08-12 10:01:15.900,MO2508-C-7500,1.4,1.2,1.4
2025-08-12,2025-08-12 10:01:17.400,MO2508-C-7500,1.4,1.2,1.4
2025-08-12,2025-08-12 10:01:17.900,MO2508-C-7500,1.4,1.2,1.4
2025-08-12,2025-08-12 10:01:18.900,MO2508-C-7500,1.4,1.2,1.4
2025-08-12,2025-08-12 10:01:19.400,MO2508-C-7500,1.4,1.2,1.4
2025-08-12,2025-08-12 10:01:28.900,MO2508-C-7500,1.4,1.2,1.4
2025-08-12,2025-08-12 10:01:29.400,MO2508-C-7500,1.4,1.2,1.4
2025-08-12,2025-08-12 10:01:30.400,MO2508-C-7500,1.4,1.2,1.4
2025-08-12,2025-08-12 10:01:31.400,MO2508-C-7500,1.4,1.2,1.4
2025-08-12,2025-08-12 10:01:36.400,MO2508-C-7500,1.4,1.2,1.4
2025-08-12,2025-08-12 10:01:38.900,MO2508-C-7500,1.4,1.2,1.4
2025-08-12,2025-08-12 10:01:39.400,MO2508-C-7500,1.4,1.2,1.4
2025-08-12,2025-08-12 10:01:48.900,MO2508-C-7500,1.4,1.2,1.4
2025-08-12,2025-08-12 10:01:49.400,MO2508-C-7500,1.4,1.2,1.4
2025-08-12,2025-08-12 10:01:49.900,MO2508-C-7500,1.4,1.2,1.4
2025-08-12,2025-08-12 10:01:52.400,MO2508-C-7500,1.4,1.2,1.4
2025-08-12,2025-08-12 10:01:58.900,MO2508-C-7500,1.4,1.2,1.4
2025-08-12,2025-08-12 10:01:59.400,MO2508-C-7500,1.4,1.2,1.4
2025-08-12,2025-08-12 10:02:08.900,MO2508-C-7500,1.4,1.2,1.4
2025-08-12,2025-08-12 10:02:09.400,MO2508-C-7500,1.4,1.2,1.4
2025-08-12,2025-08-12 10:02:18.900,MO2508-C-7500,1.4,1.2,1.4
2025-08-12,2025-08-12 10:02:19.400,MO2508-C-7500,1.4,1.2,1.4
2025-08-12,2025-08-12 10:02:21.900,MO2508-C-7500,1.4,1.2,1.4
2025-08-12,2025-08-12 10:02:28.900,MO2508-C-7500,1.4,1.2,1.4
2025-08-12,2025-08-12 10:02:29.400,MO2508-C-7500,1.4,1.2,1.4
2025-08-12,2025-08-12 10:02:37.400,MO2508-C-7500,1.4,1.2,1.4
2025-08-12,2025-08-12 10:02:38.900,MO2508-C-7500,1.4,1.2,1.4
2025-08-12,2025-08-12 10:02:39.400,MO2508-C-7500,1.4,1.2,1.4
2025-08-12,2025-08-12 10:02:48.900,MO2508-C-7500,1.4,1.2,1.4
2025-08-12,2025-08-12 10:02:49.400,MO2508-C-7500,1.4,1.2,1.4
2025-08-12,2025-08-12 10:02:58.900,MO2508-C-7500,1.4,1.2,1.4
2025-08-12,2025-08-12 10:02:59.400,MO2508-C-7500,1.4,1.2,1.4
2025-08-12,2025-08-12 10:03:06.400,MO2508-C-7500,1.4,1.2,1.4
2025-08-12,2025-08-12 10:03:08.900,MO2508-C-7500,1.4,1.2,1.4
2025-08-12,2025-08-12 10:03:09.400,MO2508-C-7500,1.4,1.2,1.4
2025-08-12,2025-08-12 10:03:13.400,MO2508-C-7500,1.4,1.2,1.4
2025-08-12,2025-08-12 10:03:18.900,MO2508-C-7500,1.4,1.2,1.4
2025-08-12,2025-08-12 10:03:19.400,MO2508-C-7500,1.4,1.2,1.4
2025-08-12,2025-08-12 10:03:28.900,MO2508-C-7500,1.4,1.2,1.4
2025-08-12,2025-08-12 10:03:29.400,MO2508-C-7500,1.4,1.2,1.4
2025-08-12,2025-08-12 10:03:38.900,MO2508-C-7500,1.4,1.2,1.4
2025-08-12,2025-08-12 10:03:39.400,MO2508-C-7500,1.4,1.2,1.4
2025-08-12,2025-08-12 10:03:43.400,MO2508-C-7500,1.4,1.2,1.4
2025-08-12,2025-08-12 10:03:48.900,MO2508-C-7500,1.4,1.2,1.4
2025-08-12,2025-08-12 10:03:49.400,MO2508-C-7500,1.4,1.2,1.4
2025-08-12,2025-08-12 10:03:58.900,MO2508-C-7500,1.4,1.2,1.4
2025-08-12,2025-08-12 10:03:59.400,MO2508-C-7500,1.4,1.2,1.4
2025-08-12,2025-08-12 10:04:02.900,MO2508-C-7500,1.2,1.2,1.4
2025-08-12,2025-08-12 10:04:08.900,MO2508-C-7500,1.2,1.2,1.4
2025-08-12,2025-08-12 10:04:09.400,MO2508-C-7500,1.2,1.2,1.4
2025-08-12,2025-08-12 10:04:14.400,MO2508-C-7500,1.2,1.2,1.4
2025-08-12,2025-08-12 10:04:14.900,MO2508-C-7500,1.2,1.2,1.4
2025-08-12,2025-08-12 10:04:16.400,MO2508-C-7500,1.2,1.2,1.4
2025-08-12,2025-08-12 10:04:17.900,MO2508-C-7500,1.2,1.2,1.4
2025-08-12,2025-08-12 10:04:18.900,MO2508-C-7500,1.2,1.2,1.4
2025-08-12,2025-08-12 10:04:19.400,MO2508-C-7500,1.2,1.2,1.4
2025-08-12,2025-08-12 10:04:21.400,MO2508-C-7500,1.2,1.2,1.4
2025-08-12,2025-08-12 10:04:23.400,MO2508-C-7500,1.2,1.2,1.4
2025-08-12,2025-08-12 10:04:23.900,MO2508-C-7500,1.2,1.2,1.4
2025-08-12,2025-08-12 10:04:28.900,MO2508-C-7500,1.2,1.2,1.4
2025-08-12,2025-08-12 10:04:29.400,MO2508-C-7500,1.2,1.2,1.4
2025-08-12,2025-08-12 10:04:30.400,MO2508-C-7500,1.2,1.2,1.4
2025-08-12,2025-08-12 10:04:34.900,MO2508-C-7500,1.2,1.2,1.4
2025-08-12,2025-08-12 10:04:38.900,MO2508-C-7500,1.2,1.2,1.4
2025-08-12,2025-08-12 10:04:39.400,MO2508-C-7500,1.2,1.2,1.4
2025-08-12,2025-08-12 10:04:48.900,MO2508-C-7500,1.2,1.2,1.4
2025-08-12,2025-08-12 10:04:49.400,MO2508-C-7500,1.2,1.2,1.4
2025-08-12,2025-08-12 10:04:55.400,MO2508-C-7500,1.2,1.2,1.4
2025-08-12,2025-08-12 10:04:58.900,MO2508-C-7500,1.2,1.2,1.4
2025-08-12,2025-08-12 10:04:59.400,MO2508-C-7500,1.2,1.2,1.4
2025-08-12,2025-08-12 10:05:00.400,MO2508-C-7500,1.2,1.2,1.4
2025-08-12,2025-08-12 10:05:08.900,MO2508-C-7500,1.2,1.2,1.4
2025-08-12,2025-08-12 10:05:09.400,MO2508-C-7500,1.2,1.2,1.4
2025-08-12,2025-08-12 10:05:10.400,MO2508-C-7500,1.2,1.2,1.4
2025-08-12,2025-08-12 10:05:13.400,MO2508-C-7500,1.2,1.2,1.4
2025-08-12,2025-08-12 10:05:18.900,MO2508-C-7500,1.2,1.2,1.4
2025-08-12,2025-08-12 10:05:19.400,MO2508-C-7500,1.2,1.2,1.4
2025-08-12,2025-08-12 10:05:22.900,MO2508-C-7500,1.2,1.2,1.4
2025-08-12,2025-08-12 10:05:25.400,MO2508-C-7500,1.2,1.2,1.4
2025-08-12,2025-08-12 10:05:28.900,MO2508-C-7500,1.2,1.2,1.4
2025-08-12,2025-08-12 10:05:29.400,MO2508-C-7500,1.2,1.2,1.4
2025-08-12,2025-08-12 10:05:31.900,MO2508-C-7500,1.2,1.2,1.4
2025-08-12,2025-08-12 10:05:36.400,MO2508-C-7500,1.2,1.2,1.4
2025-08-12,2025-08-12 10:05:38.900,MO2508-C-7500,1.2,1.2,1.4
2025-08-12,2025-08-12 10:05:39.400,MO2508-C-7500,1.2,1.2,1.4
2025-08-12,2025-08-12 10:05:46.400,MO2508-C-7500,1.2,1.2,1.4
2025-08-12,2025-08-12 10:05:48.900,MO2508-C-7500,1.2,1.2,1.4
2025-08-12,2025-08-12 10:05:49.400,MO2508-C-7500,1.2,1.2,1.4
2025-08-12,2025-08-12 10:05:54.900,MO2508-C-7500,1.2,1.2,1.4
2025-08-12,2025-08-12 10:05:58.900,MO2508-C-7500,1.2,1.2,1.4
2025-08-12,2025-08-12 10:05:59.400,MO2508-C-7500,1.2,1.2,1.4
2025-08-12,2025-08-12 10:06:08.900,MO2508-C-7500,1.2,1.2,1.4
2025-08-12,2025-08-12 10:06:09.400,MO2508-C-7500,1.2,1.2,1.4
2025-08-12,2025-08-12 10:06:13.400,MO2508-C-7500,1.2,1.2,1.4
2025-08-12,2025-08-12 10:06:18.900,MO2508-C-7500,1.2,1.2,1.4
2025-08-12,2025-08-12 10:06:19.400,MO2508-C-7500,1.2,1.2,1.4
2025-08-12,2025-08-12 10:06:24.400,MO2508-C-7500,1.2,1.2,1.4
2025-08-12,2025-08-12 10:06:26.900,MO2508-C-7500,1.2,1.2,1.4
2025-08-12,2025-08-12 10:06:27.400,MO2508-C-7500,1.2,1.2,1.4
2025-08-12,2025-08-12 10:06:28.900,MO2508-C-7500,1.2,1.2,1.4
2025-08-12,2025-08-12 10:06:29.400,MO2508-C-7500,1.2,1.2,1.4
2025-08-12,2025-08-12 10:06:36.900,MO2508-C-7500,1.2,1.2,1.4
2025-08-12,2025-08-12 10:06:38.900,MO2508-C-7500,1.2,1.2,1.4
2025-08-12,2025-08-12 10:06:39.400,MO2508-C-7500,1.2,1.2,1.4
2025-08-12,2025-08-12 10:06:48.900,MO2508-C-7500,1.2,1.2,1.4
2025-08-12,2025-08-12 10:06:49.400,MO2508-C-7500,1.2,1.2,1.4
2025-08-12,2025-08-12 10:06:58.900,MO2508-C-7500,1.2,1.2,1.4
2025-08-12,2025-08-12 10:06:59.400,MO2508-C-7500,1.2,1.2,1.4
2025-08-12,2025-08-12 10:07:08.900,MO2508-C-7500,1.2,1.2,1.4
2025-08-12,2025-08-12 10:07:09.400,MO2508-C-7500,1.2,1.2,1.4
2025-08-12,2025-08-12 10:07:18.900,MO2508-C-7500,1.2,1.2,1.4
2025-08-12,2025-08-12 10:07:19.400,MO2508-C-7500,1.2,1.2,1.4
2025-08-12,2025-08-12 10:07:25.900,MO2508-C-7500,1.2,1.2,1.4
2025-08-12,2025-08-12 10:07:28.900,MO2508-C-7500,1.2,1.2,1.4
2025-08-12,2025-08-12 10:07:29.400,MO2508-C-7500,1.2,1.2,1.4
2025-08-12,2025-08-12 10:07:38.900,MO2508-C-7500,1.2,1.2,1.4
2025-08-12,2025-08-12 10:07:39.400,MO2508-C-7500,1.2,1.2,1.4
2025-08-12,2025-08-12 10:07:41.900,MO2508-C-7500,1.2,1.2,1.4
2025-08-12,2025-08-12 10:07:47.400,MO2508-C-7500,1.2,1.2,1.4
2025-08-12,2025-08-12 10:07:47.900,MO2508-C-7500,1.2,1.2,1.4
2025-08-12,2025-08-12 10:07:48.900,MO2508-C-7500,1.2,1.2,1.4
2025-08-12,2025-08-12 10:07:49.400,MO2508-C-7500,1.2,1.2,1.4
2025-08-12,2025-08-12 10:07:58.900,MO2508-C-7500,1.2,1.2,1.4
2025-08-12,2025-08-12 10:07:59.400,MO2508-C-7500,1.2,1.2,1.4
2025-08-12,2025-08-12 10:08:01.900,MO2508-C-7500,1.2,1.2,1.4
2025-08-12,2025-08-12 10:08:08.900,MO2508-C-7500,1.2,1.2,1.4
2025-08-12,2025-08-12 10:08:09.400,MO2508-C-7500,1.2,1.2,1.4
2025-08-12,2025-08-12 10:08:12.900,MO2508-C-7500,1.2,1.2,1.4
2025-08-12,2025-08-12 10:08:15.400,MO2508-C-7500,1.4,1.4,1.6
2025-08-12,2025-08-12 10:08:15.900,MO2508-C-7500,1.4,1.4,1.6
2025-08-12,2025-08-12 10:08:16.400,MO2508-C-7500,1.4,1.4,1.6
2025-08-12,2025-08-12 10:08:16.900,MO2508-C-7500,1.4,1.4,1.6
2025-08-12,2025-08-12 10:08:17.400,MO2508-C-7500,1.4,1.4,1.6
2025-08-12,2025-08-12 10:08:17.900,MO2508-C-7500,1.4,1.4,1.6
2025-08-12,2025-08-12 10:08:18.900,MO2508-C-7500,1.4,1.4,1.6
2025-08-12,2025-08-12 10:08:19.400,MO2508-C-7500,1.4,1.4,1.6
2025-08-12,2025-08-12 10:08:22.400,MO2508-C-7500,1.4,1.4,1.6
2025-08-12,2025-08-12 10:08:23.900,MO2508-C-7500,1.4,1.4,1.6
2025-08-12,2025-08-12 10:08:26.400,MO2508-C-7500,1.4,1.4,1.6
2025-08-12,2025-08-12 10:08:26.900,MO2508-C-7500,1.4,1.4,1.6
2025-08-12,2025-08-12 10:08:27.400,MO2508-C-7500,1.6,1.4,1.6
2025-08-12,2025-08-12 10:08:28.900,MO2508-C-7500,1.6,1.4,1.6
2025-08-12,2025-08-12 10:08:29.400,MO2508-C-7500,1.6,1.4,1.6
2025-08-12,2025-08-12 10:08:29.900,MO2508-C-7500,1.6,1.4,1.6
2025-08-12,2025-08-12 10:08:38.900,MO2508-C-7500,1.6,1.4,1.6
2025-08-12,2025-08-12 10:08:39.400,MO2508-C-7500,1.6,1.4,1.6
2025-08-12,2025-08-12 10:08:45.900,MO2508-C-7500,1.6,1.4,1.6
2025-08-12,2025-08-12 10:08:48.900,MO2508-C-7500,1.6,1.4,1.6
2025-08-12,2025-08-12 10:08:49.400,MO2508-C-7500,1.6,1.4,1.6
2025-08-12,2025-08-12 10:08:55.900,MO2508-C-7500,1.4,1.4,1.6
2025-08-12,2025-08-12 10:08:58.900,MO2508-C-7500,1.4,1.4,1.6
2025-08-12,2025-08-12 10:08:59.400,MO2508-C-7500,1.4,1.4,1.6
2025-08-12,2025-08-12 10:09:08.900,MO2508-C-7500,1.4,1.4,1.6
2025-08-12,2025-08-12 10:09:09.400,MO2508-C-7500,1.4,1.4,1.6
2025-08-12,2025-08-12 10:09:15.400,MO2508-C-7500,1.4,1.4,1.6
2025-08-12,2025-08-12 10:09:18.900,MO2508-C-7500,1.4,1.4,1.6
2025-08-12,2025-08-12 10:09:19.400,MO2508-C-7500,1.4,1.4,1.6
2025-08-12,2025-08-12 10:09:26.400,MO2508-C-7500,1.4,1.4,1.6
2025-08-12,2025-08-12 10:09:26.900,MO2508-C-7500,1.4,1.4,1.6
2025-08-12,2025-08-12 10:09:28.900,MO2508-C-7500,1.4,1.4,1.6
2025-08-12,2025-08-12 10:09:29.400,MO2508-C-7500,1.4,1.4,1.6
2025-08-12,2025-08-12 10:09:35.400,MO2508-C-7500,1.4,1.4,1.6
2025-08-12,2025-08-12 10:09:38.900,MO2508-C-7500,1.4,1.4,1.6
2025-08-12,2025-08-12 10:09:39.400,MO2508-C-7500,1.4,1.4,1.6
2025-08-12,2025-08-12 10:09:41.900,MO2508-C-7500,1.4,1.4,1.6
2025-08-12,2025-08-12 10:09:45.900,MO2508-C-7500,1.4,1.4,1.6
2025-08-12,2025-08-12 10:09:46.400,MO2508-C-7500,1.4,1.4,1.6
2025-08-12,2025-08-12 10:09:46.900,MO2508-C-7500,1.4,1.4,1.6
2025-08-12,2025-08-12 10:09:48.900,MO2508-C-7500,1.4,1.4,1.6
2025-08-12,2025-08-12 10:09:49.400,MO2508-C-7500,1.4,1.4,1.6
2025-08-12,2025-08-12 10:09:50.900,MO2508-C-7500,1.4,1.4,1.6
2025-08-12,2025-08-12 10:09:56.900,MO2508-C-7500,1.4,1.4,1.6
2025-08-12,2025-08-12 10:09:57.400,MO2508-C-7500,1.4,1.4,1.6
2025-08-12,2025-08-12 10:09:58.900,MO2508-C-7500,1.4,1.4,1.6
2025-08-12,2025-08-12 10:09:59.400,MO2508-C-7500,1.4,1.4,1.6
2025-08-12,2025-08-12 10:10:08.400,MO2508-C-7500,1.4,1.4,1.6
2025-08-12,2025-08-12 10:10:08.900,MO2508-C-7500,1.4,1.4,1.6
2025-08-12,2025-08-12 10:10:09.400,MO2508-C-7500,1.4,1.4,1.6
2025-08-12,2025-08-12 10:10:15.400,MO2508-C-7500,1.4,1.4,1.6
2025-08-12,2025-08-12 10:10:18.400,MO2508-C-7500,1.4,1.4,1.6
2025-08-12,2025-08-12 10:10:18.900,MO2508-C-7500,1.4,1.4,1.6
2025-08-12,2025-08-12 10:10:19.400,MO2508-C-7500,1.4,1.4,1.6
2025-08-12,2025-08-12 10:10:26.900,MO2508-C-7500,1.4,1.4,1.6
2025-08-12,2025-08-12 10:10:27.400,MO2508-C-7500,1.4,1.4,1.6
2025-08-12,2025-08-12 10:10:28.900,MO2508-C-7500,1.4,1.4,1.6
2025-08-12,2025-08-12 10:10:29.400,MO2508-C-7500,1.4,1.4,1.6
2025-08-12,2025-08-12 10:10:30.900,MO2508-C-7500,1.4,1.4,1.6
2025-08-12,2025-08-12 10:10:31.400,MO2508-C-7500,1.4,1.4,1.6
2025-08-12,2025-08-12 10:10:31.900,MO2508-C-7500,1.4,1.4,1.6
2025-08-12,2025-08-12 10:10:34.400,MO2508-C-7500,1.4,1.4,1.6
2025-08-12,2025-08-12 10:10:38.900,MO2508-C-7500,1.4,1.4,1.6
2025-08-12,2025-08-12 10:10:39.400,MO2508-C-7500,1.4,1.4,1.6
2025-08-12,2025-08-12 10:10:40.900,MO2508-C-7500,1.4,1.4,1.6
2025-08-12,2025-08-12 10:10:46.900,MO2508-C-7500,1.4,1.4,1.6
2025-08-12,2025-08-12 10:10:48.900,MO2508-C-7500,1.4,1.4,1.6
2025-08-12,2025-08-12 10:10:49.400,MO2508-C-7500,1.4,1.4,1.6
2025-08-12,2025-08-12 10:10:55.900,MO2508-C-7500,1.4,1.4,1.6
2025-08-12,2025-08-12 10:10:56.400,MO2508-C-7500,1.4,1.4,1.6
2025-08-12,2025-08-12 10:10:58.900,MO2508-C-7500,1.4,1.4,1.6
2025-08-12,2025-08-12 10:10:59.400,MO2508-C-7500,1.4,1.4,1.6
2025-08-12,2025-08-12 10:11:08.900,MO2508-C-7500,1.4,1.4,1.6
2025-08-12,2025-08-12 10:11:09.400,MO2508-C-7500,1.4,1.4,1.6
2025-08-12,2025-08-12 10:11:18.900,MO2508-C-7500,1.4,1.4,1.6
2025-08-12,2025-08-12 10:11:19.400,MO2508-C-7500,1.4,1.4,1.6
2025-08-12,2025-08-12 10:11:28.900,MO2508-C-7500,1.4,1.4,1.6
2025-08-12,2025-08-12 10:11:29.400,MO2508-C-7500,1.4,1.4,1.6
2025-08-12,2025-08-12 10:11:38.900,MO2508-C-7500,1.4,1.4,1.6
2025-08-12,2025-08-12 10:11:39.400,MO2508-C-7500,1.4,1.4,1.6
2025-08-12,2025-08-12 10:11:48.900,MO2508-C-7500,1.4,1.4,1.6
2025-08-12,2025-08-12 10:11:49.400,MO2508-C-7500,1.4,1.4,1.6
2025-08-12,2025-08-12 10:11:56.900,MO2508-C-7500,1.4,1.4,1.6
2025-08-12,2025-08-12 10:11:57.400,MO2508-C-7500,1.4,1.4,1.6
2025-08-12,2025-08-12 10:11:58.900,MO2508-C-7500,1.4,1.4,1.6
2025-08-12,2025-08-12 10:11:59.400,MO2508-C-7500,1.4,1.4,1.6
2025-08-12,2025-08-12 10:12:08.900,MO2508-C-7500,1.4,1.4,1.6
2025-08-12,2025-08-12 10:12:09.400,MO2508-C-7500,1.4,1.4,1.6
2025-08-12,2025-08-12 10:12:13.400,MO2508-C-7500,1.4,1.4,1.6
2025-08-12,2025-08-12 10:12:18.900,MO2508-C-7500,1.4,1.4,1.6
2025-08-12,2025-08-12 10:12:19.400,MO2508-C-7500,1.4,1.4,1.6
2025-08-12,2025-08-12 10:12:21.400,MO2508-C-7500,1.4,1.4,1.6
2025-08-12,2025-08-12 10:12:22.400,MO2508-C-7500,1.4,1.4,1.6
2025-08-12,2025-08-12 10:12:23.400,MO2508-C-7500,1.4,1.4,1.6
2025-08-12,2025-08-12 10:12:24.400,MO2508-C-7500,1.4,1.4,1.6
2025-08-12,2025-08-12 10:12:24.900,MO2508-C-7500,1.4,1.4,1.6
2025-08-12,2025-08-12 10:12:28.900,MO2508-C-7500,1.4,1.4,1.6
2025-08-12,2025-08-12 10:12:29.400,MO2508-C-7500,1.4,1.4,1.6
2025-08-12,2025-08-12 10:12:35.400,MO2508-C-7500,1.4,1.4,1.6
2025-08-12,2025-08-12 10:12:36.400,MO2508-C-7500,1.4,1.4,1.6
2025-08-12,2025-08-12 10:12:36.900,MO2508-C-7500,1.4,1.4,1.6
2025-08-12,2025-08-12 10:12:37.400,MO2508-C-7500,1.4,1.4,1.6
2025-08-12,2025-08-12 10:12:38.900,MO2508-C-7500,1.4,1.4,1.6
2025-08-12,2025-08-12 10:12:39.400,MO2508-C-7500,1.4,1.4,1.6
2025-08-12,2025-08-12 10:12:40.400,MO2508-C-7500,1.4,1.4,1.6
2025-08-12,2025-08-12 10:12:41.400,MO2508-C-7500,1.4,1.4,1.6
2025-08-12,2025-08-12 10:12:42.400,MO2508-C-7500,1.4,1.4,1.6
2025-08-12,2025-08-12 10:12:43.400,MO2508-C-7500,1.4,1.4,1.6
2025-08-12,2025-08-12 10:12:44.400,MO2508-C-7500,1.4,1.4,1.6
2025-08-12,2025-08-12 10:12:45.400,MO2508-C-7500,1.4,1.4,1.6
2025-08-12,2025-08-12 10:12:45.900,MO2508-C-7500,1.4,1.4,1.6
2025-08-12,2025-08-12 10:12:46.400,MO2508-C-7500,1.4,1.4,1.6
2025-08-12,2025-08-12 10:12:46.900,MO2508-C-7500,1.4,1.4,1.6
2025-08-12,2025-08-12 10:12:47.400,MO2508-C-7500,1.4,1.4,1.6
2025-08-12,2025-08-12 10:12:48.400,MO2508-C-7500,1.4,1.4,1.6
2025-08-12,2025-08-12 10:12:48.900,MO2508-C-7500,1.4,1.4,1.6
2025-08-12,2025-08-12 10:12:49.400,MO2508-C-7500,1.4,1.4,1.6
2025-08-12,2025-08-12 10:12:52.400,MO2508-C-7500,1.4,1.4,1.6
2025-08-12,2025-08-12 10:12:54.400,MO2508-C-7500,1.4,1.4,1.6
2025-08-12,2025-08-12 10:12:56.900,MO2508-C-7500,1.4,1.4,1.6
2025-08-12,2025-08-12 10:12:58.900,MO2508-C-7500,1.4,1.4,1.6
2025-08-12,2025-08-12 10:12:59.400,MO2508-C-7500,1.4,1.4,1.6
2025-08-12,2025-08-12 10:13:04.400,MO2508-C-7500,1.4,1.4,1.6
2025-08-12,2025-08-12 10:13:05.900,MO2508-C-7500,1.4,1.4,1.6
2025-08-12,2025-08-12 10:13:08.900,MO2508-C-7500,1.4,1.4,1.6
2025-08-12,2025-08-12 10:13:09.400,MO2508-C-7500,1.4,1.4,1.6
2025-08-12,2025-08-12 10:13:16.900,MO2508-C-7500,1.4,1.4,1.6
2025-08-12,2025-08-12 10:13:17.900,MO2508-C-7500,1.4,1.4,1.6
2025-08-12,2025-08-12 10:13:18.900,MO2508-C-7500,1.4,1.4,1.6
2025-08-12,2025-08-12 10:13:19.400,MO2508-C-7500,1.4,1.4,1.6
2025-08-12,2025-08-12 10:13:22.900,MO2508-C-7500,1.4,1.4,1.6
2025-08-12,2025-08-12 10:13:23.400,MO2508-C-7500,1.4,1.4,1.6
2025-08-12,2025-08-12 10:13:24.400,MO2508-C-7500,1.4,1.4,1.6
2025-08-12,2025-08-12 10:13:28.900,MO2508-C-7500,1.4,1.4,1.6
2025-08-12,2025-08-12 10:13:29.400,MO2508-C-7500,1.4,1.4,1.6
2025-08-12,2025-08-12 10:13:38.900,MO2508-C-7500,1.4,1.4,1.6
2025-08-12,2025-08-12 10:13:39.400,MO2508-C-7500,1.4,1.4,1.6
2025-08-12,2025-08-12 10:13:48.900,MO2508-C-7500,1.4,1.4,1.6
2025-08-12,2025-08-12 10:13:49.400,MO2508-C-7500,1.4,1.4,1.6
2025-08-12,2025-08-12 10:13:53.400,MO2508-C-7500,1.4,1.4,1.6
2025-08-12,2025-08-12 10:13:53.900,MO2508-C-7500,1.4,1.4,1.6
2025-08-12,2025-08-12 10:13:58.900,MO2508-C-7500,1.4,1.4,1.6
2025-08-12,2025-08-12 10:13:59.400,MO2508-C-7500,1.4,1.4,1.6
2025-08-12,2025-08-12 10:14:08.900,MO2508-C-7500,1.4,1.4,1.6
2025-08-12,2025-08-12 10:14:09.400,MO2508-C-7500,1.4,1.4,1.6
2025-08-12,2025-08-12 10:14:18.900,MO2508-C-7500,1.4,1.4,1.6
2025-08-12,2025-08-12 10:14:19.400,MO2508-C-7500,1.4,1.4,1.6
2025-08-12,2025-08-12 10:14:28.900,MO2508-C-7500,1.4,1.4,1.6
2025-08-12,2025-08-12 10:14:29.400,MO2508-C-7500,1.4,1.4,1.6
2025-08-12,2025-08-12 10:14:38.900,MO2508-C-7500,1.4,1.4,1.6
2025-08-12,2025-08-12 10:14:39.400,MO2508-C-7500,1.4,1.4,1.6
2025-08-12,2025-08-12 10:14:48.900,MO2508-C-7500,1.4,1.4,1.6
2025-08-12,2025-08-12 10:14:49.400,MO2508-C-7500,1.4,1.4,1.6
2025-08-12,2025-08-12 10:14:58.900,MO2508-C-7500,1.4,1.4,1.6
2025-08-12,2025-08-12 10:14:59.400,MO2508-C-7500,1.4,1.4,1.6
2025-08-12,2025-08-12 10:15:02.400,MO2508-C-7500,1.4,1.4,1.6
2025-08-12,2025-08-12 10:15:08.900,MO2508-C-7500,1.4,1.4,1.6
2025-08-12,2025-08-12 10:15:09.400,MO2508-C-7500,1.4,1.4,1.6
2025-08-12,2025-08-12 10:15:09.900,MO2508-C-7500,1.4,1.4,1.6
2025-08-12,2025-08-12 10:15:10.400,MO2508-C-7500,1.4,1.4,1.6
2025-08-12,2025-08-12 10:15:18.900,MO2508-C-7500,1.4,1.4,1.6
2025-08-12,2025-08-12 10:15:19.400,MO2508-C-7500,1.4,1.4,1.6
2025-08-12,2025-08-12 10:15:20.900,MO2508-C-7500,1.4,1.4,1.6
2025-08-12,2025-08-12 10:15:21.400,MO2508-C-7500,1.4,1.4,1.6
2025-08-12,2025-08-12 10:15:23.900,MO2508-C-7500,1.4,1.4,1.6
2025-08-12,2025-08-12 10:15:24.400,MO2508-C-7500,1.4,1.4,1.6
2025-08-12,2025-08-12 10:15:28.900,MO2508-C-7500,1.4,1.4,1.6
2025-08-12,2025-08-12 10:15:29.400,MO2508-C-7500,1.4,1.4,1.6
2025-08-12,2025-08-12 10:15:38.900,MO2508-C-7500,1.4,1.4,1.6
2025-08-12,2025-08-12 10:15:39.400,MO2508-C-7500,1.4,1.4,1.6
2025-08-12,2025-08-12 10:15:48.900,MO2508-C-7500,1.4,1.4,1.6
2025-08-12,2025-08-12 10:15:49.400,MO2508-C-7500,1.4,1.4,1.6
2025-08-12,2025-08-12 10:15:52.400,MO2508-C-7500,1.4,1.4,1.6
2025-08-12,2025-08-12 10:15:58.900,MO2508-C-7500,1.4,1.4,1.6
2025-08-12,2025-08-12 10:15:59.400,MO2508-C-7500,1.4,1.4,1.6
2025-08-12,2025-08-12 10:16:04.900,MO2508-C-7500,1.4,1.4,1.6
2025-08-12,2025-08-12 10:16:08.900,MO2508-C-7500,1.4,1.4,1.6
2025-08-12,2025-08-12 10:16:09.400,MO2508-C-7500,1.4,1.4,1.6
2025-08-12,2025-08-12 10:16:18.900,MO2508-C-7500,1.4,1.4,1.6
2025-08-12,2025-08-12 10:16:19.400,MO2508-C-7500,1.4,1.4,1.6
2025-08-12,2025-08-12 10:16:28.900,MO2508-C-7500,1.4,1.4,1.6
2025-08-12,2025-08-12 10:16:29.400,MO2508-C-7500,1.4,1.4,1.6
2025-08-12,2025-08-12 10:16:38.900,MO2508-C-7500,1.4,1.4,1.6
2025-08-12,2025-08-12 10:16:39.400,MO2508-C-7500,1.4,1.4,1.6
2025-08-12,2025-08-12 10:16:48.900,MO2508-C-7500,1.4,1.4,1.6
2025-08-12,2025-08-12 10:16:49.400,MO2508-C-7500,1.4,1.4,1.6
2025-08-12,2025-08-12 10:16:58.900,MO2508-C-7500,1.4,1.4,1.6
2025-08-12,2025-08-12 10:16:59.400,MO2508-C-7500,1.4,1.4,1.6
2025-08-12,2025-08-12 10:17:00.900,MO2508-C-7500,1.4,1.4,1.6
2025-08-12,2025-08-12 10:17:05.400,MO2508-C-7500,1.4,1.4,1.6
2025-08-12,2025-08-12 10:17:08.900,MO2508-C-7500,1.4,1.4,1.6
2025-08-12,2025-08-12 10:17:09.400,MO2508-C-7500,1.4,1.4,1.6
2025-08-12,2025-08-12 10:17:10.900,MO2508-C-7500,1.4,1.4,1.6
2025-08-12,2025-08-12 10:17:18.900,MO2508-C-7500,1.4,1.4,1.6
2025-08-12,2025-08-12 10:17:19.400,MO2508-C-7500,1.4,1.4,1.6
2025-08-12,2025-08-12 10:17:28.900,MO2508-C-7500,1.4,1.4,1.6
2025-08-12,2025-08-12 10:17:29.400,MO2508-C-7500,1.4,1.4,1.6
2025-08-12,2025-08-12 10:17:38.900,MO2508-C-7500,1.4,1.4,1.6
2025-08-12,2025-08-12 10:17:39.400,MO2508-C-7500,1.4,1.4,1.6
2025-08-12,2025-08-12 10:17:48.900,MO2508-C-7500,1.4,1.4,1.6
2025-08-12,2025-08-12 10:17:49.400,MO2508-C-7500,1.4,1.4,1.6
2025-08-12,2025-08-12 10:17:49.900,MO2508-C-7500,1.4,1.4,1.6
2025-08-12,2025-08-12 10:17:58.900,MO2508-C-7500,1.4,1.4,1.6
2025-08-12,2025-08-12 10:17:59.400,MO2508-C-7500,1.4,1.4,1.6
2025-08-12,2025-08-12 10:17:59.900,MO2508-C-7500,1.4,1.4,1.6
2025-08-12,2025-08-12 10:18:02.400,MO2508-C-7500,1.4,1.4,1.6
2025-08-12,2025-08-12 10:18:03.400,MO2508-C-7500,1.4,1.4,1.6
2025-08-12,2025-08-12 10:18:04.400,MO2508-C-7500,1.4,1.4,1.6
2025-08-12,2025-08-12 10:18:08.900,MO2508-C-7500,1.4,1.4,1.6
2025-08-12,2025-08-12 10:18:09.400,MO2508-C-7500,1.4,1.4,1.6
2025-08-12,2025-08-12 10:18:11.400,MO2508-C-7500,1.4,1.4,1.6
2025-08-12,2025-08-12 10:18:18.900,MO2508-C-7500,1.4,1.4,1.6
2025-08-12,2025-08-12 10:18:19.400,MO2508-C-7500,1.4,1.4,1.6
2025-08-12,2025-08-12 10:18:28.900,MO2508-C-7500,1.4,1.4,1.6
2025-08-12,2025-08-12 10:18:29.400,MO2508-C-7500,1.4,1.4,1.6
2025-08-12,2025-08-12 10:18:32.900,MO2508-C-7500,1.4,1.4,1.6
2025-08-12,2025-08-12 10:18:38.900,MO2508-C-7500,1.4,1.4,1.6
2025-08-12,2025-08-12 10:18:39.400,MO2508-C-7500,1.4,1.4,1.6
2025-08-12,2025-08-12 10:18:48.900,MO2508-C-7500,1.4,1.4,1.6
2025-08-12,2025-08-12 10:18:49.400,MO2508-C-7500,1.4,1.4,1.6
2025-08-12,2025-08-12 10:18:53.400,MO2508-C-7500,1.4,1.4,1.6
2025-08-12,2025-08-12 10:18:58.900,MO2508-C-7500,1.4,1.4,1.6
2025-08-12,2025-08-12 10:18:59.400,MO2508-C-7500,1.4,1.4,1.6
2025-08-12,2025-08-12 10:19:08.900,MO2508-C-7500,1.4,1.4,1.6
2025-08-12,2025-08-12 10:19:09.400,MO2508-C-7500,1.4,1.4,1.6
2025-08-12,2025-08-12 10:19:11.400,MO2508-C-7500,1.4,1.4,1.6
2025-08-12,2025-08-12 10:19:18.400,MO2508-C-7500,1.4,1.4,1.6
2025-08-12,2025-08-12 10:19:18.900,MO2508-C-7500,1.4,1.4,1.6
2025-08-12,2025-08-12 10:19:19.400,MO2508-C-7500,1.4,1.4,1.6
2025-08-12,2025-08-12 10:19:22.400,MO2508-C-7500,1.4,1.4,1.6
2025-08-12,2025-08-12 10:19:23.400,MO2508-C-7500,1.4,1.4,1.6
2025-08-12,2025-08-12 10:19:24.400,MO2508-C-7500,1.4,1.4,1.6
2025-08-12,2025-08-12 10:19:26.400,MO2508-C-7500,1.4,1.4,1.6
2025-08-12,2025-08-12 10:19:27.400,MO2508-C-7500,1.4,1.4,1.6
2025-08-12,2025-08-12 10:19:28.400,MO2508-C-7500,1.4,1.4,1.6
2025-08-12,2025-08-12 10:19:28.900,MO2508-C-7500,1.4,1.4,1.6
2025-08-12,2025-08-12 10:19:29.400,MO2508-C-7500,1.4,1.4,1.6
2025-08-12,2025-08-12 10:19:32.400,MO2508-C-7500,1.4,1.4,1.6
2025-08-12,2025-08-12 10:19:38.900,MO2508-C-7500,1.4,1.4,1.6
2025-08-12,2025-08-12 10:19:39.400,MO2508-C-7500,1.4,1.4,1.6
2025-08-12,2025-08-12 10:19:48.900,MO2508-C-7500,1.4,1.4,1.6
2025-08-12,2025-08-12 10:19:49.400,MO2508-C-7500,1.4,1.4,1.6
2025-08-12,2025-08-12 10:19:58.900,MO2508-C-7500,1.4,1.4,1.6
2025-08-12,2025-08-12 10:19:59.400,MO2508-C-7500,1.4,1.4,1.6
2025-08-12,2025-08-12 10:20:08.900,MO2508-C-7500,1.4,1.4,1.6
2025-08-12,2025-08-12 10:20:09.400,MO2508-C-7500,1.4,1.4,1.6
2025-08-12,2025-08-12 10:20:14.900,MO2508-C-7500,1.4,1.4,1.6
2025-08-12,2025-08-12 10:20:18.900,MO2508-C-7500,1.4,1.4,1.6
2025-08-12,2025-08-12 10:20:19.400,MO2508-C-7500,1.4,1.4,1.6
2025-08-12,2025-08-12 10:20:19.900,MO2508-C-7500,1.4,1.4,1.6
2025-08-12,2025-08-12 10:20:28.900,MO2508-C-7500,1.4,1.4,1.6
2025-08-12,2025-08-12 10:20:29.400,MO2508-C-7500,1.4,1.4,1.6
2025-08-12,2025-08-12 10:20:29.900,MO2508-C-7500,1.4,1.4,1.6
2025-08-12,2025-08-12 10:20:31.400,MO2508-C-7500,1.4,1.4,1.6
2025-08-12,2025-08-12 10:20:38.900,MO2508-C-7500,1.4,1.4,1.6
2025-08-12,2025-08-12 10:20:39.400,MO2508-C-7500,1.4,1.4,1.6
2025-08-12,2025-08-12 10:20:40.400,MO2508-C-7500,1.4,1.4,1.6
2025-08-12,2025-08-12 10:20:41.400,MO2508-C-7500,1.4,1.4,1.6
2025-08-12,2025-08-12 10:20:42.400,MO2508-C-7500,1.4,1.4,1.6
2025-08-12,2025-08-12 10:20:48.900,MO2508-C-7500,1.4,1.4,1.6
2025-08-12,2025-08-12 10:20:49.400,MO2508-C-7500,1.4,1.4,1.6
2025-08-12,2025-08-12 10:20:53.400,MO2508-C-7500,1.4,1.4,1.6
2025-08-12,2025-08-12 10:20:54.400,MO2508-C-7500,1.4,1.4,1.6
2025-08-12,2025-08-12 10:20:56.400,MO2508-C-7500,1.4,1.4,1.6
2025-08-12,2025-08-12 10:20:58.900,MO2508-C-7500,1.4,1.4,1.6
2025-08-12,2025-08-12 10:20:59.400,MO2508-C-7500,1.4,1.4,1.6
2025-08-12,2025-08-12 10:21:03.400,MO2508-C-7500,1.4,1.4,1.6
2025-08-12,2025-08-12 10:21:07.400,MO2508-C-7500,1.4,1.4,1.6
2025-08-12,2025-08-12 10:21:08.900,MO2508-C-7500,1.4,1.4,1.6
2025-08-12,2025-08-12 10:21:09.400,MO2508-C-7500,1.4,1.4,1.6
2025-08-12,2025-08-12 10:21:09.900,MO2508-C-7500,1.4,1.4,1.6
2025-08-12,2025-08-12 10:21:14.900,MO2508-C-7500,1.4,1.4,1.6
2025-08-12,2025-08-12 10:21:15.400,MO2508-C-7500,1.4,1.4,1.6
2025-08-12,2025-08-12 10:21:17.400,MO2508-C-7500,1.4,1.4,1.6
2025-08-12,2025-08-12 10:21:18.900,MO2508-C-7500,1.4,1.4,1.6
2025-08-12,2025-08-12 10:21:19.400,MO2508-C-7500,1.4,1.4,1.6
2025-08-12,2025-08-12 10:21:24.400,MO2508-C-7500,1.4,1.4,1.6
2025-08-12,2025-08-12 10:21:28.900,MO2508-C-7500,1.4,1.4,1.6
2025-08-12,2025-08-12 10:21:29.400,MO2508-C-7500,1.4,1.4,1.6
2025-08-12,2025-08-12 10:21:32.400,MO2508-C-7500,1.4,1.4,1.6
2025-08-12,2025-08-12 10:21:38.400,MO2508-C-7500,1.4,1.4,1.6
2025-08-12,2025-08-12 10:21:38.900,MO2508-C-7500,1.4,1.4,1.6
2025-08-12,2025-08-12 10:21:39.400,MO2508-C-7500,1.4,1.4,1.6
2025-08-12,2025-08-12 10:21:40.400,MO2508-C-7500,1.4,1.4,1.6
2025-08-12,2025-08-12 10:21:40.900,MO2508-C-7500,1.4,1.4,1.6
2025-08-12,2025-08-12 10:21:46.400,MO2508-C-7500,1.4,1.4,1.6
2025-08-12,2025-08-12 10:21:46.900,MO2508-C-7500,1.4,1.4,1.6
2025-08-12,2025-08-12 10:21:47.900,MO2508-C-7500,1.4,1.4,1.6
2025-08-12,2025-08-12 10:21:48.900,MO2508-C-7500,1.4,1.4,1.6
2025-08-12,2025-08-12 10:21:49.400,MO2508-C-7500,1.4,1.4,1.6
2025-08-12,2025-08-12 10:21:49.900,MO2508-C-7500,1.4,1.4,1.6
2025-08-12,2025-08-12 10:21:58.900,MO2508-C-7500,1.4,1.4,1.6
2025-08-12,2025-08-12 10:21:59.400,MO2508-C-7500,1.4,1.4,1.6
2025-08-12,2025-08-12 10:22:04.900,MO2508-C-7500,1.4,1.4,1.6
2025-08-12,2025-08-12 10:22:07.400,MO2508-C-7500,1.4,1.4,1.6
2025-08-12,2025-08-12 10:22:07.900,MO2508-C-7500,1.4,1.4,1.6
2025-08-12,2025-08-12 10:22:08.900,MO2508-C-7500,1.4,1.4,1.6
2025-08-12,2025-08-12 10:22:09.400,MO2508-C-7500,1.4,1.4,1.6
2025-08-12,2025-08-12 10:22:14.400,MO2508-C-7500,1.4,1.4,1.6
2025-08-12,2025-08-12 10:22:15.400,MO2508-C-7500,1.4,1.4,1.6
2025-08-12,2025-08-12 10:22:16.400,MO2508-C-7500,1.4,1.4,1.6
2025-08-12,2025-08-12 10:22:18.400,MO2508-C-7500,1.4,1.4,1.6
2025-08-12,2025-08-12 10:22:18.900,MO2508-C-7500,1.4,1.4,1.6
2025-08-12,2025-08-12 10:22:19.400,MO2508-C-7500,1.4,1.4,1.6
2025-08-12,2025-08-12 10:22:19.900,MO2508-C-7500,1.4,1.4,1.6
2025-08-12,2025-08-12 10:22:20.400,MO2508-C-7500,1.4,1.4,1.6
2025-08-12,2025-08-12 10:22:24.900,MO2508-C-7500,1.4,1.4,1.6
2025-08-12,2025-08-12 10:22:25.400,MO2508-C-7500,1.4,1.4,1.6
2025-08-12,2025-08-12 10:22:28.900,MO2508-C-7500,1.4,1.4,1.6
2025-08-12,2025-08-12 10:22:29.400,MO2508-C-7500,1.4,1.4,1.6
2025-08-12,2025-08-12 10:22:36.400,MO2508-C-7500,1.4,1.4,1.6
2025-08-12,2025-08-12 10:22:38.900,MO2508-C-7500,1.4,1.4,1.6
2025-08-12,2025-08-12 10:22:39.400,MO2508-C-7500,1.4,1.4,1.6
2025-08-12,2025-08-12 10:22:42.400,MO2508-C-7500,1.4,1.4,1.6
2025-08-12,2025-08-12 10:22:42.900,MO2508-C-7500,1.4,1.4,1.6
2025-08-12,2025-08-12 10:22:43.900,MO2508-C-7500,1.4,1.4,1.6
2025-08-12,2025-08-12 10:22:44.400,MO2508-C-7500,1.4,1.4,1.6
2025-08-12,2025-08-12 10:22:48.900,MO2508-C-7500,1.4,1.4,1.6
2025-08-12,2025-08-12 10:22:49.400,MO2508-C-7500,1.4,1.4,1.6
2025-08-12,2025-08-12 10:22:49.900,MO2508-C-7500,1.4,1.4,1.6
2025-08-12,2025-08-12 10:22:50.400,MO2508-C-7500,1.4,1.4,1.6
2025-08-12,2025-08-12 10:22:54.400,MO2508-C-7500,1.4,1.4,1.6
2025-08-12,2025-08-12 10:22:58.900,MO2508-C-7500,1.4,1.4,1.6
2025-08-12,2025-08-12 10:22:59.400,MO2508-C-7500,1.4,1.4,1.6
2025-08-12,2025-08-12 10:23:08.900,MO2508-C-7500,1.4,1.4,1.6
2025-08-12,2025-08-12 10:23:09.400,MO2508-C-7500,1.4,1.4,1.6
2025-08-12,2025-08-12 10:23:16.400,MO2508-C-7500,1.4,1.4,1.6
2025-08-12,2025-08-12 10:23:18.900,MO2508-C-7500,1.4,1.4,1.6
2025-08-12,2025-08-12 10:23:19.400,MO2508-C-7500,1.4,1.4,1.6
2025-08-12,2025-08-12 10:23:23.400,MO2508-C-7500,1.4,1.4,1.6
2025-08-12,2025-08-12 10:23:25.400,MO2508-C-7500,1.4,1.4,1.6
2025-08-12,2025-08-12 10:23:28.900,MO2508-C-7500,1.4,1.4,1.6
2025-08-12,2025-08-12 10:23:29.400,MO2508-C-7500,1.4,1.4,1.6
2025-08-12,2025-08-12 10:23:29.900,MO2508-C-7500,1.4,1.4,1.6
2025-08-12,2025-08-12 10:23:38.900,MO2508-C-7500,1.4,1.4,1.6
2025-08-12,2025-08-12 10:23:39.400,MO2508-C-7500,1.4,1.4,1.6
2025-08-12,2025-08-12 10:23:39.900,MO2508-C-7500,1.4,1.4,1.6
2025-08-12,2025-08-12 10:23:48.400,MO2508-C-7500,1.4,1.4,1.6
2025-08-12,2025-08-12 10:23:48.900,MO2508-C-7500,1.4,1.4,1.6
2025-08-12,2025-08-12 10:23:49.400,MO2508-C-7500,1.4,1.4,1.6
2025-08-12,2025-08-12 10:23:58.900,MO2508-C-7500,1.4,1.4,1.6
2025-08-12,2025-08-12 10:23:59.400,MO2508-C-7500,1.4,1.4,1.6
2025-08-12,2025-08-12 10:24:02.400,MO2508-C-7500,1.4,1.4,1.6
2025-08-12,2025-08-12 10:24:02.900,MO2508-C-7500,1.4,1.4,1.6
2025-08-12,2025-08-12 10:24:08.900,MO2508-C-7500,1.4,1.4,1.6
2025-08-12,2025-08-12 10:24:09.400,MO2508-C-7500,1.4,1.4,1.6
2025-08-12,2025-08-12 10:24:15.400,MO2508-C-7500,1.4,1.4,1.6
2025-08-12,2025-08-12 10:24:18.900,MO2508-C-7500,1.4,1.4,1.6
2025-08-12,2025-08-12 10:24:19.400,MO2508-C-7500,1.4,1.4,1.6
2025-08-12,2025-08-12 10:24:21.900,MO2508-C-7500,1.4,1.4,1.6
2025-08-12,2025-08-12 10:24:28.900,MO2508-C-7500,1.4,1.4,1.6
2025-08-12,2025-08-12 10:24:29.400,MO2508-C-7500,1.4,1.4,1.6
2025-08-12,2025-08-12 10:24:38.900,MO2508-C-7500,1.4,1.4,1.6
2025-08-12,2025-08-12 10:24:39.400,MO2508-C-7500,1.4,1.4,1.6
2025-08-12,2025-08-12 10:24:48.900,MO2508-C-7500,1.4,1.4,1.6
2025-08-12,2025-08-12 10:24:49.400,MO2508-C-7500,1.4,1.4,1.6
2025-08-12,2025-08-12 10:24:58.900,MO2508-C-7500,1.4,1.4,1.6
2025-08-12,2025-08-12 10:24:59.400,MO2508-C-7500,1.4,1.4,1.6
2025-08-12,2025-08-12 10:25:08.900,MO2508-C-7500,1.4,1.4,1.6
2025-08-12,2025-08-12 10:25:09.400,MO2508-C-7500,1.4,1.4,1.6
2025-08-12,2025-08-12 10:25:10.400,MO2508-C-7500,1.4,1.4,1.6
2025-08-12,2025-08-12 10:25:18.900,MO2508-C-7500,1.4,1.4,1.6
2025-08-12,2025-08-12 10:25:19.400,MO2508-C-7500,1.4,1.4,1.6
2025-08-12,2025-08-12 10:25:28.900,MO2508-C-7500,1.4,1.4,1.6
2025-08-12,2025-08-12 10:25:29.400,MO2508-C-7500,1.4,1.4,1.6
2025-08-12,2025-08-12 10:25:38.900,MO2508-C-7500,1.4,1.4,1.6
2025-08-12,2025-08-12 10:25:39.400,MO2508-C-7500,1.4,1.4,1.6
2025-08-12,2025-08-12 10:25:48.900,MO2508-C-7500,1.4,1.4,1.6
2025-08-12,2025-08-12 10:25:49.400,MO2508-C-7500,1.4,1.4,1.6
2025-08-12,2025-08-12 10:25:55.400,MO2508-C-7500,1.4,1.4,1.6
2025-08-12,2025-08-12 10:25:58.900,MO2508-C-7500,1.4,1.4,1.6
2025-08-12,2025-08-12 10:25:59.400,MO2508-C-7500,1.4,1.4,1.6
2025-08-12,2025-08-12 10:26:03.400,MO2508-C-7500,1.4,1.4,1.6
2025-08-12,2025-08-12 10:26:05.400,MO2508-C-7500,1.4,1.4,1.6
2025-08-12,2025-08-12 10:26:08.900,MO2508-C-7500,1.4,1.4,1.6
2025-08-12,2025-08-12 10:26:09.400,MO2508-C-7500,1.4,1.4,1.6
2025-08-12,2025-08-12 10:26:09.900,MO2508-C-7500,1.4,1.4,1.6
2025-08-12,2025-08-12 10:26:10.400,MO2508-C-7500,1.4,1.4,1.6
2025-08-12,2025-08-12 10:26:18.400,MO2508-C-7500,1.4,1.4,1.6
2025-08-12,2025-08-12 10:26:18.900,MO2508-C-7500,1.4,1.4,1.6
2025-08-12,2025-08-12 10:26:19.400,MO2508-C-7500,1.4,1.4,1.6
2025-08-12,2025-08-12 10:26:19.900,MO2508-C-7500,1.4,1.4,1.6
2025-08-12,2025-08-12 10:26:21.400,MO2508-C-7500,1.4,1.4,1.6
2025-08-12,2025-08-12 10:26:21.900,MO2508-C-7500,1.4,1.4,1.6
2025-08-12,2025-08-12 10:26:28.900,MO2508-C-7500,1.4,1.4,1.6
2025-08-12,2025-08-12 10:26:38.900,MO2508-C-7500,1.4,1.4,1.6
2025-08-12,2025-08-12 10:26:39.400,MO2508-C-7500,1.4,1.4,1.6
2025-08-12,2025-08-12 10:26:39.900,MO2508-C-7500,1.4,1.4,1.6
2025-08-12,2025-08-12 10:26:45.400,MO2508-C-7500,1.4,1.4,1.6
2025-08-12,2025-08-12 10:26:45.900,MO2508-C-7500,1.4,1.4,1.6
2025-08-12,2025-08-12 10:26:48.900,MO2508-C-7500,1.4,1.4,1.6
2025-08-12,2025-08-12 10:26:49.400,MO2508-C-7500,1.4,1.4,1.6
2025-08-12,2025-08-12 10:26:49.900,MO2508-C-7500,1.4,1.4,1.6
2025-08-12,2025-08-12 10:26:50.400,MO2508-C-7500,1.4,1.4,1.6
2025-08-12,2025-08-12 10:26:58.900,MO2508-C-7500,1.4,1.4,1.6
2025-08-12,2025-08-12 10:26:59.400,MO2508-C-7500,1.4,1.4,1.6
2025-08-12,2025-08-12 10:26:59.900,MO2508-C-7500,1.4,1.4,1.6
2025-08-12,2025-08-12 10:27:00.400,MO2508-C-7500,1.4,1.4,1.6
2025-08-12,2025-08-12 10:27:01.400,MO2508-C-7500,1.4,1.4,1.6
2025-08-12,2025-08-12 10:27:08.900,MO2508-C-7500,1.4,1.4,1.6
2025-08-12,2025-08-12 10:27:09.400,MO2508-C-7500,1.4,1.4,1.6
2025-08-12,2025-08-12 10:27:18.900,MO2508-C-7500,1.4,1.4,1.6
2025-08-12,2025-08-12 10:27:19.400,MO2508-C-7500,1.4,1.4,1.6
2025-08-12,2025-08-12 10:27:22.400,MO2508-C-7500,1.4,1.4,1.6
2025-08-12,2025-08-12 10:27:28.900,MO2508-C-7500,1.4,1.4,1.6
2025-08-12,2025-08-12 10:27:29.400,MO2508-C-7500,1.4,1.4,1.6
2025-08-12,2025-08-12 10:27:33.900,MO2508-C-7500,1.4,1.4,1.6
2025-08-12,2025-08-12 10:27:38.900,MO2508-C-7500,1.4,1.4,1.6
2025-08-12,2025-08-12 10:27:39.400,MO2508-C-7500,1.4,1.4,1.6
2025-08-12,2025-08-12 10:27:41.900,MO2508-C-7500,1.4,1.4,1.6
2025-08-12,2025-08-12 10:27:47.400,MO2508-C-7500,1.4,1.4,1.6
2025-08-12,2025-08-12 10:27:48.400,MO2508-C-7500,1.4,1.4,1.6
2025-08-12,2025-08-12 10:27:48.900,MO2508-C-7500,1.4,1.4,1.6
2025-08-12,2025-08-12 10:27:49.400,MO2508-C-7500,1.4,1.4,1.6
2025-08-12,2025-08-12 10:27:51.900,MO2508-C-7500,1.4,1.4,1.6
2025-08-12,2025-08-12 10:27:58.900,MO2508-C-7500,1.4,1.4,1.6
2025-08-12,2025-08-12 10:27:59.400,MO2508-C-7500,1.4,1.4,1.6
2025-08-12,2025-08-12 10:28:08.900,MO2508-C-7500,1.4,1.4,1.6
2025-08-12,2025-08-12 10:28:09.400,MO2508-C-7500,1.4,1.4,1.6
2025-08-12,2025-08-12 10:28:10.400,MO2508-C-7500,1.4,1.4,1.6
2025-08-12,2025-08-12 10:28:15.900,MO2508-C-7500,1.4,1.4,1.6
2025-08-12,2025-08-12 10:28:18.900,MO2508-C-7500,1.4,1.4,1.6
2025-08-12,2025-08-12 10:28:19.400,MO2508-C-7500,1.4,1.4,1.6
2025-08-12,2025-08-12 10:28:27.900,MO2508-C-7500,1.4,1.4,1.6
2025-08-12,2025-08-12 10:28:28.900,MO2508-C-7500,1.4,1.4,1.6
2025-08-12,2025-08-12 10:28:29.400,MO2508-C-7500,1.4,1.4,1.6
2025-08-12,2025-08-12 10:28:33.400,MO2508-C-7500,1.4,1.4,1.6
2025-08-12,2025-08-12 10:28:34.400,MO2508-C-7500,1.4,1.4,1.6
2025-08-12,2025-08-12 10:28:38.900,MO2508-C-7500,1.4,1.4,1.6
2025-08-12,2025-08-12 10:28:39.400,MO2508-C-7500,1.4,1.4,1.6
2025-08-12,2025-08-12 10:28:43.400,MO2508-C-7500,1.4,1.4,1.6
2025-08-12,2025-08-12 10:28:45.900,MO2508-C-7500,1.4,1.4,1.6
2025-08-12,2025-08-12 10:28:46.400,MO2508-C-7500,1.4,1.4,1.6
2025-08-12,2025-08-12 10:28:48.900,MO2508-C-7500,1.4,1.4,1.6
2025-08-12,2025-08-12 10:28:49.400,MO2508-C-7500,1.4,1.4,1.6
2025-08-12,2025-08-12 10:28:51.400,MO2508-C-7500,1.4,1.4,1.6
2025-08-12,2025-08-12 10:28:51.900,MO2508-C-7500,1.4,1.4,1.6
2025-08-12,2025-08-12 10:28:52.400,MO2508-C-7500,1.4,1.4,1.6
2025-08-12,2025-08-12 10:28:52.900,MO2508-C-7500,1.4,1.4,1.6
2025-08-12,2025-08-12 10:28:53.400,MO2508-C-7500,1.4,1.4,1.6
2025-08-12,2025-08-12 10:28:54.400,MO2508-C-7500,1.4,1.4,1.6
2025-08-12,2025-08-12 10:28:54.900,MO2508-C-7500,1.4,1.4,1.6
2025-08-12,2025-08-12 10:28:55.400,MO2508-C-7500,1.4,1.4,1.6
2025-08-12,2025-08-12 10:28:57.400,MO2508-C-7500,1.4,1.4,1.6
2025-08-12,2025-08-12 10:28:57.900,MO2508-C-7500,1.4,1.4,1.6
2025-08-12,2025-08-12 10:28:58.900,MO2508-C-7500,1.4,1.4,1.6
2025-08-12,2025-08-12 10:28:59.400,MO2508-C-7500,1.4,1.4,1.6
2025-08-12,2025-08-12 10:29:01.400,MO2508-C-7500,1.4,1.4,1.6
2025-08-12,2025-08-12 10:29:04.400,MO2508-C-7500,1.4,1.4,1.6
2025-08-12,2025-08-12 10:29:06.400,MO2508-C-7500,1.4,1.4,1.6
2025-08-12,2025-08-12 10:29:07.400,MO2508-C-7500,1.4,1.4,1.6
2025-08-12,2025-08-12 10:29:08.900,MO2508-C-7500,1.4,1.4,1.6
2025-08-12,2025-08-12 10:29:09.400,MO2508-C-7500,1.4,1.4,1.6
2025-08-12,2025-08-12 10:29:15.400,MO2508-C-7500,1.4,1.4,1.6
2025-08-12,2025-08-12 10:29:15.900,MO2508-C-7500,1.4,1.4,1.6
2025-08-12,2025-08-12 10:29:18.900,MO2508-C-7500,1.4,1.4,1.6
2025-08-12,2025-08-12 10:29:19.400,MO2508-C-7500,1.4,1.4,1.6
2025-08-12,2025-08-12 10:29:21.900,MO2508-C-7500,1.4,1.4,1.6
2025-08-12,2025-08-12 10:29:28.900,MO2508-C-7500,1.4,1.4,1.6
2025-08-12,2025-08-12 10:29:29.400,MO2508-C-7500,1.4,1.4,1.6
2025-08-12,2025-08-12 10:29:32.900,MO2508-C-7500,1.4,1.4,1.6
2025-08-12,2025-08-12 10:29:35.400,MO2508-C-7500,1.4,1.4,1.6
2025-08-12,2025-08-12 10:29:36.900,MO2508-C-7500,1.4,1.2,1.6
2025-08-12,2025-08-12 10:29:37.400,MO2508-C-7500,1.4,1.2,1.6
2025-08-12,2025-08-12 10:29:38.900,MO2508-C-7500,1.4,1.2,1.6
2025-08-12,2025-08-12 10:29:39.400,MO2508-C-7500,1.4,1.2,1.6
2025-08-12,2025-08-12 10:29:39.900,MO2508-C-7500,1.4,1.2,1.6
2025-08-12,2025-08-12 10:29:47.900,MO2508-C-7500,1.4,1.2,1.6
2025-08-12,2025-08-12 10:29:48.400,MO2508-C-7500,1.4,1.2,1.6
2025-08-12,2025-08-12 10:29:49.400,MO2508-C-7500,1.4,1.2,1.6
2025-08-12,2025-08-12 10:29:49.900,MO2508-C-7500,1.4,1.2,1.6
2025-08-12,2025-08-12 10:29:51.900,MO2508-C-7500,1.4,1.2,1.6
2025-08-12,2025-08-12 10:29:52.400,MO2508-C-7500,1.4,1.2,1.6
2025-08-12,2025-08-12 10:29:59.400,MO2508-C-7500,1.4,1.2,1.6
2025-08-12,2025-08-12 10:29:59.900,MO2508-C-7500,1.4,1.2,1.6
2025-08-12,2025-08-12 10:30:00.900,MO2508-C-7500,1.4,1.2,1.6
2025-08-12,2025-08-12 10:30:01.400,MO2508-C-7500,1.4,1.2,1.6
2025-08-12,2025-08-12 10:30:02.400,MO2508-C-7500,1.4,1.2,1.6
2025-08-12,2025-08-12 10:30:09.400,MO2508-C-7500,1.4,1.2,1.6
2025-08-12,2025-08-12 10:30:09.900,MO2508-C-7500,1.4,1.2,1.6
2025-08-12,2025-08-12 10:30:19.400,MO2508-C-7500,1.4,1.2,1.6
2025-08-12,2025-08-12 10:30:19.900,MO2508-C-7500,1.4,1.2,1.6
2025-08-12,2025-08-12 10:30:24.900,MO2508-C-7500,1.4,1.2,1.4
2025-08-12,2025-08-12 10:30:25.400,MO2508-C-7500,1.4,1.2,1.4
2025-08-12,2025-08-12 10:30:25.900,MO2508-C-7500,1.4,1.2,1.4
2025-08-12,2025-08-12 10:30:26.400,MO2508-C-7500,1.4,1.2,1.4
2025-08-12,2025-08-12 10:30:29.400,MO2508-C-7500,1.4,1.2,1.4
2025-08-12,2025-08-12 10:30:29.900,MO2508-C-7500,1.4,1.2,1.4
2025-08-12,2025-08-12 10:30:35.900,MO2508-C-7500,1.4,1.2,1.4
2025-08-12,2025-08-12 10:30:39.400,MO2508-C-7500,1.4,1.2,1.4
2025-08-12,2025-08-12 10:30:39.900,MO2508-C-7500,1.4,1.2,1.4
2025-08-12,2025-08-12 10:30:40.400,MO2508-C-7500,1.4,1.2,1.4
2025-08-12,2025-08-12 10:30:44.400,MO2508-C-7500,1.4,1.2,1.4
2025-08-12,2025-08-12 10:30:45.400,MO2508-C-7500,1.4,1.2,1.4
2025-08-12,2025-08-12 10:30:45.900,MO2508-C-7500,1.4,1.2,1.4
2025-08-12,2025-08-12 10:30:46.400,MO2508-C-7500,1.4,1.2,1.4
2025-08-12,2025-08-12 10:30:46.900,MO2508-C-7500,1.4,1.2,1.4
2025-08-12,2025-08-12 10:30:49.900,MO2508-C-7500,1.4,1.2,1.4
2025-08-12,2025-08-12 10:30:57.400,MO2508-C-7500,1.4,1.2,1.4
2025-08-12,2025-08-12 10:30:59.400,MO2508-C-7500,1.4,1.2,1.4
2025-08-12,2025-08-12 10:30:59.900,MO2508-C-7500,1.4,1.2,1.4
2025-08-12,2025-08-12 10:31:00.400,MO2508-C-7500,1.4,1.2,1.4
2025-08-12,2025-08-12 10:31:00.900,MO2508-C-7500,1.4,1.2,1.4
2025-08-12,2025-08-12 10:31:02.400,MO2508-C-7500,1.4,1.2,1.4
2025-08-12,2025-08-12 10:31:02.900,MO2508-C-7500,1.4,1.2,1.4
2025-08-12,2025-08-12 10:31:04.900,MO2508-C-7500,1.4,1.2,1.4
2025-08-12,2025-08-12 10:31:09.400,MO2508-C-7500,1.4,1.2,1.4
2025-08-12,2025-08-12 10:31:09.900,MO2508-C-7500,1.4,1.2,1.4
2025-08-12,2025-08-12 10:31:10.900,MO2508-C-7500,1.4,1.2,1.4
2025-08-12,2025-08-12 10:31:11.400,MO2508-C-7500,1.4,1.2,1.4
2025-08-12,2025-08-12 10:31:12.900,MO2508-C-7500,1.4,1.2,1.4
2025-08-12,2025-08-12 10:31:19.400,MO2508-C-7500,1.4,1.2,1.4
2025-08-12,2025-08-12 10:31:19.900,MO2508-C-7500,1.4,1.2,1.4
2025-08-12,2025-08-12 10:31:20.400,MO2508-C-7500,1.4,1.2,1.4
2025-08-12,2025-08-12 10:31:26.900,MO2508-C-7500,1.4,1.2,1.4
2025-08-12,2025-08-12 10:31:29.400,MO2508-C-7500,1.4,1.2,1.4
2025-08-12,2025-08-12 10:31:29.900,MO2508-C-7500,1.4,1.2,1.4
2025-08-12,2025-08-12 10:31:30.400,MO2508-C-7500,1.4,1.2,1.4
2025-08-12,2025-08-12 10:31:32.400,MO2508-C-7500,1.4,1.2,1.4
2025-08-12,2025-08-12 10:31:39.400,MO2508-C-7500,1.4,1.2,1.4
2025-08-12,2025-08-12 10:31:39.900,MO2508-C-7500,1.4,1.2,1.4
2025-08-12,2025-08-12 10:31:49.400,MO2508-C-7500,1.4,1.2,1.4
2025-08-12,2025-08-12 10:31:49.900,MO2508-C-7500,1.4,1.2,1.4
2025-08-12,2025-08-12 10:31:51.400,MO2508-C-7500,1.4,1.2,1.4
2025-08-12,2025-08-12 10:31:59.400,MO2508-C-7500,1.4,1.2,1.4
2025-08-12,2025-08-12 10:31:59.900,MO2508-C-7500,1.4,1.2,1.4
2025-08-12,2025-08-12 10:32:09.400,MO2508-C-7500,1.4,1.2,1.4
2025-08-12,2025-08-12 10:32:09.900,MO2508-C-7500,1.4,1.2,1.4
2025-08-12,2025-08-12 10:32:19.400,MO2508-C-7500,1.4,1.2,1.4
2025-08-12,2025-08-12 10:32:19.900,MO2508-C-7500,1.4,1.2,1.4
2025-08-12,2025-08-12 10:32:29.400,MO2508-C-7500,1.4,1.2,1.4
2025-08-12,2025-08-12 10:32:29.900,MO2508-C-7500,1.4,1.2,1.4
2025-08-12,2025-08-12 10:32:39.400,MO2508-C-7500,1.4,1.2,1.4
2025-08-12,2025-08-12 10:32:39.900,MO2508-C-7500,1.4,1.2,1.4
2025-08-12,2025-08-12 10:32:49.400,MO2508-C-7500,1.4,1.2,1.4
2025-08-12,2025-08-12 10:32:49.900,MO2508-C-7500,1.4,1.2,1.4
2025-08-12,2025-08-12 10:32:59.400,MO2508-C-7500,1.4,1.2,1.4
2025-08-12,2025-08-12 10:32:59.900,MO2508-C-7500,1.4,1.2,1.4
2025-08-12,2025-08-12 10:33:09.400,MO2508-C-7500,1.4,1.2,1.4
2025-08-12,2025-08-12 10:33:09.900,MO2508-C-7500,1.4,1.2,1.4
2025-08-12,2025-08-12 10:33:19.400,MO2508-C-7500,1.4,1.2,1.4
2025-08-12,2025-08-12 10:33:19.900,MO2508-C-7500,1.4,1.2,1.4
2025-08-12,2025-08-12 10:33:29.400,MO2508-C-7500,1.4,1.2,1.4
2025-08-12,2025-08-12 10:33:29.900,MO2508-C-7500,1.4,1.2,1.4
2025-08-12,2025-08-12 10:33:39.400,MO2508-C-7500,1.4,1.2,1.4
2025-08-12,2025-08-12 10:33:39.900,MO2508-C-7500,1.4,1.2,1.4
2025-08-12,2025-08-12 10:33:44.400,MO2508-C-7500,1.4,1.2,1.4
2025-08-12,2025-08-12 10:33:47.900,MO2508-C-7500,1.4,1.2,1.4
2025-08-12,2025-08-12 10:33:49.400,MO2508-C-7500,1.4,1.2,1.4
2025-08-12,2025-08-12 10:33:49.900,MO2508-C-7500,1.4,1.2,1.4
2025-08-12,2025-08-12 10:33:59.400,MO2508-C-7500,1.4,1.2,1.4
2025-08-12,2025-08-12 10:33:59.900,MO2508-C-7500,1.4,1.2,1.4
2025-08-12,2025-08-12 10:34:08.900,MO2508-C-7500,1.4,1.2,1.4
2025-08-12,2025-08-12 10:34:09.400,MO2508-C-7500,1.4,1.2,1.4
2025-08-12,2025-08-12 10:34:09.900,MO2508-C-7500,1.4,1.2,1.4
2025-08-12,2025-08-12 10:34:10.900,MO2508-C-7500,1.4,1.2,1.4
2025-08-12,2025-08-12 10:34:19.400,MO2508-C-7500,1.4,1.2,1.4
2025-08-12,2025-08-12 10:34:19.900,MO2508-C-7500,1.4,1.2,1.4
2025-08-12,2025-08-12 10:34:26.400,MO2508-C-7500,1.4,1.2,1.4
2025-08-12,2025-08-12 10:34:26.900,MO2508-C-7500,1.4,1.2,1.4
2025-08-12,2025-08-12 10:34:29.400,MO2508-C-7500,1.4,1.2,1.4
2025-08-12,2025-08-12 10:34:29.900,MO2508-C-7500,1.4,1.2,1.4
2025-08-12,2025-08-12 10:34:39.400,MO2508-C-7500,1.4,1.2,1.4
2025-08-12,2025-08-12 10:34:39.900,MO2508-C-7500,1.4,1.2,1.4
2025-08-12,2025-08-12 10:34:49.400,MO2508-C-7500,1.4,1.2,1.4
2025-08-12,2025-08-12 10:34:49.900,MO2508-C-7500,1.4,1.2,1.4
2025-08-12,2025-08-12 10:34:59.400,MO2508-C-7500,1.4,1.2,1.4
2025-08-12,2025-08-12 10:34:59.900,MO2508-C-7500,1.4,1.2,1.4
2025-08-12,2025-08-12 10:35:06.400,MO2508-C-7500,1.4,1.2,1.4
2025-08-12,2025-08-12 10:35:07.400,MO2508-C-7500,1.4,1.2,1.4
2025-08-12,2025-08-12 10:35:09.400,MO2508-C-7500,1.4,1.2,1.4
2025-08-12,2025-08-12 10:35:09.900,MO2508-C-7500,1.4,1.2,1.4
2025-08-12,2025-08-12 10:35:19.400,MO2508-C-7500,1.4,1.2,1.4
2025-08-12,2025-08-12 10:35:19.900,MO2508-C-7500,1.4,1.2,1.4
2025-08-12,2025-08-12 10:35:29.400,MO2508-C-7500,1.4,1.2,1.4
2025-08-12,2025-08-12 10:35:29.900,MO2508-C-7500,1.4,1.2,1.4
2025-08-12,2025-08-12 10:35:34.400,MO2508-C-7500,1.4,1.2,1.4
2025-08-12,2025-08-12 10:35:36.400,MO2508-C-7500,1.4,1.2,1.4
2025-08-12,2025-08-12 10:35:38.400,MO2508-C-7500,1.4,1.2,1.4
2025-08-12,2025-08-12 10:35:39.400,MO2508-C-7500,1.4,1.2,1.4
2025-08-12,2025-08-12 10:35:39.900,MO2508-C-7500,1.4,1.2,1.4
2025-08-12,2025-08-12 10:35:40.400,MO2508-C-7500,1.4,1.2,1.4
2025-08-12,2025-08-12 10:35:49.400,MO2508-C-7500,1.4,1.2,1.4
2025-08-12,2025-08-12 10:35:49.900,MO2508-C-7500,1.4,1.2,1.4
2025-08-12,2025-08-12 10:35:51.400,MO2508-C-7500,1.4,1.2,1.4
2025-08-12,2025-08-12 10:35:59.400,MO2508-C-7500,1.4,1.2,1.4
2025-08-12,2025-08-12 10:35:59.900,MO2508-C-7500,1.4,1.2,1.4
2025-08-12,2025-08-12 10:36:06.400,MO2508-C-7500,1.4,1.2,1.4
2025-08-12,2025-08-12 10:36:09.400,MO2508-C-7500,1.4,1.2,1.4
2025-08-12,2025-08-12 10:36:09.900,MO2508-C-7500,1.4,1.2,1.4
2025-08-12,2025-08-12 10:36:10.400,MO2508-C-7500,1.4,1.2,1.4
2025-08-12,2025-08-12 10:36:15.400,MO2508-C-7500,1.4,1.2,1.4
2025-08-12,2025-08-12 10:36:19.400,MO2508-C-7500,1.4,1.2,1.4
2025-08-12,2025-08-12 10:36:19.900,MO2508-C-7500,1.4,1.2,1.4
2025-08-12,2025-08-12 10:36:27.900,MO2508-C-7500,1.4,1.2,1.4
2025-08-12,2025-08-12 10:36:29.400,MO2508-C-7500,1.4,1.2,1.4
2025-08-12,2025-08-12 10:36:29.900,MO2508-C-7500,1.4,1.2,1.4
2025-08-12,2025-08-12 10:36:35.400,MO2508-C-7500,1.4,1.2,1.4
2025-08-12,2025-08-12 10:36:39.400,MO2508-C-7500,1.4,1.2,1.4
2025-08-12,2025-08-12 10:36:39.900,MO2508-C-7500,1.4,1.2,1.4
2025-08-12,2025-08-12 10:36:40.400,MO2508-C-7500,1.4,1.2,1.4
2025-08-12,2025-08-12 10:36:40.900,MO2508-C-7500,1.4,1.2,1.4
2025-08-12,2025-08-12 10:36:49.400,MO2508-C-7500,1.4,1.2,1.4
2025-08-12,2025-08-12 10:36:49.900,MO2508-C-7500,1.4,1.2,1.4
2025-08-12,2025-08-12 10:36:50.400,MO2508-C-7500,1.4,1.2,1.4
2025-08-12,2025-08-12 10:36:51.400,MO2508-C-7500,1.4,1.2,1.4
2025-08-12,2025-08-12 10:36:59.400,MO2508-C-7500,1.4,1.2,1.4
2025-08-12,2025-08-12 10:36:59.900,MO2508-C-7500,1.4,1.2,1.4
2025-08-12,2025-08-12 10:37:09.400,MO2508-C-7500,1.4,1.2,1.4
2025-08-12,2025-08-12 10:37:09.900,MO2508-C-7500,1.4,1.2,1.4
2025-08-12,2025-08-12 10:37:19.400,MO2508-C-7500,1.4,1.2,1.4
2025-08-12,2025-08-12 10:37:19.900,MO2508-C-7500,1.4,1.2,1.4
2025-08-12,2025-08-12 10:37:29.400,MO2508-C-7500,1.4,1.2,1.4
2025-08-12,2025-08-12 10:37:29.900,MO2508-C-7500,1.4,1.2,1.4
2025-08-12,2025-08-12 10:37:39.400,MO2508-C-7500,1.4,1.2,1.4
2025-08-12,2025-08-12 10:37:39.900,MO2508-C-7500,1.4,1.2,1.4
2025-08-12,2025-08-12 10:37:47.400,MO2508-C-7500,1.4,1.2,1.4
2025-08-12,2025-08-12 10:37:49.400,MO2508-C-7500,1.4,1.2,1.4
2025-08-12,2025-08-12 10:37:49.900,MO2508-C-7500,1.4,1.2,1.4
2025-08-12,2025-08-12 10:37:59.400,MO2508-C-7500,1.4,1.2,1.4
2025-08-12,2025-08-12 10:37:59.900,MO2508-C-7500,1.4,1.2,1.4
2025-08-12,2025-08-12 10:38:09.400,MO2508-C-7500,1.4,1.2,1.4
2025-08-12,2025-08-12 10:38:09.900,MO2508-C-7500,1.4,1.2,1.4
2025-08-12,2025-08-12 10:38:19.400,MO2508-C-7500,1.4,1.2,1.4
2025-08-12,2025-08-12 10:38:19.900,MO2508-C-7500,1.4,1.2,1.4
2025-08-12,2025-08-12 10:38:29.400,MO2508-C-7500,1.4,1.2,1.4
2025-08-12,2025-08-12 10:38:29.900,MO2508-C-7500,1.4,1.2,1.4
2025-08-12,2025-08-12 10:38:39.400,MO2508-C-7500,1.4,1.2,1.4
2025-08-12,2025-08-12 10:38:39.900,MO2508-C-7500,1.4,1.2,1.4
2025-08-12,2025-08-12 10:38:49.400,MO2508-C-7500,1.4,1.2,1.4
2025-08-12,2025-08-12 10:38:49.900,MO2508-C-7500,1.4,1.2,1.4
2025-08-12,2025-08-12 10:38:59.400,MO2508-C-7500,1.4,1.2,1.4
2025-08-12,2025-08-12 10:38:59.900,MO2508-C-7500,1.4,1.2,1.4
2025-08-12,2025-08-12 10:39:09.400,MO2508-C-7500,1.4,1.2,1.4
2025-08-12,2025-08-12 10:39:09.900,MO2508-C-7500,1.4,1.2,1.4
2025-08-12,2025-08-12 10:39:17.400,MO2508-C-7500,1.4,1.2,1.4
2025-08-12,2025-08-12 10:39:19.400,MO2508-C-7500,1.4,1.2,1.4
2025-08-12,2025-08-12 10:39:19.900,MO2508-C-7500,1.4,1.2,1.4
2025-08-12,2025-08-12 10:39:29.400,MO2508-C-7500,1.4,1.2,1.4
2025-08-12,2025-08-12 10:39:29.900,MO2508-C-7500,1.4,1.2,1.4
2025-08-12,2025-08-12 10:39:39.400,MO2508-C-7500,1.4,1.2,1.4
2025-08-12,2025-08-12 10:39:39.900,MO2508-C-7500,1.4,1.2,1.4
2025-08-12,2025-08-12 10:39:43.900,MO2508-C-7500,1.4,1.2,1.4
2025-08-12,2025-08-12 10:39:44.400,MO2508-C-7500,1.4,1.2,1.4
2025-08-12,2025-08-12 10:39:49.400,MO2508-C-7500,1.4,1.2,1.4
2025-08-12,2025-08-12 10:39:49.900,MO2508-C-7500,1.4,1.2,1.4
2025-08-12,2025-08-12 10:39:59.400,MO2508-C-7500,1.4,1.2,1.4
2025-08-12,2025-08-12 10:39:59.900,MO2508-C-7500,1.4,1.2,1.4
2025-08-12,2025-08-12 10:40:09.400,MO2508-C-7500,1.4,1.2,1.4
2025-08-12,2025-08-12 10:40:09.900,MO2508-C-7500,1.4,1.2,1.4
2025-08-12,2025-08-12 10:40:19.400,MO2508-C-7500,1.4,1.2,1.4
2025-08-12,2025-08-12 10:40:19.900,MO2508-C-7500,1.4,1.2,1.4
2025-08-12,2025-08-12 10:40:29.400,MO2508-C-7500,1.4,1.2,1.4
2025-08-12,2025-08-12 10:40:29.900,MO2508-C-7500,1.4,1.2,1.4
2025-08-12,2025-08-12 10:40:35.900,MO2508-C-7500,1.4,1.2,1.4
2025-08-12,2025-08-12 10:40:39.400,MO2508-C-7500,1.4,1.2,1.4
2025-08-12,2025-08-12 10:40:39.900,MO2508-C-7500,1.4,1.2,1.4
2025-08-12,2025-08-12 10:40:49.400,MO2508-C-7500,1.4,1.2,1.4
2025-08-12,2025-08-12 10:40:49.900,MO2508-C-7500,1.4,1.2,1.4
2025-08-12,2025-08-12 10:40:57.400,MO2508-C-7500,1.4,1.2,1.4
2025-08-12,2025-08-12 10:40:59.400,MO2508-C-7500,1.4,1.2,1.4
2025-08-12,2025-08-12 10:40:59.900,MO2508-C-7500,1.4,1.2,1.4
2025-08-12,2025-08-12 10:41:09.400,MO2508-C-7500,1.4,1.2,1.4
2025-08-12,2025-08-12 10:41:09.900,MO2508-C-7500,1.4,1.2,1.4
2025-08-12,2025-08-12 10:41:11.400,MO2508-C-7500,1.4,1.2,1.4
2025-08-12,2025-08-12 10:41:12.400,MO2508-C-7500,1.4,1.2,1.4
2025-08-12,2025-08-12 10:41:19.400,MO2508-C-7500,1.4,1.2,1.4
2025-08-12,2025-08-12 10:41:19.900,MO2508-C-7500,1.4,1.2,1.4
2025-08-12,2025-08-12 10:41:29.400,MO2508-C-7500,1.4,1.2,1.4
2025-08-12,2025-08-12 10:41:29.900,MO2508-C-7500,1.4,1.2,1.4
2025-08-12,2025-08-12 10:41:39.400,MO2508-C-7500,1.4,1.2,1.4
2025-08-12,2025-08-12 10:41:39.900,MO2508-C-7500,1.4,1.2,1.4
2025-08-12,2025-08-12 10:41:49.400,MO2508-C-7500,1.4,1.2,1.4
2025-08-12,2025-08-12 10:41:49.900,MO2508-C-7500,1.4,1.2,1.4
2025-08-12,2025-08-12 10:41:59.400,MO2508-C-7500,1.4,1.2,1.4
2025-08-12,2025-08-12 10:41:59.900,MO2508-C-7500,1.4,1.2,1.4
2025-08-12,2025-08-12 10:42:02.900,MO2508-C-7500,1.4,1.2,1.4
2025-08-12,2025-08-12 10:42:06.900,MO2508-C-7500,1.4,1.2,1.4
2025-08-12,2025-08-12 10:42:09.400,MO2508-C-7500,1.4,1.2,1.4
2025-08-12,2025-08-12 10:42:09.900,MO2508-C-7500,1.4,1.2,1.4
2025-08-12,2025-08-12 10:42:19.400,MO2508-C-7500,1.4,1.2,1.4
2025-08-12,2025-08-12 10:42:19.900,MO2508-C-7500,1.4,1.2,1.4
2025-08-12,2025-08-12 10:42:25.400,MO2508-C-7500,1.4,1.2,1.4
2025-08-12,2025-08-12 10:42:25.900,MO2508-C-7500,1.4,1.2,1.4
2025-08-12,2025-08-12 10:42:29.400,MO2508-C-7500,1.4,1.2,1.4
2025-08-12,2025-08-12 10:42:29.900,MO2508-C-7500,1.4,1.2,1.4
2025-08-12,2025-08-12 10:42:39.400,MO2508-C-7500,1.4,1.2,1.4
2025-08-12,2025-08-12 10:42:39.900,MO2508-C-7500,1.4,1.2,1.4
2025-08-12,2025-08-12 10:42:47.900,MO2508-C-7500,1.4,1.2,1.4
2025-08-12,2025-08-12 10:42:48.400,MO2508-C-7500,1.4,1.2,1.4
2025-08-12,2025-08-12 10:42:49.400,MO2508-C-7500,1.4,1.2,1.4
2025-08-12,2025-08-12 10:42:49.900,MO2508-C-7500,1.4,1.2,1.4
2025-08-12,2025-08-12 10:42:59.400,MO2508-C-7500,1.4,1.2,1.4
2025-08-12,2025-08-12 10:42:59.900,MO2508-C-7500,1.4,1.2,1.4
2025-08-12,2025-08-12 10:43:09.400,MO2508-C-7500,1.4,1.2,1.4
2025-08-12,2025-08-12 10:43:09.900,MO2508-C-7500,1.4,1.2,1.4
2025-08-12,2025-08-12 10:43:19.400,MO2508-C-7500,1.4,1.2,1.4
2025-08-12,2025-08-12 10:43:19.900,MO2508-C-7500,1.4,1.2,1.4
2025-08-12,2025-08-12 10:43:20.900,MO2508-C-7500,1.4,1.2,1.4
2025-08-12,2025-08-12 10:43:21.400,MO2508-C-7500,1.4,1.2,1.4
2025-08-12,2025-08-12 10:43:25.400,MO2508-C-7500,1.4,1.2,1.4
2025-08-12,2025-08-12 10:43:29.400,MO2508-C-7500,1.4,1.2,1.4
2025-08-12,2025-08-12 10:43:29.900,MO2508-C-7500,1.4,1.2,1.4
2025-08-12,2025-08-12 10:43:39.400,MO2508-C-7500,1.4,1.2,1.4
2025-08-12,2025-08-12 10:43:39.900,MO2508-C-7500,1.4,1.2,1.4
2025-08-12,2025-08-12 10:43:45.400,MO2508-C-7500,1.4,1.2,1.4
2025-08-12,2025-08-12 10:43:48.400,MO2508-C-7500,1.4,1.2,1.4
2025-08-12,2025-08-12 10:43:49.400,MO2508-C-7500,1.4,1.2,1.4
2025-08-12,2025-08-12 10:43:49.900,MO2508-C-7500,1.4,1.2,1.4
2025-08-12,2025-08-12 10:43:53.400,MO2508-C-7500,1.4,1.2,1.4
2025-08-12,2025-08-12 10:43:55.900,MO2508-C-7500,1.4,1.2,1.4
2025-08-12,2025-08-12 10:43:59.400,MO2508-C-7500,1.4,1.2,1.4
2025-08-12,2025-08-12 10:43:59.900,MO2508-C-7500,1.4,1.2,1.4
2025-08-12,2025-08-12 10:44:02.400,MO2508-C-7500,1.4,1.2,1.4
2025-08-12,2025-08-12 10:44:04.400,MO2508-C-7500,1.4,1.2,1.4
2025-08-12,2025-08-12 10:44:06.400,MO2508-C-7500,1.4,1.2,1.4
2025-08-12,2025-08-12 10:44:07.400,MO2508-C-7500,1.4,1.2,1.4
2025-08-12,2025-08-12 10:44:09.400,MO2508-C-7500,1.4,1.2,1.4
2025-08-12,2025-08-12 10:44:09.900,MO2508-C-7500,1.4,1.2,1.4
2025-08-12,2025-08-12 10:44:11.400,MO2508-C-7500,1.4,1.2,1.4
2025-08-12,2025-08-12 10:44:11.900,MO2508-C-7500,1.2,1.2,1.4
2025-08-12,2025-08-12 10:44:12.400,MO2508-C-7500,1.2,1.2,1.4
2025-08-12,2025-08-12 10:44:19.400,MO2508-C-7500,1.2,1.2,1.4
2025-08-12,2025-08-12 10:44:19.900,MO2508-C-7500,1.2,1.2,1.4
2025-08-12,2025-08-12 10:44:21.400,MO2508-C-7500,1.2,1.2,1.4
2025-08-12,2025-08-12 10:44:23.400,MO2508-C-7500,1.2,1.2,1.4
2025-08-12,2025-08-12 10:44:24.400,MO2508-C-7500,1.2,1.2,1.4
2025-08-12,2025-08-12 10:44:29.400,MO2508-C-7500,1.2,1.2,1.4
2025-08-12,2025-08-12 10:44:29.900,MO2508-C-7500,1.2,1.2,1.4
2025-08-12,2025-08-12 10:44:30.400,MO2508-C-7500,1.2,1.2,1.4
2025-08-12,2025-08-12 10:44:39.400,MO2508-C-7500,1.2,1.2,1.4
2025-08-12,2025-08-12 10:44:39.900,MO2508-C-7500,1.2,1.2,1.4
2025-08-12,2025-08-12 10:44:40.400,MO2508-C-7500,1.2,1.2,1.4
2025-08-12,2025-08-12 10:44:49.400,MO2508-C-7500,1.2,1.2,1.4
2025-08-12,2025-08-12 10:44:49.900,MO2508-C-7500,1.2,1.2,1.4
2025-08-12,2025-08-12 10:44:50.400,MO2508-C-7500,1.2,1.2,1.4
2025-08-12,2025-08-12 10:44:59.400,MO2508-C-7500,1.2,1.2,1.4
2025-08-12,2025-08-12 10:44:59.900,MO2508-C-7500,1.2,1.2,1.4
2025-08-12,2025-08-12 10:45:00.400,MO2508-C-7500,1.2,1.2,1.4
2025-08-12,2025-08-12 10:45:09.400,MO2508-C-7500,1.2,1.2,1.4
2025-08-12,2025-08-12 10:45:09.900,MO2508-C-7500,1.2,1.2,1.4
2025-08-12,2025-08-12 10:45:10.400,MO2508-C-7500,1.2,1.2,1.4
2025-08-12,2025-08-12 10:45:19.400,MO2508-C-7500,1.2,1.2,1.4
2025-08-12,2025-08-12 10:45:19.900,MO2508-C-7500,1.2,1.2,1.4
2025-08-12,2025-08-12 10:45:20.400,MO2508-C-7500,1.2,1.2,1.4
2025-08-12,2025-08-12 10:45:25.400,MO2508-C-7500,1.2,1.2,1.4
2025-08-12,2025-08-12 10:45:26.400,MO2508-C-7500,1.2,1.2,1.4
2025-08-12,2025-08-12 10:45:29.400,MO2508-C-7500,1.2,1.2,1.4
2025-08-12,2025-08-12 10:45:29.900,MO2508-C-7500,1.2,1.2,1.4
2025-08-12,2025-08-12 10:45:30.400,MO2508-C-7500,1.2,1.2,1.4
2025-08-12,2025-08-12 10:45:39.400,MO2508-C-7500,1.2,1.2,1.4
2025-08-12,2025-08-12 10:45:39.900,MO2508-C-7500,1.2,1.2,1.4
2025-08-12,2025-08-12 10:45:40.400,MO2508-C-7500,1.2,1.2,1.4
2025-08-12,2025-08-12 10:45:44.900,MO2508-C-7500,1.2,1.2,1.4
2025-08-12,2025-08-12 10:45:46.400,MO2508-C-7500,1.2,1.2,1.4
2025-08-12,2025-08-12 10:45:46.900,MO2508-C-7500,1.2,1.2,1.4
2025-08-12,2025-08-12 10:45:49.400,MO2508-C-7500,1.2,1.2,1.4
2025-08-12,2025-08-12 10:45:49.900,MO2508-C-7500,1.2,1.2,1.4
2025-08-12,2025-08-12 10:45:59.400,MO2508-C-7500,1.2,1.2,1.4
2025-08-12,2025-08-12 10:45:59.900,MO2508-C-7500,1.2,1.2,1.4
2025-08-12,2025-08-12 10:46:02.400,MO2508-C-7500,1.2,1.2,1.4
2025-08-12,2025-08-12 10:46:02.900,MO2508-C-7500,1.2,1.2,1.4
2025-08-12,2025-08-12 10:46:09.400,MO2508-C-7500,1.2,1.2,1.4
2025-08-12,2025-08-12 10:46:09.900,MO2508-C-7500,1.2,1.2,1.4
2025-08-12,2025-08-12 10:46:19.400,MO2508-C-7500,1.2,1.2,1.4
2025-08-12,2025-08-12 10:46:19.900,MO2508-C-7500,1.2,1.2,1.4
2025-08-12,2025-08-12 10:46:29.400,MO2508-C-7500,1.2,1.2,1.4
2025-08-12,2025-08-12 10:46:29.900,MO2508-C-7500,1.2,1.2,1.4
2025-08-12,2025-08-12 10:46:39.400,MO2508-C-7500,1.2,1.2,1.4
2025-08-12,2025-08-12 10:46:39.900,MO2508-C-7500,1.2,1.2,1.4
2025-08-12,2025-08-12 10:46:49.400,MO2508-C-7500,1.2,1.2,1.4
2025-08-12,2025-08-12 10:46:49.900,MO2508-C-7500,1.2,1.2,1.4
2025-08-12,2025-08-12 10:46:59.400,MO2508-C-7500,1.2,1.2,1.4
2025-08-12,2025-08-12 10:46:59.900,MO2508-C-7500,1.2,1.2,1.4
2025-08-12,2025-08-12 10:47:01.400,MO2508-C-7500,1.2,1.2,1.4
2025-08-12,2025-08-12 10:47:09.400,MO2508-C-7500,1.2,1.2,1.4
2025-08-12,2025-08-12 10:47:09.900,MO2508-C-7500,1.2,1.2,1.4
2025-08-12,2025-08-12 10:47:19.400,MO2508-C-7500,1.2,1.2,1.4
2025-08-12,2025-08-12 10:47:19.900,MO2508-C-7500,1.2,1.2,1.4
2025-08-12,2025-08-12 10:47:21.400,MO2508-C-7500,1.2,1.2,1.4
2025-08-12,2025-08-12 10:47:29.400,MO2508-C-7500,1.2,1.2,1.4
2025-08-12,2025-08-12 10:47:29.900,MO2508-C-7500,1.2,1.2,1.4
2025-08-12,2025-08-12 10:47:30.400,MO2508-C-7500,1.2,1.2,1.4
2025-08-12,2025-08-12 10:47:39.400,MO2508-C-7500,1.2,1.2,1.4
2025-08-12,2025-08-12 10:47:39.900,MO2508-C-7500,1.2,1.2,1.4
2025-08-12,2025-08-12 10:47:40.400,MO2508-C-7500,1.2,1.2,1.4
2025-08-12,2025-08-12 10:47:49.400,MO2508-C-7500,1.2,1.2,1.4
2025-08-12,2025-08-12 10:47:49.900,MO2508-C-7500,1.2,1.2,1.4
2025-08-12,2025-08-12 10:47:50.400,MO2508-C-7500,1.2,1.2,1.4
2025-08-12,2025-08-12 10:47:56.400,MO2508-C-7500,1.2,1.2,1.4
2025-08-12,2025-08-12 10:47:59.400,MO2508-C-7500,1.2,1.2,1.4
2025-08-12,2025-08-12 10:47:59.900,MO2508-C-7500,1.2,1.2,1.4
2025-08-12,2025-08-12 10:48:01.900,MO2508-C-7500,1.2,1.2,1.4
2025-08-12,2025-08-12 10:48:02.400,MO2508-C-7500,1.2,1.2,1.4
2025-08-12,2025-08-12 10:48:09.400,MO2508-C-7500,1.2,1.2,1.4
2025-08-12,2025-08-12 10:48:09.900,MO2508-C-7500,1.2,1.2,1.4
2025-08-12,2025-08-12 10:48:19.400,MO2508-C-7500,1.2,1.2,1.4
2025-08-12,2025-08-12 10:48:19.900,MO2508-C-7500,1.2,1.2,1.4
2025-08-12,2025-08-12 10:48:29.400,MO2508-C-7500,1.2,1.2,1.4
2025-08-12,2025-08-12 10:48:29.900,MO2508-C-7500,1.2,1.2,1.4
2025-08-12,2025-08-12 10:48:39.400,MO2508-C-7500,1.2,1.2,1.4
2025-08-12,2025-08-12 10:48:39.900,MO2508-C-7500,1.2,1.2,1.4
2025-08-12,2025-08-12 10:48:47.900,MO2508-C-7500,1.4,1.2,1.4
2025-08-12,2025-08-12 10:48:48.400,MO2508-C-7500,1.4,1.2,1.4
2025-08-12,2025-08-12 10:48:48.900,MO2508-C-7500,1.4,1.2,1.4
2025-08-12,2025-08-12 10:48:49.400,MO2508-C-7500,1.4,1.2,1.4
2025-08-12,2025-08-12 10:48:49.900,MO2508-C-7500,1.4,1.2,1.4
2025-08-12,2025-08-12 10:48:59.400,MO2508-C-7500,1.4,1.2,1.4
2025-08-12,2025-08-12 10:48:59.900,MO2508-C-7500,1.4,1.2,1.4
2025-08-12,2025-08-12 10:49:00.400,MO2508-C-7500,1.4,1.2,1.4
2025-08-12,2025-08-12 10:49:01.900,MO2508-C-7500,1.4,1.2,1.4
2025-08-12,2025-08-12 10:49:03.900,MO2508-C-7500,1.4,1.2,1.4
2025-08-12,2025-08-12 10:49:05.900,MO2508-C-7500,1.4,1.2,1.4
2025-08-12,2025-08-12 10:49:09.400,MO2508-C-7500,1.4,1.2,1.4
2025-08-12,2025-08-12 10:49:09.900,MO2508-C-7500,1.4,1.2,1.4
2025-08-12,2025-08-12 10:49:19.400,MO2508-C-7500,1.4,1.2,1.4
2025-08-12,2025-08-12 10:49:19.900,MO2508-C-7500,1.4,1.2,1.4
2025-08-12,2025-08-12 10:49:23.400,MO2508-C-7500,1.4,1.2,1.4
2025-08-12,2025-08-12 10:49:29.400,MO2508-C-7500,1.4,1.2,1.4
2025-08-12,2025-08-12 10:49:29.900,MO2508-C-7500,1.4,1.2,1.4
2025-08-12,2025-08-12 10:49:39.400,MO2508-C-7500,1.4,1.2,1.4
2025-08-12,2025-08-12 10:49:39.900,MO2508-C-7500,1.4,1.2,1.4
2025-08-12,2025-08-12 10:49:49.400,MO2508-C-7500,1.4,1.2,1.4
2025-08-12,2025-08-12 10:49:49.900,MO2508-C-7500,1.4,1.2,1.4
2025-08-12,2025-08-12 10:49:53.900,MO2508-C-7500,1.4,1.2,1.4
2025-08-12,2025-08-12 10:49:59.400,MO2508-C-7500,1.4,1.2,1.4
2025-08-12,2025-08-12 10:49:59.900,MO2508-C-7500,1.4,1.2,1.4
2025-08-12,2025-08-12 10:50:09.400,MO2508-C-7500,1.4,1.2,1.4
2025-08-12,2025-08-12 10:50:09.900,MO2508-C-7500,1.4,1.2,1.4
2025-08-12,2025-08-12 10:50:11.400,MO2508-C-7500,1.4,1.2,1.4
2025-08-12,2025-08-12 10:50:14.400,MO2508-C-7500,1.4,1.2,1.4
2025-08-12,2025-08-12 10:50:18.400,MO2508-C-7500,1.4,1.2,1.4
2025-08-12,2025-08-12 10:50:19.400,MO2508-C-7500,1.4,1.2,1.4
2025-08-12,2025-08-12 10:50:19.900,MO2508-C-7500,1.4,1.2,1.4
2025-08-12,2025-08-12 10:50:22.400,MO2508-C-7500,1.4,1.2,1.4
2025-08-12,2025-08-12 10:50:23.400,MO2508-C-7500,1.4,1.2,1.4
2025-08-12,2025-08-12 10:50:26.400,MO2508-C-7500,1.4,1.2,1.4
2025-08-12,2025-08-12 10:50:29.400,MO2508-C-7500,1.4,1.2,1.4
2025-08-12,2025-08-12 10:50:29.900,MO2508-C-7500,1.4,1.2,1.4
2025-08-12,2025-08-12 10:50:31.400,MO2508-C-7500,1.4,1.2,1.4
2025-08-12,2025-08-12 10:50:39.400,MO2508-C-7500,1.4,1.2,1.4
2025-08-12,2025-08-12 10:50:39.900,MO2508-C-7500,1.4,1.2,1.4
2025-08-12,2025-08-12 10:50:47.900,MO2508-C-7500,1.4,1.2,1.4
2025-08-12,2025-08-12 10:50:49.400,MO2508-C-7500,1.4,1.2,1.4
2025-08-12,2025-08-12 10:50:49.900,MO2508-C-7500,1.4,1.2,1.4
2025-08-12,2025-08-12 10:50:52.400,MO2508-C-7500,1.4,1.2,1.4
2025-08-12,2025-08-12 10:50:59.400,MO2508-C-7500,1.4,1.2,1.4
2025-08-12,2025-08-12 10:50:59.900,MO2508-C-7500,1.4,1.2,1.4
2025-08-12,2025-08-12 10:51:00.400,MO2508-C-7500,1.4,1.2,1.4
2025-08-12,2025-08-12 10:51:09.400,MO2508-C-7500,1.4,1.2,1.4
2025-08-12,2025-08-12 10:51:09.900,MO2508-C-7500,1.4,1.2,1.4
2025-08-12,2025-08-12 10:51:19.400,MO2508-C-7500,1.4,1.2,1.4
2025-08-12,2025-08-12 10:51:19.900,MO2508-C-7500,1.4,1.2,1.4
2025-08-12,2025-08-12 10:51:26.400,MO2508-C-7500,1.4,1.2,1.4
2025-08-12,2025-08-12 10:51:29.400,MO2508-C-7500,1.4,1.2,1.4
2025-08-12,2025-08-12 10:51:29.900,MO2508-C-7500,1.4,1.2,1.4
2025-08-12,2025-08-12 10:51:38.400,MO2508-C-7500,1.4,1.2,1.4
2025-08-12,2025-08-12 10:51:39.400,MO2508-C-7500,1.4,1.2,1.4
2025-08-12,2025-08-12 10:51:39.900,MO2508-C-7500,1.4,1.2,1.4
2025-08-12,2025-08-12 10:51:49.400,MO2508-C-7500,1.4,1.2,1.4
2025-08-12,2025-08-12 10:51:49.900,MO2508-C-7500,1.4,1.2,1.4
2025-08-12,2025-08-12 10:51:54.400,MO2508-C-7500,1.4,1.2,1.4
2025-08-12,2025-08-12 10:51:55.400,MO2508-C-7500,1.4,1.2,1.4
2025-08-12,2025-08-12 10:51:55.900,MO2508-C-7500,1.4,1.2,1.4
2025-08-12,2025-08-12 10:51:57.900,MO2508-C-7500,1.4,1.2,1.4
2025-08-12,2025-08-12 10:51:58.400,MO2508-C-7500,1.4,1.2,1.4
2025-08-12,2025-08-12 10:51:58.900,MO2508-C-7500,1.4,1.2,1.4
2025-08-12,2025-08-12 10:51:59.400,MO2508-C-7500,1.4,1.2,1.4
2025-08-12,2025-08-12 10:51:59.900,MO2508-C-7500,1.4,1.2,1.4
2025-08-12,2025-08-12 10:52:04.400,MO2508-C-7500,1.4,1.2,1.4
2025-08-12,2025-08-12 10:52:08.400,MO2508-C-7500,1.4,1.2,1.4
2025-08-12,2025-08-12 10:52:09.400,MO2508-C-7500,1.4,1.2,1.4
2025-08-12,2025-08-12 10:52:09.900,MO2508-C-7500,1.4,1.2,1.4
2025-08-12,2025-08-12 10:52:11.400,MO2508-C-7500,1.4,1.2,1.4
2025-08-12,2025-08-12 10:52:12.400,MO2508-C-7500,1.4,1.2,1.4
2025-08-12,2025-08-12 10:52:19.400,MO2508-C-7500,1.4,1.2,1.4
2025-08-12,2025-08-12 10:52:19.900,MO2508-C-7500,1.4,1.2,1.4
2025-08-12,2025-08-12 10:52:20.400,MO2508-C-7500,1.4,1.2,1.4
2025-08-12,2025-08-12 10:52:28.900,MO2508-C-7500,1.4,1.2,1.4
2025-08-12,2025-08-12 10:52:29.400,MO2508-C-7500,1.4,1.2,1.4
2025-08-12,2025-08-12 10:52:29.900,MO2508-C-7500,1.4,1.2,1.4
2025-08-12,2025-08-12 10:52:39.400,MO2508-C-7500,1.4,1.2,1.4
2025-08-12,2025-08-12 10:52:39.900,MO2508-C-7500,1.4,1.2,1.4
2025-08-12,2025-08-12 10:52:43.400,MO2508-C-7500,1.4,1.2,1.4
2025-08-12,2025-08-12 10:52:43.900,MO2508-C-7500,1.4,1.2,1.4
2025-08-12,2025-08-12 10:52:44.400,MO2508-C-7500,1.4,1.2,1.4
2025-08-12,2025-08-12 10:52:47.400,MO2508-C-7500,1.4,1.2,1.4
2025-08-12,2025-08-12 10:52:48.400,MO2508-C-7500,1.4,1.2,1.4
2025-08-12,2025-08-12 10:52:48.900,MO2508-C-7500,1.4,1.2,1.4
2025-08-12,2025-08-12 10:52:49.400,MO2508-C-7500,1.4,1.2,1.4
2025-08-12,2025-08-12 10:52:49.900,MO2508-C-7500,1.4,1.2,1.4
2025-08-12,2025-08-12 10:52:50.400,MO2508-C-7500,1.4,1.2,1.4
2025-08-12,2025-08-12 10:52:52.900,MO2508-C-7500,1.4,1.2,1.4
2025-08-12,2025-08-12 10:52:55.400,MO2508-C-7500,1.4,1.2,1.4
2025-08-12,2025-08-12 10:52:55.900,MO2508-C-7500,1.4,1.2,1.4
2025-08-12,2025-08-12 10:52:59.400,MO2508-C-7500,1.4,1.2,1.4
2025-08-12,2025-08-12 10:52:59.900,MO2508-C-7500,1.4,1.2,1.4
2025-08-12,2025-08-12 10:53:00.400,MO2508-C-7500,1.4,1.2,1.4
2025-08-12,2025-08-12 10:53:08.400,MO2508-C-7500,1.4,1.2,1.4
2025-08-12,2025-08-12 10:53:08.900,MO2508-C-7500,1.4,1.2,1.4
2025-08-12,2025-08-12 10:53:09.400,MO2508-C-7500,1.4,1.2,1.4
2025-08-12,2025-08-12 10:53:09.900,MO2508-C-7500,1.4,1.2,1.4
2025-08-12,2025-08-12 10:53:11.400,MO2508-C-7500,1.4,1.2,1.4
2025-08-12,2025-08-12 10:53:12.400,MO2508-C-7500,1.4,1.2,1.4
2025-08-12,2025-08-12 10:53:19.400,MO2508-C-7500,1.4,1.2,1.4
2025-08-12,2025-08-12 10:53:19.900,MO2508-C-7500,1.4,1.2,1.4
2025-08-12,2025-08-12 10:53:29.400,MO2508-C-7500,1.4,1.2,1.4
2025-08-12,2025-08-12 10:53:29.900,MO2508-C-7500,1.4,1.2,1.4
2025-08-12,2025-08-12 10:53:30.900,MO2508-C-7500,1.4,1.2,1.4
2025-08-12,2025-08-12 10:53:31.400,MO2508-C-7500,1.4,1.2,1.4
2025-08-12,2025-08-12 10:53:31.900,MO2508-C-7500,1.4,1.2,1.4
2025-08-12,2025-08-12 10:53:32.400,MO2508-C-7500,1.4,1.2,1.4
2025-08-12,2025-08-12 10:53:32.900,MO2508-C-7500,1.4,1.2,1.4
2025-08-12,2025-08-12 10:53:33.400,MO2508-C-7500,1.4,1.2,1.4
2025-08-12,2025-08-12 10:53:39.400,MO2508-C-7500,1.4,1.2,1.4
2025-08-12,2025-08-12 10:53:39.900,MO2508-C-7500,1.4,1.2,1.4
2025-08-12,2025-08-12 10:53:49.400,MO2508-C-7500,1.4,1.2,1.4
2025-08-12,2025-08-12 10:53:49.900,MO2508-C-7500,1.4,1.2,1.4
2025-08-12,2025-08-12 10:53:50.400,MO2508-C-7500,1.4,1.2,1.4
2025-08-12,2025-08-12 10:53:50.900,MO2508-C-7500,1.4,1.2,1.4
2025-08-12,2025-08-12 10:53:53.400,MO2508-C-7500,1.4,1.2,1.4
2025-08-12,2025-08-12 10:53:53.900,MO2508-C-7500,1.4,1.2,1.4
2025-08-12,2025-08-12 10:53:54.400,MO2508-C-7500,1.4,1.2,1.4
2025-08-12,2025-08-12 10:53:55.400,MO2508-C-7500,1.4,1.2,1.4
2025-08-12,2025-08-12 10:53:59.400,MO2508-C-7500,1.4,1.2,1.4
2025-08-12,2025-08-12 10:53:59.900,MO2508-C-7500,1.4,1.2,1.4
2025-08-12,2025-08-12 10:54:09.400,MO2508-C-7500,1.4,1.2,1.4
2025-08-12,2025-08-12 10:54:09.900,MO2508-C-7500,1.4,1.2,1.4
2025-08-12,2025-08-12 10:54:19.400,MO2508-C-7500,1.4,1.2,1.4
2025-08-12,2025-08-12 10:54:19.900,MO2508-C-7500,1.4,1.2,1.4
2025-08-12,2025-08-12 10:54:24.900,MO2508-C-7500,1.4,1.2,1.4
2025-08-12,2025-08-12 10:54:25.400,MO2508-C-7500,1.4,1.2,1.4
2025-08-12,2025-08-12 10:54:29.400,MO2508-C-7500,1.4,1.2,1.4
2025-08-12,2025-08-12 10:54:29.900,MO2508-C-7500,1.4,1.2,1.4
2025-08-12,2025-08-12 10:54:39.400,MO2508-C-7500,1.4,1.2,1.4
2025-08-12,2025-08-12 10:54:39.900,MO2508-C-7500,1.4,1.2,1.4
2025-08-12,2025-08-12 10:54:49.400,MO2508-C-7500,1.4,1.2,1.4
2025-08-12,2025-08-12 10:54:49.900,MO2508-C-7500,1.4,1.2,1.4
2025-08-12,2025-08-12 10:54:54.400,MO2508-C-7500,1.4,1.2,1.4
2025-08-12,2025-08-12 10:54:59.400,MO2508-C-7500,1.4,1.2,1.4
2025-08-12,2025-08-12 10:54:59.900,MO2508-C-7500,1.4,1.2,1.4
2025-08-12,2025-08-12 10:55:09.400,MO2508-C-7500,1.4,1.2,1.4
2025-08-12,2025-08-12 10:55:09.900,MO2508-C-7500,1.4,1.2,1.4
2025-08-12,2025-08-12 10:55:19.400,MO2508-C-7500,1.4,1.2,1.4
2025-08-12,2025-08-12 10:55:19.900,MO2508-C-7500,1.4,1.2,1.4
2025-08-12,2025-08-12 10:55:28.400,MO2508-C-7500,1.4,1.2,1.4
2025-08-12,2025-08-12 10:55:28.900,MO2508-C-7500,1.4,1.2,1.4
2025-08-12,2025-08-12 10:55:29.400,MO2508-C-7500,1.4,1.2,1.4
2025-08-12,2025-08-12 10:55:29.900,MO2508-C-7500,1.4,1.2,1.4
2025-08-12,2025-08-12 10:55:39.400,MO2508-C-7500,1.4,1.2,1.4
2025-08-12,2025-08-12 10:55:39.900,MO2508-C-7500,1.4,1.2,1.4
2025-08-12,2025-08-12 10:55:49.400,MO2508-C-7500,1.4,1.2,1.4
2025-08-12,2025-08-12 10:55:49.900,MO2508-C-7500,1.4,1.2,1.4
2025-08-12,2025-08-12 10:55:59.400,MO2508-C-7500,1.4,1.2,1.4
2025-08-12,2025-08-12 10:55:59.900,MO2508-C-7500,1.4,1.2,1.4
2025-08-12,2025-08-12 10:56:09.400,MO2508-C-7500,1.4,1.2,1.4
2025-08-12,2025-08-12 10:56:09.900,MO2508-C-7500,1.4,1.2,1.4
2025-08-12,2025-08-12 10:56:19.400,MO2508-C-7500,1.4,1.2,1.4
2025-08-12,2025-08-12 10:56:19.900,MO2508-C-7500,1.4,1.2,1.4
2025-08-12,2025-08-12 10:56:23.900,MO2508-C-7500,1.4,1.2,1.4
2025-08-12,2025-08-12 10:56:24.400,MO2508-C-7500,1.4,1.2,1.4
2025-08-12,2025-08-12 10:56:25.900,MO2508-C-7500,1.4,1.2,1.4
2025-08-12,2025-08-12 10:56:26.400,MO2508-C-7500,1.4,1.2,1.4
2025-08-12,2025-08-12 10:56:29.400,MO2508-C-7500,1.4,1.2,1.4
2025-08-12,2025-08-12 10:56:29.900,MO2508-C-7500,1.4,1.2,1.4
2025-08-12,2025-08-12 10:56:30.400,MO2508-C-7500,1.4,1.2,1.4
2025-08-12,2025-08-12 10:56:31.900,MO2508-C-7500,1.4,1.2,1.4
2025-08-12,2025-08-12 10:56:32.400,MO2508-C-7500,1.4,1.2,1.4
2025-08-12,2025-08-12 10:56:37.400,MO2508-C-7500,1.4,1.2,1.4
2025-08-12,2025-08-12 10:56:37.900,MO2508-C-7500,1.4,1.2,1.4
2025-08-12,2025-08-12 10:56:39.400,MO2508-C-7500,1.2,1.2,1.4
2025-08-12,2025-08-12 10:56:39.900,MO2508-C-7500,1.2,1.2,1.4
2025-08-12,2025-08-12 10:56:49.400,MO2508-C-7500,1.2,1.2,1.4
2025-08-12,2025-08-12 10:56:49.900,MO2508-C-7500,1.2,1.2,1.4
2025-08-12,2025-08-12 10:56:50.900,MO2508-C-7500,1.2,1.2,1.4
2025-08-12,2025-08-12 10:56:51.400,MO2508-C-7500,1.2,1.2,1.4
2025-08-12,2025-08-12 10:56:57.400,MO2508-C-7500,1.2,1.2,1.4
2025-08-12,2025-08-12 10:56:58.900,MO2508-C-7500,1.2,1.2,1.4
2025-08-12,2025-08-12 10:56:59.400,MO2508-C-7500,1.2,1.2,1.4
2025-08-12,2025-08-12 10:56:59.900,MO2508-C-7500,1.2,1.2,1.4
2025-08-12,2025-08-12 10:57:00.400,MO2508-C-7500,1.2,1.2,1.4
2025-08-12,2025-08-12 10:57:03.900,MO2508-C-7500,1.2,1.0,1.2
2025-08-12,2025-08-12 10:57:04.400,MO2508-C-7500,1.2,1.0,1.2
2025-08-12,2025-08-12 10:57:04.900,MO2508-C-7500,1.2,1.0,1.2
2025-08-12,2025-08-12 10:57:09.400,MO2508-C-7500,1.2,1.0,1.2
2025-08-12,2025-08-12 10:57:09.900,MO2508-C-7500,1.2,1.0,1.2
2025-08-12,2025-08-12 10:57:13.900,MO2508-C-7500,1.2,1.0,1.2
2025-08-12,2025-08-12 10:57:14.900,MO2508-C-7500,1.2,1.0,1.2
2025-08-12,2025-08-12 10:57:15.400,MO2508-C-7500,1.2,1.0,1.2
2025-08-12,2025-08-12 10:57:17.400,MO2508-C-7500,1.2,1.0,1.2
2025-08-12,2025-08-12 10:57:17.900,MO2508-C-7500,1.2,1.0,1.2
2025-08-12,2025-08-12 10:57:18.400,MO2508-C-7500,1.2,1.0,1.2
2025-08-12,2025-08-12 10:57:19.400,MO2508-C-7500,1.2,1.0,1.2
2025-08-12,2025-08-12 10:57:19.900,MO2508-C-7500,1.2,1.0,1.2
2025-08-12,2025-08-12 10:57:20.400,MO2508-C-7500,1.2,1.0,1.2
2025-08-12,2025-08-12 10:57:22.900,MO2508-C-7500,1.2,1.0,1.2
2025-08-12,2025-08-12 10:57:24.900,MO2508-C-7500,1.2,1.0,1.2
2025-08-12,2025-08-12 10:57:25.400,MO2508-C-7500,1.2,1.0,1.2
2025-08-12,2025-08-12 10:57:29.400,MO2508-C-7500,1.2,1.0,1.2
2025-08-12,2025-08-12 10:57:29.900,MO2508-C-7500,1.2,1.0,1.2
2025-08-12,2025-08-12 10:57:31.400,MO2508-C-7500,1.2,1.0,1.2
2025-08-12,2025-08-12 10:57:36.900,MO2508-C-7500,1.2,1.0,1.2
2025-08-12,2025-08-12 10:57:39.400,MO2508-C-7500,1.2,1.0,1.2
2025-08-12,2025-08-12 10:57:39.900,MO2508-C-7500,1.2,1.0,1.2
2025-08-12,2025-08-12 10:57:45.900,MO2508-C-7500,1.2,1.0,1.2
2025-08-12,2025-08-12 10:57:46.400,MO2508-C-7500,1.2,1.0,1.2
2025-08-12,2025-08-12 10:57:49.400,MO2508-C-7500,1.2,1.0,1.2
2025-08-12,2025-08-12 10:57:49.900,MO2508-C-7500,1.2,1.0,1.2
2025-08-12,2025-08-12 10:57:50.900,MO2508-C-7500,1.2,1.0,1.2
2025-08-12,2025-08-12 10:57:54.400,MO2508-C-7500,1.2,1.0,1.2
2025-08-12,2025-08-12 10:57:59.400,MO2508-C-7500,1.2,1.0,1.2
2025-08-12,2025-08-12 10:57:59.900,MO2508-C-7500,1.2,1.0,1.2
2025-08-12,2025-08-12 10:58:09.400,MO2508-C-7500,1.2,1.0,1.2
2025-08-12,2025-08-12 10:58:09.900,MO2508-C-7500,1.2,1.0,1.2
2025-08-12,2025-08-12 10:58:17.900,MO2508-C-7500,1.2,1.0,1.2
2025-08-12,2025-08-12 10:58:18.900,MO2508-C-7500,1.2,1.0,1.2
2025-08-12,2025-08-12 10:58:19.400,MO2508-C-7500,1.2,1.0,1.2
2025-08-12,2025-08-12 10:58:19.900,MO2508-C-7500,1.2,1.0,1.2
2025-08-12,2025-08-12 10:58:22.900,MO2508-C-7500,1.2,1.0,1.2
2025-08-12,2025-08-12 10:58:23.400,MO2508-C-7500,1.2,1.0,1.2
2025-08-12,2025-08-12 10:58:23.900,MO2508-C-7500,1.2,1.0,1.2
2025-08-12,2025-08-12 10:58:29.400,MO2508-C-7500,1.2,1.0,1.2
2025-08-12,2025-08-12 10:58:29.900,MO2508-C-7500,1.2,1.0,1.2
2025-08-12,2025-08-12 10:58:30.400,MO2508-C-7500,1.2,1.0,1.2
2025-08-12,2025-08-12 10:58:30.900,MO2508-C-7500,1.2,1.0,1.2
2025-08-12,2025-08-12 10:58:38.900,MO2508-C-7500,1.2,1.0,1.2
2025-08-12,2025-08-12 10:58:39.400,MO2508-C-7500,1.2,1.0,1.2
2025-08-12,2025-08-12 10:58:39.900,MO2508-C-7500,1.2,1.0,1.2
2025-08-12,2025-08-12 10:58:40.400,MO2508-C-7500,1.2,1.0,1.2
2025-08-12,2025-08-12 10:58:41.900,MO2508-C-7500,1.2,1.0,1.2
2025-08-12,2025-08-12 10:58:49.400,MO2508-C-7500,1.2,1.0,1.2
2025-08-12,2025-08-12 10:58:49.900,MO2508-C-7500,1.2,1.0,1.2
2025-08-12,2025-08-12 10:58:59.400,MO2508-C-7500,1.2,1.0,1.2
2025-08-12,2025-08-12 10:58:59.900,MO2508-C-7500,1.2,1.0,1.2
2025-08-12,2025-08-12 10:59:02.400,MO2508-C-7500,1.2,1.0,1.2
2025-08-12,2025-08-12 10:59:02.900,MO2508-C-7500,1.2,1.0,1.2
2025-08-12,2025-08-12 10:59:03.900,MO2508-C-7500,1.2,1.0,1.2
2025-08-12,2025-08-12 10:59:08.400,MO2508-C-7500,1.0,1.0,1.2
2025-08-12,2025-08-12 10:59:09.400,MO2508-C-7500,1.0,1.0,1.2
2025-08-12,2025-08-12 10:59:09.900,MO2508-C-7500,1.0,1.0,1.2
2025-08-12,2025-08-12 10:59:10.400,MO2508-C-7500,1.0,1.0,1.2
2025-08-12,2025-08-12 10:59:11.900,MO2508-C-7500,1.0,1.0,1.2
2025-08-12,2025-08-12 10:59:13.900,MO2508-C-7500,1.0,1.0,1.2
2025-08-12,2025-08-12 10:59:14.900,MO2508-C-7500,1.0,1.0,1.2
2025-08-12,2025-08-12 10:59:18.400,MO2508-C-7500,1.0,1.0,1.2
2025-08-12,2025-08-12 10:59:19.400,MO2508-C-7500,1.0,1.0,1.2
2025-08-12,2025-08-12 10:59:19.900,MO2508-C-7500,1.0,1.0,1.2
2025-08-12,2025-08-12 10:59:22.400,MO2508-C-7500,1.0,1.0,1.2
2025-08-12,2025-08-12 10:59:23.400,MO2508-C-7500,1.0,1.0,1.2
2025-08-12,2025-08-12 10:59:24.900,MO2508-C-7500,1.0,1.0,1.2
2025-08-12,2025-08-12 10:59:26.400,MO2508-C-7500,1.0,1.0,1.2
2025-08-12,2025-08-12 10:59:26.900,MO2508-C-7500,1.0,1.0,1.2
2025-08-12,2025-08-12 10:59:27.400,MO2508-C-7500,1.0,1.0,1.2
2025-08-12,2025-08-12 10:59:28.900,MO2508-C-7500,1.0,1.0,1.2
2025-08-12,2025-08-12 10:59:29.400,MO2508-C-7500,1.0,1.0,1.2
2025-08-12,2025-08-12 10:59:29.900,MO2508-C-7500,1.0,1.0,1.2
2025-08-12,2025-08-12 10:59:34.400,MO2508-C-7500,1.0,1.0,1.2
2025-08-12,2025-08-12 10:59:35.400,MO2508-C-7500,1.0,1.0,1.2
2025-08-12,2025-08-12 10:59:39.400,MO2508-C-7500,1.0,1.0,1.2
2025-08-12,2025-08-12 10:59:39.900,MO2508-C-7500,1.0,1.0,1.2
2025-08-12,2025-08-12 10:59:49.400,MO2508-C-7500,1.0,1.0,1.2
2025-08-12,2025-08-12 10:59:49.900,MO2508-C-7500,1.0,1.0,1.2
2025-08-12,2025-08-12 10:59:57.400,MO2508-C-7500,1.0,1.0,1.2
2025-08-12,2025-08-12 10:59:59.400,MO2508-C-7500,1.0,1.0,1.2
2025-08-12,2025-08-12 10:59:59.900,MO2508-C-7500,1.0,1.0,1.2
2025-08-12,2025-08-12 11:00:01.400,MO2508-C-7500,1.0,1.0,1.2
2025-08-12,2025-08-12 11:00:01.900,MO2508-C-7500,1.0,1.0,1.2
2025-08-12,2025-08-12 11:00:09.400,MO2508-C-7500,1.0,1.0,1.2
2025-08-12,2025-08-12 11:00:09.900,MO2508-C-7500,1.0,1.0,1.2
2025-08-12,2025-08-12 11:00:10.400,MO2508-C-7500,1.0,1.0,1.2
2025-08-12,2025-08-12 11:00:19.400,MO2508-C-7500,1.0,1.0,1.2
2025-08-12,2025-08-12 11:00:19.900,MO2508-C-7500,1.0,1.0,1.2
2025-08-12,2025-08-12 11:00:22.900,MO2508-C-7500,1.0,1.0,1.2
2025-08-12,2025-08-12 11:00:24.900,MO2508-C-7500,1.0,1.0,1.2
2025-08-12,2025-08-12 11:00:29.400,MO2508-C-7500,1.0,1.0,1.2
2025-08-12,2025-08-12 11:00:29.900,MO2508-C-7500,1.0,1.0,1.2
2025-08-12,2025-08-12 11:00:31.400,MO2508-C-7500,1.0,1.0,1.2
2025-08-12,2025-08-12 11:00:39.400,MO2508-C-7500,1.0,1.0,1.2
2025-08-12,2025-08-12 11:00:39.900,MO2508-C-7500,1.0,1.0,1.2
2025-08-12,2025-08-12 11:00:49.400,MO2508-C-7500,1.0,1.0,1.2
2025-08-12,2025-08-12 11:00:49.900,MO2508-C-7500,1.0,1.0,1.2
2025-08-12,2025-08-12 11:00:58.400,MO2508-C-7500,1.0,1.0,1.2
2025-08-12,2025-08-12 11:00:59.400,MO2508-C-7500,1.0,1.0,1.2
2025-08-12,2025-08-12 11:00:59.900,MO2508-C-7500,1.0,1.0,1.2
2025-08-12,2025-08-12 11:01:00.400,MO2508-C-7500,1.0,1.0,1.2
2025-08-12,2025-08-12 11:01:02.900,MO2508-C-7500,1.0,1.0,1.2
2025-08-12,2025-08-12 11:01:06.900,MO2508-C-7500,1.0,1.0,1.2
2025-08-12,2025-08-12 11:01:09.400,MO2508-C-7500,1.0,1.0,1.2
2025-08-12,2025-08-12 11:01:09.900,MO2508-C-7500,1.0,1.0,1.2
2025-08-12,2025-08-12 11:01:19.400,MO2508-C-7500,1.0,1.0,1.2
2025-08-12,2025-08-12 11:01:19.900,MO2508-C-7500,1.0,1.0,1.2
2025-08-12,2025-08-12 11:01:29.400,MO2508-C-7500,1.0,1.0,1.2
2025-08-12,2025-08-12 11:01:29.900,MO2508-C-7500,1.0,1.0,1.2
2025-08-12,2025-08-12 11:01:39.400,MO2508-C-7500,1.0,1.0,1.2
2025-08-12,2025-08-12 11:01:39.900,MO2508-C-7500,1.0,1.0,1.2
2025-08-12,2025-08-12 11:01:49.400,MO2508-C-7500,1.0,1.0,1.2
2025-08-12,2025-08-12 11:01:49.900,MO2508-C-7500,1.0,1.0,1.2
2025-08-12,2025-08-12 11:01:50.400,MO2508-C-7500,1.0,1.0,1.2
2025-08-12,2025-08-12 11:01:59.400,MO2508-C-7500,1.0,1.0,1.2
2025-08-12,2025-08-12 11:01:59.900,MO2508-C-7500,1.0,1.0,1.2
2025-08-12,2025-08-12 11:02:00.900,MO2508-C-7500,1.0,1.0,1.2
2025-08-12,2025-08-12 11:02:01.400,MO2508-C-7500,1.0,1.0,1.2
2025-08-12,2025-08-12 11:02:06.400,MO2508-C-7500,1.0,1.0,1.2
2025-08-12,2025-08-12 11:02:09.400,MO2508-C-7500,1.0,1.0,1.2
2025-08-12,2025-08-12 11:02:09.900,MO2508-C-7500,1.0,1.0,1.2
2025-08-12,2025-08-12 11:02:19.400,MO2508-C-7500,1.0,1.0,1.2
2025-08-12,2025-08-12 11:02:19.900,MO2508-C-7500,1.0,1.0,1.2
2025-08-12,2025-08-12 11:02:29.400,MO2508-C-7500,1.0,1.0,1.2
2025-08-12,2025-08-12 11:02:29.900,MO2508-C-7500,1.0,1.0,1.2
2025-08-12,2025-08-12 11:02:34.900,MO2508-C-7500,1.2,1.0,1.2
2025-08-12,2025-08-12 11:02:39.400,MO2508-C-7500,1.2,1.0,1.2
2025-08-12,2025-08-12 11:02:39.900,MO2508-C-7500,1.2,1.0,1.2
2025-08-12,2025-08-12 11:02:49.400,MO2508-C-7500,1.2,1.0,1.2
2025-08-12,2025-08-12 11:02:49.900,MO2508-C-7500,1.2,1.0,1.2
2025-08-12,2025-08-12 11:02:56.900,MO2508-C-7500,1.2,1.0,1.2
2025-08-12,2025-08-12 11:02:59.400,MO2508-C-7500,1.2,1.0,1.2
2025-08-12,2025-08-12 11:02:59.900,MO2508-C-7500,1.2,1.0,1.2
2025-08-12,2025-08-12 11:03:09.400,MO2508-C-7500,1.2,1.0,1.2
2025-08-12,2025-08-12 11:03:09.900,MO2508-C-7500,1.2,1.0,1.2
2025-08-12,2025-08-12 11:03:18.900,MO2508-C-7500,1.2,1.0,1.2
2025-08-12,2025-08-12 11:03:19.400,MO2508-C-7500,1.2,1.0,1.2
2025-08-12,2025-08-12 11:03:19.900,MO2508-C-7500,1.2,1.0,1.2
2025-08-12,2025-08-12 11:03:29.400,MO2508-C-7500,1.2,1.0,1.2
2025-08-12,2025-08-12 11:03:29.900,MO2508-C-7500,1.2,1.0,1.2
2025-08-12,2025-08-12 11:03:31.900,MO2508-C-7500,1.2,1.0,1.2
2025-08-12,2025-08-12 11:03:39.400,MO2508-C-7500,1.2,1.0,1.2
2025-08-12,2025-08-12 11:03:39.900,MO2508-C-7500,1.2,1.0,1.2
2025-08-12,2025-08-12 11:03:49.400,MO2508-C-7500,1.2,1.0,1.2
2025-08-12,2025-08-12 11:03:49.900,MO2508-C-7500,1.2,1.0,1.2
2025-08-12,2025-08-12 11:03:59.400,MO2508-C-7500,1.2,1.0,1.2
2025-08-12,2025-08-12 11:03:59.900,MO2508-C-7500,1.2,1.0,1.2
2025-08-12,2025-08-12 11:04:09.400,MO2508-C-7500,1.2,1.0,1.2
2025-08-12,2025-08-12 11:04:09.900,MO2508-C-7500,1.2,1.0,1.2
2025-08-12,2025-08-12 11:04:19.400,MO2508-C-7500,1.2,1.0,1.2
2025-08-12,2025-08-12 11:04:19.900,MO2508-C-7500,1.2,1.0,1.2
2025-08-12,2025-08-12 11:04:29.400,MO2508-C-7500,1.2,1.0,1.2
2025-08-12,2025-08-12 11:04:29.900,MO2508-C-7500,1.2,1.0,1.2
2025-08-12,2025-08-12 11:04:39.400,MO2508-C-7500,1.2,1.0,1.2
2025-08-12,2025-08-12 11:04:39.900,MO2508-C-7500,1.2,1.0,1.2
2025-08-12,2025-08-12 11:04:45.900,MO2508-C-7500,1.2,1.0,1.2
2025-08-12,2025-08-12 11:04:49.400,MO2508-C-7500,1.2,1.0,1.2
2025-08-12,2025-08-12 11:04:49.900,MO2508-C-7500,1.2,1.0,1.2
2025-08-12,2025-08-12 11:04:56.400,MO2508-C-7500,1.2,1.0,1.2
2025-08-12,2025-08-12 11:04:59.400,MO2508-C-7500,1.2,1.0,1.2
2025-08-12,2025-08-12 11:04:59.900,MO2508-C-7500,1.2,1.0,1.2
2025-08-12,2025-08-12 11:05:01.900,MO2508-C-7500,1.2,1.0,1.2
2025-08-12,2025-08-12 11:05:03.400,MO2508-C-7500,1.2,1.0,1.2
2025-08-12,2025-08-12 11:05:09.400,MO2508-C-7500,1.2,1.0,1.2
2025-08-12,2025-08-12 11:05:09.900,MO2508-C-7500,1.2,1.0,1.2
2025-08-12,2025-08-12 11:05:19.400,MO2508-C-7500,1.2,1.0,1.2
2025-08-12,2025-08-12 11:05:19.900,MO2508-C-7500,1.2,1.0,1.2
2025-08-12,2025-08-12 11:05:29.400,MO2508-C-7500,1.2,1.0,1.2
2025-08-12,2025-08-12 11:05:29.900,MO2508-C-7500,1.2,1.0,1.2
2025-08-12,2025-08-12 11:05:39.400,MO2508-C-7500,1.2,1.0,1.2
2025-08-12,2025-08-12 11:05:39.900,MO2508-C-7500,1.2,1.0,1.2
2025-08-12,2025-08-12 11:05:49.400,MO2508-C-7500,1.2,1.0,1.2
2025-08-12,2025-08-12 11:05:49.900,MO2508-C-7500,1.2,1.0,1.2
2025-08-12,2025-08-12 11:05:59.400,MO2508-C-7500,1.2,1.0,1.2
2025-08-12,2025-08-12 11:05:59.900,MO2508-C-7500,1.2,1.0,1.2
2025-08-12,2025-08-12 11:06:09.400,MO2508-C-7500,1.2,1.0,1.2
2025-08-12,2025-08-12 11:06:09.900,MO2508-C-7500,1.2,1.0,1.2
2025-08-12,2025-08-12 11:06:19.400,MO2508-C-7500,1.2,1.0,1.2
2025-08-12,2025-08-12 11:06:19.900,MO2508-C-7500,1.2,1.0,1.2
2025-08-12,2025-08-12 11:06:29.400,MO2508-C-7500,1.2,1.0,1.2
2025-08-12,2025-08-12 11:06:29.900,MO2508-C-7500,1.2,1.0,1.2
2025-08-12,2025-08-12 11:06:39.400,MO2508-C-7500,1.2,1.0,1.2
2025-08-12,2025-08-12 11:06:39.900,MO2508-C-7500,1.2,1.0,1.2
2025-08-12,2025-08-12 11:06:49.400,MO2508-C-7500,1.2,1.0,1.2
2025-08-12,2025-08-12 11:06:49.900,MO2508-C-7500,1.2,1.0,1.2
2025-08-12,2025-08-12 11:06:59.400,MO2508-C-7500,1.2,1.0,1.2
2025-08-12,2025-08-12 11:06:59.900,MO2508-C-7500,1.2,1.0,1.2
2025-08-12,2025-08-12 11:07:09.400,MO2508-C-7500,1.2,1.0,1.2
2025-08-12,2025-08-12 11:07:09.900,MO2508-C-7500,1.2,1.0,1.2
2025-08-12,2025-08-12 11:07:19.400,MO2508-C-7500,1.2,1.0,1.2
2025-08-12,2025-08-12 11:07:19.900,MO2508-C-7500,1.2,1.0,1.2
2025-08-12,2025-08-12 11:07:29.400,MO2508-C-7500,1.2,1.0,1.2
2025-08-12,2025-08-12 11:07:29.900,MO2508-C-7500,1.2,1.0,1.2
2025-08-12,2025-08-12 11:07:39.400,MO2508-C-7500,1.2,1.0,1.2
2025-08-12,2025-08-12 11:07:39.900,MO2508-C-7500,1.2,1.0,1.2
2025-08-12,2025-08-12 11:07:48.900,MO2508-C-7500,1.2,1.0,1.2
2025-08-12,2025-08-12 11:07:49.400,MO2508-C-7500,1.2,1.0,1.2
2025-08-12,2025-08-12 11:07:49.900,MO2508-C-7500,1.2,1.0,1.2
2025-08-12,2025-08-12 11:07:59.400,MO2508-C-7500,1.2,1.0,1.2
2025-08-12,2025-08-12 11:07:59.900,MO2508-C-7500,1.2,1.0,1.2
2025-08-12,2025-08-12 11:08:09.400,MO2508-C-7500,1.2,1.0,1.2
2025-08-12,2025-08-12 11:08:09.900,MO2508-C-7500,1.2,1.0,1.2
2025-08-12,2025-08-12 11:08:19.400,MO2508-C-7500,1.2,1.0,1.2
2025-08-12,2025-08-12 11:08:19.900,MO2508-C-7500,1.2,1.0,1.2
2025-08-12,2025-08-12 11:08:28.400,MO2508-C-7500,1.2,1.0,1.2
2025-08-12,2025-08-12 11:08:29.400,MO2508-C-7500,1.2,1.0,1.2
2025-08-12,2025-08-12 11:08:29.900,MO2508-C-7500,1.2,1.0,1.2
2025-08-12,2025-08-12 11:08:39.400,MO2508-C-7500,1.2,1.0,1.2
2025-08-12,2025-08-12 11:08:39.900,MO2508-C-7500,1.2,1.0,1.2
2025-08-12,2025-08-12 11:08:49.400,MO2508-C-7500,1.2,1.0,1.2
2025-08-12,2025-08-12 11:08:49.900,MO2508-C-7500,1.2,1.0,1.2
2025-08-12,2025-08-12 11:08:59.400,MO2508-C-7500,1.2,1.0,1.2
2025-08-12,2025-08-12 11:08:59.900,MO2508-C-7500,1.2,1.0,1.2
2025-08-12,2025-08-12 11:09:02.900,MO2508-C-7500,1.2,1.0,1.2
2025-08-12,2025-08-12 11:09:09.400,MO2508-C-7500,1.2,1.0,1.2
2025-08-12,2025-08-12 11:09:09.900,MO2508-C-7500,1.2,1.0,1.2
2025-08-12,2025-08-12 11:09:10.400,MO2508-C-7500,1.2,1.0,1.2
2025-08-12,2025-08-12 11:09:19.400,MO2508-C-7500,1.2,1.0,1.2
2025-08-12,2025-08-12 11:09:19.900,MO2508-C-7500,1.2,1.0,1.2
2025-08-12,2025-08-12 11:09:27.400,MO2508-C-7500,1.2,1.0,1.2
2025-08-12,2025-08-12 11:09:29.400,MO2508-C-7500,1.2,1.0,1.2
2025-08-12,2025-08-12 11:09:29.900,MO2508-C-7500,1.2,1.0,1.2
2025-08-12,2025-08-12 11:09:31.900,MO2508-C-7500,1.2,1.0,1.2
2025-08-12,2025-08-12 11:09:32.400,MO2508-C-7500,1.2,1.0,1.2
2025-08-12,2025-08-12 11:09:39.400,MO2508-C-7500,1.2,1.0,1.2
2025-08-12,2025-08-12 11:09:39.900,MO2508-C-7500,1.2,1.0,1.2
2025-08-12,2025-08-12 11:09:49.400,MO2508-C-7500,1.2,1.0,1.2
2025-08-12,2025-08-12 11:09:49.900,MO2508-C-7500,1.2,1.0,1.2
2025-08-12,2025-08-12 11:09:55.400,MO2508-C-7500,1.2,1.0,1.2
2025-08-12,2025-08-12 11:09:59.400,MO2508-C-7500,1.2,1.0,1.2
2025-08-12,2025-08-12 11:09:59.900,MO2508-C-7500,1.2,1.0,1.2
2025-08-12,2025-08-12 11:10:01.400,MO2508-C-7500,1.2,1.0,1.2
2025-08-12,2025-08-12 11:10:01.900,MO2508-C-7500,1.2,1.0,1.2
2025-08-12,2025-08-12 11:10:09.400,MO2508-C-7500,1.2,1.0,1.2
2025-08-12,2025-08-12 11:10:09.900,MO2508-C-7500,1.2,1.0,1.2
2025-08-12,2025-08-12 11:10:11.400,MO2508-C-7500,1.2,1.0,1.2
2025-08-12,2025-08-12 11:10:19.400,MO2508-C-7500,1.2,1.0,1.2
2025-08-12,2025-08-12 11:10:19.900,MO2508-C-7500,1.2,1.0,1.2
2025-08-12,2025-08-12 11:10:29.400,MO2508-C-7500,1.2,1.0,1.2
2025-08-12,2025-08-12 11:10:29.900,MO2508-C-7500,1.2,1.0,1.2
2025-08-12,2025-08-12 11:10:39.400,MO2508-C-7500,1.2,1.0,1.2
2025-08-12,2025-08-12 11:10:39.900,MO2508-C-7500,1.2,1.0,1.2
2025-08-12,2025-08-12 11:10:49.400,MO2508-C-7500,1.2,1.0,1.2
2025-08-12,2025-08-12 11:10:49.900,MO2508-C-7500,1.2,1.0,1.2
2025-08-12,2025-08-12 11:10:59.400,MO2508-C-7500,1.2,1.0,1.2
2025-08-12,2025-08-12 11:10:59.900,MO2508-C-7500,1.2,1.0,1.2
2025-08-12,2025-08-12 11:11:09.400,MO2508-C-7500,1.2,1.0,1.2
2025-08-12,2025-08-12 11:11:09.900,MO2508-C-7500,1.2,1.0,1.2
2025-08-12,2025-08-12 11:11:19.400,MO2508-C-7500,1.2,1.0,1.2
2025-08-12,2025-08-12 11:11:19.900,MO2508-C-7500,1.2,1.0,1.2
2025-08-12,2025-08-12 11:11:29.400,MO2508-C-7500,1.2,1.0,1.2
2025-08-12,2025-08-12 11:11:29.900,MO2508-C-7500,1.2,1.0,1.2
2025-08-12,2025-08-12 11:11:39.400,MO2508-C-7500,1.2,1.0,1.2
2025-08-12,2025-08-12 11:11:39.900,MO2508-C-7500,1.2,1.0,1.2
2025-08-12,2025-08-12 11:11:42.400,MO2508-C-7500,1.2,1.0,1.2
2025-08-12,2025-08-12 11:11:49.400,MO2508-C-7500,1.2,1.0,1.2
2025-08-12,2025-08-12 11:11:49.900,MO2508-C-7500,1.2,1.0,1.2
2025-08-12,2025-08-12 11:11:59.400,MO2508-C-7500,1.2,1.0,1.2
2025-08-12,2025-08-12 11:11:59.900,MO2508-C-7500,1.2,1.0,1.2
2025-08-12,2025-08-12 11:12:09.400,MO2508-C-7500,1.2,1.0,1.2
2025-08-12,2025-08-12 11:12:09.900,MO2508-C-7500,1.2,1.0,1.2
2025-08-12,2025-08-12 11:12:13.400,MO2508-C-7500,1.2,1.0,1.2
2025-08-12,2025-08-12 11:12:19.400,MO2508-C-7500,1.2,1.0,1.2
2025-08-12,2025-08-12 11:12:19.900,MO2508-C-7500,1.2,1.0,1.2
2025-08-12,2025-08-12 11:12:25.400,MO2508-C-7500,1.2,1.0,1.2
2025-08-12,2025-08-12 11:12:29.400,MO2508-C-7500,1.2,1.0,1.2
2025-08-12,2025-08-12 11:12:29.900,MO2508-C-7500,1.2,1.0,1.2
2025-08-12,2025-08-12 11:12:35.400,MO2508-C-7500,1.2,1.0,1.2
2025-08-12,2025-08-12 11:12:39.400,MO2508-C-7500,1.2,1.0,1.2
2025-08-12,2025-08-12 11:12:39.900,MO2508-C-7500,1.2,1.0,1.2
2025-08-12,2025-08-12 11:12:49.400,MO2508-C-7500,1.2,1.0,1.2
2025-08-12,2025-08-12 11:12:49.900,MO2508-C-7500,1.2,1.0,1.2
2025-08-12,2025-08-12 11:12:59.400,MO2508-C-7500,1.2,1.0,1.2
2025-08-12,2025-08-12 11:12:59.900,MO2508-C-7500,1.2,1.0,1.2
2025-08-12,2025-08-12 11:13:09.400,MO2508-C-7500,1.2,1.0,1.2
2025-08-12,2025-08-12 11:13:09.900,MO2508-C-7500,1.2,1.0,1.2
2025-08-12,2025-08-12 11:13:12.900,MO2508-C-7500,1.2,1.0,1.2
2025-08-12,2025-08-12 11:13:13.400,MO2508-C-7500,1.2,1.0,1.2
2025-08-12,2025-08-12 11:13:15.900,MO2508-C-7500,1.2,1.0,1.2
2025-08-12,2025-08-12 11:13:19.400,MO2508-C-7500,1.2,1.0,1.2
2025-08-12,2025-08-12 11:13:19.900,MO2508-C-7500,1.2,1.0,1.2
2025-08-12,2025-08-12 11:13:20.900,MO2508-C-7500,1.2,1.0,1.2
2025-08-12,2025-08-12 11:13:21.400,MO2508-C-7500,1.2,1.0,1.2
2025-08-12,2025-08-12 11:13:23.400,MO2508-C-7500,1.2,1.0,1.2
2025-08-12,2025-08-12 11:13:29.400,MO2508-C-7500,1.2,1.0,1.2
2025-08-12,2025-08-12 11:13:29.900,MO2508-C-7500,1.2,1.0,1.2
2025-08-12,2025-08-12 11:13:39.400,MO2508-C-7500,1.2,1.0,1.2
2025-08-12,2025-08-12 11:13:39.900,MO2508-C-7500,1.2,1.0,1.2
2025-08-12,2025-08-12 11:13:49.400,MO2508-C-7500,1.2,1.0,1.2
2025-08-12,2025-08-12 11:13:49.900,MO2508-C-7500,1.2,1.0,1.2
2025-08-12,2025-08-12 11:13:59.400,MO2508-C-7500,1.2,1.0,1.2
2025-08-12,2025-08-12 11:13:59.900,MO2508-C-7500,1.2,1.0,1.2
2025-08-12,2025-08-12 11:14:09.400,MO2508-C-7500,1.2,1.0,1.2
2025-08-12,2025-08-12 11:14:09.900,MO2508-C-7500,1.2,1.0,1.2
2025-08-12,2025-08-12 11:14:19.400,MO2508-C-7500,1.2,1.0,1.2
2025-08-12,2025-08-12 11:14:19.900,MO2508-C-7500,1.2,1.0,1.2
2025-08-12,2025-08-12 11:14:29.400,MO2508-C-7500,1.2,1.0,1.2
2025-08-12,2025-08-12 11:14:29.900,MO2508-C-7500,1.2,1.0,1.2
2025-08-12,2025-08-12 11:14:39.400,MO2508-C-7500,1.2,1.0,1.2
2025-08-12,2025-08-12 11:14:39.900,MO2508-C-7500,1.2,1.0,1.2
2025-08-12,2025-08-12 11:14:42.400,MO2508-C-7500,1.2,1.0,1.2
2025-08-12,2025-08-12 11:14:49.400,MO2508-C-7500,1.2,1.0,1.2
2025-08-12,2025-08-12 11:14:49.900,MO2508-C-7500,1.2,1.0,1.2
2025-08-12,2025-08-12 11:14:59.400,MO2508-C-7500,1.2,1.0,1.2
2025-08-12,2025-08-12 11:14:59.900,MO2508-C-7500,1.2,1.0,1.2
2025-08-12,2025-08-12 11:15:09.400,MO2508-C-7500,1.2,1.0,1.2
2025-08-12,2025-08-12 11:15:09.900,MO2508-C-7500,1.2,1.0,1.2
2025-08-12,2025-08-12 11:15:19.400,MO2508-C-7500,1.2,1.0,1.2
2025-08-12,2025-08-12 11:15:19.900,MO2508-C-7500,1.2,1.0,1.2
2025-08-12,2025-08-12 11:15:29.400,MO2508-C-7500,1.2,1.0,1.2
2025-08-12,2025-08-12 11:15:29.900,MO2508-C-7500,1.2,1.0,1.2
2025-08-12,2025-08-12 11:15:39.400,MO2508-C-7500,1.2,1.0,1.2
2025-08-12,2025-08-12 11:15:39.900,MO2508-C-7500,1.2,1.0,1.2
2025-08-12,2025-08-12 11:15:40.900,MO2508-C-7500,1.2,1.0,1.2
2025-08-12,2025-08-12 11:15:45.900,MO2508-C-7500,1.2,1.0,1.2
2025-08-12,2025-08-12 11:15:49.400,MO2508-C-7500,1.2,1.0,1.2
2025-08-12,2025-08-12 11:15:49.900,MO2508-C-7500,1.2,1.0,1.2
2025-08-12,2025-08-12 11:15:59.400,MO2508-C-7500,1.2,1.0,1.2
2025-08-12,2025-08-12 11:15:59.900,MO2508-C-7500,1.2,1.0,1.2
2025-08-12,2025-08-12 11:16:09.400,MO2508-C-7500,1.2,1.0,1.2
2025-08-12,2025-08-12 11:16:09.900,MO2508-C-7500,1.2,1.0,1.2
2025-08-12,2025-08-12 11:16:19.400,MO2508-C-7500,1.2,1.0,1.2
2025-08-12,2025-08-12 11:16:19.900,MO2508-C-7500,1.2,1.0,1.2
2025-08-12,2025-08-12 11:16:29.400,MO2508-C-7500,1.2,1.0,1.2
2025-08-12,2025-08-12 11:16:29.900,MO2508-C-7500,1.2,1.0,1.2
2025-08-12,2025-08-12 11:16:39.400,MO2508-C-7500,1.2,1.0,1.2
2025-08-12,2025-08-12 11:16:39.900,MO2508-C-7500,1.2,1.0,1.2
2025-08-12,2025-08-12 11:16:49.400,MO2508-C-7500,1.2,1.0,1.2
2025-08-12,2025-08-12 11:16:49.900,MO2508-C-7500,1.2,1.0,1.2
2025-08-12,2025-08-12 11:16:51.900,MO2508-C-7500,1.2,1.0,1.2
2025-08-12,2025-08-12 11:16:52.400,MO2508-C-7500,1.2,1.0,1.2
2025-08-12,2025-08-12 11:16:59.400,MO2508-C-7500,1.2,1.0,1.2
2025-08-12,2025-08-12 11:16:59.900,MO2508-C-7500,1.2,1.0,1.2
2025-08-12,2025-08-12 11:17:09.400,MO2508-C-7500,1.2,1.0,1.2
2025-08-12,2025-08-12 11:17:09.900,MO2508-C-7500,1.2,1.0,1.2
2025-08-12,2025-08-12 11:17:15.400,MO2508-C-7500,1.2,1.0,1.2
2025-08-12,2025-08-12 11:17:19.400,MO2508-C-7500,1.2,1.0,1.2
2025-08-12,2025-08-12 11:17:19.900,MO2508-C-7500,1.2,1.0,1.2
2025-08-12,2025-08-12 11:17:29.400,MO2508-C-7500,1.2,1.0,1.2
2025-08-12,2025-08-12 11:17:29.900,MO2508-C-7500,1.2,1.0,1.2
2025-08-12,2025-08-12 11:17:39.400,MO2508-C-7500,1.2,1.0,1.2
2025-08-12,2025-08-12 11:17:39.900,MO2508-C-7500,1.2,1.0,1.2
2025-08-12,2025-08-12 11:17:43.400,MO2508-C-7500,1.2,1.0,1.2
2025-08-12,2025-08-12 11:17:43.900,MO2508-C-7500,1.2,1.0,1.2
2025-08-12,2025-08-12 11:17:49.400,MO2508-C-7500,1.2,1.0,1.2
2025-08-12,2025-08-12 11:17:49.900,MO2508-C-7500,1.2,1.0,1.2
2025-08-12,2025-08-12 11:17:59.400,MO2508-C-7500,1.2,1.0,1.2
2025-08-12,2025-08-12 11:17:59.900,MO2508-C-7500,1.2,1.0,1.2
2025-08-12,2025-08-12 11:18:09.400,MO2508-C-7500,1.2,1.0,1.2
2025-08-12,2025-08-12 11:18:09.900,MO2508-C-7500,1.2,1.0,1.2
2025-08-12,2025-08-12 11:18:17.900,MO2508-C-7500,1.2,1.0,1.2
2025-08-12,2025-08-12 11:18:18.400,MO2508-C-7500,1.2,1.0,1.2
2025-08-12,2025-08-12 11:18:19.400,MO2508-C-7500,1.2,1.0,1.2
2025-08-12,2025-08-12 11:18:19.900,MO2508-C-7500,1.2,1.0,1.2
2025-08-12,2025-08-12 11:18:29.400,MO2508-C-7500,1.2,1.0,1.2
2025-08-12,2025-08-12 11:18:29.900,MO2508-C-7500,1.2,1.0,1.2
2025-08-12,2025-08-12 11:18:39.400,MO2508-C-7500,1.2,1.0,1.2
2025-08-12,2025-08-12 11:18:39.900,MO2508-C-7500,1.2,1.0,1.2
2025-08-12,2025-08-12 11:18:44.400,MO2508-C-7500,1.2,1.0,1.2
2025-08-12,2025-08-12 11:18:49.400,MO2508-C-7500,1.2,1.0,1.2
2025-08-12,2025-08-12 11:18:49.900,MO2508-C-7500,1.2,1.0,1.2
2025-08-12,2025-08-12 11:18:59.400,MO2508-C-7500,1.2,1.0,1.2
2025-08-12,2025-08-12 11:18:59.900,MO2508-C-7500,1.2,1.0,1.2
2025-08-12,2025-08-12 11:19:01.900,MO2508-C-7500,1.2,1.0,1.2
2025-08-12,2025-08-12 11:19:09.400,MO2508-C-7500,1.2,1.0,1.2
2025-08-12,2025-08-12 11:19:09.900,MO2508-C-7500,1.2,1.0,1.2
2025-08-12,2025-08-12 11:19:13.900,MO2508-C-7500,1.2,1.0,1.2
2025-08-12,2025-08-12 11:19:19.400,MO2508-C-7500,1.2,1.0,1.2
2025-08-12,2025-08-12 11:19:19.900,MO2508-C-7500,1.2,1.0,1.2
2025-08-12,2025-08-12 11:19:29.400,MO2508-C-7500,1.2,1.0,1.2
2025-08-12,2025-08-12 11:19:29.900,MO2508-C-7500,1.2,1.0,1.2
2025-08-12,2025-08-12 11:19:34.900,MO2508-C-7500,1.2,1.0,1.2
2025-08-12,2025-08-12 11:19:39.400,MO2508-C-7500,1.2,1.0,1.2
2025-08-12,2025-08-12 11:19:39.900,MO2508-C-7500,1.2,1.0,1.2
2025-08-12,2025-08-12 11:19:41.400,MO2508-C-7500,1.2,1.0,1.2
2025-08-12,2025-08-12 11:19:49.400,MO2508-C-7500,1.2,1.0,1.2
2025-08-12,2025-08-12 11:19:49.900,MO2508-C-7500,1.2,1.0,1.2
2025-08-12,2025-08-12 11:19:59.400,MO2508-C-7500,1.2,1.0,1.2
2025-08-12,2025-08-12 11:19:59.900,MO2508-C-7500,1.2,1.0,1.2
2025-08-12,2025-08-12 11:20:09.400,MO2508-C-7500,1.2,1.0,1.2
2025-08-12,2025-08-12 11:20:09.900,MO2508-C-7500,1.2,1.0,1.2
2025-08-12,2025-08-12 11:20:19.400,MO2508-C-7500,1.2,1.0,1.2
2025-08-12,2025-08-12 11:20:19.900,MO2508-C-7500,1.2,1.0,1.2
2025-08-12,2025-08-12 11:20:26.900,MO2508-C-7500,1.2,1.0,1.2
2025-08-12,2025-08-12 11:20:29.400,MO2508-C-7500,1.2,1.0,1.2
2025-08-12,2025-08-12 11:20:29.900,MO2508-C-7500,1.2,1.0,1.2
2025-08-12,2025-08-12 11:20:39.400,MO2508-C-7500,1.2,1.0,1.2
2025-08-12,2025-08-12 11:20:39.900,MO2508-C-7500,1.2,1.0,1.2
2025-08-12,2025-08-12 11:20:44.900,MO2508-C-7500,1.2,1.0,1.2
2025-08-12,2025-08-12 11:20:45.900,MO2508-C-7500,1.2,1.0,1.2
2025-08-12,2025-08-12 11:20:46.400,MO2508-C-7500,1.2,1.0,1.2
2025-08-12,2025-08-12 11:20:48.400,MO2508-C-7500,1.2,1.0,1.2
2025-08-12,2025-08-12 11:20:49.400,MO2508-C-7500,1.2,1.0,1.2
2025-08-12,2025-08-12 11:20:49.900,MO2508-C-7500,1.2,1.0,1.2
2025-08-12,2025-08-12 11:20:50.400,MO2508-C-7500,1.2,1.0,1.2
2025-08-12,2025-08-12 11:20:53.900,MO2508-C-7500,1.2,1.0,1.2
2025-08-12,2025-08-12 11:20:59.400,MO2508-C-7500,1.2,1.0,1.2
2025-08-12,2025-08-12 11:20:59.900,MO2508-C-7500,1.2,1.0,1.2
2025-08-12,2025-08-12 11:21:09.400,MO2508-C-7500,1.2,1.0,1.2
2025-08-12,2025-08-12 11:21:09.900,MO2508-C-7500,1.2,1.0,1.2
2025-08-12,2025-08-12 11:21:17.400,MO2508-C-7500,1.2,1.0,1.2
2025-08-12,2025-08-12 11:21:19.400,MO2508-C-7500,1.2,1.0,1.2
2025-08-12,2025-08-12 11:21:19.900,MO2508-C-7500,1.2,1.0,1.2
2025-08-12,2025-08-12 11:21:20.400,MO2508-C-7500,1.2,1.0,1.2
2025-08-12,2025-08-12 11:21:27.400,MO2508-C-7500,1.2,1.0,1.2
2025-08-12,2025-08-12 11:21:28.900,MO2508-C-7500,1.2,1.0,1.2
2025-08-12,2025-08-12 11:21:29.400,MO2508-C-7500,1.2,1.0,1.2
2025-08-12,2025-08-12 11:21:29.900,MO2508-C-7500,1.2,1.0,1.2
2025-08-12,2025-08-12 11:21:38.400,MO2508-C-7500,1.2,1.0,1.2
2025-08-12,2025-08-12 11:21:38.900,MO2508-C-7500,1.2,1.0,1.2
2025-08-12,2025-08-12 11:21:39.400,MO2508-C-7500,1.2,1.0,1.2
2025-08-12,2025-08-12 11:21:39.900,MO2508-C-7500,1.2,1.0,1.2
2025-08-12,2025-08-12 11:21:41.400,MO2508-C-7500,1.2,1.0,1.2
2025-08-12,2025-08-12 11:21:46.900,MO2508-C-7500,1.2,1.0,1.2
2025-08-12,2025-08-12 11:21:47.900,MO2508-C-7500,1.2,1.0,1.2
2025-08-12,2025-08-12 11:21:48.400,MO2508-C-7500,1.2,1.0,1.2
2025-08-12,2025-08-12 11:21:49.400,MO2508-C-7500,1.2,1.0,1.2
2025-08-12,2025-08-12 11:21:49.900,MO2508-C-7500,1.2,1.0,1.2
2025-08-12,2025-08-12 11:21:52.400,MO2508-C-7500,1.2,1.0,1.2
2025-08-12,2025-08-12 11:21:59.400,MO2508-C-7500,1.2,1.0,1.2
2025-08-12,2025-08-12 11:21:59.900,MO2508-C-7500,1.2,1.0,1.2
2025-08-12,2025-08-12 11:22:05.400,MO2508-C-7500,1.2,1.0,1.2
2025-08-12,2025-08-12 11:22:05.900,MO2508-C-7500,1.2,1.0,1.2
2025-08-12,2025-08-12 11:22:09.400,MO2508-C-7500,1.2,1.0,1.2
2025-08-12,2025-08-12 11:22:09.900,MO2508-C-7500,1.2,1.0,1.2
2025-08-12,2025-08-12 11:22:12.400,MO2508-C-7500,1.2,1.0,1.2
2025-08-12,2025-08-12 11:22:19.400,MO2508-C-7500,1.2,1.0,1.2
2025-08-12,2025-08-12 11:22:19.900,MO2508-C-7500,1.2,1.0,1.2
2025-08-12,2025-08-12 11:22:20.400,MO2508-C-7500,1.2,1.0,1.2
2025-08-12,2025-08-12 11:22:25.400,MO2508-C-7500,1.2,1.0,1.2
2025-08-12,2025-08-12 11:22:29.400,MO2508-C-7500,1.2,1.0,1.2
2025-08-12,2025-08-12 11:22:29.900,MO2508-C-7500,1.2,1.0,1.2
2025-08-12,2025-08-12 11:22:38.400,MO2508-C-7500,1.2,1.0,1.2
2025-08-12,2025-08-12 11:22:39.400,MO2508-C-7500,1.2,1.0,1.2
2025-08-12,2025-08-12 11:22:39.900,MO2508-C-7500,1.2,1.0,1.2
2025-08-12,2025-08-12 11:22:40.400,MO2508-C-7500,1.2,1.0,1.2
2025-08-12,2025-08-12 11:22:40.900,MO2508-C-7500,1.2,1.0,1.2
2025-08-12,2025-08-12 11:22:42.900,MO2508-C-7500,1.2,1.0,1.2
2025-08-12,2025-08-12 11:22:43.400,MO2508-C-7500,1.2,1.0,1.2
2025-08-12,2025-08-12 11:22:49.400,MO2508-C-7500,1.2,1.0,1.2
2025-08-12,2025-08-12 11:22:49.900,MO2508-C-7500,1.2,1.0,1.2
2025-08-12,2025-08-12 11:22:50.400,MO2508-C-7500,1.2,1.0,1.2
2025-08-12,2025-08-12 11:22:59.400,MO2508-C-7500,1.2,1.0,1.2
2025-08-12,2025-08-12 11:22:59.900,MO2508-C-7500,1.2,1.0,1.2
2025-08-12,2025-08-12 11:23:00.400,MO2508-C-7500,1.2,1.0,1.2
2025-08-12,2025-08-12 11:23:06.900,MO2508-C-7500,1.2,1.0,1.2
2025-08-12,2025-08-12 11:23:07.400,MO2508-C-7500,1.2,1.0,1.2
2025-08-12,2025-08-12 11:23:09.400,MO2508-C-7500,1.2,1.0,1.2
2025-08-12,2025-08-12 11:23:09.900,MO2508-C-7500,1.2,1.0,1.2
2025-08-12,2025-08-12 11:23:10.400,MO2508-C-7500,1.2,1.0,1.2
2025-08-12,2025-08-12 11:23:18.400,MO2508-C-7500,1.2,1.0,1.2
2025-08-12,2025-08-12 11:23:18.900,MO2508-C-7500,1.2,1.0,1.2
2025-08-12,2025-08-12 11:23:19.400,MO2508-C-7500,1.2,1.0,1.2
2025-08-12,2025-08-12 11:23:19.900,MO2508-C-7500,1.2,1.0,1.2
2025-08-12,2025-08-12 11:23:29.400,MO2508-C-7500,1.2,1.0,1.2
2025-08-12,2025-08-12 11:23:29.900,MO2508-C-7500,1.2,1.0,1.2
2025-08-12,2025-08-12 11:23:39.400,MO2508-C-7500,1.2,1.0,1.2
2025-08-12,2025-08-12 11:23:39.900,MO2508-C-7500,1.2,1.0,1.2
2025-08-12,2025-08-12 11:23:49.400,MO2508-C-7500,1.2,1.0,1.2
2025-08-12,2025-08-12 11:23:49.900,MO2508-C-7500,1.2,1.0,1.2
2025-08-12,2025-08-12 11:23:59.400,MO2508-C-7500,1.2,1.0,1.2
2025-08-12,2025-08-12 11:23:59.900,MO2508-C-7500,1.2,1.0,1.2
2025-08-12,2025-08-12 11:24:09.400,MO2508-C-7500,1.2,1.0,1.2
2025-08-12,2025-08-12 11:24:09.900,MO2508-C-7500,1.2,1.0,1.2
2025-08-12,2025-08-12 11:24:12.400,MO2508-C-7500,1.2,1.0,1.2
2025-08-12,2025-08-12 11:24:16.400,MO2508-C-7500,1.2,1.0,1.2
2025-08-12,2025-08-12 11:24:19.400,MO2508-C-7500,1.2,1.0,1.2
2025-08-12,2025-08-12 11:24:19.900,MO2508-C-7500,1.2,1.0,1.2
2025-08-12,2025-08-12 11:24:24.400,MO2508-C-7500,1.2,1.0,1.2
2025-08-12,2025-08-12 11:24:29.400,MO2508-C-7500,1.2,1.0,1.2
2025-08-12,2025-08-12 11:24:29.900,MO2508-C-7500,1.2,1.0,1.2
2025-08-12,2025-08-12 11:24:39.400,MO2508-C-7500,1.2,1.0,1.2
2025-08-12,2025-08-12 11:24:39.900,MO2508-C-7500,1.2,1.0,1.2
2025-08-12,2025-08-12 11:24:45.900,MO2508-C-7500,1.2,1.0,1.2
2025-08-12,2025-08-12 11:24:49.400,MO2508-C-7500,1.2,1.0,1.2
2025-08-12,2025-08-12 11:24:49.900,MO2508-C-7500,1.2,1.0,1.2
2025-08-12,2025-08-12 11:24:50.400,MO2508-C-7500,1.2,1.0,1.2
2025-08-12,2025-08-12 11:24:59.400,MO2508-C-7500,1.2,1.0,1.2
2025-08-12,2025-08-12 11:24:59.900,MO2508-C-7500,1.2,1.0,1.2
2025-08-12,2025-08-12 11:25:00.400,MO2508-C-7500,1.2,1.0,1.2
2025-08-12,2025-08-12 11:25:09.400,MO2508-C-7500,1.2,1.0,1.2
2025-08-12,2025-08-12 11:25:09.900,MO2508-C-7500,1.2,1.0,1.2
2025-08-12,2025-08-12 11:25:10.400,MO2508-C-7500,1.2,1.0,1.2
2025-08-12,2025-08-12 11:25:15.400,MO2508-C-7500,1.2,1.0,1.2
2025-08-12,2025-08-12 11:25:15.900,MO2508-C-7500,1.2,1.0,1.2
2025-08-12,2025-08-12 11:25:16.400,MO2508-C-7500,1.2,1.0,1.2
2025-08-12,2025-08-12 11:25:19.400,MO2508-C-7500,1.2,1.0,1.2
2025-08-12,2025-08-12 11:25:19.900,MO2508-C-7500,1.2,1.0,1.2
2025-08-12,2025-08-12 11:25:25.400,MO2508-C-7500,1.2,1.0,1.2
2025-08-12,2025-08-12 11:25:29.400,MO2508-C-7500,1.2,1.0,1.2
2025-08-12,2025-08-12 11:25:29.900,MO2508-C-7500,1.2,1.0,1.2
2025-08-12,2025-08-12 11:25:34.900,MO2508-C-7500,1.2,1.0,1.2
2025-08-12,2025-08-12 11:25:35.400,MO2508-C-7500,1.2,1.0,1.2
2025-08-12,2025-08-12 11:25:39.400,MO2508-C-7500,1.2,1.0,1.2
2025-08-12,2025-08-12 11:25:39.900,MO2508-C-7500,1.2,1.0,1.2
2025-08-12,2025-08-12 11:25:45.400,MO2508-C-7500,1.2,1.0,1.2
2025-08-12,2025-08-12 11:25:46.400,MO2508-C-7500,1.2,1.0,1.2
2025-08-12,2025-08-12 11:25:48.400,MO2508-C-7500,1.2,1.0,1.2
2025-08-12,2025-08-12 11:25:48.900,MO2508-C-7500,1.2,1.0,1.2
2025-08-12,2025-08-12 11:25:49.400,MO2508-C-7500,1.2,1.0,1.2
2025-08-12,2025-08-12 11:25:49.900,MO2508-C-7500,1.2,1.0,1.2
2025-08-12,2025-08-12 11:25:51.400,MO2508-C-7500,1.2,1.0,1.2
2025-08-12,2025-08-12 11:25:51.900,MO2508-C-7500,1.2,1.0,1.2
2025-08-12,2025-08-12 11:25:52.900,MO2508-C-7500,1.2,1.0,1.2
2025-08-12,2025-08-12 11:25:53.400,MO2508-C-7500,1.2,1.0,1.2
2025-08-12,2025-08-12 11:25:53.900,MO2508-C-7500,1.2,1.0,1.2
2025-08-12,2025-08-12 11:25:56.400,MO2508-C-7500,1.2,1.0,1.2
2025-08-12,2025-08-12 11:25:59.400,MO2508-C-7500,1.2,1.0,1.2
2025-08-12,2025-08-12 11:25:59.900,MO2508-C-7500,1.2,1.0,1.2
2025-08-12,2025-08-12 11:26:06.400,MO2508-C-7500,1.2,1.0,1.2
2025-08-12,2025-08-12 11:26:08.400,MO2508-C-7500,1.2,1.0,1.2
2025-08-12,2025-08-12 11:26:09.400,MO2508-C-7500,1.2,1.0,1.2
2025-08-12,2025-08-12 11:26:09.900,MO2508-C-7500,1.2,1.0,1.2
2025-08-12,2025-08-12 11:26:11.400,MO2508-C-7500,1.2,1.0,1.2
2025-08-12,2025-08-12 11:26:19.400,MO2508-C-7500,1.2,1.0,1.2
2025-08-12,2025-08-12 11:26:19.900,MO2508-C-7500,1.2,1.0,1.2
2025-08-12,2025-08-12 11:26:23.400,MO2508-C-7500,1.2,1.0,1.2
2025-08-12,2025-08-12 11:26:29.400,MO2508-C-7500,1.2,1.0,1.2
2025-08-12,2025-08-12 11:26:29.900,MO2508-C-7500,1.2,1.0,1.2
2025-08-12,2025-08-12 11:26:39.400,MO2508-C-7500,1.2,1.0,1.2
2025-08-12,2025-08-12 11:26:39.900,MO2508-C-7500,1.2,1.0,1.2
2025-08-12,2025-08-12 11:26:44.400,MO2508-C-7500,1.2,1.0,1.2
2025-08-12,2025-08-12 11:26:49.400,MO2508-C-7500,1.2,1.0,1.2
2025-08-12,2025-08-12 11:26:49.900,MO2508-C-7500,1.2,1.0,1.2
2025-08-12,2025-08-12 11:26:57.400,MO2508-C-7500,1.2,1.0,1.2
2025-08-12,2025-08-12 11:26:57.900,MO2508-C-7500,1.2,1.0,1.2
2025-08-12,2025-08-12 11:26:59.400,MO2508-C-7500,1.2,1.0,1.2
2025-08-12,2025-08-12 11:26:59.900,MO2508-C-7500,1.2,1.0,1.2
2025-08-12,2025-08-12 11:27:09.400,MO2508-C-7500,1.2,1.0,1.2
2025-08-12,2025-08-12 11:27:09.900,MO2508-C-7500,1.2,1.0,1.2
2025-08-12,2025-08-12 11:27:16.900,MO2508-C-7500,1.2,1.0,1.4
2025-08-12,2025-08-12 11:27:17.400,MO2508-C-7500,1.2,1.0,1.4
2025-08-12,2025-08-12 11:27:19.400,MO2508-C-7500,1.2,1.0,1.4
2025-08-12,2025-08-12 11:27:19.900,MO2508-C-7500,1.2,1.0,1.4
2025-08-12,2025-08-12 11:27:21.900,MO2508-C-7500,1.2,1.2,1.4
2025-08-12,2025-08-12 11:27:22.400,MO2508-C-7500,1.2,1.2,1.4
2025-08-12,2025-08-12 11:27:23.900,MO2508-C-7500,1.2,1.2,1.4
2025-08-12,2025-08-12 11:27:24.400,MO2508-C-7500,1.2,1.2,1.4
2025-08-12,2025-08-12 11:27:24.900,MO2508-C-7500,1.2,1.2,1.4
2025-08-12,2025-08-12 11:27:26.900,MO2508-C-7500,1.2,1.2,1.4
2025-08-12,2025-08-12 11:27:27.900,MO2508-C-7500,1.2,1.2,1.4
2025-08-12,2025-08-12 11:27:28.400,MO2508-C-7500,1.2,1.2,1.4
2025-08-12,2025-08-12 11:27:28.900,MO2508-C-7500,1.2,1.2,1.4
2025-08-12,2025-08-12 11:27:29.400,MO2508-C-7500,1.2,1.2,1.4
2025-08-12,2025-08-12 11:27:29.900,MO2508-C-7500,1.2,1.2,1.4
2025-08-12,2025-08-12 11:27:34.900,MO2508-C-7500,1.2,1.2,1.4
2025-08-12,2025-08-12 11:27:38.400,MO2508-C-7500,1.2,1.2,1.4
2025-08-12,2025-08-12 11:27:39.400,MO2508-C-7500,1.2,1.2,1.4
2025-08-12,2025-08-12 11:27:39.900,MO2508-C-7500,1.2,1.2,1.4
2025-08-12,2025-08-12 11:27:49.400,MO2508-C-7500,1.2,1.2,1.4
2025-08-12,2025-08-12 11:27:49.900,MO2508-C-7500,1.2,1.2,1.4
2025-08-12,2025-08-12 11:27:59.400,MO2508-C-7500,1.2,1.2,1.4
2025-08-12,2025-08-12 11:27:59.900,MO2508-C-7500,1.2,1.2,1.4
2025-08-12,2025-08-12 11:28:09.400,MO2508-C-7500,1.2,1.2,1.4
2025-08-12,2025-08-12 11:28:09.900,MO2508-C-7500,1.2,1.2,1.4
2025-08-12,2025-08-12 11:28:19.400,MO2508-C-7500,1.2,1.2,1.4
2025-08-12,2025-08-12 11:28:19.900,MO2508-C-7500,1.2,1.2,1.4
2025-08-12,2025-08-12 11:28:23.400,MO2508-C-7500,1.2,1.2,1.4
2025-08-12,2025-08-12 11:28:24.400,MO2508-C-7500,1.2,1.2,1.4
2025-08-12,2025-08-12 11:28:28.400,MO2508-C-7500,1.2,1.2,1.4
2025-08-12,2025-08-12 11:28:28.900,MO2508-C-7500,1.2,1.2,1.4
2025-08-12,2025-08-12 11:28:29.400,MO2508-C-7500,1.2,1.2,1.4
2025-08-12,2025-08-12 11:28:29.900,MO2508-C-7500,1.2,1.2,1.4
2025-08-12,2025-08-12 11:28:39.400,MO2508-C-7500,1.2,1.2,1.4
2025-08-12,2025-08-12 11:28:39.900,MO2508-C-7500,1.2,1.2,1.4
2025-08-12,2025-08-12 11:28:49.400,MO2508-C-7500,1.2,1.2,1.4
2025-08-12,2025-08-12 11:28:49.900,MO2508-C-7500,1.2,1.2,1.4
2025-08-12,2025-08-12 11:28:58.900,MO2508-C-7500,1.2,1.2,1.4
2025-08-12,2025-08-12 11:28:59.400,MO2508-C-7500,1.2,1.2,1.4
2025-08-12,2025-08-12 11:28:59.900,MO2508-C-7500,1.2,1.2,1.4
2025-08-12,2025-08-12 11:29:01.900,MO2508-C-7500,1.2,1.2,1.4
2025-08-12,2025-08-12 11:29:04.400,MO2508-C-7500,1.4,1.2,1.4
2025-08-12,2025-08-12 11:29:04.900,MO2508-C-7500,1.4,1.2,1.4
2025-08-12,2025-08-12 11:29:05.400,MO2508-C-7500,1.4,1.2,1.4
2025-08-12,2025-08-12 11:29:05.900,MO2508-C-7500,1.4,1.2,1.4
2025-08-12,2025-08-12 11:29:06.400,MO2508-C-7500,1.4,1.2,1.4
2025-08-12,2025-08-12 11:29:06.900,MO2508-C-7500,1.4,1.2,1.4
2025-08-12,2025-08-12 11:29:07.400,MO2508-C-7500,1.4,1.2,1.4
2025-08-12,2025-08-12 11:29:07.900,MO2508-C-7500,1.4,1.2,1.4
2025-08-12,2025-08-12 11:29:09.400,MO2508-C-7500,1.4,1.2,1.4
2025-08-12,2025-08-12 11:29:09.900,MO2508-C-7500,1.4,1.2,1.4
2025-08-12,2025-08-12 11:29:10.400,MO2508-C-7500,1.4,1.2,1.4
2025-08-12,2025-08-12 11:29:10.900,MO2508-C-7500,1.4,1.2,1.4
2025-08-12,2025-08-12 11:29:14.900,MO2508-C-7500,1.4,1.2,1.4
2025-08-12,2025-08-12 11:29:16.900,MO2508-C-7500,1.4,1.2,1.4
2025-08-12,2025-08-12 11:29:17.400,MO2508-C-7500,1.4,1.2,1.6
2025-08-12,2025-08-12 11:29:17.900,MO2508-C-7500,1.4,1.2,1.6
2025-08-12,2025-08-12 11:29:18.400,MO2508-C-7500,1.4,1.2,1.6
2025-08-12,2025-08-12 11:29:19.400,MO2508-C-7500,1.4,1.2,1.6
2025-08-12,2025-08-12 11:29:19.900,MO2508-C-7500,1.4,1.2,1.6
2025-08-12,2025-08-12 11:29:20.900,MO2508-C-7500,1.4,1.2,1.6
2025-08-12,2025-08-12 11:29:22.900,MO2508-C-7500,1.4,1.2,1.6
2025-08-12,2025-08-12 11:29:23.900,MO2508-C-7500,1.4,1.2,1.6
2025-08-12,2025-08-12 11:29:25.400,MO2508-C-7500,1.4,1.4,1.6
2025-08-12,2025-08-12 11:29:25.900,MO2508-C-7500,1.4,1.4,1.6
2025-08-12,2025-08-12 11:29:26.400,MO2508-C-7500,1.4,1.4,1.6
2025-08-12,2025-08-12 11:29:26.900,MO2508-C-7500,1.4,1.4,1.6
2025-08-12,2025-08-12 11:29:27.900,MO2508-C-7500,1.4,1.4,1.6
2025-08-12,2025-08-12 11:29:28.400,MO2508-C-7500,1.4,1.4,1.6
2025-08-12,2025-08-12 11:29:29.400,MO2508-C-7500,1.4,1.4,1.6
2025-08-12,2025-08-12 11:29:29.900,MO2508-C-7500,1.4,1.4,1.6
2025-08-12,2025-08-12 11:29:30.900,MO2508-C-7500,1.4,1.4,1.6
2025-08-12,2025-08-12 11:29:31.400,MO2508-C-7500,1.4,1.4,1.6
2025-08-12,2025-08-12 11:29:31.900,MO2508-C-7500,1.4,1.4,1.6
2025-08-12,2025-08-12 11:29:32.400,MO2508-C-7500,1.4,1.4,1.6
2025-08-12,2025-08-12 11:29:33.900,MO2508-C-7500,1.4,1.4,1.6
2025-08-12,2025-08-12 11:29:35.400,MO2508-C-7500,1.4,1.4,1.6
2025-08-12,2025-08-12 11:29:35.900,MO2508-C-7500,1.4,1.4,1.6
2025-08-12,2025-08-12 11:29:36.400,MO2508-C-7500,1.4,1.4,1.6
2025-08-12,2025-08-12 11:29:39.400,MO2508-C-7500,1.4,1.4,1.6
2025-08-12,2025-08-12 11:29:39.900,MO2508-C-7500,1.4,1.4,1.6
2025-08-12,2025-08-12 11:29:40.400,MO2508-C-7500,1.4,1.4,1.6
2025-08-12,2025-08-12 11:29:40.900,MO2508-C-7500,1.4,1.4,1.6
2025-08-12,2025-08-12 11:29:42.900,MO2508-C-7500,1.4,1.4,1.6
2025-08-12,2025-08-12 11:29:45.900,MO2508-C-7500,1.4,1.4,1.6
2025-08-12,2025-08-12 11:29:47.900,MO2508-C-7500,1.6,1.4,1.6
2025-08-12,2025-08-12 11:29:48.400,MO2508-C-7500,1.6,1.4,1.6
2025-08-12,2025-08-12 11:29:48.900,MO2508-C-7500,1.6,1.4,1.6
2025-08-12,2025-08-12 11:29:50.900,MO2508-C-7500,1.6,1.4,1.6
2025-08-12,2025-08-12 11:29:52.900,MO2508-C-7500,1.6,1.2,1.6
2025-08-12,2025-08-12 11:29:59.900,MO2508-C-7500,1.6,1.2,1.6
2025-08-12,2025-08-12 13:00:00.400,MO2508-C-7500,1.6,1.2,1.6
2025-08-12,2025-08-12 13:00:00.900,MO2508-C-7500,1.6,1.4,1.6
2025-08-12,2025-08-12 13:00:01.400,MO2508-C-7500,1.6,1.4,1.6
2025-08-12,2025-08-12 13:00:09.900,MO2508-C-7500,1.6,1.4,1.6
2025-08-12,2025-08-12 13:00:10.400,MO2508-C-7500,1.6,1.4,1.6
2025-08-12,2025-08-12 13:00:11.400,MO2508-C-7500,1.6,1.4,1.6
2025-08-12,2025-08-12 13:00:12.900,MO2508-C-7500,1.6,1.4,1.6
2025-08-12,2025-08-12 13:00:13.900,MO2508-C-7500,1.6,1.4,1.6
2025-08-12,2025-08-12 13:00:14.400,MO2508-C-7500,1.6,1.4,1.6
2025-08-12,2025-08-12 13:00:15.400,MO2508-C-7500,1.6,1.4,1.6
2025-08-12,2025-08-12 13:00:15.900,MO2508-C-7500,1.6,1.4,1.6
2025-08-12,2025-08-12 13:00:17.900,MO2508-C-7500,1.6,1.4,1.6
2025-08-12,2025-08-12 13:00:20.900,MO2508-C-7500,1.6,1.4,1.6
2025-08-12,2025-08-12 13:00:24.900,MO2508-C-7500,1.6,1.4,1.6
2025-08-12,2025-08-12 13:00:31.400,MO2508-C-7500,1.6,1.4,1.6
2025-08-12,2025-08-12 13:00:31.900,MO2508-C-7500,1.6,1.4,1.6
2025-08-12,2025-08-12 13:00:33.900,MO2508-C-7500,1.6,1.4,1.6
2025-08-12,2025-08-12 13:00:34.400,MO2508-C-7500,1.6,1.4,1.6
2025-08-12,2025-08-12 13:00:37.400,MO2508-C-7500,1.6,1.4,1.6
2025-08-12,2025-08-12 13:00:38.400,MO2508-C-7500,1.6,1.4,1.6
2025-08-12,2025-08-12 13:00:38.900,MO2508-C-7500,1.6,1.4,1.6
2025-08-12,2025-08-12 13:00:43.400,MO2508-C-7500,1.6,1.4,1.6
2025-08-12,2025-08-12 13:00:43.900,MO2508-C-7500,1.6,1.4,1.6
2025-08-12,2025-08-12 13:00:46.900,MO2508-C-7500,1.6,1.4,1.6
2025-08-12,2025-08-12 13:00:47.400,MO2508-C-7500,1.6,1.4,1.6
2025-08-12,2025-08-12 13:00:47.900,MO2508-C-7500,1.6,1.4,1.6
2025-08-12,2025-08-12 13:00:50.900,MO2508-C-7500,1.6,1.4,1.6
2025-08-12,2025-08-12 13:00:53.400,MO2508-C-7500,1.6,1.4,1.6
2025-08-12,2025-08-12 13:00:53.900,MO2508-C-7500,1.6,1.4,1.6
2025-08-12,2025-08-12 13:00:54.900,MO2508-C-7500,1.6,1.4,1.6
2025-08-12,2025-08-12 13:01:00.400,MO2508-C-7500,1.6,1.4,1.6
2025-08-12,2025-08-12 13:01:03.400,MO2508-C-7500,1.6,1.4,1.6
2025-08-12,2025-08-12 13:01:05.400,MO2508-C-7500,1.6,1.4,1.6
2025-08-12,2025-08-12 13:01:06.400,MO2508-C-7500,1.6,1.4,1.6
2025-08-12,2025-08-12 13:01:06.900,MO2508-C-7500,1.6,1.4,1.6
2025-08-12,2025-08-12 13:01:07.400,MO2508-C-7500,1.6,1.4,1.6
2025-08-12,2025-08-12 13:01:08.900,MO2508-C-7500,1.6,1.4,1.6
2025-08-12,2025-08-12 13:01:09.400,MO2508-C-7500,1.6,1.4,1.6
2025-08-12,2025-08-12 13:01:10.400,MO2508-C-7500,1.6,1.4,1.6
2025-08-12,2025-08-12 13:01:10.900,MO2508-C-7500,1.6,1.4,1.6
2025-08-12,2025-08-12 13:01:18.900,MO2508-C-7500,1.6,1.4,1.6
2025-08-12,2025-08-12 13:01:19.400,MO2508-C-7500,1.6,1.4,1.6
2025-08-12,2025-08-12 13:01:28.900,MO2508-C-7500,1.6,1.4,1.6
2025-08-12,2025-08-12 13:01:29.400,MO2508-C-7500,1.6,1.4,1.6
2025-08-12,2025-08-12 13:01:30.400,MO2508-C-7500,1.6,1.4,1.6
2025-08-12,2025-08-12 13:01:38.900,MO2508-C-7500,1.6,1.4,1.6
2025-08-12,2025-08-12 13:01:39.400,MO2508-C-7500,1.6,1.4,1.6
2025-08-12,2025-08-12 13:01:42.400,MO2508-C-7500,1.6,1.4,1.6
2025-08-12,2025-08-12 13:01:47.900,MO2508-C-7500,1.6,1.4,1.6
2025-08-12,2025-08-12 13:01:48.400,MO2508-C-7500,1.6,1.4,1.6
2025-08-12,2025-08-12 13:01:48.900,MO2508-C-7500,1.6,1.4,1.6
2025-08-12,2025-08-12 13:01:49.400,MO2508-C-7500,1.6,1.4,1.6
2025-08-12,2025-08-12 13:01:57.900,MO2508-C-7500,1.6,1.4,1.6
2025-08-12,2025-08-12 13:01:58.900,MO2508-C-7500,1.6,1.4,1.6
2025-08-12,2025-08-12 13:01:59.400,MO2508-C-7500,1.6,1.4,1.6
2025-08-12,2025-08-12 13:02:01.900,MO2508-C-7500,1.6,1.4,1.6
2025-08-12,2025-08-12 13:02:03.400,MO2508-C-7500,1.6,1.4,1.6
2025-08-12,2025-08-12 13:02:08.900,MO2508-C-7500,1.6,1.4,1.6
2025-08-12,2025-08-12 13:02:09.400,MO2508-C-7500,1.6,1.4,1.6
2025-08-12,2025-08-12 13:02:12.400,MO2508-C-7500,1.6,1.4,1.6
2025-08-12,2025-08-12 13:02:14.400,MO2508-C-7500,1.6,1.4,1.6
2025-08-12,2025-08-12 13:02:14.900,MO2508-C-7500,1.6,1.4,1.6
2025-08-12,2025-08-12 13:02:16.400,MO2508-C-7500,1.6,1.4,1.6
2025-08-12,2025-08-12 13:02:18.900,MO2508-C-7500,1.6,1.4,1.6
2025-08-12,2025-08-12 13:02:19.400,MO2508-C-7500,1.6,1.4,1.6
2025-08-12,2025-08-12 13:02:28.900,MO2508-C-7500,1.6,1.4,1.6
2025-08-12,2025-08-12 13:02:29.400,MO2508-C-7500,1.6,1.4,1.6
2025-08-12,2025-08-12 13:02:29.900,MO2508-C-7500,1.6,1.4,1.6
2025-08-12,2025-08-12 13:02:38.900,MO2508-C-7500,1.6,1.4,1.6
2025-08-12,2025-08-12 13:02:39.400,MO2508-C-7500,1.6,1.4,1.6
2025-08-12,2025-08-12 13:02:40.400,MO2508-C-7500,1.6,1.4,1.6
2025-08-12,2025-08-12 13:02:41.400,MO2508-C-7500,1.6,1.4,1.6
2025-08-12,2025-08-12 13:02:48.900,MO2508-C-7500,1.6,1.4,1.6
2025-08-12,2025-08-12 13:02:49.400,MO2508-C-7500,1.6,1.4,1.6
2025-08-12,2025-08-12 13:02:50.400,MO2508-C-7500,1.6,1.4,1.6
2025-08-12,2025-08-12 13:02:58.900,MO2508-C-7500,1.6,1.4,1.6
2025-08-12,2025-08-12 13:02:59.400,MO2508-C-7500,1.6,1.4,1.6
2025-08-12,2025-08-12 13:03:08.900,MO2508-C-7500,1.6,1.4,1.6
2025-08-12,2025-08-12 13:03:09.400,MO2508-C-7500,1.6,1.4,1.6
2025-08-12,2025-08-12 13:03:12.400,MO2508-C-7500,1.6,1.4,1.6
2025-08-12,2025-08-12 13:03:18.900,MO2508-C-7500,1.6,1.4,1.6
2025-08-12,2025-08-12 13:03:19.400,MO2508-C-7500,1.6,1.4,1.6
2025-08-12,2025-08-12 13:03:20.900,MO2508-C-7500,1.6,1.4,1.6
2025-08-12,2025-08-12 13:03:26.900,MO2508-C-7500,1.6,1.4,1.6
2025-08-12,2025-08-12 13:03:29.400,MO2508-C-7500,1.6,1.4,1.6
2025-08-12,2025-08-12 13:03:29.900,MO2508-C-7500,1.6,1.4,1.6
2025-08-12,2025-08-12 13:03:35.900,MO2508-C-7500,1.6,1.4,1.6
2025-08-12,2025-08-12 13:03:37.900,MO2508-C-7500,1.6,1.4,1.6
2025-08-12,2025-08-12 13:03:39.400,MO2508-C-7500,1.6,1.4,1.6
2025-08-12,2025-08-12 13:03:39.900,MO2508-C-7500,1.6,1.4,1.6
2025-08-12,2025-08-12 13:03:49.400,MO2508-C-7500,1.6,1.4,1.6
2025-08-12,2025-08-12 13:03:49.900,MO2508-C-7500,1.6,1.4,1.6
2025-08-12,2025-08-12 13:03:59.400,MO2508-C-7500,1.6,1.4,1.6
2025-08-12,2025-08-12 13:03:59.900,MO2508-C-7500,1.6,1.4,1.6
2025-08-12,2025-08-12 13:04:09.400,MO2508-C-7500,1.6,1.4,1.6
2025-08-12,2025-08-12 13:04:09.900,MO2508-C-7500,1.6,1.4,1.6
2025-08-12,2025-08-12 13:04:19.400,MO2508-C-7500,1.6,1.4,1.6
2025-08-12,2025-08-12 13:04:19.900,MO2508-C-7500,1.6,1.4,1.6
2025-08-12,2025-08-12 13:04:22.400,MO2508-C-7500,1.6,1.4,1.6
2025-08-12,2025-08-12 13:04:28.400,MO2508-C-7500,1.6,1.4,1.6
2025-08-12,2025-08-12 13:04:29.400,MO2508-C-7500,1.6,1.4,1.6
2025-08-12,2025-08-12 13:04:29.900,MO2508-C-7500,1.6,1.4,1.6
2025-08-12,2025-08-12 13:04:33.400,MO2508-C-7500,1.6,1.4,1.6
2025-08-12,2025-08-12 13:04:33.900,MO2508-C-7500,1.6,1.4,1.6
2025-08-12,2025-08-12 13:04:39.400,MO2508-C-7500,1.6,1.4,1.6
2025-08-12,2025-08-12 13:04:39.900,MO2508-C-7500,1.6,1.4,1.6
2025-08-12,2025-08-12 13:04:44.400,MO2508-C-7500,1.6,1.4,1.6
2025-08-12,2025-08-12 13:04:49.400,MO2508-C-7500,1.6,1.4,1.6
2025-08-12,2025-08-12 13:04:49.900,MO2508-C-7500,1.6,1.4,1.6
2025-08-12,2025-08-12 13:04:59.400,MO2508-C-7500,1.6,1.4,1.6
2025-08-12,2025-08-12 13:04:59.900,MO2508-C-7500,1.6,1.4,1.6
2025-08-12,2025-08-12 13:05:09.400,MO2508-C-7500,1.6,1.4,1.6
2025-08-12,2025-08-12 13:05:09.900,MO2508-C-7500,1.6,1.4,1.6
2025-08-12,2025-08-12 13:05:11.400,MO2508-C-7500,1.6,1.4,1.6
2025-08-12,2025-08-12 13:05:13.400,MO2508-C-7500,1.6,1.4,1.6
2025-08-12,2025-08-12 13:05:15.400,MO2508-C-7500,1.6,1.4,1.6
2025-08-12,2025-08-12 13:05:19.400,MO2508-C-7500,1.6,1.4,1.6
2025-08-12,2025-08-12 13:05:19.900,MO2508-C-7500,1.6,1.4,1.6
2025-08-12,2025-08-12 13:05:28.400,MO2508-C-7500,1.6,1.4,1.6
2025-08-12,2025-08-12 13:05:29.400,MO2508-C-7500,1.6,1.4,1.6
2025-08-12,2025-08-12 13:05:29.900,MO2508-C-7500,1.6,1.4,1.6
2025-08-12,2025-08-12 13:05:39.400,MO2508-C-7500,1.6,1.4,1.6
2025-08-12,2025-08-12 13:05:39.900,MO2508-C-7500,1.6,1.4,1.6
2025-08-12,2025-08-12 13:05:43.400,MO2508-C-7500,1.6,1.4,1.6
2025-08-12,2025-08-12 13:05:49.400,MO2508-C-7500,1.6,1.4,1.6
2025-08-12,2025-08-12 13:05:49.900,MO2508-C-7500,1.6,1.4,1.6
2025-08-12,2025-08-12 13:05:59.400,MO2508-C-7500,1.6,1.4,1.6
2025-08-12,2025-08-12 13:05:59.900,MO2508-C-7500,1.6,1.4,1.6
2025-08-12,2025-08-12 13:06:01.400,MO2508-C-7500,1.6,1.4,1.6
2025-08-12,2025-08-12 13:06:03.400,MO2508-C-7500,1.6,1.4,1.6
2025-08-12,2025-08-12 13:06:07.400,MO2508-C-7500,1.6,1.4,1.6
2025-08-12,2025-08-12 13:06:09.400,MO2508-C-7500,1.6,1.4,1.6
2025-08-12,2025-08-12 13:06:09.900,MO2508-C-7500,1.6,1.4,1.6
2025-08-12,2025-08-12 13:06:10.400,MO2508-C-7500,1.6,1.4,1.6
2025-08-12,2025-08-12 13:06:11.400,MO2508-C-7500,1.6,1.4,1.6
2025-08-12,2025-08-12 13:06:14.400,MO2508-C-7500,1.6,1.4,1.6
2025-08-12,2025-08-12 13:06:18.400,MO2508-C-7500,1.6,1.4,1.6
2025-08-12,2025-08-12 13:06:19.400,MO2508-C-7500,1.6,1.4,1.6
2025-08-12,2025-08-12 13:06:19.900,MO2508-C-7500,1.6,1.4,1.6
2025-08-12,2025-08-12 13:06:28.400,MO2508-C-7500,1.6,1.4,1.6
2025-08-12,2025-08-12 13:06:29.400,MO2508-C-7500,1.6,1.4,1.6
2025-08-12,2025-08-12 13:06:29.900,MO2508-C-7500,1.6,1.4,1.6
2025-08-12,2025-08-12 13:06:32.900,MO2508-C-7500,1.6,1.4,1.6
2025-08-12,2025-08-12 13:06:37.900,MO2508-C-7500,1.6,1.4,1.6
2025-08-12,2025-08-12 13:06:39.400,MO2508-C-7500,1.6,1.4,1.6
2025-08-12,2025-08-12 13:06:39.900,MO2508-C-7500,1.6,1.4,1.6
2025-08-12,2025-08-12 13:06:43.900,MO2508-C-7500,1.6,1.4,1.6
2025-08-12,2025-08-12 13:06:44.900,MO2508-C-7500,1.6,1.4,1.6
2025-08-12,2025-08-12 13:06:48.400,MO2508-C-7500,1.6,1.4,1.6
2025-08-12,2025-08-12 13:06:48.900,MO2508-C-7500,1.6,1.4,1.6
2025-08-12,2025-08-12 13:06:49.400,MO2508-C-7500,1.6,1.4,1.6
2025-08-12,2025-08-12 13:06:49.900,MO2508-C-7500,1.6,1.4,1.6
2025-08-12,2025-08-12 13:06:50.400,MO2508-C-7500,1.6,1.4,1.6
2025-08-12,2025-08-12 13:06:50.900,MO2508-C-7500,1.6,1.4,1.6
2025-08-12,2025-08-12 13:06:51.400,MO2508-C-7500,1.6,1.4,1.6
2025-08-12,2025-08-12 13:06:51.900,MO2508-C-7500,1.6,1.4,1.6
2025-08-12,2025-08-12 13:06:53.900,MO2508-C-7500,1.6,1.4,1.6
2025-08-12,2025-08-12 13:06:58.400,MO2508-C-7500,1.6,1.4,1.6
2025-08-12,2025-08-12 13:06:59.400,MO2508-C-7500,1.6,1.4,1.6
2025-08-12,2025-08-12 13:06:59.900,MO2508-C-7500,1.6,1.4,1.6
2025-08-12,2025-08-12 13:07:01.400,MO2508-C-7500,1.6,1.4,1.6
2025-08-12,2025-08-12 13:07:06.900,MO2508-C-7500,1.6,1.4,1.6
2025-08-12,2025-08-12 13:07:09.400,MO2508-C-7500,1.6,1.4,1.6
2025-08-12,2025-08-12 13:07:09.900,MO2508-C-7500,1.6,1.4,1.6
2025-08-12,2025-08-12 13:07:10.400,MO2508-C-7500,1.6,1.4,1.6
2025-08-12,2025-08-12 13:07:12.400,MO2508-C-7500,1.6,1.4,1.6
2025-08-12,2025-08-12 13:07:14.400,MO2508-C-7500,1.6,1.4,1.6
2025-08-12,2025-08-12 13:07:15.400,MO2508-C-7500,1.6,1.4,1.6
2025-08-12,2025-08-12 13:07:19.400,MO2508-C-7500,1.6,1.4,1.6
2025-08-12,2025-08-12 13:07:19.900,MO2508-C-7500,1.6,1.4,1.6
2025-08-12,2025-08-12 13:07:20.400,MO2508-C-7500,1.6,1.4,1.6
2025-08-12,2025-08-12 13:07:22.400,MO2508-C-7500,1.6,1.4,1.6
2025-08-12,2025-08-12 13:07:24.400,MO2508-C-7500,1.6,1.4,1.6
2025-08-12,2025-08-12 13:07:29.400,MO2508-C-7500,1.6,1.4,1.6
2025-08-12,2025-08-12 13:07:29.900,MO2508-C-7500,1.6,1.4,1.6
2025-08-12,2025-08-12 13:07:30.400,MO2508-C-7500,1.6,1.4,1.6
2025-08-12,2025-08-12 13:07:36.400,MO2508-C-7500,1.6,1.4,1.6
2025-08-12,2025-08-12 13:07:39.400,MO2508-C-7500,1.6,1.4,1.6
2025-08-12,2025-08-12 13:07:39.900,MO2508-C-7500,1.6,1.4,1.6
2025-08-12,2025-08-12 13:07:40.400,MO2508-C-7500,1.6,1.4,1.6
2025-08-12,2025-08-12 13:07:41.400,MO2508-C-7500,1.6,1.4,1.6
2025-08-12,2025-08-12 13:07:48.400,MO2508-C-7500,1.6,1.4,1.6
2025-08-12,2025-08-12 13:07:49.400,MO2508-C-7500,1.6,1.4,1.6
2025-08-12,2025-08-12 13:07:49.900,MO2508-C-7500,1.6,1.4,1.6
2025-08-12,2025-08-12 13:07:50.400,MO2508-C-7500,1.6,1.4,1.6
2025-08-12,2025-08-12 13:07:59.400,MO2508-C-7500,1.6,1.4,1.6
2025-08-12,2025-08-12 13:07:59.900,MO2508-C-7500,1.6,1.4,1.6
2025-08-12,2025-08-12 13:08:00.400,MO2508-C-7500,1.6,1.4,1.6
2025-08-12,2025-08-12 13:08:04.400,MO2508-C-7500,1.6,1.4,1.6
2025-08-12,2025-08-12 13:08:09.400,MO2508-C-7500,1.6,1.4,1.6
2025-08-12,2025-08-12 13:08:09.900,MO2508-C-7500,1.6,1.4,1.6
2025-08-12,2025-08-12 13:08:10.400,MO2508-C-7500,1.6,1.4,1.6
2025-08-12,2025-08-12 13:08:11.400,MO2508-C-7500,1.6,1.4,1.6
2025-08-12,2025-08-12 13:08:16.900,MO2508-C-7500,1.6,1.4,1.6
2025-08-12,2025-08-12 13:08:19.400,MO2508-C-7500,1.6,1.4,1.6
2025-08-12,2025-08-12 13:08:19.900,MO2508-C-7500,1.6,1.4,1.6
2025-08-12,2025-08-12 13:08:20.400,MO2508-C-7500,1.6,1.4,1.6
2025-08-12,2025-08-12 13:08:23.900,MO2508-C-7500,1.6,1.4,1.6
2025-08-12,2025-08-12 13:08:24.400,MO2508-C-7500,1.6,1.4,1.6
2025-08-12,2025-08-12 13:08:25.400,MO2508-C-7500,1.6,1.4,1.6
2025-08-12,2025-08-12 13:08:26.400,MO2508-C-7500,1.6,1.4,1.6
2025-08-12,2025-08-12 13:08:28.400,MO2508-C-7500,1.6,1.4,1.6
2025-08-12,2025-08-12 13:08:29.400,MO2508-C-7500,1.6,1.4,1.6
2025-08-12,2025-08-12 13:08:29.900,MO2508-C-7500,1.6,1.4,1.6
2025-08-12,2025-08-12 13:08:30.400,MO2508-C-7500,1.6,1.4,1.6
2025-08-12,2025-08-12 13:08:34.400,MO2508-C-7500,1.6,1.4,1.6
2025-08-12,2025-08-12 13:08:35.400,MO2508-C-7500,1.6,1.4,1.6
2025-08-12,2025-08-12 13:08:36.400,MO2508-C-7500,1.6,1.4,1.6
2025-08-12,2025-08-12 13:08:39.400,MO2508-C-7500,1.6,1.4,1.6
2025-08-12,2025-08-12 13:08:39.900,MO2508-C-7500,1.6,1.4,1.6
2025-08-12,2025-08-12 13:08:40.400,MO2508-C-7500,1.6,1.4,1.6
2025-08-12,2025-08-12 13:08:45.400,MO2508-C-7500,1.6,1.4,1.6
2025-08-12,2025-08-12 13:08:47.400,MO2508-C-7500,1.6,1.4,1.6
2025-08-12,2025-08-12 13:08:47.900,MO2508-C-7500,1.6,1.4,1.6
2025-08-12,2025-08-12 13:08:48.900,MO2508-C-7500,1.6,1.4,1.6
2025-08-12,2025-08-12 13:08:49.400,MO2508-C-7500,1.6,1.4,1.6
2025-08-12,2025-08-12 13:08:49.900,MO2508-C-7500,1.6,1.4,1.6
2025-08-12,2025-08-12 13:08:50.400,MO2508-C-7500,1.6,1.4,1.6
2025-08-12,2025-08-12 13:08:52.400,MO2508-C-7500,1.6,1.4,1.6
2025-08-12,2025-08-12 13:08:53.400,MO2508-C-7500,1.6,1.4,1.6
2025-08-12,2025-08-12 13:08:59.400,MO2508-C-7500,1.6,1.4,1.6
2025-08-12,2025-08-12 13:08:59.900,MO2508-C-7500,1.6,1.4,1.6
2025-08-12,2025-08-12 13:09:00.400,MO2508-C-7500,1.6,1.4,1.6
2025-08-12,2025-08-12 13:09:05.400,MO2508-C-7500,1.6,1.4,1.6
2025-08-12,2025-08-12 13:09:05.900,MO2508-C-7500,1.6,1.4,1.6
2025-08-12,2025-08-12 13:09:07.900,MO2508-C-7500,1.6,1.4,1.6
2025-08-12,2025-08-12 13:09:09.400,MO2508-C-7500,1.6,1.4,1.6
2025-08-12,2025-08-12 13:09:09.900,MO2508-C-7500,1.6,1.4,1.6
2025-08-12,2025-08-12 13:09:10.400,MO2508-C-7500,1.6,1.4,1.6
2025-08-12,2025-08-12 13:09:12.400,MO2508-C-7500,1.6,1.4,1.6
2025-08-12,2025-08-12 13:09:19.400,MO2508-C-7500,1.6,1.4,1.6
2025-08-12,2025-08-12 13:09:19.900,MO2508-C-7500,1.6,1.4,1.6
2025-08-12,2025-08-12 13:09:20.400,MO2508-C-7500,1.6,1.4,1.6
2025-08-12,2025-08-12 13:09:23.400,MO2508-C-7500,1.6,1.4,1.6
2025-08-12,2025-08-12 13:09:29.400,MO2508-C-7500,1.6,1.4,1.6
2025-08-12,2025-08-12 13:09:29.900,MO2508-C-7500,1.6,1.4,1.6
2025-08-12,2025-08-12 13:09:30.400,MO2508-C-7500,1.6,1.4,1.6
2025-08-12,2025-08-12 13:09:32.400,MO2508-C-7500,1.6,1.4,1.6
2025-08-12,2025-08-12 13:09:33.900,MO2508-C-7500,1.6,1.4,1.6
2025-08-12,2025-08-12 13:09:36.400,MO2508-C-7500,1.6,1.4,1.6
2025-08-12,2025-08-12 13:09:37.900,MO2508-C-7500,1.6,1.4,1.6
2025-08-12,2025-08-12 13:09:39.400,MO2508-C-7500,1.6,1.4,1.6
2025-08-12,2025-08-12 13:09:39.900,MO2508-C-7500,1.6,1.4,1.6
2025-08-12,2025-08-12 13:09:40.400,MO2508-C-7500,1.6,1.4,1.6
2025-08-12,2025-08-12 13:09:46.400,MO2508-C-7500,1.6,1.4,1.6
2025-08-12,2025-08-12 13:09:49.400,MO2508-C-7500,1.6,1.4,1.6
2025-08-12,2025-08-12 13:09:49.900,MO2508-C-7500,1.6,1.4,1.6
2025-08-12,2025-08-12 13:09:50.400,MO2508-C-7500,1.6,1.4,1.6
2025-08-12,2025-08-12 13:09:56.400,MO2508-C-7500,1.6,1.4,1.6
2025-08-12,2025-08-12 13:09:59.400,MO2508-C-7500,1.6,1.4,1.6
2025-08-12,2025-08-12 13:09:59.900,MO2508-C-7500,1.6,1.4,1.6
2025-08-12,2025-08-12 13:10:00.400,MO2508-C-7500,1.6,1.4,1.6
2025-08-12,2025-08-12 13:10:01.900,MO2508-C-7500,1.6,1.4,1.6
2025-08-12,2025-08-12 13:10:03.900,MO2508-C-7500,1.6,1.4,1.6
2025-08-12,2025-08-12 13:10:04.400,MO2508-C-7500,1.6,1.4,1.6
2025-08-12,2025-08-12 13:10:06.400,MO2508-C-7500,1.6,1.4,1.6
2025-08-12,2025-08-12 13:10:07.900,MO2508-C-7500,1.6,1.4,1.6
2025-08-12,2025-08-12 13:10:09.400,MO2508-C-7500,1.6,1.4,1.6
2025-08-12,2025-08-12 13:10:09.900,MO2508-C-7500,1.6,1.4,1.6
2025-08-12,2025-08-12 13:10:13.400,MO2508-C-7500,1.6,1.4,1.6
2025-08-12,2025-08-12 13:10:13.900,MO2508-C-7500,1.6,1.4,1.6
2025-08-12,2025-08-12 13:10:14.900,MO2508-C-7500,1.6,1.4,1.6
2025-08-12,2025-08-12 13:10:17.400,MO2508-C-7500,1.6,1.4,1.6
2025-08-12,2025-08-12 13:10:17.900,MO2508-C-7500,1.6,1.4,1.6
2025-08-12,2025-08-12 13:10:19.400,MO2508-C-7500,1.6,1.4,1.6
2025-08-12,2025-08-12 13:10:19.900,MO2508-C-7500,1.6,1.4,1.6
2025-08-12,2025-08-12 13:10:21.400,MO2508-C-7500,1.6,1.4,1.6
2025-08-12,2025-08-12 13:10:22.400,MO2508-C-7500,1.6,1.4,1.6
2025-08-12,2025-08-12 13:10:23.900,MO2508-C-7500,1.6,1.4,1.6
2025-08-12,2025-08-12 13:10:24.400,MO2508-C-7500,1.6,1.4,1.6
2025-08-12,2025-08-12 13:10:24.900,MO2508-C-7500,1.6,1.4,1.6
2025-08-12,2025-08-12 13:10:25.400,MO2508-C-7500,1.6,1.4,1.6
2025-08-12,2025-08-12 13:10:26.400,MO2508-C-7500,1.6,1.4,1.6
2025-08-12,2025-08-12 13:10:29.400,MO2508-C-7500,1.6,1.4,1.6
2025-08-12,2025-08-12 13:10:29.900,MO2508-C-7500,1.6,1.4,1.6
2025-08-12,2025-08-12 13:10:30.400,MO2508-C-7500,1.6,1.4,1.6
2025-08-12,2025-08-12 13:10:35.400,MO2508-C-7500,1.6,1.4,1.6
2025-08-12,2025-08-12 13:10:36.900,MO2508-C-7500,1.6,1.4,1.6
2025-08-12,2025-08-12 13:10:39.400,MO2508-C-7500,1.6,1.4,1.6
2025-08-12,2025-08-12 13:10:39.900,MO2508-C-7500,1.6,1.4,1.6
2025-08-12,2025-08-12 13:10:47.400,MO2508-C-7500,1.6,1.4,1.6
2025-08-12,2025-08-12 13:10:48.400,MO2508-C-7500,1.6,1.4,1.6
2025-08-12,2025-08-12 13:10:48.900,MO2508-C-7500,1.6,1.4,1.6
2025-08-12,2025-08-12 13:10:49.400,MO2508-C-7500,1.6,1.4,1.6
2025-08-12,2025-08-12 13:10:49.900,MO2508-C-7500,1.6,1.4,1.6
2025-08-12,2025-08-12 13:10:53.400,MO2508-C-7500,1.6,1.4,1.6
2025-08-12,2025-08-12 13:10:54.400,MO2508-C-7500,1.6,1.4,1.6
2025-08-12,2025-08-12 13:10:59.400,MO2508-C-7500,1.6,1.4,1.6
2025-08-12,2025-08-12 13:10:59.900,MO2508-C-7500,1.6,1.4,1.6
2025-08-12,2025-08-12 13:11:07.400,MO2508-C-7500,1.6,1.4,1.6
2025-08-12,2025-08-12 13:11:09.400,MO2508-C-7500,1.6,1.4,1.6
2025-08-12,2025-08-12 13:11:09.900,MO2508-C-7500,1.6,1.4,1.6
2025-08-12,2025-08-12 13:11:14.400,MO2508-C-7500,1.6,1.4,1.6
2025-08-12,2025-08-12 13:11:19.400,MO2508-C-7500,1.6,1.4,1.6
2025-08-12,2025-08-12 13:11:19.900,MO2508-C-7500,1.6,1.4,1.6
2025-08-12,2025-08-12 13:11:29.400,MO2508-C-7500,1.6,1.4,1.6
2025-08-12,2025-08-12 13:11:29.900,MO2508-C-7500,1.6,1.4,1.6
2025-08-12,2025-08-12 13:11:34.900,MO2508-C-7500,1.6,1.4,1.6
2025-08-12,2025-08-12 13:11:39.400,MO2508-C-7500,1.6,1.4,1.6
2025-08-12,2025-08-12 13:11:39.900,MO2508-C-7500,1.6,1.4,1.6
2025-08-12,2025-08-12 13:11:49.400,MO2508-C-7500,1.6,1.4,1.6
2025-08-12,2025-08-12 13:11:49.900,MO2508-C-7500,1.6,1.4,1.6
2025-08-12,2025-08-12 13:11:59.400,MO2508-C-7500,1.6,1.4,1.6
2025-08-12,2025-08-12 13:11:59.900,MO2508-C-7500,1.6,1.4,1.6
2025-08-12,2025-08-12 13:12:09.400,MO2508-C-7500,1.6,1.4,1.6
2025-08-12,2025-08-12 13:12:09.900,MO2508-C-7500,1.6,1.4,1.6
2025-08-12,2025-08-12 13:12:19.400,MO2508-C-7500,1.6,1.4,1.6
2025-08-12,2025-08-12 13:12:19.900,MO2508-C-7500,1.6,1.4,1.6
2025-08-12,2025-08-12 13:12:27.900,MO2508-C-7500,1.6,1.4,1.6
2025-08-12,2025-08-12 13:12:29.400,MO2508-C-7500,1.6,1.4,1.6
2025-08-12,2025-08-12 13:12:29.900,MO2508-C-7500,1.6,1.4,1.6
2025-08-12,2025-08-12 13:12:37.400,MO2508-C-7500,1.6,1.4,1.6
2025-08-12,2025-08-12 13:12:39.400,MO2508-C-7500,1.6,1.4,1.6
2025-08-12,2025-08-12 13:12:39.900,MO2508-C-7500,1.6,1.4,1.6
2025-08-12,2025-08-12 13:12:48.400,MO2508-C-7500,1.6,1.4,1.6
2025-08-12,2025-08-12 13:12:49.400,MO2508-C-7500,1.6,1.4,1.6
2025-08-12,2025-08-12 13:12:49.900,MO2508-C-7500,1.6,1.4,1.6
2025-08-12,2025-08-12 13:12:51.900,MO2508-C-7500,1.6,1.4,1.6
2025-08-12,2025-08-12 13:12:54.900,MO2508-C-7500,1.6,1.4,1.6
2025-08-12,2025-08-12 13:12:55.400,MO2508-C-7500,1.6,1.4,1.6
2025-08-12,2025-08-12 13:12:57.400,MO2508-C-7500,1.6,1.4,1.6
2025-08-12,2025-08-12 13:12:59.400,MO2508-C-7500,1.6,1.4,1.6
2025-08-12,2025-08-12 13:12:59.900,MO2508-C-7500,1.6,1.4,1.6
2025-08-12,2025-08-12 13:13:05.900,MO2508-C-7500,1.6,1.4,1.6
2025-08-12,2025-08-12 13:13:09.400,MO2508-C-7500,1.6,1.4,1.6
2025-08-12,2025-08-12 13:13:09.900,MO2508-C-7500,1.6,1.4,1.6
2025-08-12,2025-08-12 13:13:14.400,MO2508-C-7500,1.6,1.4,1.6
2025-08-12,2025-08-12 13:13:19.400,MO2508-C-7500,1.6,1.4,1.6
2025-08-12,2025-08-12 13:13:19.900,MO2508-C-7500,1.6,1.4,1.6
2025-08-12,2025-08-12 13:13:29.400,MO2508-C-7500,1.6,1.4,1.6
2025-08-12,2025-08-12 13:13:29.900,MO2508-C-7500,1.6,1.4,1.6
2025-08-12,2025-08-12 13:13:39.400,MO2508-C-7500,1.6,1.4,1.6
2025-08-12,2025-08-12 13:13:39.900,MO2508-C-7500,1.6,1.4,1.6
2025-08-12,2025-08-12 13:13:49.400,MO2508-C-7500,1.6,1.4,1.6
2025-08-12,2025-08-12 13:13:49.900,MO2508-C-7500,1.6,1.4,1.6
2025-08-12,2025-08-12 13:13:59.400,MO2508-C-7500,1.6,1.4,1.6
2025-08-12,2025-08-12 13:13:59.900,MO2508-C-7500,1.6,1.4,1.6
2025-08-12,2025-08-12 13:14:09.400,MO2508-C-7500,1.6,1.4,1.6
2025-08-12,2025-08-12 13:14:09.900,MO2508-C-7500,1.6,1.4,1.6
2025-08-12,2025-08-12 13:14:19.400,MO2508-C-7500,1.6,1.4,1.6
2025-08-12,2025-08-12 13:14:19.900,MO2508-C-7500,1.6,1.4,1.6
2025-08-12,2025-08-12 13:14:25.900,MO2508-C-7500,1.6,1.4,1.6
2025-08-12,2025-08-12 13:14:29.400,MO2508-C-7500,1.6,1.4,1.6
2025-08-12,2025-08-12 13:14:29.900,MO2508-C-7500,1.6,1.4,1.6
2025-08-12,2025-08-12 13:14:39.400,MO2508-C-7500,1.6,1.4,1.6
2025-08-12,2025-08-12 13:14:39.900,MO2508-C-7500,1.6,1.4,1.6
2025-08-12,2025-08-12 13:14:49.400,MO2508-C-7500,1.6,1.4,1.6
2025-08-12,2025-08-12 13:14:49.900,MO2508-C-7500,1.6,1.4,1.6
2025-08-12,2025-08-12 13:14:56.900,MO2508-C-7500,1.6,1.4,1.6
2025-08-12,2025-08-12 13:14:59.400,MO2508-C-7500,1.6,1.4,1.6
2025-08-12,2025-08-12 13:14:59.900,MO2508-C-7500,1.6,1.4,1.6
2025-08-12,2025-08-12 13:15:06.900,MO2508-C-7500,1.6,1.4,1.6
2025-08-12,2025-08-12 13:15:09.400,MO2508-C-7500,1.6,1.4,1.6
2025-08-12,2025-08-12 13:15:09.900,MO2508-C-7500,1.6,1.4,1.6
2025-08-12,2025-08-12 13:15:19.400,MO2508-C-7500,1.6,1.4,1.6
2025-08-12,2025-08-12 13:15:19.900,MO2508-C-7500,1.6,1.4,1.6
2025-08-12,2025-08-12 13:15:21.400,MO2508-C-7500,1.6,1.4,1.6
2025-08-12,2025-08-12 13:15:24.900,MO2508-C-7500,1.6,1.4,1.6
2025-08-12,2025-08-12 13:15:25.400,MO2508-C-7500,1.6,1.4,1.6
2025-08-12,2025-08-12 13:15:28.400,MO2508-C-7500,1.6,1.4,1.6
2025-08-12,2025-08-12 13:15:29.400,MO2508-C-7500,1.6,1.4,1.6
2025-08-12,2025-08-12 13:15:29.900,MO2508-C-7500,1.6,1.4,1.6
2025-08-12,2025-08-12 13:15:30.400,MO2508-C-7500,1.6,1.4,1.6
2025-08-12,2025-08-12 13:15:31.400,MO2508-C-7500,1.6,1.4,1.6
2025-08-12,2025-08-12 13:15:39.400,MO2508-C-7500,1.6,1.4,1.6
2025-08-12,2025-08-12 13:15:39.900,MO2508-C-7500,1.6,1.4,1.6
2025-08-12,2025-08-12 13:15:40.400,MO2508-C-7500,1.6,1.4,1.6
2025-08-12,2025-08-12 13:15:40.900,MO2508-C-7500,1.6,1.4,1.6
2025-08-12,2025-08-12 13:15:49.400,MO2508-C-7500,1.6,1.4,1.6
2025-08-12,2025-08-12 13:15:49.900,MO2508-C-7500,1.6,1.4,1.6
2025-08-12,2025-08-12 13:15:53.900,MO2508-C-7500,1.6,1.4,1.6
2025-08-12,2025-08-12 13:15:56.400,MO2508-C-7500,1.6,1.4,1.6
2025-08-12,2025-08-12 13:15:59.400,MO2508-C-7500,1.6,1.4,1.6
2025-08-12,2025-08-12 13:15:59.900,MO2508-C-7500,1.6,1.4,1.6
2025-08-12,2025-08-12 13:16:09.400,MO2508-C-7500,1.6,1.4,1.6
2025-08-12,2025-08-12 13:16:09.900,MO2508-C-7500,1.6,1.4,1.6
2025-08-12,2025-08-12 13:16:10.900,MO2508-C-7500,1.6,1.4,1.6
2025-08-12,2025-08-12 13:16:15.400,MO2508-C-7500,1.6,1.4,1.6
2025-08-12,2025-08-12 13:16:16.400,MO2508-C-7500,1.6,1.4,1.6
2025-08-12,2025-08-12 13:16:19.400,MO2508-C-7500,1.6,1.4,1.6
2025-08-12,2025-08-12 13:16:19.900,MO2508-C-7500,1.6,1.4,1.6
2025-08-12,2025-08-12 13:16:29.400,MO2508-C-7500,1.6,1.4,1.6
2025-08-12,2025-08-12 13:16:29.900,MO2508-C-7500,1.6,1.4,1.6
2025-08-12,2025-08-12 13:16:30.400,MO2508-C-7500,1.6,1.4,1.6
2025-08-12,2025-08-12 13:16:37.400,MO2508-C-7500,1.6,1.4,1.6
2025-08-12,2025-08-12 13:16:38.900,MO2508-C-7500,1.6,1.4,1.6
2025-08-12,2025-08-12 13:16:39.400,MO2508-C-7500,1.6,1.4,1.6
2025-08-12,2025-08-12 13:16:39.900,MO2508-C-7500,1.6,1.4,1.6
2025-08-12,2025-08-12 13:16:49.400,MO2508-C-7500,1.6,1.4,1.6
2025-08-12,2025-08-12 13:16:49.900,MO2508-C-7500,1.6,1.4,1.6
2025-08-12,2025-08-12 13:16:59.400,MO2508-C-7500,1.6,1.4,1.6
2025-08-12,2025-08-12 13:16:59.900,MO2508-C-7500,1.6,1.4,1.6
2025-08-12,2025-08-12 13:17:00.400,MO2508-C-7500,1.6,1.4,1.6
2025-08-12,2025-08-12 13:17:01.400,MO2508-C-7500,1.6,1.4,1.6
2025-08-12,2025-08-12 13:17:02.400,MO2508-C-7500,1.6,1.4,1.6
2025-08-12,2025-08-12 13:17:03.400,MO2508-C-7500,1.6,1.4,1.6
2025-08-12,2025-08-12 13:17:05.900,MO2508-C-7500,1.6,1.4,1.6
2025-08-12,2025-08-12 13:17:08.400,MO2508-C-7500,1.6,1.4,1.6
2025-08-12,2025-08-12 13:17:09.400,MO2508-C-7500,1.6,1.4,1.6
2025-08-12,2025-08-12 13:17:09.900,MO2508-C-7500,1.6,1.4,1.6
2025-08-12,2025-08-12 13:17:10.900,MO2508-C-7500,1.6,1.4,1.6
2025-08-12,2025-08-12 13:17:19.400,MO2508-C-7500,1.6,1.4,1.6
2025-08-12,2025-08-12 13:17:19.900,MO2508-C-7500,1.6,1.4,1.6
2025-08-12,2025-08-12 13:17:26.400,MO2508-C-7500,1.6,1.4,1.6
2025-08-12,2025-08-12 13:17:29.400,MO2508-C-7500,1.6,1.4,1.6
2025-08-12,2025-08-12 13:17:29.900,MO2508-C-7500,1.6,1.4,1.6
2025-08-12,2025-08-12 13:17:30.400,MO2508-C-7500,1.6,1.4,1.6
2025-08-12,2025-08-12 13:17:39.400,MO2508-C-7500,1.6,1.4,1.6
2025-08-12,2025-08-12 13:17:39.900,MO2508-C-7500,1.6,1.4,1.6
2025-08-12,2025-08-12 13:17:48.900,MO2508-C-7500,1.6,1.4,1.6
2025-08-12,2025-08-12 13:17:49.400,MO2508-C-7500,1.6,1.4,1.6
2025-08-12,2025-08-12 13:17:49.900,MO2508-C-7500,1.6,1.4,1.6
2025-08-12,2025-08-12 13:17:59.400,MO2508-C-7500,1.6,1.4,1.6
2025-08-12,2025-08-12 13:17:59.900,MO2508-C-7500,1.6,1.4,1.6
2025-08-12,2025-08-12 13:18:00.400,MO2508-C-7500,1.6,1.4,1.6
2025-08-12,2025-08-12 13:18:06.400,MO2508-C-7500,1.6,1.4,1.6
2025-08-12,2025-08-12 13:18:07.400,MO2508-C-7500,1.6,1.4,1.6
2025-08-12,2025-08-12 13:18:09.400,MO2508-C-7500,1.6,1.4,1.6
2025-08-12,2025-08-12 13:18:09.900,MO2508-C-7500,1.6,1.4,1.6
2025-08-12,2025-08-12 13:18:14.400,MO2508-C-7500,1.6,1.4,1.6
2025-08-12,2025-08-12 13:18:19.400,MO2508-C-7500,1.6,1.4,1.6
2025-08-12,2025-08-12 13:18:19.900,MO2508-C-7500,1.6,1.4,1.6
2025-08-12,2025-08-12 13:18:23.900,MO2508-C-7500,1.6,1.4,1.6
2025-08-12,2025-08-12 13:18:29.400,MO2508-C-7500,1.6,1.4,1.6
2025-08-12,2025-08-12 13:18:29.900,MO2508-C-7500,1.6,1.4,1.6
2025-08-12,2025-08-12 13:18:30.400,MO2508-C-7500,1.6,1.4,1.6
2025-08-12,2025-08-12 13:18:36.400,MO2508-C-7500,1.4,1.4,1.6
2025-08-12,2025-08-12 13:18:36.900,MO2508-C-7500,1.4,1.4,1.6
2025-08-12,2025-08-12 13:18:37.400,MO2508-C-7500,1.4,1.4,1.6
2025-08-12,2025-08-12 13:18:39.400,MO2508-C-7500,1.4,1.4,1.6
2025-08-12,2025-08-12 13:18:39.900,MO2508-C-7500,1.4,1.4,1.6
2025-08-12,2025-08-12 13:18:40.400,MO2508-C-7500,1.4,1.4,1.6
2025-08-12,2025-08-12 13:18:49.400,MO2508-C-7500,1.4,1.4,1.6
2025-08-12,2025-08-12 13:18:49.900,MO2508-C-7500,1.4,1.4,1.6
2025-08-12,2025-08-12 13:18:59.400,MO2508-C-7500,1.4,1.4,1.6
2025-08-12,2025-08-12 13:18:59.900,MO2508-C-7500,1.4,1.4,1.6
2025-08-12,2025-08-12 13:19:00.400,MO2508-C-7500,1.4,1.4,1.6
2025-08-12,2025-08-12 13:19:00.900,MO2508-C-7500,1.4,1.4,1.6
2025-08-12,2025-08-12 13:19:05.900,MO2508-C-7500,1.4,1.4,1.6
2025-08-12,2025-08-12 13:19:09.400,MO2508-C-7500,1.4,1.4,1.6
2025-08-12,2025-08-12 13:19:09.900,MO2508-C-7500,1.4,1.4,1.6
2025-08-12,2025-08-12 13:19:19.400,MO2508-C-7500,1.4,1.4,1.6
2025-08-12,2025-08-12 13:19:19.900,MO2508-C-7500,1.4,1.4,1.6
2025-08-12,2025-08-12 13:19:26.400,MO2508-C-7500,1.4,1.4,1.6
2025-08-12,2025-08-12 13:19:29.400,MO2508-C-7500,1.4,1.4,1.6
2025-08-12,2025-08-12 13:19:29.900,MO2508-C-7500,1.4,1.4,1.6
2025-08-12,2025-08-12 13:19:36.400,MO2508-C-7500,1.4,1.4,1.6
2025-08-12,2025-08-12 13:19:39.400,MO2508-C-7500,1.4,1.4,1.6
2025-08-12,2025-08-12 13:19:39.900,MO2508-C-7500,1.4,1.4,1.6
2025-08-12,2025-08-12 13:19:49.400,MO2508-C-7500,1.4,1.4,1.6
2025-08-12,2025-08-12 13:19:49.900,MO2508-C-7500,1.4,1.4,1.6
2025-08-12,2025-08-12 13:19:59.400,MO2508-C-7500,1.4,1.4,1.6
2025-08-12,2025-08-12 13:19:59.900,MO2508-C-7500,1.4,1.4,1.6
2025-08-12,2025-08-12 13:20:09.400,MO2508-C-7500,1.4,1.4,1.6
2025-08-12,2025-08-12 13:20:09.900,MO2508-C-7500,1.4,1.4,1.6
2025-08-12,2025-08-12 13:20:19.400,MO2508-C-7500,1.4,1.4,1.6
2025-08-12,2025-08-12 13:20:19.900,MO2508-C-7500,1.4,1.4,1.6
2025-08-12,2025-08-12 13:20:29.400,MO2508-C-7500,1.4,1.4,1.6
2025-08-12,2025-08-12 13:20:29.900,MO2508-C-7500,1.4,1.4,1.6
2025-08-12,2025-08-12 13:20:33.900,MO2508-C-7500,1.4,1.4,1.6
2025-08-12,2025-08-12 13:20:38.900,MO2508-C-7500,1.4,1.4,1.6
2025-08-12,2025-08-12 13:20:39.400,MO2508-C-7500,1.4,1.4,1.6
2025-08-12,2025-08-12 13:20:39.900,MO2508-C-7500,1.4,1.4,1.6
2025-08-12,2025-08-12 13:20:44.400,MO2508-C-7500,1.4,1.4,1.6
2025-08-12,2025-08-12 13:20:44.900,MO2508-C-7500,1.4,1.4,1.6
2025-08-12,2025-08-12 13:20:47.900,MO2508-C-7500,1.4,1.4,1.6
2025-08-12,2025-08-12 13:20:49.400,MO2508-C-7500,1.4,1.4,1.6
2025-08-12,2025-08-12 13:20:49.900,MO2508-C-7500,1.4,1.4,1.6
2025-08-12,2025-08-12 13:20:59.400,MO2508-C-7500,1.4,1.4,1.6
2025-08-12,2025-08-12 13:20:59.900,MO2508-C-7500,1.4,1.4,1.6
2025-08-12,2025-08-12 13:21:07.900,MO2508-C-7500,1.4,1.4,1.6
2025-08-12,2025-08-12 13:21:09.400,MO2508-C-7500,1.4,1.4,1.6
2025-08-12,2025-08-12 13:21:09.900,MO2508-C-7500,1.4,1.4,1.6
2025-08-12,2025-08-12 13:21:14.400,MO2508-C-7500,1.4,1.4,1.6
2025-08-12,2025-08-12 13:21:19.400,MO2508-C-7500,1.4,1.4,1.6
2025-08-12,2025-08-12 13:21:19.900,MO2508-C-7500,1.4,1.4,1.6
2025-08-12,2025-08-12 13:21:29.400,MO2508-C-7500,1.4,1.4,1.6
2025-08-12,2025-08-12 13:21:29.900,MO2508-C-7500,1.4,1.4,1.6
2025-08-12,2025-08-12 13:21:39.400,MO2508-C-7500,1.4,1.4,1.6
2025-08-12,2025-08-12 13:21:39.900,MO2508-C-7500,1.4,1.4,1.6
2025-08-12,2025-08-12 13:21:49.400,MO2508-C-7500,1.4,1.4,1.6
2025-08-12,2025-08-12 13:21:49.900,MO2508-C-7500,1.4,1.4,1.6
2025-08-12,2025-08-12 13:21:59.400,MO2508-C-7500,1.4,1.4,1.6
2025-08-12,2025-08-12 13:21:59.900,MO2508-C-7500,1.4,1.4,1.6
2025-08-12,2025-08-12 13:22:07.400,MO2508-C-7500,1.4,1.4,1.6
2025-08-12,2025-08-12 13:22:09.400,MO2508-C-7500,1.4,1.4,1.6
2025-08-12,2025-08-12 13:22:09.900,MO2508-C-7500,1.4,1.4,1.6
2025-08-12,2025-08-12 13:22:14.900,MO2508-C-7500,1.4,1.4,1.6
2025-08-12,2025-08-12 13:22:15.400,MO2508-C-7500,1.4,1.4,1.6
2025-08-12,2025-08-12 13:22:16.400,MO2508-C-7500,1.4,1.4,1.6
2025-08-12,2025-08-12 13:22:16.900,MO2508-C-7500,1.4,1.4,1.6
2025-08-12,2025-08-12 13:22:19.400,MO2508-C-7500,1.4,1.4,1.6
2025-08-12,2025-08-12 13:22:19.900,MO2508-C-7500,1.4,1.4,1.6
2025-08-12,2025-08-12 13:22:29.400,MO2508-C-7500,1.4,1.4,1.6
2025-08-12,2025-08-12 13:22:29.900,MO2508-C-7500,1.4,1.4,1.6
2025-08-12,2025-08-12 13:22:39.400,MO2508-C-7500,1.4,1.4,1.6
2025-08-12,2025-08-12 13:22:39.900,MO2508-C-7500,1.4,1.4,1.6
2025-08-12,2025-08-12 13:22:41.900,MO2508-C-7500,1.4,1.4,1.6
2025-08-12,2025-08-12 13:22:42.900,MO2508-C-7500,1.4,1.4,1.6
2025-08-12,2025-08-12 13:22:43.400,MO2508-C-7500,1.4,1.4,1.6
2025-08-12,2025-08-12 13:22:49.400,MO2508-C-7500,1.4,1.4,1.6
2025-08-12,2025-08-12 13:22:49.900,MO2508-C-7500,1.4,1.4,1.6
2025-08-12,2025-08-12 13:22:58.900,MO2508-C-7500,1.4,1.4,1.6
2025-08-12,2025-08-12 13:22:59.400,MO2508-C-7500,1.4,1.4,1.6
2025-08-12,2025-08-12 13:22:59.900,MO2508-C-7500,1.4,1.4,1.6
2025-08-12,2025-08-12 13:23:00.400,MO2508-C-7500,1.4,1.4,1.6
2025-08-12,2025-08-12 13:23:00.900,MO2508-C-7500,1.4,1.4,1.6
2025-08-12,2025-08-12 13:23:09.400,MO2508-C-7500,1.4,1.4,1.6
2025-08-12,2025-08-12 13:23:09.900,MO2508-C-7500,1.4,1.4,1.6
2025-08-12,2025-08-12 13:23:19.400,MO2508-C-7500,1.4,1.4,1.6
2025-08-12,2025-08-12 13:23:19.900,MO2508-C-7500,1.4,1.4,1.6
2025-08-12,2025-08-12 13:23:20.400,MO2508-C-7500,1.4,1.4,1.6
2025-08-12,2025-08-12 13:23:20.900,MO2508-C-7500,1.4,1.4,1.6
2025-08-12,2025-08-12 13:23:22.900,MO2508-C-7500,1.4,1.4,1.6
2025-08-12,2025-08-12 13:23:29.400,MO2508-C-7500,1.4,1.4,1.6
2025-08-12,2025-08-12 13:23:29.900,MO2508-C-7500,1.4,1.4,1.6
2025-08-12,2025-08-12 13:23:30.400,MO2508-C-7500,1.4,1.4,1.6
2025-08-12,2025-08-12 13:23:39.400,MO2508-C-7500,1.4,1.4,1.6
2025-08-12,2025-08-12 13:23:39.900,MO2508-C-7500,1.4,1.4,1.6
2025-08-12,2025-08-12 13:23:44.400,MO2508-C-7500,1.4,1.4,1.6
2025-08-12,2025-08-12 13:23:45.900,MO2508-C-7500,1.4,1.4,1.6
2025-08-12,2025-08-12 13:23:46.400,MO2508-C-7500,1.4,1.4,1.6
2025-08-12,2025-08-12 13:23:49.400,MO2508-C-7500,1.4,1.4,1.6
2025-08-12,2025-08-12 13:23:49.900,MO2508-C-7500,1.4,1.4,1.6
2025-08-12,2025-08-12 13:23:59.400,MO2508-C-7500,1.4,1.4,1.6
2025-08-12,2025-08-12 13:23:59.900,MO2508-C-7500,1.4,1.4,1.6
2025-08-12,2025-08-12 13:24:02.400,MO2508-C-7500,1.4,1.4,1.6
2025-08-12,2025-08-12 13:24:06.400,MO2508-C-7500,1.4,1.4,1.6
2025-08-12,2025-08-12 13:24:06.900,MO2508-C-7500,1.4,1.4,1.6
2025-08-12,2025-08-12 13:24:09.400,MO2508-C-7500,1.4,1.4,1.6
2025-08-12,2025-08-12 13:24:09.900,MO2508-C-7500,1.4,1.4,1.6
2025-08-12,2025-08-12 13:24:17.400,MO2508-C-7500,1.4,1.4,1.6
2025-08-12,2025-08-12 13:24:19.400,MO2508-C-7500,1.4,1.4,1.6
2025-08-12,2025-08-12 13:24:19.900,MO2508-C-7500,1.4,1.4,1.6
2025-08-12,2025-08-12 13:24:28.400,MO2508-C-7500,1.4,1.4,1.6
2025-08-12,2025-08-12 13:24:29.400,MO2508-C-7500,1.4,1.4,1.6
2025-08-12,2025-08-12 13:24:29.900,MO2508-C-7500,1.4,1.4,1.6
2025-08-12,2025-08-12 13:24:39.400,MO2508-C-7500,1.4,1.4,1.6
2025-08-12,2025-08-12 13:24:39.900,MO2508-C-7500,1.4,1.4,1.6
2025-08-12,2025-08-12 13:24:49.400,MO2508-C-7500,1.4,1.4,1.6
2025-08-12,2025-08-12 13:24:49.900,MO2508-C-7500,1.4,1.4,1.6
2025-08-12,2025-08-12 13:24:57.900,MO2508-C-7500,1.4,1.4,1.6
2025-08-12,2025-08-12 13:24:59.400,MO2508-C-7500,1.4,1.4,1.6
2025-08-12,2025-08-12 13:24:59.900,MO2508-C-7500,1.4,1.4,1.6
2025-08-12,2025-08-12 13:25:09.400,MO2508-C-7500,1.4,1.4,1.6
2025-08-12,2025-08-12 13:25:09.900,MO2508-C-7500,1.4,1.4,1.6
2025-08-12,2025-08-12 13:25:19.400,MO2508-C-7500,1.4,1.4,1.6
2025-08-12,2025-08-12 13:25:19.900,MO2508-C-7500,1.4,1.4,1.6
2025-08-12,2025-08-12 13:25:29.400,MO2508-C-7500,1.4,1.4,1.6
2025-08-12,2025-08-12 13:25:29.900,MO2508-C-7500,1.4,1.4,1.6
2025-08-12,2025-08-12 13:25:38.900,MO2508-C-7500,1.4,1.4,1.6
2025-08-12,2025-08-12 13:25:39.400,MO2508-C-7500,1.4,1.4,1.6
2025-08-12,2025-08-12 13:25:39.900,MO2508-C-7500,1.4,1.4,1.6
2025-08-12,2025-08-12 13:25:49.400,MO2508-C-7500,1.4,1.4,1.6
2025-08-12,2025-08-12 13:25:49.900,MO2508-C-7500,1.4,1.4,1.6
2025-08-12,2025-08-12 13:25:59.400,MO2508-C-7500,1.4,1.4,1.6
2025-08-12,2025-08-12 13:25:59.900,MO2508-C-7500,1.4,1.4,1.6
2025-08-12,2025-08-12 13:26:09.400,MO2508-C-7500,1.4,1.4,1.6
2025-08-12,2025-08-12 13:26:09.900,MO2508-C-7500,1.4,1.4,1.6
2025-08-12,2025-08-12 13:26:19.400,MO2508-C-7500,1.4,1.4,1.6
2025-08-12,2025-08-12 13:26:19.900,MO2508-C-7500,1.4,1.4,1.6
2025-08-12,2025-08-12 13:26:20.400,MO2508-C-7500,1.4,1.4,1.6
2025-08-12,2025-08-12 13:26:20.900,MO2508-C-7500,1.4,1.4,1.6
2025-08-12,2025-08-12 13:26:29.400,MO2508-C-7500,1.4,1.4,1.6
2025-08-12,2025-08-12 13:26:29.900,MO2508-C-7500,1.4,1.4,1.6
2025-08-12,2025-08-12 13:26:36.900,MO2508-C-7500,1.4,1.4,1.6
2025-08-12,2025-08-12 13:26:37.400,MO2508-C-7500,1.4,1.4,1.6
2025-08-12,2025-08-12 13:26:37.900,MO2508-C-7500,1.4,1.4,1.6
2025-08-12,2025-08-12 13:26:38.400,MO2508-C-7500,1.4,1.4,1.6
2025-08-12,2025-08-12 13:26:39.400,MO2508-C-7500,1.4,1.4,1.6
2025-08-12,2025-08-12 13:26:39.900,MO2508-C-7500,1.4,1.4,1.6
2025-08-12,2025-08-12 13:26:41.400,MO2508-C-7500,1.4,1.4,1.6
2025-08-12,2025-08-12 13:26:48.400,MO2508-C-7500,1.4,1.4,1.6
2025-08-12,2025-08-12 13:26:49.400,MO2508-C-7500,1.4,1.4,1.6
2025-08-12,2025-08-12 13:26:49.900,MO2508-C-7500,1.4,1.4,1.6
2025-08-12,2025-08-12 13:26:55.400,MO2508-C-7500,1.4,1.4,1.6
2025-08-12,2025-08-12 13:26:59.400,MO2508-C-7500,1.4,1.4,1.6
2025-08-12,2025-08-12 13:26:59.900,MO2508-C-7500,1.4,1.4,1.6
2025-08-12,2025-08-12 13:27:09.400,MO2508-C-7500,1.4,1.4,1.6
2025-08-12,2025-08-12 13:27:09.900,MO2508-C-7500,1.4,1.4,1.6
2025-08-12,2025-08-12 13:27:19.400,MO2508-C-7500,1.4,1.4,1.6
2025-08-12,2025-08-12 13:27:19.900,MO2508-C-7500,1.4,1.4,1.6
2025-08-12,2025-08-12 13:27:29.400,MO2508-C-7500,1.4,1.4,1.6
2025-08-12,2025-08-12 13:27:29.900,MO2508-C-7500,1.4,1.4,1.6
2025-08-12,2025-08-12 13:27:39.400,MO2508-C-7500,1.4,1.4,1.6
2025-08-12,2025-08-12 13:27:39.900,MO2508-C-7500,1.4,1.4,1.6
2025-08-12,2025-08-12 13:27:49.400,MO2508-C-7500,1.4,1.4,1.6
2025-08-12,2025-08-12 13:27:49.900,MO2508-C-7500,1.4,1.4,1.6
2025-08-12,2025-08-12 13:27:59.400,MO2508-C-7500,1.4,1.4,1.6
2025-08-12,2025-08-12 13:27:59.900,MO2508-C-7500,1.4,1.4,1.6
2025-08-12,2025-08-12 13:28:09.400,MO2508-C-7500,1.4,1.4,1.6
2025-08-12,2025-08-12 13:28:09.900,MO2508-C-7500,1.4,1.4,1.6
2025-08-12,2025-08-12 13:28:14.400,MO2508-C-7500,1.4,1.4,1.6
2025-08-12,2025-08-12 13:28:19.400,MO2508-C-7500,1.4,1.4,1.6
2025-08-12,2025-08-12 13:28:19.900,MO2508-C-7500,1.4,1.4,1.6
2025-08-12,2025-08-12 13:28:20.400,MO2508-C-7500,1.4,1.4,1.6
2025-08-12,2025-08-12 13:28:20.900,MO2508-C-7500,1.4,1.4,1.6
2025-08-12,2025-08-12 13:28:25.400,MO2508-C-7500,1.4,1.4,1.6
2025-08-12,2025-08-12 13:28:29.400,MO2508-C-7500,1.4,1.4,1.6
2025-08-12,2025-08-12 13:28:29.900,MO2508-C-7500,1.4,1.4,1.6
2025-08-12,2025-08-12 13:28:31.400,MO2508-C-7500,1.4,1.4,1.6
2025-08-12,2025-08-12 13:28:33.900,MO2508-C-7500,1.4,1.4,1.6
2025-08-12,2025-08-12 13:28:39.400,MO2508-C-7500,1.4,1.4,1.6
2025-08-12,2025-08-12 13:28:39.900,MO2508-C-7500,1.4,1.4,1.6
2025-08-12,2025-08-12 13:28:49.400,MO2508-C-7500,1.4,1.4,1.6
2025-08-12,2025-08-12 13:28:49.900,MO2508-C-7500,1.4,1.4,1.6
2025-08-12,2025-08-12 13:28:51.400,MO2508-C-7500,1.4,1.4,1.6
2025-08-12,2025-08-12 13:28:52.400,MO2508-C-7500,1.4,1.4,1.6
2025-08-12,2025-08-12 13:28:52.900,MO2508-C-7500,1.4,1.4,1.6
2025-08-12,2025-08-12 13:28:54.400,MO2508-C-7500,1.4,1.4,1.6
2025-08-12,2025-08-12 13:28:55.400,MO2508-C-7500,1.4,1.4,1.6
2025-08-12,2025-08-12 13:28:55.900,MO2508-C-7500,1.4,1.4,1.6
2025-08-12,2025-08-12 13:28:59.400,MO2508-C-7500,1.4,1.4,1.6
2025-08-12,2025-08-12 13:28:59.900,MO2508-C-7500,1.4,1.4,1.6
2025-08-12,2025-08-12 13:29:01.400,MO2508-C-7500,1.4,1.4,1.6
2025-08-12,2025-08-12 13:29:01.900,MO2508-C-7500,1.4,1.4,1.6
2025-08-12,2025-08-12 13:29:02.400,MO2508-C-7500,1.4,1.4,1.6
2025-08-12,2025-08-12 13:29:02.900,MO2508-C-7500,1.4,1.4,1.6
2025-08-12,2025-08-12 13:29:03.400,MO2508-C-7500,1.4,1.4,1.6
2025-08-12,2025-08-12 13:29:09.400,MO2508-C-7500,1.4,1.4,1.6
2025-08-12,2025-08-12 13:29:09.900,MO2508-C-7500,1.4,1.4,1.6
2025-08-12,2025-08-12 13:29:11.900,MO2508-C-7500,1.4,1.4,1.6
2025-08-12,2025-08-12 13:29:12.400,MO2508-C-7500,1.4,1.4,1.6
2025-08-12,2025-08-12 13:29:19.400,MO2508-C-7500,1.4,1.4,1.6
2025-08-12,2025-08-12 13:29:19.900,MO2508-C-7500,1.4,1.4,1.6
2025-08-12,2025-08-12 13:29:20.400,MO2508-C-7500,1.4,1.4,1.6
2025-08-12,2025-08-12 13:29:26.400,MO2508-C-7500,1.4,1.4,1.6
2025-08-12,2025-08-12 13:29:26.900,MO2508-C-7500,1.4,1.4,1.6
2025-08-12,2025-08-12 13:29:29.400,MO2508-C-7500,1.4,1.4,1.6
2025-08-12,2025-08-12 13:29:29.900,MO2508-C-7500,1.4,1.4,1.6
2025-08-12,2025-08-12 13:29:36.400,MO2508-C-7500,1.4,1.4,1.6
2025-08-12,2025-08-12 13:29:37.900,MO2508-C-7500,1.4,1.4,1.6
2025-08-12,2025-08-12 13:29:39.400,MO2508-C-7500,1.4,1.4,1.6
2025-08-12,2025-08-12 13:29:39.900,MO2508-C-7500,1.4,1.4,1.6
2025-08-12,2025-08-12 13:29:40.400,MO2508-C-7500,1.4,1.4,1.6
2025-08-12,2025-08-12 13:29:40.900,MO2508-C-7500,1.4,1.4,1.6
2025-08-12,2025-08-12 13:29:41.400,MO2508-C-7500,1.4,1.2,1.6
2025-08-12,2025-08-12 13:29:41.900,MO2508-C-7500,1.4,1.2,1.6
2025-08-12,2025-08-12 13:29:42.400,MO2508-C-7500,1.4,1.2,1.6
2025-08-12,2025-08-12 13:29:43.900,MO2508-C-7500,1.4,1.2,1.6
2025-08-12,2025-08-12 13:29:44.900,MO2508-C-7500,1.4,1.2,1.6
2025-08-12,2025-08-12 13:29:45.400,MO2508-C-7500,1.4,1.2,1.6
2025-08-12,2025-08-12 13:29:45.900,MO2508-C-7500,1.4,1.2,1.4
2025-08-12,2025-08-12 13:29:46.400,MO2508-C-7500,1.4,1.2,1.4
2025-08-12,2025-08-12 13:29:49.400,MO2508-C-7500,1.4,1.2,1.4
2025-08-12,2025-08-12 13:29:49.900,MO2508-C-7500,1.4,1.2,1.4
2025-08-12,2025-08-12 13:29:51.900,MO2508-C-7500,1.4,1.2,1.4
2025-08-12,2025-08-12 13:29:52.400,MO2508-C-7500,1.4,1.2,1.4
2025-08-12,2025-08-12 13:29:52.900,MO2508-C-7500,1.4,1.2,1.4
2025-08-12,2025-08-12 13:29:53.400,MO2508-C-7500,1.4,1.2,1.4
2025-08-12,2025-08-12 13:29:54.400,MO2508-C-7500,1.4,1.2,1.4
2025-08-12,2025-08-12 13:29:59.400,MO2508-C-7500,1.4,1.2,1.4
2025-08-12,2025-08-12 13:29:59.900,MO2508-C-7500,1.4,1.2,1.4
2025-08-12,2025-08-12 13:30:02.400,MO2508-C-7500,1.4,1.2,1.4
2025-08-12,2025-08-12 13:30:02.900,MO2508-C-7500,1.4,1.2,1.4
2025-08-12,2025-08-12 13:30:09.400,MO2508-C-7500,1.4,1.2,1.4
2025-08-12,2025-08-12 13:30:09.900,MO2508-C-7500,1.4,1.2,1.4
2025-08-12,2025-08-12 13:30:16.900,MO2508-C-7500,1.4,1.2,1.4
2025-08-12,2025-08-12 13:30:17.400,MO2508-C-7500,1.4,1.2,1.4
2025-08-12,2025-08-12 13:30:19.400,MO2508-C-7500,1.4,1.2,1.4
2025-08-12,2025-08-12 13:30:19.900,MO2508-C-7500,1.4,1.2,1.4
2025-08-12,2025-08-12 13:30:29.400,MO2508-C-7500,1.4,1.2,1.4
2025-08-12,2025-08-12 13:30:29.900,MO2508-C-7500,1.4,1.2,1.4
2025-08-12,2025-08-12 13:30:30.400,MO2508-C-7500,1.4,1.2,1.4
2025-08-12,2025-08-12 13:30:39.400,MO2508-C-7500,1.4,1.2,1.4
2025-08-12,2025-08-12 13:30:39.900,MO2508-C-7500,1.4,1.2,1.4
2025-08-12,2025-08-12 13:30:47.900,MO2508-C-7500,1.4,1.2,1.4
2025-08-12,2025-08-12 13:30:49.400,MO2508-C-7500,1.4,1.2,1.4
2025-08-12,2025-08-12 13:30:49.900,MO2508-C-7500,1.4,1.2,1.4
2025-08-12,2025-08-12 13:30:59.400,MO2508-C-7500,1.4,1.2,1.4
2025-08-12,2025-08-12 13:30:59.900,MO2508-C-7500,1.4,1.2,1.4
2025-08-12,2025-08-12 13:31:02.900,MO2508-C-7500,1.4,1.2,1.4
2025-08-12,2025-08-12 13:31:09.400,MO2508-C-7500,1.4,1.2,1.4
2025-08-12,2025-08-12 13:31:09.900,MO2508-C-7500,1.4,1.2,1.4
2025-08-12,2025-08-12 13:31:10.400,MO2508-C-7500,1.2,1.2,1.4
2025-08-12,2025-08-12 13:31:15.400,MO2508-C-7500,1.2,1.2,1.4
2025-08-12,2025-08-12 13:31:16.400,MO2508-C-7500,1.2,1.2,1.4
2025-08-12,2025-08-12 13:31:19.400,MO2508-C-7500,1.2,1.2,1.4
2025-08-12,2025-08-12 13:31:19.900,MO2508-C-7500,1.2,1.2,1.4
2025-08-12,2025-08-12 13:31:27.400,MO2508-C-7500,1.2,1.2,1.4
2025-08-12,2025-08-12 13:31:27.900,MO2508-C-7500,1.2,1.2,1.4
2025-08-12,2025-08-12 13:31:28.400,MO2508-C-7500,1.2,1.2,1.4
2025-08-12,2025-08-12 13:31:29.400,MO2508-C-7500,1.2,1.2,1.4
2025-08-12,2025-08-12 13:31:29.900,MO2508-C-7500,1.2,1.2,1.4
2025-08-12,2025-08-12 13:31:39.400,MO2508-C-7500,1.2,1.2,1.4
2025-08-12,2025-08-12 13:31:39.900,MO2508-C-7500,1.2,1.2,1.4
2025-08-12,2025-08-12 13:31:49.400,MO2508-C-7500,1.2,1.2,1.4
2025-08-12,2025-08-12 13:31:49.900,MO2508-C-7500,1.2,1.2,1.4
2025-08-12,2025-08-12 13:31:51.900,MO2508-C-7500,1.2,1.2,1.4
2025-08-12,2025-08-12 13:31:59.400,MO2508-C-7500,1.2,1.2,1.4
2025-08-12,2025-08-12 13:31:59.900,MO2508-C-7500,1.2,1.2,1.4
2025-08-12,2025-08-12 13:32:01.900,MO2508-C-7500,1.2,1.2,1.4
2025-08-12,2025-08-12 13:32:04.900,MO2508-C-7500,1.2,1.2,1.4
2025-08-12,2025-08-12 13:32:05.400,MO2508-C-7500,1.2,1.2,1.4
2025-08-12,2025-08-12 13:32:08.900,MO2508-C-7500,1.2,1.2,1.4
2025-08-12,2025-08-12 13:32:09.400,MO2508-C-7500,1.2,1.2,1.4
2025-08-12,2025-08-12 13:32:09.900,MO2508-C-7500,1.2,1.2,1.4
2025-08-12,2025-08-12 13:32:19.400,MO2508-C-7500,1.2,1.2,1.4
2025-08-12,2025-08-12 13:32:19.900,MO2508-C-7500,1.2,1.2,1.4
2025-08-12,2025-08-12 13:32:28.400,MO2508-C-7500,1.2,1.2,1.4
2025-08-12,2025-08-12 13:32:29.400,MO2508-C-7500,1.2,1.2,1.4
2025-08-12,2025-08-12 13:32:29.900,MO2508-C-7500,1.2,1.2,1.4
2025-08-12,2025-08-12 13:32:39.400,MO2508-C-7500,1.2,1.2,1.4
2025-08-12,2025-08-12 13:32:39.900,MO2508-C-7500,1.2,1.2,1.4
2025-08-12,2025-08-12 13:32:49.400,MO2508-C-7500,1.2,1.2,1.4
2025-08-12,2025-08-12 13:32:49.900,MO2508-C-7500,1.2,1.2,1.4
2025-08-12,2025-08-12 13:32:52.400,MO2508-C-7500,1.2,1.2,1.4
2025-08-12,2025-08-12 13:32:52.900,MO2508-C-7500,1.2,1.2,1.4
2025-08-12,2025-08-12 13:32:55.400,MO2508-C-7500,1.2,1.2,1.4
2025-08-12,2025-08-12 13:32:59.400,MO2508-C-7500,1.2,1.2,1.4
2025-08-12,2025-08-12 13:32:59.900,MO2508-C-7500,1.2,1.2,1.4
2025-08-12,2025-08-12 13:33:00.400,MO2508-C-7500,1.2,1.2,1.4
2025-08-12,2025-08-12 13:33:09.400,MO2508-C-7500,1.2,1.2,1.4
2025-08-12,2025-08-12 13:33:09.900,MO2508-C-7500,1.2,1.2,1.4
2025-08-12,2025-08-12 13:33:17.400,MO2508-C-7500,1.2,1.2,1.4
2025-08-12,2025-08-12 13:33:19.400,MO2508-C-7500,1.2,1.2,1.4
2025-08-12,2025-08-12 13:33:19.900,MO2508-C-7500,1.2,1.2,1.4
2025-08-12,2025-08-12 13:33:29.400,MO2508-C-7500,1.2,1.2,1.4
2025-08-12,2025-08-12 13:33:29.900,MO2508-C-7500,1.2,1.2,1.4
2025-08-12,2025-08-12 13:33:38.900,MO2508-C-7500,1.2,1.2,1.4
2025-08-12,2025-08-12 13:33:39.400,MO2508-C-7500,1.2,1.2,1.4
2025-08-12,2025-08-12 13:33:39.900,MO2508-C-7500,1.2,1.2,1.4
2025-08-12,2025-08-12 13:33:44.900,MO2508-C-7500,1.2,1.2,1.4
2025-08-12,2025-08-12 13:33:49.400,MO2508-C-7500,1.2,1.2,1.4
2025-08-12,2025-08-12 13:33:49.900,MO2508-C-7500,1.2,1.2,1.4
2025-08-12,2025-08-12 13:33:56.400,MO2508-C-7500,1.2,1.2,1.4
2025-08-12,2025-08-12 13:33:56.900,MO2508-C-7500,1.2,1.2,1.4
2025-08-12,2025-08-12 13:33:58.900,MO2508-C-7500,1.2,1.2,1.4
2025-08-12,2025-08-12 13:33:59.400,MO2508-C-7500,1.2,1.2,1.4
2025-08-12,2025-08-12 13:33:59.900,MO2508-C-7500,1.2,1.2,1.4
2025-08-12,2025-08-12 13:34:06.400,MO2508-C-7500,1.2,1.2,1.4
2025-08-12,2025-08-12 13:34:09.400,MO2508-C-7500,1.2,1.2,1.4
2025-08-12,2025-08-12 13:34:09.900,MO2508-C-7500,1.2,1.2,1.4
2025-08-12,2025-08-12 13:34:17.900,MO2508-C-7500,1.2,1.2,1.4
2025-08-12,2025-08-12 13:34:19.400,MO2508-C-7500,1.2,1.2,1.4
2025-08-12,2025-08-12 13:34:19.900,MO2508-C-7500,1.2,1.2,1.4
2025-08-12,2025-08-12 13:34:22.900,MO2508-C-7500,1.2,1.2,1.4
2025-08-12,2025-08-12 13:34:25.400,MO2508-C-7500,1.2,1.2,1.4
2025-08-12,2025-08-12 13:34:25.900,MO2508-C-7500,1.2,1.2,1.4
2025-08-12,2025-08-12 13:34:26.400,MO2508-C-7500,1.2,1.2,1.4
2025-08-12,2025-08-12 13:34:28.900,MO2508-C-7500,1.2,1.2,1.4
2025-08-12,2025-08-12 13:34:29.400,MO2508-C-7500,1.2,1.2,1.4
2025-08-12,2025-08-12 13:34:29.900,MO2508-C-7500,1.2,1.2,1.4
2025-08-12,2025-08-12 13:34:30.400,MO2508-C-7500,1.2,1.2,1.4
2025-08-12,2025-08-12 13:34:30.900,MO2508-C-7500,1.2,1.2,1.4
2025-08-12,2025-08-12 13:34:36.900,MO2508-C-7500,1.2,1.2,1.4
2025-08-12,2025-08-12 13:34:37.900,MO2508-C-7500,1.2,1.2,1.4
2025-08-12,2025-08-12 13:34:38.400,MO2508-C-7500,1.2,1.2,1.4
2025-08-12,2025-08-12 13:34:38.900,MO2508-C-7500,1.2,1.2,1.4
2025-08-12,2025-08-12 13:34:39.400,MO2508-C-7500,1.2,1.2,1.4
2025-08-12,2025-08-12 13:34:39.900,MO2508-C-7500,1.2,1.2,1.4
2025-08-12,2025-08-12 13:34:49.400,MO2508-C-7500,1.2,1.2,1.4
2025-08-12,2025-08-12 13:34:49.900,MO2508-C-7500,1.2,1.2,1.4
2025-08-12,2025-08-12 13:34:50.400,MO2508-C-7500,1.2,1.2,1.4
2025-08-12,2025-08-12 13:34:55.900,MO2508-C-7500,1.2,1.2,1.4
2025-08-12,2025-08-12 13:34:56.400,MO2508-C-7500,1.2,1.2,1.4
2025-08-12,2025-08-12 13:34:59.400,MO2508-C-7500,1.2,1.2,1.4
2025-08-12,2025-08-12 13:34:59.900,MO2508-C-7500,1.2,1.2,1.4
2025-08-12,2025-08-12 13:35:00.400,MO2508-C-7500,1.2,1.2,1.4
2025-08-12,2025-08-12 13:35:00.900,MO2508-C-7500,1.2,1.2,1.4
2025-08-12,2025-08-12 13:35:02.400,MO2508-C-7500,1.2,1.2,1.4
2025-08-12,2025-08-12 13:35:02.900,MO2508-C-7500,1.2,1.2,1.4
2025-08-12,2025-08-12 13:35:09.400,MO2508-C-7500,1.2,1.2,1.4
2025-08-12,2025-08-12 13:35:09.900,MO2508-C-7500,1.2,1.2,1.4
2025-08-12,2025-08-12 13:35:19.400,MO2508-C-7500,1.2,1.2,1.4
2025-08-12,2025-08-12 13:35:19.900,MO2508-C-7500,1.2,1.2,1.4
2025-08-12,2025-08-12 13:35:20.400,MO2508-C-7500,1.2,1.2,1.4
2025-08-12,2025-08-12 13:35:20.900,MO2508-C-7500,1.2,1.2,1.4
2025-08-12,2025-08-12 13:35:29.400,MO2508-C-7500,1.2,1.2,1.4
2025-08-12,2025-08-12 13:35:29.900,MO2508-C-7500,1.2,1.2,1.4
2025-08-12,2025-08-12 13:35:31.400,MO2508-C-7500,1.2,1.2,1.4
2025-08-12,2025-08-12 13:35:32.400,MO2508-C-7500,1.2,1.2,1.4
2025-08-12,2025-08-12 13:35:34.900,MO2508-C-7500,1.2,1.2,1.4
2025-08-12,2025-08-12 13:35:39.400,MO2508-C-7500,1.2,1.2,1.4
2025-08-12,2025-08-12 13:35:39.900,MO2508-C-7500,1.2,1.2,1.4
2025-08-12,2025-08-12 13:35:42.400,MO2508-C-7500,1.2,1.2,1.4
2025-08-12,2025-08-12 13:35:49.400,MO2508-C-7500,1.2,1.2,1.4
2025-08-12,2025-08-12 13:35:49.900,MO2508-C-7500,1.2,1.2,1.4
2025-08-12,2025-08-12 13:35:59.400,MO2508-C-7500,1.2,1.2,1.4
2025-08-12,2025-08-12 13:35:59.900,MO2508-C-7500,1.2,1.2,1.4
2025-08-12,2025-08-12 13:36:09.400,MO2508-C-7500,1.2,1.2,1.4
2025-08-12,2025-08-12 13:36:09.900,MO2508-C-7500,1.2,1.2,1.4
2025-08-12,2025-08-12 13:36:19.400,MO2508-C-7500,1.2,1.2,1.4
2025-08-12,2025-08-12 13:36:19.900,MO2508-C-7500,1.2,1.2,1.4
2025-08-12,2025-08-12 13:36:29.400,MO2508-C-7500,1.2,1.2,1.4
2025-08-12,2025-08-12 13:36:29.900,MO2508-C-7500,1.2,1.2,1.4
2025-08-12,2025-08-12 13:36:39.400,MO2508-C-7500,1.2,1.2,1.4
2025-08-12,2025-08-12 13:36:39.900,MO2508-C-7500,1.2,1.2,1.4
2025-08-12,2025-08-12 13:36:49.400,MO2508-C-7500,1.2,1.2,1.4
2025-08-12,2025-08-12 13:36:49.900,MO2508-C-7500,1.2,1.2,1.4
2025-08-12,2025-08-12 13:36:56.900,MO2508-C-7500,1.2,1.2,1.4
2025-08-12,2025-08-12 13:36:59.400,MO2508-C-7500,1.2,1.2,1.4
2025-08-12,2025-08-12 13:36:59.900,MO2508-C-7500,1.2,1.2,1.4
2025-08-12,2025-08-12 13:37:09.400,MO2508-C-7500,1.2,1.2,1.4
2025-08-12,2025-08-12 13:37:09.900,MO2508-C-7500,1.2,1.2,1.4
2025-08-12,2025-08-12 13:37:16.400,MO2508-C-7500,1.2,1.2,1.4
2025-08-12,2025-08-12 13:37:17.400,MO2508-C-7500,1.2,1.2,1.4
2025-08-12,2025-08-12 13:37:18.400,MO2508-C-7500,1.2,1.2,1.4
2025-08-12,2025-08-12 13:37:19.400,MO2508-C-7500,1.2,1.2,1.4
2025-08-12,2025-08-12 13:37:19.900,MO2508-C-7500,1.2,1.2,1.4
2025-08-12,2025-08-12 13:37:25.900,MO2508-C-7500,1.2,1.2,1.4
2025-08-12,2025-08-12 13:37:27.400,MO2508-C-7500,1.2,1.2,1.4
2025-08-12,2025-08-12 13:37:29.400,MO2508-C-7500,1.2,1.2,1.4
2025-08-12,2025-08-12 13:37:29.900,MO2508-C-7500,1.2,1.2,1.4
2025-08-12,2025-08-12 13:37:30.900,MO2508-C-7500,1.2,1.2,1.4
2025-08-12,2025-08-12 13:37:39.400,MO2508-C-7500,1.2,1.2,1.4
2025-08-12,2025-08-12 13:37:39.900,MO2508-C-7500,1.2,1.2,1.4
2025-08-12,2025-08-12 13:37:41.900,MO2508-C-7500,1.2,1.2,1.4
2025-08-12,2025-08-12 13:37:42.400,MO2508-C-7500,1.2,1.2,1.4
2025-08-12,2025-08-12 13:37:42.900,MO2508-C-7500,1.2,1.2,1.4
2025-08-12,2025-08-12 13:37:43.400,MO2508-C-7500,1.2,1.2,1.4
2025-08-12,2025-08-12 13:37:44.900,MO2508-C-7500,1.2,1.2,1.4
2025-08-12,2025-08-12 13:37:49.400,MO2508-C-7500,1.2,1.2,1.4
2025-08-12,2025-08-12 13:37:49.900,MO2508-C-7500,1.2,1.2,1.4
2025-08-12,2025-08-12 13:37:59.400,MO2508-C-7500,1.2,1.2,1.4
2025-08-12,2025-08-12 13:37:59.900,MO2508-C-7500,1.2,1.2,1.4
2025-08-12,2025-08-12 13:38:02.900,MO2508-C-7500,1.2,1.2,1.4
2025-08-12,2025-08-12 13:38:04.400,MO2508-C-7500,1.2,1.2,1.4
2025-08-12,2025-08-12 13:38:04.900,MO2508-C-7500,1.2,1.2,1.4
2025-08-12,2025-08-12 13:38:05.400,MO2508-C-7500,1.2,1.2,1.4
2025-08-12,2025-08-12 13:38:09.400,MO2508-C-7500,1.2,1.2,1.4
2025-08-12,2025-08-12 13:38:09.900,MO2508-C-7500,1.2,1.2,1.4
2025-08-12,2025-08-12 13:38:17.400,MO2508-C-7500,1.2,1.2,1.4
2025-08-12,2025-08-12 13:38:17.900,MO2508-C-7500,1.2,1.2,1.4
2025-08-12,2025-08-12 13:38:19.400,MO2508-C-7500,1.2,1.2,1.4
2025-08-12,2025-08-12 13:38:19.900,MO2508-C-7500,1.2,1.2,1.4
2025-08-12,2025-08-12 13:38:27.400,MO2508-C-7500,1.2,1.2,1.4
2025-08-12,2025-08-12 13:38:27.900,MO2508-C-7500,1.2,1.2,1.4
2025-08-12,2025-08-12 13:38:28.400,MO2508-C-7500,1.2,1.2,1.4
2025-08-12,2025-08-12 13:38:29.400,MO2508-C-7500,1.2,1.2,1.4
2025-08-12,2025-08-12 13:38:29.900,MO2508-C-7500,1.2,1.0,1.4
2025-08-12,2025-08-12 13:38:30.400,MO2508-C-7500,1.2,1.0,1.4
2025-08-12,2025-08-12 13:38:39.400,MO2508-C-7500,1.2,1.0,1.4
2025-08-12,2025-08-12 13:38:39.900,MO2508-C-7500,1.2,1.0,1.4
2025-08-12,2025-08-12 13:38:40.900,MO2508-C-7500,1.2,1.0,1.4
2025-08-12,2025-08-12 13:38:41.400,MO2508-C-7500,1.2,1.0,1.4
2025-08-12,2025-08-12 13:38:49.400,MO2508-C-7500,1.2,1.0,1.4
2025-08-12,2025-08-12 13:38:49.900,MO2508-C-7500,1.2,1.0,1.4
2025-08-12,2025-08-12 13:38:50.400,MO2508-C-7500,1.2,1.0,1.4
2025-08-12,2025-08-12 13:38:59.400,MO2508-C-7500,1.2,1.0,1.4
2025-08-12,2025-08-12 13:38:59.900,MO2508-C-7500,1.2,1.0,1.4
2025-08-12,2025-08-12 13:39:02.400,MO2508-C-7500,1.2,1.0,1.4
2025-08-12,2025-08-12 13:39:02.900,MO2508-C-7500,1.2,1.0,1.4
2025-08-12,2025-08-12 13:39:04.400,MO2508-C-7500,1.2,1.0,1.4
2025-08-12,2025-08-12 13:39:08.400,MO2508-C-7500,1.2,1.0,1.4
2025-08-12,2025-08-12 13:39:08.900,MO2508-C-7500,1.0,1.0,1.4
2025-08-12,2025-08-12 13:39:09.400,MO2508-C-7500,1.0,1.0,1.4
2025-08-12,2025-08-12 13:39:09.900,MO2508-C-7500,1.0,1.0,1.4
2025-08-12,2025-08-12 13:39:10.900,MO2508-C-7500,1.0,1.0,1.4
2025-08-12,2025-08-12 13:39:11.400,MO2508-C-7500,1.0,1.0,1.2
2025-08-12,2025-08-12 13:39:11.900,MO2508-C-7500,1.0,1.0,1.2
2025-08-12,2025-08-12 13:39:12.400,MO2508-C-7500,1.0,1.0,1.2
2025-08-12,2025-08-12 13:39:19.400,MO2508-C-7500,1.0,1.0,1.2
2025-08-12,2025-08-12 13:39:19.900,MO2508-C-7500,1.0,1.0,1.2
2025-08-12,2025-08-12 13:39:21.400,MO2508-C-7500,1.0,1.0,1.2
2025-08-12,2025-08-12 13:39:29.400,MO2508-C-7500,1.0,1.0,1.2
2025-08-12,2025-08-12 13:39:29.900,MO2508-C-7500,1.0,1.0,1.2
2025-08-12,2025-08-12 13:39:33.400,MO2508-C-7500,1.0,1.0,1.2
2025-08-12,2025-08-12 13:39:33.900,MO2508-C-7500,1.0,1.0,1.2
2025-08-12,2025-08-12 13:39:34.900,MO2508-C-7500,1.0,1.0,1.2
2025-08-12,2025-08-12 13:39:39.400,MO2508-C-7500,1.0,1.0,1.2
2025-08-12,2025-08-12 13:39:39.900,MO2508-C-7500,1.0,1.0,1.2
2025-08-12,2025-08-12 13:39:49.400,MO2508-C-7500,1.0,1.0,1.2
2025-08-12,2025-08-12 13:39:49.900,MO2508-C-7500,1.0,1.0,1.2
2025-08-12,2025-08-12 13:39:59.400,MO2508-C-7500,1.0,1.0,1.2
2025-08-12,2025-08-12 13:39:59.900,MO2508-C-7500,1.0,1.0,1.2
2025-08-12,2025-08-12 13:40:09.400,MO2508-C-7500,1.0,1.0,1.2
2025-08-12,2025-08-12 13:40:09.900,MO2508-C-7500,1.0,1.0,1.2
2025-08-12,2025-08-12 13:40:19.400,MO2508-C-7500,1.0,1.0,1.2
2025-08-12,2025-08-12 13:40:19.900,MO2508-C-7500,1.0,1.0,1.2
2025-08-12,2025-08-12 13:40:29.400,MO2508-C-7500,1.0,1.0,1.2
2025-08-12,2025-08-12 13:40:29.900,MO2508-C-7500,1.0,1.0,1.2
2025-08-12,2025-08-12 13:40:37.900,MO2508-C-7500,1.0,1.0,1.2
2025-08-12,2025-08-12 13:40:38.400,MO2508-C-7500,1.0,1.0,1.2
2025-08-12,2025-08-12 13:40:39.400,MO2508-C-7500,1.0,1.0,1.2
2025-08-12,2025-08-12 13:40:39.900,MO2508-C-7500,1.0,1.0,1.2
2025-08-12,2025-08-12 13:40:49.400,MO2508-C-7500,1.0,1.0,1.2
2025-08-12,2025-08-12 13:40:49.900,MO2508-C-7500,1.0,1.0,1.2
2025-08-12,2025-08-12 13:40:59.400,MO2508-C-7500,1.0,1.0,1.2
2025-08-12,2025-08-12 13:40:59.900,MO2508-C-7500,1.0,1.0,1.2
2025-08-12,2025-08-12 13:41:04.900,MO2508-C-7500,1.0,1.0,1.2
2025-08-12,2025-08-12 13:41:05.400,MO2508-C-7500,1.0,1.0,1.2
2025-08-12,2025-08-12 13:41:09.400,MO2508-C-7500,1.0,1.0,1.2
2025-08-12,2025-08-12 13:41:09.900,MO2508-C-7500,1.0,1.0,1.2
2025-08-12,2025-08-12 13:41:12.400,MO2508-C-7500,1.0,1.0,1.2
2025-08-12,2025-08-12 13:41:12.900,MO2508-C-7500,1.0,1.0,1.2
2025-08-12,2025-08-12 13:41:13.900,MO2508-C-7500,1.0,1.0,1.2
2025-08-12,2025-08-12 13:41:14.400,MO2508-C-7500,1.0,1.0,1.2
2025-08-12,2025-08-12 13:41:15.400,MO2508-C-7500,1.0,1.0,1.2
2025-08-12,2025-08-12 13:41:15.900,MO2508-C-7500,1.0,1.0,1.2
2025-08-12,2025-08-12 13:41:18.900,MO2508-C-7500,1.0,1.0,1.2
2025-08-12,2025-08-12 13:41:19.400,MO2508-C-7500,1.0,1.0,1.2
2025-08-12,2025-08-12 13:41:19.900,MO2508-C-7500,1.0,1.0,1.2
2025-08-12,2025-08-12 13:41:29.400,MO2508-C-7500,1.0,1.0,1.2
2025-08-12,2025-08-12 13:41:29.900,MO2508-C-7500,1.0,1.0,1.2
2025-08-12,2025-08-12 13:41:32.400,MO2508-C-7500,1.0,1.0,1.2
2025-08-12,2025-08-12 13:41:39.400,MO2508-C-7500,1.0,1.0,1.2
2025-08-12,2025-08-12 13:41:39.900,MO2508-C-7500,1.0,1.0,1.2
2025-08-12,2025-08-12 13:41:49.400,MO2508-C-7500,1.0,1.0,1.2
2025-08-12,2025-08-12 13:41:49.900,MO2508-C-7500,1.0,1.0,1.2
2025-08-12,2025-08-12 13:41:51.400,MO2508-C-7500,1.0,1.0,1.2
2025-08-12,2025-08-12 13:41:51.900,MO2508-C-7500,1.0,1.0,1.2
2025-08-12,2025-08-12 13:41:54.900,MO2508-C-7500,1.0,1.0,1.2
2025-08-12,2025-08-12 13:41:55.400,MO2508-C-7500,1.0,1.0,1.2
2025-08-12,2025-08-12 13:41:59.400,MO2508-C-7500,1.0,1.0,1.2
2025-08-12,2025-08-12 13:41:59.900,MO2508-C-7500,1.0,1.0,1.2
2025-08-12,2025-08-12 13:42:09.400,MO2508-C-7500,1.0,1.0,1.2
2025-08-12,2025-08-12 13:42:09.900,MO2508-C-7500,1.0,1.0,1.2
2025-08-12,2025-08-12 13:42:11.900,MO2508-C-7500,1.0,1.0,1.2
2025-08-12,2025-08-12 13:42:24.400,MO2508-C-7500,1.0,1.0,1.2
2025-08-12,2025-08-12 13:42:25.400,MO2508-C-7500,1.0,1.0,1.2
2025-08-12,2025-08-12 13:42:31.400,MO2508-C-7500,1.0,1.0,1.2
2025-08-12,2025-08-12 13:42:32.400,MO2508-C-7500,1.0,1.0,1.2
2025-08-12,2025-08-12 13:42:46.900,MO2508-C-7500,1.0,1.0,1.2
2025-08-12,2025-08-12 13:42:49.400,MO2508-C-7500,1.0,1.0,1.2
2025-08-12,2025-08-12 13:42:49.900,MO2508-C-7500,1.0,1.0,1.2
2025-08-12,2025-08-12 13:42:51.400,MO2508-C-7500,1.0,1.0,1.2
2025-08-12,2025-08-12 13:42:51.900,MO2508-C-7500,1.0,1.0,1.2
2025-08-12,2025-08-12 13:42:52.400,MO2508-C-7500,1.0,1.0,1.2
2025-08-12,2025-08-12 13:42:52.900,MO2508-C-7500,1.0,1.0,1.2
2025-08-12,2025-08-12 13:42:53.400,MO2508-C-7500,1.0,1.0,1.2
2025-08-12,2025-08-12 13:42:57.400,MO2508-C-7500,1.0,1.0,1.2
2025-08-12,2025-08-12 13:42:58.400,MO2508-C-7500,1.0,1.0,1.2
2025-08-12,2025-08-12 13:42:58.900,MO2508-C-7500,1.0,1.0,1.2
2025-08-12,2025-08-12 13:42:59.400,MO2508-C-7500,1.0,1.0,1.2
2025-08-12,2025-08-12 13:42:59.900,MO2508-C-7500,1.0,1.0,1.2
2025-08-12,2025-08-12 13:43:09.400,MO2508-C-7500,1.0,1.0,1.2
2025-08-12,2025-08-12 13:43:09.900,MO2508-C-7500,1.0,1.0,1.2
2025-08-12,2025-08-12 13:43:17.900,MO2508-C-7500,1.0,1.0,1.2
2025-08-12,2025-08-12 13:43:18.400,MO2508-C-7500,1.0,1.0,1.2
2025-08-12,2025-08-12 13:43:19.400,MO2508-C-7500,1.0,1.0,1.2
2025-08-12,2025-08-12 13:43:19.900,MO2508-C-7500,1.0,1.0,1.2
2025-08-12,2025-08-12 13:43:29.400,MO2508-C-7500,1.0,1.0,1.2
2025-08-12,2025-08-12 13:43:29.900,MO2508-C-7500,1.0,1.0,1.2
2025-08-12,2025-08-12 13:43:39.400,MO2508-C-7500,1.0,1.0,1.2
2025-08-12,2025-08-12 13:43:39.900,MO2508-C-7500,1.0,1.0,1.2
2025-08-12,2025-08-12 13:43:49.400,MO2508-C-7500,1.0,1.0,1.2
2025-08-12,2025-08-12 13:43:49.900,MO2508-C-7500,1.0,1.0,1.2
2025-08-12,2025-08-12 13:43:59.400,MO2508-C-7500,1.0,1.0,1.2
2025-08-12,2025-08-12 13:43:59.900,MO2508-C-7500,1.0,1.0,1.2
2025-08-12,2025-08-12 13:44:09.400,MO2508-C-7500,1.0,1.0,1.2
2025-08-12,2025-08-12 13:44:09.900,MO2508-C-7500,1.0,1.0,1.2
2025-08-12,2025-08-12 13:44:11.400,MO2508-C-7500,1.0,1.0,1.2
2025-08-12,2025-08-12 13:44:19.400,MO2508-C-7500,1.0,1.0,1.2
2025-08-12,2025-08-12 13:44:19.900,MO2508-C-7500,1.0,1.0,1.2
2025-08-12,2025-08-12 13:44:29.400,MO2508-C-7500,1.0,1.0,1.2
2025-08-12,2025-08-12 13:44:29.900,MO2508-C-7500,1.0,1.0,1.2
2025-08-12,2025-08-12 13:44:34.400,MO2508-C-7500,1.0,1.0,1.2
2025-08-12,2025-08-12 13:44:39.400,MO2508-C-7500,1.0,1.0,1.2
2025-08-12,2025-08-12 13:44:39.900,MO2508-C-7500,1.0,1.0,1.2
2025-08-12,2025-08-12 13:44:49.400,MO2508-C-7500,1.0,1.0,1.2
2025-08-12,2025-08-12 13:44:49.900,MO2508-C-7500,1.0,1.0,1.2
2025-08-12,2025-08-12 13:44:59.400,MO2508-C-7500,1.0,1.0,1.2
2025-08-12,2025-08-12 13:44:59.900,MO2508-C-7500,1.0,1.0,1.2
2025-08-12,2025-08-12 13:45:00.900,MO2508-C-7500,1.0,1.0,1.2
2025-08-12,2025-08-12 13:45:07.400,MO2508-C-7500,1.0,1.0,1.2
2025-08-12,2025-08-12 13:45:09.400,MO2508-C-7500,1.0,1.0,1.2
2025-08-12,2025-08-12 13:45:09.900,MO2508-C-7500,1.0,1.0,1.2
2025-08-12,2025-08-12 13:45:10.900,MO2508-C-7500,1.0,1.0,1.2
2025-08-12,2025-08-12 13:45:11.400,MO2508-C-7500,1.0,1.0,1.2
2025-08-12,2025-08-12 13:45:19.400,MO2508-C-7500,1.0,1.0,1.2
2025-08-12,2025-08-12 13:45:19.900,MO2508-C-7500,1.0,1.0,1.2
2025-08-12,2025-08-12 13:45:29.400,MO2508-C-7500,1.0,1.0,1.2
2025-08-12,2025-08-12 13:45:29.900,MO2508-C-7500,1.0,1.0,1.2
2025-08-12,2025-08-12 13:45:39.400,MO2508-C-7500,1.0,1.0,1.2
2025-08-12,2025-08-12 13:45:39.900,MO2508-C-7500,1.0,1.0,1.2
2025-08-12,2025-08-12 13:45:47.900,MO2508-C-7500,1.0,1.0,1.2
2025-08-12,2025-08-12 13:45:49.400,MO2508-C-7500,1.0,1.0,1.2
2025-08-12,2025-08-12 13:45:49.900,MO2508-C-7500,1.0,1.0,1.2
2025-08-12,2025-08-12 13:45:52.900,MO2508-C-7500,1.0,1.0,1.2
2025-08-12,2025-08-12 13:45:57.400,MO2508-C-7500,1.0,1.0,1.2
2025-08-12,2025-08-12 13:45:59.400,MO2508-C-7500,1.0,1.0,1.2
2025-08-12,2025-08-12 13:45:59.900,MO2508-C-7500,1.0,1.0,1.2
2025-08-12,2025-08-12 13:46:08.900,MO2508-C-7500,1.0,1.0,1.2
2025-08-12,2025-08-12 13:46:09.400,MO2508-C-7500,1.0,1.0,1.2
2025-08-12,2025-08-12 13:46:09.900,MO2508-C-7500,1.0,1.0,1.2
2025-08-12,2025-08-12 13:46:19.400,MO2508-C-7500,1.0,1.0,1.2
2025-08-12,2025-08-12 13:46:19.900,MO2508-C-7500,1.0,1.0,1.2
2025-08-12,2025-08-12 13:46:26.900,MO2508-C-7500,1.0,1.0,1.2
2025-08-12,2025-08-12 13:46:27.400,MO2508-C-7500,1.0,1.0,1.2
2025-08-12,2025-08-12 13:46:27.900,MO2508-C-7500,1.0,1.0,1.4
2025-08-12,2025-08-12 13:46:28.400,MO2508-C-7500,1.0,1.0,1.4
2025-08-12,2025-08-12 13:46:29.400,MO2508-C-7500,1.0,1.0,1.4
2025-08-12,2025-08-12 13:46:29.900,MO2508-C-7500,1.0,1.0,1.4
2025-08-12,2025-08-12 13:46:39.400,MO2508-C-7500,1.0,1.0,1.4
2025-08-12,2025-08-12 13:46:39.900,MO2508-C-7500,1.0,1.0,1.4
2025-08-12,2025-08-12 13:46:49.400,MO2508-C-7500,1.0,1.0,1.4
2025-08-12,2025-08-12 13:46:49.900,MO2508-C-7500,1.0,1.0,1.4
2025-08-12,2025-08-12 13:46:59.400,MO2508-C-7500,1.0,1.0,1.4
2025-08-12,2025-08-12 13:46:59.900,MO2508-C-7500,1.0,1.0,1.4
2025-08-12,2025-08-12 13:47:07.900,MO2508-C-7500,1.0,1.0,1.4
2025-08-12,2025-08-12 13:47:09.400,MO2508-C-7500,1.0,1.0,1.4
2025-08-12,2025-08-12 13:47:09.900,MO2508-C-7500,1.0,1.0,1.4
2025-08-12,2025-08-12 13:47:11.400,MO2508-C-7500,1.0,1.0,1.4
2025-08-12,2025-08-12 13:47:11.900,MO2508-C-7500,1.0,1.0,1.4
2025-08-12,2025-08-12 13:47:12.900,MO2508-C-7500,1.0,1.0,1.4
2025-08-12,2025-08-12 13:47:13.400,MO2508-C-7500,1.0,1.0,1.4
2025-08-12,2025-08-12 13:47:13.900,MO2508-C-7500,1.0,1.0,1.4
2025-08-12,2025-08-12 13:47:14.400,MO2508-C-7500,1.0,1.0,1.4
2025-08-12,2025-08-12 13:47:14.900,MO2508-C-7500,1.0,1.0,1.4
2025-08-12,2025-08-12 13:47:15.400,MO2508-C-7500,1.0,1.0,1.4
2025-08-12,2025-08-12 13:47:15.900,MO2508-C-7500,1.0,1.0,1.4
2025-08-12,2025-08-12 13:47:16.400,MO2508-C-7500,1.0,1.0,1.4
2025-08-12,2025-08-12 13:47:16.900,MO2508-C-7500,1.0,1.0,1.4
2025-08-12,2025-08-12 13:47:17.400,MO2508-C-7500,1.0,1.0,1.4
2025-08-12,2025-08-12 13:47:17.900,MO2508-C-7500,1.0,1.0,1.4
2025-08-12,2025-08-12 13:47:18.400,MO2508-C-7500,1.0,1.0,1.4
2025-08-12,2025-08-12 13:47:18.900,MO2508-C-7500,1.0,1.0,1.4
2025-08-12,2025-08-12 13:47:19.400,MO2508-C-7500,1.0,1.0,1.4
2025-08-12,2025-08-12 13:47:19.900,MO2508-C-7500,1.0,1.0,1.4
2025-08-12,2025-08-12 13:47:20.400,MO2508-C-7500,1.0,1.0,1.4
2025-08-12,2025-08-12 13:47:20.900,MO2508-C-7500,1.0,1.0,1.4
2025-08-12,2025-08-12 13:47:21.400,MO2508-C-7500,1.0,1.0,1.4
2025-08-12,2025-08-12 13:47:21.900,MO2508-C-7500,1.0,1.0,1.4
2025-08-12,2025-08-12 13:47:22.400,MO2508-C-7500,1.0,1.0,1.4
2025-08-12,2025-08-12 13:47:22.900,MO2508-C-7500,1.0,1.0,1.4
2025-08-12,2025-08-12 13:47:23.400,MO2508-C-7500,1.0,1.0,1.4
2025-08-12,2025-08-12 13:47:23.900,MO2508-C-7500,1.0,1.0,1.4
2025-08-12,2025-08-12 13:47:24.400,MO2508-C-7500,1.0,1.0,1.4
2025-08-12,2025-08-12 13:47:24.900,MO2508-C-7500,1.0,1.0,1.4
2025-08-12,2025-08-12 13:47:25.400,MO2508-C-7500,1.0,1.0,1.4
2025-08-12,2025-08-12 13:47:25.900,MO2508-C-7500,1.0,1.0,1.4
2025-08-12,2025-08-12 13:47:26.400,MO2508-C-7500,1.0,1.0,1.4
2025-08-12,2025-08-12 13:47:26.900,MO2508-C-7500,1.0,1.0,1.4
2025-08-12,2025-08-12 13:47:27.400,MO2508-C-7500,1.0,1.0,1.4
2025-08-12,2025-08-12 13:47:27.900,MO2508-C-7500,1.0,1.0,1.4
2025-08-12,2025-08-12 13:47:28.400,MO2508-C-7500,1.0,1.0,1.4
2025-08-12,2025-08-12 13:47:28.900,MO2508-C-7500,1.0,1.0,1.4
2025-08-12,2025-08-12 13:47:29.400,MO2508-C-7500,1.0,1.0,1.4
2025-08-12,2025-08-12 13:47:29.900,MO2508-C-7500,1.0,1.0,1.4
2025-08-12,2025-08-12 13:47:30.400,MO2508-C-7500,1.0,1.0,1.4
2025-08-12,2025-08-12 13:47:30.900,MO2508-C-7500,1.0,1.0,1.4
2025-08-12,2025-08-12 13:47:31.400,MO2508-C-7500,1.0,1.0,1.4
2025-08-12,2025-08-12 13:47:31.900,MO2508-C-7500,1.0,1.0,1.4
2025-08-12,2025-08-12 13:47:32.400,MO2508-C-7500,1.0,1.0,1.4
2025-08-12,2025-08-12 13:47:32.900,MO2508-C-7500,1.0,1.0,1.4
2025-08-12,2025-08-12 13:47:33.400,MO2508-C-7500,1.0,1.0,1.4
2025-08-12,2025-08-12 13:47:33.900,MO2508-C-7500,1.0,1.0,1.4
2025-08-12,2025-08-12 13:47:34.400,MO2508-C-7500,1.0,1.0,1.4
2025-08-12,2025-08-12 13:47:34.900,MO2508-C-7500,1.0,1.0,1.4
2025-08-12,2025-08-12 13:47:35.400,MO2508-C-7500,1.0,1.0,1.4
2025-08-12,2025-08-12 13:47:35.900,MO2508-C-7500,1.0,1.0,1.4
2025-08-12,2025-08-12 13:47:36.400,MO2508-C-7500,1.0,1.0,1.4
2025-08-12,2025-08-12 13:47:36.900,MO2508-C-7500,1.0,1.0,1.4
2025-08-12,2025-08-12 13:47:37.400,MO2508-C-7500,1.0,1.0,1.4
2025-08-12,2025-08-12 13:47:37.900,MO2508-C-7500,1.0,1.0,1.4
2025-08-12,2025-08-12 13:47:38.400,MO2508-C-7500,1.0,1.0,1.4
2025-08-12,2025-08-12 13:47:38.900,MO2508-C-7500,1.0,1.0,1.4
2025-08-12,2025-08-12 13:47:39.400,MO2508-C-7500,1.0,1.0,1.4
2025-08-12,2025-08-12 13:47:39.900,MO2508-C-7500,1.0,1.0,1.4
2025-08-12,2025-08-12 13:47:40.400,MO2508-C-7500,1.0,1.0,1.4
2025-08-12,2025-08-12 13:47:40.900,MO2508-C-7500,1.0,1.0,1.4
2025-08-12,2025-08-12 13:47:41.400,MO2508-C-7500,1.0,1.0,1.4
2025-08-12,2025-08-12 13:47:41.900,MO2508-C-7500,1.0,1.0,1.4
2025-08-12,2025-08-12 13:47:42.400,MO2508-C-7500,1.0,1.0,1.4
2025-08-12,2025-08-12 13:47:42.900,MO2508-C-7500,1.0,1.0,1.4
2025-08-12,2025-08-12 13:47:43.400,MO2508-C-7500,1.0,1.0,1.4
2025-08-12,2025-08-12 13:47:43.900,MO2508-C-7500,1.0,1.0,1.4
2025-08-12,2025-08-12 13:47:44.400,MO2508-C-7500,1.0,1.0,1.4
2025-08-12,2025-08-12 13:47:44.900,MO2508-C-7500,1.0,1.0,1.4
2025-08-12,2025-08-12 13:47:45.400,MO2508-C-7500,1.0,1.0,1.4
2025-08-12,2025-08-12 13:47:45.900,MO2508-C-7500,1.0,1.0,1.4
2025-08-12,2025-08-12 13:47:46.400,MO2508-C-7500,1.0,1.0,1.4
2025-08-12,2025-08-12 13:47:46.900,MO2508-C-7500,1.0,1.0,1.4
2025-08-12,2025-08-12 13:47:47.400,MO2508-C-7500,1.0,1.0,1.4
2025-08-12,2025-08-12 13:47:47.900,MO2508-C-7500,1.0,1.0,1.4
2025-08-12,2025-08-12 13:47:48.400,MO2508-C-7500,1.0,1.0,1.4
2025-08-12,2025-08-12 13:47:48.900,MO2508-C-7500,1.0,1.0,1.4
2025-08-12,2025-08-12 13:47:49.400,MO2508-C-7500,1.0,1.0,1.4
2025-08-12,2025-08-12 13:47:49.900,MO2508-C-7500,1.0,1.0,1.4
2025-08-12,2025-08-12 13:47:50.400,MO2508-C-7500,1.0,1.0,1.4
2025-08-12,2025-08-12 13:47:50.900,MO2508-C-7500,1.0,1.0,1.4
2025-08-12,2025-08-12 13:47:51.400,MO2508-C-7500,1.0,1.0,1.4
2025-08-12,2025-08-12 13:47:51.900,MO2508-C-7500,1.0,1.0,1.4
2025-08-12,2025-08-12 13:47:52.400,MO2508-C-7500,1.0,1.0,1.4
2025-08-12,2025-08-12 13:47:52.900,MO2508-C-7500,1.0,1.0,1.4
2025-08-12,2025-08-12 13:47:53.400,MO2508-C-7500,1.0,1.0,1.4
2025-08-12,2025-08-12 13:47:53.900,MO2508-C-7500,1.0,1.0,1.4
2025-08-12,2025-08-12 13:47:54.400,MO2508-C-7500,1.0,1.0,1.4
2025-08-12,2025-08-12 13:47:54.900,MO2508-C-7500,1.0,1.0,1.4
2025-08-12,2025-08-12 13:47:55.400,MO2508-C-7500,1.0,1.0,1.4
2025-08-12,2025-08-12 13:47:55.900,MO2508-C-7500,1.0,1.0,1.4
2025-08-12,2025-08-12 13:47:56.400,MO2508-C-7500,1.0,1.0,1.4
2025-08-12,2025-08-12 13:47:56.900,MO2508-C-7500,1.0,1.0,1.4
2025-08-12,2025-08-12 13:47:57.400,MO2508-C-7500,1.0,1.0,1.4
2025-08-12,2025-08-12 13:47:57.900,MO2508-C-7500,1.0,1.0,1.4
2025-08-12,2025-08-12 13:47:58.400,MO2508-C-7500,1.0,1.0,1.4
2025-08-12,2025-08-12 13:47:58.900,MO2508-C-7500,1.0,1.0,1.4
2025-08-12,2025-08-12 13:47:59.400,MO2508-C-7500,1.0,1.0,1.4
2025-08-12,2025-08-12 13:47:59.900,MO2508-C-7500,1.0,1.0,1.4
2025-08-12,2025-08-12 13:48:00.400,MO2508-C-7500,1.0,1.0,1.4
2025-08-12,2025-08-12 13:48:00.900,MO2508-C-7500,1.0,1.0,1.4
2025-08-12,2025-08-12 13:48:01.400,MO2508-C-7500,1.0,1.0,1.4
2025-08-12,2025-08-12 13:48:01.900,MO2508-C-7500,1.0,1.0,1.4
2025-08-12,2025-08-12 13:48:02.400,MO2508-C-7500,1.0,1.0,1.4
2025-08-12,2025-08-12 13:48:02.900,MO2508-C-7500,1.0,1.0,1.4
2025-08-12,2025-08-12 13:48:03.400,MO2508-C-7500,1.0,1.0,1.4
2025-08-12,2025-08-12 13:48:09.400,MO2508-C-7500,1.0,1.0,1.4
2025-08-12,2025-08-12 13:48:09.900,MO2508-C-7500,1.0,1.0,1.4
2025-08-12,2025-08-12 13:48:19.400,MO2508-C-7500,1.0,1.0,1.4
2025-08-12,2025-08-12 13:48:19.900,MO2508-C-7500,1.0,1.0,1.4
2025-08-12,2025-08-12 13:48:20.400,MO2508-C-7500,1.0,1.0,1.4
2025-08-12,2025-08-12 13:48:20.900,MO2508-C-7500,1.0,1.0,1.4
2025-08-12,2025-08-12 13:48:21.400,MO2508-C-7500,1.0,1.0,1.4
2025-08-12,2025-08-12 13:48:21.900,MO2508-C-7500,1.0,1.0,1.4
2025-08-12,2025-08-12 13:48:22.400,MO2508-C-7500,1.0,1.0,1.4
2025-08-12,2025-08-12 13:48:29.400,MO2508-C-7500,1.0,1.0,1.4
2025-08-12,2025-08-12 13:48:29.900,MO2508-C-7500,1.0,1.0,1.4
2025-08-12,2025-08-12 13:48:33.900,MO2508-C-7500,1.0,1.0,1.4
2025-08-12,2025-08-12 13:48:34.400,MO2508-C-7500,1.0,1.0,1.4
2025-08-12,2025-08-12 13:48:34.900,MO2508-C-7500,1.0,1.0,1.4
2025-08-12,2025-08-12 13:48:35.400,MO2508-C-7500,1.0,1.0,1.4
2025-08-12,2025-08-12 13:48:35.900,MO2508-C-7500,1.0,1.0,1.4
2025-08-12,2025-08-12 13:48:36.400,MO2508-C-7500,1.0,1.0,1.4
2025-08-12,2025-08-12 13:48:36.900,MO2508-C-7500,1.0,1.0,1.4
2025-08-12,2025-08-12 13:48:37.400,MO2508-C-7500,1.0,1.0,1.4
2025-08-12,2025-08-12 13:48:37.900,MO2508-C-7500,1.0,1.0,1.4
2025-08-12,2025-08-12 13:48:38.400,MO2508-C-7500,1.0,1.0,1.4
2025-08-12,2025-08-12 13:48:38.900,MO2508-C-7500,1.0,1.0,1.4
2025-08-12,2025-08-12 13:48:39.400,MO2508-C-7500,1.0,1.0,1.4
2025-08-12,2025-08-12 13:48:39.900,MO2508-C-7500,1.0,1.0,1.4
2025-08-12,2025-08-12 13:48:40.900,MO2508-C-7500,1.0,1.0,1.4
2025-08-12,2025-08-12 13:48:41.400,MO2508-C-7500,1.0,1.0,1.4
2025-08-12,2025-08-12 13:48:41.900,MO2508-C-7500,1.0,1.0,1.4
2025-08-12,2025-08-12 13:48:42.400,MO2508-C-7500,1.0,1.0,1.4
2025-08-12,2025-08-12 13:48:42.900,MO2508-C-7500,1.0,1.0,1.4
2025-08-12,2025-08-12 13:48:43.400,MO2508-C-7500,1.0,1.0,1.4
2025-08-12,2025-08-12 13:48:43.900,MO2508-C-7500,1.0,1.0,1.4
2025-08-12,2025-08-12 13:48:44.400,MO2508-C-7500,1.0,1.0,1.4
2025-08-12,2025-08-12 13:48:44.900,MO2508-C-7500,1.0,1.0,1.4
2025-08-12,2025-08-12 13:48:45.400,MO2508-C-7500,1.0,1.0,1.4
2025-08-12,2025-08-12 13:48:45.900,MO2508-C-7500,1.0,1.0,1.4
2025-08-12,2025-08-12 13:48:46.400,MO2508-C-7500,1.0,1.0,1.4
2025-08-12,2025-08-12 13:48:46.900,MO2508-C-7500,1.0,1.0,1.4
2025-08-12,2025-08-12 13:48:47.400,MO2508-C-7500,1.0,1.0,1.4
2025-08-12,2025-08-12 13:48:47.900,MO2508-C-7500,1.0,1.0,1.4
2025-08-12,2025-08-12 13:48:48.400,MO2508-C-7500,1.0,1.0,1.4
2025-08-12,2025-08-12 13:48:48.900,MO2508-C-7500,1.0,1.0,1.4
2025-08-12,2025-08-12 13:48:49.400,MO2508-C-7500,1.0,1.0,1.4
2025-08-12,2025-08-12 13:48:49.900,MO2508-C-7500,1.0,1.0,1.4
2025-08-12,2025-08-12 13:48:50.400,MO2508-C-7500,1.0,1.0,1.4
2025-08-12,2025-08-12 13:48:50.900,MO2508-C-7500,1.0,1.0,1.4
2025-08-12,2025-08-12 13:48:51.400,MO2508-C-7500,1.0,1.0,1.4
2025-08-12,2025-08-12 13:48:51.900,MO2508-C-7500,1.0,1.0,1.4
2025-08-12,2025-08-12 13:48:52.400,MO2508-C-7500,1.0,1.0,1.4
2025-08-12,2025-08-12 13:48:52.900,MO2508-C-7500,1.0,1.0,1.4
2025-08-12,2025-08-12 13:48:53.400,MO2508-C-7500,1.0,1.0,1.4
2025-08-12,2025-08-12 13:48:53.900,MO2508-C-7500,1.0,1.0,1.4
2025-08-12,2025-08-12 13:48:54.400,MO2508-C-7500,1.0,1.0,1.4
2025-08-12,2025-08-12 13:48:54.900,MO2508-C-7500,1.0,1.0,1.4
2025-08-12,2025-08-12 13:48:55.400,MO2508-C-7500,1.0,1.0,1.4
2025-08-12,2025-08-12 13:48:55.900,MO2508-C-7500,1.0,1.0,1.4
2025-08-12,2025-08-12 13:48:56.400,MO2508-C-7500,1.0,1.0,1.4
2025-08-12,2025-08-12 13:48:56.900,MO2508-C-7500,1.0,1.0,1.4
2025-08-12,2025-08-12 13:48:57.400,MO2508-C-7500,1.0,1.0,1.4
2025-08-12,2025-08-12 13:48:57.900,MO2508-C-7500,1.0,1.0,1.4
2025-08-12,2025-08-12 13:48:58.400,MO2508-C-7500,1.0,1.0,1.4
2025-08-12,2025-08-12 13:48:58.900,MO2508-C-7500,1.0,1.0,1.4
2025-08-12,2025-08-12 13:48:59.400,MO2508-C-7500,1.0,1.0,1.4
2025-08-12,2025-08-12 13:48:59.900,MO2508-C-7500,1.0,1.0,1.4
2025-08-12,2025-08-12 13:49:00.400,MO2508-C-7500,1.0,1.0,1.4
2025-08-12,2025-08-12 13:49:00.900,MO2508-C-7500,1.0,1.0,1.4
2025-08-12,2025-08-12 13:49:01.400,MO2508-C-7500,1.0,1.0,1.4
2025-08-12,2025-08-12 13:49:01.900,MO2508-C-7500,1.0,1.0,1.4
2025-08-12,2025-08-12 13:49:02.400,MO2508-C-7500,1.0,1.0,1.4
2025-08-12,2025-08-12 13:49:02.900,MO2508-C-7500,1.0,1.0,1.4
2025-08-12,2025-08-12 13:49:03.400,MO2508-C-7500,1.0,1.0,1.4
2025-08-12,2025-08-12 13:49:03.900,MO2508-C-7500,1.0,1.0,1.4
2025-08-12,2025-08-12 13:49:04.400,MO2508-C-7500,1.0,1.0,1.4
2025-08-12,2025-08-12 13:49:04.900,MO2508-C-7500,1.0,1.0,1.4
2025-08-12,2025-08-12 13:49:05.400,MO2508-C-7500,1.0,1.0,1.4
2025-08-12,2025-08-12 13:49:09.400,MO2508-C-7500,1.0,1.0,1.4
2025-08-12,2025-08-12 13:49:09.900,MO2508-C-7500,1.0,1.0,1.4
2025-08-12,2025-08-12 13:49:19.400,MO2508-C-7500,1.0,1.0,1.4
2025-08-12,2025-08-12 13:49:19.900,MO2508-C-7500,1.0,1.0,1.4
2025-08-12,2025-08-12 13:49:28.400,MO2508-C-7500,1.0,1.0,1.4
2025-08-12,2025-08-12 13:49:28.900,MO2508-C-7500,1.0,1.0,1.4
2025-08-12,2025-08-12 13:49:29.400,MO2508-C-7500,1.0,1.0,1.4
2025-08-12,2025-08-12 13:49:29.900,MO2508-C-7500,1.0,1.0,1.4
2025-08-12,2025-08-12 13:49:30.400,MO2508-C-7500,1.0,1.0,1.4
2025-08-12,2025-08-12 13:49:30.900,MO2508-C-7500,1.0,1.0,1.4
2025-08-12,2025-08-12 13:49:31.400,MO2508-C-7500,1.0,1.0,1.4
2025-08-12,2025-08-12 13:49:31.900,MO2508-C-7500,1.0,1.0,1.4
2025-08-12,2025-08-12 13:49:32.400,MO2508-C-7500,1.0,1.0,1.4
2025-08-12,2025-08-12 13:49:32.900,MO2508-C-7500,1.0,1.0,1.4
2025-08-12,2025-08-12 13:49:33.400,MO2508-C-7500,1.0,1.0,1.4
2025-08-12,2025-08-12 13:49:33.900,MO2508-C-7500,1.0,1.0,1.4
2025-08-12,2025-08-12 13:49:34.400,MO2508-C-7500,1.0,1.0,1.4
2025-08-12,2025-08-12 13:49:34.900,MO2508-C-7500,1.0,1.0,1.4
2025-08-12,2025-08-12 13:49:35.400,MO2508-C-7500,1.0,1.0,1.4
2025-08-12,2025-08-12 13:49:35.900,MO2508-C-7500,1.0,1.0,1.4
2025-08-12,2025-08-12 13:49:36.400,MO2508-C-7500,1.0,1.0,1.4
2025-08-12,2025-08-12 13:49:36.900,MO2508-C-7500,1.0,1.0,1.4
2025-08-12,2025-08-12 13:49:37.400,MO2508-C-7500,1.0,1.0,1.4
2025-08-12,2025-08-12 13:49:37.900,MO2508-C-7500,1.0,1.0,1.4
2025-08-12,2025-08-12 13:49:38.400,MO2508-C-7500,1.0,1.0,1.4
2025-08-12,2025-08-12 13:49:38.900,MO2508-C-7500,1.0,1.0,1.4
2025-08-12,2025-08-12 13:49:39.400,MO2508-C-7500,1.0,1.0,1.4
2025-08-12,2025-08-12 13:49:39.900,MO2508-C-7500,1.0,1.0,1.4
2025-08-12,2025-08-12 13:49:40.400,MO2508-C-7500,1.0,1.0,1.4
2025-08-12,2025-08-12 13:49:40.900,MO2508-C-7500,1.0,1.0,1.4
2025-08-12,2025-08-12 13:49:41.400,MO2508-C-7500,1.0,1.0,1.4
2025-08-12,2025-08-12 13:49:41.900,MO2508-C-7500,1.0,1.0,1.4
2025-08-12,2025-08-12 13:49:42.400,MO2508-C-7500,1.0,1.0,1.4
2025-08-12,2025-08-12 13:49:42.900,MO2508-C-7500,1.0,1.0,1.4
2025-08-12,2025-08-12 13:49:43.400,MO2508-C-7500,1.0,1.0,1.4
2025-08-12,2025-08-12 13:49:43.900,MO2508-C-7500,1.0,1.0,1.4
2025-08-12,2025-08-12 13:49:44.400,MO2508-C-7500,1.0,1.0,1.4
2025-08-12,2025-08-12 13:49:44.900,MO2508-C-7500,1.0,1.0,1.4
2025-08-12,2025-08-12 13:49:45.400,MO2508-C-7500,1.0,1.0,1.4
2025-08-12,2025-08-12 13:49:45.900,MO2508-C-7500,1.0,1.0,1.4
2025-08-12,2025-08-12 13:49:46.400,MO2508-C-7500,1.0,1.0,1.4
2025-08-12,2025-08-12 13:49:46.900,MO2508-C-7500,1.0,1.0,1.4
2025-08-12,2025-08-12 13:49:47.400,MO2508-C-7500,1.0,1.0,1.4
2025-08-12,2025-08-12 13:49:47.900,MO2508-C-7500,1.0,1.0,1.4
2025-08-12,2025-08-12 13:49:48.400,MO2508-C-7500,1.0,1.0,1.4
2025-08-12,2025-08-12 13:49:48.900,MO2508-C-7500,1.0,1.0,1.4
2025-08-12,2025-08-12 13:49:49.400,MO2508-C-7500,1.0,1.0,1.4
2025-08-12,2025-08-12 13:49:49.900,MO2508-C-7500,1.0,1.0,1.4
2025-08-12,2025-08-12 13:49:50.400,MO2508-C-7500,1.0,1.0,1.4
2025-08-12,2025-08-12 13:49:50.900,MO2508-C-7500,1.0,1.0,1.4
2025-08-12,2025-08-12 13:49:51.400,MO2508-C-7500,1.0,1.0,1.4
2025-08-12,2025-08-12 13:49:51.900,MO2508-C-7500,1.0,1.0,1.4
2025-08-12,2025-08-12 13:49:52.400,MO2508-C-7500,1.0,1.0,1.4
2025-08-12,2025-08-12 13:49:52.900,MO2508-C-7500,1.0,1.0,1.4
2025-08-12,2025-08-12 13:49:53.400,MO2508-C-7500,1.0,1.0,1.4
2025-08-12,2025-08-12 13:49:59.400,MO2508-C-7500,1.0,1.0,1.4
2025-08-12,2025-08-12 13:49:59.900,MO2508-C-7500,1.0,1.0,1.4
2025-08-12,2025-08-12 13:50:09.400,MO2508-C-7500,1.0,1.0,1.4
2025-08-12,2025-08-12 13:50:09.900,MO2508-C-7500,1.0,1.0,1.4
2025-08-12,2025-08-12 13:50:10.400,MO2508-C-7500,1.0,1.0,1.4
2025-08-12,2025-08-12 13:50:10.900,MO2508-C-7500,1.0,1.0,1.4
2025-08-12,2025-08-12 13:50:11.400,MO2508-C-7500,1.0,1.0,1.4
2025-08-12,2025-08-12 13:50:11.900,MO2508-C-7500,1.0,1.0,1.4
2025-08-12,2025-08-12 13:50:12.400,MO2508-C-7500,1.0,1.0,1.4
2025-08-12,2025-08-12 13:50:12.900,MO2508-C-7500,1.0,1.0,1.4
2025-08-12,2025-08-12 13:50:13.400,MO2508-C-7500,1.0,1.0,1.4
2025-08-12,2025-08-12 13:50:13.900,MO2508-C-7500,1.0,1.0,1.4
2025-08-12,2025-08-12 13:50:14.400,MO2508-C-7500,1.0,1.0,1.4
2025-08-12,2025-08-12 13:50:14.900,MO2508-C-7500,1.0,1.0,1.4
2025-08-12,2025-08-12 13:50:15.400,MO2508-C-7500,1.0,1.0,1.4
2025-08-12,2025-08-12 13:50:15.900,MO2508-C-7500,1.0,1.0,1.4
2025-08-12,2025-08-12 13:50:16.400,MO2508-C-7500,1.0,1.0,1.4
2025-08-12,2025-08-12 13:50:16.900,MO2508-C-7500,1.0,1.0,1.4
2025-08-12,2025-08-12 13:50:17.400,MO2508-C-7500,1.0,1.0,1.4
2025-08-12,2025-08-12 13:50:17.900,MO2508-C-7500,1.0,1.0,1.4
2025-08-12,2025-08-12 13:50:18.400,MO2508-C-7500,1.0,1.0,1.4
2025-08-12,2025-08-12 13:50:18.900,MO2508-C-7500,1.0,1.0,1.4
2025-08-12,2025-08-12 13:50:19.400,MO2508-C-7500,1.0,1.0,1.4
2025-08-12,2025-08-12 13:50:19.900,MO2508-C-7500,1.0,1.0,1.4
2025-08-12,2025-08-12 13:50:20.400,MO2508-C-7500,1.0,1.0,1.4
2025-08-12,2025-08-12 13:50:20.900,MO2508-C-7500,1.0,1.0,1.4
2025-08-12,2025-08-12 13:50:21.400,MO2508-C-7500,1.0,1.0,1.4
2025-08-12,2025-08-12 13:50:21.900,MO2508-C-7500,1.0,1.0,1.4
2025-08-12,2025-08-12 13:50:22.400,MO2508-C-7500,1.0,1.0,1.4
2025-08-12,2025-08-12 13:50:22.900,MO2508-C-7500,1.0,1.0,1.4
2025-08-12,2025-08-12 13:50:23.400,MO2508-C-7500,1.0,1.0,1.4
2025-08-12,2025-08-12 13:50:23.900,MO2508-C-7500,1.0,1.0,1.4
2025-08-12,2025-08-12 13:50:24.400,MO2508-C-7500,1.0,1.0,1.4
2025-08-12,2025-08-12 13:50:24.900,MO2508-C-7500,1.0,1.0,1.4
2025-08-12,2025-08-12 13:50:25.400,MO2508-C-7500,1.0,1.0,1.4
2025-08-12,2025-08-12 13:50:25.900,MO2508-C-7500,1.0,1.0,1.4
2025-08-12,2025-08-12 13:50:26.400,MO2508-C-7500,1.0,1.0,1.4
2025-08-12,2025-08-12 13:50:26.900,MO2508-C-7500,1.0,1.0,1.4
2025-08-12,2025-08-12 13:50:27.400,MO2508-C-7500,1.0,1.0,1.4
2025-08-12,2025-08-12 13:50:27.900,MO2508-C-7500,1.0,1.0,1.4
2025-08-12,2025-08-12 13:50:28.400,MO2508-C-7500,1.0,1.0,1.4
2025-08-12,2025-08-12 13:50:28.900,MO2508-C-7500,1.0,1.0,1.4
2025-08-12,2025-08-12 13:50:29.400,MO2508-C-7500,1.0,1.0,1.4
2025-08-12,2025-08-12 13:50:29.900,MO2508-C-7500,1.0,1.0,1.4
2025-08-12,2025-08-12 13:50:30.400,MO2508-C-7500,1.0,1.0,1.4
2025-08-12,2025-08-12 13:50:30.900,MO2508-C-7500,1.0,1.0,1.4
2025-08-12,2025-08-12 13:50:36.900,MO2508-C-7500,1.0,1.0,1.4
2025-08-12,2025-08-12 13:50:37.400,MO2508-C-7500,1.0,1.0,1.4
2025-08-12,2025-08-12 13:50:37.900,MO2508-C-7500,1.0,1.0,1.4
2025-08-12,2025-08-12 13:50:38.400,MO2508-C-7500,1.0,1.0,1.4
2025-08-12,2025-08-12 13:50:38.900,MO2508-C-7500,1.0,1.0,1.4
2025-08-12,2025-08-12 13:50:39.400,MO2508-C-7500,1.0,1.0,1.4
2025-08-12,2025-08-12 13:50:39.900,MO2508-C-7500,1.0,1.0,1.4
2025-08-12,2025-08-12 13:50:43.900,MO2508-C-7500,1.0,1.0,1.4
2025-08-12,2025-08-12 13:50:44.400,MO2508-C-7500,1.0,1.0,1.4
2025-08-12,2025-08-12 13:50:44.900,MO2508-C-7500,1.0,1.0,1.4
2025-08-12,2025-08-12 13:50:45.400,MO2508-C-7500,1.0,1.0,1.4
2025-08-12,2025-08-12 13:50:45.900,MO2508-C-7500,1.0,1.0,1.4
2025-08-12,2025-08-12 13:50:46.400,MO2508-C-7500,1.0,1.0,1.4
2025-08-12,2025-08-12 13:50:46.900,MO2508-C-7500,1.0,1.0,1.4
2025-08-12,2025-08-12 13:50:49.400,MO2508-C-7500,1.0,1.0,1.4
2025-08-12,2025-08-12 13:50:49.900,MO2508-C-7500,1.0,1.0,1.4
2025-08-12,2025-08-12 13:50:52.900,MO2508-C-7500,1.0,1.0,1.4
2025-08-12,2025-08-12 13:50:53.400,MO2508-C-7500,1.0,1.0,1.4
2025-08-12,2025-08-12 13:50:53.900,MO2508-C-7500,1.0,1.0,1.4
2025-08-12,2025-08-12 13:50:54.400,MO2508-C-7500,1.0,1.0,1.4
2025-08-12,2025-08-12 13:50:54.900,MO2508-C-7500,1.0,1.0,1.4
2025-08-12,2025-08-12 13:50:55.400,MO2508-C-7500,1.0,1.0,1.4
2025-08-12,2025-08-12 13:50:55.900,MO2508-C-7500,1.0,1.0,1.4
2025-08-12,2025-08-12 13:50:56.400,MO2508-C-7500,1.0,1.0,1.4
2025-08-12,2025-08-12 13:50:56.900,MO2508-C-7500,1.0,1.0,1.4
2025-08-12,2025-08-12 13:50:57.400,MO2508-C-7500,1.0,1.0,1.4
2025-08-12,2025-08-12 13:50:57.900,MO2508-C-7500,1.0,1.0,1.4
2025-08-12,2025-08-12 13:50:58.400,MO2508-C-7500,1.0,1.0,1.4
2025-08-12,2025-08-12 13:50:58.900,MO2508-C-7500,1.0,1.0,1.4
2025-08-12,2025-08-12 13:50:59.400,MO2508-C-7500,1.0,1.0,1.4
2025-08-12,2025-08-12 13:50:59.900,MO2508-C-7500,1.0,1.0,1.4
2025-08-12,2025-08-12 13:51:00.400,MO2508-C-7500,1.0,1.0,1.4
2025-08-12,2025-08-12 13:51:00.900,MO2508-C-7500,1.0,1.0,1.4
2025-08-12,2025-08-12 13:51:01.400,MO2508-C-7500,1.0,1.0,1.4
2025-08-12,2025-08-12 13:51:01.900,MO2508-C-7500,1.0,1.0,1.4
2025-08-12,2025-08-12 13:51:02.400,MO2508-C-7500,1.0,1.0,1.4
2025-08-12,2025-08-12 13:51:02.900,MO2508-C-7500,1.0,1.0,1.4
2025-08-12,2025-08-12 13:51:03.400,MO2508-C-7500,1.0,1.0,1.4
2025-08-12,2025-08-12 13:51:03.900,MO2508-C-7500,1.0,1.0,1.4
2025-08-12,2025-08-12 13:51:04.400,MO2508-C-7500,1.0,1.0,1.4
2025-08-12,2025-08-12 13:51:04.900,MO2508-C-7500,1.0,1.0,1.4
2025-08-12,2025-08-12 13:51:05.400,MO2508-C-7500,1.0,1.0,1.4
2025-08-12,2025-08-12 13:51:05.900,MO2508-C-7500,1.0,1.0,1.4
2025-08-12,2025-08-12 13:51:06.400,MO2508-C-7500,1.0,1.0,1.4
2025-08-12,2025-08-12 13:51:06.900,MO2508-C-7500,1.0,1.0,1.4
2025-08-12,2025-08-12 13:51:07.400,MO2508-C-7500,1.0,1.0,1.4
2025-08-12,2025-08-12 13:51:07.900,MO2508-C-7500,1.0,1.0,1.4
2025-08-12,2025-08-12 13:51:08.400,MO2508-C-7500,1.0,1.0,1.4
2025-08-12,2025-08-12 13:51:08.900,MO2508-C-7500,1.0,1.0,1.4
2025-08-12,2025-08-12 13:51:09.400,MO2508-C-7500,1.0,1.0,1.4
2025-08-12,2025-08-12 13:51:09.900,MO2508-C-7500,1.0,1.0,1.4
2025-08-12,2025-08-12 13:51:19.400,MO2508-C-7500,1.0,1.0,1.4
2025-08-12,2025-08-12 13:51:19.900,MO2508-C-7500,1.0,1.0,1.4
2025-08-12,2025-08-12 13:51:29.400,MO2508-C-7500,1.0,1.0,1.4
2025-08-12,2025-08-12 13:51:29.900,MO2508-C-7500,1.0,1.0,1.4
2025-08-12,2025-08-12 13:51:33.900,MO2508-C-7500,1.0,1.0,1.4
2025-08-12,2025-08-12 13:51:39.400,MO2508-C-7500,1.0,1.0,1.4
2025-08-12,2025-08-12 13:51:39.900,MO2508-C-7500,1.0,1.0,1.4
2025-08-12,2025-08-12 13:51:49.400,MO2508-C-7500,1.0,1.0,1.4
2025-08-12,2025-08-12 13:51:49.900,MO2508-C-7500,1.0,1.0,1.4
2025-08-12,2025-08-12 13:51:53.900,MO2508-C-7500,1.0,1.0,1.4
2025-08-12,2025-08-12 13:51:54.400,MO2508-C-7500,1.0,1.0,1.4
2025-08-12,2025-08-12 13:51:54.900,MO2508-C-7500,1.0,1.0,1.4
2025-08-12,2025-08-12 13:51:55.900,MO2508-C-7500,1.0,1.0,1.4
2025-08-12,2025-08-12 13:51:56.400,MO2508-C-7500,1.0,1.0,1.4
2025-08-12,2025-08-12 13:51:56.900,MO2508-C-7500,1.0,1.0,1.4
2025-08-12,2025-08-12 13:51:57.400,MO2508-C-7500,1.0,1.0,1.4
2025-08-12,2025-08-12 13:51:57.900,MO2508-C-7500,1.0,1.0,1.4
2025-08-12,2025-08-12 13:51:58.400,MO2508-C-7500,1.0,1.0,1.4
2025-08-12,2025-08-12 13:51:58.900,MO2508-C-7500,1.0,1.0,1.4
2025-08-12,2025-08-12 13:51:59.400,MO2508-C-7500,1.0,1.0,1.4
2025-08-12,2025-08-12 13:51:59.900,MO2508-C-7500,1.0,1.0,1.4
2025-08-12,2025-08-12 13:52:00.400,MO2508-C-7500,1.0,1.0,1.4
2025-08-12,2025-08-12 13:52:00.900,MO2508-C-7500,1.0,1.0,1.4
2025-08-12,2025-08-12 13:52:01.400,MO2508-C-7500,1.0,1.0,1.4
2025-08-12,2025-08-12 13:52:01.900,MO2508-C-7500,1.0,1.0,1.4
2025-08-12,2025-08-12 13:52:02.400,MO2508-C-7500,1.0,1.0,1.4
2025-08-12,2025-08-12 13:52:02.900,MO2508-C-7500,1.0,1.0,1.4
2025-08-12,2025-08-12 13:52:04.400,MO2508-C-7500,1.0,1.0,1.4
2025-08-12,2025-08-12 13:52:04.900,MO2508-C-7500,1.0,1.0,1.4
2025-08-12,2025-08-12 13:52:05.400,MO2508-C-7500,1.0,1.0,1.4
2025-08-12,2025-08-12 13:52:05.900,MO2508-C-7500,1.0,1.0,1.4
2025-08-12,2025-08-12 13:52:06.400,MO2508-C-7500,1.0,1.0,1.4
2025-08-12,2025-08-12 13:52:06.900,MO2508-C-7500,1.0,1.0,1.4
2025-08-12,2025-08-12 13:52:07.400,MO2508-C-7500,1.0,1.0,1.4
2025-08-12,2025-08-12 13:52:07.900,MO2508-C-7500,1.0,1.0,1.4
2025-08-12,2025-08-12 13:52:08.400,MO2508-C-7500,1.0,1.0,1.4
2025-08-12,2025-08-12 13:52:08.900,MO2508-C-7500,1.0,1.0,1.4
2025-08-12,2025-08-12 13:52:09.400,MO2508-C-7500,1.0,1.0,1.4
2025-08-12,2025-08-12 13:52:09.900,MO2508-C-7500,1.0,1.0,1.4
2025-08-12,2025-08-12 13:52:10.400,MO2508-C-7500,1.0,1.0,1.4
2025-08-12,2025-08-12 13:52:10.900,MO2508-C-7500,1.0,1.0,1.4
2025-08-12,2025-08-12 13:52:11.400,MO2508-C-7500,1.0,1.0,1.4
2025-08-12,2025-08-12 13:52:11.900,MO2508-C-7500,1.0,1.0,1.4
2025-08-12,2025-08-12 13:52:12.400,MO2508-C-7500,1.0,1.0,1.4
2025-08-12,2025-08-12 13:52:12.900,MO2508-C-7500,1.0,1.0,1.4
2025-08-12,2025-08-12 13:52:13.400,MO2508-C-7500,1.0,1.0,1.4
2025-08-12,2025-08-12 13:52:13.900,MO2508-C-7500,1.0,1.0,1.4
2025-08-12,2025-08-12 13:52:14.400,MO2508-C-7500,1.0,1.0,1.4
2025-08-12,2025-08-12 13:52:14.900,MO2508-C-7500,1.0,1.0,1.4
2025-08-12,2025-08-12 13:52:15.400,MO2508-C-7500,1.0,1.0,1.4
2025-08-12,2025-08-12 13:52:15.900,MO2508-C-7500,1.0,1.0,1.4
2025-08-12,2025-08-12 13:52:16.400,MO2508-C-7500,1.0,1.0,1.4
2025-08-12,2025-08-12 13:52:16.900,MO2508-C-7500,1.0,1.0,1.4
2025-08-12,2025-08-12 13:52:17.400,MO2508-C-7500,1.0,1.0,1.4
2025-08-12,2025-08-12 13:52:17.900,MO2508-C-7500,1.0,1.0,1.4
2025-08-12,2025-08-12 13:52:18.400,MO2508-C-7500,1.0,1.0,1.4
2025-08-12,2025-08-12 13:52:18.900,MO2508-C-7500,1.0,1.0,1.4
2025-08-12,2025-08-12 13:52:19.400,MO2508-C-7500,1.0,1.0,1.4
2025-08-12,2025-08-12 13:52:19.900,MO2508-C-7500,1.0,1.0,1.4
2025-08-12,2025-08-12 13:52:20.400,MO2508-C-7500,1.0,1.0,1.4
2025-08-12,2025-08-12 13:52:29.400,MO2508-C-7500,1.0,1.0,1.4
2025-08-12,2025-08-12 13:52:29.900,MO2508-C-7500,1.0,1.0,1.4
2025-08-12,2025-08-12 13:52:39.400,MO2508-C-7500,1.0,1.0,1.4
2025-08-12,2025-08-12 13:52:39.900,MO2508-C-7500,1.0,1.0,1.4
2025-08-12,2025-08-12 13:52:49.400,MO2508-C-7500,1.0,1.0,1.4
2025-08-12,2025-08-12 13:52:49.900,MO2508-C-7500,1.0,1.0,1.4
2025-08-12,2025-08-12 13:52:59.400,MO2508-C-7500,1.0,1.0,1.4
2025-08-12,2025-08-12 13:52:59.900,MO2508-C-7500,1.0,1.0,1.4
2025-08-12,2025-08-12 13:53:00.900,MO2508-C-7500,1.0,1.0,1.4
2025-08-12,2025-08-12 13:53:01.400,MO2508-C-7500,1.0,1.0,1.4
2025-08-12,2025-08-12 13:53:01.900,MO2508-C-7500,1.0,1.0,1.4
2025-08-12,2025-08-12 13:53:02.400,MO2508-C-7500,1.0,1.0,1.4
2025-08-12,2025-08-12 13:53:02.900,MO2508-C-7500,1.0,1.0,1.4
2025-08-12,2025-08-12 13:53:03.400,MO2508-C-7500,1.0,1.0,1.4
2025-08-12,2025-08-12 13:53:03.900,MO2508-C-7500,1.0,1.0,1.4
2025-08-12,2025-08-12 13:53:04.400,MO2508-C-7500,1.0,1.0,1.4
2025-08-12,2025-08-12 13:53:04.900,MO2508-C-7500,1.0,1.0,1.4
2025-08-12,2025-08-12 13:53:05.400,MO2508-C-7500,1.0,1.0,1.4
2025-08-12,2025-08-12 13:53:05.900,MO2508-C-7500,1.0,1.0,1.4
2025-08-12,2025-08-12 13:53:06.400,MO2508-C-7500,1.0,1.0,1.4
2025-08-12,2025-08-12 13:53:06.900,MO2508-C-7500,1.0,1.0,1.4
2025-08-12,2025-08-12 13:53:07.400,MO2508-C-7500,1.0,1.0,1.4
2025-08-12,2025-08-12 13:53:07.900,MO2508-C-7500,1.0,1.0,1.4
2025-08-12,2025-08-12 13:53:08.400,MO2508-C-7500,1.0,1.0,1.4
2025-08-12,2025-08-12 13:53:08.900,MO2508-C-7500,1.0,1.0,1.4
2025-08-12,2025-08-12 13:53:09.400,MO2508-C-7500,1.0,1.0,1.4
2025-08-12,2025-08-12 13:53:09.900,MO2508-C-7500,1.0,1.0,1.4
2025-08-12,2025-08-12 13:53:10.400,MO2508-C-7500,1.0,1.0,1.4
2025-08-12,2025-08-12 13:53:10.900,MO2508-C-7500,1.0,1.0,1.4
2025-08-12,2025-08-12 13:53:13.400,MO2508-C-7500,1.0,1.0,1.4
2025-08-12,2025-08-12 13:53:13.900,MO2508-C-7500,1.0,1.0,1.4
2025-08-12,2025-08-12 13:53:14.400,MO2508-C-7500,1.0,1.0,1.4
2025-08-12,2025-08-12 13:53:14.900,MO2508-C-7500,1.0,1.0,1.4
2025-08-12,2025-08-12 13:53:15.400,MO2508-C-7500,1.0,1.0,1.4
2025-08-12,2025-08-12 13:53:15.900,MO2508-C-7500,1.0,1.0,1.4
2025-08-12,2025-08-12 13:53:16.400,MO2508-C-7500,1.0,1.0,1.4
2025-08-12,2025-08-12 13:53:16.900,MO2508-C-7500,1.0,1.0,1.4
2025-08-12,2025-08-12 13:53:17.400,MO2508-C-7500,1.0,1.0,1.4
2025-08-12,2025-08-12 13:53:17.900,MO2508-C-7500,1.0,1.0,1.4
2025-08-12,2025-08-12 13:53:18.400,MO2508-C-7500,1.0,1.0,1.4
2025-08-12,2025-08-12 13:53:18.900,MO2508-C-7500,1.0,1.0,1.4
2025-08-12,2025-08-12 13:53:19.400,MO2508-C-7500,1.0,1.0,1.4
2025-08-12,2025-08-12 13:53:19.900,MO2508-C-7500,1.0,1.0,1.4
2025-08-12,2025-08-12 13:53:20.400,MO2508-C-7500,1.0,1.0,1.4
2025-08-12,2025-08-12 13:53:20.900,MO2508-C-7500,1.0,1.0,1.4
2025-08-12,2025-08-12 13:53:21.400,MO2508-C-7500,1.0,1.0,1.4
2025-08-12,2025-08-12 13:53:21.900,MO2508-C-7500,1.0,1.0,1.4
2025-08-12,2025-08-12 13:53:24.900,MO2508-C-7500,1.0,1.0,1.4
2025-08-12,2025-08-12 13:53:28.400,MO2508-C-7500,1.0,1.0,1.4
2025-08-12,2025-08-12 13:53:28.900,MO2508-C-7500,1.0,1.0,1.4
2025-08-12,2025-08-12 13:53:29.400,MO2508-C-7500,1.0,1.0,1.4
2025-08-12,2025-08-12 13:53:29.900,MO2508-C-7500,1.0,1.0,1.4
2025-08-12,2025-08-12 13:53:35.900,MO2508-C-7500,1.0,1.0,1.4
2025-08-12,2025-08-12 13:53:39.400,MO2508-C-7500,1.0,1.0,1.4
2025-08-12,2025-08-12 13:53:39.900,MO2508-C-7500,1.0,1.0,1.4
2025-08-12,2025-08-12 13:53:40.400,MO2508-C-7500,1.0,1.0,1.4
2025-08-12,2025-08-12 13:53:49.400,MO2508-C-7500,1.0,1.0,1.4
2025-08-12,2025-08-12 13:53:49.900,MO2508-C-7500,1.0,1.0,1.4
2025-08-12,2025-08-12 13:53:59.400,MO2508-C-7500,1.0,1.0,1.4
2025-08-12,2025-08-12 13:53:59.900,MO2508-C-7500,1.0,1.0,1.4
2025-08-12,2025-08-12 13:54:08.400,MO2508-C-7500,1.0,1.0,1.4
2025-08-12,2025-08-12 13:54:09.400,MO2508-C-7500,1.0,1.0,1.4
2025-08-12,2025-08-12 13:54:09.900,MO2508-C-7500,1.0,1.0,1.4
2025-08-12,2025-08-12 13:54:19.400,MO2508-C-7500,1.0,1.0,1.4
2025-08-12,2025-08-12 13:54:19.900,MO2508-C-7500,1.0,1.0,1.4
2025-08-12,2025-08-12 13:54:20.400,MO2508-C-7500,1.0,1.0,1.4
2025-08-12,2025-08-12 13:54:20.900,MO2508-C-7500,1.0,1.0,1.4
2025-08-12,2025-08-12 13:54:29.400,MO2508-C-7500,1.0,1.0,1.4
2025-08-12,2025-08-12 13:54:29.900,MO2508-C-7500,1.0,1.0,1.4
2025-08-12,2025-08-12 13:54:39.400,MO2508-C-7500,1.0,1.0,1.4
2025-08-12,2025-08-12 13:54:39.900,MO2508-C-7500,1.0,1.0,1.4
2025-08-12,2025-08-12 13:54:49.400,MO2508-C-7500,1.0,1.0,1.4
2025-08-12,2025-08-12 13:54:49.900,MO2508-C-7500,1.0,1.0,1.4
2025-08-12,2025-08-12 13:54:54.900,MO2508-C-7500,1.0,1.0,1.2
2025-08-12,2025-08-12 13:54:55.400,MO2508-C-7500,1.0,1.0,1.2
2025-08-12,2025-08-12 13:54:55.900,MO2508-C-7500,1.0,1.0,1.2
2025-08-12,2025-08-12 13:54:57.900,MO2508-C-7500,1.0,1.0,1.2
2025-08-12,2025-08-12 13:54:59.400,MO2508-C-7500,1.0,1.0,1.2
2025-08-12,2025-08-12 13:54:59.900,MO2508-C-7500,1.0,1.0,1.2
2025-08-12,2025-08-12 13:55:02.400,MO2508-C-7500,1.0,1.0,1.2
2025-08-12,2025-08-12 13:55:06.400,MO2508-C-7500,1.0,1.0,1.2
2025-08-12,2025-08-12 13:55:08.400,MO2508-C-7500,1.0,1.0,1.2
2025-08-12,2025-08-12 13:55:09.400,MO2508-C-7500,1.0,1.0,1.2
2025-08-12,2025-08-12 13:55:09.900,MO2508-C-7500,1.0,1.0,1.2
2025-08-12,2025-08-12 13:55:14.900,MO2508-C-7500,1.0,1.0,1.2
2025-08-12,2025-08-12 13:55:15.400,MO2508-C-7500,1.0,1.0,1.2
2025-08-12,2025-08-12 13:55:16.400,MO2508-C-7500,1.0,1.0,1.2
2025-08-12,2025-08-12 13:55:19.400,MO2508-C-7500,1.0,1.0,1.2
2025-08-12,2025-08-12 13:55:19.900,MO2508-C-7500,1.0,1.0,1.2
2025-08-12,2025-08-12 13:55:28.900,MO2508-C-7500,1.0,1.0,1.2
2025-08-12,2025-08-12 13:55:29.400,MO2508-C-7500,1.0,1.0,1.2
2025-08-12,2025-08-12 13:55:29.900,MO2508-C-7500,1.0,1.0,1.2
2025-08-12,2025-08-12 13:55:35.400,MO2508-C-7500,1.0,1.0,1.2
2025-08-12,2025-08-12 13:55:39.400,MO2508-C-7500,1.0,1.0,1.2
2025-08-12,2025-08-12 13:55:39.900,MO2508-C-7500,1.0,1.0,1.2
2025-08-12,2025-08-12 13:55:48.900,MO2508-C-7500,1.0,1.0,1.2
2025-08-12,2025-08-12 13:55:49.400,MO2508-C-7500,1.0,1.0,1.2
2025-08-12,2025-08-12 13:55:49.900,MO2508-C-7500,1.0,1.0,1.2
2025-08-12,2025-08-12 13:55:51.400,MO2508-C-7500,1.0,1.0,1.2
2025-08-12,2025-08-12 13:55:51.900,MO2508-C-7500,1.0,1.0,1.2
2025-08-12,2025-08-12 13:55:59.400,MO2508-C-7500,1.0,1.0,1.2
2025-08-12,2025-08-12 13:55:59.900,MO2508-C-7500,1.0,1.0,1.2
2025-08-12,2025-08-12 13:56:09.400,MO2508-C-7500,1.0,1.0,1.2
2025-08-12,2025-08-12 13:56:09.900,MO2508-C-7500,1.0,1.0,1.2
2025-08-12,2025-08-12 13:56:19.400,MO2508-C-7500,1.0,1.0,1.2
2025-08-12,2025-08-12 13:56:19.900,MO2508-C-7500,1.0,1.0,1.2
2025-08-12,2025-08-12 13:56:21.400,MO2508-C-7500,1.0,1.0,1.2
2025-08-12,2025-08-12 13:56:22.400,MO2508-C-7500,1.0,1.0,1.2
2025-08-12,2025-08-12 13:56:29.400,MO2508-C-7500,1.0,1.0,1.2
2025-08-12,2025-08-12 13:56:29.900,MO2508-C-7500,1.0,1.0,1.2
2025-08-12,2025-08-12 13:56:39.400,MO2508-C-7500,1.0,1.0,1.2
2025-08-12,2025-08-12 13:56:39.900,MO2508-C-7500,1.0,1.0,1.2
2025-08-12,2025-08-12 13:56:49.400,MO2508-C-7500,1.0,1.0,1.2
2025-08-12,2025-08-12 13:56:49.900,MO2508-C-7500,1.0,1.0,1.2
2025-08-12,2025-08-12 13:56:59.400,MO2508-C-7500,1.0,1.0,1.2
2025-08-12,2025-08-12 13:56:59.900,MO2508-C-7500,1.0,1.0,1.2
2025-08-12,2025-08-12 13:57:06.400,MO2508-C-7500,1.0,1.0,1.2
2025-08-12,2025-08-12 13:57:08.400,MO2508-C-7500,1.0,1.0,1.2
2025-08-12,2025-08-12 13:57:09.400,MO2508-C-7500,1.0,1.0,1.2
2025-08-12,2025-08-12 13:57:09.900,MO2508-C-7500,1.0,1.0,1.2
2025-08-12,2025-08-12 13:57:10.900,MO2508-C-7500,1.0,1.0,1.2
2025-08-12,2025-08-12 13:57:17.400,MO2508-C-7500,1.0,1.0,1.2
2025-08-12,2025-08-12 13:57:19.400,MO2508-C-7500,1.0,1.0,1.2
2025-08-12,2025-08-12 13:57:19.900,MO2508-C-7500,1.0,1.0,1.2
2025-08-12,2025-08-12 13:57:29.400,MO2508-C-7500,1.0,1.0,1.2
2025-08-12,2025-08-12 13:57:29.900,MO2508-C-7500,1.0,1.0,1.2
2025-08-12,2025-08-12 13:57:39.400,MO2508-C-7500,1.0,1.0,1.2
2025-08-12,2025-08-12 13:57:39.900,MO2508-C-7500,1.0,1.0,1.2
2025-08-12,2025-08-12 13:57:46.900,MO2508-C-7500,1.0,1.0,1.2
2025-08-12,2025-08-12 13:57:49.400,MO2508-C-7500,1.0,1.0,1.2
2025-08-12,2025-08-12 13:57:49.900,MO2508-C-7500,1.0,1.0,1.2
2025-08-12,2025-08-12 13:57:55.400,MO2508-C-7500,1.0,1.0,1.2
2025-08-12,2025-08-12 13:57:59.400,MO2508-C-7500,1.0,1.0,1.2
2025-08-12,2025-08-12 13:57:59.900,MO2508-C-7500,1.0,1.0,1.2
2025-08-12,2025-08-12 13:58:09.400,MO2508-C-7500,1.0,1.0,1.2
2025-08-12,2025-08-12 13:58:09.900,MO2508-C-7500,1.0,1.0,1.2
2025-08-12,2025-08-12 13:58:19.400,MO2508-C-7500,1.0,1.0,1.2
2025-08-12,2025-08-12 13:58:19.900,MO2508-C-7500,1.0,1.0,1.2
2025-08-12,2025-08-12 13:58:29.400,MO2508-C-7500,1.0,1.0,1.2
2025-08-12,2025-08-12 13:58:29.900,MO2508-C-7500,1.0,1.0,1.2
2025-08-12,2025-08-12 13:58:33.900,MO2508-C-7500,1.0,1.0,1.2
2025-08-12,2025-08-12 13:58:39.400,MO2508-C-7500,1.0,1.0,1.2
2025-08-12,2025-08-12 13:58:39.900,MO2508-C-7500,1.0,1.0,1.2
2025-08-12,2025-08-12 13:58:44.400,MO2508-C-7500,1.0,1.0,1.2
2025-08-12,2025-08-12 13:58:49.400,MO2508-C-7500,1.0,1.0,1.2
2025-08-12,2025-08-12 13:58:49.900,MO2508-C-7500,1.0,1.0,1.2
2025-08-12,2025-08-12 13:58:59.400,MO2508-C-7500,1.0,1.0,1.2
2025-08-12,2025-08-12 13:58:59.900,MO2508-C-7500,1.0,1.0,1.2
2025-08-12,2025-08-12 13:59:09.400,MO2508-C-7500,1.0,1.0,1.2
2025-08-12,2025-08-12 13:59:09.900,MO2508-C-7500,1.0,1.0,1.2
2025-08-12,2025-08-12 13:59:19.400,MO2508-C-7500,1.0,1.0,1.2
2025-08-12,2025-08-12 13:59:19.900,MO2508-C-7500,1.0,1.0,1.2
2025-08-12,2025-08-12 13:59:29.400,MO2508-C-7500,1.0,1.0,1.2
2025-08-12,2025-08-12 13:59:29.900,MO2508-C-7500,1.0,1.0,1.2
2025-08-12,2025-08-12 13:59:39.400,MO2508-C-7500,1.0,1.0,1.2
2025-08-12,2025-08-12 13:59:39.900,MO2508-C-7500,1.0,1.0,1.2
2025-08-12,2025-08-12 13:59:49.400,MO2508-C-7500,1.0,1.0,1.2
2025-08-12,2025-08-12 13:59:49.900,MO2508-C-7500,1.0,1.0,1.2
2025-08-12,2025-08-12 13:59:59.400,MO2508-C-7500,1.0,1.0,1.2
2025-08-12,2025-08-12 13:59:59.900,MO2508-C-7500,1.0,1.0,1.2
2025-08-12,2025-08-12 14:00:09.400,MO2508-C-7500,1.0,1.0,1.2
2025-08-12,2025-08-12 14:00:09.900,MO2508-C-7500,1.0,1.0,1.2
2025-08-12,2025-08-12 14:00:19.400,MO2508-C-7500,1.0,1.0,1.2
2025-08-12,2025-08-12 14:00:19.900,MO2508-C-7500,1.0,1.0,1.2
2025-08-12,2025-08-12 14:00:29.400,MO2508-C-7500,1.0,1.0,1.2
2025-08-12,2025-08-12 14:00:29.900,MO2508-C-7500,1.0,1.0,1.2
2025-08-12,2025-08-12 14:00:39.400,MO2508-C-7500,1.0,1.0,1.2
2025-08-12,2025-08-12 14:00:39.900,MO2508-C-7500,1.0,1.0,1.2
2025-08-12,2025-08-12 14:00:49.400,MO2508-C-7500,1.0,1.0,1.2
2025-08-12,2025-08-12 14:00:49.900,MO2508-C-7500,1.0,1.0,1.2
2025-08-12,2025-08-12 14:00:59.400,MO2508-C-7500,1.0,1.0,1.2
2025-08-12,2025-08-12 14:00:59.900,MO2508-C-7500,1.0,1.0,1.2
2025-08-12,2025-08-12 14:01:09.400,MO2508-C-7500,1.0,1.0,1.2
2025-08-12,2025-08-12 14:01:09.900,MO2508-C-7500,1.0,1.0,1.2
2025-08-12,2025-08-12 14:01:19.400,MO2508-C-7500,1.0,1.0,1.2
2025-08-12,2025-08-12 14:01:19.900,MO2508-C-7500,1.0,1.0,1.2
2025-08-12,2025-08-12 14:01:29.400,MO2508-C-7500,1.0,1.0,1.2
2025-08-12,2025-08-12 14:01:29.900,MO2508-C-7500,1.0,1.0,1.2
2025-08-12,2025-08-12 14:01:39.400,MO2508-C-7500,1.0,1.0,1.2
2025-08-12,2025-08-12 14:01:39.900,MO2508-C-7500,1.0,1.0,1.2
2025-08-12,2025-08-12 14:01:42.400,MO2508-C-7500,1.0,1.0,1.2
2025-08-12,2025-08-12 14:01:49.400,MO2508-C-7500,1.0,1.0,1.2
2025-08-12,2025-08-12 14:01:49.900,MO2508-C-7500,1.0,1.0,1.2
2025-08-12,2025-08-12 14:01:59.400,MO2508-C-7500,1.0,1.0,1.2
2025-08-12,2025-08-12 14:01:59.900,MO2508-C-7500,1.0,1.0,1.2
2025-08-12,2025-08-12 14:02:09.400,MO2508-C-7500,1.0,1.0,1.2
2025-08-12,2025-08-12 14:02:09.900,MO2508-C-7500,1.0,1.0,1.2
2025-08-12,2025-08-12 14:02:19.400,MO2508-C-7500,1.0,1.0,1.2
2025-08-12,2025-08-12 14:02:19.900,MO2508-C-7500,1.0,1.0,1.2
2025-08-12,2025-08-12 14:02:29.400,MO2508-C-7500,1.0,1.0,1.2
2025-08-12,2025-08-12 14:02:29.900,MO2508-C-7500,1.0,1.0,1.2
2025-08-12,2025-08-12 14:02:39.400,MO2508-C-7500,1.0,1.0,1.2
2025-08-12,2025-08-12 14:02:39.900,MO2508-C-7500,1.0,1.0,1.2
2025-08-12,2025-08-12 14:02:49.400,MO2508-C-7500,1.0,1.0,1.2
2025-08-12,2025-08-12 14:02:49.900,MO2508-C-7500,1.0,1.0,1.2
2025-08-12,2025-08-12 14:02:59.400,MO2508-C-7500,1.0,1.0,1.2
2025-08-12,2025-08-12 14:02:59.900,MO2508-C-7500,1.0,1.0,1.2
2025-08-12,2025-08-12 14:03:09.400,MO2508-C-7500,1.0,1.0,1.2
2025-08-12,2025-08-12 14:03:09.900,MO2508-C-7500,1.0,1.0,1.2
2025-08-12,2025-08-12 14:03:17.900,MO2508-C-7500,1.0,1.0,1.2
2025-08-12,2025-08-12 14:03:19.400,MO2508-C-7500,1.0,1.0,1.2
2025-08-12,2025-08-12 14:03:19.900,MO2508-C-7500,1.0,1.0,1.2
2025-08-12,2025-08-12 14:03:21.900,MO2508-C-7500,1.0,1.0,1.2
2025-08-12,2025-08-12 14:03:22.400,MO2508-C-7500,1.0,1.0,1.2
2025-08-12,2025-08-12 14:03:22.900,MO2508-C-7500,1.0,1.0,1.2
2025-08-12,2025-08-12 14:03:29.400,MO2508-C-7500,1.0,1.0,1.2
2025-08-12,2025-08-12 14:03:29.900,MO2508-C-7500,1.0,1.0,1.2
2025-08-12,2025-08-12 14:03:39.400,MO2508-C-7500,1.0,1.0,1.2
2025-08-12,2025-08-12 14:03:39.900,MO2508-C-7500,1.0,1.0,1.2
2025-08-12,2025-08-12 14:03:49.400,MO2508-C-7500,1.0,1.0,1.2
2025-08-12,2025-08-12 14:03:49.900,MO2508-C-7500,1.0,1.0,1.2
2025-08-12,2025-08-12 14:03:59.400,MO2508-C-7500,1.0,1.0,1.2
2025-08-12,2025-08-12 14:03:59.900,MO2508-C-7500,1.0,1.0,1.2
2025-08-12,2025-08-12 14:04:09.400,MO2508-C-7500,1.0,1.0,1.2
2025-08-12,2025-08-12 14:04:09.900,MO2508-C-7500,1.0,1.0,1.2
2025-08-12,2025-08-12 14:04:19.400,MO2508-C-7500,1.0,1.0,1.2
2025-08-12,2025-08-12 14:04:19.900,MO2508-C-7500,1.0,1.0,1.2
2025-08-12,2025-08-12 14:04:29.400,MO2508-C-7500,1.0,1.0,1.2
2025-08-12,2025-08-12 14:04:29.900,MO2508-C-7500,1.0,1.0,1.2
2025-08-12,2025-08-12 14:04:39.400,MO2508-C-7500,1.0,1.0,1.2
2025-08-12,2025-08-12 14:04:39.900,MO2508-C-7500,1.0,1.0,1.2
2025-08-12,2025-08-12 14:04:49.400,MO2508-C-7500,1.0,1.0,1.2
2025-08-12,2025-08-12 14:04:49.900,MO2508-C-7500,1.0,1.0,1.2
2025-08-12,2025-08-12 14:04:59.400,MO2508-C-7500,1.0,1.0,1.2
2025-08-12,2025-08-12 14:04:59.900,MO2508-C-7500,1.0,1.0,1.2
2025-08-12,2025-08-12 14:05:03.400,MO2508-C-7500,1.0,1.0,1.2
2025-08-12,2025-08-12 14:05:04.400,MO2508-C-7500,1.0,1.0,1.2
2025-08-12,2025-08-12 14:05:09.400,MO2508-C-7500,1.0,1.0,1.2
2025-08-12,2025-08-12 14:05:09.900,MO2508-C-7500,1.0,1.0,1.2
2025-08-12,2025-08-12 14:05:19.400,MO2508-C-7500,1.0,1.0,1.2
2025-08-12,2025-08-12 14:05:19.900,MO2508-C-7500,1.0,1.0,1.2
2025-08-12,2025-08-12 14:05:29.400,MO2508-C-7500,1.0,1.0,1.2
2025-08-12,2025-08-12 14:05:29.900,MO2508-C-7500,1.0,1.0,1.2
2025-08-12,2025-08-12 14:05:39.400,MO2508-C-7500,1.0,1.0,1.2
2025-08-12,2025-08-12 14:05:39.900,MO2508-C-7500,1.0,1.0,1.2
2025-08-12,2025-08-12 14:05:49.400,MO2508-C-7500,1.0,1.0,1.2
2025-08-12,2025-08-12 14:05:49.900,MO2508-C-7500,1.0,1.0,1.2
2025-08-12,2025-08-12 14:05:59.400,MO2508-C-7500,1.0,1.0,1.2
2025-08-12,2025-08-12 14:05:59.900,MO2508-C-7500,1.0,1.0,1.2
2025-08-12,2025-08-12 14:06:09.400,MO2508-C-7500,1.0,1.0,1.2
2025-08-12,2025-08-12 14:06:09.900,MO2508-C-7500,1.0,1.0,1.2
2025-08-12,2025-08-12 14:06:19.400,MO2508-C-7500,1.0,1.0,1.2
2025-08-12,2025-08-12 14:06:19.900,MO2508-C-7500,1.0,1.0,1.2
2025-08-12,2025-08-12 14:06:29.400,MO2508-C-7500,1.0,1.0,1.2
2025-08-12,2025-08-12 14:06:29.900,MO2508-C-7500,1.0,1.0,1.2
2025-08-12,2025-08-12 14:06:34.400,MO2508-C-7500,1.0,1.0,1.2
2025-08-12,2025-08-12 14:06:35.400,MO2508-C-7500,1.0,1.0,1.2
2025-08-12,2025-08-12 14:06:36.400,MO2508-C-7500,1.0,1.0,1.2
2025-08-12,2025-08-12 14:06:38.400,MO2508-C-7500,1.0,1.0,1.2
2025-08-12,2025-08-12 14:06:39.400,MO2508-C-7500,1.0,1.0,1.2
2025-08-12,2025-08-12 14:06:39.900,MO2508-C-7500,1.0,1.0,1.2
2025-08-12,2025-08-12 14:06:46.400,MO2508-C-7500,1.0,1.0,1.2
2025-08-12,2025-08-12 14:06:46.900,MO2508-C-7500,1.0,1.0,1.2
2025-08-12,2025-08-12 14:06:49.400,MO2508-C-7500,1.0,1.0,1.2
2025-08-12,2025-08-12 14:06:49.900,MO2508-C-7500,1.0,1.0,1.2
2025-08-12,2025-08-12 14:06:53.900,MO2508-C-7500,1.0,1.0,1.2
2025-08-12,2025-08-12 14:06:54.400,MO2508-C-7500,1.0,1.0,1.2
2025-08-12,2025-08-12 14:06:54.900,MO2508-C-7500,1.0,1.0,1.2
2025-08-12,2025-08-12 14:06:55.400,MO2508-C-7500,1.0,1.0,1.2
2025-08-12,2025-08-12 14:06:59.400,MO2508-C-7500,1.0,1.0,1.2
2025-08-12,2025-08-12 14:06:59.900,MO2508-C-7500,1.0,1.0,1.2
2025-08-12,2025-08-12 14:07:00.400,MO2508-C-7500,1.0,1.0,1.2
2025-08-12,2025-08-12 14:07:00.900,MO2508-C-7500,1.0,1.0,1.2
2025-08-12,2025-08-12 14:07:01.400,MO2508-C-7500,1.0,1.0,1.2
2025-08-12,2025-08-12 14:07:09.400,MO2508-C-7500,1.0,1.0,1.2
2025-08-12,2025-08-12 14:07:09.900,MO2508-C-7500,1.0,1.0,1.2
2025-08-12,2025-08-12 14:07:10.400,MO2508-C-7500,1.0,1.0,1.2
2025-08-12,2025-08-12 14:07:10.900,MO2508-C-7500,1.0,1.0,1.2
2025-08-12,2025-08-12 14:07:11.400,MO2508-C-7500,1.0,1.0,1.2
2025-08-12,2025-08-12 14:07:13.900,MO2508-C-7500,1.0,1.0,1.2
2025-08-12,2025-08-12 14:07:14.400,MO2508-C-7500,1.0,1.0,1.2
2025-08-12,2025-08-12 14:07:15.400,MO2508-C-7500,1.0,1.0,1.2
2025-08-12,2025-08-12 14:07:17.900,MO2508-C-7500,1.0,1.0,1.2
2025-08-12,2025-08-12 14:07:19.400,MO2508-C-7500,1.0,1.0,1.2
2025-08-12,2025-08-12 14:07:19.900,MO2508-C-7500,1.0,1.0,1.2
2025-08-12,2025-08-12 14:07:20.400,MO2508-C-7500,1.0,1.0,1.2
2025-08-12,2025-08-12 14:07:21.400,MO2508-C-7500,1.0,1.0,1.2
2025-08-12,2025-08-12 14:07:26.400,MO2508-C-7500,1.0,1.0,1.2
2025-08-12,2025-08-12 14:07:27.400,MO2508-C-7500,1.0,1.0,1.2
2025-08-12,2025-08-12 14:07:27.900,MO2508-C-7500,1.0,1.0,1.2
2025-08-12,2025-08-12 14:07:28.400,MO2508-C-7500,1.0,1.0,1.2
2025-08-12,2025-08-12 14:07:28.900,MO2508-C-7500,1.0,1.0,1.2
2025-08-12,2025-08-12 14:07:29.400,MO2508-C-7500,1.0,1.0,1.2
2025-08-12,2025-08-12 14:07:29.900,MO2508-C-7500,1.0,1.0,1.2
2025-08-12,2025-08-12 14:07:34.900,MO2508-C-7500,1.0,1.0,1.2
2025-08-12,2025-08-12 14:07:35.400,MO2508-C-7500,1.0,1.0,1.2
2025-08-12,2025-08-12 14:07:35.900,MO2508-C-7500,1.0,1.0,1.2
2025-08-12,2025-08-12 14:07:36.400,MO2508-C-7500,1.0,1.0,1.2
2025-08-12,2025-08-12 14:07:36.900,MO2508-C-7500,1.0,1.0,1.2
2025-08-12,2025-08-12 14:07:37.400,MO2508-C-7500,1.0,1.0,1.2
2025-08-12,2025-08-12 14:07:38.400,MO2508-C-7500,1.0,1.0,1.2
2025-08-12,2025-08-12 14:07:39.400,MO2508-C-7500,1.0,1.0,1.2
2025-08-12,2025-08-12 14:07:39.900,MO2508-C-7500,1.0,1.0,1.2
2025-08-12,2025-08-12 14:07:40.400,MO2508-C-7500,1.0,1.0,1.2
2025-08-12,2025-08-12 14:07:47.900,MO2508-C-7500,1.0,1.0,1.2
2025-08-12,2025-08-12 14:07:48.400,MO2508-C-7500,1.0,1.0,1.2
2025-08-12,2025-08-12 14:07:49.400,MO2508-C-7500,1.0,1.0,1.2
2025-08-12,2025-08-12 14:07:49.900,MO2508-C-7500,1.0,1.0,1.2
2025-08-12,2025-08-12 14:07:50.400,MO2508-C-7500,1.0,1.0,1.2
2025-08-12,2025-08-12 14:07:50.900,MO2508-C-7500,1.0,1.0,1.2
2025-08-12,2025-08-12 14:07:58.900,MO2508-C-7500,1.0,1.0,1.2
2025-08-12,2025-08-12 14:07:59.400,MO2508-C-7500,1.0,1.0,1.2
2025-08-12,2025-08-12 14:07:59.900,MO2508-C-7500,1.0,1.0,1.2
2025-08-12,2025-08-12 14:08:00.400,MO2508-C-7500,1.0,1.0,1.2
2025-08-12,2025-08-12 14:08:02.400,MO2508-C-7500,1.0,1.0,1.2
2025-08-12,2025-08-12 14:08:05.400,MO2508-C-7500,1.0,1.0,1.2
2025-08-12,2025-08-12 14:08:07.400,MO2508-C-7500,1.0,1.0,1.2
2025-08-12,2025-08-12 14:08:09.400,MO2508-C-7500,1.0,1.0,1.2
2025-08-12,2025-08-12 14:08:09.900,MO2508-C-7500,1.0,1.0,1.2
2025-08-12,2025-08-12 14:08:19.400,MO2508-C-7500,1.0,1.0,1.2
2025-08-12,2025-08-12 14:08:19.900,MO2508-C-7500,1.0,1.0,1.2
2025-08-12,2025-08-12 14:08:24.400,MO2508-C-7500,1.0,1.0,1.2
2025-08-12,2025-08-12 14:08:27.400,MO2508-C-7500,1.0,1.0,1.2
2025-08-12,2025-08-12 14:08:29.400,MO2508-C-7500,1.0,1.0,1.2
2025-08-12,2025-08-12 14:08:29.900,MO2508-C-7500,1.0,1.0,1.2
2025-08-12,2025-08-12 14:08:39.400,MO2508-C-7500,1.0,1.0,1.2
2025-08-12,2025-08-12 14:08:39.900,MO2508-C-7500,1.0,1.0,1.2
2025-08-12,2025-08-12 14:08:49.400,MO2508-C-7500,1.0,1.0,1.2
2025-08-12,2025-08-12 14:08:49.900,MO2508-C-7500,1.0,1.0,1.2
2025-08-12,2025-08-12 14:08:59.400,MO2508-C-7500,1.0,1.0,1.2
2025-08-12,2025-08-12 14:08:59.900,MO2508-C-7500,1.0,1.0,1.2
2025-08-12,2025-08-12 14:09:09.400,MO2508-C-7500,1.0,1.0,1.2
2025-08-12,2025-08-12 14:09:09.900,MO2508-C-7500,1.0,1.0,1.2
2025-08-12,2025-08-12 14:09:19.400,MO2508-C-7500,1.0,1.0,1.2
2025-08-12,2025-08-12 14:09:19.900,MO2508-C-7500,1.0,1.0,1.2
2025-08-12,2025-08-12 14:09:29.400,MO2508-C-7500,1.0,1.0,1.2
2025-08-12,2025-08-12 14:09:29.900,MO2508-C-7500,1.0,1.0,1.2
2025-08-12,2025-08-12 14:09:39.400,MO2508-C-7500,1.0,1.0,1.2
2025-08-12,2025-08-12 14:09:39.900,MO2508-C-7500,1.0,1.0,1.2
2025-08-12,2025-08-12 14:09:49.400,MO2508-C-7500,1.0,1.0,1.2
2025-08-12,2025-08-12 14:09:49.900,MO2508-C-7500,1.0,1.0,1.2
2025-08-12,2025-08-12 14:09:59.400,MO2508-C-7500,1.0,1.0,1.2
2025-08-12,2025-08-12 14:09:59.900,MO2508-C-7500,1.0,1.0,1.2
2025-08-12,2025-08-12 14:10:09.400,MO2508-C-7500,1.0,1.0,1.2
2025-08-12,2025-08-12 14:10:09.900,MO2508-C-7500,1.0,1.0,1.2
2025-08-12,2025-08-12 14:10:10.900,MO2508-C-7500,1.0,1.0,1.2
2025-08-12,2025-08-12 14:10:11.400,MO2508-C-7500,1.0,1.0,1.2
2025-08-12,2025-08-12 14:10:19.400,MO2508-C-7500,1.0,1.0,1.2
2025-08-12,2025-08-12 14:10:19.900,MO2508-C-7500,1.0,1.0,1.2
2025-08-12,2025-08-12 14:10:29.400,MO2508-C-7500,1.0,1.0,1.2
2025-08-12,2025-08-12 14:10:29.900,MO2508-C-7500,1.0,1.0,1.2
2025-08-12,2025-08-12 14:10:39.400,MO2508-C-7500,1.0,1.0,1.2
2025-08-12,2025-08-12 14:10:39.900,MO2508-C-7500,1.0,1.0,1.2
2025-08-12,2025-08-12 14:10:49.400,MO2508-C-7500,1.0,1.0,1.2
2025-08-12,2025-08-12 14:10:49.900,MO2508-C-7500,1.0,1.0,1.2
2025-08-12,2025-08-12 14:10:59.400,MO2508-C-7500,1.0,1.0,1.2
2025-08-12,2025-08-12 14:10:59.900,MO2508-C-7500,1.0,1.0,1.2
2025-08-12,2025-08-12 14:11:09.400,MO2508-C-7500,1.0,1.0,1.2
2025-08-12,2025-08-12 14:11:09.900,MO2508-C-7500,1.0,1.0,1.2
2025-08-12,2025-08-12 14:11:19.400,MO2508-C-7500,1.0,1.0,1.2
2025-08-12,2025-08-12 14:11:19.900,MO2508-C-7500,1.0,1.0,1.2
2025-08-12,2025-08-12 14:11:29.400,MO2508-C-7500,1.0,1.0,1.2
2025-08-12,2025-08-12 14:11:29.900,MO2508-C-7500,1.0,1.0,1.2
2025-08-12,2025-08-12 14:11:31.400,MO2508-C-7500,1.0,1.0,1.2
2025-08-12,2025-08-12 14:11:31.900,MO2508-C-7500,1.0,1.0,1.2
2025-08-12,2025-08-12 14:11:37.400,MO2508-C-7500,1.0,1.0,1.2
2025-08-12,2025-08-12 14:11:39.400,MO2508-C-7500,1.0,1.0,1.2
2025-08-12,2025-08-12 14:11:39.900,MO2508-C-7500,1.0,1.0,1.2
2025-08-12,2025-08-12 14:11:49.400,MO2508-C-7500,1.0,1.0,1.2
2025-08-12,2025-08-12 14:11:49.900,MO2508-C-7500,1.0,1.0,1.2
2025-08-12,2025-08-12 14:11:54.900,MO2508-C-7500,1.0,1.0,1.2
2025-08-12,2025-08-12 14:11:59.400,MO2508-C-7500,1.0,1.0,1.2
2025-08-12,2025-08-12 14:11:59.900,MO2508-C-7500,1.0,1.0,1.2
2025-08-12,2025-08-12 14:12:09.400,MO2508-C-7500,1.0,1.0,1.2
2025-08-12,2025-08-12 14:12:09.900,MO2508-C-7500,1.0,1.0,1.2
2025-08-12,2025-08-12 14:12:19.400,MO2508-C-7500,1.0,1.0,1.2
2025-08-12,2025-08-12 14:12:19.900,MO2508-C-7500,1.0,1.0,1.2
2025-08-12,2025-08-12 14:12:29.400,MO2508-C-7500,1.0,1.0,1.2
2025-08-12,2025-08-12 14:12:29.900,MO2508-C-7500,1.0,1.0,1.2
2025-08-12,2025-08-12 14:12:37.400,MO2508-C-7500,1.0,1.0,1.2
2025-08-12,2025-08-12 14:12:37.900,MO2508-C-7500,1.0,1.0,1.2
2025-08-12,2025-08-12 14:12:39.400,MO2508-C-7500,1.0,1.0,1.2
2025-08-12,2025-08-12 14:12:39.900,MO2508-C-7500,1.0,1.0,1.2
2025-08-12,2025-08-12 14:12:49.400,MO2508-C-7500,1.0,1.0,1.2
2025-08-12,2025-08-12 14:12:49.900,MO2508-C-7500,1.0,1.0,1.2
2025-08-12,2025-08-12 14:12:50.400,MO2508-C-7500,1.0,1.0,1.2
2025-08-12,2025-08-12 14:12:59.400,MO2508-C-7500,1.0,1.0,1.2
2025-08-12,2025-08-12 14:12:59.900,MO2508-C-7500,1.0,1.0,1.2
2025-08-12,2025-08-12 14:13:09.400,MO2508-C-7500,1.0,1.0,1.2
2025-08-12,2025-08-12 14:13:09.900,MO2508-C-7500,1.0,1.0,1.2
2025-08-12,2025-08-12 14:13:19.400,MO2508-C-7500,1.0,1.0,1.2
2025-08-12,2025-08-12 14:13:19.900,MO2508-C-7500,1.0,1.0,1.2
2025-08-12,2025-08-12 14:13:29.400,MO2508-C-7500,1.0,1.0,1.2
2025-08-12,2025-08-12 14:13:29.900,MO2508-C-7500,1.0,1.0,1.2
2025-08-12,2025-08-12 14:13:39.400,MO2508-C-7500,1.0,1.0,1.2
2025-08-12,2025-08-12 14:13:39.900,MO2508-C-7500,1.0,1.0,1.2
2025-08-12,2025-08-12 14:13:49.400,MO2508-C-7500,1.0,1.0,1.2
2025-08-12,2025-08-12 14:13:49.900,MO2508-C-7500,1.0,1.0,1.2
2025-08-12,2025-08-12 14:13:59.400,MO2508-C-7500,1.0,1.0,1.2
2025-08-12,2025-08-12 14:13:59.900,MO2508-C-7500,1.0,1.0,1.2
2025-08-12,2025-08-12 14:14:07.400,MO2508-C-7500,1.0,1.0,1.2
2025-08-12,2025-08-12 14:14:09.400,MO2508-C-7500,1.0,1.0,1.2
2025-08-12,2025-08-12 14:14:09.900,MO2508-C-7500,1.0,1.0,1.2
2025-08-12,2025-08-12 14:14:19.400,MO2508-C-7500,1.0,1.0,1.2
2025-08-12,2025-08-12 14:14:19.900,MO2508-C-7500,1.0,1.0,1.2
2025-08-12,2025-08-12 14:14:22.900,MO2508-C-7500,1.0,1.0,1.2
2025-08-12,2025-08-12 14:14:29.400,MO2508-C-7500,1.0,1.0,1.2
2025-08-12,2025-08-12 14:14:29.900,MO2508-C-7500,1.0,1.0,1.2
2025-08-12,2025-08-12 14:14:33.400,MO2508-C-7500,1.0,1.0,1.2
2025-08-12,2025-08-12 14:14:39.400,MO2508-C-7500,1.0,1.0,1.2
2025-08-12,2025-08-12 14:14:39.900,MO2508-C-7500,1.0,1.0,1.2
2025-08-12,2025-08-12 14:14:48.400,MO2508-C-7500,1.0,1.0,1.2
2025-08-12,2025-08-12 14:14:49.400,MO2508-C-7500,1.0,1.0,1.2
2025-08-12,2025-08-12 14:14:49.900,MO2508-C-7500,1.0,1.0,1.2
2025-08-12,2025-08-12 14:14:50.400,MO2508-C-7500,1.0,1.0,1.2
2025-08-12,2025-08-12 14:14:50.900,MO2508-C-7500,1.0,1.0,1.2
2025-08-12,2025-08-12 14:14:59.400,MO2508-C-7500,1.0,1.0,1.2
2025-08-12,2025-08-12 14:14:59.900,MO2508-C-7500,1.0,1.0,1.2
2025-08-12,2025-08-12 14:15:00.400,MO2508-C-7500,1.0,1.0,1.2
2025-08-12,2025-08-12 14:15:09.400,MO2508-C-7500,1.0,1.0,1.2
2025-08-12,2025-08-12 14:15:09.900,MO2508-C-7500,1.0,1.0,1.2
2025-08-12,2025-08-12 14:15:11.400,MO2508-C-7500,1.0,1.0,1.2
2025-08-12,2025-08-12 14:15:11.900,MO2508-C-7500,1.0,1.0,1.2
2025-08-12,2025-08-12 14:15:19.400,MO2508-C-7500,1.0,1.0,1.2
2025-08-12,2025-08-12 14:15:19.900,MO2508-C-7500,1.0,1.0,1.2
2025-08-12,2025-08-12 14:15:29.400,MO2508-C-7500,1.0,1.0,1.2
2025-08-12,2025-08-12 14:15:29.900,MO2508-C-7500,1.0,1.0,1.2
2025-08-12,2025-08-12 14:15:35.400,MO2508-C-7500,1.0,1.0,1.2
2025-08-12,2025-08-12 14:15:39.400,MO2508-C-7500,1.0,1.0,1.2
2025-08-12,2025-08-12 14:15:39.900,MO2508-C-7500,1.0,1.0,1.2
2025-08-12,2025-08-12 14:15:42.400,MO2508-C-7500,1.0,1.0,1.2
2025-08-12,2025-08-12 14:15:45.900,MO2508-C-7500,1.0,1.0,1.2
2025-08-12,2025-08-12 14:15:46.400,MO2508-C-7500,1.0,1.0,1.2
2025-08-12,2025-08-12 14:15:46.900,MO2508-C-7500,1.0,1.0,1.2
2025-08-12,2025-08-12 14:15:47.400,MO2508-C-7500,1.0,1.0,1.2
2025-08-12,2025-08-12 14:15:47.900,MO2508-C-7500,1.0,1.0,1.2
2025-08-12,2025-08-12 14:15:49.400,MO2508-C-7500,1.0,1.0,1.2
2025-08-12,2025-08-12 14:15:49.900,MO2508-C-7500,1.0,1.0,1.2
2025-08-12,2025-08-12 14:15:50.400,MO2508-C-7500,1.0,0.8,1.2
2025-08-12,2025-08-12 14:15:50.900,MO2508-C-7500,1.0,0.8,1.2
2025-08-12,2025-08-12 14:15:56.400,MO2508-C-7500,1.0,0.8,1.2
2025-08-12,2025-08-12 14:15:59.400,MO2508-C-7500,1.0,0.8,1.2
2025-08-12,2025-08-12 14:15:59.900,MO2508-C-7500,1.0,0.8,1.2
2025-08-12,2025-08-12 14:16:09.400,MO2508-C-7500,1.0,0.8,1.2
2025-08-12,2025-08-12 14:16:09.900,MO2508-C-7500,1.0,0.8,1.2
2025-08-12,2025-08-12 14:16:14.400,MO2508-C-7500,1.0,0.8,1.2
2025-08-12,2025-08-12 14:16:19.400,MO2508-C-7500,1.0,0.8,1.2
2025-08-12,2025-08-12 14:16:19.900,MO2508-C-7500,1.0,0.8,1.2
2025-08-12,2025-08-12 14:16:29.400,MO2508-C-7500,1.0,0.8,1.2
2025-08-12,2025-08-12 14:16:29.900,MO2508-C-7500,1.0,0.8,1.2
2025-08-12,2025-08-12 14:16:35.400,MO2508-C-7500,1.0,0.8,1.2
2025-08-12,2025-08-12 14:16:35.900,MO2508-C-7500,1.0,0.8,1.2
2025-08-12,2025-08-12 14:16:36.400,MO2508-C-7500,1.0,0.8,1.2
2025-08-12,2025-08-12 14:16:36.900,MO2508-C-7500,1.0,0.8,1.2
2025-08-12,2025-08-12 14:16:37.900,MO2508-C-7500,1.0,0.8,1.2
2025-08-12,2025-08-12 14:16:39.400,MO2508-C-7500,1.0,0.8,1.2
2025-08-12,2025-08-12 14:16:39.900,MO2508-C-7500,1.0,0.8,1.2
2025-08-12,2025-08-12 14:16:44.400,MO2508-C-7500,1.0,0.8,1.2
2025-08-12,2025-08-12 14:16:46.400,MO2508-C-7500,1.0,0.8,1.2
2025-08-12,2025-08-12 14:16:47.400,MO2508-C-7500,1.0,0.8,1.2
2025-08-12,2025-08-12 14:16:49.400,MO2508-C-7500,1.0,0.8,1.2
2025-08-12,2025-08-12 14:16:49.900,MO2508-C-7500,1.0,0.8,1.2
2025-08-12,2025-08-12 14:16:59.400,MO2508-C-7500,1.0,0.8,1.2
2025-08-12,2025-08-12 14:16:59.900,MO2508-C-7500,1.0,0.8,1.2
2025-08-12,2025-08-12 14:17:09.400,MO2508-C-7500,1.0,0.8,1.2
2025-08-12,2025-08-12 14:17:09.900,MO2508-C-7500,1.0,0.8,1.2
2025-08-12,2025-08-12 14:17:10.900,MO2508-C-7500,1.0,0.8,1.2
2025-08-12,2025-08-12 14:17:12.900,MO2508-C-7500,1.0,0.8,1.2
2025-08-12,2025-08-12 14:17:13.400,MO2508-C-7500,1.0,0.8,1.2
2025-08-12,2025-08-12 14:17:14.400,MO2508-C-7500,1.0,0.8,1.2
2025-08-12,2025-08-12 14:17:14.900,MO2508-C-7500,1.0,0.8,1.2
2025-08-12,2025-08-12 14:17:15.900,MO2508-C-7500,1.0,0.8,1.2
2025-08-12,2025-08-12 14:17:19.400,MO2508-C-7500,1.0,0.8,1.2
2025-08-12,2025-08-12 14:17:19.900,MO2508-C-7500,1.0,0.8,1.2
2025-08-12,2025-08-12 14:17:28.400,MO2508-C-7500,1.0,0.8,1.2
2025-08-12,2025-08-12 14:17:29.400,MO2508-C-7500,1.0,0.8,1.2
2025-08-12,2025-08-12 14:17:29.900,MO2508-C-7500,1.0,0.8,1.2
2025-08-12,2025-08-12 14:17:35.400,MO2508-C-7500,1.0,0.8,1.2
2025-08-12,2025-08-12 14:17:37.900,MO2508-C-7500,1.0,0.8,1.2
2025-08-12,2025-08-12 14:17:38.400,MO2508-C-7500,1.0,0.8,1.2
2025-08-12,2025-08-12 14:17:39.400,MO2508-C-7500,1.0,0.8,1.2
2025-08-12,2025-08-12 14:17:39.900,MO2508-C-7500,1.0,0.8,1.2
2025-08-12,2025-08-12 14:17:45.900,MO2508-C-7500,1.0,0.8,1.2
2025-08-12,2025-08-12 14:17:49.400,MO2508-C-7500,1.0,0.8,1.2
2025-08-12,2025-08-12 14:17:49.900,MO2508-C-7500,1.0,0.8,1.2
2025-08-12,2025-08-12 14:17:50.400,MO2508-C-7500,1.0,0.8,1.0
2025-08-12,2025-08-12 14:17:50.900,MO2508-C-7500,1.0,0.8,1.0
2025-08-12,2025-08-12 14:17:51.400,MO2508-C-7500,1.0,0.8,1.0
2025-08-12,2025-08-12 14:17:51.900,MO2508-C-7500,1.0,0.8,1.0
2025-08-12,2025-08-12 14:17:53.900,MO2508-C-7500,1.0,0.8,1.0
2025-08-12,2025-08-12 14:17:54.400,MO2508-C-7500,1.0,0.8,1.0
2025-08-12,2025-08-12 14:17:54.900,MO2508-C-7500,1.0,0.8,1.0
2025-08-12,2025-08-12 14:17:56.400,MO2508-C-7500,1.0,0.8,1.0
2025-08-12,2025-08-12 14:17:56.900,MO2508-C-7500,1.0,0.8,1.0
2025-08-12,2025-08-12 14:17:59.400,MO2508-C-7500,1.0,0.8,1.0
2025-08-12,2025-08-12 14:17:59.900,MO2508-C-7500,1.0,0.8,1.0
2025-08-12,2025-08-12 14:18:00.400,MO2508-C-7500,1.0,0.8,1.0
2025-08-12,2025-08-12 14:18:09.400,MO2508-C-7500,1.0,0.8,1.0
2025-08-12,2025-08-12 14:18:09.900,MO2508-C-7500,1.0,0.8,1.0
2025-08-12,2025-08-12 14:18:10.400,MO2508-C-7500,1.0,0.8,1.0
2025-08-12,2025-08-12 14:18:19.400,MO2508-C-7500,1.0,0.8,1.0
2025-08-12,2025-08-12 14:18:19.900,MO2508-C-7500,1.0,0.8,1.0
2025-08-12,2025-08-12 14:18:20.400,MO2508-C-7500,1.0,0.8,1.0
2025-08-12,2025-08-12 14:18:29.400,MO2508-C-7500,1.0,0.8,1.0
2025-08-12,2025-08-12 14:18:29.900,MO2508-C-7500,1.0,0.8,1.0
2025-08-12,2025-08-12 14:18:30.400,MO2508-C-7500,1.0,0.8,1.0
2025-08-12,2025-08-12 14:18:35.900,MO2508-C-7500,1.0,0.8,1.0
2025-08-12,2025-08-12 14:18:39.400,MO2508-C-7500,1.0,0.8,1.0
2025-08-12,2025-08-12 14:18:39.900,MO2508-C-7500,1.0,0.8,1.0
2025-08-12,2025-08-12 14:18:49.400,MO2508-C-7500,1.0,0.8,1.0
2025-08-12,2025-08-12 14:18:49.900,MO2508-C-7500,1.0,0.8,1.0
2025-08-12,2025-08-12 14:18:59.400,MO2508-C-7500,1.0,0.8,1.0
2025-08-12,2025-08-12 14:18:59.900,MO2508-C-7500,1.0,0.8,1.0
2025-08-12,2025-08-12 14:19:09.400,MO2508-C-7500,1.0,0.8,1.0
2025-08-12,2025-08-12 14:19:09.900,MO2508-C-7500,1.0,0.8,1.0
2025-08-12,2025-08-12 14:19:19.400,MO2508-C-7500,1.0,0.8,1.0
2025-08-12,2025-08-12 14:19:19.900,MO2508-C-7500,1.0,0.8,1.0
2025-08-12,2025-08-12 14:19:29.400,MO2508-C-7500,1.0,0.8,1.0
2025-08-12,2025-08-12 14:19:29.900,MO2508-C-7500,1.0,0.8,1.0
2025-08-12,2025-08-12 14:19:39.400,MO2508-C-7500,1.0,0.8,1.0
2025-08-12,2025-08-12 14:19:39.900,MO2508-C-7500,1.0,0.8,1.0
2025-08-12,2025-08-12 14:19:49.400,MO2508-C-7500,1.0,0.8,1.0
2025-08-12,2025-08-12 14:19:49.900,MO2508-C-7500,1.0,0.8,1.0
2025-08-12,2025-08-12 14:19:54.900,MO2508-C-7500,1.0,0.8,1.0
2025-08-12,2025-08-12 14:19:55.400,MO2508-C-7500,1.0,0.8,1.0
2025-08-12,2025-08-12 14:19:59.400,MO2508-C-7500,1.0,0.8,1.0
2025-08-12,2025-08-12 14:19:59.900,MO2508-C-7500,1.0,0.8,1.0
2025-08-12,2025-08-12 14:20:09.400,MO2508-C-7500,1.0,0.8,1.0
2025-08-12,2025-08-12 14:20:09.900,MO2508-C-7500,1.0,0.8,1.0
2025-08-12,2025-08-12 14:20:10.900,MO2508-C-7500,1.0,0.8,1.0
2025-08-12,2025-08-12 14:20:19.400,MO2508-C-7500,1.0,0.8,1.0
2025-08-12,2025-08-12 14:20:19.900,MO2508-C-7500,1.0,0.8,1.0
2025-08-12,2025-08-12 14:20:23.900,MO2508-C-7500,1.0,0.8,1.0
2025-08-12,2025-08-12 14:20:24.400,MO2508-C-7500,1.0,0.8,1.0
2025-08-12,2025-08-12 14:20:26.400,MO2508-C-7500,1.0,0.8,1.0
2025-08-12,2025-08-12 14:20:29.400,MO2508-C-7500,1.0,0.8,1.0
2025-08-12,2025-08-12 14:20:29.900,MO2508-C-7500,1.0,0.8,1.0
2025-08-12,2025-08-12 14:20:36.400,MO2508-C-7500,1.0,0.8,1.0
2025-08-12,2025-08-12 14:20:39.400,MO2508-C-7500,1.0,0.8,1.0
2025-08-12,2025-08-12 14:20:39.900,MO2508-C-7500,1.0,0.8,1.0
2025-08-12,2025-08-12 14:20:40.400,MO2508-C-7500,1.0,0.8,1.0
2025-08-12,2025-08-12 14:20:49.400,MO2508-C-7500,1.0,0.8,1.0
2025-08-12,2025-08-12 14:20:49.900,MO2508-C-7500,1.0,0.8,1.0
2025-08-12,2025-08-12 14:20:50.400,MO2508-C-7500,1.0,0.8,1.0
2025-08-12,2025-08-12 14:20:59.400,MO2508-C-7500,1.0,0.8,1.0
2025-08-12,2025-08-12 14:20:59.900,MO2508-C-7500,1.0,0.8,1.0
2025-08-12,2025-08-12 14:21:00.400,MO2508-C-7500,1.0,0.8,1.0
2025-08-12,2025-08-12 14:21:09.400,MO2508-C-7500,1.0,0.8,1.0
2025-08-12,2025-08-12 14:21:09.900,MO2508-C-7500,1.0,0.8,1.0
2025-08-12,2025-08-12 14:21:10.400,MO2508-C-7500,1.0,0.8,1.0
2025-08-12,2025-08-12 14:21:19.400,MO2508-C-7500,1.0,0.8,1.0
2025-08-12,2025-08-12 14:21:19.900,MO2508-C-7500,1.0,0.8,1.0
2025-08-12,2025-08-12 14:21:20.400,MO2508-C-7500,1.0,0.8,1.0
2025-08-12,2025-08-12 14:21:29.400,MO2508-C-7500,1.0,0.8,1.0
2025-08-12,2025-08-12 14:21:29.900,MO2508-C-7500,1.0,0.8,1.0
2025-08-12,2025-08-12 14:21:30.400,MO2508-C-7500,1.0,0.8,1.0
2025-08-12,2025-08-12 14:21:39.400,MO2508-C-7500,1.0,0.8,1.0
2025-08-12,2025-08-12 14:21:39.900,MO2508-C-7500,1.0,0.8,1.0
2025-08-12,2025-08-12 14:21:40.400,MO2508-C-7500,1.0,0.8,1.0
2025-08-12,2025-08-12 14:21:49.400,MO2508-C-7500,1.0,0.8,1.0
2025-08-12,2025-08-12 14:21:49.900,MO2508-C-7500,1.0,0.8,1.0
2025-08-12,2025-08-12 14:21:50.400,MO2508-C-7500,1.0,0.8,1.0
2025-08-12,2025-08-12 14:21:59.400,MO2508-C-7500,1.0,0.8,1.0
2025-08-12,2025-08-12 14:21:59.900,MO2508-C-7500,1.0,0.8,1.0
2025-08-12,2025-08-12 14:22:00.400,MO2508-C-7500,1.0,0.8,1.0
2025-08-12,2025-08-12 14:22:09.400,MO2508-C-7500,1.0,0.8,1.0
2025-08-12,2025-08-12 14:22:09.900,MO2508-C-7500,1.0,0.8,1.0
2025-08-12,2025-08-12 14:22:10.400,MO2508-C-7500,1.0,0.8,1.0
2025-08-12,2025-08-12 14:22:19.400,MO2508-C-7500,1.0,0.8,1.0
2025-08-12,2025-08-12 14:22:19.900,MO2508-C-7500,1.0,0.8,1.0
2025-08-12,2025-08-12 14:22:20.400,MO2508-C-7500,1.0,0.8,1.0
2025-08-12,2025-08-12 14:22:22.900,MO2508-C-7500,1.0,0.8,1.0
2025-08-12,2025-08-12 14:22:29.400,MO2508-C-7500,1.0,0.8,1.0
2025-08-12,2025-08-12 14:22:29.900,MO2508-C-7500,1.0,0.8,1.0
2025-08-12,2025-08-12 14:22:39.400,MO2508-C-7500,1.0,0.8,1.0
2025-08-12,2025-08-12 14:22:39.900,MO2508-C-7500,1.0,0.8,1.0
2025-08-12,2025-08-12 14:22:49.400,MO2508-C-7500,1.0,0.8,1.0
2025-08-12,2025-08-12 14:22:49.900,MO2508-C-7500,1.0,0.8,1.0
2025-08-12,2025-08-12 14:22:55.400,MO2508-C-7500,1.0,0.8,1.0
2025-08-12,2025-08-12 14:22:59.400,MO2508-C-7500,1.0,0.8,1.0
2025-08-12,2025-08-12 14:22:59.900,MO2508-C-7500,1.0,0.8,1.0
2025-08-12,2025-08-12 14:23:00.400,MO2508-C-7500,1.0,0.8,1.0
2025-08-12,2025-08-12 14:23:09.400,MO2508-C-7500,1.0,0.8,1.0
2025-08-12,2025-08-12 14:23:09.900,MO2508-C-7500,1.0,0.8,1.0
2025-08-12,2025-08-12 14:23:10.400,MO2508-C-7500,1.0,0.8,1.0
2025-08-12,2025-08-12 14:23:19.400,MO2508-C-7500,1.0,0.8,1.0
2025-08-12,2025-08-12 14:23:19.900,MO2508-C-7500,1.0,0.8,1.0
2025-08-12,2025-08-12 14:23:20.400,MO2508-C-7500,1.0,0.8,1.0
2025-08-12,2025-08-12 14:23:29.400,MO2508-C-7500,1.0,0.8,1.0
2025-08-12,2025-08-12 14:23:29.900,MO2508-C-7500,1.0,0.8,1.0
2025-08-12,2025-08-12 14:23:30.400,MO2508-C-7500,1.0,0.8,1.0
2025-08-12,2025-08-12 14:23:39.400,MO2508-C-7500,1.0,0.8,1.0
2025-08-12,2025-08-12 14:23:39.900,MO2508-C-7500,1.0,0.8,1.0
2025-08-12,2025-08-12 14:23:40.400,MO2508-C-7500,1.0,0.8,1.0
2025-08-12,2025-08-12 14:23:49.400,MO2508-C-7500,1.0,0.8,1.0
2025-08-12,2025-08-12 14:23:49.900,MO2508-C-7500,1.0,0.8,1.0
2025-08-12,2025-08-12 14:23:50.400,MO2508-C-7500,1.0,0.8,1.0
2025-08-12,2025-08-12 14:23:59.400,MO2508-C-7500,1.0,0.8,1.0
2025-08-12,2025-08-12 14:23:59.900,MO2508-C-7500,1.0,0.8,1.0
2025-08-12,2025-08-12 14:24:00.400,MO2508-C-7500,1.0,0.8,1.0
2025-08-12,2025-08-12 14:24:09.400,MO2508-C-7500,1.0,0.8,1.0
2025-08-12,2025-08-12 14:24:09.900,MO2508-C-7500,1.0,0.8,1.0
2025-08-12,2025-08-12 14:24:10.400,MO2508-C-7500,1.0,0.8,1.0
2025-08-12,2025-08-12 14:24:19.400,MO2508-C-7500,1.0,0.8,1.0
2025-08-12,2025-08-12 14:24:19.900,MO2508-C-7500,1.0,0.8,1.0
2025-08-12,2025-08-12 14:24:20.400,MO2508-C-7500,1.0,0.8,1.0
2025-08-12,2025-08-12 14:24:29.400,MO2508-C-7500,1.0,0.8,1.0
2025-08-12,2025-08-12 14:24:29.900,MO2508-C-7500,1.0,0.8,1.0
2025-08-12,2025-08-12 14:24:30.400,MO2508-C-7500,1.0,0.8,1.0
2025-08-12,2025-08-12 14:24:39.400,MO2508-C-7500,1.0,0.8,1.0
2025-08-12,2025-08-12 14:24:39.900,MO2508-C-7500,1.0,0.8,1.0
2025-08-12,2025-08-12 14:24:40.400,MO2508-C-7500,1.0,0.8,1.0
2025-08-12,2025-08-12 14:24:49.400,MO2508-C-7500,1.0,0.8,1.0
2025-08-12,2025-08-12 14:24:49.900,MO2508-C-7500,1.0,0.8,1.0
2025-08-12,2025-08-12 14:24:50.400,MO2508-C-7500,1.0,0.8,1.0
2025-08-12,2025-08-12 14:24:59.400,MO2508-C-7500,1.0,0.8,1.0
2025-08-12,2025-08-12 14:24:59.900,MO2508-C-7500,1.0,0.8,1.0
2025-08-12,2025-08-12 14:25:00.400,MO2508-C-7500,1.0,0.8,1.0
2025-08-12,2025-08-12 14:25:02.400,MO2508-C-7500,1.0,0.8,1.0
2025-08-12,2025-08-12 14:25:09.400,MO2508-C-7500,1.0,0.8,1.0
2025-08-12,2025-08-12 14:25:09.900,MO2508-C-7500,1.0,0.8,1.0
2025-08-12,2025-08-12 14:25:19.400,MO2508-C-7500,1.0,0.8,1.0
2025-08-12,2025-08-12 14:25:19.900,MO2508-C-7500,1.0,0.8,1.0
2025-08-12,2025-08-12 14:25:29.400,MO2508-C-7500,1.0,0.8,1.0
2025-08-12,2025-08-12 14:25:29.900,MO2508-C-7500,1.0,0.8,1.0
2025-08-12,2025-08-12 14:25:39.400,MO2508-C-7500,1.0,0.8,1.0
2025-08-12,2025-08-12 14:25:39.900,MO2508-C-7500,1.0,0.8,1.0
2025-08-12,2025-08-12 14:25:49.400,MO2508-C-7500,1.0,0.8,1.0
2025-08-12,2025-08-12 14:25:49.900,MO2508-C-7500,1.0,0.8,1.0
2025-08-12,2025-08-12 14:25:59.400,MO2508-C-7500,1.0,0.8,1.0
2025-08-12,2025-08-12 14:25:59.900,MO2508-C-7500,1.0,0.8,1.0
2025-08-12,2025-08-12 14:26:09.400,MO2508-C-7500,1.0,0.8,1.0
2025-08-12,2025-08-12 14:26:09.900,MO2508-C-7500,1.0,0.8,1.0
2025-08-12,2025-08-12 14:26:19.400,MO2508-C-7500,1.0,0.8,1.0
2025-08-12,2025-08-12 14:26:19.900,MO2508-C-7500,1.0,0.8,1.0
2025-08-12,2025-08-12 14:26:29.400,MO2508-C-7500,1.0,0.8,1.0
2025-08-12,2025-08-12 14:26:29.900,MO2508-C-7500,1.0,0.8,1.0
2025-08-12,2025-08-12 14:26:39.400,MO2508-C-7500,1.0,0.8,1.0
2025-08-12,2025-08-12 14:26:39.900,MO2508-C-7500,1.0,0.8,1.0
2025-08-12,2025-08-12 14:26:49.400,MO2508-C-7500,1.0,0.8,1.0
2025-08-12,2025-08-12 14:26:49.900,MO2508-C-7500,1.0,0.8,1.0
2025-08-12,2025-08-12 14:26:59.400,MO2508-C-7500,1.0,0.8,1.0
2025-08-12,2025-08-12 14:26:59.900,MO2508-C-7500,1.0,0.8,1.0
2025-08-12,2025-08-12 14:27:06.400,MO2508-C-7500,1.0,0.8,1.0
2025-08-12,2025-08-12 14:27:06.900,MO2508-C-7500,1.0,0.8,1.0
2025-08-12,2025-08-12 14:27:09.400,MO2508-C-7500,1.0,0.8,1.0
2025-08-12,2025-08-12 14:27:09.900,MO2508-C-7500,1.0,0.8,1.0
2025-08-12,2025-08-12 14:27:19.400,MO2508-C-7500,1.0,0.8,1.0
2025-08-12,2025-08-12 14:27:19.900,MO2508-C-7500,1.0,0.8,1.0
2025-08-12,2025-08-12 14:27:20.900,MO2508-C-7500,1.0,0.8,1.0
2025-08-12,2025-08-12 14:27:29.400,MO2508-C-7500,1.0,0.8,1.0
2025-08-12,2025-08-12 14:27:29.900,MO2508-C-7500,1.0,0.8,1.0
2025-08-12,2025-08-12 14:27:39.400,MO2508-C-7500,1.0,0.8,1.0
2025-08-12,2025-08-12 14:27:39.900,MO2508-C-7500,1.0,0.8,1.0
2025-08-12,2025-08-12 14:27:40.400,MO2508-C-7500,1.0,0.8,1.0
2025-08-12,2025-08-12 14:27:49.400,MO2508-C-7500,1.0,0.8,1.0
2025-08-12,2025-08-12 14:27:49.900,MO2508-C-7500,1.0,0.8,1.0
2025-08-12,2025-08-12 14:27:59.400,MO2508-C-7500,1.0,0.8,1.0
2025-08-12,2025-08-12 14:27:59.900,MO2508-C-7500,1.0,0.8,1.0
2025-08-12,2025-08-12 14:28:09.400,MO2508-C-7500,1.0,0.8,1.0
2025-08-12,2025-08-12 14:28:09.900,MO2508-C-7500,1.0,0.8,1.0
2025-08-12,2025-08-12 14:28:19.400,MO2508-C-7500,1.0,0.8,1.0
2025-08-12,2025-08-12 14:28:19.900,MO2508-C-7500,1.0,0.8,1.0
2025-08-12,2025-08-12 14:28:29.400,MO2508-C-7500,1.0,0.8,1.0
2025-08-12,2025-08-12 14:28:29.900,MO2508-C-7500,1.0,0.8,1.0
2025-08-12,2025-08-12 14:28:39.400,MO2508-C-7500,1.0,0.8,1.0
2025-08-12,2025-08-12 14:28:39.900,MO2508-C-7500,1.0,0.8,1.0
2025-08-12,2025-08-12 14:28:49.400,MO2508-C-7500,1.0,0.8,1.0
2025-08-12,2025-08-12 14:28:49.900,MO2508-C-7500,1.0,0.8,1.0
2025-08-12,2025-08-12 14:28:59.400,MO2508-C-7500,1.0,0.8,1.0
2025-08-12,2025-08-12 14:28:59.900,MO2508-C-7500,1.0,0.8,1.0
2025-08-12,2025-08-12 14:29:09.400,MO2508-C-7500,1.0,0.8,1.0
2025-08-12,2025-08-12 14:29:09.900,MO2508-C-7500,1.0,0.8,1.0
2025-08-12,2025-08-12 14:29:19.400,MO2508-C-7500,1.0,0.8,1.0
2025-08-12,2025-08-12 14:29:19.900,MO2508-C-7500,1.0,0.8,1.0
2025-08-12,2025-08-12 14:29:29.400,MO2508-C-7500,1.0,0.8,1.0
2025-08-12,2025-08-12 14:29:29.900,MO2508-C-7500,1.0,0.8,1.0
2025-08-12,2025-08-12 14:29:39.400,MO2508-C-7500,1.0,0.8,1.0
2025-08-12,2025-08-12 14:29:39.900,MO2508-C-7500,1.0,0.8,1.0
2025-08-12,2025-08-12 14:29:49.400,MO2508-C-7500,1.0,0.8,1.0
2025-08-12,2025-08-12 14:29:49.900,MO2508-C-7500,1.0,0.8,1.0
2025-08-12,2025-08-12 14:29:59.400,MO2508-C-7500,1.0,0.8,1.0
2025-08-12,2025-08-12 14:29:59.900,MO2508-C-7500,1.0,0.8,1.0
2025-08-12,2025-08-12 14:30:09.400,MO2508-C-7500,1.0,0.8,1.0
2025-08-12,2025-08-12 14:30:09.900,MO2508-C-7500,1.0,0.8,1.0
2025-08-12,2025-08-12 14:30:19.400,MO2508-C-7500,1.0,0.8,1.0
2025-08-12,2025-08-12 14:30:19.900,MO2508-C-7500,1.0,0.8,1.0
2025-08-12,2025-08-12 14:30:29.400,MO2508-C-7500,1.0,0.8,1.0
2025-08-12,2025-08-12 14:30:29.900,MO2508-C-7500,1.0,0.8,1.0
2025-08-12,2025-08-12 14:30:39.400,MO2508-C-7500,1.0,0.8,1.0
2025-08-12,2025-08-12 14:30:39.900,MO2508-C-7500,1.0,0.8,1.0
2025-08-12,2025-08-12 14:30:48.400,MO2508-C-7500,1.0,0.8,1.0
2025-08-12,2025-08-12 14:30:49.400,MO2508-C-7500,1.0,0.8,1.0
2025-08-12,2025-08-12 14:30:49.900,MO2508-C-7500,1.0,0.8,1.0
2025-08-12,2025-08-12 14:30:55.400,MO2508-C-7500,1.0,0.8,1.0
2025-08-12,2025-08-12 14:30:56.900,MO2508-C-7500,1.0,0.8,1.0
2025-08-12,2025-08-12 14:30:59.400,MO2508-C-7500,1.0,0.8,1.0
2025-08-12,2025-08-12 14:30:59.900,MO2508-C-7500,1.0,0.8,1.0
2025-08-12,2025-08-12 14:31:09.400,MO2508-C-7500,1.0,0.8,1.0
2025-08-12,2025-08-12 14:31:09.900,MO2508-C-7500,1.0,0.8,1.0
2025-08-12,2025-08-12 14:31:16.900,MO2508-C-7500,1.0,0.8,1.0
2025-08-12,2025-08-12 14:31:19.400,MO2508-C-7500,1.0,0.8,1.0
2025-08-12,2025-08-12 14:31:19.900,MO2508-C-7500,1.0,0.8,1.0
2025-08-12,2025-08-12 14:31:29.400,MO2508-C-7500,1.0,0.8,1.0
2025-08-12,2025-08-12 14:31:29.900,MO2508-C-7500,1.0,0.8,1.0
2025-08-12,2025-08-12 14:31:39.400,MO2508-C-7500,1.0,0.8,1.0
2025-08-12,2025-08-12 14:31:39.900,MO2508-C-7500,1.0,0.8,1.0
2025-08-12,2025-08-12 14:31:49.400,MO2508-C-7500,1.0,0.8,1.0
2025-08-12,2025-08-12 14:31:49.900,MO2508-C-7500,1.0,0.8,1.0
2025-08-12,2025-08-12 14:31:59.400,MO2508-C-7500,1.0,0.8,1.0
2025-08-12,2025-08-12 14:31:59.900,MO2508-C-7500,1.0,0.8,1.0
2025-08-12,2025-08-12 14:32:09.400,MO2508-C-7500,1.0,0.8,1.0
2025-08-12,2025-08-12 14:32:09.900,MO2508-C-7500,1.0,0.8,1.0
2025-08-12,2025-08-12 14:32:10.400,MO2508-C-7500,1.0,0.8,1.0
2025-08-12,2025-08-12 14:32:19.400,MO2508-C-7500,1.0,0.8,1.0
2025-08-12,2025-08-12 14:32:19.900,MO2508-C-7500,1.0,0.8,1.0
2025-08-12,2025-08-12 14:32:20.400,MO2508-C-7500,1.0,0.8,1.0
2025-08-12,2025-08-12 14:32:20.900,MO2508-C-7500,1.0,0.8,1.0
2025-08-12,2025-08-12 14:32:29.400,MO2508-C-7500,1.0,0.8,1.0
2025-08-12,2025-08-12 14:32:29.900,MO2508-C-7500,1.0,0.8,1.0
2025-08-12,2025-08-12 14:32:39.400,MO2508-C-7500,1.0,0.8,1.0
2025-08-12,2025-08-12 14:32:39.900,MO2508-C-7500,1.0,0.8,1.0
2025-08-12,2025-08-12 14:32:49.400,MO2508-C-7500,1.0,0.8,1.0
2025-08-12,2025-08-12 14:32:49.900,MO2508-C-7500,1.0,0.8,1.0
2025-08-12,2025-08-12 14:32:59.400,MO2508-C-7500,1.0,0.8,1.0
2025-08-12,2025-08-12 14:32:59.900,MO2508-C-7500,1.0,0.8,1.0
2025-08-12,2025-08-12 14:33:09.400,MO2508-C-7500,1.0,0.8,1.0
2025-08-12,2025-08-12 14:33:09.900,MO2508-C-7500,1.0,0.8,1.0
2025-08-12,2025-08-12 14:33:19.400,MO2508-C-7500,1.0,0.8,1.0
2025-08-12,2025-08-12 14:33:19.900,MO2508-C-7500,1.0,0.8,1.0
2025-08-12,2025-08-12 14:33:20.400,MO2508-C-7500,1.0,0.8,1.0
2025-08-12,2025-08-12 14:33:29.400,MO2508-C-7500,1.0,0.8,1.0
2025-08-12,2025-08-12 14:33:29.900,MO2508-C-7500,1.0,0.8,1.0
2025-08-12,2025-08-12 14:33:39.400,MO2508-C-7500,1.0,0.8,1.0
2025-08-12,2025-08-12 14:33:39.900,MO2508-C-7500,1.0,0.8,1.0
2025-08-12,2025-08-12 14:33:49.400,MO2508-C-7500,1.0,0.8,1.0
2025-08-12,2025-08-12 14:33:49.900,MO2508-C-7500,1.0,0.8,1.0
2025-08-12,2025-08-12 14:33:59.400,MO2508-C-7500,1.0,0.8,1.0
2025-08-12,2025-08-12 14:33:59.900,MO2508-C-7500,1.0,0.8,1.0
2025-08-12,2025-08-12 14:34:09.400,MO2508-C-7500,1.0,0.8,1.0
2025-08-12,2025-08-12 14:34:09.900,MO2508-C-7500,1.0,0.8,1.0
2025-08-12,2025-08-12 14:34:19.400,MO2508-C-7500,1.0,0.8,1.0
2025-08-12,2025-08-12 14:34:19.900,MO2508-C-7500,1.0,0.8,1.0
2025-08-12,2025-08-12 14:34:29.400,MO2508-C-7500,1.0,0.8,1.0
2025-08-12,2025-08-12 14:34:29.900,MO2508-C-7500,1.0,0.8,1.0
2025-08-12,2025-08-12 14:34:39.400,MO2508-C-7500,1.0,0.8,1.0
2025-08-12,2025-08-12 14:34:39.900,MO2508-C-7500,1.0,0.8,1.0
2025-08-12,2025-08-12 14:34:49.400,MO2508-C-7500,1.0,0.8,1.0
2025-08-12,2025-08-12 14:34:49.900,MO2508-C-7500,1.0,0.8,1.0
2025-08-12,2025-08-12 14:34:59.400,MO2508-C-7500,1.0,0.8,1.0
2025-08-12,2025-08-12 14:34:59.900,MO2508-C-7500,1.0,0.8,1.0
2025-08-12,2025-08-12 14:35:09.400,MO2508-C-7500,1.0,0.8,1.0
2025-08-12,2025-08-12 14:35:09.900,MO2508-C-7500,1.0,0.8,1.0
2025-08-12,2025-08-12 14:35:19.400,MO2508-C-7500,1.0,0.8,1.0
2025-08-12,2025-08-12 14:35:19.900,MO2508-C-7500,1.0,0.8,1.0
2025-08-12,2025-08-12 14:35:20.400,MO2508-C-7500,1.0,0.8,1.0
2025-08-12,2025-08-12 14:35:22.400,MO2508-C-7500,1.0,0.8,1.0
2025-08-12,2025-08-12 14:35:29.400,MO2508-C-7500,1.0,0.8,1.0
2025-08-12,2025-08-12 14:35:29.900,MO2508-C-7500,1.0,0.8,1.0
2025-08-12,2025-08-12 14:35:39.400,MO2508-C-7500,1.0,0.8,1.0
2025-08-12,2025-08-12 14:35:39.900,MO2508-C-7500,1.0,0.8,1.0
2025-08-12,2025-08-12 14:35:44.400,MO2508-C-7500,1.0,0.8,1.0
2025-08-12,2025-08-12 14:35:49.400,MO2508-C-7500,1.0,0.8,1.0
2025-08-12,2025-08-12 14:35:49.900,MO2508-C-7500,1.0,0.8,1.0
2025-08-12,2025-08-12 14:35:59.400,MO2508-C-7500,1.0,0.8,1.0
2025-08-12,2025-08-12 14:35:59.900,MO2508-C-7500,1.0,0.8,1.0
2025-08-12,2025-08-12 14:36:09.400,MO2508-C-7500,1.0,0.8,1.0
2025-08-12,2025-08-12 14:36:09.900,MO2508-C-7500,1.0,0.8,1.0
2025-08-12,2025-08-12 14:36:18.400,MO2508-C-7500,1.0,0.8,1.0
2025-08-12,2025-08-12 14:36:18.900,MO2508-C-7500,1.0,0.8,1.0
2025-08-12,2025-08-12 14:36:19.400,MO2508-C-7500,1.0,0.8,1.0
2025-08-12,2025-08-12 14:36:19.900,MO2508-C-7500,1.0,0.8,1.0
2025-08-12,2025-08-12 14:36:20.900,MO2508-C-7500,1.0,0.8,1.0
2025-08-12,2025-08-12 14:36:21.400,MO2508-C-7500,1.0,0.8,1.0
2025-08-12,2025-08-12 14:36:22.900,MO2508-C-7500,1.0,0.8,1.0
2025-08-12,2025-08-12 14:36:29.400,MO2508-C-7500,1.0,0.8,1.0
2025-08-12,2025-08-12 14:36:29.900,MO2508-C-7500,1.0,0.8,1.0
2025-08-12,2025-08-12 14:36:35.400,MO2508-C-7500,1.0,0.8,1.0
2025-08-12,2025-08-12 14:36:35.900,MO2508-C-7500,1.0,0.8,1.0
2025-08-12,2025-08-12 14:36:37.400,MO2508-C-7500,1.0,0.8,1.0
2025-08-12,2025-08-12 14:36:38.400,MO2508-C-7500,1.0,0.8,1.0
2025-08-12,2025-08-12 14:36:39.400,MO2508-C-7500,1.0,0.8,1.0
2025-08-12,2025-08-12 14:36:39.900,MO2508-C-7500,1.0,0.8,1.0
2025-08-12,2025-08-12 14:36:40.400,MO2508-C-7500,1.0,0.8,1.0
2025-08-12,2025-08-12 14:36:44.400,MO2508-C-7500,1.0,0.8,1.0
2025-08-12,2025-08-12 14:36:44.900,MO2508-C-7500,1.0,0.8,1.0
2025-08-12,2025-08-12 14:36:45.400,MO2508-C-7500,1.0,0.8,1.0
2025-08-12,2025-08-12 14:36:48.900,MO2508-C-7500,1.0,0.8,1.0
2025-08-12,2025-08-12 14:36:49.400,MO2508-C-7500,1.0,0.8,1.0
2025-08-12,2025-08-12 14:36:49.900,MO2508-C-7500,1.0,0.8,1.0
2025-08-12,2025-08-12 14:36:50.400,MO2508-C-7500,1.0,0.8,1.0
2025-08-12,2025-08-12 14:36:53.400,MO2508-C-7500,1.0,0.8,1.0
2025-08-12,2025-08-12 14:36:59.400,MO2508-C-7500,1.0,0.8,1.0
2025-08-12,2025-08-12 14:36:59.900,MO2508-C-7500,1.0,0.8,1.0
2025-08-12,2025-08-12 14:37:00.400,MO2508-C-7500,1.0,0.8,1.0
2025-08-12,2025-08-12 14:37:01.400,MO2508-C-7500,1.0,0.8,1.0
2025-08-12,2025-08-12 14:37:02.400,MO2508-C-7500,1.0,0.8,1.0
2025-08-12,2025-08-12 14:37:05.900,MO2508-C-7500,1.0,0.8,1.0
2025-08-12,2025-08-12 14:37:09.400,MO2508-C-7500,1.0,0.8,1.0
2025-08-12,2025-08-12 14:37:09.900,MO2508-C-7500,1.0,0.8,1.0
2025-08-12,2025-08-12 14:37:10.400,MO2508-C-7500,1.0,0.8,1.0
2025-08-12,2025-08-12 14:37:19.400,MO2508-C-7500,1.0,0.8,1.0
2025-08-12,2025-08-12 14:37:19.900,MO2508-C-7500,1.0,0.8,1.0
2025-08-12,2025-08-12 14:37:20.400,MO2508-C-7500,1.0,0.8,1.0
2025-08-12,2025-08-12 14:37:20.900,MO2508-C-7500,1.0,0.8,1.0
2025-08-12,2025-08-12 14:37:29.400,MO2508-C-7500,1.0,0.8,1.0
2025-08-12,2025-08-12 14:37:29.900,MO2508-C-7500,1.0,0.8,1.0
2025-08-12,2025-08-12 14:37:30.400,MO2508-C-7500,1.0,0.8,1.0
2025-08-12,2025-08-12 14:37:34.400,MO2508-C-7500,1.0,0.8,1.0
2025-08-12,2025-08-12 14:37:39.400,MO2508-C-7500,1.0,0.8,1.0
2025-08-12,2025-08-12 14:37:39.900,MO2508-C-7500,1.0,0.8,1.0
2025-08-12,2025-08-12 14:37:40.400,MO2508-C-7500,1.0,0.8,1.0
2025-08-12,2025-08-12 14:37:40.900,MO2508-C-7500,1.0,0.8,1.0
2025-08-12,2025-08-12 14:37:42.400,MO2508-C-7500,1.0,0.8,1.0
2025-08-12,2025-08-12 14:37:49.400,MO2508-C-7500,1.0,0.8,1.0
2025-08-12,2025-08-12 14:37:49.900,MO2508-C-7500,1.0,0.8,1.0
2025-08-12,2025-08-12 14:37:50.400,MO2508-C-7500,1.0,0.8,1.0
2025-08-12,2025-08-12 14:37:53.900,MO2508-C-7500,1.0,0.8,1.0
2025-08-12,2025-08-12 14:37:59.400,MO2508-C-7500,1.0,0.8,1.0
2025-08-12,2025-08-12 14:37:59.900,MO2508-C-7500,1.0,0.8,1.0
2025-08-12,2025-08-12 14:38:00.400,MO2508-C-7500,1.0,0.8,1.0
2025-08-12,2025-08-12 14:38:09.400,MO2508-C-7500,1.0,0.8,1.0
2025-08-12,2025-08-12 14:38:09.900,MO2508-C-7500,1.0,0.8,1.0
2025-08-12,2025-08-12 14:38:10.400,MO2508-C-7500,1.0,0.8,1.0
2025-08-12,2025-08-12 14:38:16.400,MO2508-C-7500,1.0,0.8,1.0
2025-08-12,2025-08-12 14:38:17.400,MO2508-C-7500,1.0,0.8,1.0
2025-08-12,2025-08-12 14:38:18.400,MO2508-C-7500,1.0,0.8,1.0
2025-08-12,2025-08-12 14:38:19.400,MO2508-C-7500,1.0,0.8,1.0
2025-08-12,2025-08-12 14:38:19.900,MO2508-C-7500,1.0,0.8,1.0
2025-08-12,2025-08-12 14:38:20.400,MO2508-C-7500,1.0,0.8,1.0
2025-08-12,2025-08-12 14:38:29.400,MO2508-C-7500,1.0,0.8,1.0
2025-08-12,2025-08-12 14:38:29.900,MO2508-C-7500,1.0,0.8,1.0
2025-08-12,2025-08-12 14:38:30.400,MO2508-C-7500,1.0,0.8,1.0
2025-08-12,2025-08-12 14:38:39.400,MO2508-C-7500,1.0,0.8,1.0
2025-08-12,2025-08-12 14:38:39.900,MO2508-C-7500,1.0,0.8,1.0
2025-08-12,2025-08-12 14:38:40.400,MO2508-C-7500,1.0,0.8,1.0
2025-08-12,2025-08-12 14:38:49.400,MO2508-C-7500,1.0,0.8,1.0
2025-08-12,2025-08-12 14:38:49.900,MO2508-C-7500,1.0,0.8,1.0
2025-08-12,2025-08-12 14:38:50.400,MO2508-C-7500,1.0,0.8,1.0
2025-08-12,2025-08-12 14:38:59.400,MO2508-C-7500,1.0,0.8,1.0
2025-08-12,2025-08-12 14:38:59.900,MO2508-C-7500,1.0,0.8,1.0
2025-08-12,2025-08-12 14:39:00.400,MO2508-C-7500,1.0,0.8,1.0
2025-08-12,2025-08-12 14:39:00.900,MO2508-C-7500,1.0,0.8,1.0
2025-08-12,2025-08-12 14:39:01.400,MO2508-C-7500,1.0,0.8,1.0
2025-08-12,2025-08-12 14:39:09.400,MO2508-C-7500,1.0,0.8,1.0
2025-08-12,2025-08-12 14:39:09.900,MO2508-C-7500,1.0,0.8,1.0
2025-08-12,2025-08-12 14:39:10.400,MO2508-C-7500,1.0,0.8,1.0
2025-08-12,2025-08-12 14:39:10.900,MO2508-C-7500,1.0,0.8,1.0
2025-08-12,2025-08-12 14:39:11.900,MO2508-C-7500,1.0,0.8,1.0
2025-08-12,2025-08-12 14:39:19.400,MO2508-C-7500,1.0,0.8,1.0
2025-08-12,2025-08-12 14:39:19.900,MO2508-C-7500,1.0,0.8,1.0
2025-08-12,2025-08-12 14:39:20.400,MO2508-C-7500,1.0,0.8,1.0
2025-08-12,2025-08-12 14:39:23.400,MO2508-C-7500,1.0,0.8,1.0
2025-08-12,2025-08-12 14:39:24.400,MO2508-C-7500,1.0,0.8,1.0
2025-08-12,2025-08-12 14:39:29.400,MO2508-C-7500,1.0,0.8,1.0
2025-08-12,2025-08-12 14:39:29.900,MO2508-C-7500,1.0,0.8,1.0
2025-08-12,2025-08-12 14:39:30.400,MO2508-C-7500,1.0,0.8,1.0
2025-08-12,2025-08-12 14:39:37.400,MO2508-C-7500,1.0,0.8,1.0
2025-08-12,2025-08-12 14:39:39.400,MO2508-C-7500,1.0,0.8,1.0
2025-08-12,2025-08-12 14:39:39.900,MO2508-C-7500,1.0,0.8,1.0
2025-08-12,2025-08-12 14:39:40.400,MO2508-C-7500,1.0,0.8,1.0
2025-08-12,2025-08-12 14:39:49.400,MO2508-C-7500,1.0,0.8,1.0
2025-08-12,2025-08-12 14:39:49.900,MO2508-C-7500,1.0,0.8,1.0
2025-08-12,2025-08-12 14:39:50.400,MO2508-C-7500,1.0,0.8,1.0
2025-08-12,2025-08-12 14:39:57.900,MO2508-C-7500,1.0,0.8,1.0
2025-08-12,2025-08-12 14:39:59.400,MO2508-C-7500,1.0,0.8,1.0
2025-08-12,2025-08-12 14:39:59.900,MO2508-C-7500,1.0,0.8,1.0
2025-08-12,2025-08-12 14:40:00.400,MO2508-C-7500,1.0,0.8,1.0
2025-08-12,2025-08-12 14:40:09.400,MO2508-C-7500,1.0,0.8,1.0
2025-08-12,2025-08-12 14:40:09.900,MO2508-C-7500,1.0,0.8,1.0
2025-08-12,2025-08-12 14:40:10.400,MO2508-C-7500,1.0,0.8,1.0
2025-08-12,2025-08-12 14:40:11.900,MO2508-C-7500,1.0,0.8,1.0
2025-08-12,2025-08-12 14:40:19.400,MO2508-C-7500,1.0,0.8,1.0
2025-08-12,2025-08-12 14:40:19.900,MO2508-C-7500,1.0,0.8,1.0
2025-08-12,2025-08-12 14:40:20.400,MO2508-C-7500,1.0,0.8,1.0
2025-08-12,2025-08-12 14:40:29.400,MO2508-C-7500,1.0,0.8,1.0
2025-08-12,2025-08-12 14:40:29.900,MO2508-C-7500,1.0,0.8,1.0
2025-08-12,2025-08-12 14:40:30.400,MO2508-C-7500,1.0,0.8,1.0
2025-08-12,2025-08-12 14:40:39.400,MO2508-C-7500,1.0,0.8,1.0
2025-08-12,2025-08-12 14:40:39.900,MO2508-C-7500,1.0,0.8,1.0
2025-08-12,2025-08-12 14:40:40.400,MO2508-C-7500,1.0,0.8,1.0
2025-08-12,2025-08-12 14:40:49.400,MO2508-C-7500,1.0,0.8,1.0
2025-08-12,2025-08-12 14:40:49.900,MO2508-C-7500,1.0,0.8,1.0
2025-08-12,2025-08-12 14:40:50.400,MO2508-C-7500,1.0,0.8,1.0
2025-08-12,2025-08-12 14:40:59.400,MO2508-C-7500,1.0,0.8,1.0
2025-08-12,2025-08-12 14:40:59.900,MO2508-C-7500,1.0,0.8,1.0
2025-08-12,2025-08-12 14:41:00.400,MO2508-C-7500,1.0,0.8,1.0
2025-08-12,2025-08-12 14:41:08.400,MO2508-C-7500,1.0,0.8,1.0
2025-08-12,2025-08-12 14:41:08.900,MO2508-C-7500,1.0,0.8,1.0
2025-08-12,2025-08-12 14:41:09.400,MO2508-C-7500,1.0,0.8,1.0
2025-08-12,2025-08-12 14:41:09.900,MO2508-C-7500,1.0,0.8,1.0
2025-08-12,2025-08-12 14:41:10.400,MO2508-C-7500,1.0,0.8,1.0
2025-08-12,2025-08-12 14:41:11.400,MO2508-C-7500,1.0,0.8,1.0
2025-08-12,2025-08-12 14:41:14.900,MO2508-C-7500,1.0,0.8,1.0
2025-08-12,2025-08-12 14:41:19.400,MO2508-C-7500,1.0,0.8,1.0
2025-08-12,2025-08-12 14:41:19.900,MO2508-C-7500,1.0,0.8,1.0
2025-08-12,2025-08-12 14:41:20.400,MO2508-C-7500,1.0,0.8,1.0
2025-08-12,2025-08-12 14:41:29.400,MO2508-C-7500,1.0,0.8,1.0
2025-08-12,2025-08-12 14:41:29.900,MO2508-C-7500,1.0,0.8,1.0
2025-08-12,2025-08-12 14:41:30.400,MO2508-C-7500,1.0,0.8,1.0
2025-08-12,2025-08-12 14:41:39.400,MO2508-C-7500,1.0,0.8,1.0
2025-08-12,2025-08-12 14:41:39.900,MO2508-C-7500,1.0,0.8,1.0
2025-08-12,2025-08-12 14:41:40.400,MO2508-C-7500,1.0,0.8,1.0
2025-08-12,2025-08-12 14:41:44.400,MO2508-C-7500,1.0,0.8,1.0
2025-08-12,2025-08-12 14:41:49.400,MO2508-C-7500,1.0,0.8,1.0
2025-08-12,2025-08-12 14:41:49.900,MO2508-C-7500,1.0,0.8,1.0
2025-08-12,2025-08-12 14:41:50.400,MO2508-C-7500,1.0,0.8,1.0
2025-08-12,2025-08-12 14:41:50.900,MO2508-C-7500,1.0,0.8,1.0
2025-08-12,2025-08-12 14:41:59.400,MO2508-C-7500,1.0,0.8,1.0
2025-08-12,2025-08-12 14:41:59.900,MO2508-C-7500,1.0,0.8,1.0
2025-08-12,2025-08-12 14:42:00.400,MO2508-C-7500,1.0,0.8,1.0
2025-08-12,2025-08-12 14:42:09.400,MO2508-C-7500,1.0,0.8,1.0
2025-08-12,2025-08-12 14:42:09.900,MO2508-C-7500,1.0,0.8,1.0
2025-08-12,2025-08-12 14:42:10.400,MO2508-C-7500,1.0,0.8,1.0
2025-08-12,2025-08-12 14:42:14.900,MO2508-C-7500,1.0,0.8,1.0
2025-08-12,2025-08-12 14:42:19.400,MO2508-C-7500,1.0,0.8,1.0
2025-08-12,2025-08-12 14:42:19.900,MO2508-C-7500,1.0,0.8,1.0
2025-08-12,2025-08-12 14:42:20.400,MO2508-C-7500,1.0,0.8,1.0
2025-08-12,2025-08-12 14:42:24.400,MO2508-C-7500,1.0,0.8,1.0
2025-08-12,2025-08-12 14:42:24.900,MO2508-C-7500,1.0,0.8,1.0
2025-08-12,2025-08-12 14:42:25.900,MO2508-C-7500,1.0,0.8,1.0
2025-08-12,2025-08-12 14:42:29.400,MO2508-C-7500,1.0,0.8,1.0
2025-08-12,2025-08-12 14:42:29.900,MO2508-C-7500,1.0,0.8,1.0
2025-08-12,2025-08-12 14:42:30.400,MO2508-C-7500,1.0,0.8,1.0
2025-08-12,2025-08-12 14:42:39.400,MO2508-C-7500,1.0,0.8,1.0
2025-08-12,2025-08-12 14:42:39.900,MO2508-C-7500,1.0,0.8,1.0
2025-08-12,2025-08-12 14:42:40.400,MO2508-C-7500,1.0,0.8,1.0
2025-08-12,2025-08-12 14:42:43.400,MO2508-C-7500,1.0,0.8,1.0
2025-08-12,2025-08-12 14:42:49.400,MO2508-C-7500,1.0,0.8,1.0
2025-08-12,2025-08-12 14:42:49.900,MO2508-C-7500,1.0,0.8,1.0
2025-08-12,2025-08-12 14:42:50.400,MO2508-C-7500,1.0,0.8,1.0
2025-08-12,2025-08-12 14:42:59.400,MO2508-C-7500,1.0,0.8,1.0
2025-08-12,2025-08-12 14:42:59.900,MO2508-C-7500,1.0,0.8,1.0
2025-08-12,2025-08-12 14:43:00.400,MO2508-C-7500,1.0,0.8,1.0
2025-08-12,2025-08-12 14:43:02.400,MO2508-C-7500,1.0,0.8,1.0
2025-08-12,2025-08-12 14:43:09.400,MO2508-C-7500,1.0,0.8,1.0
2025-08-12,2025-08-12 14:43:09.900,MO2508-C-7500,1.0,0.8,1.0
2025-08-12,2025-08-12 14:43:10.400,MO2508-C-7500,1.0,0.8,1.0
2025-08-12,2025-08-12 14:43:13.900,MO2508-C-7500,1.0,0.8,1.0
2025-08-12,2025-08-12 14:43:19.400,MO2508-C-7500,1.0,0.8,1.0
2025-08-12,2025-08-12 14:43:19.900,MO2508-C-7500,1.0,0.8,1.0
2025-08-12,2025-08-12 14:43:20.400,MO2508-C-7500,1.0,0.8,1.0
2025-08-12,2025-08-12 14:43:22.400,MO2508-C-7500,1.0,0.8,1.0
2025-08-12,2025-08-12 14:43:23.400,MO2508-C-7500,1.0,0.8,1.0
2025-08-12,2025-08-12 14:43:27.900,MO2508-C-7500,1.0,0.8,1.0
2025-08-12,2025-08-12 14:43:29.400,MO2508-C-7500,1.0,0.8,1.0
2025-08-12,2025-08-12 14:43:29.900,MO2508-C-7500,1.0,0.8,1.0
2025-08-12,2025-08-12 14:43:30.400,MO2508-C-7500,1.0,0.8,1.0
2025-08-12,2025-08-12 14:43:31.400,MO2508-C-7500,1.0,0.8,1.0
2025-08-12,2025-08-12 14:43:39.400,MO2508-C-7500,1.0,0.8,1.0
2025-08-12,2025-08-12 14:43:39.900,MO2508-C-7500,1.0,0.8,1.0
2025-08-12,2025-08-12 14:43:40.400,MO2508-C-7500,1.0,0.8,1.0
2025-08-12,2025-08-12 14:43:47.400,MO2508-C-7500,1.0,0.8,1.0
2025-08-12,2025-08-12 14:43:49.400,MO2508-C-7500,1.0,0.8,1.0
2025-08-12,2025-08-12 14:43:49.900,MO2508-C-7500,1.0,0.8,1.0
2025-08-12,2025-08-12 14:43:50.400,MO2508-C-7500,1.0,0.8,1.0
2025-08-12,2025-08-12 14:43:59.400,MO2508-C-7500,1.0,0.8,1.0
2025-08-12,2025-08-12 14:43:59.900,MO2508-C-7500,1.0,0.8,1.0
2025-08-12,2025-08-12 14:44:00.400,MO2508-C-7500,1.0,0.8,1.0
2025-08-12,2025-08-12 14:44:09.400,MO2508-C-7500,1.0,0.8,1.0
2025-08-12,2025-08-12 14:44:09.900,MO2508-C-7500,1.0,0.8,1.0
2025-08-12,2025-08-12 14:44:10.400,MO2508-C-7500,1.0,0.8,1.0
2025-08-12,2025-08-12 14:44:19.400,MO2508-C-7500,1.0,0.8,1.0
2025-08-12,2025-08-12 14:44:19.900,MO2508-C-7500,1.0,0.8,1.0
2025-08-12,2025-08-12 14:44:20.400,MO2508-C-7500,1.0,0.8,1.0
2025-08-12,2025-08-12 14:44:25.900,MO2508-C-7500,1.0,0.8,1.0
2025-08-12,2025-08-12 14:44:29.400,MO2508-C-7500,1.0,0.8,1.0
2025-08-12,2025-08-12 14:44:29.900,MO2508-C-7500,1.0,0.8,1.0
2025-08-12,2025-08-12 14:44:30.400,MO2508-C-7500,1.0,0.8,1.0
2025-08-12,2025-08-12 14:44:39.400,MO2508-C-7500,1.0,0.8,1.0
2025-08-12,2025-08-12 14:44:39.900,MO2508-C-7500,1.0,0.8,1.0
2025-08-12,2025-08-12 14:44:40.400,MO2508-C-7500,1.0,0.8,1.0
2025-08-12,2025-08-12 14:44:40.900,MO2508-C-7500,1.0,0.8,1.0
2025-08-12,2025-08-12 14:44:49.400,MO2508-C-7500,1.0,0.8,1.0
2025-08-12,2025-08-12 14:44:49.900,MO2508-C-7500,1.0,0.8,1.0
2025-08-12,2025-08-12 14:44:50.400,MO2508-C-7500,1.0,0.8,1.0
2025-08-12,2025-08-12 14:44:59.400,MO2508-C-7500,1.0,0.8,1.0
2025-08-12,2025-08-12 14:44:59.900,MO2508-C-7500,1.0,0.8,1.0
2025-08-12,2025-08-12 14:45:00.400,MO2508-C-7500,1.0,0.8,1.0
2025-08-12,2025-08-12 14:45:09.400,MO2508-C-7500,1.0,0.8,1.0
2025-08-12,2025-08-12 14:45:09.900,MO2508-C-7500,1.0,0.8,1.0
2025-08-12,2025-08-12 14:45:10.400,MO2508-C-7500,1.0,0.8,1.0
2025-08-12,2025-08-12 14:45:16.400,MO2508-C-7500,1.0,0.8,1.0
2025-08-12,2025-08-12 14:45:19.400,MO2508-C-7500,1.0,0.8,1.0
2025-08-12,2025-08-12 14:45:19.900,MO2508-C-7500,1.0,0.8,1.0
2025-08-12,2025-08-12 14:45:20.400,MO2508-C-7500,1.0,0.8,1.0
2025-08-12,2025-08-12 14:45:29.400,MO2508-C-7500,1.0,0.8,1.0
2025-08-12,2025-08-12 14:45:29.900,MO2508-C-7500,1.0,0.8,1.0
2025-08-12,2025-08-12 14:45:30.400,MO2508-C-7500,1.0,0.8,1.0
2025-08-12,2025-08-12 14:45:32.400,MO2508-C-7500,1.0,0.8,1.0
2025-08-12,2025-08-12 14:45:39.400,MO2508-C-7500,1.0,0.8,1.0
2025-08-12,2025-08-12 14:45:39.900,MO2508-C-7500,1.0,0.8,1.0
2025-08-12,2025-08-12 14:45:40.400,MO2508-C-7500,1.0,0.8,1.0
2025-08-12,2025-08-12 14:45:46.400,MO2508-C-7500,1.0,0.8,1.0
2025-08-12,2025-08-12 14:45:49.400,MO2508-C-7500,1.0,0.8,1.0
2025-08-12,2025-08-12 14:45:49.900,MO2508-C-7500,1.0,0.8,1.0
2025-08-12,2025-08-12 14:45:50.400,MO2508-C-7500,1.0,0.8,1.0
2025-08-12,2025-08-12 14:45:51.400,MO2508-C-7500,1.0,0.8,1.0
2025-08-12,2025-08-12 14:45:52.400,MO2508-C-7500,1.0,0.8,1.0
2025-08-12,2025-08-12 14:45:53.400,MO2508-C-7500,1.0,0.8,1.0
2025-08-12,2025-08-12 14:45:54.400,MO2508-C-7500,1.0,0.8,1.0
2025-08-12,2025-08-12 14:45:59.400,MO2508-C-7500,1.0,0.8,1.0
2025-08-12,2025-08-12 14:45:59.900,MO2508-C-7500,1.0,0.8,1.0
2025-08-12,2025-08-12 14:46:00.400,MO2508-C-7500,1.0,0.8,1.0
2025-08-12,2025-08-12 14:46:01.400,MO2508-C-7500,1.0,0.8,1.0
2025-08-12,2025-08-12 14:46:02.400,MO2508-C-7500,1.0,0.8,1.0
2025-08-12,2025-08-12 14:46:03.400,MO2508-C-7500,1.0,0.8,1.0
2025-08-12,2025-08-12 14:46:04.900,MO2508-C-7500,1.0,0.8,1.0
2025-08-12,2025-08-12 14:46:09.400,MO2508-C-7500,1.0,0.8,1.0
2025-08-12,2025-08-12 14:46:09.900,MO2508-C-7500,1.0,0.8,1.0
2025-08-12,2025-08-12 14:46:10.400,MO2508-C-7500,1.0,0.8,1.0
2025-08-12,2025-08-12 14:46:19.400,MO2508-C-7500,1.0,0.8,1.0
2025-08-12,2025-08-12 14:46:19.900,MO2508-C-7500,1.0,0.8,1.0
2025-08-12,2025-08-12 14:46:20.400,MO2508-C-7500,1.0,0.8,1.0
2025-08-12,2025-08-12 14:46:27.400,MO2508-C-7500,1.0,0.8,1.0
2025-08-12,2025-08-12 14:46:29.400,MO2508-C-7500,1.0,0.8,1.0
2025-08-12,2025-08-12 14:46:29.900,MO2508-C-7500,1.0,0.8,1.0
2025-08-12,2025-08-12 14:46:30.400,MO2508-C-7500,1.0,0.8,1.0
2025-08-12,2025-08-12 14:46:39.400,MO2508-C-7500,1.0,0.8,1.0
2025-08-12,2025-08-12 14:46:39.900,MO2508-C-7500,1.0,0.8,1.0
2025-08-12,2025-08-12 14:46:40.400,MO2508-C-7500,1.0,0.8,1.0
2025-08-12,2025-08-12 14:46:49.400,MO2508-C-7500,1.0,0.8,1.0
2025-08-12,2025-08-12 14:46:49.900,MO2508-C-7500,1.0,0.8,1.0
2025-08-12,2025-08-12 14:46:50.400,MO2508-C-7500,1.0,0.8,1.0
2025-08-12,2025-08-12 14:46:59.400,MO2508-C-7500,1.0,0.8,1.0
2025-08-12,2025-08-12 14:46:59.900,MO2508-C-7500,1.0,0.8,1.0
2025-08-12,2025-08-12 14:47:00.400,MO2508-C-7500,1.0,0.8,1.0
2025-08-12,2025-08-12 14:47:09.400,MO2508-C-7500,1.0,0.8,1.0
2025-08-12,2025-08-12 14:47:09.900,MO2508-C-7500,1.0,0.8,1.0
2025-08-12,2025-08-12 14:47:10.400,MO2508-C-7500,1.0,0.8,1.0
2025-08-12,2025-08-12 14:47:19.400,MO2508-C-7500,1.0,0.8,1.0
2025-08-12,2025-08-12 14:47:19.900,MO2508-C-7500,1.0,0.8,1.0
2025-08-12,2025-08-12 14:47:20.400,MO2508-C-7500,1.0,0.8,1.0
2025-08-12,2025-08-12 14:47:29.400,MO2508-C-7500,1.0,0.8,1.0
2025-08-12,2025-08-12 14:47:29.900,MO2508-C-7500,1.0,0.8,1.0
2025-08-12,2025-08-12 14:47:30.400,MO2508-C-7500,1.0,0.8,1.0
2025-08-12,2025-08-12 14:47:39.400,MO2508-C-7500,1.0,0.8,1.0
2025-08-12,2025-08-12 14:47:39.900,MO2508-C-7500,1.0,0.8,1.0
2025-08-12,2025-08-12 14:47:40.400,MO2508-C-7500,1.0,0.8,1.0
2025-08-12,2025-08-12 14:47:49.400,MO2508-C-7500,1.0,0.8,1.0
2025-08-12,2025-08-12 14:47:49.900,MO2508-C-7500,1.0,0.8,1.0
2025-08-12,2025-08-12 14:47:50.400,MO2508-C-7500,1.0,0.8,1.0
2025-08-12,2025-08-12 14:47:59.400,MO2508-C-7500,1.0,0.8,1.0
2025-08-12,2025-08-12 14:47:59.900,MO2508-C-7500,1.0,0.8,1.0
2025-08-12,2025-08-12 14:48:00.400,MO2508-C-7500,1.0,0.8,1.0
2025-08-12,2025-08-12 14:48:09.400,MO2508-C-7500,1.0,0.8,1.0
2025-08-12,2025-08-12 14:48:09.900,MO2508-C-7500,1.0,0.8,1.0
2025-08-12,2025-08-12 14:48:10.400,MO2508-C-7500,1.0,0.8,1.0
2025-08-12,2025-08-12 14:48:19.400,MO2508-C-7500,1.0,0.8,1.0
2025-08-12,2025-08-12 14:48:19.900,MO2508-C-7500,1.0,0.8,1.0
2025-08-12,2025-08-12 14:48:20.400,MO2508-C-7500,1.0,0.8,1.0
2025-08-12,2025-08-12 14:48:29.400,MO2508-C-7500,1.0,0.8,1.0
2025-08-12,2025-08-12 14:48:29.900,MO2508-C-7500,1.0,0.8,1.0
2025-08-12,2025-08-12 14:48:30.400,MO2508-C-7500,1.0,0.8,1.0
2025-08-12,2025-08-12 14:48:39.400,MO2508-C-7500,1.0,0.8,1.0
2025-08-12,2025-08-12 14:48:39.900,MO2508-C-7500,1.0,0.8,1.0
2025-08-12,2025-08-12 14:48:40.400,MO2508-C-7500,1.0,0.8,1.0
2025-08-12,2025-08-12 14:48:49.400,MO2508-C-7500,1.0,0.8,1.0
2025-08-12,2025-08-12 14:48:49.900,MO2508-C-7500,1.0,0.8,1.0
2025-08-12,2025-08-12 14:48:50.400,MO2508-C-7500,1.0,0.8,1.0
2025-08-12,2025-08-12 14:48:56.400,MO2508-C-7500,0.8,0.8,1.0
2025-08-12,2025-08-12 14:48:56.900,MO2508-C-7500,0.8,0.8,1.0
2025-08-12,2025-08-12 14:48:59.400,MO2508-C-7500,0.8,0.8,1.0
2025-08-12,2025-08-12 14:48:59.900,MO2508-C-7500,0.8,0.8,1.0
2025-08-12,2025-08-12 14:49:03.400,MO2508-C-7500,0.8,0.8,1.0
2025-08-12,2025-08-12 14:49:09.400,MO2508-C-7500,0.8,0.8,1.0
2025-08-12,2025-08-12 14:49:09.900,MO2508-C-7500,0.8,0.8,1.0
2025-08-12,2025-08-12 14:49:19.400,MO2508-C-7500,0.8,0.8,1.0
2025-08-12,2025-08-12 14:49:19.900,MO2508-C-7500,0.8,0.8,1.0
2025-08-12,2025-08-12 14:49:29.400,MO2508-C-7500,0.8,0.8,1.0
2025-08-12,2025-08-12 14:49:29.900,MO2508-C-7500,0.8,0.8,1.0
2025-08-12,2025-08-12 14:49:39.400,MO2508-C-7500,0.8,0.8,1.0
2025-08-12,2025-08-12 14:49:39.900,MO2508-C-7500,0.8,0.8,1.0
2025-08-12,2025-08-12 14:49:49.400,MO2508-C-7500,0.8,0.8,1.0
2025-08-12,2025-08-12 14:49:49.900,MO2508-C-7500,0.8,0.8,1.0
2025-08-12,2025-08-12 14:49:59.400,MO2508-C-7500,0.8,0.8,1.0
2025-08-12,2025-08-12 14:49:59.900,MO2508-C-7500,0.8,0.8,1.0
2025-08-12,2025-08-12 14:50:09.400,MO2508-C-7500,0.8,0.8,1.0
2025-08-12,2025-08-12 14:50:09.900,MO2508-C-7500,0.8,0.8,1.0
2025-08-12,2025-08-12 14:50:19.400,MO2508-C-7500,0.8,0.8,1.0
2025-08-12,2025-08-12 14:50:19.900,MO2508-C-7500,0.8,0.8,1.0
2025-08-12,2025-08-12 14:50:20.400,MO2508-C-7500,0.8,0.8,1.0
2025-08-12,2025-08-12 14:50:21.900,MO2508-C-7500,0.8,0.8,1.0
2025-08-12,2025-08-12 14:50:29.400,MO2508-C-7500,0.8,0.8,1.0
2025-08-12,2025-08-12 14:50:29.900,MO2508-C-7500,0.8,0.8,1.0
2025-08-12,2025-08-12 14:50:39.400,MO2508-C-7500,0.8,0.8,1.0
2025-08-12,2025-08-12 14:50:39.900,MO2508-C-7500,0.8,0.8,1.0
2025-08-12,2025-08-12 14:50:49.400,MO2508-C-7500,0.8,0.8,1.0
2025-08-12,2025-08-12 14:50:49.900,MO2508-C-7500,0.8,0.8,1.0
2025-08-12,2025-08-12 14:50:59.400,MO2508-C-7500,0.8,0.8,1.0
2025-08-12,2025-08-12 14:50:59.900,MO2508-C-7500,0.8,0.8,1.0
2025-08-12,2025-08-12 14:51:02.400,MO2508-C-7500,0.8,0.8,1.0
2025-08-12,2025-08-12 14:51:04.400,MO2508-C-7500,0.8,0.8,1.0
2025-08-12,2025-08-12 14:51:05.400,MO2508-C-7500,0.8,0.8,1.0
2025-08-12,2025-08-12 14:51:05.900,MO2508-C-7500,0.8,0.8,1.0
2025-08-12,2025-08-12 14:51:09.400,MO2508-C-7500,0.8,0.8,1.0
2025-08-12,2025-08-12 14:51:09.900,MO2508-C-7500,0.8,0.8,1.0
2025-08-12,2025-08-12 14:51:11.400,MO2508-C-7500,0.8,0.8,1.0
2025-08-12,2025-08-12 14:51:19.400,MO2508-C-7500,0.8,0.8,1.0
2025-08-12,2025-08-12 14:51:19.900,MO2508-C-7500,0.8,0.8,1.0
2025-08-12,2025-08-12 14:51:29.400,MO2508-C-7500,0.8,0.8,1.0
2025-08-12,2025-08-12 14:51:29.900,MO2508-C-7500,0.8,0.8,1.0
2025-08-12,2025-08-12 14:51:39.400,MO2508-C-7500,0.8,0.8,1.0
2025-08-12,2025-08-12 14:51:39.900,MO2508-C-7500,0.8,0.8,1.0
2025-08-12,2025-08-12 14:51:49.400,MO2508-C-7500,0.8,0.8,1.0
2025-08-12,2025-08-12 14:51:49.900,MO2508-C-7500,0.8,0.8,1.0
2025-08-12,2025-08-12 14:51:59.400,MO2508-C-7500,0.8,0.8,1.0
2025-08-12,2025-08-12 14:51:59.900,MO2508-C-7500,0.8,0.8,1.0
2025-08-12,2025-08-12 14:52:09.400,MO2508-C-7500,0.8,0.8,1.0
2025-08-12,2025-08-12 14:52:09.900,MO2508-C-7500,0.8,0.8,1.0
2025-08-12,2025-08-12 14:52:19.400,MO2508-C-7500,0.8,0.8,1.0
2025-08-12,2025-08-12 14:52:19.900,MO2508-C-7500,0.8,0.8,1.0
2025-08-12,2025-08-12 14:52:29.400,MO2508-C-7500,0.8,0.8,1.0
2025-08-12,2025-08-12 14:52:29.900,MO2508-C-7500,0.8,0.8,1.0
2025-08-12,2025-08-12 14:52:39.400,MO2508-C-7500,0.8,0.8,1.0
2025-08-12,2025-08-12 14:52:39.900,MO2508-C-7500,0.8,0.8,1.0
2025-08-12,2025-08-12 14:52:49.400,MO2508-C-7500,0.8,0.8,1.0
2025-08-12,2025-08-12 14:52:49.900,MO2508-C-7500,0.8,0.8,1.0
2025-08-12,2025-08-12 14:52:59.400,MO2508-C-7500,0.8,0.8,1.0
2025-08-12,2025-08-12 14:52:59.900,MO2508-C-7500,0.8,0.8,1.0
2025-08-12,2025-08-12 14:53:09.400,MO2508-C-7500,0.8,0.8,1.0
2025-08-12,2025-08-12 14:53:09.900,MO2508-C-7500,0.8,0.8,1.0
2025-08-12,2025-08-12 14:53:19.400,MO2508-C-7500,0.8,0.8,1.0
2025-08-12,2025-08-12 14:53:19.900,MO2508-C-7500,0.8,0.8,1.0
2025-08-12,2025-08-12 14:53:29.400,MO2508-C-7500,0.8,0.8,1.0
2025-08-12,2025-08-12 14:53:29.900,MO2508-C-7500,0.8,0.8,1.0
2025-08-12,2025-08-12 14:53:39.400,MO2508-C-7500,0.8,0.8,1.0
2025-08-12,2025-08-12 14:53:39.900,MO2508-C-7500,0.8,0.8,1.0
2025-08-12,2025-08-12 14:53:49.400,MO2508-C-7500,0.8,0.8,1.0
2025-08-12,2025-08-12 14:53:49.900,MO2508-C-7500,0.8,0.8,1.0
2025-08-12,2025-08-12 14:53:59.400,MO2508-C-7500,0.8,0.8,1.0
2025-08-12,2025-08-12 14:53:59.900,MO2508-C-7500,0.8,0.8,1.0
2025-08-12,2025-08-12 14:54:09.400,MO2508-C-7500,0.8,0.8,1.0
2025-08-12,2025-08-12 14:54:09.900,MO2508-C-7500,0.8,0.8,1.0
2025-08-12,2025-08-12 14:54:19.400,MO2508-C-7500,0.8,0.8,1.0
2025-08-12,2025-08-12 14:54:19.900,MO2508-C-7500,0.8,0.8,1.0
2025-08-12,2025-08-12 14:54:23.400,MO2508-C-7500,0.8,0.8,1.0
2025-08-12,2025-08-12 14:54:29.400,MO2508-C-7500,0.8,0.8,1.0
2025-08-12,2025-08-12 14:54:29.900,MO2508-C-7500,0.8,0.8,1.0
2025-08-12,2025-08-12 14:54:39.400,MO2508-C-7500,0.8,0.8,1.0
2025-08-12,2025-08-12 14:54:39.900,MO2508-C-7500,0.8,0.8,1.0
2025-08-12,2025-08-12 14:54:49.400,MO2508-C-7500,0.8,0.8,1.0
2025-08-12,2025-08-12 14:54:49.900,MO2508-C-7500,0.8,0.8,1.0
2025-08-12,2025-08-12 14:54:51.900,MO2508-C-7500,0.8,0.8,1.0
2025-08-12,2025-08-12 14:54:59.400,MO2508-C-7500,0.8,0.8,1.0
2025-08-12,2025-08-12 14:54:59.900,MO2508-C-7500,0.8,0.8,1.0
2025-08-12,2025-08-12 14:55:01.400,MO2508-C-7500,0.8,0.8,1.0
2025-08-12,2025-08-12 14:55:04.400,MO2508-C-7500,0.8,0.8,1.0
2025-08-12,2025-08-12 14:55:08.400,MO2508-C-7500,0.8,0.8,1.0
2025-08-12,2025-08-12 14:55:09.400,MO2508-C-7500,0.8,0.8,1.0
2025-08-12,2025-08-12 14:55:09.900,MO2508-C-7500,0.8,0.8,1.0
2025-08-12,2025-08-12 14:55:19.400,MO2508-C-7500,0.8,0.8,1.0
2025-08-12,2025-08-12 14:55:19.900,MO2508-C-7500,0.8,0.8,1.0
2025-08-12,2025-08-12 14:55:29.400,MO2508-C-7500,0.8,0.8,1.0
2025-08-12,2025-08-12 14:55:29.900,MO2508-C-7500,0.8,0.8,1.0
2025-08-12,2025-08-12 14:55:39.400,MO2508-C-7500,0.8,0.8,1.0
2025-08-12,2025-08-12 14:55:39.900,MO2508-C-7500,0.8,0.8,1.0
2025-08-12,2025-08-12 14:55:49.400,MO2508-C-7500,0.8,0.8,1.0
2025-08-12,2025-08-12 14:55:49.900,MO2508-C-7500,0.8,0.8,1.0
2025-08-12,2025-08-12 14:55:50.900,MO2508-C-7500,0.8,0.8,1.0
2025-08-12,2025-08-12 14:55:59.400,MO2508-C-7500,0.8,0.8,1.0
2025-08-12,2025-08-12 14:55:59.900,MO2508-C-7500,0.8,0.8,1.0
2025-08-12,2025-08-12 14:56:00.400,MO2508-C-7500,0.8,0.8,1.0
2025-08-12,2025-08-12 14:56:04.900,MO2508-C-7500,0.8,0.8,1.0
2025-08-12,2025-08-12 14:56:09.400,MO2508-C-7500,0.8,0.8,1.0
2025-08-12,2025-08-12 14:56:09.900,MO2508-C-7500,0.8,0.8,1.0
2025-08-12,2025-08-12 14:56:10.400,MO2508-C-7500,0.8,0.8,1.0
2025-08-12,2025-08-12 14:56:10.900,MO2508-C-7500,0.8,0.8,1.0
2025-08-12,2025-08-12 14:56:19.400,MO2508-C-7500,0.8,0.8,1.0
2025-08-12,2025-08-12 14:56:19.900,MO2508-C-7500,0.8,0.8,1.0
2025-08-12,2025-08-12 14:56:28.400,MO2508-C-7500,0.8,0.8,1.0
2025-08-12,2025-08-12 14:56:29.400,MO2508-C-7500,0.8,0.8,1.0
2025-08-12,2025-08-12 14:56:29.900,MO2508-C-7500,0.8,0.8,1.0
2025-08-12,2025-08-12 14:56:33.900,MO2508-C-7500,0.8,0.8,1.0
2025-08-12,2025-08-12 14:56:36.400,MO2508-C-7500,0.8,0.8,1.0
2025-08-12,2025-08-12 14:56:39.400,MO2508-C-7500,0.8,0.8,1.0
2025-08-12,2025-08-12 14:56:39.900,MO2508-C-7500,0.8,0.8,1.0
2025-08-12,2025-08-12 14:56:40.400,MO2508-C-7500,0.8,0.8,1.0
2025-08-12,2025-08-12 14:56:45.900,MO2508-C-7500,0.8,0.8,1.0
2025-08-12,2025-08-12 14:56:49.400,MO2508-C-7500,0.8,0.8,1.0
2025-08-12,2025-08-12 14:56:49.900,MO2508-C-7500,0.8,0.8,1.0
2025-08-12,2025-08-12 14:56:50.900,MO2508-C-7500,0.8,0.8,1.0
2025-08-12,2025-08-12 14:56:58.900,MO2508-C-7500,0.8,0.8,1.0
2025-08-12,2025-08-12 15:00:00.400,MO2508-C-7500,0.8,0.8,1.0
2025-08-12,2025-08-12 15:24:11.400,MO2508-C-7500,0.8,0.8,1.0
2025-08-12,2025-08-12 15:29:32.400,MO2508-C-7500,0.8,0.8,1.0
2025-08-13,2025-08-13 09:29:00.400,MO2508-C-7500,0.8,0.4,29.0
2025-08-13,2025-08-13 09:30:00.400,MO2508-C-7500,0.8,0.4,1.6
2025-08-13,2025-08-13 09:30:00.900,MO2508-C-7500,0.8,0.4,1.6
2025-08-13,2025-08-13 09:30:01.900,MO2508-C-7500,0.8,0.8,1.6
2025-08-13,2025-08-13 09:30:02.900,MO2508-C-7500,0.8,0.8,1.6
2025-08-13,2025-08-13 09:30:10.400,MO2508-C-7500,0.8,0.8,1.6
2025-08-13,2025-08-13 09:30:10.900,MO2508-C-7500,0.8,0.8,1.6
2025-08-13,2025-08-13 09:30:11.400,MO2508-C-7500,0.8,0.8,1.6
2025-08-13,2025-08-13 09:30:12.400,MO2508-C-7500,0.8,0.8,1.4
2025-08-13,2025-08-13 09:30:12.900,MO2508-C-7500,0.8,1.0,1.4
2025-08-13,2025-08-13 09:30:13.400,MO2508-C-7500,1.0,0.8,1.4
2025-08-13,2025-08-13 09:30:13.900,MO2508-C-7500,1.0,0.8,1.2
2025-08-13,2025-08-13 09:30:15.400,MO2508-C-7500,1.0,0.8,1.2
2025-08-13,2025-08-13 09:30:15.900,MO2508-C-7500,1.0,0.8,1.2
2025-08-13,2025-08-13 09:30:18.400,MO2508-C-7500,1.0,0.8,1.2
2025-08-13,2025-08-13 09:30:18.900,MO2508-C-7500,1.0,0.8,1.2
2025-08-13,2025-08-13 09:30:20.900,MO2508-C-7500,1.0,0.8,1.2
2025-08-13,2025-08-13 09:30:21.400,MO2508-C-7500,1.0,0.8,1.0
2025-08-13,2025-08-13 09:30:21.900,MO2508-C-7500,1.0,0.8,1.0
2025-08-13,2025-08-13 09:30:22.400,MO2508-C-7500,1.0,0.8,1.0
2025-08-13,2025-08-13 09:30:23.900,MO2508-C-7500,1.0,0.8,1.0
2025-08-13,2025-08-13 09:30:24.400,MO2508-C-7500,1.0,0.8,1.0
2025-08-13,2025-08-13 09:30:24.900,MO2508-C-7500,1.0,0.8,1.0
2025-08-13,2025-08-13 09:30:25.400,MO2508-C-7500,1.0,0.8,1.0
2025-08-13,2025-08-13 09:30:25.900,MO2508-C-7500,1.0,0.8,1.0
2025-08-13,2025-08-13 09:30:26.400,MO2508-C-7500,1.0,0.8,1.0
2025-08-13,2025-08-13 09:30:26.900,MO2508-C-7500,1.0,0.8,1.0
2025-08-13,2025-08-13 09:30:27.400,MO2508-C-7500,1.0,0.8,1.0
2025-08-13,2025-08-13 09:30:27.900,MO2508-C-7500,1.0,0.8,1.0
2025-08-13,2025-08-13 09:30:28.400,MO2508-C-7500,1.0,0.8,1.0
2025-08-13,2025-08-13 09:30:32.400,MO2508-C-7500,1.0,0.8,1.0
2025-08-13,2025-08-13 09:30:32.900,MO2508-C-7500,1.0,0.8,1.0
2025-08-13,2025-08-13 09:30:33.400,MO2508-C-7500,0.8,0.8,1.0
2025-08-13,2025-08-13 09:30:35.900,MO2508-C-7500,0.8,0.8,1.0
2025-08-13,2025-08-13 09:30:38.400,MO2508-C-7500,1.0,0.8,1.0
2025-08-13,2025-08-13 09:30:38.900,MO2508-C-7500,1.0,0.8,1.2
2025-08-13,2025-08-13 09:30:39.400,MO2508-C-7500,1.0,0.8,1.2
2025-08-13,2025-08-13 09:30:39.900,MO2508-C-7500,1.0,0.8,1.2
2025-08-13,2025-08-13 09:30:40.400,MO2508-C-7500,1.0,0.8,1.2
2025-08-13,2025-08-13 09:30:40.900,MO2508-C-7500,1.0,0.8,1.2
2025-08-13,2025-08-13 09:30:41.400,MO2508-C-7500,1.0,0.8,1.2
2025-08-13,2025-08-13 09:30:41.900,MO2508-C-7500,1.0,0.8,1.2
2025-08-13,2025-08-13 09:30:42.400,MO2508-C-7500,1.0,0.8,1.2
2025-08-13,2025-08-13 09:30:42.900,MO2508-C-7500,1.0,0.8,1.2
2025-08-13,2025-08-13 09:30:43.400,MO2508-C-7500,1.0,0.8,1.2
2025-08-13,2025-08-13 09:30:44.900,MO2508-C-7500,1.0,0.8,1.2
2025-08-13,2025-08-13 09:30:45.400,MO2508-C-7500,1.0,0.8,1.2
2025-08-13,2025-08-13 09:30:45.900,MO2508-C-7500,1.0,0.8,1.2
2025-08-13,2025-08-13 09:30:46.900,MO2508-C-7500,1.0,0.8,1.2
2025-08-13,2025-08-13 09:30:47.400,MO2508-C-7500,1.0,0.8,1.2
2025-08-13,2025-08-13 09:30:47.900,MO2508-C-7500,1.0,0.8,1.2
2025-08-13,2025-08-13 09:30:49.400,MO2508-C-7500,1.0,0.8,1.2
2025-08-13,2025-08-13 09:30:49.900,MO2508-C-7500,1.0,0.8,1.2
2025-08-13,2025-08-13 09:30:50.400,MO2508-C-7500,1.0,0.8,1.2
2025-08-13,2025-08-13 09:30:50.900,MO2508-C-7500,1.0,0.8,1.2
2025-08-13,2025-08-13 09:31:01.900,MO2508-C-7500,1.0,1.0,1.2
2025-08-13,2025-08-13 09:31:02.400,MO2508-C-7500,1.0,1.0,1.2
2025-08-13,2025-08-13 09:31:03.900,MO2508-C-7500,1.0,1.0,1.2
2025-08-13,2025-08-13 09:31:04.400,MO2508-C-7500,1.0,1.0,1.2
2025-08-13,2025-08-13 09:31:07.900,MO2508-C-7500,1.0,1.0,1.2
2025-08-13,2025-08-13 09:31:08.400,MO2508-C-7500,1.0,1.0,1.2
2025-08-13,2025-08-13 09:31:08.900,MO2508-C-7500,1.2,1.0,1.2
2025-08-13,2025-08-13 09:31:09.400,MO2508-C-7500,1.2,1.0,1.2
2025-08-13,2025-08-13 09:31:09.900,MO2508-C-7500,1.2,1.0,1.2
2025-08-13,2025-08-13 09:31:10.400,MO2508-C-7500,1.2,1.0,1.2
2025-08-13,2025-08-13 09:31:11.400,MO2508-C-7500,1.2,1.0,1.2
2025-08-13,2025-08-13 09:31:11.900,MO2508-C-7500,1.2,1.0,1.2
2025-08-13,2025-08-13 09:31:12.900,MO2508-C-7500,1.2,1.0,1.2
2025-08-13,2025-08-13 09:31:15.900,MO2508-C-7500,1.2,1.0,1.2
2025-08-13,2025-08-13 09:31:16.400,MO2508-C-7500,1.2,1.0,1.2
2025-08-13,2025-08-13 09:31:16.900,MO2508-C-7500,1.2,1.0,1.2
2025-08-13,2025-08-13 09:31:17.400,MO2508-C-7500,1.2,1.0,1.2
2025-08-13,2025-08-13 09:31:17.900,MO2508-C-7500,1.2,1.0,1.2
2025-08-13,2025-08-13 09:31:21.400,MO2508-C-7500,1.2,1.0,1.2
2025-08-13,2025-08-13 09:31:24.400,MO2508-C-7500,1.2,1.0,1.2
2025-08-13,2025-08-13 09:31:32.400,MO2508-C-7500,1.2,1.0,1.2
2025-08-13,2025-08-13 09:31:35.900,MO2508-C-7500,1.2,1.0,1.2
2025-08-13,2025-08-13 09:31:49.400,MO2508-C-7500,1.2,1.0,1.2
2025-08-13,2025-08-13 09:31:49.900,MO2508-C-7500,1.2,1.0,1.2
2025-08-13,2025-08-13 09:31:50.400,MO2508-C-7500,1.2,1.0,1.2
2025-08-13,2025-08-13 09:31:51.400,MO2508-C-7500,1.2,1.0,1.2
2025-08-13,2025-08-13 09:31:51.900,MO2508-C-7500,1.2,1.0,1.2
2025-08-13,2025-08-13 09:31:52.400,MO2508-C-7500,1.2,1.0,1.2
2025-08-13,2025-08-13 09:31:54.400,MO2508-C-7500,1.2,1.0,1.2
2025-08-13,2025-08-13 09:31:58.900,MO2508-C-7500,1.2,1.0,1.2
2025-08-13,2025-08-13 09:32:03.900,MO2508-C-7500,1.2,1.0,1.2
2025-08-13,2025-08-13 09:32:04.400,MO2508-C-7500,1.2,1.0,1.2
2025-08-13,2025-08-13 09:32:04.900,MO2508-C-7500,1.2,1.0,1.2
2025-08-13,2025-08-13 09:32:16.400,MO2508-C-7500,1.2,1.0,1.2
2025-08-13,2025-08-13 09:32:16.900,MO2508-C-7500,1.2,1.0,1.2
2025-08-13,2025-08-13 09:32:18.400,MO2508-C-7500,1.2,1.0,1.2
2025-08-13,2025-08-13 09:32:18.900,MO2508-C-7500,1.0,1.0,1.2
2025-08-13,2025-08-13 09:32:19.400,MO2508-C-7500,1.0,1.0,1.2
2025-08-13,2025-08-13 09:32:20.400,MO2508-C-7500,1.0,1.0,1.2
2025-08-13,2025-08-13 09:32:31.400,MO2508-C-7500,1.0,1.0,1.2
2025-08-13,2025-08-13 09:32:31.900,MO2508-C-7500,1.0,1.0,1.2
2025-08-13,2025-08-13 09:32:35.900,MO2508-C-7500,1.0,1.0,1.2
2025-08-13,2025-08-13 09:32:36.400,MO2508-C-7500,1.0,1.0,1.2
2025-08-13,2025-08-13 09:32:36.900,MO2508-C-7500,1.2,1.0,1.2
2025-08-13,2025-08-13 09:32:37.400,MO2508-C-7500,1.2,1.0,1.2
2025-08-13,2025-08-13 09:32:37.900,MO2508-C-7500,1.2,1.0,1.2
2025-08-13,2025-08-13 09:32:38.400,MO2508-C-7500,1.2,1.0,1.2
2025-08-13,2025-08-13 09:32:40.900,MO2508-C-7500,1.2,1.2,1.4
2025-08-13,2025-08-13 09:32:41.400,MO2508-C-7500,1.2,1.2,1.4
2025-08-13,2025-08-13 09:32:41.900,MO2508-C-7500,1.2,1.2,1.4
2025-08-13,2025-08-13 09:32:49.400,MO2508-C-7500,1.2,1.2,1.4
2025-08-13,2025-08-13 09:32:51.900,MO2508-C-7500,1.2,1.2,1.4
2025-08-13,2025-08-13 09:32:52.400,MO2508-C-7500,1.2,1.2,1.4
2025-08-13,2025-08-13 09:32:53.900,MO2508-C-7500,1.2,1.2,1.4
2025-08-13,2025-08-13 09:32:58.400,MO2508-C-7500,1.2,1.2,1.4
2025-08-13,2025-08-13 09:33:03.900,MO2508-C-7500,1.2,1.2,1.4
2025-08-13,2025-08-13 09:33:08.900,MO2508-C-7500,1.2,1.2,1.4
2025-08-13,2025-08-13 09:33:09.400,MO2508-C-7500,1.2,1.2,1.4
2025-08-13,2025-08-13 09:33:13.400,MO2508-C-7500,1.2,1.2,1.4
2025-08-13,2025-08-13 09:33:19.900,MO2508-C-7500,1.2,1.2,1.4
2025-08-13,2025-08-13 09:33:24.900,MO2508-C-7500,1.2,1.2,1.4
2025-08-13,2025-08-13 09:33:28.400,MO2508-C-7500,1.2,1.2,1.4
2025-08-13,2025-08-13 09:33:28.900,MO2508-C-7500,1.2,1.2,1.4
2025-08-13,2025-08-13 09:33:38.400,MO2508-C-7500,1.2,1.2,1.4
2025-08-13,2025-08-13 09:33:38.900,MO2508-C-7500,1.2,1.2,1.4
2025-08-13,2025-08-13 09:33:48.400,MO2508-C-7500,1.2,1.2,1.4
2025-08-13,2025-08-13 09:33:48.900,MO2508-C-7500,1.2,1.2,1.4
2025-08-13,2025-08-13 09:33:53.900,MO2508-C-7500,1.2,1.2,1.4
2025-08-13,2025-08-13 09:33:58.400,MO2508-C-7500,1.2,1.2,1.4
2025-08-13,2025-08-13 09:33:58.900,MO2508-C-7500,1.2,1.2,1.4
2025-08-13,2025-08-13 09:33:59.400,MO2508-C-7500,1.4,1.2,1.4
2025-08-13,2025-08-13 09:34:00.400,MO2508-C-7500,1.4,1.2,1.4
2025-08-13,2025-08-13 09:34:00.900,MO2508-C-7500,1.4,1.2,1.4
2025-08-13,2025-08-13 09:34:01.400,MO2508-C-7500,1.4,1.2,1.4
2025-08-13,2025-08-13 09:34:04.900,MO2508-C-7500,1.4,1.2,1.4
2025-08-13,2025-08-13 09:34:07.400,MO2508-C-7500,1.4,1.2,1.4
2025-08-13,2025-08-13 09:34:08.400,MO2508-C-7500,1.4,1.2,1.4
2025-08-13,2025-08-13 09:34:08.900,MO2508-C-7500,1.4,1.2,1.4
2025-08-13,2025-08-13 09:34:13.400,MO2508-C-7500,1.4,1.2,1.4
2025-08-13,2025-08-13 09:34:13.900,MO2508-C-7500,1.4,1.2,1.4
2025-08-13,2025-08-13 09:34:18.400,MO2508-C-7500,1.4,1.2,1.4
2025-08-13,2025-08-13 09:34:18.900,MO2508-C-7500,1.4,1.2,1.4
2025-08-13,2025-08-13 09:34:28.400,MO2508-C-7500,1.4,1.2,1.4
2025-08-13,2025-08-13 09:34:28.900,MO2508-C-7500,1.4,1.2,1.4
2025-08-13,2025-08-13 09:34:35.900,MO2508-C-7500,1.4,1.2,1.4
2025-08-13,2025-08-13 09:34:38.400,MO2508-C-7500,1.4,1.2,1.4
2025-08-13,2025-08-13 09:34:38.900,MO2508-C-7500,1.4,1.2,1.4
2025-08-13,2025-08-13 09:34:48.400,MO2508-C-7500,1.4,1.2,1.4
2025-08-13,2025-08-13 09:34:48.900,MO2508-C-7500,1.4,1.2,1.4
2025-08-13,2025-08-13 09:34:51.900,MO2508-C-7500,1.4,1.2,1.4
2025-08-13,2025-08-13 09:34:52.400,MO2508-C-7500,1.4,1.2,1.4
2025-08-13,2025-08-13 09:34:52.900,MO2508-C-7500,1.4,1.2,1.4
2025-08-13,2025-08-13 09:34:57.900,MO2508-C-7500,1.4,1.2,1.4
2025-08-13,2025-08-13 09:34:58.400,MO2508-C-7500,1.4,1.2,1.4
2025-08-13,2025-08-13 09:34:58.900,MO2508-C-7500,1.4,1.2,1.4
2025-08-13,2025-08-13 09:34:59.900,MO2508-C-7500,1.4,1.2,1.4
2025-08-13,2025-08-13 09:35:02.400,MO2508-C-7500,1.4,1.2,1.4
2025-08-13,2025-08-13 09:35:05.900,MO2508-C-7500,1.4,1.2,1.4
2025-08-13,2025-08-13 09:35:07.900,MO2508-C-7500,1.4,1.2,1.4
2025-08-13,2025-08-13 09:35:08.400,MO2508-C-7500,1.4,1.2,1.4
2025-08-13,2025-08-13 09:35:08.900,MO2508-C-7500,1.4,1.2,1.4
2025-08-13,2025-08-13 09:35:09.900,MO2508-C-7500,1.4,1.2,1.4
2025-08-13,2025-08-13 09:35:11.900,MO2508-C-7500,1.4,1.2,1.4
2025-08-13,2025-08-13 09:35:17.900,MO2508-C-7500,1.4,1.2,1.4
2025-08-13,2025-08-13 09:35:18.400,MO2508-C-7500,1.4,1.2,1.4
2025-08-13,2025-08-13 09:35:18.900,MO2508-C-7500,1.4,1.2,1.4
2025-08-13,2025-08-13 09:35:25.400,MO2508-C-7500,1.4,1.2,1.4
2025-08-13,2025-08-13 09:35:25.900,MO2508-C-7500,1.4,1.2,1.4
2025-08-13,2025-08-13 09:35:27.400,MO2508-C-7500,1.4,1.2,1.4
2025-08-13,2025-08-13 09:35:27.900,MO2508-C-7500,1.4,1.2,1.4
2025-08-13,2025-08-13 09:35:28.400,MO2508-C-7500,1.4,1.2,1.4
2025-08-13,2025-08-13 09:35:28.900,MO2508-C-7500,1.4,1.2,1.4
2025-08-13,2025-08-13 09:35:30.900,MO2508-C-7500,1.4,1.2,1.4
2025-08-13,2025-08-13 09:35:32.400,MO2508-C-7500,1.4,1.2,1.4
2025-08-13,2025-08-13 09:35:32.900,MO2508-C-7500,1.4,1.2,1.4
2025-08-13,2025-08-13 09:35:33.900,MO2508-C-7500,1.4,1.2,1.4
2025-08-13,2025-08-13 09:35:35.400,MO2508-C-7500,1.4,1.2,1.4
2025-08-13,2025-08-13 09:35:35.900,MO2508-C-7500,1.4,1.2,1.4
2025-08-13,2025-08-13 09:35:36.400,MO2508-C-7500,1.4,1.2,1.4
2025-08-13,2025-08-13 09:35:38.400,MO2508-C-7500,1.4,1.2,1.4
2025-08-13,2025-08-13 09:35:38.900,MO2508-C-7500,1.4,1.2,1.4
2025-08-13,2025-08-13 09:35:39.400,MO2508-C-7500,1.4,1.2,1.4
2025-08-13,2025-08-13 09:35:40.400,MO2508-C-7500,1.4,1.2,1.4
2025-08-13,2025-08-13 09:35:41.400,MO2508-C-7500,1.4,1.2,1.4
2025-08-13,2025-08-13 09:35:44.400,MO2508-C-7500,1.4,1.2,1.4
2025-08-13,2025-08-13 09:35:45.400,MO2508-C-7500,1.4,1.2,1.4
2025-08-13,2025-08-13 09:35:46.400,MO2508-C-7500,1.4,1.2,1.4
2025-08-13,2025-08-13 09:35:48.400,MO2508-C-7500,1.4,1.2,1.4
2025-08-13,2025-08-13 09:35:48.900,MO2508-C-7500,1.4,1.2,1.4
2025-08-13,2025-08-13 09:35:49.400,MO2508-C-7500,1.4,1.2,1.4
2025-08-13,2025-08-13 09:35:49.900,MO2508-C-7500,1.4,1.2,1.4
2025-08-13,2025-08-13 09:35:50.400,MO2508-C-7500,1.4,1.2,1.4
2025-08-13,2025-08-13 09:35:50.900,MO2508-C-7500,1.4,1.2,1.4
2025-08-13,2025-08-13 09:35:51.400,MO2508-C-7500,1.4,1.2,1.4
2025-08-13,2025-08-13 09:35:51.900,MO2508-C-7500,1.4,1.2,1.4
2025-08-13,2025-08-13 09:35:52.400,MO2508-C-7500,1.4,1.2,1.4
2025-08-13,2025-08-13 09:35:53.900,MO2508-C-7500,1.4,1.2,1.4
2025-08-13,2025-08-13 09:35:54.400,MO2508-C-7500,1.4,1.2,1.4
2025-08-13,2025-08-13 09:35:57.400,MO2508-C-7500,1.4,1.2,1.4
2025-08-13,2025-08-13 09:35:58.400,MO2508-C-7500,1.4,1.2,1.4
2025-08-13,2025-08-13 09:35:58.900,MO2508-C-7500,1.4,1.2,1.4
2025-08-13,2025-08-13 09:35:59.400,MO2508-C-7500,1.4,1.2,1.4
2025-08-13,2025-08-13 09:35:59.900,MO2508-C-7500,1.4,1.2,1.4
2025-08-13,2025-08-13 09:36:00.900,MO2508-C-7500,1.4,1.2,1.4
2025-08-13,2025-08-13 09:36:01.400,MO2508-C-7500,1.4,1.2,1.4
2025-08-13,2025-08-13 09:36:02.400,MO2508-C-7500,1.4,1.2,1.4
2025-08-13,2025-08-13 09:36:03.400,MO2508-C-7500,1.4,1.2,1.4
2025-08-13,2025-08-13 09:36:03.900,MO2508-C-7500,1.4,1.2,1.4
2025-08-13,2025-08-13 09:36:04.400,MO2508-C-7500,1.4,1.2,1.4
2025-08-13,2025-08-13 09:36:04.900,MO2508-C-7500,1.2,1.2,1.4
2025-08-13,2025-08-13 09:36:05.400,MO2508-C-7500,1.2,1.2,1.4
2025-08-13,2025-08-13 09:36:05.900,MO2508-C-7500,1.2,1.2,1.4
2025-08-13,2025-08-13 09:36:06.400,MO2508-C-7500,1.2,1.2,1.4
2025-08-13,2025-08-13 09:36:06.900,MO2508-C-7500,1.2,1.2,1.4
2025-08-13,2025-08-13 09:36:07.400,MO2508-C-7500,1.2,1.2,1.4
2025-08-13,2025-08-13 09:36:07.900,MO2508-C-7500,1.4,1.2,1.4
2025-08-13,2025-08-13 09:36:08.400,MO2508-C-7500,1.4,1.2,1.4
2025-08-13,2025-08-13 09:36:08.900,MO2508-C-7500,1.4,1.2,1.4
2025-08-13,2025-08-13 09:36:09.400,MO2508-C-7500,1.4,1.2,1.4
2025-08-13,2025-08-13 09:36:11.900,MO2508-C-7500,1.4,1.2,1.4
2025-08-13,2025-08-13 09:36:12.400,MO2508-C-7500,1.4,1.2,1.4
2025-08-13,2025-08-13 09:36:14.900,MO2508-C-7500,1.4,1.2,1.4
2025-08-13,2025-08-13 09:36:15.400,MO2508-C-7500,1.4,1.2,1.4
2025-08-13,2025-08-13 09:36:16.400,MO2508-C-7500,1.4,1.2,1.4
2025-08-13,2025-08-13 09:36:16.900,MO2508-C-7500,1.4,1.2,1.4
2025-08-13,2025-08-13 09:36:17.400,MO2508-C-7500,1.4,1.2,1.4
2025-08-13,2025-08-13 09:36:17.900,MO2508-C-7500,1.4,1.2,1.4
2025-08-13,2025-08-13 09:36:18.400,MO2508-C-7500,1.4,1.2,1.4
2025-08-13,2025-08-13 09:36:18.900,MO2508-C-7500,1.4,1.2,1.4
2025-08-13,2025-08-13 09:36:20.400,MO2508-C-7500,1.4,1.2,1.4
2025-08-13,2025-08-13 09:36:20.900,MO2508-C-7500,1.2,1.2,1.6
2025-08-13,2025-08-13 09:36:21.400,MO2508-C-7500,1.2,1.2,1.6
2025-08-13,2025-08-13 09:36:21.900,MO2508-C-7500,1.2,1.2,1.6
2025-08-13,2025-08-13 09:36:22.400,MO2508-C-7500,1.2,1.2,1.6
2025-08-13,2025-08-13 09:36:23.900,MO2508-C-7500,1.2,1.2,1.6
2025-08-13,2025-08-13 09:36:24.400,MO2508-C-7500,1.2,1.2,1.6
2025-08-13,2025-08-13 09:36:25.400,MO2508-C-7500,1.2,1.2,1.6
2025-08-13,2025-08-13 09:36:25.900,MO2508-C-7500,1.2,1.2,1.6
2025-08-13,2025-08-13 09:36:26.400,MO2508-C-7500,1.2,1.2,1.6
2025-08-13,2025-08-13 09:36:26.900,MO2508-C-7500,1.2,1.2,1.6
2025-08-13,2025-08-13 09:36:27.400,MO2508-C-7500,1.2,1.2,1.6
2025-08-13,2025-08-13 09:36:27.900,MO2508-C-7500,1.2,1.2,1.6
2025-08-13,2025-08-13 09:36:28.400,MO2508-C-7500,1.2,1.2,1.6
2025-08-13,2025-08-13 09:36:28.900,MO2508-C-7500,1.2,1.2,1.6
2025-08-13,2025-08-13 09:36:29.400,MO2508-C-7500,1.2,1.2,1.6
2025-08-13,2025-08-13 09:36:29.900,MO2508-C-7500,1.2,1.2,1.6
2025-08-13,2025-08-13 09:36:30.900,MO2508-C-7500,1.2,1.2,1.6
2025-08-13,2025-08-13 09:36:31.400,MO2508-C-7500,1.2,1.2,1.6
2025-08-13,2025-08-13 09:36:33.900,MO2508-C-7500,1.2,1.2,1.6
2025-08-13,2025-08-13 09:36:34.400,MO2508-C-7500,1.2,1.2,1.6
2025-08-13,2025-08-13 09:36:36.900,MO2508-C-7500,1.2,1.2,1.6
2025-08-13,2025-08-13 09:36:37.400,MO2508-C-7500,1.2,1.2,1.6
2025-08-13,2025-08-13 09:36:38.400,MO2508-C-7500,1.2,1.2,1.6
2025-08-13,2025-08-13 09:36:38.900,MO2508-C-7500,1.2,1.2,1.6
2025-08-13,2025-08-13 09:36:48.400,MO2508-C-7500,1.2,1.2,1.6
2025-08-13,2025-08-13 09:36:48.900,MO2508-C-7500,1.2,1.2,1.6
2025-08-13,2025-08-13 09:36:53.400,MO2508-C-7500,1.2,1.2,1.6
2025-08-13,2025-08-13 09:36:53.900,MO2508-C-7500,1.2,1.2,1.6
2025-08-13,2025-08-13 09:36:54.400,MO2508-C-7500,1.2,1.2,1.6
2025-08-13,2025-08-13 09:36:54.900,MO2508-C-7500,1.2,1.2,1.6
2025-08-13,2025-08-13 09:36:55.900,MO2508-C-7500,1.2,1.2,1.6
2025-08-13,2025-08-13 09:36:56.400,MO2508-C-7500,1.2,1.2,1.6
2025-08-13,2025-08-13 09:36:56.900,MO2508-C-7500,1.2,1.2,1.6
2025-08-13,2025-08-13 09:36:57.400,MO2508-C-7500,1.2,1.2,1.6
2025-08-13,2025-08-13 09:36:57.900,MO2508-C-7500,1.2,1.2,1.6
2025-08-13,2025-08-13 09:36:58.400,MO2508-C-7500,1.2,1.2,1.6
2025-08-13,2025-08-13 09:36:58.900,MO2508-C-7500,1.2,1.2,1.6
2025-08-13,2025-08-13 09:36:59.400,MO2508-C-7500,1.4,1.2,1.4
2025-08-13,2025-08-13 09:36:59.900,MO2508-C-7500,1.4,1.2,1.6
2025-08-13,2025-08-13 09:37:00.400,MO2508-C-7500,1.4,1.2,1.6
2025-08-13,2025-08-13 09:37:00.900,MO2508-C-7500,1.4,1.2,1.6
2025-08-13,2025-08-13 09:37:05.400,MO2508-C-7500,1.4,1.2,1.6
2025-08-13,2025-08-13 09:37:05.900,MO2508-C-7500,1.4,1.2,1.6
2025-08-13,2025-08-13 09:37:08.400,MO2508-C-7500,1.4,1.2,1.6
2025-08-13,2025-08-13 09:37:08.900,MO2508-C-7500,1.4,1.2,1.6
2025-08-13,2025-08-13 09:37:18.400,MO2508-C-7500,1.4,1.2,1.6
2025-08-13,2025-08-13 09:37:18.900,MO2508-C-7500,1.4,1.2,1.6
2025-08-13,2025-08-13 09:37:24.900,MO2508-C-7500,1.4,1.2,1.4
2025-08-13,2025-08-13 09:37:25.400,MO2508-C-7500,1.4,1.2,1.4
2025-08-13,2025-08-13 09:37:28.400,MO2508-C-7500,1.4,1.2,1.4
2025-08-13,2025-08-13 09:37:28.900,MO2508-C-7500,1.4,1.2,1.4
2025-08-13,2025-08-13 09:37:31.900,MO2508-C-7500,1.4,1.2,1.4
2025-08-13,2025-08-13 09:37:34.900,MO2508-C-7500,1.4,1.2,1.4
2025-08-13,2025-08-13 09:37:38.400,MO2508-C-7500,1.4,1.2,1.4
2025-08-13,2025-08-13 09:37:38.900,MO2508-C-7500,1.4,1.2,1.4
2025-08-13,2025-08-13 09:37:39.400,MO2508-C-7500,1.4,1.2,1.4
2025-08-13,2025-08-13 09:37:41.900,MO2508-C-7500,1.4,1.2,1.4
2025-08-13,2025-08-13 09:37:42.900,MO2508-C-7500,1.4,1.2,1.4
2025-08-13,2025-08-13 09:37:48.400,MO2508-C-7500,1.4,1.2,1.4
2025-08-13,2025-08-13 09:37:48.900,MO2508-C-7500,1.4,1.2,1.4
2025-08-13,2025-08-13 09:37:49.400,MO2508-C-7500,1.4,1.2,1.4
2025-08-13,2025-08-13 09:37:50.900,MO2508-C-7500,1.4,1.2,1.4
2025-08-13,2025-08-13 09:37:56.900,MO2508-C-7500,1.4,1.2,1.4
2025-08-13,2025-08-13 09:37:57.400,MO2508-C-7500,1.4,1.2,1.6
2025-08-13,2025-08-13 09:37:57.900,MO2508-C-7500,1.4,1.2,1.6
2025-08-13,2025-08-13 09:37:58.400,MO2508-C-7500,1.4,1.2,1.6
2025-08-13,2025-08-13 09:37:58.900,MO2508-C-7500,1.4,1.2,1.6
2025-08-13,2025-08-13 09:38:03.400,MO2508-C-7500,1.4,1.2,1.6
2025-08-13,2025-08-13 09:38:03.900,MO2508-C-7500,1.4,1.2,1.6
2025-08-13,2025-08-13 09:38:04.400,MO2508-C-7500,1.4,1.2,1.6
2025-08-13,2025-08-13 09:38:04.900,MO2508-C-7500,1.4,1.2,1.6
2025-08-13,2025-08-13 09:38:05.400,MO2508-C-7500,1.4,1.2,1.4
2025-08-13,2025-08-13 09:38:07.400,MO2508-C-7500,1.4,1.2,1.4
2025-08-13,2025-08-13 09:38:08.400,MO2508-C-7500,1.4,1.2,1.4
2025-08-13,2025-08-13 09:38:08.900,MO2508-C-7500,1.4,1.2,1.4
2025-08-13,2025-08-13 09:38:10.400,MO2508-C-7500,1.4,1.2,1.4
2025-08-13,2025-08-13 09:38:11.900,MO2508-C-7500,1.4,1.2,1.4
2025-08-13,2025-08-13 09:38:12.400,MO2508-C-7500,1.4,1.2,1.4
2025-08-13,2025-08-13 09:38:18.400,MO2508-C-7500,1.4,1.2,1.4
2025-08-13,2025-08-13 09:38:18.900,MO2508-C-7500,1.4,1.2,1.4
2025-08-13,2025-08-13 09:38:19.900,MO2508-C-7500,1.4,1.2,1.6
2025-08-13,2025-08-13 09:38:20.400,MO2508-C-7500,1.4,1.2,1.6
2025-08-13,2025-08-13 09:38:20.900,MO2508-C-7500,1.4,1.2,1.6
2025-08-13,2025-08-13 09:38:21.400,MO2508-C-7500,1.4,1.2,1.6
2025-08-13,2025-08-13 09:38:22.400,MO2508-C-7500,1.4,1.2,1.6
2025-08-13,2025-08-13 09:38:27.900,MO2508-C-7500,1.4,1.2,1.6
2025-08-13,2025-08-13 09:38:28.400,MO2508-C-7500,1.4,1.2,1.6
2025-08-13,2025-08-13 09:38:28.900,MO2508-C-7500,1.4,1.2,1.6
2025-08-13,2025-08-13 09:38:29.900,MO2508-C-7500,1.4,1.2,1.6
2025-08-13,2025-08-13 09:38:30.400,MO2508-C-7500,1.4,1.2,1.6
2025-08-13,2025-08-13 09:38:32.400,MO2508-C-7500,1.4,1.2,1.6
2025-08-13,2025-08-13 09:38:32.900,MO2508-C-7500,1.4,1.2,1.6
2025-08-13,2025-08-13 09:38:33.400,MO2508-C-7500,1.4,1.2,1.6
2025-08-13,2025-08-13 09:38:33.900,MO2508-C-7500,1.4,1.2,1.6
2025-08-13,2025-08-13 09:38:34.400,MO2508-C-7500,1.4,1.2,1.6
2025-08-13,2025-08-13 09:38:34.900,MO2508-C-7500,1.4,1.2,1.6
2025-08-13,2025-08-13 09:38:35.400,MO2508-C-7500,1.4,1.2,1.6
2025-08-13,2025-08-13 09:38:36.400,MO2508-C-7500,1.4,1.2,1.6
2025-08-13,2025-08-13 09:38:36.900,MO2508-C-7500,1.4,1.2,1.6
2025-08-13,2025-08-13 09:38:37.400,MO2508-C-7500,1.4,1.2,1.6
2025-08-13,2025-08-13 09:38:37.900,MO2508-C-7500,1.4,1.2,1.6
2025-08-13,2025-08-13 09:38:38.400,MO2508-C-7500,1.4,1.2,1.6
2025-08-13,2025-08-13 09:38:38.900,MO2508-C-7500,1.4,1.2,1.6
2025-08-13,2025-08-13 09:38:39.400,MO2508-C-7500,1.4,1.4,1.6
2025-08-13,2025-08-13 09:38:39.900,MO2508-C-7500,1.4,1.4,1.6
2025-08-13,2025-08-13 09:38:40.400,MO2508-C-7500,1.4,1.4,1.6
2025-08-13,2025-08-13 09:38:40.900,MO2508-C-7500,1.4,1.4,1.6
2025-08-13,2025-08-13 09:38:41.400,MO2508-C-7500,1.4,1.4,1.6
2025-08-13,2025-08-13 09:38:41.900,MO2508-C-7500,1.4,1.4,1.6
2025-08-13,2025-08-13 09:38:42.400,MO2508-C-7500,1.4,1.4,1.6
2025-08-13,2025-08-13 09:38:43.900,MO2508-C-7500,1.4,1.4,1.6
2025-08-13,2025-08-13 09:38:44.400,MO2508-C-7500,1.4,1.4,1.6
2025-08-13,2025-08-13 09:38:46.900,MO2508-C-7500,1.4,1.4,1.6
2025-08-13,2025-08-13 09:38:48.400,MO2508-C-7500,1.4,1.4,1.6
2025-08-13,2025-08-13 09:38:48.900,MO2508-C-7500,1.4,1.4,1.6
2025-08-13,2025-08-13 09:38:49.400,MO2508-C-7500,1.6,1.4,1.6
2025-08-13,2025-08-13 09:38:49.900,MO2508-C-7500,1.6,1.4,1.6
2025-08-13,2025-08-13 09:38:50.400,MO2508-C-7500,1.6,1.4,1.6
2025-08-13,2025-08-13 09:38:52.400,MO2508-C-7500,1.6,1.4,1.6
2025-08-13,2025-08-13 09:38:52.900,MO2508-C-7500,1.6,1.4,1.6
2025-08-13,2025-08-13 09:38:53.900,MO2508-C-7500,1.6,1.4,1.6
2025-08-13,2025-08-13 09:38:54.400,MO2508-C-7500,1.6,1.4,1.6
2025-08-13,2025-08-13 09:38:54.900,MO2508-C-7500,1.6,1.4,1.6
2025-08-13,2025-08-13 09:38:55.400,MO2508-C-7500,1.6,1.4,1.6
2025-08-13,2025-08-13 09:38:55.900,MO2508-C-7500,1.6,1.4,1.6
2025-08-13,2025-08-13 09:38:56.400,MO2508-C-7500,1.6,1.4,1.6
2025-08-13,2025-08-13 09:38:56.900,MO2508-C-7500,1.6,1.4,1.6
2025-08-13,2025-08-13 09:38:58.400,MO2508-C-7500,1.6,1.4,1.6
2025-08-13,2025-08-13 09:38:58.900,MO2508-C-7500,1.6,1.4,1.6
2025-08-13,2025-08-13 09:39:02.900,MO2508-C-7500,1.4,1.4,1.6
2025-08-13,2025-08-13 09:39:05.400,MO2508-C-7500,1.4,1.4,1.6
2025-08-13,2025-08-13 09:39:07.400,MO2508-C-7500,1.4,1.4,1.6
2025-08-13,2025-08-13 09:39:07.900,MO2508-C-7500,1.4,1.4,1.6
2025-08-13,2025-08-13 09:39:08.400,MO2508-C-7500,1.4,1.4,1.6
2025-08-13,2025-08-13 09:39:08.900,MO2508-C-7500,1.4,1.4,1.6
2025-08-13,2025-08-13 09:39:09.400,MO2508-C-7500,1.4,1.4,1.6
2025-08-13,2025-08-13 09:39:18.400,MO2508-C-7500,1.4,1.4,1.6
2025-08-13,2025-08-13 09:39:18.900,MO2508-C-7500,1.4,1.4,1.6
2025-08-13,2025-08-13 09:39:20.400,MO2508-C-7500,1.4,1.4,1.6
2025-08-13,2025-08-13 09:39:20.900,MO2508-C-7500,1.4,1.4,1.6
2025-08-13,2025-08-13 09:39:21.400,MO2508-C-7500,1.4,1.4,1.6
2025-08-13,2025-08-13 09:39:23.400,MO2508-C-7500,1.4,1.2,1.4
2025-08-13,2025-08-13 09:39:23.900,MO2508-C-7500,1.4,1.4,1.6
2025-08-13,2025-08-13 09:39:24.400,MO2508-C-7500,1.4,1.4,1.6
2025-08-13,2025-08-13 09:39:24.900,MO2508-C-7500,1.4,1.4,1.6
2025-08-13,2025-08-13 09:39:25.900,MO2508-C-7500,1.4,1.4,1.6
2025-08-13,2025-08-13 09:39:26.400,MO2508-C-7500,1.4,1.2,1.6
2025-08-13,2025-08-13 09:39:26.900,MO2508-C-7500,1.4,1.4,1.6
2025-08-13,2025-08-13 09:39:27.400,MO2508-C-7500,1.4,1.4,1.6
2025-08-13,2025-08-13 09:39:27.900,MO2508-C-7500,1.4,1.4,1.6
2025-08-13,2025-08-13 09:39:28.400,MO2508-C-7500,1.4,1.4,1.6
2025-08-13,2025-08-13 09:39:28.900,MO2508-C-7500,1.4,1.4,1.6
2025-08-13,2025-08-13 09:39:30.900,MO2508-C-7500,1.4,1.4,1.6
2025-08-13,2025-08-13 09:39:31.400,MO2508-C-7500,1.4,1.4,1.6
2025-08-13,2025-08-13 09:39:31.900,MO2508-C-7500,1.4,1.4,1.6
2025-08-13,2025-08-13 09:39:32.400,MO2508-C-7500,1.4,1.4,1.6
2025-08-13,2025-08-13 09:39:34.400,MO2508-C-7500,1.4,1.4,1.6
2025-08-13,2025-08-13 09:39:34.900,MO2508-C-7500,1.4,1.4,1.6
2025-08-13,2025-08-13 09:39:35.900,MO2508-C-7500,1.4,1.4,1.6
2025-08-13,2025-08-13 09:39:36.400,MO2508-C-7500,1.4,1.4,1.6
2025-08-13,2025-08-13 09:39:36.900,MO2508-C-7500,1.4,1.4,1.6
2025-08-13,2025-08-13 09:39:37.400,MO2508-C-7500,1.4,1.4,1.6
2025-08-13,2025-08-13 09:39:37.900,MO2508-C-7500,1.4,1.4,1.6
2025-08-13,2025-08-13 09:39:38.400,MO2508-C-7500,1.4,1.4,1.6
2025-08-13,2025-08-13 09:39:38.900,MO2508-C-7500,1.4,1.4,1.6
2025-08-13,2025-08-13 09:39:39.400,MO2508-C-7500,1.4,1.4,1.6
2025-08-13,2025-08-13 09:39:39.900,MO2508-C-7500,1.4,1.4,1.6
2025-08-13,2025-08-13 09:39:40.400,MO2508-C-7500,1.4,1.4,1.6
2025-08-13,2025-08-13 09:39:44.900,MO2508-C-7500,1.4,1.4,1.6
2025-08-13,2025-08-13 09:39:45.400,MO2508-C-7500,1.4,1.4,1.6
2025-08-13,2025-08-13 09:39:45.900,MO2508-C-7500,1.4,1.2,1.6
2025-08-13,2025-08-13 09:39:46.400,MO2508-C-7500,1.4,1.2,1.6
2025-08-13,2025-08-13 09:39:47.900,MO2508-C-7500,1.4,1.2,1.4
2025-08-13,2025-08-13 09:39:48.400,MO2508-C-7500,1.4,1.2,1.4
2025-08-13,2025-08-13 09:39:48.900,MO2508-C-7500,1.4,1.2,1.4
2025-08-13,2025-08-13 09:39:49.400,MO2508-C-7500,1.4,1.2,1.4
2025-08-13,2025-08-13 09:39:49.900,MO2508-C-7500,1.4,1.2,1.4
2025-08-13,2025-08-13 09:39:50.900,MO2508-C-7500,1.4,1.2,1.4
2025-08-13,2025-08-13 09:39:51.900,MO2508-C-7500,1.4,1.2,1.4
2025-08-13,2025-08-13 09:39:52.400,MO2508-C-7500,1.4,1.2,1.6
2025-08-13,2025-08-13 09:39:52.900,MO2508-C-7500,1.4,1.2,1.6
2025-08-13,2025-08-13 09:39:56.900,MO2508-C-7500,1.4,1.2,1.6
2025-08-13,2025-08-13 09:39:57.400,MO2508-C-7500,1.4,1.2,1.6
2025-08-13,2025-08-13 09:39:58.400,MO2508-C-7500,1.4,1.2,1.6
2025-08-13,2025-08-13 09:39:58.900,MO2508-C-7500,1.4,1.2,1.6
2025-08-13,2025-08-13 09:40:02.400,MO2508-C-7500,1.4,1.2,1.6
2025-08-13,2025-08-13 09:40:02.900,MO2508-C-7500,1.4,1.2,1.6
2025-08-13,2025-08-13 09:40:03.900,MO2508-C-7500,1.2,1.2,1.6
2025-08-13,2025-08-13 09:40:04.400,MO2508-C-7500,1.2,1.2,1.6
2025-08-13,2025-08-13 09:40:04.900,MO2508-C-7500,1.2,1.2,1.6
2025-08-13,2025-08-13 09:40:07.900,MO2508-C-7500,1.2,1.2,1.6
2025-08-13,2025-08-13 09:40:08.400,MO2508-C-7500,1.2,1.2,1.6
2025-08-13,2025-08-13 09:40:08.900,MO2508-C-7500,1.2,1.2,1.6
2025-08-13,2025-08-13 09:40:10.400,MO2508-C-7500,1.2,1.2,1.6
2025-08-13,2025-08-13 09:40:10.900,MO2508-C-7500,1.2,1.2,1.6
2025-08-13,2025-08-13 09:40:18.400,MO2508-C-7500,1.2,1.2,1.6
2025-08-13,2025-08-13 09:40:18.900,MO2508-C-7500,1.2,1.2,1.6
2025-08-13,2025-08-13 09:40:19.400,MO2508-C-7500,1.2,1.2,1.6
2025-08-13,2025-08-13 09:40:20.400,MO2508-C-7500,1.2,1.2,1.6
2025-08-13,2025-08-13 09:40:20.900,MO2508-C-7500,1.2,1.2,1.6
2025-08-13,2025-08-13 09:40:21.400,MO2508-C-7500,1.2,1.2,1.6
2025-08-13,2025-08-13 09:40:21.900,MO2508-C-7500,1.2,1.2,1.6
2025-08-13,2025-08-13 09:40:22.400,MO2508-C-7500,1.2,1.2,1.6
2025-08-13,2025-08-13 09:40:28.400,MO2508-C-7500,1.2,1.2,1.6
2025-08-13,2025-08-13 09:40:28.900,MO2508-C-7500,1.2,1.2,1.6
2025-08-13,2025-08-13 09:40:38.400,MO2508-C-7500,1.2,1.2,1.6
2025-08-13,2025-08-13 09:40:38.900,MO2508-C-7500,1.2,1.2,1.6
2025-08-13,2025-08-13 09:40:39.900,MO2508-C-7500,1.2,1.2,1.6
2025-08-13,2025-08-13 09:40:40.400,MO2508-C-7500,1.2,1.2,1.6
2025-08-13,2025-08-13 09:40:47.400,MO2508-C-7500,1.2,1.2,1.6
2025-08-13,2025-08-13 09:40:47.900,MO2508-C-7500,1.2,1.2,1.6
2025-08-13,2025-08-13 09:40:48.400,MO2508-C-7500,1.2,1.2,1.6
2025-08-13,2025-08-13 09:40:48.900,MO2508-C-7500,1.2,1.2,1.6
2025-08-13,2025-08-13 09:40:49.400,MO2508-C-7500,1.2,1.2,1.6
2025-08-13,2025-08-13 09:40:49.900,MO2508-C-7500,1.2,1.2,1.6
2025-08-13,2025-08-13 09:40:50.400,MO2508-C-7500,1.2,1.2,1.6
2025-08-13,2025-08-13 09:40:57.400,MO2508-C-7500,1.2,1.2,1.6
2025-08-13,2025-08-13 09:40:57.900,MO2508-C-7500,1.2,1.2,1.6
2025-08-13,2025-08-13 09:40:58.400,MO2508-C-7500,1.2,1.2,1.6
2025-08-13,2025-08-13 09:40:58.900,MO2508-C-7500,1.2,1.2,1.6
2025-08-13,2025-08-13 09:40:59.400,MO2508-C-7500,1.2,1.2,1.6
2025-08-13,2025-08-13 09:40:59.900,MO2508-C-7500,1.2,1.2,1.6
2025-08-13,2025-08-13 09:41:00.400,MO2508-C-7500,1.2,1.2,1.6
2025-08-13,2025-08-13 09:41:00.900,MO2508-C-7500,1.2,1.2,1.6
2025-08-13,2025-08-13 09:41:01.400,MO2508-C-7500,1.2,1.2,1.6
2025-08-13,2025-08-13 09:41:01.900,MO2508-C-7500,1.2,1.2,1.6
2025-08-13,2025-08-13 09:41:02.400,MO2508-C-7500,1.2,1.2,1.6
2025-08-13,2025-08-13 09:41:02.900,MO2508-C-7500,1.2,1.2,1.6
2025-08-13,2025-08-13 09:41:03.400,MO2508-C-7500,1.2,1.2,1.6
2025-08-13,2025-08-13 09:41:03.900,MO2508-C-7500,1.2,1.2,1.6
2025-08-13,2025-08-13 09:41:04.900,MO2508-C-7500,1.2,1.2,1.6
2025-08-13,2025-08-13 09:41:05.400,MO2508-C-7500,1.2,1.2,1.6
2025-08-13,2025-08-13 09:41:05.900,MO2508-C-7500,1.2,1.2,1.6
2025-08-13,2025-08-13 09:41:06.400,MO2508-C-7500,1.2,1.2,1.6
2025-08-13,2025-08-13 09:41:06.900,MO2508-C-7500,1.2,1.2,1.6
2025-08-13,2025-08-13 09:41:08.400,MO2508-C-7500,1.2,1.2,1.6
2025-08-13,2025-08-13 09:41:08.900,MO2508-C-7500,1.2,1.2,1.6
2025-08-13,2025-08-13 09:41:13.400,MO2508-C-7500,1.2,1.2,1.6
2025-08-13,2025-08-13 09:41:13.900,MO2508-C-7500,1.2,1.2,1.6
2025-08-13,2025-08-13 09:41:18.400,MO2508-C-7500,1.2,1.2,1.6
2025-08-13,2025-08-13 09:41:18.900,MO2508-C-7500,1.2,1.2,1.6
2025-08-13,2025-08-13 09:41:21.400,MO2508-C-7500,1.2,1.2,1.6
2025-08-13,2025-08-13 09:41:23.400,MO2508-C-7500,1.2,1.2,1.6
2025-08-13,2025-08-13 09:41:24.900,MO2508-C-7500,1.2,1.2,1.6
2025-08-13,2025-08-13 09:41:27.400,MO2508-C-7500,1.2,1.2,1.6
2025-08-13,2025-08-13 09:41:27.900,MO2508-C-7500,1.2,1.2,1.6
2025-08-13,2025-08-13 09:41:28.400,MO2508-C-7500,1.2,1.2,1.6
2025-08-13,2025-08-13 09:41:28.900,MO2508-C-7500,1.2,1.2,1.6
2025-08-13,2025-08-13 09:41:29.400,MO2508-C-7500,1.2,1.2,1.6
2025-08-13,2025-08-13 09:41:30.400,MO2508-C-7500,1.2,1.2,1.6
2025-08-13,2025-08-13 09:41:30.900,MO2508-C-7500,1.2,1.2,1.6
2025-08-13,2025-08-13 09:41:31.900,MO2508-C-7500,1.2,1.2,1.6
2025-08-13,2025-08-13 09:41:38.400,MO2508-C-7500,1.2,1.2,1.6
2025-08-13,2025-08-13 09:41:38.900,MO2508-C-7500,1.2,1.2,1.6
2025-08-13,2025-08-13 09:41:43.400,MO2508-C-7500,1.2,1.2,1.6
2025-08-13,2025-08-13 09:41:45.900,MO2508-C-7500,1.2,1.2,1.6
2025-08-13,2025-08-13 09:41:46.400,MO2508-C-7500,1.2,1.2,1.6
2025-08-13,2025-08-13 09:41:47.400,MO2508-C-7500,1.2,1.2,1.6
2025-08-13,2025-08-13 09:41:48.400,MO2508-C-7500,1.2,1.2,1.6
2025-08-13,2025-08-13 09:41:48.900,MO2508-C-7500,1.2,1.2,1.6
2025-08-13,2025-08-13 09:41:49.400,MO2508-C-7500,1.2,1.2,1.6
2025-08-13,2025-08-13 09:41:53.400,MO2508-C-7500,1.2,1.2,1.6
2025-08-13,2025-08-13 09:41:57.400,MO2508-C-7500,1.2,1.2,1.6
2025-08-13,2025-08-13 09:41:58.400,MO2508-C-7500,1.2,1.2,1.6
2025-08-13,2025-08-13 09:41:58.900,MO2508-C-7500,1.2,1.2,1.6
2025-08-13,2025-08-13 09:42:01.400,MO2508-C-7500,1.2,1.2,1.6
2025-08-13,2025-08-13 09:42:02.900,MO2508-C-7500,1.2,1.2,1.6
2025-08-13,2025-08-13 09:42:03.400,MO2508-C-7500,1.2,1.2,1.6
2025-08-13,2025-08-13 09:42:03.900,MO2508-C-7500,1.2,1.2,1.6
2025-08-13,2025-08-13 09:42:04.400,MO2508-C-7500,1.2,1.2,1.6
2025-08-13,2025-08-13 09:42:07.900,MO2508-C-7500,1.2,1.2,1.6
2025-08-13,2025-08-13 09:42:08.400,MO2508-C-7500,1.2,1.2,1.6
2025-08-13,2025-08-13 09:42:08.900,MO2508-C-7500,1.2,1.2,1.6
2025-08-13,2025-08-13 09:42:09.400,MO2508-C-7500,1.2,1.2,1.6
2025-08-13,2025-08-13 09:42:10.400,MO2508-C-7500,1.2,1.2,1.6
2025-08-13,2025-08-13 09:42:12.400,MO2508-C-7500,1.2,1.2,1.6
2025-08-13,2025-08-13 09:42:13.400,MO2508-C-7500,1.2,1.4,1.6
2025-08-13,2025-08-13 09:42:13.900,MO2508-C-7500,1.2,1.4,1.6
2025-08-13,2025-08-13 09:42:14.400,MO2508-C-7500,1.6,1.4,1.6
2025-08-13,2025-08-13 09:42:14.900,MO2508-C-7500,1.6,1.4,1.6
2025-08-13,2025-08-13 09:42:15.400,MO2508-C-7500,1.6,1.4,1.6
2025-08-13,2025-08-13 09:42:15.900,MO2508-C-7500,1.6,1.4,1.6
2025-08-13,2025-08-13 09:42:18.400,MO2508-C-7500,1.6,1.4,1.6
2025-08-13,2025-08-13 09:42:18.900,MO2508-C-7500,1.6,1.4,1.6
2025-08-13,2025-08-13 09:42:19.400,MO2508-C-7500,1.6,1.4,1.6
2025-08-13,2025-08-13 09:42:19.900,MO2508-C-7500,1.6,1.4,1.6
2025-08-13,2025-08-13 09:42:22.900,MO2508-C-7500,1.6,1.4,1.6
2025-08-13,2025-08-13 09:42:23.400,MO2508-C-7500,1.6,1.4,1.6
2025-08-13,2025-08-13 09:42:23.900,MO2508-C-7500,1.6,1.4,1.6
2025-08-13,2025-08-13 09:42:24.400,MO2508-C-7500,1.4,1.4,1.6
2025-08-13,2025-08-13 09:42:24.900,MO2508-C-7500,1.4,1.4,1.6
2025-08-13,2025-08-13 09:42:25.400,MO2508-C-7500,1.4,1.4,1.6
2025-08-13,2025-08-13 09:42:25.900,MO2508-C-7500,1.4,1.4,1.6
2025-08-13,2025-08-13 09:42:26.400,MO2508-C-7500,1.4,1.4,1.6
2025-08-13,2025-08-13 09:42:26.900,MO2508-C-7500,1.4,1.4,1.6
2025-08-13,2025-08-13 09:42:27.400,MO2508-C-7500,1.4,1.4,1.6
2025-08-13,2025-08-13 09:42:27.900,MO2508-C-7500,1.4,1.4,1.6
2025-08-13,2025-08-13 09:42:28.400,MO2508-C-7500,1.4,1.4,1.6
2025-08-13,2025-08-13 09:42:28.900,MO2508-C-7500,1.4,1.4,1.6
2025-08-13,2025-08-13 09:42:31.900,MO2508-C-7500,1.4,1.4,1.6
2025-08-13,2025-08-13 09:42:32.400,MO2508-C-7500,1.4,1.4,1.6
2025-08-13,2025-08-13 09:42:32.900,MO2508-C-7500,1.4,1.4,1.6
2025-08-13,2025-08-13 09:42:33.900,MO2508-C-7500,1.4,1.4,1.6
2025-08-13,2025-08-13 09:42:34.400,MO2508-C-7500,1.4,1.4,1.6
2025-08-13,2025-08-13 09:42:38.400,MO2508-C-7500,1.4,1.4,1.6
2025-08-13,2025-08-13 09:42:38.900,MO2508-C-7500,1.4,1.4,1.8
2025-08-13,2025-08-13 09:42:39.400,MO2508-C-7500,1.4,1.4,1.8
2025-08-13,2025-08-13 09:42:41.900,MO2508-C-7500,1.4,1.4,1.8
2025-08-13,2025-08-13 09:42:42.400,MO2508-C-7500,1.4,1.4,1.8
2025-08-13,2025-08-13 09:42:42.900,MO2508-C-7500,1.4,1.4,1.8
2025-08-13,2025-08-13 09:42:43.400,MO2508-C-7500,1.4,1.4,1.8
2025-08-13,2025-08-13 09:42:43.900,MO2508-C-7500,1.4,1.4,1.8
2025-08-13,2025-08-13 09:42:48.400,MO2508-C-7500,1.4,1.4,1.8
2025-08-13,2025-08-13 09:42:48.900,MO2508-C-7500,1.4,1.4,1.6
2025-08-13,2025-08-13 09:42:49.400,MO2508-C-7500,1.4,1.4,1.6
2025-08-13,2025-08-13 09:42:49.900,MO2508-C-7500,1.4,1.4,1.6
2025-08-13,2025-08-13 09:42:54.900,MO2508-C-7500,1.4,1.4,1.6
2025-08-13,2025-08-13 09:42:55.400,MO2508-C-7500,1.4,1.4,1.6
2025-08-13,2025-08-13 09:42:57.900,MO2508-C-7500,1.4,1.4,1.6
2025-08-13,2025-08-13 09:42:58.400,MO2508-C-7500,1.4,1.4,1.6
2025-08-13,2025-08-13 09:42:58.900,MO2508-C-7500,1.4,1.4,1.6
2025-08-13,2025-08-13 09:43:00.400,MO2508-C-7500,1.4,1.4,1.6
2025-08-13,2025-08-13 09:43:00.900,MO2508-C-7500,1.4,1.4,1.6
2025-08-13,2025-08-13 09:43:08.400,MO2508-C-7500,1.4,1.4,1.6
2025-08-13,2025-08-13 09:43:08.900,MO2508-C-7500,1.4,1.4,1.6
2025-08-13,2025-08-13 09:43:09.400,MO2508-C-7500,1.4,1.4,1.6
2025-08-13,2025-08-13 09:43:09.900,MO2508-C-7500,1.4,1.4,1.6
2025-08-13,2025-08-13 09:43:10.400,MO2508-C-7500,1.6,1.4,1.6
2025-08-13,2025-08-13 09:43:10.900,MO2508-C-7500,1.6,1.4,1.6
2025-08-13,2025-08-13 09:43:11.400,MO2508-C-7500,1.6,1.4,1.6
2025-08-13,2025-08-13 09:43:15.400,MO2508-C-7500,1.6,1.4,1.6
2025-08-13,2025-08-13 09:43:15.900,MO2508-C-7500,1.6,1.4,1.6
2025-08-13,2025-08-13 09:43:16.400,MO2508-C-7500,1.6,1.4,1.6
2025-08-13,2025-08-13 09:43:18.400,MO2508-C-7500,1.6,1.4,1.6
2025-08-13,2025-08-13 09:43:18.900,MO2508-C-7500,1.6,1.4,1.6
2025-08-13,2025-08-13 09:43:21.900,MO2508-C-7500,1.6,1.4,1.6
2025-08-13,2025-08-13 09:43:22.400,MO2508-C-7500,1.6,1.4,1.6
2025-08-13,2025-08-13 09:43:23.400,MO2508-C-7500,1.6,1.4,1.6
2025-08-13,2025-08-13 09:43:23.900,MO2508-C-7500,1.6,1.4,1.6
2025-08-13,2025-08-13 09:43:24.400,MO2508-C-7500,1.6,1.4,1.6
2025-08-13,2025-08-13 09:43:24.900,MO2508-C-7500,1.6,1.4,1.6
2025-08-13,2025-08-13 09:43:27.400,MO2508-C-7500,1.6,1.4,1.6
2025-08-13,2025-08-13 09:43:27.900,MO2508-C-7500,1.6,1.4,1.6
2025-08-13,2025-08-13 09:43:28.400,MO2508-C-7500,1.6,1.4,1.6
2025-08-13,2025-08-13 09:43:28.900,MO2508-C-7500,1.6,1.4,1.6
2025-08-13,2025-08-13 09:43:34.400,MO2508-C-7500,1.6,1.4,1.6
2025-08-13,2025-08-13 09:43:36.400,MO2508-C-7500,1.6,1.4,1.6
2025-08-13,2025-08-13 09:43:38.400,MO2508-C-7500,1.6,1.4,1.6
2025-08-13,2025-08-13 09:43:38.900,MO2508-C-7500,1.6,1.4,1.6
2025-08-13,2025-08-13 09:43:40.400,MO2508-C-7500,1.6,1.4,1.6
2025-08-13,2025-08-13 09:43:42.900,MO2508-C-7500,1.6,1.4,1.6
2025-08-13,2025-08-13 09:43:43.400,MO2508-C-7500,1.6,1.4,1.6
2025-08-13,2025-08-13 09:43:46.900,MO2508-C-7500,1.6,1.4,1.6
2025-08-13,2025-08-13 09:43:48.400,MO2508-C-7500,1.6,1.4,1.6
2025-08-13,2025-08-13 09:43:48.900,MO2508-C-7500,1.6,1.4,1.6
2025-08-13,2025-08-13 09:43:49.400,MO2508-C-7500,1.6,1.4,1.6
2025-08-13,2025-08-13 09:43:53.400,MO2508-C-7500,1.6,1.4,1.6
2025-08-13,2025-08-13 09:43:56.400,MO2508-C-7500,1.4,1.4,1.6
2025-08-13,2025-08-13 09:43:56.900,MO2508-C-7500,1.4,1.4,1.6
2025-08-13,2025-08-13 09:43:58.400,MO2508-C-7500,1.4,1.4,1.6
2025-08-13,2025-08-13 09:43:58.900,MO2508-C-7500,1.4,1.4,1.6
2025-08-13,2025-08-13 09:43:59.400,MO2508-C-7500,1.4,1.4,1.6
2025-08-13,2025-08-13 09:44:01.900,MO2508-C-7500,1.4,1.4,1.6
2025-08-13,2025-08-13 09:44:02.400,MO2508-C-7500,1.4,1.4,1.6
2025-08-13,2025-08-13 09:44:02.900,MO2508-C-7500,1.4,1.4,1.6
2025-08-13,2025-08-13 09:44:03.400,MO2508-C-7500,1.4,1.4,1.6
2025-08-13,2025-08-13 09:44:03.900,MO2508-C-7500,1.4,1.4,1.6
2025-08-13,2025-08-13 09:44:04.400,MO2508-C-7500,1.4,1.4,1.6
2025-08-13,2025-08-13 09:44:04.900,MO2508-C-7500,1.4,1.4,1.6
2025-08-13,2025-08-13 09:44:05.400,MO2508-C-7500,1.4,1.4,1.6
2025-08-13,2025-08-13 09:44:06.900,MO2508-C-7500,1.4,1.4,1.6
2025-08-13,2025-08-13 09:44:08.400,MO2508-C-7500,1.4,1.4,1.6
2025-08-13,2025-08-13 09:44:08.900,MO2508-C-7500,1.4,1.4,1.6
2025-08-13,2025-08-13 09:44:12.400,MO2508-C-7500,1.4,1.4,1.6
2025-08-13,2025-08-13 09:44:12.900,MO2508-C-7500,1.4,1.4,1.6
2025-08-13,2025-08-13 09:44:13.400,MO2508-C-7500,1.4,1.4,1.6
2025-08-13,2025-08-13 09:44:13.900,MO2508-C-7500,1.4,1.4,1.6
2025-08-13,2025-08-13 09:44:14.400,MO2508-C-7500,1.4,1.4,1.6
2025-08-13,2025-08-13 09:44:16.400,MO2508-C-7500,1.4,1.4,1.6
2025-08-13,2025-08-13 09:44:18.400,MO2508-C-7500,1.4,1.4,1.6
2025-08-13,2025-08-13 09:44:18.900,MO2508-C-7500,1.4,1.4,1.6
2025-08-13,2025-08-13 09:44:19.400,MO2508-C-7500,1.4,1.4,1.6
2025-08-13,2025-08-13 09:44:19.900,MO2508-C-7500,1.4,1.4,1.6
2025-08-13,2025-08-13 09:44:20.400,MO2508-C-7500,1.4,1.4,1.6
2025-08-13,2025-08-13 09:44:20.900,MO2508-C-7500,1.4,1.4,1.6
2025-08-13,2025-08-13 09:44:22.400,MO2508-C-7500,1.4,1.4,1.6
2025-08-13,2025-08-13 09:44:22.900,MO2508-C-7500,1.4,1.4,1.6
2025-08-13,2025-08-13 09:44:25.400,MO2508-C-7500,1.4,1.4,1.6
2025-08-13,2025-08-13 09:44:25.900,MO2508-C-7500,1.4,1.4,1.6
2025-08-13,2025-08-13 09:44:26.900,MO2508-C-7500,1.4,1.4,1.6
2025-08-13,2025-08-13 09:44:27.400,MO2508-C-7500,1.4,1.4,1.6
2025-08-13,2025-08-13 09:44:28.400,MO2508-C-7500,1.4,1.4,1.6
2025-08-13,2025-08-13 09:44:28.900,MO2508-C-7500,1.4,1.4,1.6
2025-08-13,2025-08-13 09:44:30.400,MO2508-C-7500,1.4,1.4,1.6
2025-08-13,2025-08-13 09:44:32.400,MO2508-C-7500,1.4,1.4,1.6
2025-08-13,2025-08-13 09:44:32.900,MO2508-C-7500,1.4,1.4,1.8
2025-08-13,2025-08-13 09:44:33.400,MO2508-C-7500,1.4,1.4,1.8
2025-08-13,2025-08-13 09:44:33.900,MO2508-C-7500,1.4,1.6,1.8
2025-08-13,2025-08-13 09:44:34.400,MO2508-C-7500,1.4,1.6,1.8
2025-08-13,2025-08-13 09:44:34.900,MO2508-C-7500,1.4,1.6,1.8
2025-08-13,2025-08-13 09:44:35.400,MO2508-C-7500,1.4,1.6,1.8
2025-08-13,2025-08-13 09:44:35.900,MO2508-C-7500,1.4,1.6,1.8
2025-08-13,2025-08-13 09:44:36.400,MO2508-C-7500,1.4,1.6,1.8
2025-08-13,2025-08-13 09:44:38.400,MO2508-C-7500,1.4,1.6,1.8
2025-08-13,2025-08-13 09:44:38.900,MO2508-C-7500,1.4,1.6,1.8
2025-08-13,2025-08-13 09:44:39.400,MO2508-C-7500,1.4,1.6,1.8
2025-08-13,2025-08-13 09:44:43.400,MO2508-C-7500,1.4,1.6,1.8
2025-08-13,2025-08-13 09:44:43.900,MO2508-C-7500,1.4,1.6,1.8
2025-08-13,2025-08-13 09:44:44.400,MO2508-C-7500,1.4,1.6,1.8
2025-08-13,2025-08-13 09:44:46.900,MO2508-C-7500,1.4,1.6,1.8
2025-08-13,2025-08-13 09:44:47.400,MO2508-C-7500,1.4,1.6,1.8
2025-08-13,2025-08-13 09:44:47.900,MO2508-C-7500,1.6,1.6,1.8
2025-08-13,2025-08-13 09:44:48.400,MO2508-C-7500,1.6,1.6,1.8
2025-08-13,2025-08-13 09:44:48.900,MO2508-C-7500,1.6,1.6,1.8
2025-08-13,2025-08-13 09:44:49.400,MO2508-C-7500,1.6,1.6,1.8
2025-08-13,2025-08-13 09:44:49.900,MO2508-C-7500,1.6,1.6,1.8
2025-08-13,2025-08-13 09:44:50.900,MO2508-C-7500,1.6,1.6,1.8
2025-08-13,2025-08-13 09:44:52.400,MO2508-C-7500,1.6,1.6,1.8
2025-08-13,2025-08-13 09:44:52.900,MO2508-C-7500,1.6,1.6,1.8
2025-08-13,2025-08-13 09:44:53.400,MO2508-C-7500,1.6,1.6,1.8
2025-08-13,2025-08-13 09:44:53.900,MO2508-C-7500,1.6,1.6,1.8
2025-08-13,2025-08-13 09:44:54.900,MO2508-C-7500,1.6,1.6,1.8
2025-08-13,2025-08-13 09:44:56.400,MO2508-C-7500,1.6,1.6,1.8
2025-08-13,2025-08-13 09:44:56.900,MO2508-C-7500,1.6,1.6,1.8
2025-08-13,2025-08-13 09:44:58.400,MO2508-C-7500,1.6,1.6,1.8
2025-08-13,2025-08-13 09:44:58.900,MO2508-C-7500,1.6,1.6,1.8
2025-08-13,2025-08-13 09:44:59.400,MO2508-C-7500,1.6,1.6,1.8
2025-08-13,2025-08-13 09:44:59.900,MO2508-C-7500,1.6,1.6,1.8
2025-08-13,2025-08-13 09:45:00.400,MO2508-C-7500,1.6,1.6,1.8
2025-08-13,2025-08-13 09:45:07.400,MO2508-C-7500,1.6,1.6,1.8
2025-08-13,2025-08-13 09:45:07.900,MO2508-C-7500,1.6,1.6,1.8
2025-08-13,2025-08-13 09:45:08.400,MO2508-C-7500,1.6,1.6,1.8
2025-08-13,2025-08-13 09:45:08.900,MO2508-C-7500,1.6,1.6,1.8
2025-08-13,2025-08-13 09:45:09.400,MO2508-C-7500,1.6,1.6,1.8
2025-08-13,2025-08-13 09:45:13.900,MO2508-C-7500,1.6,1.6,1.8
2025-08-13,2025-08-13 09:45:14.400,MO2508-C-7500,1.6,1.6,1.8
2025-08-13,2025-08-13 09:45:15.400,MO2508-C-7500,1.6,1.6,1.8
2025-08-13,2025-08-13 09:45:15.900,MO2508-C-7500,1.6,1.6,1.8
2025-08-13,2025-08-13 09:45:16.400,MO2508-C-7500,1.6,1.6,1.8
2025-08-13,2025-08-13 09:45:16.900,MO2508-C-7500,1.6,1.6,1.8
2025-08-13,2025-08-13 09:45:17.900,MO2508-C-7500,1.6,1.6,1.8
2025-08-13,2025-08-13 09:45:18.400,MO2508-C-7500,1.6,1.6,1.8
2025-08-13,2025-08-13 09:45:18.900,MO2508-C-7500,1.6,1.6,1.8
2025-08-13,2025-08-13 09:45:19.400,MO2508-C-7500,1.6,1.6,1.8
2025-08-13,2025-08-13 09:45:19.900,MO2508-C-7500,1.6,1.6,1.8
2025-08-13,2025-08-13 09:45:22.400,MO2508-C-7500,1.6,1.6,1.8
2025-08-13,2025-08-13 09:45:22.900,MO2508-C-7500,1.6,1.6,1.8
2025-08-13,2025-08-13 09:45:23.400,MO2508-C-7500,1.6,1.6,1.8
2025-08-13,2025-08-13 09:45:23.900,MO2508-C-7500,1.6,1.6,1.8
2025-08-13,2025-08-13 09:45:28.400,MO2508-C-7500,1.6,1.6,1.8
2025-08-13,2025-08-13 09:45:28.900,MO2508-C-7500,1.6,1.6,1.8
2025-08-13,2025-08-13 09:45:29.900,MO2508-C-7500,1.6,1.6,1.8
2025-08-13,2025-08-13 09:45:30.400,MO2508-C-7500,1.6,1.6,1.8
2025-08-13,2025-08-13 09:45:30.900,MO2508-C-7500,1.6,1.6,1.8
2025-08-13,2025-08-13 09:45:32.400,MO2508-C-7500,1.6,1.6,1.8
2025-08-13,2025-08-13 09:45:32.900,MO2508-C-7500,1.6,1.6,1.8
2025-08-13,2025-08-13 09:45:33.400,MO2508-C-7500,1.6,1.6,1.8
2025-08-13,2025-08-13 09:45:33.900,MO2508-C-7500,1.6,1.6,1.8
2025-08-13,2025-08-13 09:45:34.400,MO2508-C-7500,1.8,1.6,1.8
2025-08-13,2025-08-13 09:45:34.900,MO2508-C-7500,1.8,1.6,1.8
2025-08-13,2025-08-13 09:45:35.400,MO2508-C-7500,1.8,1.6,1.8
2025-08-13,2025-08-13 09:45:36.400,MO2508-C-7500,1.8,1.6,1.8
2025-08-13,2025-08-13 09:45:36.900,MO2508-C-7500,1.8,1.6,1.8
2025-08-13,2025-08-13 09:45:38.400,MO2508-C-7500,1.8,1.6,1.8
2025-08-13,2025-08-13 09:45:38.900,MO2508-C-7500,1.8,1.6,1.8
2025-08-13,2025-08-13 09:45:39.900,MO2508-C-7500,1.8,1.6,1.8
2025-08-13,2025-08-13 09:45:40.400,MO2508-C-7500,1.8,1.6,1.8
2025-08-13,2025-08-13 09:45:42.400,MO2508-C-7500,1.8,1.6,1.8
2025-08-13,2025-08-13 09:45:43.400,MO2508-C-7500,1.8,1.6,1.8
2025-08-13,2025-08-13 09:45:48.400,MO2508-C-7500,1.8,1.6,1.8
2025-08-13,2025-08-13 09:45:48.900,MO2508-C-7500,1.8,1.6,1.8
2025-08-13,2025-08-13 09:45:49.900,MO2508-C-7500,1.8,1.6,1.8
2025-08-13,2025-08-13 09:45:50.400,MO2508-C-7500,1.8,1.6,1.8
2025-08-13,2025-08-13 09:45:51.400,MO2508-C-7500,1.8,1.6,1.8
2025-08-13,2025-08-13 09:45:52.400,MO2508-C-7500,1.8,1.6,1.8
2025-08-13,2025-08-13 09:45:53.900,MO2508-C-7500,1.8,1.6,1.8
2025-08-13,2025-08-13 09:45:54.400,MO2508-C-7500,1.8,1.6,1.8
2025-08-13,2025-08-13 09:45:54.900,MO2508-C-7500,1.8,1.6,1.8
2025-08-13,2025-08-13 09:45:55.400,MO2508-C-7500,1.8,1.6,1.8
2025-08-13,2025-08-13 09:45:56.900,MO2508-C-7500,1.8,1.6,1.8
2025-08-13,2025-08-13 09:45:58.400,MO2508-C-7500,1.8,1.6,1.8
2025-08-13,2025-08-13 09:45:58.900,MO2508-C-7500,1.8,1.6,1.8
2025-08-13,2025-08-13 09:46:00.400,MO2508-C-7500,1.8,1.6,1.8
2025-08-13,2025-08-13 09:46:01.900,MO2508-C-7500,1.8,1.6,1.8
2025-08-13,2025-08-13 09:46:02.400,MO2508-C-7500,1.8,1.6,1.8
2025-08-13,2025-08-13 09:46:04.900,MO2508-C-7500,1.8,1.6,1.8
2025-08-13,2025-08-13 09:46:05.400,MO2508-C-7500,1.8,1.6,1.8
2025-08-13,2025-08-13 09:46:06.400,MO2508-C-7500,1.8,1.6,1.8
2025-08-13,2025-08-13 09:46:06.900,MO2508-C-7500,1.8,1.6,1.8
2025-08-13,2025-08-13 09:46:07.400,MO2508-C-7500,1.8,1.6,1.8
2025-08-13,2025-08-13 09:46:07.900,MO2508-C-7500,1.8,1.6,1.8
2025-08-13,2025-08-13 09:46:08.400,MO2508-C-7500,1.8,1.6,1.8
2025-08-13,2025-08-13 09:46:08.900,MO2508-C-7500,1.8,1.6,1.8
2025-08-13,2025-08-13 09:46:09.400,MO2508-C-7500,1.8,1.6,1.8
2025-08-13,2025-08-13 09:46:09.900,MO2508-C-7500,1.8,1.6,1.8
2025-08-13,2025-08-13 09:46:10.900,MO2508-C-7500,1.8,1.6,1.8
2025-08-13,2025-08-13 09:46:11.400,MO2508-C-7500,1.8,1.6,1.8
2025-08-13,2025-08-13 09:46:14.900,MO2508-C-7500,1.8,1.6,1.8
2025-08-13,2025-08-13 09:46:16.900,MO2508-C-7500,1.8,1.6,1.8
2025-08-13,2025-08-13 09:46:17.900,MO2508-C-7500,1.8,1.6,1.8
2025-08-13,2025-08-13 09:46:18.400,MO2508-C-7500,1.8,1.6,1.8
2025-08-13,2025-08-13 09:46:18.900,MO2508-C-7500,1.8,1.6,1.8
2025-08-13,2025-08-13 09:46:20.400,MO2508-C-7500,1.8,1.6,1.8
2025-08-13,2025-08-13 09:46:21.400,MO2508-C-7500,1.8,1.6,1.8
2025-08-13,2025-08-13 09:46:23.400,MO2508-C-7500,1.8,1.6,1.8
2025-08-13,2025-08-13 09:46:23.900,MO2508-C-7500,1.8,1.6,1.8
2025-08-13,2025-08-13 09:46:24.900,MO2508-C-7500,1.8,1.6,1.8
2025-08-13,2025-08-13 09:46:25.400,MO2508-C-7500,1.8,1.6,1.8
2025-08-13,2025-08-13 09:46:26.400,MO2508-C-7500,1.8,1.6,1.8
2025-08-13,2025-08-13 09:46:28.400,MO2508-C-7500,1.8,1.6,1.8
2025-08-13,2025-08-13 09:46:28.900,MO2508-C-7500,1.8,1.6,1.8
2025-08-13,2025-08-13 09:46:32.400,MO2508-C-7500,1.8,1.6,1.8
2025-08-13,2025-08-13 09:46:35.400,MO2508-C-7500,1.8,1.6,1.8
2025-08-13,2025-08-13 09:46:35.900,MO2508-C-7500,1.8,1.6,1.8
2025-08-13,2025-08-13 09:46:36.400,MO2508-C-7500,1.8,1.6,1.8
2025-08-13,2025-08-13 09:46:36.900,MO2508-C-7500,1.8,1.6,1.8
2025-08-13,2025-08-13 09:46:38.400,MO2508-C-7500,1.8,1.6,1.8
2025-08-13,2025-08-13 09:46:38.900,MO2508-C-7500,1.8,1.6,1.8
2025-08-13,2025-08-13 09:46:39.400,MO2508-C-7500,1.8,1.6,1.8
2025-08-13,2025-08-13 09:46:48.400,MO2508-C-7500,1.8,1.6,1.8
2025-08-13,2025-08-13 09:46:48.900,MO2508-C-7500,1.8,1.6,1.8
2025-08-13,2025-08-13 09:46:58.400,MO2508-C-7500,1.8,1.6,1.8
2025-08-13,2025-08-13 09:46:58.900,MO2508-C-7500,1.8,1.6,1.8
2025-08-13,2025-08-13 09:47:04.400,MO2508-C-7500,1.8,1.6,1.8
2025-08-13,2025-08-13 09:47:08.400,MO2508-C-7500,1.8,1.6,1.8
2025-08-13,2025-08-13 09:47:08.900,MO2508-C-7500,1.8,1.6,1.8
2025-08-13,2025-08-13 09:47:09.900,MO2508-C-7500,1.8,1.6,1.8
2025-08-13,2025-08-13 09:47:18.400,MO2508-C-7500,1.8,1.6,1.8
2025-08-13,2025-08-13 09:47:18.900,MO2508-C-7500,1.8,1.6,1.8
2025-08-13,2025-08-13 09:47:20.400,MO2508-C-7500,1.8,1.6,1.8
2025-08-13,2025-08-13 09:47:24.400,MO2508-C-7500,1.8,1.6,1.8
2025-08-13,2025-08-13 09:47:25.900,MO2508-C-7500,1.8,1.6,1.8
2025-08-13,2025-08-13 09:47:26.400,MO2508-C-7500,1.8,1.6,1.8
2025-08-13,2025-08-13 09:47:27.400,MO2508-C-7500,1.8,1.6,1.8
2025-08-13,2025-08-13 09:47:28.400,MO2508-C-7500,1.8,1.6,1.8
2025-08-13,2025-08-13 09:47:28.900,MO2508-C-7500,1.8,1.6,1.8
2025-08-13,2025-08-13 09:47:31.400,MO2508-C-7500,1.8,1.6,1.8
2025-08-13,2025-08-13 09:47:31.900,MO2508-C-7500,1.8,1.6,1.8
2025-08-13,2025-08-13 09:47:34.400,MO2508-C-7500,1.8,1.6,1.8
2025-08-13,2025-08-13 09:47:38.400,MO2508-C-7500,1.8,1.6,1.8
2025-08-13,2025-08-13 09:47:38.900,MO2508-C-7500,1.8,1.6,1.8
2025-08-13,2025-08-13 09:47:40.400,MO2508-C-7500,1.8,1.6,1.8
2025-08-13,2025-08-13 09:47:42.400,MO2508-C-7500,1.8,1.6,1.8
2025-08-13,2025-08-13 09:47:42.900,MO2508-C-7500,1.8,1.6,1.8
2025-08-13,2025-08-13 09:47:43.400,MO2508-C-7500,1.8,1.6,1.8
2025-08-13,2025-08-13 09:47:48.400,MO2508-C-7500,1.8,1.6,1.8
2025-08-13,2025-08-13 09:47:48.900,MO2508-C-7500,1.8,1.6,1.8
2025-08-13,2025-08-13 09:47:51.900,MO2508-C-7500,1.8,1.6,1.8
2025-08-13,2025-08-13 09:47:52.400,MO2508-C-7500,1.8,1.6,1.8
2025-08-13,2025-08-13 09:47:54.400,MO2508-C-7500,1.8,1.6,1.8
2025-08-13,2025-08-13 09:47:54.900,MO2508-C-7500,1.8,1.6,1.8
2025-08-13,2025-08-13 09:47:56.400,MO2508-C-7500,1.8,1.6,1.8
2025-08-13,2025-08-13 09:47:58.400,MO2508-C-7500,1.8,1.6,1.8
2025-08-13,2025-08-13 09:47:58.900,MO2508-C-7500,1.8,1.6,1.8
2025-08-13,2025-08-13 09:48:05.900,MO2508-C-7500,1.8,1.6,1.8
2025-08-13,2025-08-13 09:48:08.400,MO2508-C-7500,1.8,1.6,1.8
2025-08-13,2025-08-13 09:48:08.900,MO2508-C-7500,1.8,1.6,1.8
2025-08-13,2025-08-13 09:48:17.900,MO2508-C-7500,1.8,1.6,1.8
2025-08-13,2025-08-13 09:48:18.400,MO2508-C-7500,1.8,1.6,1.8
2025-08-13,2025-08-13 09:48:18.900,MO2508-C-7500,1.8,1.6,1.8
2025-08-13,2025-08-13 09:48:23.400,MO2508-C-7500,1.8,1.6,1.8
2025-08-13,2025-08-13 09:48:24.400,MO2508-C-7500,1.8,1.6,1.8
2025-08-13,2025-08-13 09:48:24.900,MO2508-C-7500,1.8,1.6,1.8
2025-08-13,2025-08-13 09:48:27.400,MO2508-C-7500,1.8,1.6,1.8
2025-08-13,2025-08-13 09:48:30.400,MO2508-C-7500,1.8,1.6,1.8
2025-08-13,2025-08-13 09:48:32.400,MO2508-C-7500,1.8,1.6,1.8
2025-08-13,2025-08-13 09:48:34.400,MO2508-C-7500,1.8,1.6,1.8
2025-08-13,2025-08-13 09:48:35.400,MO2508-C-7500,1.8,1.6,1.8
2025-08-13,2025-08-13 09:48:35.900,MO2508-C-7500,1.8,1.6,1.8
2025-08-13,2025-08-13 09:48:36.400,MO2508-C-7500,1.8,1.6,1.8
2025-08-13,2025-08-13 09:48:36.900,MO2508-C-7500,1.8,1.6,1.8
2025-08-13,2025-08-13 09:48:37.400,MO2508-C-7500,1.8,1.6,1.8
2025-08-13,2025-08-13 09:48:38.400,MO2508-C-7500,1.8,1.6,1.8
2025-08-13,2025-08-13 09:48:38.900,MO2508-C-7500,1.8,1.6,1.8
2025-08-13,2025-08-13 09:48:39.400,MO2508-C-7500,1.8,1.6,1.8
2025-08-13,2025-08-13 09:48:41.400,MO2508-C-7500,1.8,1.6,1.8
2025-08-13,2025-08-13 09:48:46.400,MO2508-C-7500,1.8,1.6,1.8
2025-08-13,2025-08-13 09:48:48.400,MO2508-C-7500,1.8,1.6,1.8
2025-08-13,2025-08-13 09:48:48.900,MO2508-C-7500,1.8,1.6,1.8
2025-08-13,2025-08-13 09:48:52.400,MO2508-C-7500,1.6,1.6,1.8
2025-08-13,2025-08-13 09:48:52.900,MO2508-C-7500,1.6,1.6,1.8
2025-08-13,2025-08-13 09:48:53.400,MO2508-C-7500,1.6,1.6,1.8
2025-08-13,2025-08-13 09:48:58.400,MO2508-C-7500,1.6,1.6,1.8
2025-08-13,2025-08-13 09:48:58.900,MO2508-C-7500,1.6,1.6,1.8
2025-08-13,2025-08-13 09:49:03.400,MO2508-C-7500,1.6,1.6,1.8
2025-08-13,2025-08-13 09:49:04.900,MO2508-C-7500,1.6,1.6,1.8
2025-08-13,2025-08-13 09:49:06.400,MO2508-C-7500,1.6,1.6,1.8
2025-08-13,2025-08-13 09:49:07.400,MO2508-C-7500,1.6,1.6,1.8
2025-08-13,2025-08-13 09:49:07.900,MO2508-C-7500,1.6,1.6,1.8
2025-08-13,2025-08-13 09:49:08.400,MO2508-C-7500,1.6,1.6,1.8
2025-08-13,2025-08-13 09:49:08.900,MO2508-C-7500,1.6,1.6,1.8
2025-08-13,2025-08-13 09:49:12.400,MO2508-C-7500,1.6,1.6,1.8
2025-08-13,2025-08-13 09:49:12.900,MO2508-C-7500,1.6,1.6,1.8
2025-08-13,2025-08-13 09:49:17.900,MO2508-C-7500,1.6,1.6,1.8
2025-08-13,2025-08-13 09:49:18.400,MO2508-C-7500,1.6,1.6,1.8
2025-08-13,2025-08-13 09:49:18.900,MO2508-C-7500,1.6,1.6,1.8
2025-08-13,2025-08-13 09:49:19.400,MO2508-C-7500,1.6,1.6,1.8
2025-08-13,2025-08-13 09:49:20.400,MO2508-C-7500,1.6,1.6,1.8
2025-08-13,2025-08-13 09:49:23.400,MO2508-C-7500,1.6,1.4,1.8
2025-08-13,2025-08-13 09:49:23.900,MO2508-C-7500,1.6,1.4,1.8
2025-08-13,2025-08-13 09:49:24.400,MO2508-C-7500,1.6,1.4,1.8
2025-08-13,2025-08-13 09:49:28.400,MO2508-C-7500,1.6,1.4,1.8
2025-08-13,2025-08-13 09:49:28.900,MO2508-C-7500,1.6,1.4,1.8
2025-08-13,2025-08-13 09:49:34.400,MO2508-C-7500,1.6,1.4,1.8
2025-08-13,2025-08-13 09:49:34.900,MO2508-C-7500,1.6,1.4,1.8
2025-08-13,2025-08-13 09:49:35.400,MO2508-C-7500,1.6,1.4,1.8
2025-08-13,2025-08-13 09:49:35.900,MO2508-C-7500,1.6,1.4,1.8
2025-08-13,2025-08-13 09:49:36.900,MO2508-C-7500,1.6,1.4,1.8
2025-08-13,2025-08-13 09:49:37.400,MO2508-C-7500,1.6,1.4,1.8
2025-08-13,2025-08-13 09:49:37.900,MO2508-C-7500,1.6,1.4,1.6
2025-08-13,2025-08-13 09:49:38.400,MO2508-C-7500,1.6,1.4,1.6
2025-08-13,2025-08-13 09:49:38.900,MO2508-C-7500,1.6,1.4,1.6
2025-08-13,2025-08-13 09:49:39.400,MO2508-C-7500,1.6,1.4,1.6
2025-08-13,2025-08-13 09:49:42.400,MO2508-C-7500,1.6,1.4,1.6
2025-08-13,2025-08-13 09:49:43.400,MO2508-C-7500,1.6,1.4,1.6
2025-08-13,2025-08-13 09:49:48.400,MO2508-C-7500,1.6,1.4,1.6
2025-08-13,2025-08-13 09:49:48.900,MO2508-C-7500,1.6,1.4,1.6
2025-08-13,2025-08-13 09:49:50.400,MO2508-C-7500,1.6,1.4,1.6
2025-08-13,2025-08-13 09:49:51.400,MO2508-C-7500,1.6,1.4,1.6
2025-08-13,2025-08-13 09:49:51.900,MO2508-C-7500,1.6,1.4,1.6
2025-08-13,2025-08-13 09:49:52.400,MO2508-C-7500,1.6,1.4,1.6
2025-08-13,2025-08-13 09:49:53.400,MO2508-C-7500,1.6,1.4,1.6
2025-08-13,2025-08-13 09:49:53.900,MO2508-C-7500,1.6,1.4,1.6
2025-08-13,2025-08-13 09:49:54.400,MO2508-C-7500,1.6,1.4,1.6
2025-08-13,2025-08-13 09:49:58.400,MO2508-C-7500,1.6,1.4,1.6
2025-08-13,2025-08-13 09:49:58.900,MO2508-C-7500,1.6,1.4,1.6
2025-08-13,2025-08-13 09:50:00.400,MO2508-C-7500,1.6,1.4,1.6
2025-08-13,2025-08-13 09:50:01.900,MO2508-C-7500,1.6,1.4,1.6
2025-08-13,2025-08-13 09:50:02.400,MO2508-C-7500,1.6,1.4,1.6
2025-08-13,2025-08-13 09:50:03.900,MO2508-C-7500,1.6,1.4,1.6
2025-08-13,2025-08-13 09:50:08.400,MO2508-C-7500,1.6,1.4,1.6
2025-08-13,2025-08-13 09:50:08.900,MO2508-C-7500,1.6,1.4,1.6
2025-08-13,2025-08-13 09:50:09.900,MO2508-C-7500,1.6,1.4,1.6
2025-08-13,2025-08-13 09:50:11.400,MO2508-C-7500,1.6,1.4,1.6
2025-08-13,2025-08-13 09:50:13.900,MO2508-C-7500,1.6,1.4,1.6
2025-08-13,2025-08-13 09:50:15.400,MO2508-C-7500,1.6,1.4,1.6
2025-08-13,2025-08-13 09:50:16.900,MO2508-C-7500,1.6,1.4,1.6
2025-08-13,2025-08-13 09:50:17.400,MO2508-C-7500,1.6,1.4,1.6
2025-08-13,2025-08-13 09:50:18.400,MO2508-C-7500,1.6,1.4,1.6
2025-08-13,2025-08-13 09:50:18.900,MO2508-C-7500,1.6,1.4,1.6
2025-08-13,2025-08-13 09:50:21.400,MO2508-C-7500,1.6,1.4,1.6
2025-08-13,2025-08-13 09:50:22.400,MO2508-C-7500,1.6,1.4,1.6
2025-08-13,2025-08-13 09:50:23.900,MO2508-C-7500,1.6,1.4,1.6
2025-08-13,2025-08-13 09:50:24.400,MO2508-C-7500,1.6,1.4,1.6
2025-08-13,2025-08-13 09:50:27.400,MO2508-C-7500,1.6,1.4,1.6
2025-08-13,2025-08-13 09:50:28.400,MO2508-C-7500,1.6,1.4,1.6
2025-08-13,2025-08-13 09:50:28.900,MO2508-C-7500,1.6,1.4,1.6
2025-08-13,2025-08-13 09:50:30.400,MO2508-C-7500,1.6,1.4,1.6
2025-08-13,2025-08-13 09:50:34.400,MO2508-C-7500,1.6,1.4,1.6
2025-08-13,2025-08-13 09:50:35.400,MO2508-C-7500,1.6,1.4,1.6
2025-08-13,2025-08-13 09:50:36.400,MO2508-C-7500,1.6,1.4,1.6
2025-08-13,2025-08-13 09:50:38.400,MO2508-C-7500,1.6,1.4,1.6
2025-08-13,2025-08-13 09:50:38.900,MO2508-C-7500,1.6,1.4,1.6
2025-08-13,2025-08-13 09:50:40.900,MO2508-C-7500,1.6,1.4,1.6
2025-08-13,2025-08-13 09:50:48.400,MO2508-C-7500,1.6,1.4,1.6
2025-08-13,2025-08-13 09:50:48.900,MO2508-C-7500,1.6,1.4,1.6
2025-08-13,2025-08-13 09:50:55.900,MO2508-C-7500,1.6,1.4,1.6
2025-08-13,2025-08-13 09:50:56.400,MO2508-C-7500,1.6,1.4,1.6
2025-08-13,2025-08-13 09:50:58.400,MO2508-C-7500,1.6,1.4,1.6
2025-08-13,2025-08-13 09:50:58.900,MO2508-C-7500,1.6,1.4,1.6
2025-08-13,2025-08-13 09:51:00.400,MO2508-C-7500,1.6,1.4,1.6
2025-08-13,2025-08-13 09:51:02.400,MO2508-C-7500,1.6,1.4,1.6
2025-08-13,2025-08-13 09:51:02.900,MO2508-C-7500,1.6,1.4,1.6
2025-08-13,2025-08-13 09:51:03.400,MO2508-C-7500,1.6,1.4,1.6
2025-08-13,2025-08-13 09:51:03.900,MO2508-C-7500,1.6,1.4,1.6
2025-08-13,2025-08-13 09:51:04.400,MO2508-C-7500,1.6,1.4,1.6
2025-08-13,2025-08-13 09:51:08.400,MO2508-C-7500,1.6,1.4,1.6
2025-08-13,2025-08-13 09:51:08.900,MO2508-C-7500,1.6,1.4,1.6
2025-08-13,2025-08-13 09:51:09.900,MO2508-C-7500,1.6,1.4,1.8
2025-08-13,2025-08-13 09:51:10.400,MO2508-C-7500,1.6,1.4,1.8
2025-08-13,2025-08-13 09:51:13.900,MO2508-C-7500,1.6,1.4,1.8
2025-08-13,2025-08-13 09:51:14.400,MO2508-C-7500,1.6,1.4,1.8
2025-08-13,2025-08-13 09:51:18.400,MO2508-C-7500,1.6,1.4,1.8
2025-08-13,2025-08-13 09:51:18.900,MO2508-C-7500,1.6,1.4,1.8
2025-08-13,2025-08-13 09:51:20.400,MO2508-C-7500,1.6,1.4,1.8
2025-08-13,2025-08-13 09:51:22.900,MO2508-C-7500,1.6,1.4,1.8
2025-08-13,2025-08-13 09:51:28.400,MO2508-C-7500,1.6,1.4,1.8
2025-08-13,2025-08-13 09:51:28.900,MO2508-C-7500,1.6,1.4,1.8
2025-08-13,2025-08-13 09:51:38.400,MO2508-C-7500,1.6,1.4,1.8
2025-08-13,2025-08-13 09:51:38.900,MO2508-C-7500,1.6,1.4,1.8
2025-08-13,2025-08-13 09:51:42.900,MO2508-C-7500,1.6,1.4,1.8
2025-08-13,2025-08-13 09:51:43.400,MO2508-C-7500,1.6,1.4,1.8
2025-08-13,2025-08-13 09:51:43.900,MO2508-C-7500,1.6,1.4,1.8
2025-08-13,2025-08-13 09:51:45.400,MO2508-C-7500,1.6,1.4,1.8
2025-08-13,2025-08-13 09:51:48.400,MO2508-C-7500,1.6,1.4,1.8
2025-08-13,2025-08-13 09:51:48.900,MO2508-C-7500,1.6,1.4,1.8
2025-08-13,2025-08-13 09:51:53.900,MO2508-C-7500,1.6,1.4,1.6
2025-08-13,2025-08-13 09:51:54.400,MO2508-C-7500,1.6,1.4,1.6
2025-08-13,2025-08-13 09:51:54.900,MO2508-C-7500,1.6,1.4,1.6
2025-08-13,2025-08-13 09:51:55.900,MO2508-C-7500,1.6,1.4,1.6
2025-08-13,2025-08-13 09:51:56.400,MO2508-C-7500,1.6,1.4,1.6
2025-08-13,2025-08-13 09:51:56.900,MO2508-C-7500,1.6,1.4,1.6
2025-08-13,2025-08-13 09:51:58.400,MO2508-C-7500,1.6,1.4,1.6
2025-08-13,2025-08-13 09:51:58.900,MO2508-C-7500,1.6,1.4,1.6
2025-08-13,2025-08-13 09:52:04.900,MO2508-C-7500,1.6,1.4,1.6
2025-08-13,2025-08-13 09:52:06.900,MO2508-C-7500,1.6,1.4,1.6
2025-08-13,2025-08-13 09:52:08.400,MO2508-C-7500,1.6,1.4,1.6
2025-08-13,2025-08-13 09:52:08.900,MO2508-C-7500,1.6,1.4,1.6
2025-08-13,2025-08-13 09:52:10.400,MO2508-C-7500,1.6,1.4,1.6
2025-08-13,2025-08-13 09:52:11.400,MO2508-C-7500,1.6,1.4,1.6
2025-08-13,2025-08-13 09:52:11.900,MO2508-C-7500,1.6,1.4,1.6
2025-08-13,2025-08-13 09:52:12.400,MO2508-C-7500,1.6,1.4,1.6
2025-08-13,2025-08-13 09:52:12.900,MO2508-C-7500,1.6,1.4,1.6
2025-08-13,2025-08-13 09:52:15.400,MO2508-C-7500,1.6,1.4,1.6
2025-08-13,2025-08-13 09:52:16.900,MO2508-C-7500,1.6,1.4,1.6
2025-08-13,2025-08-13 09:52:17.400,MO2508-C-7500,1.6,1.4,1.6
2025-08-13,2025-08-13 09:52:18.400,MO2508-C-7500,1.6,1.4,1.6
2025-08-13,2025-08-13 09:52:18.900,MO2508-C-7500,1.6,1.4,1.6
2025-08-13,2025-08-13 09:52:20.900,MO2508-C-7500,1.6,1.4,1.6
2025-08-13,2025-08-13 09:52:22.900,MO2508-C-7500,1.6,1.4,1.6
2025-08-13,2025-08-13 09:52:23.400,MO2508-C-7500,1.6,1.4,1.6
2025-08-13,2025-08-13 09:52:26.900,MO2508-C-7500,1.6,1.4,1.6
2025-08-13,2025-08-13 09:52:28.400,MO2508-C-7500,1.6,1.4,1.6
2025-08-13,2025-08-13 09:52:28.900,MO2508-C-7500,1.6,1.4,1.6
2025-08-13,2025-08-13 09:52:29.900,MO2508-C-7500,1.6,1.4,1.6
2025-08-13,2025-08-13 09:52:31.400,MO2508-C-7500,1.4,1.4,1.6
2025-08-13,2025-08-13 09:52:31.900,MO2508-C-7500,1.4,1.4,1.6
2025-08-13,2025-08-13 09:52:32.400,MO2508-C-7500,1.4,1.4,1.6
2025-08-13,2025-08-13 09:52:32.900,MO2508-C-7500,1.4,1.4,1.6
2025-08-13,2025-08-13 09:52:34.900,MO2508-C-7500,1.4,1.4,1.6
2025-08-13,2025-08-13 09:52:37.900,MO2508-C-7500,1.4,1.4,1.6
2025-08-13,2025-08-13 09:52:38.400,MO2508-C-7500,1.4,1.4,1.6
2025-08-13,2025-08-13 09:52:38.900,MO2508-C-7500,1.4,1.4,1.6
2025-08-13,2025-08-13 09:52:40.400,MO2508-C-7500,1.4,1.4,1.6
2025-08-13,2025-08-13 09:52:41.400,MO2508-C-7500,1.4,1.4,1.6
2025-08-13,2025-08-13 09:52:43.400,MO2508-C-7500,1.4,1.4,1.6
2025-08-13,2025-08-13 09:52:44.400,MO2508-C-7500,1.4,1.4,1.6
2025-08-13,2025-08-13 09:52:48.400,MO2508-C-7500,1.4,1.4,1.6
2025-08-13,2025-08-13 09:52:48.900,MO2508-C-7500,1.4,1.4,1.6
2025-08-13,2025-08-13 09:52:51.400,MO2508-C-7500,1.4,1.4,1.6
2025-08-13,2025-08-13 09:52:52.400,MO2508-C-7500,1.4,1.4,1.6
2025-08-13,2025-08-13 09:52:58.400,MO2508-C-7500,1.4,1.4,1.6
2025-08-13,2025-08-13 09:52:58.900,MO2508-C-7500,1.4,1.4,1.6
2025-08-13,2025-08-13 09:52:59.400,MO2508-C-7500,1.4,1.4,1.6
2025-08-13,2025-08-13 09:53:08.400,MO2508-C-7500,1.4,1.4,1.6
2025-08-13,2025-08-13 09:53:08.900,MO2508-C-7500,1.4,1.4,1.6
2025-08-13,2025-08-13 09:53:18.400,MO2508-C-7500,1.4,1.4,1.6
2025-08-13,2025-08-13 09:53:18.900,MO2508-C-7500,1.4,1.4,1.6
2025-08-13,2025-08-13 09:53:26.900,MO2508-C-7500,1.4,1.4,1.6
2025-08-13,2025-08-13 09:53:27.400,MO2508-C-7500,1.4,1.4,1.6
2025-08-13,2025-08-13 09:53:28.400,MO2508-C-7500,1.4,1.4,1.6
2025-08-13,2025-08-13 09:53:28.900,MO2508-C-7500,1.4,1.4,1.6
2025-08-13,2025-08-13 09:53:30.400,MO2508-C-7500,1.4,1.4,1.6
2025-08-13,2025-08-13 09:53:31.400,MO2508-C-7500,1.4,1.4,1.6
2025-08-13,2025-08-13 09:53:32.400,MO2508-C-7500,1.4,1.4,1.6
2025-08-13,2025-08-13 09:53:34.400,MO2508-C-7500,1.4,1.4,1.6
2025-08-13,2025-08-13 09:53:38.400,MO2508-C-7500,1.4,1.4,1.6
2025-08-13,2025-08-13 09:53:38.900,MO2508-C-7500,1.4,1.4,1.6
2025-08-13,2025-08-13 09:53:45.400,MO2508-C-7500,1.4,1.4,1.6
2025-08-13,2025-08-13 09:53:48.400,MO2508-C-7500,1.4,1.4,1.6
2025-08-13,2025-08-13 09:53:48.900,MO2508-C-7500,1.4,1.4,1.6
2025-08-13,2025-08-13 09:53:49.900,MO2508-C-7500,1.4,1.4,1.6
2025-08-13,2025-08-13 09:53:51.400,MO2508-C-7500,1.4,1.4,1.6
2025-08-13,2025-08-13 09:53:51.900,MO2508-C-7500,1.4,1.4,1.6
2025-08-13,2025-08-13 09:53:53.900,MO2508-C-7500,1.4,1.4,1.6
2025-08-13,2025-08-13 09:53:55.400,MO2508-C-7500,1.4,1.4,1.6
2025-08-13,2025-08-13 09:53:55.900,MO2508-C-7500,1.4,1.4,1.6
2025-08-13,2025-08-13 09:53:56.900,MO2508-C-7500,1.4,1.4,1.6
2025-08-13,2025-08-13 09:53:57.400,MO2508-C-7500,1.4,1.4,1.6
2025-08-13,2025-08-13 09:53:57.900,MO2508-C-7500,1.4,1.4,1.6
2025-08-13,2025-08-13 09:53:58.400,MO2508-C-7500,1.4,1.4,1.6
2025-08-13,2025-08-13 09:53:58.900,MO2508-C-7500,1.4,1.4,1.6
2025-08-13,2025-08-13 09:54:01.400,MO2508-C-7500,1.4,1.4,1.6
2025-08-13,2025-08-13 09:54:01.900,MO2508-C-7500,1.4,1.4,1.6
2025-08-13,2025-08-13 09:54:02.900,MO2508-C-7500,1.4,1.4,1.6
2025-08-13,2025-08-13 09:54:03.400,MO2508-C-7500,1.4,1.4,1.6
2025-08-13,2025-08-13 09:54:03.900,MO2508-C-7500,1.4,1.4,1.6
2025-08-13,2025-08-13 09:54:04.400,MO2508-C-7500,1.4,1.4,1.6
2025-08-13,2025-08-13 09:54:04.900,MO2508-C-7500,1.4,1.4,1.6
2025-08-13,2025-08-13 09:54:05.400,MO2508-C-7500,1.4,1.4,1.6
2025-08-13,2025-08-13 09:54:05.900,MO2508-C-7500,1.4,1.4,1.6
2025-08-13,2025-08-13 09:54:08.400,MO2508-C-7500,1.4,1.4,1.6
2025-08-13,2025-08-13 09:54:08.900,MO2508-C-7500,1.4,1.4,1.6
2025-08-13,2025-08-13 09:54:11.900,MO2508-C-7500,1.4,1.4,1.6
2025-08-13,2025-08-13 09:54:12.900,MO2508-C-7500,1.4,1.4,1.6
2025-08-13,2025-08-13 09:54:18.400,MO2508-C-7500,1.4,1.4,1.6
2025-08-13,2025-08-13 09:54:18.900,MO2508-C-7500,1.4,1.4,1.6
2025-08-13,2025-08-13 09:54:26.900,MO2508-C-7500,1.4,1.4,1.6
2025-08-13,2025-08-13 09:54:27.400,MO2508-C-7500,1.4,1.4,1.6
2025-08-13,2025-08-13 09:54:27.900,MO2508-C-7500,1.4,1.4,1.6
2025-08-13,2025-08-13 09:54:28.400,MO2508-C-7500,1.4,1.4,1.6
2025-08-13,2025-08-13 09:54:28.900,MO2508-C-7500,1.4,1.4,1.6
2025-08-13,2025-08-13 09:54:29.400,MO2508-C-7500,1.4,1.4,1.6
2025-08-13,2025-08-13 09:54:29.900,MO2508-C-7500,1.4,1.4,1.6
2025-08-13,2025-08-13 09:54:31.400,MO2508-C-7500,1.4,1.4,1.6
2025-08-13,2025-08-13 09:54:31.900,MO2508-C-7500,1.4,1.4,1.6
2025-08-13,2025-08-13 09:54:32.400,MO2508-C-7500,1.4,1.4,1.6
2025-08-13,2025-08-13 09:54:35.400,MO2508-C-7500,1.4,1.4,1.6
2025-08-13,2025-08-13 09:54:35.900,MO2508-C-7500,1.4,1.4,1.6
2025-08-13,2025-08-13 09:54:36.400,MO2508-C-7500,1.4,1.4,1.6
2025-08-13,2025-08-13 09:54:38.400,MO2508-C-7500,1.4,1.4,1.6
2025-08-13,2025-08-13 09:54:38.900,MO2508-C-7500,1.4,1.4,1.6
2025-08-13,2025-08-13 09:54:48.400,MO2508-C-7500,1.4,1.4,1.6
2025-08-13,2025-08-13 09:54:48.900,MO2508-C-7500,1.4,1.4,1.6
2025-08-13,2025-08-13 09:54:56.900,MO2508-C-7500,1.4,1.4,1.6
2025-08-13,2025-08-13 09:54:57.400,MO2508-C-7500,1.4,1.4,1.6
2025-08-13,2025-08-13 09:54:58.400,MO2508-C-7500,1.4,1.4,1.6
2025-08-13,2025-08-13 09:54:58.900,MO2508-C-7500,1.4,1.4,1.6
2025-08-13,2025-08-13 09:55:08.400,MO2508-C-7500,1.4,1.4,1.6
2025-08-13,2025-08-13 09:55:08.900,MO2508-C-7500,1.4,1.4,1.6
2025-08-13,2025-08-13 09:55:18.400,MO2508-C-7500,1.4,1.4,1.6
2025-08-13,2025-08-13 09:55:18.900,MO2508-C-7500,1.4,1.4,1.6
2025-08-13,2025-08-13 09:55:22.900,MO2508-C-7500,1.4,1.4,1.6
2025-08-13,2025-08-13 09:55:27.900,MO2508-C-7500,1.4,1.4,1.6
2025-08-13,2025-08-13 09:55:28.400,MO2508-C-7500,1.4,1.4,1.6
2025-08-13,2025-08-13 09:55:28.900,MO2508-C-7500,1.4,1.4,1.6
2025-08-13,2025-08-13 09:55:30.400,MO2508-C-7500,1.4,1.4,1.6
2025-08-13,2025-08-13 09:55:30.900,MO2508-C-7500,1.4,1.4,1.6
2025-08-13,2025-08-13 09:55:31.400,MO2508-C-7500,1.4,1.4,1.6
2025-08-13,2025-08-13 09:55:31.900,MO2508-C-7500,1.4,1.4,1.6
2025-08-13,2025-08-13 09:55:38.400,MO2508-C-7500,1.4,1.4,1.6
2025-08-13,2025-08-13 09:55:38.900,MO2508-C-7500,1.4,1.4,1.6
2025-08-13,2025-08-13 09:55:39.400,MO2508-C-7500,1.4,1.4,1.6
2025-08-13,2025-08-13 09:55:44.900,MO2508-C-7500,1.4,1.4,1.6
2025-08-13,2025-08-13 09:55:45.400,MO2508-C-7500,1.4,1.4,1.6
2025-08-13,2025-08-13 09:55:45.900,MO2508-C-7500,1.4,1.4,1.6
2025-08-13,2025-08-13 09:55:46.400,MO2508-C-7500,1.4,1.4,1.6
2025-08-13,2025-08-13 09:55:48.400,MO2508-C-7500,1.4,1.4,1.6
2025-08-13,2025-08-13 09:55:48.900,MO2508-C-7500,1.4,1.4,1.6
2025-08-13,2025-08-13 09:55:49.400,MO2508-C-7500,1.4,1.4,1.6
2025-08-13,2025-08-13 09:55:49.900,MO2508-C-7500,1.4,1.4,1.6
2025-08-13,2025-08-13 09:55:50.400,MO2508-C-7500,1.4,1.4,1.6
2025-08-13,2025-08-13 09:55:50.900,MO2508-C-7500,1.4,1.4,1.6
2025-08-13,2025-08-13 09:55:51.400,MO2508-C-7500,1.4,1.4,1.6
2025-08-13,2025-08-13 09:55:52.400,MO2508-C-7500,1.4,1.4,1.6
2025-08-13,2025-08-13 09:55:52.900,MO2508-C-7500,1.4,1.4,1.6
2025-08-13,2025-08-13 09:55:53.400,MO2508-C-7500,1.4,1.4,1.6
2025-08-13,2025-08-13 09:55:53.900,MO2508-C-7500,1.4,1.4,1.6
2025-08-13,2025-08-13 09:55:58.400,MO2508-C-7500,1.4,1.4,1.6
2025-08-13,2025-08-13 09:55:58.900,MO2508-C-7500,1.4,1.4,1.6
2025-08-13,2025-08-13 09:55:59.400,MO2508-C-7500,1.4,1.4,1.6
2025-08-13,2025-08-13 09:56:01.900,MO2508-C-7500,1.4,1.4,1.6
2025-08-13,2025-08-13 09:56:03.400,MO2508-C-7500,1.4,1.4,1.6
2025-08-13,2025-08-13 09:56:05.900,MO2508-C-7500,1.4,1.4,1.6
2025-08-13,2025-08-13 09:56:08.400,MO2508-C-7500,1.4,1.4,1.6
2025-08-13,2025-08-13 09:56:08.900,MO2508-C-7500,1.4,1.4,1.6
2025-08-13,2025-08-13 09:56:09.900,MO2508-C-7500,1.4,1.4,1.6
2025-08-13,2025-08-13 09:56:10.900,MO2508-C-7500,1.4,1.4,1.6
2025-08-13,2025-08-13 09:56:11.400,MO2508-C-7500,1.4,1.4,1.6
2025-08-13,2025-08-13 09:56:12.900,MO2508-C-7500,1.4,1.4,1.6
2025-08-13,2025-08-13 09:56:13.400,MO2508-C-7500,1.4,1.4,1.6
2025-08-13,2025-08-13 09:56:13.900,MO2508-C-7500,1.4,1.4,1.6
2025-08-13,2025-08-13 09:56:14.400,MO2508-C-7500,1.4,1.4,1.6
2025-08-13,2025-08-13 09:56:14.900,MO2508-C-7500,1.4,1.4,1.6
2025-08-13,2025-08-13 09:56:15.400,MO2508-C-7500,1.4,1.4,1.6
2025-08-13,2025-08-13 09:56:15.900,MO2508-C-7500,1.4,1.4,1.6
2025-08-13,2025-08-13 09:56:18.400,MO2508-C-7500,1.4,1.4,1.6
2025-08-13,2025-08-13 09:56:18.900,MO2508-C-7500,1.4,1.4,1.6
2025-08-13,2025-08-13 09:56:28.400,MO2508-C-7500,1.4,1.4,1.6
2025-08-13,2025-08-13 09:56:28.900,MO2508-C-7500,1.4,1.4,1.6
2025-08-13,2025-08-13 09:56:38.400,MO2508-C-7500,1.4,1.4,1.6
2025-08-13,2025-08-13 09:56:38.900,MO2508-C-7500,1.4,1.4,1.6
2025-08-13,2025-08-13 09:56:40.400,MO2508-C-7500,1.4,1.4,1.6
2025-08-13,2025-08-13 09:56:44.400,MO2508-C-7500,1.4,1.4,1.6
2025-08-13,2025-08-13 09:56:46.400,MO2508-C-7500,1.4,1.4,1.6
2025-08-13,2025-08-13 09:56:46.900,MO2508-C-7500,1.4,1.4,1.6
2025-08-13,2025-08-13 09:56:48.400,MO2508-C-7500,1.4,1.4,1.6
2025-08-13,2025-08-13 09:56:48.900,MO2508-C-7500,1.4,1.4,1.6
2025-08-13,2025-08-13 09:56:49.400,MO2508-C-7500,1.4,1.4,1.6
2025-08-13,2025-08-13 09:56:55.900,MO2508-C-7500,1.4,1.4,1.6
2025-08-13,2025-08-13 09:56:57.900,MO2508-C-7500,1.4,1.4,1.6
2025-08-13,2025-08-13 09:56:58.400,MO2508-C-7500,1.4,1.4,1.6
2025-08-13,2025-08-13 09:56:58.900,MO2508-C-7500,1.4,1.4,1.6
2025-08-13,2025-08-13 09:57:04.900,MO2508-C-7500,1.4,1.4,1.6
2025-08-13,2025-08-13 09:57:06.400,MO2508-C-7500,1.4,1.4,1.6
2025-08-13,2025-08-13 09:57:08.400,MO2508-C-7500,1.4,1.4,1.6
2025-08-13,2025-08-13 09:57:08.900,MO2508-C-7500,1.6,1.4,1.6
2025-08-13,2025-08-13 09:57:09.400,MO2508-C-7500,1.4,1.4,1.6
2025-08-13,2025-08-13 09:57:09.900,MO2508-C-7500,1.4,1.4,1.6
2025-08-13,2025-08-13 09:57:10.900,MO2508-C-7500,1.6,1.4,1.6
2025-08-13,2025-08-13 09:57:12.400,MO2508-C-7500,1.6,1.4,1.6
2025-08-13,2025-08-13 09:57:16.400,MO2508-C-7500,1.6,1.4,1.6
2025-08-13,2025-08-13 09:57:18.400,MO2508-C-7500,1.6,1.4,1.6
2025-08-13,2025-08-13 09:57:18.900,MO2508-C-7500,1.6,1.4,1.6
2025-08-13,2025-08-13 09:57:19.900,MO2508-C-7500,1.6,1.4,1.6
2025-08-13,2025-08-13 09:57:21.900,MO2508-C-7500,1.6,1.4,1.6
2025-08-13,2025-08-13 09:57:28.400,MO2508-C-7500,1.6,1.4,1.6
2025-08-13,2025-08-13 09:57:28.900,MO2508-C-7500,1.6,1.4,1.6
2025-08-13,2025-08-13 09:57:29.400,MO2508-C-7500,1.6,1.4,1.6
2025-08-13,2025-08-13 09:57:29.900,MO2508-C-7500,1.6,1.2,1.6
2025-08-13,2025-08-13 09:57:30.400,MO2508-C-7500,1.6,1.2,1.6
2025-08-13,2025-08-13 09:57:30.900,MO2508-C-7500,1.6,1.2,1.6
2025-08-13,2025-08-13 09:57:31.400,MO2508-C-7500,1.6,1.2,1.6
2025-08-13,2025-08-13 09:57:38.400,MO2508-C-7500,1.6,1.2,1.6
2025-08-13,2025-08-13 09:57:38.900,MO2508-C-7500,1.6,1.2,1.6
2025-08-13,2025-08-13 09:57:40.900,MO2508-C-7500,1.6,1.2,1.6
2025-08-13,2025-08-13 09:57:41.400,MO2508-C-7500,1.6,1.2,1.6
2025-08-13,2025-08-13 09:57:42.400,MO2508-C-7500,1.6,1.2,1.6
2025-08-13,2025-08-13 09:57:45.900,MO2508-C-7500,1.6,1.2,1.6
2025-08-13,2025-08-13 09:57:48.400,MO2508-C-7500,1.6,1.2,1.6
2025-08-13,2025-08-13 09:57:48.900,MO2508-C-7500,1.6,1.2,1.6
2025-08-13,2025-08-13 09:57:51.900,MO2508-C-7500,1.6,1.2,1.6
2025-08-13,2025-08-13 09:57:57.400,MO2508-C-7500,1.6,1.2,1.6
2025-08-13,2025-08-13 09:57:58.400,MO2508-C-7500,1.6,1.2,1.6
2025-08-13,2025-08-13 09:57:58.900,MO2508-C-7500,1.6,1.2,1.6
2025-08-13,2025-08-13 09:58:03.400,MO2508-C-7500,1.6,1.2,1.6
2025-08-13,2025-08-13 09:58:03.900,MO2508-C-7500,1.6,1.2,1.6
2025-08-13,2025-08-13 09:58:06.400,MO2508-C-7500,1.6,1.2,1.6
2025-08-13,2025-08-13 09:58:08.400,MO2508-C-7500,1.6,1.2,1.6
2025-08-13,2025-08-13 09:58:08.900,MO2508-C-7500,1.6,1.2,1.6
2025-08-13,2025-08-13 09:58:10.400,MO2508-C-7500,1.6,1.2,1.6
2025-08-13,2025-08-13 09:58:12.400,MO2508-C-7500,1.6,1.2,1.6
2025-08-13,2025-08-13 09:58:13.400,MO2508-C-7500,1.6,1.2,1.6
2025-08-13,2025-08-13 09:58:13.900,MO2508-C-7500,1.6,1.2,1.6
2025-08-13,2025-08-13 09:58:14.900,MO2508-C-7500,1.6,1.2,1.6
2025-08-13,2025-08-13 09:58:16.400,MO2508-C-7500,1.6,1.2,1.6
2025-08-13,2025-08-13 09:58:18.400,MO2508-C-7500,1.6,1.2,1.6
2025-08-13,2025-08-13 09:58:18.900,MO2508-C-7500,1.6,1.2,1.6
2025-08-13,2025-08-13 09:58:19.400,MO2508-C-7500,1.6,1.2,1.6
2025-08-13,2025-08-13 09:58:20.900,MO2508-C-7500,1.6,1.2,1.6
2025-08-13,2025-08-13 09:58:21.400,MO2508-C-7500,1.6,1.2,1.6
2025-08-13,2025-08-13 09:58:21.900,MO2508-C-7500,1.6,1.2,1.6
2025-08-13,2025-08-13 09:58:28.400,MO2508-C-7500,1.6,1.2,1.6
2025-08-13,2025-08-13 09:58:28.900,MO2508-C-7500,1.6,1.2,1.6
2025-08-13,2025-08-13 09:58:33.400,MO2508-C-7500,1.6,1.2,1.6
2025-08-13,2025-08-13 09:58:38.400,MO2508-C-7500,1.6,1.2,1.6
2025-08-13,2025-08-13 09:58:38.900,MO2508-C-7500,1.6,1.2,1.6
2025-08-13,2025-08-13 09:58:43.900,MO2508-C-7500,1.6,1.2,1.6
2025-08-13,2025-08-13 09:58:44.400,MO2508-C-7500,1.6,1.2,1.6
2025-08-13,2025-08-13 09:58:48.400,MO2508-C-7500,1.6,1.2,1.6
2025-08-13,2025-08-13 09:58:48.900,MO2508-C-7500,1.6,1.2,1.6
2025-08-13,2025-08-13 09:58:49.400,MO2508-C-7500,1.6,1.2,1.6
2025-08-13,2025-08-13 09:58:49.900,MO2508-C-7500,1.6,1.2,1.6
2025-08-13,2025-08-13 09:58:51.400,MO2508-C-7500,1.6,1.2,1.6
2025-08-13,2025-08-13 09:58:51.900,MO2508-C-7500,1.6,1.2,1.6
2025-08-13,2025-08-13 09:58:52.400,MO2508-C-7500,1.6,1.2,1.6
2025-08-13,2025-08-13 09:58:56.400,MO2508-C-7500,1.6,1.2,1.6
2025-08-13,2025-08-13 09:58:56.900,MO2508-C-7500,1.6,1.2,1.6
2025-08-13,2025-08-13 09:58:58.400,MO2508-C-7500,1.6,1.2,1.6
2025-08-13,2025-08-13 09:58:58.900,MO2508-C-7500,1.6,1.2,1.6
2025-08-13,2025-08-13 09:59:00.400,MO2508-C-7500,1.6,1.2,1.6
2025-08-13,2025-08-13 09:59:03.400,MO2508-C-7500,1.6,1.2,1.6
2025-08-13,2025-08-13 09:59:03.900,MO2508-C-7500,1.6,1.2,1.6
2025-08-13,2025-08-13 09:59:04.400,MO2508-C-7500,1.6,1.2,1.6
2025-08-13,2025-08-13 09:59:04.900,MO2508-C-7500,1.6,1.2,1.6
2025-08-13,2025-08-13 09:59:06.900,MO2508-C-7500,1.6,1.2,1.6
2025-08-13,2025-08-13 09:59:07.400,MO2508-C-7500,1.6,1.2,1.6
2025-08-13,2025-08-13 09:59:08.400,MO2508-C-7500,1.6,1.2,1.6
2025-08-13,2025-08-13 09:59:08.900,MO2508-C-7500,1.6,1.2,1.6
2025-08-13,2025-08-13 09:59:14.400,MO2508-C-7500,1.6,1.2,1.6
2025-08-13,2025-08-13 09:59:15.400,MO2508-C-7500,1.6,1.2,1.6
2025-08-13,2025-08-13 09:59:15.900,MO2508-C-7500,1.6,1.2,1.6
2025-08-13,2025-08-13 09:59:16.400,MO2508-C-7500,1.6,1.2,1.6
2025-08-13,2025-08-13 09:59:17.900,MO2508-C-7500,1.6,1.2,1.6
2025-08-13,2025-08-13 09:59:18.400,MO2508-C-7500,1.6,1.2,1.6
2025-08-13,2025-08-13 09:59:18.900,MO2508-C-7500,1.6,1.2,1.6
2025-08-13,2025-08-13 09:59:20.900,MO2508-C-7500,1.6,1.2,1.6
2025-08-13,2025-08-13 09:59:28.400,MO2508-C-7500,1.6,1.2,1.6
2025-08-13,2025-08-13 09:59:28.900,MO2508-C-7500,1.6,1.2,1.6
2025-08-13,2025-08-13 09:59:37.900,MO2508-C-7500,1.6,1.2,1.6
2025-08-13,2025-08-13 09:59:38.400,MO2508-C-7500,1.6,1.2,1.6
2025-08-13,2025-08-13 09:59:38.900,MO2508-C-7500,1.6,1.2,1.6
2025-08-13,2025-08-13 09:59:46.400,MO2508-C-7500,1.6,1.2,1.6
2025-08-13,2025-08-13 09:59:48.400,MO2508-C-7500,1.6,1.2,1.6
2025-08-13,2025-08-13 09:59:48.900,MO2508-C-7500,1.6,1.2,1.6
2025-08-13,2025-08-13 09:59:51.900,MO2508-C-7500,1.6,1.2,1.6
2025-08-13,2025-08-13 09:59:58.400,MO2508-C-7500,1.6,1.2,1.6
2025-08-13,2025-08-13 09:59:58.900,MO2508-C-7500,1.6,1.2,1.6
2025-08-13,2025-08-13 10:00:08.400,MO2508-C-7500,1.6,1.2,1.6
2025-08-13,2025-08-13 10:00:08.900,MO2508-C-7500,1.6,1.2,1.6
2025-08-13,2025-08-13 10:00:17.900,MO2508-C-7500,1.6,1.2,1.6
2025-08-13,2025-08-13 10:00:18.400,MO2508-C-7500,1.6,1.2,1.6
2025-08-13,2025-08-13 10:00:18.900,MO2508-C-7500,1.6,1.2,1.6
2025-08-13,2025-08-13 10:00:28.400,MO2508-C-7500,1.6,1.2,1.6
2025-08-13,2025-08-13 10:00:28.900,MO2508-C-7500,1.6,1.2,1.6
2025-08-13,2025-08-13 10:00:35.900,MO2508-C-7500,1.6,1.2,1.6
2025-08-13,2025-08-13 10:00:36.400,MO2508-C-7500,1.6,1.2,1.6
2025-08-13,2025-08-13 10:00:36.900,MO2508-C-7500,1.6,1.2,1.6
2025-08-13,2025-08-13 10:00:38.400,MO2508-C-7500,1.6,1.2,1.6
2025-08-13,2025-08-13 10:00:38.900,MO2508-C-7500,1.6,1.2,1.6
2025-08-13,2025-08-13 10:00:48.400,MO2508-C-7500,1.6,1.2,1.6
2025-08-13,2025-08-13 10:00:48.900,MO2508-C-7500,1.6,1.2,1.6
2025-08-13,2025-08-13 10:00:53.400,MO2508-C-7500,1.6,1.2,1.6
2025-08-13,2025-08-13 10:00:53.900,MO2508-C-7500,1.6,1.2,1.6
2025-08-13,2025-08-13 10:00:56.900,MO2508-C-7500,1.6,1.2,1.6
2025-08-13,2025-08-13 10:00:58.400,MO2508-C-7500,1.6,1.2,1.6
2025-08-13,2025-08-13 10:00:58.900,MO2508-C-7500,1.6,1.2,1.6
2025-08-13,2025-08-13 10:01:06.900,MO2508-C-7500,1.6,1.2,1.6
2025-08-13,2025-08-13 10:01:08.400,MO2508-C-7500,1.6,1.2,1.6
2025-08-13,2025-08-13 10:01:08.900,MO2508-C-7500,1.6,1.2,1.6
2025-08-13,2025-08-13 10:01:17.400,MO2508-C-7500,1.6,1.2,1.6
2025-08-13,2025-08-13 10:01:18.400,MO2508-C-7500,1.6,1.2,1.6
2025-08-13,2025-08-13 10:01:18.900,MO2508-C-7500,1.6,1.2,1.6
2025-08-13,2025-08-13 10:01:19.400,MO2508-C-7500,1.6,1.2,1.6
2025-08-13,2025-08-13 10:01:20.900,MO2508-C-7500,1.6,1.2,1.4
2025-08-13,2025-08-13 10:01:21.400,MO2508-C-7500,1.6,1.2,1.4
2025-08-13,2025-08-13 10:01:21.900,MO2508-C-7500,1.6,1.2,1.4
2025-08-13,2025-08-13 10:01:22.900,MO2508-C-7500,1.6,1.2,1.4
2025-08-13,2025-08-13 10:01:23.400,MO2508-C-7500,1.6,1.2,1.4
2025-08-13,2025-08-13 10:01:23.900,MO2508-C-7500,1.6,1.2,1.4
2025-08-13,2025-08-13 10:01:26.900,MO2508-C-7500,1.6,1.2,1.4
2025-08-13,2025-08-13 10:01:27.400,MO2508-C-7500,1.6,1.2,1.4
2025-08-13,2025-08-13 10:01:28.400,MO2508-C-7500,1.6,1.2,1.4
2025-08-13,2025-08-13 10:01:28.900,MO2508-C-7500,1.6,1.2,1.4
2025-08-13,2025-08-13 10:01:29.900,MO2508-C-7500,1.6,1.2,1.4
2025-08-13,2025-08-13 10:01:30.400,MO2508-C-7500,1.6,1.2,1.4
2025-08-13,2025-08-13 10:01:32.900,MO2508-C-7500,1.6,1.2,1.4
2025-08-13,2025-08-13 10:01:33.900,MO2508-C-7500,1.6,1.2,1.4
2025-08-13,2025-08-13 10:01:36.400,MO2508-C-7500,1.6,1.2,1.4
2025-08-13,2025-08-13 10:01:38.400,MO2508-C-7500,1.6,1.2,1.4
2025-08-13,2025-08-13 10:01:38.900,MO2508-C-7500,1.6,1.2,1.4
2025-08-13,2025-08-13 10:01:41.400,MO2508-C-7500,1.2,1.2,1.4
2025-08-13,2025-08-13 10:01:41.900,MO2508-C-7500,1.2,1.2,1.4
2025-08-13,2025-08-13 10:01:42.900,MO2508-C-7500,1.2,1.2,1.4
2025-08-13,2025-08-13 10:01:43.400,MO2508-C-7500,1.2,1.2,1.4
2025-08-13,2025-08-13 10:01:43.900,MO2508-C-7500,1.2,1.2,1.4
2025-08-13,2025-08-13 10:01:44.400,MO2508-C-7500,1.2,1.2,1.4
2025-08-13,2025-08-13 10:01:48.400,MO2508-C-7500,1.2,1.2,1.4
2025-08-13,2025-08-13 10:01:48.900,MO2508-C-7500,1.2,1.2,1.4
2025-08-13,2025-08-13 10:01:49.400,MO2508-C-7500,1.2,1.0,1.4
2025-08-13,2025-08-13 10:01:49.900,MO2508-C-7500,1.2,1.0,1.4
2025-08-13,2025-08-13 10:01:50.400,MO2508-C-7500,1.2,1.0,1.4
2025-08-13,2025-08-13 10:01:50.900,MO2508-C-7500,1.2,1.0,1.4
2025-08-13,2025-08-13 10:01:55.900,MO2508-C-7500,1.2,1.0,1.4
2025-08-13,2025-08-13 10:01:57.400,MO2508-C-7500,1.2,1.0,1.4
2025-08-13,2025-08-13 10:01:57.900,MO2508-C-7500,1.2,1.0,1.2
2025-08-13,2025-08-13 10:01:58.400,MO2508-C-7500,1.2,1.0,1.2
2025-08-13,2025-08-13 10:01:58.900,MO2508-C-7500,1.2,1.0,1.2
2025-08-13,2025-08-13 10:01:59.900,MO2508-C-7500,1.2,1.0,1.2
2025-08-13,2025-08-13 10:02:00.400,MO2508-C-7500,1.2,1.0,1.2
2025-08-13,2025-08-13 10:02:00.900,MO2508-C-7500,1.2,1.0,1.2
2025-08-13,2025-08-13 10:02:01.900,MO2508-C-7500,1.2,1.0,1.2
2025-08-13,2025-08-13 10:02:02.900,MO2508-C-7500,1.2,1.0,1.2
2025-08-13,2025-08-13 10:02:04.900,MO2508-C-7500,1.2,1.0,1.2
2025-08-13,2025-08-13 10:02:08.400,MO2508-C-7500,1.2,1.0,1.2
2025-08-13,2025-08-13 10:02:08.900,MO2508-C-7500,1.2,1.0,1.2
2025-08-13,2025-08-13 10:02:11.400,MO2508-C-7500,1.2,1.0,1.2
2025-08-13,2025-08-13 10:02:11.900,MO2508-C-7500,1.2,1.0,1.2
2025-08-13,2025-08-13 10:02:13.900,MO2508-C-7500,1.2,1.0,1.2
2025-08-13,2025-08-13 10:02:14.900,MO2508-C-7500,1.2,1.0,1.2
2025-08-13,2025-08-13 10:02:15.400,MO2508-C-7500,1.2,1.0,1.2
2025-08-13,2025-08-13 10:02:15.900,MO2508-C-7500,1.2,1.0,1.2
2025-08-13,2025-08-13 10:02:16.400,MO2508-C-7500,1.2,1.0,1.2
2025-08-13,2025-08-13 10:02:16.900,MO2508-C-7500,1.2,1.0,1.2
2025-08-13,2025-08-13 10:02:17.900,MO2508-C-7500,1.2,1.0,1.2
2025-08-13,2025-08-13 10:02:18.400,MO2508-C-7500,1.2,1.0,1.2
2025-08-13,2025-08-13 10:02:18.900,MO2508-C-7500,1.2,1.0,1.2
2025-08-13,2025-08-13 10:02:19.400,MO2508-C-7500,1.2,1.0,1.2
2025-08-13,2025-08-13 10:02:25.900,MO2508-C-7500,1.2,1.0,1.2
2025-08-13,2025-08-13 10:02:26.400,MO2508-C-7500,1.2,1.0,1.2
2025-08-13,2025-08-13 10:02:28.400,MO2508-C-7500,1.2,1.0,1.2
2025-08-13,2025-08-13 10:02:28.900,MO2508-C-7500,1.2,1.0,1.2
2025-08-13,2025-08-13 10:02:32.900,MO2508-C-7500,1.2,1.0,1.2
2025-08-13,2025-08-13 10:02:35.900,MO2508-C-7500,1.2,1.0,1.2
2025-08-13,2025-08-13 10:02:36.400,MO2508-C-7500,1.2,1.0,1.2
2025-08-13,2025-08-13 10:02:38.400,MO2508-C-7500,1.2,1.0,1.2
2025-08-13,2025-08-13 10:02:38.900,MO2508-C-7500,1.2,1.0,1.2
2025-08-13,2025-08-13 10:02:47.400,MO2508-C-7500,1.2,1.0,1.2
2025-08-13,2025-08-13 10:02:48.400,MO2508-C-7500,1.2,1.0,1.2
2025-08-13,2025-08-13 10:02:48.900,MO2508-C-7500,1.2,1.0,1.2
2025-08-13,2025-08-13 10:02:49.400,MO2508-C-7500,1.2,1.0,1.2
2025-08-13,2025-08-13 10:02:53.400,MO2508-C-7500,1.2,1.0,1.2
2025-08-13,2025-08-13 10:02:53.900,MO2508-C-7500,1.2,1.0,1.2
2025-08-13,2025-08-13 10:02:54.400,MO2508-C-7500,1.2,1.0,1.2
2025-08-13,2025-08-13 10:02:54.900,MO2508-C-7500,1.2,1.0,1.2
2025-08-13,2025-08-13 10:02:55.400,MO2508-C-7500,1.2,1.0,1.2
2025-08-13,2025-08-13 10:02:58.400,MO2508-C-7500,1.2,1.0,1.2
2025-08-13,2025-08-13 10:02:58.900,MO2508-C-7500,1.2,1.0,1.2
2025-08-13,2025-08-13 10:03:08.400,MO2508-C-7500,1.2,1.0,1.2
2025-08-13,2025-08-13 10:03:08.900,MO2508-C-7500,1.2,1.0,1.2
2025-08-13,2025-08-13 10:03:10.900,MO2508-C-7500,1.2,1.0,1.2
2025-08-13,2025-08-13 10:03:11.400,MO2508-C-7500,1.2,1.0,1.2
2025-08-13,2025-08-13 10:03:15.400,MO2508-C-7500,1.2,1.0,1.2
2025-08-13,2025-08-13 10:03:18.400,MO2508-C-7500,1.2,1.0,1.2
2025-08-13,2025-08-13 10:03:18.900,MO2508-C-7500,1.2,1.0,1.2
2025-08-13,2025-08-13 10:03:23.400,MO2508-C-7500,1.2,1.0,1.2
2025-08-13,2025-08-13 10:03:24.900,MO2508-C-7500,1.2,1.0,1.2
2025-08-13,2025-08-13 10:03:25.400,MO2508-C-7500,1.2,1.0,1.2
2025-08-13,2025-08-13 10:03:25.900,MO2508-C-7500,1.2,1.0,1.2
2025-08-13,2025-08-13 10:03:28.400,MO2508-C-7500,1.2,1.0,1.2
2025-08-13,2025-08-13 10:03:28.900,MO2508-C-7500,1.2,1.0,1.2
2025-08-13,2025-08-13 10:03:38.400,MO2508-C-7500,1.2,1.0,1.2
2025-08-13,2025-08-13 10:03:38.900,MO2508-C-7500,1.2,1.0,1.2
2025-08-13,2025-08-13 10:03:39.400,MO2508-C-7500,1.2,1.0,1.2
2025-08-13,2025-08-13 10:03:40.900,MO2508-C-7500,1.2,1.0,1.2
2025-08-13,2025-08-13 10:03:41.400,MO2508-C-7500,1.2,1.0,1.2
2025-08-13,2025-08-13 10:03:42.400,MO2508-C-7500,1.0,1.0,1.2
2025-08-13,2025-08-13 10:03:42.900,MO2508-C-7500,1.0,1.0,1.2
2025-08-13,2025-08-13 10:03:43.400,MO2508-C-7500,1.0,1.0,1.2
2025-08-13,2025-08-13 10:03:43.900,MO2508-C-7500,1.0,1.0,1.2
2025-08-13,2025-08-13 10:03:44.400,MO2508-C-7500,1.0,1.0,1.2
2025-08-13,2025-08-13 10:03:45.400,MO2508-C-7500,1.0,1.0,1.2
2025-08-13,2025-08-13 10:03:47.900,MO2508-C-7500,1.0,1.0,1.2
2025-08-13,2025-08-13 10:03:48.400,MO2508-C-7500,1.0,1.0,1.2
2025-08-13,2025-08-13 10:03:48.900,MO2508-C-7500,1.0,1.0,1.2
2025-08-13,2025-08-13 10:03:50.400,MO2508-C-7500,1.0,1.0,1.2
2025-08-13,2025-08-13 10:03:52.400,MO2508-C-7500,1.0,1.0,1.2
2025-08-13,2025-08-13 10:03:52.900,MO2508-C-7500,1.0,1.0,1.2
2025-08-13,2025-08-13 10:03:53.400,MO2508-C-7500,1.0,1.0,1.2
2025-08-13,2025-08-13 10:03:55.900,MO2508-C-7500,1.0,1.0,1.2
2025-08-13,2025-08-13 10:03:56.400,MO2508-C-7500,1.0,1.0,1.2
2025-08-13,2025-08-13 10:03:57.400,MO2508-C-7500,1.0,1.0,1.2
2025-08-13,2025-08-13 10:03:58.400,MO2508-C-7500,1.0,1.0,1.2
2025-08-13,2025-08-13 10:03:59.400,MO2508-C-7500,1.0,1.0,1.2
2025-08-13,2025-08-13 10:04:02.400,MO2508-C-7500,1.0,1.0,1.2
2025-08-13,2025-08-13 10:04:08.400,MO2508-C-7500,1.0,1.0,1.2
2025-08-13,2025-08-13 10:04:08.900,MO2508-C-7500,1.0,1.0,1.2
2025-08-13,2025-08-13 10:04:11.900,MO2508-C-7500,1.0,1.0,1.2
2025-08-13,2025-08-13 10:04:13.900,MO2508-C-7500,1.0,1.0,1.2
2025-08-13,2025-08-13 10:04:14.400,MO2508-C-7500,1.0,1.0,1.2
2025-08-13,2025-08-13 10:04:16.900,MO2508-C-7500,1.0,1.0,1.2
2025-08-13,2025-08-13 10:04:18.400,MO2508-C-7500,1.0,1.0,1.2
2025-08-13,2025-08-13 10:04:18.900,MO2508-C-7500,1.0,1.0,1.2
2025-08-13,2025-08-13 10:04:19.400,MO2508-C-7500,1.0,1.0,1.2
2025-08-13,2025-08-13 10:04:19.900,MO2508-C-7500,1.0,1.0,1.2
2025-08-13,2025-08-13 10:04:28.400,MO2508-C-7500,1.0,1.0,1.2
2025-08-13,2025-08-13 10:04:28.900,MO2508-C-7500,1.0,1.0,1.2
2025-08-13,2025-08-13 10:04:32.400,MO2508-C-7500,1.0,1.0,1.2
2025-08-13,2025-08-13 10:04:32.900,MO2508-C-7500,1.0,1.0,1.2
2025-08-13,2025-08-13 10:04:33.900,MO2508-C-7500,1.0,1.0,1.2
2025-08-13,2025-08-13 10:04:34.400,MO2508-C-7500,1.0,1.0,1.2
2025-08-13,2025-08-13 10:04:37.900,MO2508-C-7500,1.0,1.0,1.2
2025-08-13,2025-08-13 10:04:38.400,MO2508-C-7500,1.0,1.0,1.2
2025-08-13,2025-08-13 10:04:40.400,MO2508-C-7500,1.0,1.0,1.2
2025-08-13,2025-08-13 10:04:42.900,MO2508-C-7500,1.0,1.0,1.2
2025-08-13,2025-08-13 10:04:48.400,MO2508-C-7500,1.0,1.0,1.2
2025-08-13,2025-08-13 10:04:49.400,MO2508-C-7500,1.0,1.0,1.2
2025-08-13,2025-08-13 10:04:58.400,MO2508-C-7500,1.0,1.0,1.2
2025-08-13,2025-08-13 10:04:58.900,MO2508-C-7500,1.0,1.0,1.2
2025-08-13,2025-08-13 10:05:08.400,MO2508-C-7500,1.0,1.0,1.2
2025-08-13,2025-08-13 10:05:08.900,MO2508-C-7500,1.0,1.0,1.2
2025-08-13,2025-08-13 10:05:18.400,MO2508-C-7500,1.0,1.0,1.2
2025-08-13,2025-08-13 10:05:18.900,MO2508-C-7500,1.0,1.0,1.2
2025-08-13,2025-08-13 10:05:20.400,MO2508-C-7500,1.0,1.0,1.2
2025-08-13,2025-08-13 10:05:20.900,MO2508-C-7500,1.0,1.0,1.2
2025-08-13,2025-08-13 10:05:28.400,MO2508-C-7500,1.0,1.0,1.2
2025-08-13,2025-08-13 10:05:28.900,MO2508-C-7500,1.0,1.0,1.2
2025-08-13,2025-08-13 10:05:30.900,MO2508-C-7500,1.0,1.0,1.2
2025-08-13,2025-08-13 10:05:31.400,MO2508-C-7500,1.0,1.0,1.2
2025-08-13,2025-08-13 10:05:31.900,MO2508-C-7500,1.0,1.0,1.2
2025-08-13,2025-08-13 10:05:32.400,MO2508-C-7500,1.0,1.0,1.2
2025-08-13,2025-08-13 10:05:32.900,MO2508-C-7500,1.0,1.0,1.2
2025-08-13,2025-08-13 10:05:38.400,MO2508-C-7500,1.0,1.0,1.2
2025-08-13,2025-08-13 10:05:38.900,MO2508-C-7500,1.0,1.0,1.2
2025-08-13,2025-08-13 10:05:48.400,MO2508-C-7500,1.0,1.0,1.2
2025-08-13,2025-08-13 10:05:48.900,MO2508-C-7500,1.0,1.0,1.2
2025-08-13,2025-08-13 10:05:58.400,MO2508-C-7500,1.0,1.0,1.2
2025-08-13,2025-08-13 10:05:58.900,MO2508-C-7500,1.0,1.0,1.2
2025-08-13,2025-08-13 10:05:59.400,MO2508-C-7500,1.0,1.0,1.2
2025-08-13,2025-08-13 10:05:59.900,MO2508-C-7500,1.0,1.0,1.2
2025-08-13,2025-08-13 10:06:08.400,MO2508-C-7500,1.0,1.0,1.2
2025-08-13,2025-08-13 10:06:08.900,MO2508-C-7500,1.0,1.0,1.2
2025-08-13,2025-08-13 10:06:09.400,MO2508-C-7500,1.0,1.0,1.2
2025-08-13,2025-08-13 10:06:18.400,MO2508-C-7500,1.0,1.0,1.2
2025-08-13,2025-08-13 10:06:18.900,MO2508-C-7500,1.0,1.0,1.2
2025-08-13,2025-08-13 10:06:19.400,MO2508-C-7500,1.0,1.0,1.2
2025-08-13,2025-08-13 10:06:22.400,MO2508-C-7500,1.0,1.0,1.4
2025-08-13,2025-08-13 10:06:22.900,MO2508-C-7500,1.0,1.0,1.4
2025-08-13,2025-08-13 10:06:24.900,MO2508-C-7500,1.0,1.0,1.4
2025-08-13,2025-08-13 10:06:28.400,MO2508-C-7500,1.0,1.0,1.4
2025-08-13,2025-08-13 10:06:28.900,MO2508-C-7500,1.0,1.0,1.4
2025-08-13,2025-08-13 10:06:30.900,MO2508-C-7500,1.0,1.0,1.4
2025-08-13,2025-08-13 10:06:33.400,MO2508-C-7500,1.0,1.0,1.4
2025-08-13,2025-08-13 10:06:38.400,MO2508-C-7500,1.0,1.0,1.4
2025-08-13,2025-08-13 10:06:38.900,MO2508-C-7500,1.0,1.0,1.4
2025-08-13,2025-08-13 10:06:44.900,MO2508-C-7500,1.0,1.0,1.4
2025-08-13,2025-08-13 10:06:48.400,MO2508-C-7500,1.0,1.0,1.4
2025-08-13,2025-08-13 10:06:48.900,MO2508-C-7500,1.0,1.0,1.4
2025-08-13,2025-08-13 10:06:51.400,MO2508-C-7500,1.0,1.0,1.4
2025-08-13,2025-08-13 10:06:51.900,MO2508-C-7500,1.0,1.0,1.2
2025-08-13,2025-08-13 10:06:53.400,MO2508-C-7500,1.0,1.0,1.2
2025-08-13,2025-08-13 10:06:57.900,MO2508-C-7500,1.0,1.0,1.4
2025-08-13,2025-08-13 10:06:58.400,MO2508-C-7500,1.0,1.0,1.4
2025-08-13,2025-08-13 10:06:58.900,MO2508-C-7500,1.0,1.0,1.4
2025-08-13,2025-08-13 10:07:08.400,MO2508-C-7500,1.0,1.0,1.4
2025-08-13,2025-08-13 10:07:08.900,MO2508-C-7500,1.0,1.0,1.4
2025-08-13,2025-08-13 10:07:14.400,MO2508-C-7500,1.0,1.0,1.4
2025-08-13,2025-08-13 10:07:18.400,MO2508-C-7500,1.0,1.0,1.4
2025-08-13,2025-08-13 10:07:18.900,MO2508-C-7500,1.0,1.0,1.4
2025-08-13,2025-08-13 10:07:19.400,MO2508-C-7500,1.0,1.0,1.4
2025-08-13,2025-08-13 10:07:19.900,MO2508-C-7500,1.0,1.0,1.2
2025-08-13,2025-08-13 10:07:20.900,MO2508-C-7500,1.0,1.0,1.2
2025-08-13,2025-08-13 10:07:28.400,MO2508-C-7500,1.0,1.0,1.2
2025-08-13,2025-08-13 10:07:28.900,MO2508-C-7500,1.0,1.0,1.2
2025-08-13,2025-08-13 10:07:33.900,MO2508-C-7500,1.0,1.0,1.4
2025-08-13,2025-08-13 10:07:34.400,MO2508-C-7500,1.0,1.0,1.4
2025-08-13,2025-08-13 10:07:38.400,MO2508-C-7500,1.0,1.0,1.4
2025-08-13,2025-08-13 10:07:38.900,MO2508-C-7500,1.0,1.0,1.4
2025-08-13,2025-08-13 10:07:48.400,MO2508-C-7500,1.0,1.0,1.4
2025-08-13,2025-08-13 10:07:48.900,MO2508-C-7500,1.0,1.0,1.4
2025-08-13,2025-08-13 10:07:58.400,MO2508-C-7500,1.0,1.0,1.4
2025-08-13,2025-08-13 10:07:58.900,MO2508-C-7500,1.0,1.0,1.4
2025-08-13,2025-08-13 10:08:05.900,MO2508-C-7500,1.0,1.0,1.2
2025-08-13,2025-08-13 10:08:06.400,MO2508-C-7500,1.0,1.0,1.2
2025-08-13,2025-08-13 10:08:08.400,MO2508-C-7500,1.0,1.0,1.2
2025-08-13,2025-08-13 10:08:08.900,MO2508-C-7500,1.0,1.0,1.2
2025-08-13,2025-08-13 10:08:10.900,MO2508-C-7500,1.0,1.0,1.2
2025-08-13,2025-08-13 10:08:12.400,MO2508-C-7500,1.0,1.0,1.2
2025-08-13,2025-08-13 10:08:12.900,MO2508-C-7500,1.0,1.0,1.2
2025-08-13,2025-08-13 10:08:16.900,MO2508-C-7500,1.0,1.0,1.2
2025-08-13,2025-08-13 10:08:18.400,MO2508-C-7500,1.0,1.0,1.2
2025-08-13,2025-08-13 10:08:18.900,MO2508-C-7500,1.0,1.0,1.2
2025-08-13,2025-08-13 10:08:20.400,MO2508-C-7500,1.0,1.0,1.2
2025-08-13,2025-08-13 10:08:20.900,MO2508-C-7500,1.0,1.0,1.2
2025-08-13,2025-08-13 10:08:24.400,MO2508-C-7500,1.0,1.0,1.2
2025-08-13,2025-08-13 10:08:28.400,MO2508-C-7500,1.0,1.0,1.2
2025-08-13,2025-08-13 10:08:28.900,MO2508-C-7500,1.0,1.0,1.2
2025-08-13,2025-08-13 10:08:29.400,MO2508-C-7500,1.0,1.0,1.2
2025-08-13,2025-08-13 10:08:31.400,MO2508-C-7500,1.0,1.0,1.2
2025-08-13,2025-08-13 10:08:33.400,MO2508-C-7500,1.0,1.0,1.2
2025-08-13,2025-08-13 10:08:34.900,MO2508-C-7500,1.0,1.0,1.2
2025-08-13,2025-08-13 10:08:35.400,MO2508-C-7500,1.0,1.0,1.2
2025-08-13,2025-08-13 10:08:36.400,MO2508-C-7500,1.0,1.0,1.2
2025-08-13,2025-08-13 10:08:37.400,MO2508-C-7500,1.0,1.0,1.2
2025-08-13,2025-08-13 10:08:37.900,MO2508-C-7500,1.0,1.0,1.2
2025-08-13,2025-08-13 10:08:38.400,MO2508-C-7500,1.0,1.0,1.2
2025-08-13,2025-08-13 10:08:38.900,MO2508-C-7500,1.0,1.0,1.2
2025-08-13,2025-08-13 10:08:46.400,MO2508-C-7500,1.0,1.0,1.2
2025-08-13,2025-08-13 10:08:48.400,MO2508-C-7500,1.0,1.0,1.2
2025-08-13,2025-08-13 10:08:48.900,MO2508-C-7500,1.0,1.0,1.2
2025-08-13,2025-08-13 10:08:50.400,MO2508-C-7500,1.0,1.0,1.2
2025-08-13,2025-08-13 10:08:58.400,MO2508-C-7500,1.0,1.0,1.2
2025-08-13,2025-08-13 10:08:58.900,MO2508-C-7500,1.0,1.0,1.2
2025-08-13,2025-08-13 10:09:08.400,MO2508-C-7500,1.0,1.0,1.2
2025-08-13,2025-08-13 10:09:08.900,MO2508-C-7500,1.0,1.0,1.2
2025-08-13,2025-08-13 10:09:11.900,MO2508-C-7500,1.0,1.0,1.2
2025-08-13,2025-08-13 10:09:12.900,MO2508-C-7500,1.0,1.0,1.2
2025-08-13,2025-08-13 10:09:16.900,MO2508-C-7500,1.0,1.0,1.2
2025-08-13,2025-08-13 10:09:18.400,MO2508-C-7500,1.0,1.0,1.2
2025-08-13,2025-08-13 10:09:18.900,MO2508-C-7500,1.0,1.0,1.2
2025-08-13,2025-08-13 10:09:27.400,MO2508-C-7500,1.0,1.0,1.2
2025-08-13,2025-08-13 10:09:28.400,MO2508-C-7500,1.0,1.0,1.2
2025-08-13,2025-08-13 10:09:28.900,MO2508-C-7500,1.0,1.0,1.2
2025-08-13,2025-08-13 10:09:29.400,MO2508-C-7500,1.0,1.0,1.4
2025-08-13,2025-08-13 10:09:29.900,MO2508-C-7500,1.0,1.0,1.4
2025-08-13,2025-08-13 10:09:30.400,MO2508-C-7500,1.0,1.0,1.4
2025-08-13,2025-08-13 10:09:38.400,MO2508-C-7500,1.0,1.0,1.4
2025-08-13,2025-08-13 10:09:38.900,MO2508-C-7500,1.0,1.0,1.4
2025-08-13,2025-08-13 10:09:48.400,MO2508-C-7500,1.0,1.0,1.4
2025-08-13,2025-08-13 10:09:48.900,MO2508-C-7500,1.0,1.0,1.4
2025-08-13,2025-08-13 10:09:58.400,MO2508-C-7500,1.0,1.0,1.4
2025-08-13,2025-08-13 10:09:58.900,MO2508-C-7500,1.0,1.0,1.4
2025-08-13,2025-08-13 10:10:03.900,MO2508-C-7500,1.0,1.0,1.4
2025-08-13,2025-08-13 10:10:04.400,MO2508-C-7500,1.0,1.0,1.4
2025-08-13,2025-08-13 10:10:06.900,MO2508-C-7500,1.0,1.0,1.4
2025-08-13,2025-08-13 10:10:07.400,MO2508-C-7500,1.0,1.0,1.4
2025-08-13,2025-08-13 10:10:08.400,MO2508-C-7500,1.0,1.0,1.4
2025-08-13,2025-08-13 10:10:08.900,MO2508-C-7500,1.0,1.0,1.4
2025-08-13,2025-08-13 10:10:18.400,MO2508-C-7500,1.0,1.0,1.4
2025-08-13,2025-08-13 10:10:18.900,MO2508-C-7500,1.0,1.0,1.4
2025-08-13,2025-08-13 10:10:19.400,MO2508-C-7500,1.0,1.0,1.4
2025-08-13,2025-08-13 10:10:26.900,MO2508-C-7500,1.0,1.0,1.4
2025-08-13,2025-08-13 10:10:28.400,MO2508-C-7500,1.0,1.0,1.4
2025-08-13,2025-08-13 10:10:28.900,MO2508-C-7500,1.0,1.0,1.4
2025-08-13,2025-08-13 10:10:29.400,MO2508-C-7500,1.0,1.0,1.4
2025-08-13,2025-08-13 10:10:34.900,MO2508-C-7500,1.0,1.0,1.4
2025-08-13,2025-08-13 10:10:35.900,MO2508-C-7500,1.0,1.0,1.4
2025-08-13,2025-08-13 10:10:38.400,MO2508-C-7500,1.0,1.0,1.4
2025-08-13,2025-08-13 10:10:38.900,MO2508-C-7500,1.0,1.0,1.4
2025-08-13,2025-08-13 10:10:46.400,MO2508-C-7500,1.0,1.0,1.4
2025-08-13,2025-08-13 10:10:48.400,MO2508-C-7500,1.0,1.0,1.4
2025-08-13,2025-08-13 10:10:48.900,MO2508-C-7500,1.0,1.0,1.4
2025-08-13,2025-08-13 10:10:50.400,MO2508-C-7500,1.0,1.0,1.4
2025-08-13,2025-08-13 10:10:58.400,MO2508-C-7500,1.0,1.0,1.4
2025-08-13,2025-08-13 10:10:58.900,MO2508-C-7500,1.0,1.0,1.4
2025-08-13,2025-08-13 10:11:08.400,MO2508-C-7500,1.0,1.0,1.4
2025-08-13,2025-08-13 10:11:08.900,MO2508-C-7500,1.0,1.0,1.4
2025-08-13,2025-08-13 10:11:17.900,MO2508-C-7500,1.0,1.0,1.4
2025-08-13,2025-08-13 10:11:18.400,MO2508-C-7500,1.0,1.0,1.4
2025-08-13,2025-08-13 10:11:18.900,MO2508-C-7500,1.0,1.0,1.4
2025-08-13,2025-08-13 10:11:28.400,MO2508-C-7500,1.0,1.0,1.4
2025-08-13,2025-08-13 10:11:28.900,MO2508-C-7500,1.0,1.0,1.4
2025-08-13,2025-08-13 10:11:32.900,MO2508-C-7500,1.0,1.0,1.4
2025-08-13,2025-08-13 10:11:38.400,MO2508-C-7500,1.0,1.0,1.4
2025-08-13,2025-08-13 10:11:38.900,MO2508-C-7500,1.0,1.0,1.4
2025-08-13,2025-08-13 10:11:48.400,MO2508-C-7500,1.0,1.0,1.4
2025-08-13,2025-08-13 10:11:48.900,MO2508-C-7500,1.0,1.0,1.4
2025-08-13,2025-08-13 10:11:58.400,MO2508-C-7500,1.0,1.0,1.4
2025-08-13,2025-08-13 10:11:58.900,MO2508-C-7500,1.0,1.0,1.4
2025-08-13,2025-08-13 10:12:02.400,MO2508-C-7500,1.0,1.0,1.4
2025-08-13,2025-08-13 10:12:08.400,MO2508-C-7500,1.0,1.0,1.4
2025-08-13,2025-08-13 10:12:08.900,MO2508-C-7500,1.0,1.0,1.4
2025-08-13,2025-08-13 10:12:11.400,MO2508-C-7500,1.0,1.0,1.4
2025-08-13,2025-08-13 10:12:11.900,MO2508-C-7500,1.0,1.0,1.4
2025-08-13,2025-08-13 10:12:13.900,MO2508-C-7500,1.0,1.0,1.4
2025-08-13,2025-08-13 10:12:18.400,MO2508-C-7500,1.0,1.0,1.4
2025-08-13,2025-08-13 10:12:18.900,MO2508-C-7500,1.0,1.0,1.4
2025-08-13,2025-08-13 10:12:26.400,MO2508-C-7500,1.0,1.0,1.4
2025-08-13,2025-08-13 10:12:28.400,MO2508-C-7500,1.0,1.0,1.4
2025-08-13,2025-08-13 10:12:28.900,MO2508-C-7500,1.0,1.0,1.4
2025-08-13,2025-08-13 10:12:31.900,MO2508-C-7500,1.0,1.0,1.4
2025-08-13,2025-08-13 10:12:32.400,MO2508-C-7500,1.0,1.0,1.4
2025-08-13,2025-08-13 10:12:38.400,MO2508-C-7500,1.0,1.0,1.4
2025-08-13,2025-08-13 10:12:38.900,MO2508-C-7500,1.0,1.0,1.4
2025-08-13,2025-08-13 10:12:48.400,MO2508-C-7500,1.0,1.0,1.4
2025-08-13,2025-08-13 10:12:48.900,MO2508-C-7500,1.0,1.0,1.2
2025-08-13,2025-08-13 10:12:49.400,MO2508-C-7500,1.0,1.0,1.2
2025-08-13,2025-08-13 10:12:49.900,MO2508-C-7500,1.0,1.0,1.2
2025-08-13,2025-08-13 10:12:50.400,MO2508-C-7500,1.0,1.0,1.2
2025-08-13,2025-08-13 10:12:54.900,MO2508-C-7500,1.0,1.0,1.2
2025-08-13,2025-08-13 10:12:58.400,MO2508-C-7500,1.0,1.0,1.2
2025-08-13,2025-08-13 10:12:58.900,MO2508-C-7500,1.0,1.0,1.2
2025-08-13,2025-08-13 10:13:00.400,MO2508-C-7500,1.0,1.0,1.2
2025-08-13,2025-08-13 10:13:06.400,MO2508-C-7500,1.0,1.0,1.2
2025-08-13,2025-08-13 10:13:06.900,MO2508-C-7500,1.0,1.0,1.2
2025-08-13,2025-08-13 10:13:07.400,MO2508-C-7500,1.0,1.0,1.2
2025-08-13,2025-08-13 10:13:08.400,MO2508-C-7500,1.0,1.0,1.2
2025-08-13,2025-08-13 10:13:08.900,MO2508-C-7500,1.0,1.0,1.2
2025-08-13,2025-08-13 10:13:12.400,MO2508-C-7500,1.0,1.0,1.2
2025-08-13,2025-08-13 10:13:12.900,MO2508-C-7500,1.0,1.0,1.2
2025-08-13,2025-08-13 10:13:18.400,MO2508-C-7500,1.0,1.0,1.2
2025-08-13,2025-08-13 10:13:18.900,MO2508-C-7500,1.0,1.0,1.2
2025-08-13,2025-08-13 10:13:22.400,MO2508-C-7500,1.0,1.0,1.2
2025-08-13,2025-08-13 10:13:22.900,MO2508-C-7500,1.0,1.0,1.2
2025-08-13,2025-08-13 10:13:28.400,MO2508-C-7500,1.0,1.0,1.2
2025-08-13,2025-08-13 10:13:28.900,MO2508-C-7500,1.0,1.0,1.2
2025-08-13,2025-08-13 10:13:31.900,MO2508-C-7500,1.0,1.0,1.2
2025-08-13,2025-08-13 10:13:32.400,MO2508-C-7500,1.0,1.0,1.2
2025-08-13,2025-08-13 10:13:37.400,MO2508-C-7500,1.0,1.0,1.2
2025-08-13,2025-08-13 10:13:37.900,MO2508-C-7500,1.0,1.0,1.2
2025-08-13,2025-08-13 10:13:38.400,MO2508-C-7500,1.0,1.0,1.2
2025-08-13,2025-08-13 10:13:38.900,MO2508-C-7500,1.0,1.0,1.2
2025-08-13,2025-08-13 10:13:41.400,MO2508-C-7500,1.0,1.0,1.2
2025-08-13,2025-08-13 10:13:41.900,MO2508-C-7500,1.0,1.0,1.2
2025-08-13,2025-08-13 10:13:46.400,MO2508-C-7500,1.0,1.0,1.2
2025-08-13,2025-08-13 10:13:46.900,MO2508-C-7500,1.0,1.0,1.2
2025-08-13,2025-08-13 10:13:48.400,MO2508-C-7500,1.0,1.0,1.2
2025-08-13,2025-08-13 10:13:48.900,MO2508-C-7500,1.0,1.0,1.2
2025-08-13,2025-08-13 10:13:53.900,MO2508-C-7500,1.0,1.0,1.2
2025-08-13,2025-08-13 10:13:55.400,MO2508-C-7500,1.0,1.0,1.2
2025-08-13,2025-08-13 10:13:55.900,MO2508-C-7500,1.0,1.0,1.2
2025-08-13,2025-08-13 10:13:56.400,MO2508-C-7500,1.0,1.0,1.2
2025-08-13,2025-08-13 10:13:58.400,MO2508-C-7500,1.0,1.0,1.2
2025-08-13,2025-08-13 10:13:58.900,MO2508-C-7500,1.0,1.0,1.2
2025-08-13,2025-08-13 10:14:02.900,MO2508-C-7500,1.0,1.0,1.2
2025-08-13,2025-08-13 10:14:03.400,MO2508-C-7500,1.0,1.0,1.2
2025-08-13,2025-08-13 10:14:04.900,MO2508-C-7500,1.0,1.0,1.2
2025-08-13,2025-08-13 10:14:05.400,MO2508-C-7500,1.0,1.0,1.2
2025-08-13,2025-08-13 10:14:05.900,MO2508-C-7500,1.0,1.0,1.2
2025-08-13,2025-08-13 10:14:08.400,MO2508-C-7500,1.0,1.0,1.2
2025-08-13,2025-08-13 10:14:08.900,MO2508-C-7500,1.0,1.0,1.2
2025-08-13,2025-08-13 10:14:18.400,MO2508-C-7500,1.0,1.0,1.2
2025-08-13,2025-08-13 10:14:18.900,MO2508-C-7500,1.0,1.0,1.2
2025-08-13,2025-08-13 10:14:19.400,MO2508-C-7500,1.0,1.0,1.2
2025-08-13,2025-08-13 10:14:19.900,MO2508-C-7500,1.0,1.0,1.2
2025-08-13,2025-08-13 10:14:22.400,MO2508-C-7500,1.0,1.0,1.2
2025-08-13,2025-08-13 10:14:22.900,MO2508-C-7500,1.0,1.0,1.2
2025-08-13,2025-08-13 10:14:26.400,MO2508-C-7500,1.0,1.0,1.2
2025-08-13,2025-08-13 10:14:26.900,MO2508-C-7500,1.0,1.0,1.2
2025-08-13,2025-08-13 10:14:28.400,MO2508-C-7500,1.0,1.0,1.2
2025-08-13,2025-08-13 10:14:28.900,MO2508-C-7500,1.0,1.0,1.2
2025-08-13,2025-08-13 10:14:38.400,MO2508-C-7500,1.0,1.0,1.2
2025-08-13,2025-08-13 10:14:38.900,MO2508-C-7500,1.0,1.0,1.2
2025-08-13,2025-08-13 10:14:41.400,MO2508-C-7500,1.0,1.0,1.2
2025-08-13,2025-08-13 10:14:41.900,MO2508-C-7500,1.0,1.0,1.2
2025-08-13,2025-08-13 10:14:44.900,MO2508-C-7500,1.0,1.0,1.2
2025-08-13,2025-08-13 10:14:45.400,MO2508-C-7500,1.0,1.0,1.2
2025-08-13,2025-08-13 10:14:48.400,MO2508-C-7500,1.0,1.0,1.2
2025-08-13,2025-08-13 10:14:48.900,MO2508-C-7500,1.0,1.0,1.2
2025-08-13,2025-08-13 10:14:49.900,MO2508-C-7500,1.0,1.0,1.2
2025-08-13,2025-08-13 10:14:50.400,MO2508-C-7500,1.0,1.0,1.2
2025-08-13,2025-08-13 10:14:50.900,MO2508-C-7500,1.0,1.0,1.2
2025-08-13,2025-08-13 10:14:51.400,MO2508-C-7500,1.0,1.0,1.2
2025-08-13,2025-08-13 10:14:51.900,MO2508-C-7500,1.0,1.0,1.2
2025-08-13,2025-08-13 10:14:52.400,MO2508-C-7500,1.0,1.0,1.2
2025-08-13,2025-08-13 10:14:58.400,MO2508-C-7500,1.0,1.0,1.2
2025-08-13,2025-08-13 10:14:58.900,MO2508-C-7500,1.0,1.0,1.2
2025-08-13,2025-08-13 10:15:03.400,MO2508-C-7500,1.0,1.0,1.2
2025-08-13,2025-08-13 10:15:03.900,MO2508-C-7500,1.0,1.0,1.2
2025-08-13,2025-08-13 10:15:05.400,MO2508-C-7500,1.0,1.0,1.2
2025-08-13,2025-08-13 10:15:05.900,MO2508-C-7500,1.0,1.0,1.2
2025-08-13,2025-08-13 10:15:06.400,MO2508-C-7500,1.0,1.0,1.2
2025-08-13,2025-08-13 10:15:06.900,MO2508-C-7500,1.0,1.0,1.2
2025-08-13,2025-08-13 10:15:08.400,MO2508-C-7500,1.0,1.0,1.2
2025-08-13,2025-08-13 10:15:08.900,MO2508-C-7500,1.0,1.0,1.2
2025-08-13,2025-08-13 10:15:18.400,MO2508-C-7500,1.0,1.0,1.2
2025-08-13,2025-08-13 10:15:18.900,MO2508-C-7500,1.0,1.0,1.2
2025-08-13,2025-08-13 10:15:28.400,MO2508-C-7500,1.0,1.0,1.2
2025-08-13,2025-08-13 10:15:28.900,MO2508-C-7500,1.0,1.0,1.2
2025-08-13,2025-08-13 10:15:29.400,MO2508-C-7500,1.0,1.0,1.2
2025-08-13,2025-08-13 10:15:38.400,MO2508-C-7500,1.0,1.0,1.2
2025-08-13,2025-08-13 10:15:38.900,MO2508-C-7500,1.0,1.0,1.2
2025-08-13,2025-08-13 10:15:39.400,MO2508-C-7500,1.0,1.0,1.2
2025-08-13,2025-08-13 10:15:39.900,MO2508-C-7500,1.0,1.0,1.2
2025-08-13,2025-08-13 10:15:43.900,MO2508-C-7500,1.0,1.0,1.2
2025-08-13,2025-08-13 10:15:46.400,MO2508-C-7500,1.0,1.0,1.2
2025-08-13,2025-08-13 10:15:48.400,MO2508-C-7500,1.0,1.0,1.2
2025-08-13,2025-08-13 10:15:48.900,MO2508-C-7500,1.0,1.0,1.2
2025-08-13,2025-08-13 10:15:51.400,MO2508-C-7500,1.0,1.0,1.2
2025-08-13,2025-08-13 10:15:58.400,MO2508-C-7500,1.0,1.0,1.2
2025-08-13,2025-08-13 10:15:58.900,MO2508-C-7500,1.0,1.0,1.2
2025-08-13,2025-08-13 10:16:01.400,MO2508-C-7500,1.0,1.0,1.2
2025-08-13,2025-08-13 10:16:08.400,MO2508-C-7500,1.0,1.0,1.2
2025-08-13,2025-08-13 10:16:08.900,MO2508-C-7500,1.0,1.0,1.2
2025-08-13,2025-08-13 10:16:15.400,MO2508-C-7500,1.0,1.0,1.2
2025-08-13,2025-08-13 10:16:17.900,MO2508-C-7500,1.0,1.0,1.2
2025-08-13,2025-08-13 10:16:18.400,MO2508-C-7500,1.0,1.0,1.2
2025-08-13,2025-08-13 10:16:18.900,MO2508-C-7500,1.0,1.0,1.2
2025-08-13,2025-08-13 10:16:23.900,MO2508-C-7500,1.2,1.0,1.2
2025-08-13,2025-08-13 10:16:24.400,MO2508-C-7500,1.2,1.0,1.2
2025-08-13,2025-08-13 10:16:24.900,MO2508-C-7500,1.2,1.0,1.2
2025-08-13,2025-08-13 10:16:25.900,MO2508-C-7500,1.2,1.0,1.2
2025-08-13,2025-08-13 10:16:26.400,MO2508-C-7500,1.2,1.0,1.2
2025-08-13,2025-08-13 10:16:26.900,MO2508-C-7500,1.2,1.0,1.2
2025-08-13,2025-08-13 10:16:27.900,MO2508-C-7500,1.2,1.0,1.2
2025-08-13,2025-08-13 10:16:28.400,MO2508-C-7500,1.2,1.0,1.2
2025-08-13,2025-08-13 10:16:28.900,MO2508-C-7500,1.2,1.0,1.2
2025-08-13,2025-08-13 10:16:38.400,MO2508-C-7500,1.2,1.0,1.2
2025-08-13,2025-08-13 10:16:38.900,MO2508-C-7500,1.2,1.0,1.2
2025-08-13,2025-08-13 10:16:48.400,MO2508-C-7500,1.2,1.0,1.2
2025-08-13,2025-08-13 10:16:48.900,MO2508-C-7500,1.2,1.0,1.2
2025-08-13,2025-08-13 10:16:51.400,MO2508-C-7500,1.2,1.0,1.2
2025-08-13,2025-08-13 10:16:51.900,MO2508-C-7500,1.2,1.0,1.2
2025-08-13,2025-08-13 10:16:52.400,MO2508-C-7500,1.2,1.0,1.2
2025-08-13,2025-08-13 10:16:56.900,MO2508-C-7500,1.2,1.0,1.2
2025-08-13,2025-08-13 10:16:57.400,MO2508-C-7500,1.2,1.0,1.2
2025-08-13,2025-08-13 10:16:57.900,MO2508-C-7500,1.2,1.0,1.2
2025-08-13,2025-08-13 10:16:58.400,MO2508-C-7500,1.2,1.0,1.2
2025-08-13,2025-08-13 10:16:58.900,MO2508-C-7500,1.2,1.0,1.2
2025-08-13,2025-08-13 10:17:01.900,MO2508-C-7500,1.2,1.0,1.2
2025-08-13,2025-08-13 10:17:02.400,MO2508-C-7500,1.2,1.0,1.2
2025-08-13,2025-08-13 10:17:08.400,MO2508-C-7500,1.2,1.0,1.2
2025-08-13,2025-08-13 10:17:08.900,MO2508-C-7500,1.2,1.0,1.2
2025-08-13,2025-08-13 10:17:18.400,MO2508-C-7500,1.2,1.0,1.2
2025-08-13,2025-08-13 10:17:18.900,MO2508-C-7500,1.2,1.0,1.2
2025-08-13,2025-08-13 10:17:19.400,MO2508-C-7500,1.2,1.0,1.2
2025-08-13,2025-08-13 10:17:20.900,MO2508-C-7500,1.2,1.0,1.2
2025-08-13,2025-08-13 10:17:21.400,MO2508-C-7500,1.2,1.0,1.2
2025-08-13,2025-08-13 10:17:22.400,MO2508-C-7500,1.2,1.0,1.2
2025-08-13,2025-08-13 10:17:22.900,MO2508-C-7500,1.2,1.0,1.2
2025-08-13,2025-08-13 10:17:28.400,MO2508-C-7500,1.2,1.0,1.2
2025-08-13,2025-08-13 10:17:28.900,MO2508-C-7500,1.2,1.0,1.2
2025-08-13,2025-08-13 10:17:29.400,MO2508-C-7500,1.2,1.0,1.2
2025-08-13,2025-08-13 10:17:37.400,MO2508-C-7500,1.2,1.0,1.2
2025-08-13,2025-08-13 10:17:38.400,MO2508-C-7500,1.2,1.0,1.2
2025-08-13,2025-08-13 10:17:38.900,MO2508-C-7500,1.2,1.0,1.2
2025-08-13,2025-08-13 10:17:48.400,MO2508-C-7500,1.2,1.0,1.2
2025-08-13,2025-08-13 10:17:48.900,MO2508-C-7500,1.2,1.0,1.2
2025-08-13,2025-08-13 10:17:51.900,MO2508-C-7500,1.2,1.0,1.2
2025-08-13,2025-08-13 10:17:52.900,MO2508-C-7500,1.2,1.0,1.2
2025-08-13,2025-08-13 10:17:54.400,MO2508-C-7500,1.2,1.0,1.2
2025-08-13,2025-08-13 10:17:58.400,MO2508-C-7500,1.2,1.0,1.2
2025-08-13,2025-08-13 10:17:58.900,MO2508-C-7500,1.2,1.0,1.2
2025-08-13,2025-08-13 10:18:08.400,MO2508-C-7500,1.2,1.0,1.2
2025-08-13,2025-08-13 10:18:08.900,MO2508-C-7500,1.2,1.0,1.2
2025-08-13,2025-08-13 10:18:09.900,MO2508-C-7500,1.2,1.0,1.2
2025-08-13,2025-08-13 10:18:10.400,MO2508-C-7500,1.2,1.0,1.2
2025-08-13,2025-08-13 10:18:13.400,MO2508-C-7500,1.2,1.0,1.2
2025-08-13,2025-08-13 10:18:13.900,MO2508-C-7500,1.2,1.0,1.2
2025-08-13,2025-08-13 10:18:18.400,MO2508-C-7500,1.2,1.0,1.2
2025-08-13,2025-08-13 10:18:18.900,MO2508-C-7500,1.2,1.0,1.2
2025-08-13,2025-08-13 10:18:28.400,MO2508-C-7500,1.2,1.0,1.2
2025-08-13,2025-08-13 10:18:28.900,MO2508-C-7500,1.2,1.0,1.2
2025-08-13,2025-08-13 10:18:31.900,MO2508-C-7500,1.2,1.0,1.2
2025-08-13,2025-08-13 10:18:38.400,MO2508-C-7500,1.2,1.0,1.2
2025-08-13,2025-08-13 10:18:38.900,MO2508-C-7500,1.2,1.0,1.2
2025-08-13,2025-08-13 10:18:48.400,MO2508-C-7500,1.2,1.0,1.2
2025-08-13,2025-08-13 10:18:48.900,MO2508-C-7500,1.2,1.0,1.2
2025-08-13,2025-08-13 10:18:49.400,MO2508-C-7500,1.2,1.0,1.2
2025-08-13,2025-08-13 10:18:58.400,MO2508-C-7500,1.2,1.0,1.2
2025-08-13,2025-08-13 10:18:58.900,MO2508-C-7500,1.2,1.0,1.2
2025-08-13,2025-08-13 10:18:59.900,MO2508-C-7500,1.2,1.0,1.2
2025-08-13,2025-08-13 10:19:08.400,MO2508-C-7500,1.2,1.0,1.2
2025-08-13,2025-08-13 10:19:08.900,MO2508-C-7500,1.2,1.0,1.2
2025-08-13,2025-08-13 10:19:18.400,MO2508-C-7500,1.2,1.0,1.2
2025-08-13,2025-08-13 10:19:18.900,MO2508-C-7500,1.2,1.0,1.2
2025-08-13,2025-08-13 10:19:28.400,MO2508-C-7500,1.2,1.0,1.2
2025-08-13,2025-08-13 10:19:28.900,MO2508-C-7500,1.2,1.0,1.2
2025-08-13,2025-08-13 10:19:30.400,MO2508-C-7500,1.2,1.0,1.2
2025-08-13,2025-08-13 10:19:30.900,MO2508-C-7500,1.2,1.0,1.2
2025-08-13,2025-08-13 10:19:37.900,MO2508-C-7500,1.2,1.0,1.2
2025-08-13,2025-08-13 10:19:38.400,MO2508-C-7500,1.2,1.0,1.2
2025-08-13,2025-08-13 10:19:38.900,MO2508-C-7500,1.2,1.0,1.2
2025-08-13,2025-08-13 10:19:48.400,MO2508-C-7500,1.2,1.0,1.2
2025-08-13,2025-08-13 10:19:48.900,MO2508-C-7500,1.2,1.0,1.2
2025-08-13,2025-08-13 10:19:51.400,MO2508-C-7500,1.2,1.0,1.2
2025-08-13,2025-08-13 10:19:51.900,MO2508-C-7500,1.2,1.0,1.2
2025-08-13,2025-08-13 10:19:52.400,MO2508-C-7500,1.2,1.0,1.2
2025-08-13,2025-08-13 10:19:55.400,MO2508-C-7500,1.2,1.0,1.2
2025-08-13,2025-08-13 10:19:55.900,MO2508-C-7500,1.2,1.0,1.2
2025-08-13,2025-08-13 10:19:58.400,MO2508-C-7500,1.2,1.0,1.2
2025-08-13,2025-08-13 10:19:58.900,MO2508-C-7500,1.2,1.0,1.2
2025-08-13,2025-08-13 10:19:59.900,MO2508-C-7500,1.2,1.0,1.2
2025-08-13,2025-08-13 10:20:01.400,MO2508-C-7500,1.2,1.0,1.2
2025-08-13,2025-08-13 10:20:04.400,MO2508-C-7500,1.2,1.0,1.2
2025-08-13,2025-08-13 10:20:04.900,MO2508-C-7500,1.2,1.0,1.2
2025-08-13,2025-08-13 10:20:08.400,MO2508-C-7500,1.2,1.0,1.2
2025-08-13,2025-08-13 10:20:08.900,MO2508-C-7500,1.2,1.0,1.2
2025-08-13,2025-08-13 10:20:17.400,MO2508-C-7500,1.2,1.0,1.2
2025-08-13,2025-08-13 10:20:17.900,MO2508-C-7500,1.2,1.0,1.2
2025-08-13,2025-08-13 10:20:18.400,MO2508-C-7500,1.2,1.0,1.2
2025-08-13,2025-08-13 10:20:18.900,MO2508-C-7500,1.2,1.0,1.2
2025-08-13,2025-08-13 10:20:19.900,MO2508-C-7500,1.2,1.0,1.2
2025-08-13,2025-08-13 10:20:26.900,MO2508-C-7500,1.2,1.0,1.2
2025-08-13,2025-08-13 10:20:28.400,MO2508-C-7500,1.2,1.0,1.2
2025-08-13,2025-08-13 10:20:28.900,MO2508-C-7500,1.2,1.0,1.2
2025-08-13,2025-08-13 10:20:29.400,MO2508-C-7500,1.2,1.0,1.2
2025-08-13,2025-08-13 10:20:29.900,MO2508-C-7500,1.2,1.0,1.2
2025-08-13,2025-08-13 10:20:38.400,MO2508-C-7500,1.2,1.0,1.2
2025-08-13,2025-08-13 10:20:38.900,MO2508-C-7500,1.2,1.0,1.2
2025-08-13,2025-08-13 10:20:48.400,MO2508-C-7500,1.2,1.0,1.2
2025-08-13,2025-08-13 10:20:48.900,MO2508-C-7500,1.2,1.0,1.2
2025-08-13,2025-08-13 10:20:51.900,MO2508-C-7500,1.2,1.0,1.2
2025-08-13,2025-08-13 10:20:54.400,MO2508-C-7500,1.2,1.0,1.2
2025-08-13,2025-08-13 10:20:55.400,MO2508-C-7500,1.2,1.0,1.2
2025-08-13,2025-08-13 10:20:56.900,MO2508-C-7500,1.2,1.0,1.2
2025-08-13,2025-08-13 10:20:58.400,MO2508-C-7500,1.2,1.0,1.2
2025-08-13,2025-08-13 10:20:58.900,MO2508-C-7500,1.2,1.0,1.2
2025-08-13,2025-08-13 10:21:08.400,MO2508-C-7500,1.2,1.0,1.2
2025-08-13,2025-08-13 10:21:08.900,MO2508-C-7500,1.2,1.0,1.2
2025-08-13,2025-08-13 10:21:18.400,MO2508-C-7500,1.2,1.0,1.2
2025-08-13,2025-08-13 10:21:18.900,MO2508-C-7500,1.2,1.0,1.2
2025-08-13,2025-08-13 10:21:25.400,MO2508-C-7500,1.2,1.0,1.2
2025-08-13,2025-08-13 10:21:25.900,MO2508-C-7500,1.2,1.0,1.2
2025-08-13,2025-08-13 10:21:26.400,MO2508-C-7500,1.2,1.0,1.2
2025-08-13,2025-08-13 10:21:26.900,MO2508-C-7500,1.2,1.0,1.2
2025-08-13,2025-08-13 10:21:28.400,MO2508-C-7500,1.2,1.0,1.2
2025-08-13,2025-08-13 10:21:28.900,MO2508-C-7500,1.2,1.0,1.2
2025-08-13,2025-08-13 10:21:36.400,MO2508-C-7500,1.2,1.0,1.2
2025-08-13,2025-08-13 10:21:37.400,MO2508-C-7500,1.2,1.0,1.2
2025-08-13,2025-08-13 10:21:38.400,MO2508-C-7500,1.2,1.0,1.2
2025-08-13,2025-08-13 10:21:38.900,MO2508-C-7500,1.2,1.0,1.2
2025-08-13,2025-08-13 10:21:39.400,MO2508-C-7500,1.2,1.0,1.2
2025-08-13,2025-08-13 10:21:42.400,MO2508-C-7500,1.2,1.0,1.2
2025-08-13,2025-08-13 10:21:45.900,MO2508-C-7500,1.2,1.0,1.2
2025-08-13,2025-08-13 10:21:46.400,MO2508-C-7500,1.2,1.0,1.2
2025-08-13,2025-08-13 10:21:48.400,MO2508-C-7500,1.2,1.0,1.2
2025-08-13,2025-08-13 10:21:48.900,MO2508-C-7500,1.2,1.0,1.2
2025-08-13,2025-08-13 10:21:49.400,MO2508-C-7500,1.2,1.0,1.2
2025-08-13,2025-08-13 10:21:50.400,MO2508-C-7500,1.2,1.0,1.2
2025-08-13,2025-08-13 10:21:51.400,MO2508-C-7500,1.2,1.0,1.2
2025-08-13,2025-08-13 10:21:52.400,MO2508-C-7500,1.2,1.0,1.2
2025-08-13,2025-08-13 10:21:55.400,MO2508-C-7500,1.2,1.0,1.2
2025-08-13,2025-08-13 10:21:56.400,MO2508-C-7500,1.2,1.0,1.2
2025-08-13,2025-08-13 10:21:58.400,MO2508-C-7500,1.2,1.0,1.2
2025-08-13,2025-08-13 10:21:58.900,MO2508-C-7500,1.2,1.0,1.2
2025-08-13,2025-08-13 10:22:04.400,MO2508-C-7500,1.2,1.0,1.2
2025-08-13,2025-08-13 10:22:07.400,MO2508-C-7500,1.2,1.0,1.2
2025-08-13,2025-08-13 10:22:08.400,MO2508-C-7500,1.2,1.0,1.2
2025-08-13,2025-08-13 10:22:08.900,MO2508-C-7500,1.2,1.0,1.2
2025-08-13,2025-08-13 10:22:12.400,MO2508-C-7500,1.2,1.0,1.2
2025-08-13,2025-08-13 10:22:18.400,MO2508-C-7500,1.2,1.0,1.2
2025-08-13,2025-08-13 10:22:18.900,MO2508-C-7500,1.2,1.0,1.2
2025-08-13,2025-08-13 10:22:24.900,MO2508-C-7500,1.2,1.0,1.2
2025-08-13,2025-08-13 10:22:28.400,MO2508-C-7500,1.2,1.0,1.2
2025-08-13,2025-08-13 10:22:28.900,MO2508-C-7500,1.2,1.0,1.2
2025-08-13,2025-08-13 10:22:30.900,MO2508-C-7500,1.2,1.0,1.2
2025-08-13,2025-08-13 10:22:38.400,MO2508-C-7500,1.2,1.0,1.2
2025-08-13,2025-08-13 10:22:38.900,MO2508-C-7500,1.2,1.0,1.2
2025-08-13,2025-08-13 10:22:42.900,MO2508-C-7500,1.2,1.0,1.2
2025-08-13,2025-08-13 10:22:47.400,MO2508-C-7500,1.2,1.0,1.2
2025-08-13,2025-08-13 10:22:48.400,MO2508-C-7500,1.2,1.0,1.2
2025-08-13,2025-08-13 10:22:48.900,MO2508-C-7500,1.2,1.0,1.2
2025-08-13,2025-08-13 10:22:53.900,MO2508-C-7500,1.2,1.0,1.2
2025-08-13,2025-08-13 10:22:58.400,MO2508-C-7500,1.2,1.0,1.2
2025-08-13,2025-08-13 10:22:58.900,MO2508-C-7500,1.2,1.0,1.2
2025-08-13,2025-08-13 10:23:02.400,MO2508-C-7500,1.2,1.0,1.2
2025-08-13,2025-08-13 10:23:08.400,MO2508-C-7500,1.2,1.0,1.2
2025-08-13,2025-08-13 10:23:08.900,MO2508-C-7500,1.2,1.0,1.2
2025-08-13,2025-08-13 10:23:17.400,MO2508-C-7500,1.2,1.0,1.2
2025-08-13,2025-08-13 10:23:17.900,MO2508-C-7500,1.2,1.0,1.2
2025-08-13,2025-08-13 10:23:18.400,MO2508-C-7500,1.2,1.0,1.2
2025-08-13,2025-08-13 10:23:18.900,MO2508-C-7500,1.2,1.0,1.2
2025-08-13,2025-08-13 10:23:28.400,MO2508-C-7500,1.2,1.0,1.2
2025-08-13,2025-08-13 10:23:28.900,MO2508-C-7500,1.2,1.0,1.2
2025-08-13,2025-08-13 10:23:38.400,MO2508-C-7500,1.2,1.0,1.2
2025-08-13,2025-08-13 10:23:38.900,MO2508-C-7500,1.2,1.0,1.2
2025-08-13,2025-08-13 10:23:39.900,MO2508-C-7500,1.2,1.0,1.2
2025-08-13,2025-08-13 10:23:44.400,MO2508-C-7500,1.2,1.0,1.2
2025-08-13,2025-08-13 10:23:44.900,MO2508-C-7500,1.2,1.0,1.2
2025-08-13,2025-08-13 10:23:48.400,MO2508-C-7500,1.2,1.0,1.2
2025-08-13,2025-08-13 10:23:48.900,MO2508-C-7500,1.2,1.0,1.2
2025-08-13,2025-08-13 10:23:58.400,MO2508-C-7500,1.2,1.0,1.2
2025-08-13,2025-08-13 10:23:58.900,MO2508-C-7500,1.2,1.0,1.2
2025-08-13,2025-08-13 10:24:08.400,MO2508-C-7500,1.2,1.0,1.2
2025-08-13,2025-08-13 10:24:08.900,MO2508-C-7500,1.2,1.0,1.2
2025-08-13,2025-08-13 10:24:09.900,MO2508-C-7500,1.2,1.0,1.2
2025-08-13,2025-08-13 10:24:10.400,MO2508-C-7500,1.2,1.0,1.2
2025-08-13,2025-08-13 10:24:17.900,MO2508-C-7500,1.2,1.0,1.2
2025-08-13,2025-08-13 10:24:18.400,MO2508-C-7500,1.2,1.0,1.2
2025-08-13,2025-08-13 10:24:18.900,MO2508-C-7500,1.2,1.0,1.2
2025-08-13,2025-08-13 10:24:20.400,MO2508-C-7500,1.2,1.0,1.2
2025-08-13,2025-08-13 10:24:28.400,MO2508-C-7500,1.2,1.0,1.2
2025-08-13,2025-08-13 10:24:28.900,MO2508-C-7500,1.2,1.0,1.2
2025-08-13,2025-08-13 10:24:38.400,MO2508-C-7500,1.2,1.0,1.2
2025-08-13,2025-08-13 10:24:38.900,MO2508-C-7500,1.2,1.0,1.2
2025-08-13,2025-08-13 10:24:39.900,MO2508-C-7500,1.2,1.0,1.2
2025-08-13,2025-08-13 10:24:41.400,MO2508-C-7500,1.2,1.0,1.2
2025-08-13,2025-08-13 10:24:48.400,MO2508-C-7500,1.2,1.0,1.2
2025-08-13,2025-08-13 10:24:48.900,MO2508-C-7500,1.2,1.0,1.2
2025-08-13,2025-08-13 10:24:51.400,MO2508-C-7500,1.2,1.0,1.2
2025-08-13,2025-08-13 10:24:58.400,MO2508-C-7500,1.2,1.0,1.2
2025-08-13,2025-08-13 10:24:58.900,MO2508-C-7500,1.2,1.0,1.2
2025-08-13,2025-08-13 10:24:59.400,MO2508-C-7500,1.2,1.0,1.2
2025-08-13,2025-08-13 10:24:59.900,MO2508-C-7500,1.2,1.0,1.2
2025-08-13,2025-08-13 10:25:00.400,MO2508-C-7500,1.2,1.0,1.2
2025-08-13,2025-08-13 10:25:03.400,MO2508-C-7500,1.2,1.0,1.2
2025-08-13,2025-08-13 10:25:08.400,MO2508-C-7500,1.2,1.0,1.2
2025-08-13,2025-08-13 10:25:08.900,MO2508-C-7500,1.2,1.0,1.2
2025-08-13,2025-08-13 10:25:12.400,MO2508-C-7500,1.2,1.0,1.2
2025-08-13,2025-08-13 10:25:15.900,MO2508-C-7500,1.2,1.0,1.2
2025-08-13,2025-08-13 10:25:18.400,MO2508-C-7500,1.2,1.0,1.2
2025-08-13,2025-08-13 10:25:18.900,MO2508-C-7500,1.2,1.0,1.2
2025-08-13,2025-08-13 10:25:22.900,MO2508-C-7500,1.2,1.0,1.2
2025-08-13,2025-08-13 10:25:28.400,MO2508-C-7500,1.2,1.0,1.2
2025-08-13,2025-08-13 10:25:28.900,MO2508-C-7500,1.2,1.0,1.2
2025-08-13,2025-08-13 10:25:31.900,MO2508-C-7500,1.2,1.0,1.2
2025-08-13,2025-08-13 10:25:34.900,MO2508-C-7500,1.2,1.0,1.2
2025-08-13,2025-08-13 10:25:36.400,MO2508-C-7500,1.2,1.0,1.2
2025-08-13,2025-08-13 10:25:38.400,MO2508-C-7500,1.2,1.0,1.2
2025-08-13,2025-08-13 10:25:38.900,MO2508-C-7500,1.2,1.0,1.2
2025-08-13,2025-08-13 10:25:40.900,MO2508-C-7500,1.2,1.0,1.2
2025-08-13,2025-08-13 10:25:42.400,MO2508-C-7500,1.2,1.0,1.2
2025-08-13,2025-08-13 10:25:44.900,MO2508-C-7500,1.2,1.0,1.2
2025-08-13,2025-08-13 10:25:47.900,MO2508-C-7500,1.2,1.0,1.2
2025-08-13,2025-08-13 10:25:48.400,MO2508-C-7500,1.2,1.0,1.2
2025-08-13,2025-08-13 10:25:48.900,MO2508-C-7500,1.2,1.0,1.2
2025-08-13,2025-08-13 10:25:54.400,MO2508-C-7500,1.2,1.0,1.2
2025-08-13,2025-08-13 10:25:55.900,MO2508-C-7500,1.2,1.0,1.2
2025-08-13,2025-08-13 10:25:57.900,MO2508-C-7500,1.2,1.0,1.2
2025-08-13,2025-08-13 10:25:58.400,MO2508-C-7500,1.2,1.0,1.2
2025-08-13,2025-08-13 10:25:58.900,MO2508-C-7500,1.2,1.0,1.2
2025-08-13,2025-08-13 10:25:59.900,MO2508-C-7500,1.2,1.0,1.2
2025-08-13,2025-08-13 10:26:01.400,MO2508-C-7500,1.2,1.0,1.2
2025-08-13,2025-08-13 10:26:01.900,MO2508-C-7500,1.2,1.0,1.2
2025-08-13,2025-08-13 10:26:08.400,MO2508-C-7500,1.2,1.0,1.2
2025-08-13,2025-08-13 10:26:08.900,MO2508-C-7500,1.2,1.0,1.2
2025-08-13,2025-08-13 10:26:18.400,MO2508-C-7500,1.2,1.0,1.2
2025-08-13,2025-08-13 10:26:18.900,MO2508-C-7500,1.2,1.0,1.2
2025-08-13,2025-08-13 10:26:22.400,MO2508-C-7500,1.2,1.0,1.2
2025-08-13,2025-08-13 10:26:28.400,MO2508-C-7500,1.2,1.0,1.2
2025-08-13,2025-08-13 10:26:28.900,MO2508-C-7500,1.2,1.0,1.2
2025-08-13,2025-08-13 10:26:38.400,MO2508-C-7500,1.2,1.0,1.2
2025-08-13,2025-08-13 10:26:38.900,MO2508-C-7500,1.2,1.0,1.2
2025-08-13,2025-08-13 10:26:43.400,MO2508-C-7500,1.2,1.0,1.2
2025-08-13,2025-08-13 10:26:48.400,MO2508-C-7500,1.2,1.0,1.2
2025-08-13,2025-08-13 10:26:48.900,MO2508-C-7500,1.2,1.0,1.2
2025-08-13,2025-08-13 10:26:49.400,MO2508-C-7500,1.2,1.0,1.2
2025-08-13,2025-08-13 10:26:51.400,MO2508-C-7500,1.2,1.0,1.2
2025-08-13,2025-08-13 10:26:54.400,MO2508-C-7500,1.2,1.0,1.2
2025-08-13,2025-08-13 10:26:58.400,MO2508-C-7500,1.2,1.0,1.2
2025-08-13,2025-08-13 10:26:58.900,MO2508-C-7500,1.2,1.0,1.2
2025-08-13,2025-08-13 10:27:00.400,MO2508-C-7500,1.2,1.0,1.2
2025-08-13,2025-08-13 10:27:01.900,MO2508-C-7500,1.2,1.0,1.2
2025-08-13,2025-08-13 10:27:02.400,MO2508-C-7500,1.2,1.0,1.2
2025-08-13,2025-08-13 10:27:08.400,MO2508-C-7500,1.2,1.0,1.2
2025-08-13,2025-08-13 10:27:08.900,MO2508-C-7500,1.2,1.0,1.2
2025-08-13,2025-08-13 10:27:16.400,MO2508-C-7500,1.2,1.2,1.4
2025-08-13,2025-08-13 10:27:16.900,MO2508-C-7500,1.2,1.2,1.4
2025-08-13,2025-08-13 10:27:17.400,MO2508-C-7500,1.2,1.2,1.4
2025-08-13,2025-08-13 10:27:18.400,MO2508-C-7500,1.2,1.2,1.4
2025-08-13,2025-08-13 10:27:18.900,MO2508-C-7500,1.2,1.2,1.4
2025-08-13,2025-08-13 10:27:20.900,MO2508-C-7500,1.2,1.2,1.4
2025-08-13,2025-08-13 10:27:21.400,MO2508-C-7500,1.2,1.0,1.4
2025-08-13,2025-08-13 10:27:21.900,MO2508-C-7500,1.2,1.0,1.4
2025-08-13,2025-08-13 10:27:22.400,MO2508-C-7500,1.2,1.0,1.4
2025-08-13,2025-08-13 10:27:28.400,MO2508-C-7500,1.2,1.0,1.4
2025-08-13,2025-08-13 10:27:28.900,MO2508-C-7500,1.2,1.0,1.4
2025-08-13,2025-08-13 10:27:32.400,MO2508-C-7500,1.2,1.0,1.4
2025-08-13,2025-08-13 10:27:34.900,MO2508-C-7500,1.2,1.0,1.4
2025-08-13,2025-08-13 10:27:36.900,MO2508-C-7500,1.2,1.0,1.4
2025-08-13,2025-08-13 10:27:37.400,MO2508-C-7500,1.2,1.0,1.4
2025-08-13,2025-08-13 10:27:38.400,MO2508-C-7500,1.2,1.0,1.4
2025-08-13,2025-08-13 10:27:38.900,MO2508-C-7500,1.2,1.0,1.4
2025-08-13,2025-08-13 10:27:46.900,MO2508-C-7500,1.2,1.0,1.4
2025-08-13,2025-08-13 10:27:48.400,MO2508-C-7500,1.2,1.0,1.4
2025-08-13,2025-08-13 10:27:48.900,MO2508-C-7500,1.2,1.0,1.4
2025-08-13,2025-08-13 10:27:58.400,MO2508-C-7500,1.2,1.0,1.4
2025-08-13,2025-08-13 10:27:58.900,MO2508-C-7500,1.2,1.0,1.4
2025-08-13,2025-08-13 10:28:08.400,MO2508-C-7500,1.2,1.0,1.4
2025-08-13,2025-08-13 10:28:08.900,MO2508-C-7500,1.2,1.0,1.4
2025-08-13,2025-08-13 10:28:10.900,MO2508-C-7500,1.2,1.0,1.4
2025-08-13,2025-08-13 10:28:11.400,MO2508-C-7500,1.2,1.0,1.4
2025-08-13,2025-08-13 10:28:18.400,MO2508-C-7500,1.2,1.0,1.4
2025-08-13,2025-08-13 10:28:18.900,MO2508-C-7500,1.2,1.0,1.4
2025-08-13,2025-08-13 10:28:28.400,MO2508-C-7500,1.2,1.0,1.4
2025-08-13,2025-08-13 10:28:28.900,MO2508-C-7500,1.2,1.0,1.4
2025-08-13,2025-08-13 10:28:32.400,MO2508-C-7500,1.2,1.0,1.4
2025-08-13,2025-08-13 10:28:32.900,MO2508-C-7500,1.2,1.0,1.4
2025-08-13,2025-08-13 10:28:37.400,MO2508-C-7500,1.2,1.0,1.4
2025-08-13,2025-08-13 10:28:37.900,MO2508-C-7500,1.2,1.0,1.4
2025-08-13,2025-08-13 10:28:38.400,MO2508-C-7500,1.2,1.0,1.4
2025-08-13,2025-08-13 10:28:38.900,MO2508-C-7500,1.2,1.0,1.4
2025-08-13,2025-08-13 10:28:44.400,MO2508-C-7500,1.2,1.0,1.4
2025-08-13,2025-08-13 10:28:44.900,MO2508-C-7500,1.2,1.0,1.2
2025-08-13,2025-08-13 10:28:45.400,MO2508-C-7500,1.2,1.0,1.2
2025-08-13,2025-08-13 10:28:48.400,MO2508-C-7500,1.2,1.0,1.2
2025-08-13,2025-08-13 10:28:48.900,MO2508-C-7500,1.2,1.0,1.2
2025-08-13,2025-08-13 10:28:58.400,MO2508-C-7500,1.2,1.0,1.2
2025-08-13,2025-08-13 10:28:58.900,MO2508-C-7500,1.2,1.0,1.2
2025-08-13,2025-08-13 10:28:59.400,MO2508-C-7500,1.2,1.0,1.2
2025-08-13,2025-08-13 10:29:01.400,MO2508-C-7500,1.2,1.0,1.4
2025-08-13,2025-08-13 10:29:01.900,MO2508-C-7500,1.2,1.0,1.4
2025-08-13,2025-08-13 10:29:02.400,MO2508-C-7500,1.2,1.0,1.4
2025-08-13,2025-08-13 10:29:08.400,MO2508-C-7500,1.2,1.0,1.4
2025-08-13,2025-08-13 10:29:08.900,MO2508-C-7500,1.2,1.0,1.4
2025-08-13,2025-08-13 10:29:12.900,MO2508-C-7500,1.2,1.0,1.2
2025-08-13,2025-08-13 10:29:13.400,MO2508-C-7500,1.2,1.0,1.2
2025-08-13,2025-08-13 10:29:18.400,MO2508-C-7500,1.2,1.0,1.2
2025-08-13,2025-08-13 10:29:18.900,MO2508-C-7500,1.2,1.0,1.2
2025-08-13,2025-08-13 10:29:28.400,MO2508-C-7500,1.2,1.0,1.2
2025-08-13,2025-08-13 10:29:28.900,MO2508-C-7500,1.2,1.0,1.2
2025-08-13,2025-08-13 10:29:38.400,MO2508-C-7500,1.2,1.0,1.2
2025-08-13,2025-08-13 10:29:38.900,MO2508-C-7500,1.2,1.0,1.2
2025-08-13,2025-08-13 10:29:42.900,MO2508-C-7500,1.2,1.0,1.2
2025-08-13,2025-08-13 10:29:48.400,MO2508-C-7500,1.2,1.0,1.2
2025-08-13,2025-08-13 10:29:48.900,MO2508-C-7500,1.2,1.0,1.2
2025-08-13,2025-08-13 10:29:58.400,MO2508-C-7500,1.2,1.0,1.2
2025-08-13,2025-08-13 10:29:58.900,MO2508-C-7500,1.2,1.0,1.2
2025-08-13,2025-08-13 10:30:01.400,MO2508-C-7500,1.2,1.0,1.2
2025-08-13,2025-08-13 10:30:02.900,MO2508-C-7500,1.2,1.0,1.2
2025-08-13,2025-08-13 10:30:05.900,MO2508-C-7500,1.2,1.0,1.4
2025-08-13,2025-08-13 10:30:06.400,MO2508-C-7500,1.2,1.0,1.4
2025-08-13,2025-08-13 10:30:08.400,MO2508-C-7500,1.2,1.0,1.4
2025-08-13,2025-08-13 10:30:08.900,MO2508-C-7500,1.2,1.0,1.4
2025-08-13,2025-08-13 10:30:12.400,MO2508-C-7500,1.2,1.0,1.4
2025-08-13,2025-08-13 10:30:18.400,MO2508-C-7500,1.2,1.0,1.4
2025-08-13,2025-08-13 10:30:18.900,MO2508-C-7500,1.2,1.0,1.4
2025-08-13,2025-08-13 10:30:20.400,MO2508-C-7500,1.2,1.0,1.4
2025-08-13,2025-08-13 10:30:27.900,MO2508-C-7500,1.2,1.0,1.4
2025-08-13,2025-08-13 10:30:28.400,MO2508-C-7500,1.2,1.0,1.4
2025-08-13,2025-08-13 10:30:28.900,MO2508-C-7500,1.2,1.0,1.4
2025-08-13,2025-08-13 10:30:29.900,MO2508-C-7500,1.2,1.0,1.4
2025-08-13,2025-08-13 10:30:33.900,MO2508-C-7500,1.2,1.0,1.4
2025-08-13,2025-08-13 10:30:34.400,MO2508-C-7500,1.2,1.0,1.4
2025-08-13,2025-08-13 10:30:34.900,MO2508-C-7500,1.2,1.0,1.4
2025-08-13,2025-08-13 10:30:38.400,MO2508-C-7500,1.2,1.0,1.4
2025-08-13,2025-08-13 10:30:38.900,MO2508-C-7500,1.2,1.0,1.4
2025-08-13,2025-08-13 10:30:45.900,MO2508-C-7500,1.2,1.0,1.4
2025-08-13,2025-08-13 10:30:48.400,MO2508-C-7500,1.2,1.0,1.4
2025-08-13,2025-08-13 10:30:48.900,MO2508-C-7500,1.2,1.0,1.4
2025-08-13,2025-08-13 10:30:53.900,MO2508-C-7500,1.2,1.0,1.4
2025-08-13,2025-08-13 10:30:54.400,MO2508-C-7500,1.2,1.0,1.4
2025-08-13,2025-08-13 10:30:58.400,MO2508-C-7500,1.2,1.0,1.4
2025-08-13,2025-08-13 10:30:58.900,MO2508-C-7500,1.2,1.0,1.4
2025-08-13,2025-08-13 10:31:05.400,MO2508-C-7500,1.2,1.0,1.4
2025-08-13,2025-08-13 10:31:05.900,MO2508-C-7500,1.2,1.0,1.4
2025-08-13,2025-08-13 10:31:06.400,MO2508-C-7500,1.2,1.0,1.4
2025-08-13,2025-08-13 10:31:08.400,MO2508-C-7500,1.2,1.0,1.4
2025-08-13,2025-08-13 10:31:08.900,MO2508-C-7500,1.2,1.0,1.4
2025-08-13,2025-08-13 10:31:10.400,MO2508-C-7500,1.2,1.0,1.4
2025-08-13,2025-08-13 10:31:18.400,MO2508-C-7500,1.2,1.0,1.4
2025-08-13,2025-08-13 10:31:18.900,MO2508-C-7500,1.2,1.0,1.4
2025-08-13,2025-08-13 10:31:27.900,MO2508-C-7500,1.2,1.0,1.4
2025-08-13,2025-08-13 10:31:28.400,MO2508-C-7500,1.2,1.0,1.4
2025-08-13,2025-08-13 10:31:28.900,MO2508-C-7500,1.2,1.0,1.4
2025-08-13,2025-08-13 10:31:38.400,MO2508-C-7500,1.2,1.0,1.4
2025-08-13,2025-08-13 10:31:38.900,MO2508-C-7500,1.2,1.0,1.4
2025-08-13,2025-08-13 10:31:44.900,MO2508-C-7500,1.2,1.0,1.4
2025-08-13,2025-08-13 10:31:45.400,MO2508-C-7500,1.2,1.0,1.4
2025-08-13,2025-08-13 10:31:48.400,MO2508-C-7500,1.2,1.0,1.4
2025-08-13,2025-08-13 10:31:48.900,MO2508-C-7500,1.2,1.0,1.4
2025-08-13,2025-08-13 10:31:58.400,MO2508-C-7500,1.2,1.0,1.4
2025-08-13,2025-08-13 10:31:58.900,MO2508-C-7500,1.2,1.0,1.4
2025-08-13,2025-08-13 10:32:08.400,MO2508-C-7500,1.2,1.0,1.4
2025-08-13,2025-08-13 10:32:08.900,MO2508-C-7500,1.2,1.0,1.4
2025-08-13,2025-08-13 10:32:13.400,MO2508-C-7500,1.2,1.0,1.4
2025-08-13,2025-08-13 10:32:14.400,MO2508-C-7500,1.2,1.0,1.4
2025-08-13,2025-08-13 10:32:14.900,MO2508-C-7500,1.2,1.0,1.4
2025-08-13,2025-08-13 10:32:18.400,MO2508-C-7500,1.2,1.0,1.4
2025-08-13,2025-08-13 10:32:18.900,MO2508-C-7500,1.2,1.0,1.4
2025-08-13,2025-08-13 10:32:24.900,MO2508-C-7500,1.2,1.0,1.4
2025-08-13,2025-08-13 10:32:25.400,MO2508-C-7500,1.2,1.0,1.4
2025-08-13,2025-08-13 10:32:25.900,MO2508-C-7500,1.2,1.0,1.4
2025-08-13,2025-08-13 10:32:26.400,MO2508-C-7500,1.2,1.0,1.4
2025-08-13,2025-08-13 10:32:27.400,MO2508-C-7500,1.2,1.0,1.4
2025-08-13,2025-08-13 10:32:28.400,MO2508-C-7500,1.2,1.0,1.4
2025-08-13,2025-08-13 10:32:28.900,MO2508-C-7500,1.2,1.0,1.4
2025-08-13,2025-08-13 10:32:29.400,MO2508-C-7500,1.2,1.0,1.4
2025-08-13,2025-08-13 10:32:30.900,MO2508-C-7500,1.2,1.0,1.4
2025-08-13,2025-08-13 10:32:31.400,MO2508-C-7500,1.2,1.0,1.4
2025-08-13,2025-08-13 10:32:33.400,MO2508-C-7500,1.2,1.0,1.4
2025-08-13,2025-08-13 10:32:38.400,MO2508-C-7500,1.2,1.0,1.4
2025-08-13,2025-08-13 10:32:38.900,MO2508-C-7500,1.2,1.0,1.4
2025-08-13,2025-08-13 10:32:45.900,MO2508-C-7500,1.2,1.0,1.4
2025-08-13,2025-08-13 10:32:48.400,MO2508-C-7500,1.2,1.0,1.4
2025-08-13,2025-08-13 10:32:48.900,MO2508-C-7500,1.2,1.0,1.4
2025-08-13,2025-08-13 10:32:50.400,MO2508-C-7500,1.2,1.0,1.4
2025-08-13,2025-08-13 10:32:51.400,MO2508-C-7500,1.2,1.0,1.4
2025-08-13,2025-08-13 10:32:53.900,MO2508-C-7500,1.2,1.2,1.4
2025-08-13,2025-08-13 10:32:54.400,MO2508-C-7500,1.2,1.2,1.4
2025-08-13,2025-08-13 10:32:54.900,MO2508-C-7500,1.2,1.2,1.4
2025-08-13,2025-08-13 10:32:55.900,MO2508-C-7500,1.2,1.2,1.4
2025-08-13,2025-08-13 10:32:56.400,MO2508-C-7500,1.2,1.2,1.4
2025-08-13,2025-08-13 10:32:56.900,MO2508-C-7500,1.2,1.2,1.4
2025-08-13,2025-08-13 10:32:58.400,MO2508-C-7500,1.2,1.2,1.4
2025-08-13,2025-08-13 10:32:58.900,MO2508-C-7500,1.2,1.2,1.4
2025-08-13,2025-08-13 10:32:59.900,MO2508-C-7500,1.2,1.2,1.4
2025-08-13,2025-08-13 10:33:00.400,MO2508-C-7500,1.2,1.2,1.4
2025-08-13,2025-08-13 10:33:02.900,MO2508-C-7500,1.2,1.2,1.4
2025-08-13,2025-08-13 10:33:03.400,MO2508-C-7500,1.2,1.2,1.4
2025-08-13,2025-08-13 10:33:03.900,MO2508-C-7500,1.2,1.2,1.4
2025-08-13,2025-08-13 10:33:04.400,MO2508-C-7500,1.2,1.2,1.4
2025-08-13,2025-08-13 10:33:05.400,MO2508-C-7500,1.2,1.2,1.4
2025-08-13,2025-08-13 10:33:05.900,MO2508-C-7500,1.2,1.2,1.4
2025-08-13,2025-08-13 10:33:06.400,MO2508-C-7500,1.2,1.2,1.4
2025-08-13,2025-08-13 10:33:08.400,MO2508-C-7500,1.2,1.2,1.4
2025-08-13,2025-08-13 10:33:08.900,MO2508-C-7500,1.2,1.2,1.4
2025-08-13,2025-08-13 10:33:11.400,MO2508-C-7500,1.2,1.2,1.4
2025-08-13,2025-08-13 10:33:11.900,MO2508-C-7500,1.2,1.2,1.4
2025-08-13,2025-08-13 10:33:18.400,MO2508-C-7500,1.2,1.2,1.4
2025-08-13,2025-08-13 10:33:18.900,MO2508-C-7500,1.2,1.2,1.4
2025-08-13,2025-08-13 10:33:28.400,MO2508-C-7500,1.2,1.2,1.4
2025-08-13,2025-08-13 10:33:28.900,MO2508-C-7500,1.2,1.2,1.4
2025-08-13,2025-08-13 10:33:38.400,MO2508-C-7500,1.2,1.2,1.4
2025-08-13,2025-08-13 10:33:38.900,MO2508-C-7500,1.2,1.2,1.4
2025-08-13,2025-08-13 10:33:48.400,MO2508-C-7500,1.2,1.2,1.4
2025-08-13,2025-08-13 10:33:48.900,MO2508-C-7500,1.2,1.2,1.4
2025-08-13,2025-08-13 10:33:51.900,MO2508-C-7500,1.2,1.2,1.4
2025-08-13,2025-08-13 10:33:52.400,MO2508-C-7500,1.2,1.2,1.4
2025-08-13,2025-08-13 10:33:56.900,MO2508-C-7500,1.2,1.2,1.4
2025-08-13,2025-08-13 10:33:57.400,MO2508-C-7500,1.2,1.2,1.4
2025-08-13,2025-08-13 10:33:58.400,MO2508-C-7500,1.2,1.2,1.4
2025-08-13,2025-08-13 10:33:58.900,MO2508-C-7500,1.2,1.2,1.4
2025-08-13,2025-08-13 10:34:07.900,MO2508-C-7500,1.2,1.2,1.4
2025-08-13,2025-08-13 10:34:08.400,MO2508-C-7500,1.2,1.2,1.4
2025-08-13,2025-08-13 10:34:08.900,MO2508-C-7500,1.2,1.2,1.4
2025-08-13,2025-08-13 10:34:16.400,MO2508-C-7500,1.2,1.2,1.4
2025-08-13,2025-08-13 10:34:17.400,MO2508-C-7500,1.2,1.2,1.4
2025-08-13,2025-08-13 10:34:18.400,MO2508-C-7500,1.2,1.2,1.4
2025-08-13,2025-08-13 10:34:18.900,MO2508-C-7500,1.2,1.2,1.4
2025-08-13,2025-08-13 10:34:19.400,MO2508-C-7500,1.2,1.2,1.4
2025-08-13,2025-08-13 10:34:21.400,MO2508-C-7500,1.2,1.2,1.4
2025-08-13,2025-08-13 10:34:28.400,MO2508-C-7500,1.2,1.2,1.4
2025-08-13,2025-08-13 10:34:28.900,MO2508-C-7500,1.2,1.2,1.4
2025-08-13,2025-08-13 10:34:30.400,MO2508-C-7500,1.2,1.2,1.4
2025-08-13,2025-08-13 10:34:34.900,MO2508-C-7500,1.2,1.2,1.4
2025-08-13,2025-08-13 10:34:38.400,MO2508-C-7500,1.2,1.2,1.4
2025-08-13,2025-08-13 10:34:38.900,MO2508-C-7500,1.2,1.2,1.4
2025-08-13,2025-08-13 10:34:48.400,MO2508-C-7500,1.2,1.2,1.4
2025-08-13,2025-08-13 10:34:48.900,MO2508-C-7500,1.2,1.2,1.4
2025-08-13,2025-08-13 10:34:49.900,MO2508-C-7500,1.2,1.2,1.4
2025-08-13,2025-08-13 10:34:58.400,MO2508-C-7500,1.2,1.2,1.4
2025-08-13,2025-08-13 10:34:58.900,MO2508-C-7500,1.2,1.2,1.4
2025-08-13,2025-08-13 10:35:08.400,MO2508-C-7500,1.2,1.2,1.4
2025-08-13,2025-08-13 10:35:08.900,MO2508-C-7500,1.2,1.2,1.4
2025-08-13,2025-08-13 10:35:18.400,MO2508-C-7500,1.2,1.2,1.4
2025-08-13,2025-08-13 10:35:18.900,MO2508-C-7500,1.2,1.2,1.4
2025-08-13,2025-08-13 10:35:28.400,MO2508-C-7500,1.2,1.2,1.4
2025-08-13,2025-08-13 10:35:28.900,MO2508-C-7500,1.2,1.2,1.4
2025-08-13,2025-08-13 10:35:36.400,MO2508-C-7500,1.2,1.2,1.4
2025-08-13,2025-08-13 10:35:38.400,MO2508-C-7500,1.2,1.2,1.4
2025-08-13,2025-08-13 10:35:38.900,MO2508-C-7500,1.2,1.2,1.4
2025-08-13,2025-08-13 10:35:48.400,MO2508-C-7500,1.2,1.2,1.4
2025-08-13,2025-08-13 10:35:48.900,MO2508-C-7500,1.2,1.2,1.4
2025-08-13,2025-08-13 10:35:58.400,MO2508-C-7500,1.2,1.2,1.4
2025-08-13,2025-08-13 10:35:58.900,MO2508-C-7500,1.2,1.2,1.4
2025-08-13,2025-08-13 10:36:03.900,MO2508-C-7500,1.2,1.2,1.4
2025-08-13,2025-08-13 10:36:05.900,MO2508-C-7500,1.2,1.2,1.4
2025-08-13,2025-08-13 10:36:06.400,MO2508-C-7500,1.2,1.2,1.4
2025-08-13,2025-08-13 10:36:08.400,MO2508-C-7500,1.2,1.2,1.4
2025-08-13,2025-08-13 10:36:08.900,MO2508-C-7500,1.2,1.2,1.4
2025-08-13,2025-08-13 10:36:15.900,MO2508-C-7500,1.4,1.2,1.4
2025-08-13,2025-08-13 10:36:16.900,MO2508-C-7500,1.4,1.2,1.4
2025-08-13,2025-08-13 10:36:17.400,MO2508-C-7500,1.4,1.2,1.4
2025-08-13,2025-08-13 10:36:18.400,MO2508-C-7500,1.4,1.2,1.4
2025-08-13,2025-08-13 10:36:18.900,MO2508-C-7500,1.4,1.2,1.4
2025-08-13,2025-08-13 10:36:19.400,MO2508-C-7500,1.4,1.2,1.4
2025-08-13,2025-08-13 10:36:22.400,MO2508-C-7500,1.4,1.2,1.4
2025-08-13,2025-08-13 10:36:22.900,MO2508-C-7500,1.4,1.2,1.4
2025-08-13,2025-08-13 10:36:28.400,MO2508-C-7500,1.4,1.2,1.4
2025-08-13,2025-08-13 10:36:28.900,MO2508-C-7500,1.4,1.2,1.4
2025-08-13,2025-08-13 10:36:29.400,MO2508-C-7500,1.4,1.2,1.4
2025-08-13,2025-08-13 10:36:38.400,MO2508-C-7500,1.4,1.2,1.4
2025-08-13,2025-08-13 10:36:38.900,MO2508-C-7500,1.4,1.2,1.4
2025-08-13,2025-08-13 10:36:41.400,MO2508-C-7500,1.4,1.2,1.4
2025-08-13,2025-08-13 10:36:43.900,MO2508-C-7500,1.4,1.2,1.4
2025-08-13,2025-08-13 10:36:44.400,MO2508-C-7500,1.4,1.2,1.4
2025-08-13,2025-08-13 10:36:45.400,MO2508-C-7500,1.4,1.2,1.4
2025-08-13,2025-08-13 10:36:48.400,MO2508-C-7500,1.4,1.2,1.4
2025-08-13,2025-08-13 10:36:48.900,MO2508-C-7500,1.4,1.2,1.4
2025-08-13,2025-08-13 10:36:58.400,MO2508-C-7500,1.4,1.2,1.4
2025-08-13,2025-08-13 10:36:58.900,MO2508-C-7500,1.4,1.2,1.4
2025-08-13,2025-08-13 10:37:02.400,MO2508-C-7500,1.4,1.2,1.4
2025-08-13,2025-08-13 10:37:02.900,MO2508-C-7500,1.4,1.2,1.4
2025-08-13,2025-08-13 10:37:03.400,MO2508-C-7500,1.4,1.2,1.4
2025-08-13,2025-08-13 10:37:08.400,MO2508-C-7500,1.4,1.2,1.4
2025-08-13,2025-08-13 10:37:08.900,MO2508-C-7500,1.4,1.2,1.4
2025-08-13,2025-08-13 10:37:18.400,MO2508-C-7500,1.4,1.2,1.4
2025-08-13,2025-08-13 10:37:18.900,MO2508-C-7500,1.4,1.2,1.4
2025-08-13,2025-08-13 10:37:28.400,MO2508-C-7500,1.4,1.2,1.4
2025-08-13,2025-08-13 10:37:28.900,MO2508-C-7500,1.4,1.2,1.4
2025-08-13,2025-08-13 10:37:33.900,MO2508-C-7500,1.4,1.2,1.4
2025-08-13,2025-08-13 10:37:38.400,MO2508-C-7500,1.4,1.2,1.4
2025-08-13,2025-08-13 10:37:38.900,MO2508-C-7500,1.4,1.2,1.4
2025-08-13,2025-08-13 10:37:43.900,MO2508-C-7500,1.4,1.2,1.4
2025-08-13,2025-08-13 10:37:45.400,MO2508-C-7500,1.4,1.2,1.4
2025-08-13,2025-08-13 10:37:48.400,MO2508-C-7500,1.4,1.2,1.4
2025-08-13,2025-08-13 10:37:48.900,MO2508-C-7500,1.4,1.2,1.4
2025-08-13,2025-08-13 10:37:50.400,MO2508-C-7500,1.4,1.2,1.4
2025-08-13,2025-08-13 10:37:53.400,MO2508-C-7500,1.4,1.2,1.6
2025-08-13,2025-08-13 10:37:53.900,MO2508-C-7500,1.4,1.2,1.6
2025-08-13,2025-08-13 10:37:54.400,MO2508-C-7500,1.4,1.2,1.6
2025-08-13,2025-08-13 10:37:58.400,MO2508-C-7500,1.4,1.2,1.6
2025-08-13,2025-08-13 10:37:58.900,MO2508-C-7500,1.4,1.2,1.6
2025-08-13,2025-08-13 10:38:04.900,MO2508-C-7500,1.4,1.2,1.6
2025-08-13,2025-08-13 10:38:06.400,MO2508-C-7500,1.4,1.2,1.6
2025-08-13,2025-08-13 10:38:08.400,MO2508-C-7500,1.4,1.2,1.6
2025-08-13,2025-08-13 10:38:08.900,MO2508-C-7500,1.4,1.2,1.6
2025-08-13,2025-08-13 10:38:10.900,MO2508-C-7500,1.4,1.2,1.6
2025-08-13,2025-08-13 10:38:13.900,MO2508-C-7500,1.4,1.2,1.6
2025-08-13,2025-08-13 10:38:14.400,MO2508-C-7500,1.4,1.2,1.6
2025-08-13,2025-08-13 10:38:15.400,MO2508-C-7500,1.4,1.2,1.6
2025-08-13,2025-08-13 10:38:16.400,MO2508-C-7500,1.4,1.2,1.6
2025-08-13,2025-08-13 10:38:16.900,MO2508-C-7500,1.4,1.2,1.6
2025-08-13,2025-08-13 10:38:17.400,MO2508-C-7500,1.4,1.2,1.6
2025-08-13,2025-08-13 10:38:18.400,MO2508-C-7500,1.4,1.2,1.6
2025-08-13,2025-08-13 10:38:18.900,MO2508-C-7500,1.4,1.2,1.6
2025-08-13,2025-08-13 10:38:22.400,MO2508-C-7500,1.4,1.4,1.6
2025-08-13,2025-08-13 10:38:22.900,MO2508-C-7500,1.4,1.4,1.6
2025-08-13,2025-08-13 10:38:23.400,MO2508-C-7500,1.4,1.4,1.6
2025-08-13,2025-08-13 10:38:24.900,MO2508-C-7500,1.4,1.4,1.6
2025-08-13,2025-08-13 10:38:25.900,MO2508-C-7500,1.4,1.4,1.6
2025-08-13,2025-08-13 10:38:26.400,MO2508-C-7500,1.4,1.4,1.6
2025-08-13,2025-08-13 10:38:26.900,MO2508-C-7500,1.4,1.4,1.6
2025-08-13,2025-08-13 10:38:27.900,MO2508-C-7500,1.4,1.4,1.6
2025-08-13,2025-08-13 10:38:28.400,MO2508-C-7500,1.4,1.4,1.6
2025-08-13,2025-08-13 10:38:28.900,MO2508-C-7500,1.4,1.4,1.6
2025-08-13,2025-08-13 10:38:29.400,MO2508-C-7500,1.4,1.4,1.6
2025-08-13,2025-08-13 10:38:29.900,MO2508-C-7500,1.4,1.4,1.6
2025-08-13,2025-08-13 10:38:38.400,MO2508-C-7500,1.4,1.4,1.6
2025-08-13,2025-08-13 10:38:38.900,MO2508-C-7500,1.4,1.4,1.6
2025-08-13,2025-08-13 10:38:40.900,MO2508-C-7500,1.4,1.4,1.6
2025-08-13,2025-08-13 10:38:42.900,MO2508-C-7500,1.4,1.4,1.6
2025-08-13,2025-08-13 10:38:44.900,MO2508-C-7500,1.4,1.4,1.6
2025-08-13,2025-08-13 10:38:46.400,MO2508-C-7500,1.4,1.4,1.6
2025-08-13,2025-08-13 10:38:48.400,MO2508-C-7500,1.4,1.4,1.6
2025-08-13,2025-08-13 10:38:48.900,MO2508-C-7500,1.4,1.4,1.6
2025-08-13,2025-08-13 10:38:58.400,MO2508-C-7500,1.4,1.4,1.6
2025-08-13,2025-08-13 10:38:58.900,MO2508-C-7500,1.4,1.4,1.6
2025-08-13,2025-08-13 10:39:08.400,MO2508-C-7500,1.4,1.4,1.6
2025-08-13,2025-08-13 10:39:08.900,MO2508-C-7500,1.4,1.4,1.6
2025-08-13,2025-08-13 10:39:18.400,MO2508-C-7500,1.4,1.4,1.6
2025-08-13,2025-08-13 10:39:18.900,MO2508-C-7500,1.4,1.4,1.6
2025-08-13,2025-08-13 10:39:20.400,MO2508-C-7500,1.4,1.4,1.6
2025-08-13,2025-08-13 10:39:21.400,MO2508-C-7500,1.4,1.4,1.6
2025-08-13,2025-08-13 10:39:22.900,MO2508-C-7500,1.4,1.4,1.6
2025-08-13,2025-08-13 10:39:28.400,MO2508-C-7500,1.4,1.4,1.6
2025-08-13,2025-08-13 10:39:28.900,MO2508-C-7500,1.4,1.4,1.6
2025-08-13,2025-08-13 10:39:29.900,MO2508-C-7500,1.4,1.4,1.6
2025-08-13,2025-08-13 10:39:32.900,MO2508-C-7500,1.4,1.4,1.6
2025-08-13,2025-08-13 10:39:33.400,MO2508-C-7500,1.4,1.4,1.6
2025-08-13,2025-08-13 10:39:38.400,MO2508-C-7500,1.4,1.4,1.6
2025-08-13,2025-08-13 10:39:38.900,MO2508-C-7500,1.4,1.4,1.6
2025-08-13,2025-08-13 10:39:39.400,MO2508-C-7500,1.4,1.4,1.6
2025-08-13,2025-08-13 10:39:43.900,MO2508-C-7500,1.4,1.4,1.6
2025-08-13,2025-08-13 10:39:44.900,MO2508-C-7500,1.6,1.4,1.6
2025-08-13,2025-08-13 10:39:45.400,MO2508-C-7500,1.6,1.4,1.6
2025-08-13,2025-08-13 10:39:45.900,MO2508-C-7500,1.6,1.4,1.6
2025-08-13,2025-08-13 10:39:46.400,MO2508-C-7500,1.6,1.4,1.6
2025-08-13,2025-08-13 10:39:46.900,MO2508-C-7500,1.6,1.4,1.6
2025-08-13,2025-08-13 10:39:47.400,MO2508-C-7500,1.6,1.4,1.6
2025-08-13,2025-08-13 10:39:48.400,MO2508-C-7500,1.6,1.4,1.6
2025-08-13,2025-08-13 10:39:48.900,MO2508-C-7500,1.6,1.4,1.6
2025-08-13,2025-08-13 10:39:54.900,MO2508-C-7500,1.6,1.4,1.6
2025-08-13,2025-08-13 10:39:55.900,MO2508-C-7500,1.6,1.4,1.6
2025-08-13,2025-08-13 10:39:58.400,MO2508-C-7500,1.6,1.4,1.6
2025-08-13,2025-08-13 10:39:58.900,MO2508-C-7500,1.6,1.4,1.6
2025-08-13,2025-08-13 10:40:08.400,MO2508-C-7500,1.6,1.4,1.6
2025-08-13,2025-08-13 10:40:08.900,MO2508-C-7500,1.6,1.4,1.6
2025-08-13,2025-08-13 10:40:10.400,MO2508-C-7500,1.6,1.4,1.6
2025-08-13,2025-08-13 10:40:12.900,MO2508-C-7500,1.6,1.4,1.6
2025-08-13,2025-08-13 10:40:14.900,MO2508-C-7500,1.6,1.4,1.6
2025-08-13,2025-08-13 10:40:15.400,MO2508-C-7500,1.6,1.4,1.6
2025-08-13,2025-08-13 10:40:18.400,MO2508-C-7500,1.6,1.4,1.6
2025-08-13,2025-08-13 10:40:18.900,MO2508-C-7500,1.6,1.4,1.6
2025-08-13,2025-08-13 10:40:24.400,MO2508-C-7500,1.6,1.4,1.6
2025-08-13,2025-08-13 10:40:26.400,MO2508-C-7500,1.6,1.4,1.6
2025-08-13,2025-08-13 10:40:28.400,MO2508-C-7500,1.6,1.4,1.6
2025-08-13,2025-08-13 10:40:28.900,MO2508-C-7500,1.6,1.4,1.6
2025-08-13,2025-08-13 10:40:31.400,MO2508-C-7500,1.6,1.4,1.6
2025-08-13,2025-08-13 10:40:33.400,MO2508-C-7500,1.6,1.4,1.6
2025-08-13,2025-08-13 10:40:38.400,MO2508-C-7500,1.6,1.4,1.6
2025-08-13,2025-08-13 10:40:38.900,MO2508-C-7500,1.6,1.4,1.6
2025-08-13,2025-08-13 10:40:43.900,MO2508-C-7500,1.6,1.4,1.6
2025-08-13,2025-08-13 10:40:47.400,MO2508-C-7500,1.6,1.4,1.6
2025-08-13,2025-08-13 10:40:48.400,MO2508-C-7500,1.6,1.4,1.6
2025-08-13,2025-08-13 10:40:48.900,MO2508-C-7500,1.6,1.4,1.6
2025-08-13,2025-08-13 10:40:58.400,MO2508-C-7500,1.6,1.4,1.6
2025-08-13,2025-08-13 10:40:58.900,MO2508-C-7500,1.6,1.4,1.6
2025-08-13,2025-08-13 10:41:08.400,MO2508-C-7500,1.6,1.4,1.6
2025-08-13,2025-08-13 10:41:08.900,MO2508-C-7500,1.6,1.4,1.6
2025-08-13,2025-08-13 10:41:12.400,MO2508-C-7500,1.6,1.4,1.6
2025-08-13,2025-08-13 10:41:13.900,MO2508-C-7500,1.6,1.4,1.6
2025-08-13,2025-08-13 10:41:16.400,MO2508-C-7500,1.6,1.4,1.6
2025-08-13,2025-08-13 10:41:17.400,MO2508-C-7500,1.6,1.4,1.6
2025-08-13,2025-08-13 10:41:18.400,MO2508-C-7500,1.6,1.4,1.6
2025-08-13,2025-08-13 10:41:18.900,MO2508-C-7500,1.6,1.4,1.6
2025-08-13,2025-08-13 10:41:21.400,MO2508-C-7500,1.6,1.4,1.6
2025-08-13,2025-08-13 10:41:22.400,MO2508-C-7500,1.6,1.4,1.6
2025-08-13,2025-08-13 10:41:24.400,MO2508-C-7500,1.6,1.4,1.6
2025-08-13,2025-08-13 10:41:24.900,MO2508-C-7500,1.6,1.4,1.6
2025-08-13,2025-08-13 10:41:28.400,MO2508-C-7500,1.6,1.4,1.6
2025-08-13,2025-08-13 10:41:28.900,MO2508-C-7500,1.6,1.4,1.6
2025-08-13,2025-08-13 10:41:29.400,MO2508-C-7500,1.6,1.4,1.6
2025-08-13,2025-08-13 10:41:30.400,MO2508-C-7500,1.6,1.4,1.6
2025-08-13,2025-08-13 10:41:31.900,MO2508-C-7500,1.6,1.4,1.6
2025-08-13,2025-08-13 10:41:33.900,MO2508-C-7500,1.6,1.4,1.6
2025-08-13,2025-08-13 10:41:35.900,MO2508-C-7500,1.6,1.4,1.6
2025-08-13,2025-08-13 10:41:37.400,MO2508-C-7500,1.6,1.4,1.6
2025-08-13,2025-08-13 10:41:38.400,MO2508-C-7500,1.6,1.4,1.6
2025-08-13,2025-08-13 10:41:38.900,MO2508-C-7500,1.6,1.4,1.6
2025-08-13,2025-08-13 10:41:48.400,MO2508-C-7500,1.6,1.4,1.6
2025-08-13,2025-08-13 10:41:48.900,MO2508-C-7500,1.6,1.4,1.6
2025-08-13,2025-08-13 10:41:53.900,MO2508-C-7500,1.6,1.4,1.6
2025-08-13,2025-08-13 10:41:58.400,MO2508-C-7500,1.6,1.4,1.6
2025-08-13,2025-08-13 10:41:58.900,MO2508-C-7500,1.6,1.4,1.6
2025-08-13,2025-08-13 10:42:08.400,MO2508-C-7500,1.6,1.4,1.6
2025-08-13,2025-08-13 10:42:08.900,MO2508-C-7500,1.6,1.4,1.6
2025-08-13,2025-08-13 10:42:18.400,MO2508-C-7500,1.6,1.4,1.6
2025-08-13,2025-08-13 10:42:18.900,MO2508-C-7500,1.6,1.4,1.6
2025-08-13,2025-08-13 10:42:20.900,MO2508-C-7500,1.6,1.4,1.6
2025-08-13,2025-08-13 10:42:21.900,MO2508-C-7500,1.6,1.4,1.6
2025-08-13,2025-08-13 10:42:24.400,MO2508-C-7500,1.6,1.4,1.6
2025-08-13,2025-08-13 10:42:24.900,MO2508-C-7500,1.6,1.4,1.6
2025-08-13,2025-08-13 10:42:25.400,MO2508-C-7500,1.6,1.4,1.6
2025-08-13,2025-08-13 10:42:28.400,MO2508-C-7500,1.6,1.4,1.6
2025-08-13,2025-08-13 10:42:28.900,MO2508-C-7500,1.6,1.4,1.6
2025-08-13,2025-08-13 10:42:29.900,MO2508-C-7500,1.6,1.4,1.6
2025-08-13,2025-08-13 10:42:30.400,MO2508-C-7500,1.6,1.4,1.6
2025-08-13,2025-08-13 10:42:30.900,MO2508-C-7500,1.6,1.4,1.6
2025-08-13,2025-08-13 10:42:36.400,MO2508-C-7500,1.6,1.4,1.6
2025-08-13,2025-08-13 10:42:37.400,MO2508-C-7500,1.6,1.4,1.6
2025-08-13,2025-08-13 10:42:38.400,MO2508-C-7500,1.6,1.4,1.6
2025-08-13,2025-08-13 10:42:38.900,MO2508-C-7500,1.6,1.4,1.6
2025-08-13,2025-08-13 10:42:39.400,MO2508-C-7500,1.6,1.4,1.6
2025-08-13,2025-08-13 10:42:41.400,MO2508-C-7500,1.6,1.4,1.6
2025-08-13,2025-08-13 10:42:48.400,MO2508-C-7500,1.6,1.4,1.6
2025-08-13,2025-08-13 10:42:48.900,MO2508-C-7500,1.6,1.4,1.6
2025-08-13,2025-08-13 10:42:49.900,MO2508-C-7500,1.4,1.4,1.6
2025-08-13,2025-08-13 10:42:52.900,MO2508-C-7500,1.4,1.4,1.6
2025-08-13,2025-08-13 10:42:53.400,MO2508-C-7500,1.4,1.4,1.6
2025-08-13,2025-08-13 10:42:54.400,MO2508-C-7500,1.4,1.4,1.6
2025-08-13,2025-08-13 10:42:58.400,MO2508-C-7500,1.4,1.4,1.6
2025-08-13,2025-08-13 10:42:58.900,MO2508-C-7500,1.4,1.4,1.6
2025-08-13,2025-08-13 10:43:03.400,MO2508-C-7500,1.4,1.4,1.6
2025-08-13,2025-08-13 10:43:05.400,MO2508-C-7500,1.4,1.4,1.6
2025-08-13,2025-08-13 10:43:06.400,MO2508-C-7500,1.4,1.4,1.6
2025-08-13,2025-08-13 10:43:08.400,MO2508-C-7500,1.4,1.4,1.6
2025-08-13,2025-08-13 10:43:08.900,MO2508-C-7500,1.4,1.4,1.6
2025-08-13,2025-08-13 10:43:15.400,MO2508-C-7500,1.4,1.4,1.6
2025-08-13,2025-08-13 10:43:18.400,MO2508-C-7500,1.4,1.4,1.6
2025-08-13,2025-08-13 10:43:18.900,MO2508-C-7500,1.4,1.4,1.6
2025-08-13,2025-08-13 10:43:23.400,MO2508-C-7500,1.4,1.4,1.6
2025-08-13,2025-08-13 10:43:26.400,MO2508-C-7500,1.4,1.4,1.6
2025-08-13,2025-08-13 10:43:28.400,MO2508-C-7500,1.4,1.4,1.6
2025-08-13,2025-08-13 10:43:28.900,MO2508-C-7500,1.4,1.4,1.6
2025-08-13,2025-08-13 10:43:34.400,MO2508-C-7500,1.4,1.4,1.6
2025-08-13,2025-08-13 10:43:34.900,MO2508-C-7500,1.4,1.4,1.6
2025-08-13,2025-08-13 10:43:36.400,MO2508-C-7500,1.4,1.4,1.6
2025-08-13,2025-08-13 10:43:38.400,MO2508-C-7500,1.4,1.4,1.6
2025-08-13,2025-08-13 10:43:38.900,MO2508-C-7500,1.4,1.4,1.6
2025-08-13,2025-08-13 10:43:41.400,MO2508-C-7500,1.4,1.4,1.6
2025-08-13,2025-08-13 10:43:41.900,MO2508-C-7500,1.4,1.4,1.6
2025-08-13,2025-08-13 10:43:48.400,MO2508-C-7500,1.4,1.4,1.6
2025-08-13,2025-08-13 10:43:48.900,MO2508-C-7500,1.4,1.4,1.6
2025-08-13,2025-08-13 10:43:58.400,MO2508-C-7500,1.4,1.4,1.6
2025-08-13,2025-08-13 10:43:58.900,MO2508-C-7500,1.4,1.4,1.6
2025-08-13,2025-08-13 10:43:59.400,MO2508-C-7500,1.6,1.4,1.6
2025-08-13,2025-08-13 10:43:59.900,MO2508-C-7500,1.6,1.4,1.6
2025-08-13,2025-08-13 10:44:03.900,MO2508-C-7500,1.6,1.4,1.6
2025-08-13,2025-08-13 10:44:04.400,MO2508-C-7500,1.6,1.4,1.6
2025-08-13,2025-08-13 10:44:05.900,MO2508-C-7500,1.6,1.4,1.6
2025-08-13,2025-08-13 10:44:06.900,MO2508-C-7500,1.6,1.4,1.6
2025-08-13,2025-08-13 10:44:08.400,MO2508-C-7500,1.6,1.4,1.6
2025-08-13,2025-08-13 10:44:08.900,MO2508-C-7500,1.6,1.4,1.6
2025-08-13,2025-08-13 10:44:18.400,MO2508-C-7500,1.6,1.4,1.6
2025-08-13,2025-08-13 10:44:18.900,MO2508-C-7500,1.6,1.4,1.6
2025-08-13,2025-08-13 10:44:19.900,MO2508-C-7500,1.6,1.4,1.6
2025-08-13,2025-08-13 10:44:20.900,MO2508-C-7500,1.6,1.4,1.6
2025-08-13,2025-08-13 10:44:23.400,MO2508-C-7500,1.6,1.4,1.6
2025-08-13,2025-08-13 10:44:24.400,MO2508-C-7500,1.6,1.4,1.6
2025-08-13,2025-08-13 10:44:26.400,MO2508-C-7500,1.6,1.4,1.6
2025-08-13,2025-08-13 10:44:26.900,MO2508-C-7500,1.6,1.4,1.6
2025-08-13,2025-08-13 10:44:27.400,MO2508-C-7500,1.6,1.4,1.6
2025-08-13,2025-08-13 10:44:28.400,MO2508-C-7500,1.6,1.4,1.6
2025-08-13,2025-08-13 10:44:28.900,MO2508-C-7500,1.6,1.4,1.6
2025-08-13,2025-08-13 10:44:31.900,MO2508-C-7500,1.6,1.4,1.6
2025-08-13,2025-08-13 10:44:38.400,MO2508-C-7500,1.6,1.4,1.6
2025-08-13,2025-08-13 10:44:38.900,MO2508-C-7500,1.6,1.4,1.6
2025-08-13,2025-08-13 10:44:48.400,MO2508-C-7500,1.6,1.4,1.6
2025-08-13,2025-08-13 10:44:48.900,MO2508-C-7500,1.6,1.4,1.6
2025-08-13,2025-08-13 10:44:49.900,MO2508-C-7500,1.6,1.4,1.6
2025-08-13,2025-08-13 10:44:50.400,MO2508-C-7500,1.6,1.4,1.6
2025-08-13,2025-08-13 10:44:53.400,MO2508-C-7500,1.6,1.4,1.6
2025-08-13,2025-08-13 10:44:55.400,MO2508-C-7500,1.6,1.4,1.6
2025-08-13,2025-08-13 10:44:57.400,MO2508-C-7500,1.6,1.4,1.6
2025-08-13,2025-08-13 10:44:58.400,MO2508-C-7500,1.6,1.4,1.6
2025-08-13,2025-08-13 10:44:58.900,MO2508-C-7500,1.6,1.4,1.6
2025-08-13,2025-08-13 10:45:00.400,MO2508-C-7500,1.6,1.4,1.6
2025-08-13,2025-08-13 10:45:01.400,MO2508-C-7500,1.6,1.4,1.6
2025-08-13,2025-08-13 10:45:01.900,MO2508-C-7500,1.6,1.4,1.6
2025-08-13,2025-08-13 10:45:02.900,MO2508-C-7500,1.6,1.4,1.6
2025-08-13,2025-08-13 10:45:08.400,MO2508-C-7500,1.6,1.4,1.6
2025-08-13,2025-08-13 10:45:08.900,MO2508-C-7500,1.6,1.4,1.6
2025-08-13,2025-08-13 10:45:09.400,MO2508-C-7500,1.6,1.4,1.6
2025-08-13,2025-08-13 10:45:11.400,MO2508-C-7500,1.6,1.4,1.6
2025-08-13,2025-08-13 10:45:13.400,MO2508-C-7500,1.6,1.4,1.6
2025-08-13,2025-08-13 10:45:18.400,MO2508-C-7500,1.6,1.4,1.6
2025-08-13,2025-08-13 10:45:18.900,MO2508-C-7500,1.6,1.4,1.6
2025-08-13,2025-08-13 10:45:24.400,MO2508-C-7500,1.6,1.4,1.6
2025-08-13,2025-08-13 10:45:24.900,MO2508-C-7500,1.6,1.4,1.6
2025-08-13,2025-08-13 10:45:28.400,MO2508-C-7500,1.6,1.4,1.6
2025-08-13,2025-08-13 10:45:28.900,MO2508-C-7500,1.6,1.4,1.6
2025-08-13,2025-08-13 10:45:29.400,MO2508-C-7500,1.6,1.4,1.6
2025-08-13,2025-08-13 10:45:36.900,MO2508-C-7500,1.6,1.4,1.6
2025-08-13,2025-08-13 10:45:37.400,MO2508-C-7500,1.6,1.4,1.6
2025-08-13,2025-08-13 10:45:38.400,MO2508-C-7500,1.6,1.4,1.6
2025-08-13,2025-08-13 10:45:38.900,MO2508-C-7500,1.6,1.4,1.6
2025-08-13,2025-08-13 10:45:48.400,MO2508-C-7500,1.6,1.4,1.6
2025-08-13,2025-08-13 10:45:48.900,MO2508-C-7500,1.6,1.4,1.6
2025-08-13,2025-08-13 10:45:50.400,MO2508-C-7500,1.6,1.4,1.6
2025-08-13,2025-08-13 10:45:50.900,MO2508-C-7500,1.6,1.4,1.6
2025-08-13,2025-08-13 10:45:55.900,MO2508-C-7500,1.6,1.4,1.6
2025-08-13,2025-08-13 10:45:56.400,MO2508-C-7500,1.6,1.4,1.6
2025-08-13,2025-08-13 10:45:57.400,MO2508-C-7500,1.6,1.4,1.6
2025-08-13,2025-08-13 10:45:58.400,MO2508-C-7500,1.6,1.4,1.6
2025-08-13,2025-08-13 10:45:58.900,MO2508-C-7500,1.6,1.4,1.6
2025-08-13,2025-08-13 10:45:59.900,MO2508-C-7500,1.4,1.4,1.6
2025-08-13,2025-08-13 10:46:08.400,MO2508-C-7500,1.4,1.4,1.6
2025-08-13,2025-08-13 10:46:08.900,MO2508-C-7500,1.4,1.4,1.6
2025-08-13,2025-08-13 10:46:09.400,MO2508-C-7500,1.6,1.4,1.6
2025-08-13,2025-08-13 10:46:09.900,MO2508-C-7500,1.6,1.4,1.6
2025-08-13,2025-08-13 10:46:10.400,MO2508-C-7500,1.6,1.4,1.6
2025-08-13,2025-08-13 10:46:11.900,MO2508-C-7500,1.6,1.4,1.6
2025-08-13,2025-08-13 10:46:12.400,MO2508-C-7500,1.6,1.4,1.6
2025-08-13,2025-08-13 10:46:13.400,MO2508-C-7500,1.6,1.4,1.6
2025-08-13,2025-08-13 10:46:14.900,MO2508-C-7500,1.6,1.4,1.6
2025-08-13,2025-08-13 10:46:15.400,MO2508-C-7500,1.6,1.4,1.6
2025-08-13,2025-08-13 10:46:15.900,MO2508-C-7500,1.6,1.4,1.6
2025-08-13,2025-08-13 10:46:17.400,MO2508-C-7500,1.6,1.4,1.6
2025-08-13,2025-08-13 10:46:18.400,MO2508-C-7500,1.6,1.4,1.6
2025-08-13,2025-08-13 10:46:18.900,MO2508-C-7500,1.6,1.4,1.6
2025-08-13,2025-08-13 10:46:25.400,MO2508-C-7500,1.6,1.4,1.6
2025-08-13,2025-08-13 10:46:26.400,MO2508-C-7500,1.6,1.4,1.6
2025-08-13,2025-08-13 10:46:28.400,MO2508-C-7500,1.6,1.4,1.6
2025-08-13,2025-08-13 10:46:28.900,MO2508-C-7500,1.6,1.4,1.6
2025-08-13,2025-08-13 10:46:30.900,MO2508-C-7500,1.6,1.4,1.6
2025-08-13,2025-08-13 10:46:32.400,MO2508-C-7500,1.6,1.4,1.6
2025-08-13,2025-08-13 10:46:34.900,MO2508-C-7500,1.6,1.4,1.6
2025-08-13,2025-08-13 10:46:38.400,MO2508-C-7500,1.6,1.4,1.6
2025-08-13,2025-08-13 10:46:38.900,MO2508-C-7500,1.6,1.4,1.6
2025-08-13,2025-08-13 10:46:48.400,MO2508-C-7500,1.6,1.4,1.6
2025-08-13,2025-08-13 10:46:48.900,MO2508-C-7500,1.6,1.4,1.6
2025-08-13,2025-08-13 10:46:50.400,MO2508-C-7500,1.6,1.4,1.6
2025-08-13,2025-08-13 10:46:50.900,MO2508-C-7500,1.6,1.4,1.6
2025-08-13,2025-08-13 10:46:51.400,MO2508-C-7500,1.6,1.4,1.6
2025-08-13,2025-08-13 10:46:54.400,MO2508-C-7500,1.6,1.4,1.6
2025-08-13,2025-08-13 10:46:58.400,MO2508-C-7500,1.6,1.4,1.6
2025-08-13,2025-08-13 10:46:58.900,MO2508-C-7500,1.6,1.4,1.6
2025-08-13,2025-08-13 10:47:01.900,MO2508-C-7500,1.6,1.4,1.6
2025-08-13,2025-08-13 10:47:08.400,MO2508-C-7500,1.6,1.4,1.6
2025-08-13,2025-08-13 10:47:08.900,MO2508-C-7500,1.6,1.4,1.6
2025-08-13,2025-08-13 10:47:10.400,MO2508-C-7500,1.6,1.4,1.6
2025-08-13,2025-08-13 10:47:13.900,MO2508-C-7500,1.6,1.4,1.6
2025-08-13,2025-08-13 10:47:14.400,MO2508-C-7500,1.6,1.4,1.6
2025-08-13,2025-08-13 10:47:18.400,MO2508-C-7500,1.6,1.4,1.6
2025-08-13,2025-08-13 10:47:18.900,MO2508-C-7500,1.6,1.4,1.6
2025-08-13,2025-08-13 10:47:20.900,MO2508-C-7500,1.6,1.4,1.6
2025-08-13,2025-08-13 10:47:23.400,MO2508-C-7500,1.6,1.4,1.6
2025-08-13,2025-08-13 10:47:23.900,MO2508-C-7500,1.6,1.4,1.6
2025-08-13,2025-08-13 10:47:28.400,MO2508-C-7500,1.6,1.4,1.6
2025-08-13,2025-08-13 10:47:28.900,MO2508-C-7500,1.6,1.4,1.6
2025-08-13,2025-08-13 10:47:33.900,MO2508-C-7500,1.6,1.4,1.6
2025-08-13,2025-08-13 10:47:38.400,MO2508-C-7500,1.6,1.4,1.6
2025-08-13,2025-08-13 10:47:38.900,MO2508-C-7500,1.6,1.4,1.6
2025-08-13,2025-08-13 10:47:48.400,MO2508-C-7500,1.6,1.4,1.6
2025-08-13,2025-08-13 10:47:48.900,MO2508-C-7500,1.6,1.4,1.6
2025-08-13,2025-08-13 10:47:49.400,MO2508-C-7500,1.6,1.4,1.6
2025-08-13,2025-08-13 10:47:58.400,MO2508-C-7500,1.6,1.4,1.6
2025-08-13,2025-08-13 10:47:58.900,MO2508-C-7500,1.6,1.4,1.6
2025-08-13,2025-08-13 10:48:04.900,MO2508-C-7500,1.6,1.4,1.6
2025-08-13,2025-08-13 10:48:05.400,MO2508-C-7500,1.6,1.4,1.6
2025-08-13,2025-08-13 10:48:08.400,MO2508-C-7500,1.6,1.4,1.6
2025-08-13,2025-08-13 10:48:08.900,MO2508-C-7500,1.6,1.4,1.6
2025-08-13,2025-08-13 10:48:09.400,MO2508-C-7500,1.6,1.4,1.6
2025-08-13,2025-08-13 10:48:18.400,MO2508-C-7500,1.6,1.4,1.6
2025-08-13,2025-08-13 10:48:18.900,MO2508-C-7500,1.6,1.4,1.6
2025-08-13,2025-08-13 10:48:26.900,MO2508-C-7500,1.6,1.4,1.6
2025-08-13,2025-08-13 10:48:28.400,MO2508-C-7500,1.6,1.4,1.6
2025-08-13,2025-08-13 10:48:28.900,MO2508-C-7500,1.6,1.4,1.6
2025-08-13,2025-08-13 10:48:30.900,MO2508-C-7500,1.6,1.4,1.6
2025-08-13,2025-08-13 10:48:38.400,MO2508-C-7500,1.6,1.4,1.6
2025-08-13,2025-08-13 10:48:38.900,MO2508-C-7500,1.6,1.4,1.6
2025-08-13,2025-08-13 10:48:39.400,MO2508-C-7500,1.6,1.4,1.6
2025-08-13,2025-08-13 10:48:45.900,MO2508-C-7500,1.6,1.4,1.6
2025-08-13,2025-08-13 10:48:48.400,MO2508-C-7500,1.6,1.4,1.6
2025-08-13,2025-08-13 10:48:48.900,MO2508-C-7500,1.6,1.4,1.6
2025-08-13,2025-08-13 10:48:58.400,MO2508-C-7500,1.6,1.4,1.6
2025-08-13,2025-08-13 10:48:58.900,MO2508-C-7500,1.6,1.4,1.6
2025-08-13,2025-08-13 10:49:01.400,MO2508-C-7500,1.6,1.4,1.6
2025-08-13,2025-08-13 10:49:02.400,MO2508-C-7500,1.6,1.4,1.6
2025-08-13,2025-08-13 10:49:06.900,MO2508-C-7500,1.6,1.4,1.6
2025-08-13,2025-08-13 10:49:08.400,MO2508-C-7500,1.6,1.4,1.6
2025-08-13,2025-08-13 10:49:08.900,MO2508-C-7500,1.6,1.4,1.6
2025-08-13,2025-08-13 10:49:09.400,MO2508-C-7500,1.6,1.4,1.6
2025-08-13,2025-08-13 10:49:10.400,MO2508-C-7500,1.6,1.4,1.6
2025-08-13,2025-08-13 10:49:11.400,MO2508-C-7500,1.6,1.6,1.8
2025-08-13,2025-08-13 10:49:11.900,MO2508-C-7500,1.6,1.6,1.8
2025-08-13,2025-08-13 10:49:12.400,MO2508-C-7500,1.6,1.6,1.8
2025-08-13,2025-08-13 10:49:12.900,MO2508-C-7500,1.6,1.6,1.8
2025-08-13,2025-08-13 10:49:17.400,MO2508-C-7500,1.6,1.6,1.8
2025-08-13,2025-08-13 10:49:17.900,MO2508-C-7500,1.6,1.6,1.8
2025-08-13,2025-08-13 10:49:18.400,MO2508-C-7500,1.6,1.6,1.8
2025-08-13,2025-08-13 10:49:18.900,MO2508-C-7500,1.6,1.6,1.8
2025-08-13,2025-08-13 10:49:21.400,MO2508-C-7500,1.6,1.6,1.8
2025-08-13,2025-08-13 10:49:22.400,MO2508-C-7500,1.6,1.6,1.8
2025-08-13,2025-08-13 10:49:22.900,MO2508-C-7500,1.6,1.6,1.8
2025-08-13,2025-08-13 10:49:26.900,MO2508-C-7500,1.6,1.6,1.8
2025-08-13,2025-08-13 10:49:27.900,MO2508-C-7500,1.6,1.6,1.8
2025-08-13,2025-08-13 10:49:28.400,MO2508-C-7500,1.6,1.6,1.8
2025-08-13,2025-08-13 10:49:28.900,MO2508-C-7500,1.6,1.6,1.8
2025-08-13,2025-08-13 10:49:30.400,MO2508-C-7500,1.6,1.6,1.8
2025-08-13,2025-08-13 10:49:37.900,MO2508-C-7500,1.6,1.6,1.8
2025-08-13,2025-08-13 10:49:38.400,MO2508-C-7500,1.6,1.6,1.8
2025-08-13,2025-08-13 10:49:38.900,MO2508-C-7500,1.6,1.6,1.8
2025-08-13,2025-08-13 10:49:39.400,MO2508-C-7500,1.6,1.6,1.8
2025-08-13,2025-08-13 10:49:39.900,MO2508-C-7500,1.6,1.6,1.8
2025-08-13,2025-08-13 10:49:40.400,MO2508-C-7500,1.6,1.6,1.8
2025-08-13,2025-08-13 10:49:40.900,MO2508-C-7500,1.6,1.6,1.8
2025-08-13,2025-08-13 10:49:41.400,MO2508-C-7500,1.6,1.6,1.8
2025-08-13,2025-08-13 10:49:41.900,MO2508-C-7500,1.6,1.6,1.8
2025-08-13,2025-08-13 10:49:42.400,MO2508-C-7500,1.6,1.6,1.8
2025-08-13,2025-08-13 10:49:43.400,MO2508-C-7500,1.6,1.6,1.8
2025-08-13,2025-08-13 10:49:43.900,MO2508-C-7500,1.6,1.6,1.8
2025-08-13,2025-08-13 10:49:48.400,MO2508-C-7500,1.6,1.6,1.8
2025-08-13,2025-08-13 10:49:48.900,MO2508-C-7500,1.6,1.6,1.8
2025-08-13,2025-08-13 10:49:58.400,MO2508-C-7500,1.6,1.6,1.8
2025-08-13,2025-08-13 10:49:58.900,MO2508-C-7500,1.6,1.6,1.8
2025-08-13,2025-08-13 10:49:59.400,MO2508-C-7500,1.6,1.6,1.8
2025-08-13,2025-08-13 10:49:59.900,MO2508-C-7500,1.6,1.6,1.8
2025-08-13,2025-08-13 10:50:00.400,MO2508-C-7500,1.6,1.6,1.8
2025-08-13,2025-08-13 10:50:00.900,MO2508-C-7500,1.6,1.6,1.8
2025-08-13,2025-08-13 10:50:01.400,MO2508-C-7500,1.6,1.6,1.8
2025-08-13,2025-08-13 10:50:08.400,MO2508-C-7500,1.6,1.6,1.8
2025-08-13,2025-08-13 10:50:08.900,MO2508-C-7500,1.6,1.6,1.8
2025-08-13,2025-08-13 10:50:12.400,MO2508-C-7500,1.6,1.6,1.8
2025-08-13,2025-08-13 10:50:12.900,MO2508-C-7500,1.6,1.6,1.8
2025-08-13,2025-08-13 10:50:18.400,MO2508-C-7500,1.6,1.6,1.8
2025-08-13,2025-08-13 10:50:18.900,MO2508-C-7500,1.6,1.6,1.8
2025-08-13,2025-08-13 10:50:19.400,MO2508-C-7500,1.6,1.6,1.8
2025-08-13,2025-08-13 10:50:23.400,MO2508-C-7500,1.6,1.6,1.8
2025-08-13,2025-08-13 10:50:23.900,MO2508-C-7500,1.6,1.6,1.8
2025-08-13,2025-08-13 10:50:28.400,MO2508-C-7500,1.6,1.6,1.8
2025-08-13,2025-08-13 10:50:28.900,MO2508-C-7500,1.6,1.6,1.8
2025-08-13,2025-08-13 10:50:35.400,MO2508-C-7500,1.6,1.6,1.8
2025-08-13,2025-08-13 10:50:35.900,MO2508-C-7500,1.6,1.6,1.8
2025-08-13,2025-08-13 10:50:36.400,MO2508-C-7500,1.6,1.6,1.8
2025-08-13,2025-08-13 10:50:36.900,MO2508-C-7500,1.6,1.6,1.8
2025-08-13,2025-08-13 10:50:38.400,MO2508-C-7500,1.6,1.6,1.8
2025-08-13,2025-08-13 10:50:38.900,MO2508-C-7500,1.6,1.6,1.8
2025-08-13,2025-08-13 10:50:42.900,MO2508-C-7500,1.6,1.6,1.8
2025-08-13,2025-08-13 10:50:48.400,MO2508-C-7500,1.6,1.6,1.8
2025-08-13,2025-08-13 10:50:48.900,MO2508-C-7500,1.6,1.6,1.8
2025-08-13,2025-08-13 10:50:58.400,MO2508-C-7500,1.6,1.6,1.8
2025-08-13,2025-08-13 10:50:58.900,MO2508-C-7500,1.6,1.6,1.8
2025-08-13,2025-08-13 10:51:04.900,MO2508-C-7500,1.6,1.6,1.8
2025-08-13,2025-08-13 10:51:08.400,MO2508-C-7500,1.6,1.6,1.8
2025-08-13,2025-08-13 10:51:08.900,MO2508-C-7500,1.6,1.6,1.8
2025-08-13,2025-08-13 10:51:18.400,MO2508-C-7500,1.6,1.6,1.8
2025-08-13,2025-08-13 10:51:18.900,MO2508-C-7500,1.6,1.6,1.8
2025-08-13,2025-08-13 10:51:21.900,MO2508-C-7500,1.6,1.6,1.8
2025-08-13,2025-08-13 10:51:28.400,MO2508-C-7500,1.6,1.6,1.8
2025-08-13,2025-08-13 10:51:28.900,MO2508-C-7500,1.6,1.6,1.8
2025-08-13,2025-08-13 10:51:37.400,MO2508-C-7500,1.6,1.6,1.8
2025-08-13,2025-08-13 10:51:37.900,MO2508-C-7500,1.6,1.6,1.8
2025-08-13,2025-08-13 10:51:38.400,MO2508-C-7500,1.6,1.6,1.8
2025-08-13,2025-08-13 10:51:38.900,MO2508-C-7500,1.6,1.6,1.8
2025-08-13,2025-08-13 10:51:39.400,MO2508-C-7500,1.6,1.6,1.8
2025-08-13,2025-08-13 10:51:46.400,MO2508-C-7500,1.6,1.6,1.8
2025-08-13,2025-08-13 10:51:47.400,MO2508-C-7500,1.6,1.6,1.8
2025-08-13,2025-08-13 10:51:48.400,MO2508-C-7500,1.6,1.6,1.8
2025-08-13,2025-08-13 10:51:48.900,MO2508-C-7500,1.6,1.6,1.8
2025-08-13,2025-08-13 10:51:49.400,MO2508-C-7500,1.6,1.6,1.8
2025-08-13,2025-08-13 10:51:49.900,MO2508-C-7500,1.6,1.6,1.8
2025-08-13,2025-08-13 10:51:51.400,MO2508-C-7500,1.6,1.6,1.8
2025-08-13,2025-08-13 10:51:52.400,MO2508-C-7500,1.6,1.6,1.8
2025-08-13,2025-08-13 10:51:55.900,MO2508-C-7500,1.6,1.6,1.8
2025-08-13,2025-08-13 10:51:57.400,MO2508-C-7500,1.6,1.6,1.8
2025-08-13,2025-08-13 10:51:58.400,MO2508-C-7500,1.6,1.6,1.8
2025-08-13,2025-08-13 10:51:58.900,MO2508-C-7500,1.6,1.6,1.8
2025-08-13,2025-08-13 10:52:04.400,MO2508-C-7500,1.6,1.6,1.8
2025-08-13,2025-08-13 10:52:05.400,MO2508-C-7500,1.6,1.6,1.8
2025-08-13,2025-08-13 10:52:08.400,MO2508-C-7500,1.6,1.6,1.8
2025-08-13,2025-08-13 10:52:08.900,MO2508-C-7500,1.6,1.6,1.8
2025-08-13,2025-08-13 10:52:12.400,MO2508-C-7500,1.6,1.6,1.8
2025-08-13,2025-08-13 10:52:17.900,MO2508-C-7500,1.6,1.6,1.8
2025-08-13,2025-08-13 10:52:18.400,MO2508-C-7500,1.6,1.6,1.8
2025-08-13,2025-08-13 10:52:18.900,MO2508-C-7500,1.6,1.6,1.8
2025-08-13,2025-08-13 10:52:22.400,MO2508-C-7500,1.6,1.6,1.8
2025-08-13,2025-08-13 10:52:23.400,MO2508-C-7500,1.6,1.6,1.8
2025-08-13,2025-08-13 10:52:27.900,MO2508-C-7500,1.6,1.6,1.8
2025-08-13,2025-08-13 10:52:28.400,MO2508-C-7500,1.6,1.6,1.8
2025-08-13,2025-08-13 10:52:28.900,MO2508-C-7500,1.6,1.6,1.8
2025-08-13,2025-08-13 10:52:35.900,MO2508-C-7500,1.6,1.6,1.8
2025-08-13,2025-08-13 10:52:36.400,MO2508-C-7500,1.6,1.6,1.8
2025-08-13,2025-08-13 10:52:38.400,MO2508-C-7500,1.6,1.6,1.8
2025-08-13,2025-08-13 10:52:38.900,MO2508-C-7500,1.6,1.6,1.8
2025-08-13,2025-08-13 10:52:39.900,MO2508-C-7500,1.6,1.6,1.8
2025-08-13,2025-08-13 10:52:42.400,MO2508-C-7500,1.6,1.6,1.8
2025-08-13,2025-08-13 10:52:44.900,MO2508-C-7500,1.6,1.6,1.8
2025-08-13,2025-08-13 10:52:46.400,MO2508-C-7500,1.6,1.6,1.8
2025-08-13,2025-08-13 10:52:46.900,MO2508-C-7500,1.6,1.6,1.8
2025-08-13,2025-08-13 10:52:48.400,MO2508-C-7500,1.6,1.6,1.8
2025-08-13,2025-08-13 10:52:48.900,MO2508-C-7500,1.6,1.6,1.8
2025-08-13,2025-08-13 10:52:50.400,MO2508-C-7500,1.6,1.6,1.8
2025-08-13,2025-08-13 10:52:58.400,MO2508-C-7500,1.6,1.6,1.8
2025-08-13,2025-08-13 10:52:58.900,MO2508-C-7500,1.6,1.4,1.8
2025-08-13,2025-08-13 10:52:59.400,MO2508-C-7500,1.6,1.4,1.8
2025-08-13,2025-08-13 10:53:00.900,MO2508-C-7500,1.6,1.4,1.8
2025-08-13,2025-08-13 10:53:01.400,MO2508-C-7500,1.6,1.4,1.8
2025-08-13,2025-08-13 10:53:02.900,MO2508-C-7500,1.6,1.4,1.8
2025-08-13,2025-08-13 10:53:03.400,MO2508-C-7500,1.6,1.4,1.6
2025-08-13,2025-08-13 10:53:03.900,MO2508-C-7500,1.6,1.4,1.6
2025-08-13,2025-08-13 10:53:04.400,MO2508-C-7500,1.6,1.4,1.6
2025-08-13,2025-08-13 10:53:04.900,MO2508-C-7500,1.6,1.4,1.6
2025-08-13,2025-08-13 10:53:06.400,MO2508-C-7500,1.6,1.4,1.6
2025-08-13,2025-08-13 10:53:08.400,MO2508-C-7500,1.6,1.4,1.6
2025-08-13,2025-08-13 10:53:08.900,MO2508-C-7500,1.6,1.4,1.6
2025-08-13,2025-08-13 10:53:09.400,MO2508-C-7500,1.6,1.4,1.6
2025-08-13,2025-08-13 10:53:13.900,MO2508-C-7500,1.6,1.4,1.6
2025-08-13,2025-08-13 10:53:14.400,MO2508-C-7500,1.6,1.4,1.6
2025-08-13,2025-08-13 10:53:14.900,MO2508-C-7500,1.6,1.4,1.6
2025-08-13,2025-08-13 10:53:15.400,MO2508-C-7500,1.6,1.4,1.6
2025-08-13,2025-08-13 10:53:16.400,MO2508-C-7500,1.6,1.4,1.6
2025-08-13,2025-08-13 10:53:17.400,MO2508-C-7500,1.6,1.4,1.6
2025-08-13,2025-08-13 10:53:18.400,MO2508-C-7500,1.6,1.4,1.6
2025-08-13,2025-08-13 10:53:18.900,MO2508-C-7500,1.6,1.4,1.6
2025-08-13,2025-08-13 10:53:19.400,MO2508-C-7500,1.6,1.4,1.6
2025-08-13,2025-08-13 10:53:19.900,MO2508-C-7500,1.6,1.4,1.6
2025-08-13,2025-08-13 10:53:20.400,MO2508-C-7500,1.6,1.4,1.6
2025-08-13,2025-08-13 10:53:22.400,MO2508-C-7500,1.6,1.4,1.6
2025-08-13,2025-08-13 10:53:22.900,MO2508-C-7500,1.6,1.4,1.6
2025-08-13,2025-08-13 10:53:28.400,MO2508-C-7500,1.6,1.4,1.6
2025-08-13,2025-08-13 10:53:28.900,MO2508-C-7500,1.6,1.4,1.6
2025-08-13,2025-08-13 10:53:31.900,MO2508-C-7500,1.6,1.4,1.6
2025-08-13,2025-08-13 10:53:38.400,MO2508-C-7500,1.6,1.4,1.6
2025-08-13,2025-08-13 10:53:38.900,MO2508-C-7500,1.6,1.4,1.6
2025-08-13,2025-08-13 10:53:39.400,MO2508-C-7500,1.6,1.4,1.6
2025-08-13,2025-08-13 10:53:39.900,MO2508-C-7500,1.6,1.4,1.6
2025-08-13,2025-08-13 10:53:48.400,MO2508-C-7500,1.6,1.4,1.6
2025-08-13,2025-08-13 10:53:48.900,MO2508-C-7500,1.6,1.4,1.6
2025-08-13,2025-08-13 10:53:50.900,MO2508-C-7500,1.6,1.4,1.6
2025-08-13,2025-08-13 10:53:54.900,MO2508-C-7500,1.6,1.4,1.6
2025-08-13,2025-08-13 10:53:55.400,MO2508-C-7500,1.6,1.4,1.6
2025-08-13,2025-08-13 10:53:55.900,MO2508-C-7500,1.6,1.4,1.6
2025-08-13,2025-08-13 10:53:57.900,MO2508-C-7500,1.6,1.4,1.6
2025-08-13,2025-08-13 10:53:58.400,MO2508-C-7500,1.6,1.4,1.6
2025-08-13,2025-08-13 10:53:58.900,MO2508-C-7500,1.6,1.4,1.6
2025-08-13,2025-08-13 10:53:59.400,MO2508-C-7500,1.6,1.4,1.6
2025-08-13,2025-08-13 10:54:00.900,MO2508-C-7500,1.6,1.4,1.6
2025-08-13,2025-08-13 10:54:01.400,MO2508-C-7500,1.6,1.2,1.6
2025-08-13,2025-08-13 10:54:01.900,MO2508-C-7500,1.6,1.2,1.6
2025-08-13,2025-08-13 10:54:02.900,MO2508-C-7500,1.6,1.2,1.6
2025-08-13,2025-08-13 10:54:08.400,MO2508-C-7500,1.6,1.2,1.6
2025-08-13,2025-08-13 10:54:08.900,MO2508-C-7500,1.6,1.2,1.6
2025-08-13,2025-08-13 10:54:10.400,MO2508-C-7500,1.6,1.2,1.6
2025-08-13,2025-08-13 10:54:10.900,MO2508-C-7500,1.6,1.2,1.6
2025-08-13,2025-08-13 10:54:12.400,MO2508-C-7500,1.6,1.2,1.6
2025-08-13,2025-08-13 10:54:12.900,MO2508-C-7500,1.6,1.2,1.4
2025-08-13,2025-08-13 10:54:13.400,MO2508-C-7500,1.6,1.2,1.4
2025-08-13,2025-08-13 10:54:13.900,MO2508-C-7500,1.6,1.2,1.4
2025-08-13,2025-08-13 10:54:14.400,MO2508-C-7500,1.6,1.2,1.4
2025-08-13,2025-08-13 10:54:18.400,MO2508-C-7500,1.6,1.2,1.4
2025-08-13,2025-08-13 10:54:18.900,MO2508-C-7500,1.6,1.2,1.4
2025-08-13,2025-08-13 10:54:19.900,MO2508-C-7500,1.6,1.2,1.4
2025-08-13,2025-08-13 10:54:20.400,MO2508-C-7500,1.6,1.2,1.4
2025-08-13,2025-08-13 10:54:20.900,MO2508-C-7500,1.6,1.2,1.4
2025-08-13,2025-08-13 10:54:21.400,MO2508-C-7500,1.6,1.2,1.4
2025-08-13,2025-08-13 10:54:21.900,MO2508-C-7500,1.6,1.2,1.4
2025-08-13,2025-08-13 10:54:23.400,MO2508-C-7500,1.6,1.2,1.6
2025-08-13,2025-08-13 10:54:23.900,MO2508-C-7500,1.6,1.2,1.6
2025-08-13,2025-08-13 10:54:24.400,MO2508-C-7500,1.6,1.2,1.6
2025-08-13,2025-08-13 10:54:28.400,MO2508-C-7500,1.6,1.2,1.6
2025-08-13,2025-08-13 10:54:28.900,MO2508-C-7500,1.6,1.2,1.6
2025-08-13,2025-08-13 10:54:30.400,MO2508-C-7500,1.6,1.2,1.6
2025-08-13,2025-08-13 10:54:33.400,MO2508-C-7500,1.6,1.2,1.6
2025-08-13,2025-08-13 10:54:34.900,MO2508-C-7500,1.6,1.2,1.6
2025-08-13,2025-08-13 10:54:35.400,MO2508-C-7500,1.6,1.2,1.6
2025-08-13,2025-08-13 10:54:35.900,MO2508-C-7500,1.6,1.2,1.6
2025-08-13,2025-08-13 10:54:38.400,MO2508-C-7500,1.6,1.2,1.6
2025-08-13,2025-08-13 10:54:38.900,MO2508-C-7500,1.6,1.2,1.6
2025-08-13,2025-08-13 10:54:39.400,MO2508-C-7500,1.6,1.2,1.6
2025-08-13,2025-08-13 10:54:39.900,MO2508-C-7500,1.6,1.2,1.6
2025-08-13,2025-08-13 10:54:46.400,MO2508-C-7500,1.6,1.2,1.6
2025-08-13,2025-08-13 10:54:46.900,MO2508-C-7500,1.6,1.2,1.6
2025-08-13,2025-08-13 10:54:47.400,MO2508-C-7500,1.6,1.2,1.6
2025-08-13,2025-08-13 10:54:48.400,MO2508-C-7500,1.6,1.2,1.6
2025-08-13,2025-08-13 10:54:48.900,MO2508-C-7500,1.6,1.2,1.6
2025-08-13,2025-08-13 10:54:49.400,MO2508-C-7500,1.6,1.2,1.6
2025-08-13,2025-08-13 10:54:52.900,MO2508-C-7500,1.6,1.2,1.6
2025-08-13,2025-08-13 10:54:53.400,MO2508-C-7500,1.6,1.2,1.6
2025-08-13,2025-08-13 10:54:54.900,MO2508-C-7500,1.6,1.2,1.6
2025-08-13,2025-08-13 10:54:55.400,MO2508-C-7500,1.6,1.2,1.6
2025-08-13,2025-08-13 10:54:55.900,MO2508-C-7500,1.6,1.2,1.4
2025-08-13,2025-08-13 10:54:56.400,MO2508-C-7500,1.6,1.2,1.4
2025-08-13,2025-08-13 10:54:58.400,MO2508-C-7500,1.6,1.2,1.4
2025-08-13,2025-08-13 10:54:58.900,MO2508-C-7500,1.6,1.2,1.4
2025-08-13,2025-08-13 10:54:59.400,MO2508-C-7500,1.6,1.2,1.4
2025-08-13,2025-08-13 10:54:59.900,MO2508-C-7500,1.6,1.2,1.4
2025-08-13,2025-08-13 10:55:00.900,MO2508-C-7500,1.6,1.2,1.4
2025-08-13,2025-08-13 10:55:01.400,MO2508-C-7500,1.6,1.2,1.4
2025-08-13,2025-08-13 10:55:08.400,MO2508-C-7500,1.6,1.2,1.4
2025-08-13,2025-08-13 10:55:08.900,MO2508-C-7500,1.6,1.2,1.4
2025-08-13,2025-08-13 10:55:09.400,MO2508-C-7500,1.6,1.2,1.4
2025-08-13,2025-08-13 10:55:13.900,MO2508-C-7500,1.2,1.2,1.4
2025-08-13,2025-08-13 10:55:15.900,MO2508-C-7500,1.2,1.2,1.4
2025-08-13,2025-08-13 10:55:18.400,MO2508-C-7500,1.2,1.2,1.4
2025-08-13,2025-08-13 10:55:18.900,MO2508-C-7500,1.2,1.2,1.4
2025-08-13,2025-08-13 10:55:28.400,MO2508-C-7500,1.2,1.2,1.4
2025-08-13,2025-08-13 10:55:28.900,MO2508-C-7500,1.2,1.2,1.4
2025-08-13,2025-08-13 10:55:30.400,MO2508-C-7500,1.2,1.2,1.4
2025-08-13,2025-08-13 10:55:30.900,MO2508-C-7500,1.2,1.2,1.4
2025-08-13,2025-08-13 10:55:38.400,MO2508-C-7500,1.2,1.2,1.4
2025-08-13,2025-08-13 10:55:38.900,MO2508-C-7500,1.2,1.2,1.4
2025-08-13,2025-08-13 10:55:42.400,MO2508-C-7500,1.2,1.2,1.4
2025-08-13,2025-08-13 10:55:42.900,MO2508-C-7500,1.2,1.2,1.4
2025-08-13,2025-08-13 10:55:48.400,MO2508-C-7500,1.2,1.2,1.4
2025-08-13,2025-08-13 10:55:48.900,MO2508-C-7500,1.2,1.2,1.4
2025-08-13,2025-08-13 10:55:49.900,MO2508-C-7500,1.2,1.2,1.4
2025-08-13,2025-08-13 10:55:58.400,MO2508-C-7500,1.2,1.2,1.4
2025-08-13,2025-08-13 10:55:58.900,MO2508-C-7500,1.2,1.2,1.4
2025-08-13,2025-08-13 10:55:59.400,MO2508-C-7500,1.2,1.2,1.4
2025-08-13,2025-08-13 10:56:06.900,MO2508-C-7500,1.2,1.2,1.4
2025-08-13,2025-08-13 10:56:07.400,MO2508-C-7500,1.2,1.2,1.4
2025-08-13,2025-08-13 10:56:08.400,MO2508-C-7500,1.2,1.2,1.4
2025-08-13,2025-08-13 10:56:08.900,MO2508-C-7500,1.2,1.2,1.4
2025-08-13,2025-08-13 10:56:09.400,MO2508-C-7500,1.2,1.2,1.4
2025-08-13,2025-08-13 10:56:18.400,MO2508-C-7500,1.2,1.2,1.4
2025-08-13,2025-08-13 10:56:18.900,MO2508-C-7500,1.2,1.2,1.4
2025-08-13,2025-08-13 10:56:20.400,MO2508-C-7500,1.2,1.2,1.4
2025-08-13,2025-08-13 10:56:22.400,MO2508-C-7500,1.2,1.2,1.4
2025-08-13,2025-08-13 10:56:28.400,MO2508-C-7500,1.2,1.2,1.4
2025-08-13,2025-08-13 10:56:28.900,MO2508-C-7500,1.2,1.2,1.4
2025-08-13,2025-08-13 10:56:38.400,MO2508-C-7500,1.2,1.2,1.4
2025-08-13,2025-08-13 10:56:38.900,MO2508-C-7500,1.2,1.2,1.4
2025-08-13,2025-08-13 10:56:41.900,MO2508-C-7500,1.2,1.2,1.4
2025-08-13,2025-08-13 10:56:42.400,MO2508-C-7500,1.2,1.2,1.4
2025-08-13,2025-08-13 10:56:42.900,MO2508-C-7500,1.2,1.2,1.4
2025-08-13,2025-08-13 10:56:48.400,MO2508-C-7500,1.2,1.2,1.4
2025-08-13,2025-08-13 10:56:48.900,MO2508-C-7500,1.2,1.2,1.4
2025-08-13,2025-08-13 10:56:52.400,MO2508-C-7500,1.4,1.2,1.4
2025-08-13,2025-08-13 10:56:58.400,MO2508-C-7500,1.4,1.2,1.4
2025-08-13,2025-08-13 10:56:58.900,MO2508-C-7500,1.4,1.2,1.4
2025-08-13,2025-08-13 10:56:59.400,MO2508-C-7500,1.4,1.2,1.4
2025-08-13,2025-08-13 10:57:04.900,MO2508-C-7500,1.2,1.2,1.4
2025-08-13,2025-08-13 10:57:05.900,MO2508-C-7500,1.2,1.2,1.4
2025-08-13,2025-08-13 10:57:08.400,MO2508-C-7500,1.2,1.2,1.4
2025-08-13,2025-08-13 10:57:08.900,MO2508-C-7500,1.2,1.2,1.4
2025-08-13,2025-08-13 10:57:10.400,MO2508-C-7500,1.2,1.2,1.4
2025-08-13,2025-08-13 10:57:10.900,MO2508-C-7500,1.2,1.2,1.4
2025-08-13,2025-08-13 10:57:11.400,MO2508-C-7500,1.2,1.2,1.4
2025-08-13,2025-08-13 10:57:11.900,MO2508-C-7500,1.2,1.2,1.4
2025-08-13,2025-08-13 10:57:12.400,MO2508-C-7500,1.2,1.0,1.4
2025-08-13,2025-08-13 10:57:12.900,MO2508-C-7500,1.2,1.0,1.4
2025-08-13,2025-08-13 10:57:13.400,MO2508-C-7500,1.2,1.0,1.4
2025-08-13,2025-08-13 10:57:18.400,MO2508-C-7500,1.2,1.0,1.4
2025-08-13,2025-08-13 10:57:18.900,MO2508-C-7500,1.2,1.0,1.4
2025-08-13,2025-08-13 10:57:19.400,MO2508-C-7500,1.2,1.0,1.4
2025-08-13,2025-08-13 10:57:21.400,MO2508-C-7500,1.2,1.0,1.4
2025-08-13,2025-08-13 10:57:22.400,MO2508-C-7500,1.2,1.0,1.4
2025-08-13,2025-08-13 10:57:23.400,MO2508-C-7500,1.2,1.0,1.4
2025-08-13,2025-08-13 10:57:23.900,MO2508-C-7500,1.2,1.0,1.4
2025-08-13,2025-08-13 10:57:27.400,MO2508-C-7500,1.2,1.0,1.4
2025-08-13,2025-08-13 10:57:28.400,MO2508-C-7500,1.2,1.0,1.4
2025-08-13,2025-08-13 10:57:28.900,MO2508-C-7500,1.2,1.0,1.4
2025-08-13,2025-08-13 10:57:30.900,MO2508-C-7500,1.2,1.0,1.4
2025-08-13,2025-08-13 10:57:38.400,MO2508-C-7500,1.2,1.0,1.4
2025-08-13,2025-08-13 10:57:38.900,MO2508-C-7500,1.2,1.0,1.4
2025-08-13,2025-08-13 10:57:48.400,MO2508-C-7500,1.2,1.0,1.4
2025-08-13,2025-08-13 10:57:48.900,MO2508-C-7500,1.2,1.0,1.4
2025-08-13,2025-08-13 10:57:49.400,MO2508-C-7500,1.2,1.0,1.4
2025-08-13,2025-08-13 10:57:58.400,MO2508-C-7500,1.2,1.0,1.4
2025-08-13,2025-08-13 10:57:58.900,MO2508-C-7500,1.2,1.0,1.4
2025-08-13,2025-08-13 10:58:08.400,MO2508-C-7500,1.2,1.0,1.4
2025-08-13,2025-08-13 10:58:08.900,MO2508-C-7500,1.2,1.0,1.4
2025-08-13,2025-08-13 10:58:15.900,MO2508-C-7500,1.2,1.0,1.4
2025-08-13,2025-08-13 10:58:16.900,MO2508-C-7500,1.2,1.0,1.4
2025-08-13,2025-08-13 10:58:17.400,MO2508-C-7500,1.2,1.0,1.4
2025-08-13,2025-08-13 10:58:17.900,MO2508-C-7500,1.2,1.0,1.4
2025-08-13,2025-08-13 10:58:18.400,MO2508-C-7500,1.2,1.0,1.4
2025-08-13,2025-08-13 10:58:18.900,MO2508-C-7500,1.2,1.0,1.4
2025-08-13,2025-08-13 10:58:19.400,MO2508-C-7500,1.2,1.0,1.4
2025-08-13,2025-08-13 10:58:19.900,MO2508-C-7500,1.2,1.0,1.4
2025-08-13,2025-08-13 10:58:25.400,MO2508-C-7500,1.2,1.0,1.4
2025-08-13,2025-08-13 10:58:25.900,MO2508-C-7500,1.2,1.0,1.4
2025-08-13,2025-08-13 10:58:28.400,MO2508-C-7500,1.2,1.0,1.4
2025-08-13,2025-08-13 10:58:28.900,MO2508-C-7500,1.2,1.0,1.4
2025-08-13,2025-08-13 10:58:30.400,MO2508-C-7500,1.2,1.0,1.4
2025-08-13,2025-08-13 10:58:31.900,MO2508-C-7500,1.2,1.0,1.4
2025-08-13,2025-08-13 10:58:37.400,MO2508-C-7500,1.2,1.0,1.4
2025-08-13,2025-08-13 10:58:37.900,MO2508-C-7500,1.2,1.0,1.4
2025-08-13,2025-08-13 10:58:38.400,MO2508-C-7500,1.2,1.0,1.4
2025-08-13,2025-08-13 10:58:38.900,MO2508-C-7500,1.2,1.0,1.4
2025-08-13,2025-08-13 10:58:39.400,MO2508-C-7500,1.2,1.0,1.4
2025-08-13,2025-08-13 10:58:39.900,MO2508-C-7500,1.2,1.0,1.4
2025-08-13,2025-08-13 10:58:42.400,MO2508-C-7500,1.2,1.0,1.4
2025-08-13,2025-08-13 10:58:42.900,MO2508-C-7500,1.2,1.0,1.2
2025-08-13,2025-08-13 10:58:43.400,MO2508-C-7500,1.2,1.0,1.2
2025-08-13,2025-08-13 10:58:43.900,MO2508-C-7500,1.2,1.0,1.2
2025-08-13,2025-08-13 10:58:44.400,MO2508-C-7500,1.2,1.0,1.2
2025-08-13,2025-08-13 10:58:45.900,MO2508-C-7500,1.2,1.0,1.2
2025-08-13,2025-08-13 10:58:48.400,MO2508-C-7500,1.2,1.0,1.2
2025-08-13,2025-08-13 10:58:48.900,MO2508-C-7500,1.2,1.0,1.2
2025-08-13,2025-08-13 10:58:57.400,MO2508-C-7500,1.2,1.0,1.2
2025-08-13,2025-08-13 10:58:58.400,MO2508-C-7500,1.2,1.0,1.2
2025-08-13,2025-08-13 10:58:58.900,MO2508-C-7500,1.2,1.0,1.2
2025-08-13,2025-08-13 10:59:01.900,MO2508-C-7500,1.2,1.0,1.2
2025-08-13,2025-08-13 10:59:02.400,MO2508-C-7500,1.2,1.0,1.2
2025-08-13,2025-08-13 10:59:04.400,MO2508-C-7500,1.2,1.0,1.2
2025-08-13,2025-08-13 10:59:04.900,MO2508-C-7500,1.2,1.0,1.2
2025-08-13,2025-08-13 10:59:08.400,MO2508-C-7500,1.2,1.0,1.2
2025-08-13,2025-08-13 10:59:08.900,MO2508-C-7500,1.2,1.0,1.2
2025-08-13,2025-08-13 10:59:14.400,MO2508-C-7500,1.2,1.0,1.2
2025-08-13,2025-08-13 10:59:17.400,MO2508-C-7500,1.2,1.0,1.2
2025-08-13,2025-08-13 10:59:18.400,MO2508-C-7500,1.2,1.0,1.2
2025-08-13,2025-08-13 10:59:18.900,MO2508-C-7500,1.2,1.0,1.2
2025-08-13,2025-08-13 10:59:20.400,MO2508-C-7500,1.2,1.0,1.2
2025-08-13,2025-08-13 10:59:36.900,MO2508-C-7500,1.2,1.0,1.4
2025-08-13,2025-08-13 10:59:37.400,MO2508-C-7500,1.2,1.0,1.4
2025-08-13,2025-08-13 10:59:38.400,MO2508-C-7500,1.2,1.0,1.4
2025-08-13,2025-08-13 10:59:38.900,MO2508-C-7500,1.2,1.0,1.4
2025-08-13,2025-08-13 10:59:48.400,MO2508-C-7500,1.2,1.0,1.4
2025-08-13,2025-08-13 10:59:48.900,MO2508-C-7500,1.2,1.0,1.4
2025-08-13,2025-08-13 10:59:58.400,MO2508-C-7500,1.2,1.0,1.4
2025-08-13,2025-08-13 10:59:58.900,MO2508-C-7500,1.2,1.0,1.4
2025-08-13,2025-08-13 11:00:02.400,MO2508-C-7500,1.2,1.0,1.4
2025-08-13,2025-08-13 11:00:08.400,MO2508-C-7500,1.2,1.0,1.4
2025-08-13,2025-08-13 11:00:08.900,MO2508-C-7500,1.2,1.0,1.4
2025-08-13,2025-08-13 11:00:18.400,MO2508-C-7500,1.2,1.0,1.4
2025-08-13,2025-08-13 11:00:18.900,MO2508-C-7500,1.2,1.0,1.4
2025-08-13,2025-08-13 11:00:22.400,MO2508-C-7500,1.2,1.0,1.4
2025-08-13,2025-08-13 11:00:22.900,MO2508-C-7500,1.2,1.0,1.4
2025-08-13,2025-08-13 11:00:28.400,MO2508-C-7500,1.2,1.0,1.4
2025-08-13,2025-08-13 11:00:28.900,MO2508-C-7500,1.2,1.0,1.4
2025-08-13,2025-08-13 11:00:36.900,MO2508-C-7500,1.2,1.0,1.4
2025-08-13,2025-08-13 11:00:37.400,MO2508-C-7500,1.2,1.0,1.4
2025-08-13,2025-08-13 11:00:38.400,MO2508-C-7500,1.2,1.0,1.4
2025-08-13,2025-08-13 11:00:38.900,MO2508-C-7500,1.2,1.0,1.4
2025-08-13,2025-08-13 11:00:43.900,MO2508-C-7500,1.2,1.0,1.4
2025-08-13,2025-08-13 11:00:44.400,MO2508-C-7500,1.2,1.0,1.4
2025-08-13,2025-08-13 11:00:48.400,MO2508-C-7500,1.2,1.0,1.4
2025-08-13,2025-08-13 11:00:48.900,MO2508-C-7500,1.2,1.0,1.4
2025-08-13,2025-08-13 11:00:49.400,MO2508-C-7500,1.2,1.0,1.4
2025-08-13,2025-08-13 11:00:51.400,MO2508-C-7500,1.2,1.0,1.4
2025-08-13,2025-08-13 11:00:58.400,MO2508-C-7500,1.2,1.0,1.4
2025-08-13,2025-08-13 11:00:58.900,MO2508-C-7500,1.2,1.0,1.4
2025-08-13,2025-08-13 11:01:01.400,MO2508-C-7500,1.2,1.0,1.4
2025-08-13,2025-08-13 11:01:05.400,MO2508-C-7500,1.2,1.0,1.4
2025-08-13,2025-08-13 11:01:05.900,MO2508-C-7500,1.2,1.0,1.4
2025-08-13,2025-08-13 11:01:06.400,MO2508-C-7500,1.2,1.0,1.4
2025-08-13,2025-08-13 11:01:08.400,MO2508-C-7500,1.2,1.0,1.4
2025-08-13,2025-08-13 11:01:08.900,MO2508-C-7500,1.2,1.0,1.4
2025-08-13,2025-08-13 11:01:13.400,MO2508-C-7500,1.2,1.0,1.4
2025-08-13,2025-08-13 11:01:14.400,MO2508-C-7500,1.2,1.0,1.4
2025-08-13,2025-08-13 11:01:18.400,MO2508-C-7500,1.2,1.0,1.4
2025-08-13,2025-08-13 11:01:18.900,MO2508-C-7500,1.2,1.0,1.4
2025-08-13,2025-08-13 11:01:28.400,MO2508-C-7500,1.2,1.0,1.4
2025-08-13,2025-08-13 11:01:28.900,MO2508-C-7500,1.2,1.0,1.4
2025-08-13,2025-08-13 11:01:38.400,MO2508-C-7500,1.2,1.0,1.4
2025-08-13,2025-08-13 11:01:38.900,MO2508-C-7500,1.2,1.0,1.4
2025-08-13,2025-08-13 11:01:48.400,MO2508-C-7500,1.2,1.0,1.4
2025-08-13,2025-08-13 11:01:48.900,MO2508-C-7500,1.2,1.0,1.4
2025-08-13,2025-08-13 11:01:58.400,MO2508-C-7500,1.2,1.0,1.4
2025-08-13,2025-08-13 11:01:58.900,MO2508-C-7500,1.2,1.0,1.4
2025-08-13,2025-08-13 11:01:59.400,MO2508-C-7500,1.2,1.0,1.4
2025-08-13,2025-08-13 11:01:59.900,MO2508-C-7500,1.2,1.0,1.4
2025-08-13,2025-08-13 11:02:04.900,MO2508-C-7500,1.2,1.0,1.4
2025-08-13,2025-08-13 11:02:07.400,MO2508-C-7500,1.2,1.0,1.4
2025-08-13,2025-08-13 11:02:08.400,MO2508-C-7500,1.2,1.0,1.4
2025-08-13,2025-08-13 11:02:08.900,MO2508-C-7500,1.2,1.0,1.4
2025-08-13,2025-08-13 11:02:11.900,MO2508-C-7500,1.2,1.0,1.4
2025-08-13,2025-08-13 11:02:12.400,MO2508-C-7500,1.2,1.0,1.4
2025-08-13,2025-08-13 11:02:16.400,MO2508-C-7500,1.2,1.0,1.4
2025-08-13,2025-08-13 11:02:16.900,MO2508-C-7500,1.2,1.0,1.4
2025-08-13,2025-08-13 11:02:17.400,MO2508-C-7500,1.2,1.0,1.4
2025-08-13,2025-08-13 11:02:17.900,MO2508-C-7500,1.2,1.0,1.4
2025-08-13,2025-08-13 11:02:18.400,MO2508-C-7500,1.2,1.0,1.4
2025-08-13,2025-08-13 11:02:18.900,MO2508-C-7500,1.2,1.0,1.4
2025-08-13,2025-08-13 11:02:28.400,MO2508-C-7500,1.2,1.0,1.4
2025-08-13,2025-08-13 11:02:28.900,MO2508-C-7500,1.2,1.0,1.4
2025-08-13,2025-08-13 11:02:38.400,MO2508-C-7500,1.2,1.0,1.4
2025-08-13,2025-08-13 11:02:38.900,MO2508-C-7500,1.2,1.0,1.4
2025-08-13,2025-08-13 11:02:48.400,MO2508-C-7500,1.2,1.0,1.4
2025-08-13,2025-08-13 11:02:48.900,MO2508-C-7500,1.2,1.0,1.4
2025-08-13,2025-08-13 11:02:58.400,MO2508-C-7500,1.2,1.0,1.4
2025-08-13,2025-08-13 11:02:58.900,MO2508-C-7500,1.2,1.0,1.4
2025-08-13,2025-08-13 11:03:03.900,MO2508-C-7500,1.2,1.0,1.4
2025-08-13,2025-08-13 11:03:04.400,MO2508-C-7500,1.2,1.0,1.4
2025-08-13,2025-08-13 11:03:04.900,MO2508-C-7500,1.2,1.0,1.4
2025-08-13,2025-08-13 11:03:08.400,MO2508-C-7500,1.0,1.0,1.4
2025-08-13,2025-08-13 11:03:08.900,MO2508-C-7500,1.0,1.0,1.4
2025-08-13,2025-08-13 11:03:09.400,MO2508-C-7500,1.0,1.0,1.4
2025-08-13,2025-08-13 11:03:13.900,MO2508-C-7500,1.0,1.0,1.4
2025-08-13,2025-08-13 11:03:14.400,MO2508-C-7500,1.0,1.0,1.4
2025-08-13,2025-08-13 11:03:17.900,MO2508-C-7500,1.0,1.0,1.4
2025-08-13,2025-08-13 11:03:18.900,MO2508-C-7500,1.0,1.0,1.4
2025-08-13,2025-08-13 11:03:19.400,MO2508-C-7500,1.0,1.0,1.4
2025-08-13,2025-08-13 11:03:19.900,MO2508-C-7500,1.0,1.0,1.4
2025-08-13,2025-08-13 11:03:27.900,MO2508-C-7500,1.0,1.0,1.4
2025-08-13,2025-08-13 11:03:28.400,MO2508-C-7500,1.0,1.0,1.4
2025-08-13,2025-08-13 11:03:28.900,MO2508-C-7500,1.0,1.0,1.4
2025-08-13,2025-08-13 11:03:29.400,MO2508-C-7500,1.0,1.0,1.4
2025-08-13,2025-08-13 11:03:29.900,MO2508-C-7500,1.0,1.0,1.4
2025-08-13,2025-08-13 11:03:30.400,MO2508-C-7500,1.0,1.0,1.4
2025-08-13,2025-08-13 11:03:30.900,MO2508-C-7500,1.0,1.0,1.4
2025-08-13,2025-08-13 11:03:31.400,MO2508-C-7500,1.0,1.0,1.4
2025-08-13,2025-08-13 11:03:31.900,MO2508-C-7500,1.0,1.0,1.4
2025-08-13,2025-08-13 11:03:32.400,MO2508-C-7500,1.0,1.0,1.4
2025-08-13,2025-08-13 11:03:32.900,MO2508-C-7500,1.0,1.0,1.4
2025-08-13,2025-08-13 11:03:33.400,MO2508-C-7500,1.0,1.0,1.4
2025-08-13,2025-08-13 11:03:33.900,MO2508-C-7500,1.0,1.0,1.4
2025-08-13,2025-08-13 11:03:34.400,MO2508-C-7500,1.0,1.0,1.4
2025-08-13,2025-08-13 11:03:34.900,MO2508-C-7500,1.0,1.0,1.4
2025-08-13,2025-08-13 11:03:35.400,MO2508-C-7500,1.0,1.0,1.4
2025-08-13,2025-08-13 11:03:35.900,MO2508-C-7500,1.0,1.0,1.4
2025-08-13,2025-08-13 11:03:36.400,MO2508-C-7500,1.0,1.0,1.4
2025-08-13,2025-08-13 11:03:36.900,MO2508-C-7500,1.0,1.0,1.4
2025-08-13,2025-08-13 11:03:37.400,MO2508-C-7500,1.0,1.0,1.4
2025-08-13,2025-08-13 11:03:38.900,MO2508-C-7500,1.0,1.0,1.4
2025-08-13,2025-08-13 11:03:39.400,MO2508-C-7500,1.0,1.0,1.4
2025-08-13,2025-08-13 11:03:46.900,MO2508-C-7500,1.0,1.0,1.4
2025-08-13,2025-08-13 11:03:47.400,MO2508-C-7500,1.0,1.0,1.4
2025-08-13,2025-08-13 11:03:47.900,MO2508-C-7500,1.0,1.0,1.4
2025-08-13,2025-08-13 11:03:48.400,MO2508-C-7500,1.0,1.0,1.4
2025-08-13,2025-08-13 11:03:48.900,MO2508-C-7500,1.0,1.0,1.4
2025-08-13,2025-08-13 11:03:49.400,MO2508-C-7500,1.0,1.0,1.4
2025-08-13,2025-08-13 11:03:49.900,MO2508-C-7500,1.0,1.0,1.4
2025-08-13,2025-08-13 11:03:50.400,MO2508-C-7500,1.0,1.0,1.4
2025-08-13,2025-08-13 11:03:50.900,MO2508-C-7500,1.0,1.0,1.4
2025-08-13,2025-08-13 11:03:51.400,MO2508-C-7500,1.0,1.0,1.4
2025-08-13,2025-08-13 11:03:51.900,MO2508-C-7500,1.0,1.0,1.4
2025-08-13,2025-08-13 11:03:52.400,MO2508-C-7500,1.0,1.0,1.4
2025-08-13,2025-08-13 11:03:52.900,MO2508-C-7500,1.0,1.0,1.4
2025-08-13,2025-08-13 11:03:53.400,MO2508-C-7500,1.0,1.0,1.4
2025-08-13,2025-08-13 11:03:53.900,MO2508-C-7500,1.0,1.0,1.4
2025-08-13,2025-08-13 11:03:55.900,MO2508-C-7500,1.0,1.0,1.4
2025-08-13,2025-08-13 11:03:56.400,MO2508-C-7500,1.0,1.0,1.4
2025-08-13,2025-08-13 11:03:56.900,MO2508-C-7500,1.0,1.0,1.4
2025-08-13,2025-08-13 11:03:57.400,MO2508-C-7500,1.0,1.0,1.4
2025-08-13,2025-08-13 11:03:57.900,MO2508-C-7500,1.0,1.0,1.4
2025-08-13,2025-08-13 11:03:58.400,MO2508-C-7500,1.0,1.0,1.4
2025-08-13,2025-08-13 11:03:58.900,MO2508-C-7500,1.0,1.0,1.4
2025-08-13,2025-08-13 11:03:59.400,MO2508-C-7500,1.0,1.0,1.4
2025-08-13,2025-08-13 11:03:59.900,MO2508-C-7500,1.0,1.0,1.4
2025-08-13,2025-08-13 11:04:00.400,MO2508-C-7500,1.0,1.0,1.4
2025-08-13,2025-08-13 11:04:00.900,MO2508-C-7500,1.0,1.0,1.4
2025-08-13,2025-08-13 11:04:01.400,MO2508-C-7500,1.0,1.0,1.4
2025-08-13,2025-08-13 11:04:01.900,MO2508-C-7500,1.0,1.0,1.4
2025-08-13,2025-08-13 11:04:02.400,MO2508-C-7500,1.0,1.0,1.4
2025-08-13,2025-08-13 11:04:02.900,MO2508-C-7500,1.0,1.0,1.4
2025-08-13,2025-08-13 11:04:03.400,MO2508-C-7500,1.0,1.0,1.4
2025-08-13,2025-08-13 11:04:03.900,MO2508-C-7500,1.0,1.0,1.4
2025-08-13,2025-08-13 11:04:04.400,MO2508-C-7500,1.0,1.0,1.4
2025-08-13,2025-08-13 11:04:04.900,MO2508-C-7500,1.0,1.0,1.4
2025-08-13,2025-08-13 11:04:05.400,MO2508-C-7500,1.0,1.0,1.4
2025-08-13,2025-08-13 11:04:05.900,MO2508-C-7500,1.0,1.0,1.4
2025-08-13,2025-08-13 11:04:06.400,MO2508-C-7500,1.0,1.0,1.4
2025-08-13,2025-08-13 11:04:06.900,MO2508-C-7500,1.0,1.0,1.4
2025-08-13,2025-08-13 11:04:07.400,MO2508-C-7500,1.0,1.2,1.4
2025-08-13,2025-08-13 11:04:07.900,MO2508-C-7500,1.0,1.2,1.4
2025-08-13,2025-08-13 11:04:08.400,MO2508-C-7500,1.0,1.2,1.4
2025-08-13,2025-08-13 11:04:08.900,MO2508-C-7500,1.0,1.2,1.4
2025-08-13,2025-08-13 11:04:09.400,MO2508-C-7500,1.0,1.2,1.4
2025-08-13,2025-08-13 11:04:12.900,MO2508-C-7500,1.0,1.2,1.4
2025-08-13,2025-08-13 11:04:13.400,MO2508-C-7500,1.0,1.2,1.4
2025-08-13,2025-08-13 11:04:16.900,MO2508-C-7500,1.0,1.2,1.4
2025-08-13,2025-08-13 11:04:17.400,MO2508-C-7500,1.0,1.2,1.4
2025-08-13,2025-08-13 11:04:17.900,MO2508-C-7500,1.0,1.2,1.4
2025-08-13,2025-08-13 11:04:18.400,MO2508-C-7500,1.0,1.2,1.4
2025-08-13,2025-08-13 11:04:18.900,MO2508-C-7500,1.0,1.2,1.4
2025-08-13,2025-08-13 11:04:28.400,MO2508-C-7500,1.0,1.2,1.4
2025-08-13,2025-08-13 11:04:28.900,MO2508-C-7500,1.0,1.2,1.4
2025-08-13,2025-08-13 11:04:30.900,MO2508-C-7500,1.0,1.2,1.4
2025-08-13,2025-08-13 11:04:31.400,MO2508-C-7500,1.0,1.2,1.4
2025-08-13,2025-08-13 11:04:32.400,MO2508-C-7500,1.0,1.2,1.4
2025-08-13,2025-08-13 11:04:32.900,MO2508-C-7500,1.4,1.2,1.4
2025-08-13,2025-08-13 11:04:33.400,MO2508-C-7500,1.4,1.2,1.4
2025-08-13,2025-08-13 11:04:33.900,MO2508-C-7500,1.4,1.2,1.4
2025-08-13,2025-08-13 11:04:36.400,MO2508-C-7500,1.4,1.2,1.4
2025-08-13,2025-08-13 11:04:36.900,MO2508-C-7500,1.4,1.2,1.4
2025-08-13,2025-08-13 11:04:38.400,MO2508-C-7500,1.4,1.2,1.4
2025-08-13,2025-08-13 11:04:38.900,MO2508-C-7500,1.4,1.2,1.4
2025-08-13,2025-08-13 11:04:42.900,MO2508-C-7500,1.4,1.2,1.4
2025-08-13,2025-08-13 11:04:43.400,MO2508-C-7500,1.4,1.2,1.4
2025-08-13,2025-08-13 11:04:48.400,MO2508-C-7500,1.4,1.2,1.4
2025-08-13,2025-08-13 11:04:48.900,MO2508-C-7500,1.4,1.2,1.4
2025-08-13,2025-08-13 11:04:58.400,MO2508-C-7500,1.4,1.2,1.4
2025-08-13,2025-08-13 11:04:58.900,MO2508-C-7500,1.4,1.2,1.4
2025-08-13,2025-08-13 11:05:00.400,MO2508-C-7500,1.4,1.2,1.4
2025-08-13,2025-08-13 11:05:00.900,MO2508-C-7500,1.4,1.2,1.4
2025-08-13,2025-08-13 11:05:01.400,MO2508-C-7500,1.4,1.2,1.4
2025-08-13,2025-08-13 11:05:02.400,MO2508-C-7500,1.4,1.2,1.4
2025-08-13,2025-08-13 11:05:02.900,MO2508-C-7500,1.4,1.2,1.4
2025-08-13,2025-08-13 11:05:03.400,MO2508-C-7500,1.4,1.2,1.4
2025-08-13,2025-08-13 11:05:03.900,MO2508-C-7500,1.4,1.2,1.4
2025-08-13,2025-08-13 11:05:04.400,MO2508-C-7500,1.4,1.2,1.4
2025-08-13,2025-08-13 11:05:08.400,MO2508-C-7500,1.4,1.2,1.4
2025-08-13,2025-08-13 11:05:08.900,MO2508-C-7500,1.4,1.2,1.4
2025-08-13,2025-08-13 11:05:10.400,MO2508-C-7500,1.4,1.2,1.4
2025-08-13,2025-08-13 11:05:15.400,MO2508-C-7500,1.4,1.2,1.4
2025-08-13,2025-08-13 11:05:18.400,MO2508-C-7500,1.4,1.2,1.4
2025-08-13,2025-08-13 11:05:18.900,MO2508-C-7500,1.4,1.2,1.4
2025-08-13,2025-08-13 11:05:19.400,MO2508-C-7500,1.4,1.2,1.4
2025-08-13,2025-08-13 11:05:19.900,MO2508-C-7500,1.4,1.2,1.4
2025-08-13,2025-08-13 11:05:20.400,MO2508-C-7500,1.4,1.2,1.4
2025-08-13,2025-08-13 11:05:23.900,MO2508-C-7500,1.4,1.2,1.4
2025-08-13,2025-08-13 11:05:24.400,MO2508-C-7500,1.4,1.2,1.4
2025-08-13,2025-08-13 11:05:24.900,MO2508-C-7500,1.4,1.2,1.4
2025-08-13,2025-08-13 11:05:28.400,MO2508-C-7500,1.4,1.2,1.4
2025-08-13,2025-08-13 11:05:28.900,MO2508-C-7500,1.4,1.2,1.4
2025-08-13,2025-08-13 11:05:29.400,MO2508-C-7500,1.4,1.2,1.4
2025-08-13,2025-08-13 11:05:29.900,MO2508-C-7500,1.4,1.2,1.4
2025-08-13,2025-08-13 11:05:30.400,MO2508-C-7500,1.4,1.2,1.4
2025-08-13,2025-08-13 11:05:30.900,MO2508-C-7500,1.4,1.2,1.4
2025-08-13,2025-08-13 11:05:33.400,MO2508-C-7500,1.4,1.2,1.4
2025-08-13,2025-08-13 11:05:33.900,MO2508-C-7500,1.4,1.2,1.4
2025-08-13,2025-08-13 11:05:34.400,MO2508-C-7500,1.4,1.2,1.4
2025-08-13,2025-08-13 11:05:34.900,MO2508-C-7500,1.4,1.2,1.4
2025-08-13,2025-08-13 11:05:37.400,MO2508-C-7500,1.4,1.2,1.4
2025-08-13,2025-08-13 11:05:37.900,MO2508-C-7500,1.4,1.2,1.4
2025-08-13,2025-08-13 11:05:38.400,MO2508-C-7500,1.4,1.2,1.4
2025-08-13,2025-08-13 11:05:38.900,MO2508-C-7500,1.4,1.2,1.4
2025-08-13,2025-08-13 11:05:43.900,MO2508-C-7500,1.4,1.2,1.4
2025-08-13,2025-08-13 11:05:48.400,MO2508-C-7500,1.4,1.2,1.4
2025-08-13,2025-08-13 11:05:48.900,MO2508-C-7500,1.4,1.2,1.4
2025-08-13,2025-08-13 11:05:52.900,MO2508-C-7500,1.2,1.2,1.4
2025-08-13,2025-08-13 11:05:56.400,MO2508-C-7500,1.2,1.2,1.4
2025-08-13,2025-08-13 11:05:56.900,MO2508-C-7500,1.2,1.2,1.4
2025-08-13,2025-08-13 11:05:58.400,MO2508-C-7500,1.2,1.2,1.4
2025-08-13,2025-08-13 11:05:58.900,MO2508-C-7500,1.2,1.2,1.4
2025-08-13,2025-08-13 11:05:59.400,MO2508-C-7500,1.2,1.2,1.4
2025-08-13,2025-08-13 11:05:59.900,MO2508-C-7500,1.2,1.2,1.4
2025-08-13,2025-08-13 11:06:00.400,MO2508-C-7500,1.2,1.2,1.4
2025-08-13,2025-08-13 11:06:01.400,MO2508-C-7500,1.2,1.2,1.4
2025-08-13,2025-08-13 11:06:01.900,MO2508-C-7500,1.2,1.2,1.4
2025-08-13,2025-08-13 11:06:02.400,MO2508-C-7500,1.2,1.2,1.4
2025-08-13,2025-08-13 11:06:08.400,MO2508-C-7500,1.2,1.2,1.4
2025-08-13,2025-08-13 11:06:08.900,MO2508-C-7500,1.2,1.2,1.4
2025-08-13,2025-08-13 11:06:16.900,MO2508-C-7500,1.2,1.2,1.4
2025-08-13,2025-08-13 11:06:17.400,MO2508-C-7500,1.2,1.2,1.4
2025-08-13,2025-08-13 11:06:18.400,MO2508-C-7500,1.2,1.2,1.4
2025-08-13,2025-08-13 11:06:18.900,MO2508-C-7500,1.2,1.2,1.4
2025-08-13,2025-08-13 11:06:19.400,MO2508-C-7500,1.2,1.2,1.4
2025-08-13,2025-08-13 11:06:19.900,MO2508-C-7500,1.2,1.2,1.4
2025-08-13,2025-08-13 11:06:25.900,MO2508-C-7500,1.2,1.2,1.4
2025-08-13,2025-08-13 11:06:26.400,MO2508-C-7500,1.2,1.2,1.4
2025-08-13,2025-08-13 11:06:28.900,MO2508-C-7500,1.2,1.2,1.4
2025-08-13,2025-08-13 11:06:29.400,MO2508-C-7500,1.2,1.2,1.4
2025-08-13,2025-08-13 11:06:31.400,MO2508-C-7500,1.2,1.2,1.4
2025-08-13,2025-08-13 11:06:32.900,MO2508-C-7500,1.2,1.2,1.4
2025-08-13,2025-08-13 11:06:36.900,MO2508-C-7500,1.2,1.2,1.4
2025-08-13,2025-08-13 11:06:37.900,MO2508-C-7500,1.2,1.2,1.4
2025-08-13,2025-08-13 11:06:38.900,MO2508-C-7500,1.2,1.2,1.4
2025-08-13,2025-08-13 11:06:39.400,MO2508-C-7500,1.2,1.2,1.4
2025-08-13,2025-08-13 11:06:40.900,MO2508-C-7500,1.2,1.2,1.4
2025-08-13,2025-08-13 11:06:43.400,MO2508-C-7500,1.2,1.2,1.4
2025-08-13,2025-08-13 11:06:47.900,MO2508-C-7500,1.2,1.2,1.4
2025-08-13,2025-08-13 11:06:48.900,MO2508-C-7500,1.2,1.2,1.4
2025-08-13,2025-08-13 11:06:49.400,MO2508-C-7500,1.2,1.2,1.4
2025-08-13,2025-08-13 11:06:49.900,MO2508-C-7500,1.2,1.2,1.4
2025-08-13,2025-08-13 11:06:50.400,MO2508-C-7500,1.2,1.2,1.4
2025-08-13,2025-08-13 11:06:52.400,MO2508-C-7500,1.2,1.2,1.4
2025-08-13,2025-08-13 11:06:58.900,MO2508-C-7500,1.2,1.2,1.4
2025-08-13,2025-08-13 11:06:59.400,MO2508-C-7500,1.2,1.2,1.4
2025-08-13,2025-08-13 11:07:00.400,MO2508-C-7500,1.2,1.2,1.4
2025-08-13,2025-08-13 11:07:02.400,MO2508-C-7500,1.2,1.2,1.4
2025-08-13,2025-08-13 11:07:08.900,MO2508-C-7500,1.2,1.2,1.4
2025-08-13,2025-08-13 11:07:09.400,MO2508-C-7500,1.2,1.2,1.4
2025-08-13,2025-08-13 11:07:09.900,MO2508-C-7500,1.2,1.2,1.4
2025-08-13,2025-08-13 11:07:10.400,MO2508-C-7500,1.2,1.2,1.4
2025-08-13,2025-08-13 11:07:15.900,MO2508-C-7500,1.2,1.2,1.4
2025-08-13,2025-08-13 11:07:16.400,MO2508-C-7500,1.2,1.2,1.4
2025-08-13,2025-08-13 11:07:16.900,MO2508-C-7500,1.2,1.2,1.4
2025-08-13,2025-08-13 11:07:18.900,MO2508-C-7500,1.2,1.2,1.4
2025-08-13,2025-08-13 11:07:19.400,MO2508-C-7500,1.2,1.2,1.4
2025-08-13,2025-08-13 11:07:28.900,MO2508-C-7500,1.2,1.2,1.4
2025-08-13,2025-08-13 11:07:29.400,MO2508-C-7500,1.2,1.2,1.4
2025-08-13,2025-08-13 11:07:30.400,MO2508-C-7500,1.2,1.2,1.4
2025-08-13,2025-08-13 11:07:38.900,MO2508-C-7500,1.2,1.2,1.4
2025-08-13,2025-08-13 11:07:39.400,MO2508-C-7500,1.2,1.2,1.4
2025-08-13,2025-08-13 11:07:48.400,MO2508-C-7500,1.2,1.2,1.4
2025-08-13,2025-08-13 11:07:48.900,MO2508-C-7500,1.2,1.2,1.4
2025-08-13,2025-08-13 11:07:49.400,MO2508-C-7500,1.2,1.2,1.4
2025-08-13,2025-08-13 11:07:50.900,MO2508-C-7500,1.2,1.2,1.4
2025-08-13,2025-08-13 11:07:53.400,MO2508-C-7500,1.2,1.2,1.4
2025-08-13,2025-08-13 11:07:57.400,MO2508-C-7500,1.2,1.2,1.4
2025-08-13,2025-08-13 11:07:58.900,MO2508-C-7500,1.2,1.2,1.4
2025-08-13,2025-08-13 11:07:59.400,MO2508-C-7500,1.2,1.2,1.4
2025-08-13,2025-08-13 11:07:59.900,MO2508-C-7500,1.2,1.2,1.4
2025-08-13,2025-08-13 11:08:03.400,MO2508-C-7500,1.2,1.2,1.4
2025-08-13,2025-08-13 11:08:05.400,MO2508-C-7500,1.2,1.2,1.4
2025-08-13,2025-08-13 11:08:05.900,MO2508-C-7500,1.2,1.2,1.4
2025-08-13,2025-08-13 11:08:06.900,MO2508-C-7500,1.2,1.2,1.4
2025-08-13,2025-08-13 11:08:07.400,MO2508-C-7500,1.2,1.2,1.4
2025-08-13,2025-08-13 11:08:08.900,MO2508-C-7500,1.2,1.2,1.4
2025-08-13,2025-08-13 11:08:09.400,MO2508-C-7500,1.2,1.2,1.4
2025-08-13,2025-08-13 11:08:09.900,MO2508-C-7500,1.2,1.2,1.4
2025-08-13,2025-08-13 11:08:11.400,MO2508-C-7500,1.2,1.2,1.4
2025-08-13,2025-08-13 11:08:16.400,MO2508-C-7500,1.2,1.2,1.4
2025-08-13,2025-08-13 11:08:16.900,MO2508-C-7500,1.2,1.2,1.4
2025-08-13,2025-08-13 11:08:17.400,MO2508-C-7500,1.2,1.2,1.4
2025-08-13,2025-08-13 11:08:17.900,MO2508-C-7500,1.2,1.2,1.4
2025-08-13,2025-08-13 11:08:18.400,MO2508-C-7500,1.2,1.2,1.4
2025-08-13,2025-08-13 11:08:18.900,MO2508-C-7500,1.2,1.2,1.4
2025-08-13,2025-08-13 11:08:19.400,MO2508-C-7500,1.2,1.2,1.4
2025-08-13,2025-08-13 11:08:19.900,MO2508-C-7500,1.2,1.2,1.4
2025-08-13,2025-08-13 11:08:24.400,MO2508-C-7500,1.2,1.2,1.4
2025-08-13,2025-08-13 11:08:24.900,MO2508-C-7500,1.2,1.2,1.4
2025-08-13,2025-08-13 11:08:25.400,MO2508-C-7500,1.2,1.2,1.4
2025-08-13,2025-08-13 11:08:28.900,MO2508-C-7500,1.2,1.2,1.4
2025-08-13,2025-08-13 11:08:29.400,MO2508-C-7500,1.2,1.2,1.4
2025-08-13,2025-08-13 11:08:30.400,MO2508-C-7500,1.2,1.2,1.4
2025-08-13,2025-08-13 11:08:30.900,MO2508-C-7500,1.2,1.2,1.4
2025-08-13,2025-08-13 11:08:35.400,MO2508-C-7500,1.2,1.2,1.4
2025-08-13,2025-08-13 11:08:35.900,MO2508-C-7500,1.2,1.2,1.4
2025-08-13,2025-08-13 11:08:37.400,MO2508-C-7500,1.2,1.2,1.4
2025-08-13,2025-08-13 11:08:37.900,MO2508-C-7500,1.2,1.2,1.4
2025-08-13,2025-08-13 11:08:38.400,MO2508-C-7500,1.2,1.2,1.4
2025-08-13,2025-08-13 11:08:38.900,MO2508-C-7500,1.2,1.2,1.4
2025-08-13,2025-08-13 11:08:39.400,MO2508-C-7500,1.2,1.2,1.4
2025-08-13,2025-08-13 11:08:43.900,MO2508-C-7500,1.2,1.2,1.4
2025-08-13,2025-08-13 11:08:48.900,MO2508-C-7500,1.2,1.2,1.4
2025-08-13,2025-08-13 11:08:49.400,MO2508-C-7500,1.2,1.2,1.4
2025-08-13,2025-08-13 11:08:49.900,MO2508-C-7500,1.2,1.2,1.4
2025-08-13,2025-08-13 11:08:53.400,MO2508-C-7500,1.2,1.2,1.4
2025-08-13,2025-08-13 11:08:54.900,MO2508-C-7500,1.2,1.2,1.4
2025-08-13,2025-08-13 11:08:55.400,MO2508-C-7500,1.2,1.2,1.4
2025-08-13,2025-08-13 11:08:58.900,MO2508-C-7500,1.2,1.2,1.4
2025-08-13,2025-08-13 11:08:59.400,MO2508-C-7500,1.2,1.2,1.4
2025-08-13,2025-08-13 11:09:01.900,MO2508-C-7500,1.2,1.2,1.4
2025-08-13,2025-08-13 11:09:02.400,MO2508-C-7500,1.2,1.2,1.4
2025-08-13,2025-08-13 11:09:05.400,MO2508-C-7500,1.2,1.2,1.4
2025-08-13,2025-08-13 11:09:05.900,MO2508-C-7500,1.2,1.2,1.4
2025-08-13,2025-08-13 11:09:06.400,MO2508-C-7500,1.2,1.2,1.4
2025-08-13,2025-08-13 11:09:08.900,MO2508-C-7500,1.2,1.2,1.4
2025-08-13,2025-08-13 11:09:09.400,MO2508-C-7500,1.2,1.2,1.4
2025-08-13,2025-08-13 11:09:10.900,MO2508-C-7500,1.2,1.2,1.4
2025-08-13,2025-08-13 11:09:11.400,MO2508-C-7500,1.2,1.2,1.4
2025-08-13,2025-08-13 11:09:14.900,MO2508-C-7500,1.2,1.2,1.4
2025-08-13,2025-08-13 11:09:18.900,MO2508-C-7500,1.2,1.2,1.4
2025-08-13,2025-08-13 11:09:19.400,MO2508-C-7500,1.2,1.2,1.4
2025-08-13,2025-08-13 11:09:28.900,MO2508-C-7500,1.2,1.2,1.4
2025-08-13,2025-08-13 11:09:29.400,MO2508-C-7500,1.2,1.2,1.4
2025-08-13,2025-08-13 11:09:31.400,MO2508-C-7500,1.2,1.2,1.4
2025-08-13,2025-08-13 11:09:32.400,MO2508-C-7500,1.2,1.2,1.4
2025-08-13,2025-08-13 11:09:33.400,MO2508-C-7500,1.2,1.2,1.4
2025-08-13,2025-08-13 11:09:34.400,MO2508-C-7500,1.2,1.2,1.4
2025-08-13,2025-08-13 11:09:38.900,MO2508-C-7500,1.2,1.2,1.4
2025-08-13,2025-08-13 11:09:39.400,MO2508-C-7500,1.2,1.2,1.4
2025-08-13,2025-08-13 11:09:41.400,MO2508-C-7500,1.2,1.2,1.4
2025-08-13,2025-08-13 11:09:48.900,MO2508-C-7500,1.2,1.2,1.4
2025-08-13,2025-08-13 11:09:49.400,MO2508-C-7500,1.2,1.2,1.4
2025-08-13,2025-08-13 11:09:50.400,MO2508-C-7500,1.2,1.2,1.4
2025-08-13,2025-08-13 11:09:58.900,MO2508-C-7500,1.2,1.2,1.4
2025-08-13,2025-08-13 11:09:59.400,MO2508-C-7500,1.2,1.2,1.4
2025-08-13,2025-08-13 11:10:00.400,MO2508-C-7500,1.2,1.2,1.4
2025-08-13,2025-08-13 11:10:08.900,MO2508-C-7500,1.2,1.2,1.4
2025-08-13,2025-08-13 11:10:09.400,MO2508-C-7500,1.2,1.2,1.4
2025-08-13,2025-08-13 11:10:12.400,MO2508-C-7500,1.2,1.2,1.4
2025-08-13,2025-08-13 11:10:13.400,MO2508-C-7500,1.2,1.2,1.4
2025-08-13,2025-08-13 11:10:13.900,MO2508-C-7500,1.2,1.2,1.4
2025-08-13,2025-08-13 11:10:18.900,MO2508-C-7500,1.2,1.2,1.4
2025-08-13,2025-08-13 11:10:19.400,MO2508-C-7500,1.2,1.2,1.4
2025-08-13,2025-08-13 11:10:21.400,MO2508-C-7500,1.2,1.2,1.4
2025-08-13,2025-08-13 11:10:25.400,MO2508-C-7500,1.2,1.2,1.4
2025-08-13,2025-08-13 11:10:25.900,MO2508-C-7500,1.2,1.2,1.4
2025-08-13,2025-08-13 11:10:26.400,MO2508-C-7500,1.2,1.2,1.4
2025-08-13,2025-08-13 11:10:26.900,MO2508-C-7500,1.2,1.2,1.4
2025-08-13,2025-08-13 11:10:28.900,MO2508-C-7500,1.2,1.2,1.4
2025-08-13,2025-08-13 11:10:29.400,MO2508-C-7500,1.2,1.2,1.4
2025-08-13,2025-08-13 11:10:38.900,MO2508-C-7500,1.2,1.2,1.4
2025-08-13,2025-08-13 11:10:39.400,MO2508-C-7500,1.2,1.2,1.4
2025-08-13,2025-08-13 11:10:41.900,MO2508-C-7500,1.2,1.2,1.4
2025-08-13,2025-08-13 11:10:48.400,MO2508-C-7500,1.2,1.2,1.4
2025-08-13,2025-08-13 11:10:48.900,MO2508-C-7500,1.2,1.2,1.4
2025-08-13,2025-08-13 11:10:49.400,MO2508-C-7500,1.2,1.2,1.4
2025-08-13,2025-08-13 11:10:49.900,MO2508-C-7500,1.2,1.2,1.4
2025-08-13,2025-08-13 11:10:50.400,MO2508-C-7500,1.2,1.2,1.4
2025-08-13,2025-08-13 11:10:50.900,MO2508-C-7500,1.2,1.2,1.4
2025-08-13,2025-08-13 11:10:51.900,MO2508-C-7500,1.2,1.2,1.4
2025-08-13,2025-08-13 11:10:52.400,MO2508-C-7500,1.2,1.2,1.4
2025-08-13,2025-08-13 11:10:56.400,MO2508-C-7500,1.2,1.2,1.4
2025-08-13,2025-08-13 11:10:58.900,MO2508-C-7500,1.2,1.2,1.4
2025-08-13,2025-08-13 11:10:59.400,MO2508-C-7500,1.2,1.2,1.4
2025-08-13,2025-08-13 11:10:59.900,MO2508-C-7500,1.2,1.2,1.4
2025-08-13,2025-08-13 11:11:02.400,MO2508-C-7500,1.2,1.2,1.4
2025-08-13,2025-08-13 11:11:03.400,MO2508-C-7500,1.2,1.2,1.4
2025-08-13,2025-08-13 11:11:03.900,MO2508-C-7500,1.2,1.2,1.4
2025-08-13,2025-08-13 11:11:08.900,MO2508-C-7500,1.2,1.2,1.4
2025-08-13,2025-08-13 11:11:09.400,MO2508-C-7500,1.2,1.2,1.4
2025-08-13,2025-08-13 11:11:11.900,MO2508-C-7500,1.2,1.2,1.4
2025-08-13,2025-08-13 11:11:16.400,MO2508-C-7500,1.2,1.2,1.4
2025-08-13,2025-08-13 11:11:16.900,MO2508-C-7500,1.2,1.2,1.4
2025-08-13,2025-08-13 11:11:18.400,MO2508-C-7500,1.2,1.2,1.4
2025-08-13,2025-08-13 11:11:18.900,MO2508-C-7500,1.2,1.2,1.4
2025-08-13,2025-08-13 11:11:19.400,MO2508-C-7500,1.2,1.2,1.4
2025-08-13,2025-08-13 11:11:24.400,MO2508-C-7500,1.2,1.2,1.4
2025-08-13,2025-08-13 11:11:24.900,MO2508-C-7500,1.2,1.2,1.4
2025-08-13,2025-08-13 11:11:25.400,MO2508-C-7500,1.2,1.2,1.4
2025-08-13,2025-08-13 11:11:25.900,MO2508-C-7500,1.2,1.2,1.4
2025-08-13,2025-08-13 11:11:26.400,MO2508-C-7500,1.2,1.2,1.4
2025-08-13,2025-08-13 11:11:26.900,MO2508-C-7500,1.2,1.2,1.4
2025-08-13,2025-08-13 11:11:28.900,MO2508-C-7500,1.2,1.2,1.4
2025-08-13,2025-08-13 11:11:29.400,MO2508-C-7500,1.2,1.2,1.4
2025-08-13,2025-08-13 11:11:32.400,MO2508-C-7500,1.2,1.2,1.4
2025-08-13,2025-08-13 11:11:34.900,MO2508-C-7500,1.2,1.2,1.4
2025-08-13,2025-08-13 11:11:37.900,MO2508-C-7500,1.2,1.2,1.4
2025-08-13,2025-08-13 11:11:38.400,MO2508-C-7500,1.2,1.2,1.4
2025-08-13,2025-08-13 11:11:38.900,MO2508-C-7500,1.2,1.2,1.4
2025-08-13,2025-08-13 11:11:39.400,MO2508-C-7500,1.2,1.2,1.4
2025-08-13,2025-08-13 11:11:44.400,MO2508-C-7500,1.4,1.2,1.4
2025-08-13,2025-08-13 11:11:45.400,MO2508-C-7500,1.4,1.2,1.4
2025-08-13,2025-08-13 11:11:46.900,MO2508-C-7500,1.4,1.2,1.4
2025-08-13,2025-08-13 11:11:47.400,MO2508-C-7500,1.4,1.2,1.4
2025-08-13,2025-08-13 11:11:48.900,MO2508-C-7500,1.4,1.2,1.4
2025-08-13,2025-08-13 11:11:49.400,MO2508-C-7500,1.4,1.2,1.4
2025-08-13,2025-08-13 11:11:54.900,MO2508-C-7500,1.4,1.2,1.4
2025-08-13,2025-08-13 11:11:58.900,MO2508-C-7500,1.4,1.2,1.4
2025-08-13,2025-08-13 11:11:59.400,MO2508-C-7500,1.4,1.2,1.4
2025-08-13,2025-08-13 11:11:59.900,MO2508-C-7500,1.4,1.2,1.4
2025-08-13,2025-08-13 11:12:00.400,MO2508-C-7500,1.4,1.2,1.4
2025-08-13,2025-08-13 11:12:01.900,MO2508-C-7500,1.4,1.2,1.4
2025-08-13,2025-08-13 11:12:02.400,MO2508-C-7500,1.4,1.2,1.4
2025-08-13,2025-08-13 11:12:03.400,MO2508-C-7500,1.4,1.2,1.4
2025-08-13,2025-08-13 11:12:03.900,MO2508-C-7500,1.4,1.2,1.4
2025-08-13,2025-08-13 11:12:04.400,MO2508-C-7500,1.4,1.2,1.4
2025-08-13,2025-08-13 11:12:06.400,MO2508-C-7500,1.4,1.2,1.4
2025-08-13,2025-08-13 11:12:07.400,MO2508-C-7500,1.4,1.2,1.4
2025-08-13,2025-08-13 11:12:08.900,MO2508-C-7500,1.4,1.2,1.4
2025-08-13,2025-08-13 11:12:09.400,MO2508-C-7500,1.4,1.2,1.4
2025-08-13,2025-08-13 11:12:18.900,MO2508-C-7500,1.4,1.2,1.4
2025-08-13,2025-08-13 11:12:19.400,MO2508-C-7500,1.4,1.2,1.4
2025-08-13,2025-08-13 11:12:28.900,MO2508-C-7500,1.4,1.2,1.4
2025-08-13,2025-08-13 11:12:29.400,MO2508-C-7500,1.4,1.2,1.4
2025-08-13,2025-08-13 11:12:29.900,MO2508-C-7500,1.4,1.2,1.4
2025-08-13,2025-08-13 11:12:30.400,MO2508-C-7500,1.4,1.2,1.4
2025-08-13,2025-08-13 11:12:34.900,MO2508-C-7500,1.4,1.2,1.4
2025-08-13,2025-08-13 11:12:35.400,MO2508-C-7500,1.4,1.2,1.4
2025-08-13,2025-08-13 11:12:38.400,MO2508-C-7500,1.4,1.2,1.6
2025-08-13,2025-08-13 11:12:38.900,MO2508-C-7500,1.4,1.2,1.6
2025-08-13,2025-08-13 11:12:39.400,MO2508-C-7500,1.4,1.2,1.6
2025-08-13,2025-08-13 11:12:39.900,MO2508-C-7500,1.4,1.2,1.6
2025-08-13,2025-08-13 11:12:40.400,MO2508-C-7500,1.4,1.2,1.6
2025-08-13,2025-08-13 11:12:40.900,MO2508-C-7500,1.4,1.2,1.6
2025-08-13,2025-08-13 11:12:41.400,MO2508-C-7500,1.4,1.2,1.6
2025-08-13,2025-08-13 11:12:42.400,MO2508-C-7500,1.4,1.2,1.6
2025-08-13,2025-08-13 11:12:42.900,MO2508-C-7500,1.4,1.2,1.6
2025-08-13,2025-08-13 11:12:48.900,MO2508-C-7500,1.4,1.2,1.6
2025-08-13,2025-08-13 11:12:49.400,MO2508-C-7500,1.4,1.2,1.6
2025-08-13,2025-08-13 11:12:50.400,MO2508-C-7500,1.4,1.2,1.6
2025-08-13,2025-08-13 11:12:50.900,MO2508-C-7500,1.4,1.2,1.6
2025-08-13,2025-08-13 11:12:54.900,MO2508-C-7500,1.4,1.2,1.6
2025-08-13,2025-08-13 11:12:56.400,MO2508-C-7500,1.4,1.2,1.6
2025-08-13,2025-08-13 11:12:58.900,MO2508-C-7500,1.4,1.2,1.6
2025-08-13,2025-08-13 11:12:59.400,MO2508-C-7500,1.4,1.2,1.6
2025-08-13,2025-08-13 11:13:03.400,MO2508-C-7500,1.4,1.2,1.6
2025-08-13,2025-08-13 11:13:08.900,MO2508-C-7500,1.4,1.2,1.6
2025-08-13,2025-08-13 11:13:09.400,MO2508-C-7500,1.4,1.2,1.6
2025-08-13,2025-08-13 11:13:16.900,MO2508-C-7500,1.4,1.2,1.6
2025-08-13,2025-08-13 11:13:18.900,MO2508-C-7500,1.4,1.2,1.6
2025-08-13,2025-08-13 11:13:19.400,MO2508-C-7500,1.4,1.2,1.6
2025-08-13,2025-08-13 11:13:22.400,MO2508-C-7500,1.4,1.2,1.6
2025-08-13,2025-08-13 11:13:25.400,MO2508-C-7500,1.4,1.2,1.6
2025-08-13,2025-08-13 11:13:25.900,MO2508-C-7500,1.4,1.2,1.6
2025-08-13,2025-08-13 11:13:26.900,MO2508-C-7500,1.4,1.2,1.6
2025-08-13,2025-08-13 11:13:27.900,MO2508-C-7500,1.4,1.2,1.6
2025-08-13,2025-08-13 11:13:28.900,MO2508-C-7500,1.4,1.2,1.6
2025-08-13,2025-08-13 11:13:29.400,MO2508-C-7500,1.4,1.2,1.6
2025-08-13,2025-08-13 11:13:29.900,MO2508-C-7500,1.4,1.2,1.6
2025-08-13,2025-08-13 11:13:30.900,MO2508-C-7500,1.4,1.2,1.6
2025-08-13,2025-08-13 11:13:34.400,MO2508-C-7500,1.4,1.2,1.6
2025-08-13,2025-08-13 11:13:35.400,MO2508-C-7500,1.4,1.2,1.6
2025-08-13,2025-08-13 11:13:38.900,MO2508-C-7500,1.4,1.2,1.6
2025-08-13,2025-08-13 11:13:39.400,MO2508-C-7500,1.4,1.2,1.6
2025-08-13,2025-08-13 11:13:42.400,MO2508-C-7500,1.4,1.2,1.6
2025-08-13,2025-08-13 11:13:48.400,MO2508-C-7500,1.4,1.2,1.6
2025-08-13,2025-08-13 11:13:48.900,MO2508-C-7500,1.4,1.2,1.6
2025-08-13,2025-08-13 11:13:49.400,MO2508-C-7500,1.4,1.2,1.6
2025-08-13,2025-08-13 11:13:58.400,MO2508-C-7500,1.4,1.2,1.6
2025-08-13,2025-08-13 11:13:58.900,MO2508-C-7500,1.4,1.2,1.6
2025-08-13,2025-08-13 11:13:59.400,MO2508-C-7500,1.4,1.2,1.6
2025-08-13,2025-08-13 11:14:01.400,MO2508-C-7500,1.4,1.2,1.6
2025-08-13,2025-08-13 11:14:01.900,MO2508-C-7500,1.4,1.2,1.6
2025-08-13,2025-08-13 11:14:03.400,MO2508-C-7500,1.4,1.2,1.6
2025-08-13,2025-08-13 11:14:05.900,MO2508-C-7500,1.4,1.2,1.6
2025-08-13,2025-08-13 11:14:08.900,MO2508-C-7500,1.4,1.2,1.6
2025-08-13,2025-08-13 11:14:09.400,MO2508-C-7500,1.4,1.2,1.6
2025-08-13,2025-08-13 11:14:13.400,MO2508-C-7500,1.4,1.2,1.6
2025-08-13,2025-08-13 11:14:15.400,MO2508-C-7500,1.4,1.2,1.6
2025-08-13,2025-08-13 11:14:18.400,MO2508-C-7500,1.4,1.2,1.6
2025-08-13,2025-08-13 11:14:18.900,MO2508-C-7500,1.4,1.2,1.6
2025-08-13,2025-08-13 11:14:19.400,MO2508-C-7500,1.4,1.2,1.6
2025-08-13,2025-08-13 11:14:28.400,MO2508-C-7500,1.4,1.2,1.6
2025-08-13,2025-08-13 11:14:28.900,MO2508-C-7500,1.4,1.2,1.6
2025-08-13,2025-08-13 11:14:29.400,MO2508-C-7500,1.4,1.2,1.6
2025-08-13,2025-08-13 11:14:34.400,MO2508-C-7500,1.4,1.2,1.6
2025-08-13,2025-08-13 11:14:38.900,MO2508-C-7500,1.4,1.2,1.6
2025-08-13,2025-08-13 11:14:39.400,MO2508-C-7500,1.4,1.2,1.6
2025-08-13,2025-08-13 11:14:39.900,MO2508-C-7500,1.4,1.2,1.6
2025-08-13,2025-08-13 11:14:40.400,MO2508-C-7500,1.4,1.2,1.6
2025-08-13,2025-08-13 11:14:40.900,MO2508-C-7500,1.4,1.2,1.6
2025-08-13,2025-08-13 11:14:42.400,MO2508-C-7500,1.4,1.2,1.6
2025-08-13,2025-08-13 11:14:42.900,MO2508-C-7500,1.4,1.2,1.6
2025-08-13,2025-08-13 11:14:45.400,MO2508-C-7500,1.4,1.2,1.6
2025-08-13,2025-08-13 11:14:45.900,MO2508-C-7500,1.4,1.2,1.6
2025-08-13,2025-08-13 11:14:46.400,MO2508-C-7500,1.4,1.2,1.6
2025-08-13,2025-08-13 11:14:47.400,MO2508-C-7500,1.4,1.2,1.6
2025-08-13,2025-08-13 11:14:48.400,MO2508-C-7500,1.2,1.2,1.6
2025-08-13,2025-08-13 11:14:48.900,MO2508-C-7500,1.2,1.2,1.6
2025-08-13,2025-08-13 11:14:49.400,MO2508-C-7500,1.2,1.2,1.6
2025-08-13,2025-08-13 11:14:52.400,MO2508-C-7500,1.2,1.2,1.6
2025-08-13,2025-08-13 11:14:58.900,MO2508-C-7500,1.2,1.2,1.6
2025-08-13,2025-08-13 11:14:59.400,MO2508-C-7500,1.2,1.2,1.6
2025-08-13,2025-08-13 11:15:02.900,MO2508-C-7500,1.2,1.2,1.6
2025-08-13,2025-08-13 11:15:06.900,MO2508-C-7500,1.2,1.2,1.6
2025-08-13,2025-08-13 11:15:07.900,MO2508-C-7500,1.2,1.2,1.6
2025-08-13,2025-08-13 11:15:08.900,MO2508-C-7500,1.2,1.2,1.6
2025-08-13,2025-08-13 11:15:09.400,MO2508-C-7500,1.2,1.2,1.6
2025-08-13,2025-08-13 11:15:09.900,MO2508-C-7500,1.2,1.2,1.6
2025-08-13,2025-08-13 11:15:10.900,MO2508-C-7500,1.2,1.2,1.6
2025-08-13,2025-08-13 11:15:12.400,MO2508-C-7500,1.2,1.2,1.6
2025-08-13,2025-08-13 11:15:13.400,MO2508-C-7500,1.2,1.2,1.6
2025-08-13,2025-08-13 11:15:14.900,MO2508-C-7500,1.2,1.2,1.6
2025-08-13,2025-08-13 11:15:16.900,MO2508-C-7500,1.2,1.2,1.6
2025-08-13,2025-08-13 11:15:17.400,MO2508-C-7500,1.2,1.2,1.6
2025-08-13,2025-08-13 11:15:17.900,MO2508-C-7500,1.2,1.2,1.6
2025-08-13,2025-08-13 11:15:18.900,MO2508-C-7500,1.2,1.2,1.6
2025-08-13,2025-08-13 11:15:19.400,MO2508-C-7500,1.2,1.2,1.6
2025-08-13,2025-08-13 11:15:28.900,MO2508-C-7500,1.2,1.2,1.6
2025-08-13,2025-08-13 11:15:29.400,MO2508-C-7500,1.2,1.2,1.6
2025-08-13,2025-08-13 11:15:29.900,MO2508-C-7500,1.2,1.2,1.6
2025-08-13,2025-08-13 11:15:30.400,MO2508-C-7500,1.2,1.2,1.6
2025-08-13,2025-08-13 11:15:38.900,MO2508-C-7500,1.2,1.2,1.6
2025-08-13,2025-08-13 11:15:39.400,MO2508-C-7500,1.2,1.2,1.6
2025-08-13,2025-08-13 11:15:45.400,MO2508-C-7500,1.2,1.2,1.6
2025-08-13,2025-08-13 11:15:45.900,MO2508-C-7500,1.2,1.2,1.6
2025-08-13,2025-08-13 11:15:46.400,MO2508-C-7500,1.2,1.2,1.6
2025-08-13,2025-08-13 11:15:47.400,MO2508-C-7500,1.2,1.2,1.6
2025-08-13,2025-08-13 11:15:47.900,MO2508-C-7500,1.2,1.2,1.6
2025-08-13,2025-08-13 11:15:48.900,MO2508-C-7500,1.2,1.2,1.6
2025-08-13,2025-08-13 11:15:49.400,MO2508-C-7500,1.2,1.2,1.6
2025-08-13,2025-08-13 11:15:50.400,MO2508-C-7500,1.2,1.2,1.6
2025-08-13,2025-08-13 11:15:50.900,MO2508-C-7500,1.2,1.2,1.6
2025-08-13,2025-08-13 11:15:58.900,MO2508-C-7500,1.2,1.2,1.6
2025-08-13,2025-08-13 11:15:59.400,MO2508-C-7500,1.2,1.2,1.6
2025-08-13,2025-08-13 11:16:01.400,MO2508-C-7500,1.2,1.2,1.6
2025-08-13,2025-08-13 11:16:03.900,MO2508-C-7500,1.2,1.2,1.6
2025-08-13,2025-08-13 11:16:04.900,MO2508-C-7500,1.2,1.2,1.6
2025-08-13,2025-08-13 11:16:07.400,MO2508-C-7500,1.2,1.2,1.6
2025-08-13,2025-08-13 11:16:08.900,MO2508-C-7500,1.2,1.2,1.6
2025-08-13,2025-08-13 11:16:09.400,MO2508-C-7500,1.2,1.2,1.6
2025-08-13,2025-08-13 11:16:10.900,MO2508-C-7500,1.2,1.2,1.6
2025-08-13,2025-08-13 11:16:18.900,MO2508-C-7500,1.2,1.2,1.6
2025-08-13,2025-08-13 11:16:19.400,MO2508-C-7500,1.2,1.2,1.6
2025-08-13,2025-08-13 11:16:25.400,MO2508-C-7500,1.2,1.2,1.6
2025-08-13,2025-08-13 11:16:28.400,MO2508-C-7500,1.2,1.2,1.6
2025-08-13,2025-08-13 11:16:28.900,MO2508-C-7500,1.2,1.2,1.6
2025-08-13,2025-08-13 11:16:29.400,MO2508-C-7500,1.2,1.2,1.6
2025-08-13,2025-08-13 11:16:30.400,MO2508-C-7500,1.2,1.2,1.6
2025-08-13,2025-08-13 11:16:32.400,MO2508-C-7500,1.2,1.2,1.6
2025-08-13,2025-08-13 11:16:32.900,MO2508-C-7500,1.2,1.2,1.6
2025-08-13,2025-08-13 11:16:35.400,MO2508-C-7500,1.2,1.2,1.6
2025-08-13,2025-08-13 11:16:36.400,MO2508-C-7500,1.2,1.2,1.6
2025-08-13,2025-08-13 11:16:36.900,MO2508-C-7500,1.2,1.2,1.6
2025-08-13,2025-08-13 11:16:37.900,MO2508-C-7500,1.2,1.2,1.6
2025-08-13,2025-08-13 11:16:38.900,MO2508-C-7500,1.2,1.2,1.6
2025-08-13,2025-08-13 11:16:39.400,MO2508-C-7500,1.2,1.2,1.6
2025-08-13,2025-08-13 11:16:39.900,MO2508-C-7500,1.2,1.2,1.6
2025-08-13,2025-08-13 11:16:41.900,MO2508-C-7500,1.2,1.2,1.6
2025-08-13,2025-08-13 11:16:42.900,MO2508-C-7500,1.2,1.4,1.6
2025-08-13,2025-08-13 11:16:43.400,MO2508-C-7500,1.2,1.4,1.6
2025-08-13,2025-08-13 11:16:46.400,MO2508-C-7500,1.2,1.4,1.6
2025-08-13,2025-08-13 11:16:46.900,MO2508-C-7500,1.2,1.4,1.6
2025-08-13,2025-08-13 11:16:47.400,MO2508-C-7500,1.2,1.4,1.6
2025-08-13,2025-08-13 11:16:47.900,MO2508-C-7500,1.2,1.4,1.6
2025-08-13,2025-08-13 11:16:48.400,MO2508-C-7500,1.2,1.4,1.6
2025-08-13,2025-08-13 11:16:48.900,MO2508-C-7500,1.2,1.4,1.6
2025-08-13,2025-08-13 11:16:49.400,MO2508-C-7500,1.2,1.4,1.6
2025-08-13,2025-08-13 11:16:55.900,MO2508-C-7500,1.2,1.4,1.6
2025-08-13,2025-08-13 11:16:56.400,MO2508-C-7500,1.2,1.4,1.6
2025-08-13,2025-08-13 11:16:56.900,MO2508-C-7500,1.2,1.4,1.6
2025-08-13,2025-08-13 11:16:58.900,MO2508-C-7500,1.2,1.4,1.6
2025-08-13,2025-08-13 11:16:59.400,MO2508-C-7500,1.2,1.4,1.6
2025-08-13,2025-08-13 11:17:05.900,MO2508-C-7500,1.2,1.4,1.6
2025-08-13,2025-08-13 11:17:06.400,MO2508-C-7500,1.2,1.4,1.6
2025-08-13,2025-08-13 11:17:07.400,MO2508-C-7500,1.2,1.4,1.6
2025-08-13,2025-08-13 11:17:08.900,MO2508-C-7500,1.2,1.4,1.6
2025-08-13,2025-08-13 11:17:09.400,MO2508-C-7500,1.2,1.4,1.6
2025-08-13,2025-08-13 11:17:18.900,MO2508-C-7500,1.2,1.4,1.6
2025-08-13,2025-08-13 11:17:19.400,MO2508-C-7500,1.2,1.4,1.6
2025-08-13,2025-08-13 11:17:20.900,MO2508-C-7500,1.2,1.4,1.6
2025-08-13,2025-08-13 11:17:21.400,MO2508-C-7500,1.2,1.4,1.6
2025-08-13,2025-08-13 11:17:27.400,MO2508-C-7500,1.2,1.4,1.6
2025-08-13,2025-08-13 11:17:27.900,MO2508-C-7500,1.2,1.4,1.6
2025-08-13,2025-08-13 11:17:28.900,MO2508-C-7500,1.2,1.4,1.6
2025-08-13,2025-08-13 11:17:29.400,MO2508-C-7500,1.2,1.4,1.6
2025-08-13,2025-08-13 11:17:38.900,MO2508-C-7500,1.2,1.4,1.6
2025-08-13,2025-08-13 11:17:39.400,MO2508-C-7500,1.2,1.4,1.6
2025-08-13,2025-08-13 11:17:40.400,MO2508-C-7500,1.2,1.4,1.6
2025-08-13,2025-08-13 11:17:40.900,MO2508-C-7500,1.2,1.4,1.6
2025-08-13,2025-08-13 11:17:41.900,MO2508-C-7500,1.2,1.4,1.6
2025-08-13,2025-08-13 11:17:42.400,MO2508-C-7500,1.2,1.4,1.6
2025-08-13,2025-08-13 11:17:44.900,MO2508-C-7500,1.2,1.4,1.6
2025-08-13,2025-08-13 11:17:48.400,MO2508-C-7500,1.2,1.4,1.6
2025-08-13,2025-08-13 11:17:50.400,MO2508-C-7500,1.2,1.4,1.6
2025-08-13,2025-08-13 11:17:53.400,MO2508-C-7500,1.2,1.4,1.6
2025-08-13,2025-08-13 11:17:57.900,MO2508-C-7500,1.2,1.4,1.6
2025-08-13,2025-08-13 11:18:02.900,MO2508-C-7500,1.2,1.4,1.6
2025-08-13,2025-08-13 11:18:04.400,MO2508-C-7500,1.4,1.4,1.6
2025-08-13,2025-08-13 11:18:04.900,MO2508-C-7500,1.4,1.4,1.6
2025-08-13,2025-08-13 11:18:06.400,MO2508-C-7500,1.6,1.4,1.6
2025-08-13,2025-08-13 11:18:06.900,MO2508-C-7500,1.6,1.4,1.6
2025-08-13,2025-08-13 11:18:07.400,MO2508-C-7500,1.6,1.4,1.6
2025-08-13,2025-08-13 11:18:08.900,MO2508-C-7500,1.6,1.4,1.6
2025-08-13,2025-08-13 11:18:09.400,MO2508-C-7500,1.6,1.4,1.6
2025-08-13,2025-08-13 11:18:11.400,MO2508-C-7500,1.6,1.4,1.6
2025-08-13,2025-08-13 11:18:11.900,MO2508-C-7500,1.6,1.4,1.6
2025-08-13,2025-08-13 11:18:12.400,MO2508-C-7500,1.6,1.4,1.6
2025-08-13,2025-08-13 11:18:12.900,MO2508-C-7500,1.6,1.4,1.6
2025-08-13,2025-08-13 11:18:15.400,MO2508-C-7500,1.6,1.4,1.6
2025-08-13,2025-08-13 11:18:16.400,MO2508-C-7500,1.6,1.4,1.6
2025-08-13,2025-08-13 11:18:17.400,MO2508-C-7500,1.4,1.4,1.6
2025-08-13,2025-08-13 11:18:17.900,MO2508-C-7500,1.4,1.4,1.6
2025-08-13,2025-08-13 11:18:18.400,MO2508-C-7500,1.4,1.4,1.6
2025-08-13,2025-08-13 11:18:18.900,MO2508-C-7500,1.4,1.4,1.6
2025-08-13,2025-08-13 11:18:19.400,MO2508-C-7500,1.4,1.4,1.6
2025-08-13,2025-08-13 11:18:22.900,MO2508-C-7500,1.4,1.4,1.6
2025-08-13,2025-08-13 11:18:23.400,MO2508-C-7500,1.4,1.4,1.6
2025-08-13,2025-08-13 11:18:24.400,MO2508-C-7500,1.4,1.4,1.6
2025-08-13,2025-08-13 11:18:24.900,MO2508-C-7500,1.4,1.4,1.6
2025-08-13,2025-08-13 11:18:25.400,MO2508-C-7500,1.4,1.4,1.6
2025-08-13,2025-08-13 11:18:44.400,MO2508-C-7500,1.4,1.4,1.6
2025-08-13,2025-08-13 11:18:44.900,MO2508-C-7500,1.4,1.4,1.6
2025-08-13,2025-08-13 11:18:46.400,MO2508-C-7500,1.4,1.4,1.6
2025-08-13,2025-08-13 11:18:53.400,MO2508-C-7500,1.4,1.4,1.6
2025-08-13,2025-08-13 11:18:53.900,MO2508-C-7500,1.4,1.4,1.6
2025-08-13,2025-08-13 11:18:56.400,MO2508-C-7500,1.4,1.4,1.6
2025-08-13,2025-08-13 11:18:56.900,MO2508-C-7500,1.4,1.4,1.6
2025-08-13,2025-08-13 11:18:57.400,MO2508-C-7500,1.4,1.4,1.6
2025-08-13,2025-08-13 11:18:58.400,MO2508-C-7500,1.4,1.4,1.6
2025-08-13,2025-08-13 11:18:58.900,MO2508-C-7500,1.4,1.4,1.6
2025-08-13,2025-08-13 11:18:59.400,MO2508-C-7500,1.4,1.4,1.6
2025-08-13,2025-08-13 11:19:01.900,MO2508-C-7500,1.4,1.4,1.6
2025-08-13,2025-08-13 11:19:06.400,MO2508-C-7500,1.4,1.4,1.6
2025-08-13,2025-08-13 11:19:06.900,MO2508-C-7500,1.4,1.4,1.6
2025-08-13,2025-08-13 11:19:08.900,MO2508-C-7500,1.4,1.4,1.6
2025-08-13,2025-08-13 11:19:09.400,MO2508-C-7500,1.4,1.4,1.6
2025-08-13,2025-08-13 11:19:13.900,MO2508-C-7500,1.4,1.4,1.6
2025-08-13,2025-08-13 11:19:15.400,MO2508-C-7500,1.4,1.4,1.6
2025-08-13,2025-08-13 11:19:18.900,MO2508-C-7500,1.4,1.4,1.6
2025-08-13,2025-08-13 11:19:19.400,MO2508-C-7500,1.4,1.4,1.6
2025-08-13,2025-08-13 11:19:28.900,MO2508-C-7500,1.4,1.4,1.6
2025-08-13,2025-08-13 11:19:29.400,MO2508-C-7500,1.4,1.4,1.6
2025-08-13,2025-08-13 11:19:34.900,MO2508-C-7500,1.4,1.4,1.6
2025-08-13,2025-08-13 11:19:38.400,MO2508-C-7500,1.4,1.4,1.6
2025-08-13,2025-08-13 11:19:38.900,MO2508-C-7500,1.4,1.4,1.6
2025-08-13,2025-08-13 11:19:39.400,MO2508-C-7500,1.4,1.4,1.6
2025-08-13,2025-08-13 11:19:44.900,MO2508-C-7500,1.4,1.4,1.6
2025-08-13,2025-08-13 11:19:45.400,MO2508-C-7500,1.4,1.4,1.6
2025-08-13,2025-08-13 11:19:45.900,MO2508-C-7500,1.4,1.4,1.6
2025-08-13,2025-08-13 11:19:48.900,MO2508-C-7500,1.4,1.4,1.6
2025-08-13,2025-08-13 11:19:49.400,MO2508-C-7500,1.4,1.4,1.6
2025-08-13,2025-08-13 11:19:58.900,MO2508-C-7500,1.4,1.4,1.6
2025-08-13,2025-08-13 11:19:59.400,MO2508-C-7500,1.4,1.4,1.6
2025-08-13,2025-08-13 11:20:06.900,MO2508-C-7500,1.4,1.4,1.6
2025-08-13,2025-08-13 11:20:07.400,MO2508-C-7500,1.4,1.4,1.6
2025-08-13,2025-08-13 11:20:08.900,MO2508-C-7500,1.4,1.4,1.6
2025-08-13,2025-08-13 11:20:09.400,MO2508-C-7500,1.4,1.4,1.6
2025-08-13,2025-08-13 11:20:17.900,MO2508-C-7500,1.4,1.4,1.6
2025-08-13,2025-08-13 11:20:18.900,MO2508-C-7500,1.4,1.4,1.6
2025-08-13,2025-08-13 11:20:19.400,MO2508-C-7500,1.4,1.4,1.6
2025-08-13,2025-08-13 11:20:20.400,MO2508-C-7500,1.4,1.4,1.6
2025-08-13,2025-08-13 11:20:21.400,MO2508-C-7500,1.4,1.4,1.6
2025-08-13,2025-08-13 11:20:22.400,MO2508-C-7500,1.4,1.4,1.6
2025-08-13,2025-08-13 11:20:24.400,MO2508-C-7500,1.4,1.4,1.6
2025-08-13,2025-08-13 11:20:25.400,MO2508-C-7500,1.4,1.4,1.6
2025-08-13,2025-08-13 11:20:28.900,MO2508-C-7500,1.4,1.4,1.6
2025-08-13,2025-08-13 11:20:29.400,MO2508-C-7500,1.4,1.4,1.6
2025-08-13,2025-08-13 11:20:35.400,MO2508-C-7500,1.4,1.4,1.6
2025-08-13,2025-08-13 11:20:35.900,MO2508-C-7500,1.4,1.4,1.6
2025-08-13,2025-08-13 11:20:36.400,MO2508-C-7500,1.4,1.4,1.6
2025-08-13,2025-08-13 11:20:36.900,MO2508-C-7500,1.4,1.4,1.6
2025-08-13,2025-08-13 11:20:37.400,MO2508-C-7500,1.4,1.4,1.6
2025-08-13,2025-08-13 11:20:38.900,MO2508-C-7500,1.4,1.4,1.6
2025-08-13,2025-08-13 11:20:39.400,MO2508-C-7500,1.4,1.4,1.6
2025-08-13,2025-08-13 11:20:45.900,MO2508-C-7500,1.4,1.4,1.6
2025-08-13,2025-08-13 11:20:48.400,MO2508-C-7500,1.4,1.4,1.6
2025-08-13,2025-08-13 11:20:48.900,MO2508-C-7500,1.4,1.4,1.6
2025-08-13,2025-08-13 11:20:49.400,MO2508-C-7500,1.4,1.4,1.6
2025-08-13,2025-08-13 11:20:49.900,MO2508-C-7500,1.4,1.4,1.6
2025-08-13,2025-08-13 11:20:51.400,MO2508-C-7500,1.4,1.4,1.6
2025-08-13,2025-08-13 11:20:51.900,MO2508-C-7500,1.4,1.4,1.6
2025-08-13,2025-08-13 11:20:52.400,MO2508-C-7500,1.4,1.4,1.6
2025-08-13,2025-08-13 11:20:52.900,MO2508-C-7500,1.4,1.4,1.6
2025-08-13,2025-08-13 11:20:53.900,MO2508-C-7500,1.4,1.4,1.6
2025-08-13,2025-08-13 11:20:58.900,MO2508-C-7500,1.4,1.4,1.6
2025-08-13,2025-08-13 11:20:59.400,MO2508-C-7500,1.4,1.4,1.6
2025-08-13,2025-08-13 11:21:00.900,MO2508-C-7500,1.4,1.4,1.6
2025-08-13,2025-08-13 11:21:06.900,MO2508-C-7500,1.4,1.4,1.6
2025-08-13,2025-08-13 11:21:07.400,MO2508-C-7500,1.4,1.4,1.6
2025-08-13,2025-08-13 11:21:07.900,MO2508-C-7500,1.4,1.4,1.6
2025-08-13,2025-08-13 11:21:08.400,MO2508-C-7500,1.4,1.4,1.6
2025-08-13,2025-08-13 11:21:08.900,MO2508-C-7500,1.4,1.4,1.6
2025-08-13,2025-08-13 11:21:09.400,MO2508-C-7500,1.4,1.4,1.6
2025-08-13,2025-08-13 11:21:09.900,MO2508-C-7500,1.4,1.4,1.6
2025-08-13,2025-08-13 11:21:10.900,MO2508-C-7500,1.4,1.4,1.6
2025-08-13,2025-08-13 11:21:13.400,MO2508-C-7500,1.4,1.4,1.6
2025-08-13,2025-08-13 11:21:14.900,MO2508-C-7500,1.4,1.4,1.6
2025-08-13,2025-08-13 11:21:15.400,MO2508-C-7500,1.4,1.4,1.6
2025-08-13,2025-08-13 11:21:18.400,MO2508-C-7500,1.4,1.4,1.6
2025-08-13,2025-08-13 11:21:18.900,MO2508-C-7500,1.4,1.4,1.6
2025-08-13,2025-08-13 11:21:19.400,MO2508-C-7500,1.4,1.4,1.6
2025-08-13,2025-08-13 11:21:20.400,MO2508-C-7500,1.4,1.4,1.6
2025-08-13,2025-08-13 11:21:20.900,MO2508-C-7500,1.4,1.4,1.6
2025-08-13,2025-08-13 11:21:22.400,MO2508-C-7500,1.4,1.4,1.6
2025-08-13,2025-08-13 11:21:23.900,MO2508-C-7500,1.4,1.4,1.6
2025-08-13,2025-08-13 11:21:24.900,MO2508-C-7500,1.4,1.4,1.6
2025-08-13,2025-08-13 11:21:25.400,MO2508-C-7500,1.4,1.4,1.6
2025-08-13,2025-08-13 11:21:28.900,MO2508-C-7500,1.4,1.4,1.6
2025-08-13,2025-08-13 11:21:29.400,MO2508-C-7500,1.4,1.4,1.6
2025-08-13,2025-08-13 11:21:32.400,MO2508-C-7500,1.4,1.4,1.6
2025-08-13,2025-08-13 11:21:34.400,MO2508-C-7500,1.4,1.4,1.6
2025-08-13,2025-08-13 11:21:34.900,MO2508-C-7500,1.6,1.4,1.6
2025-08-13,2025-08-13 11:21:35.900,MO2508-C-7500,1.6,1.4,1.6
2025-08-13,2025-08-13 11:21:36.400,MO2508-C-7500,1.4,1.4,1.6
2025-08-13,2025-08-13 11:21:36.900,MO2508-C-7500,1.4,1.4,1.6
2025-08-13,2025-08-13 11:21:38.400,MO2508-C-7500,1.4,1.4,1.6
2025-08-13,2025-08-13 11:21:38.900,MO2508-C-7500,1.4,1.4,1.6
2025-08-13,2025-08-13 11:21:39.400,MO2508-C-7500,1.4,1.4,1.6
2025-08-13,2025-08-13 11:21:43.900,MO2508-C-7500,1.4,1.4,1.6
2025-08-13,2025-08-13 11:21:45.900,MO2508-C-7500,1.4,1.4,1.6
2025-08-13,2025-08-13 11:21:46.400,MO2508-C-7500,1.4,1.4,1.6
2025-08-13,2025-08-13 11:21:48.900,MO2508-C-7500,1.4,1.4,1.6
2025-08-13,2025-08-13 11:21:49.400,MO2508-C-7500,1.4,1.4,1.6
2025-08-13,2025-08-13 11:21:58.900,MO2508-C-7500,1.4,1.4,1.6
2025-08-13,2025-08-13 11:21:59.400,MO2508-C-7500,1.4,1.4,1.6
2025-08-13,2025-08-13 11:22:08.900,MO2508-C-7500,1.4,1.4,1.6
2025-08-13,2025-08-13 11:22:09.400,MO2508-C-7500,1.4,1.4,1.6
2025-08-13,2025-08-13 11:22:18.900,MO2508-C-7500,1.4,1.4,1.6
2025-08-13,2025-08-13 11:22:19.400,MO2508-C-7500,1.4,1.4,1.6
2025-08-13,2025-08-13 11:22:28.900,MO2508-C-7500,1.4,1.4,1.6
2025-08-13,2025-08-13 11:22:29.400,MO2508-C-7500,1.4,1.4,1.6
2025-08-13,2025-08-13 11:22:30.900,MO2508-C-7500,1.4,1.4,1.6
2025-08-13,2025-08-13 11:22:32.400,MO2508-C-7500,1.4,1.4,1.6
2025-08-13,2025-08-13 11:22:32.900,MO2508-C-7500,1.4,1.2,1.6
2025-08-13,2025-08-13 11:22:33.400,MO2508-C-7500,1.4,1.2,1.6
2025-08-13,2025-08-13 11:22:40.400,MO2508-C-7500,1.4,1.2,1.6
2025-08-13,2025-08-13 11:22:43.900,MO2508-C-7500,1.4,1.2,1.6
2025-08-13,2025-08-13 11:22:44.400,MO2508-C-7500,1.4,1.2,1.6
2025-08-13,2025-08-13 11:22:44.900,MO2508-C-7500,1.4,1.2,1.6
2025-08-13,2025-08-13 11:22:48.900,MO2508-C-7500,1.4,1.2,1.6
2025-08-13,2025-08-13 11:22:49.400,MO2508-C-7500,1.4,1.2,1.6
2025-08-13,2025-08-13 11:22:52.900,MO2508-C-7500,1.4,1.2,1.6
2025-08-13,2025-08-13 11:22:58.900,MO2508-C-7500,1.4,1.2,1.6
2025-08-13,2025-08-13 11:22:59.400,MO2508-C-7500,1.4,1.2,1.6
2025-08-13,2025-08-13 11:23:01.900,MO2508-C-7500,1.4,1.2,1.6
2025-08-13,2025-08-13 11:23:08.900,MO2508-C-7500,1.4,1.2,1.6
2025-08-13,2025-08-13 11:23:09.400,MO2508-C-7500,1.4,1.2,1.6
2025-08-13,2025-08-13 11:23:12.400,MO2508-C-7500,1.4,1.2,1.6
2025-08-13,2025-08-13 11:23:14.900,MO2508-C-7500,1.4,1.2,1.6
2025-08-13,2025-08-13 11:23:15.900,MO2508-C-7500,1.4,1.2,1.6
2025-08-13,2025-08-13 11:23:16.400,MO2508-C-7500,1.4,1.2,1.6
2025-08-13,2025-08-13 11:23:18.900,MO2508-C-7500,1.4,1.2,1.6
2025-08-13,2025-08-13 11:23:19.400,MO2508-C-7500,1.4,1.2,1.6
2025-08-13,2025-08-13 11:23:25.400,MO2508-C-7500,1.4,1.2,1.6
2025-08-13,2025-08-13 11:23:28.900,MO2508-C-7500,1.4,1.2,1.6
2025-08-13,2025-08-13 11:23:29.400,MO2508-C-7500,1.4,1.2,1.6
2025-08-13,2025-08-13 11:23:36.400,MO2508-C-7500,1.4,1.2,1.6
2025-08-13,2025-08-13 11:23:36.900,MO2508-C-7500,1.4,1.2,1.6
2025-08-13,2025-08-13 11:23:37.400,MO2508-C-7500,1.4,1.2,1.6
2025-08-13,2025-08-13 11:23:37.900,MO2508-C-7500,1.4,1.2,1.6
2025-08-13,2025-08-13 11:23:38.400,MO2508-C-7500,1.4,1.2,1.6
2025-08-13,2025-08-13 11:23:38.900,MO2508-C-7500,1.4,1.2,1.6
2025-08-13,2025-08-13 11:23:39.400,MO2508-C-7500,1.4,1.2,1.6
2025-08-13,2025-08-13 11:23:39.900,MO2508-C-7500,1.4,1.2,1.6
2025-08-13,2025-08-13 11:23:40.400,MO2508-C-7500,1.4,1.2,1.6
2025-08-13,2025-08-13 11:23:44.900,MO2508-C-7500,1.4,1.2,1.6
2025-08-13,2025-08-13 11:23:45.400,MO2508-C-7500,1.4,1.2,1.6
2025-08-13,2025-08-13 11:23:46.400,MO2508-C-7500,1.4,1.2,1.6
2025-08-13,2025-08-13 11:23:46.900,MO2508-C-7500,1.4,1.2,1.6
2025-08-13,2025-08-13 11:23:47.400,MO2508-C-7500,1.4,1.2,1.6
2025-08-13,2025-08-13 11:23:48.400,MO2508-C-7500,1.4,1.4,1.6
2025-08-13,2025-08-13 11:23:48.900,MO2508-C-7500,1.4,1.4,1.6
2025-08-13,2025-08-13 11:23:49.400,MO2508-C-7500,1.4,1.4,1.6
2025-08-13,2025-08-13 11:23:49.900,MO2508-C-7500,1.4,1.4,1.6
2025-08-13,2025-08-13 11:23:50.400,MO2508-C-7500,1.4,1.4,1.6
2025-08-13,2025-08-13 11:23:51.900,MO2508-C-7500,1.4,1.4,1.6
2025-08-13,2025-08-13 11:23:54.400,MO2508-C-7500,1.4,1.4,1.6
2025-08-13,2025-08-13 11:23:54.900,MO2508-C-7500,1.4,1.4,1.6
2025-08-13,2025-08-13 11:23:55.900,MO2508-C-7500,1.4,1.4,1.6
2025-08-13,2025-08-13 11:23:56.400,MO2508-C-7500,1.4,1.4,1.6
2025-08-13,2025-08-13 11:23:57.900,MO2508-C-7500,1.4,1.4,1.6
2025-08-13,2025-08-13 11:23:58.400,MO2508-C-7500,1.4,1.4,1.6
2025-08-13,2025-08-13 11:23:58.900,MO2508-C-7500,1.4,1.4,1.6
2025-08-13,2025-08-13 11:23:59.400,MO2508-C-7500,1.4,1.4,1.6
2025-08-13,2025-08-13 11:24:00.400,MO2508-C-7500,1.4,1.4,1.6
2025-08-13,2025-08-13 11:24:01.900,MO2508-C-7500,1.4,1.4,1.6
2025-08-13,2025-08-13 11:24:02.400,MO2508-C-7500,1.4,1.4,1.6
2025-08-13,2025-08-13 11:24:02.900,MO2508-C-7500,1.6,1.4,1.6
2025-08-13,2025-08-13 11:24:03.400,MO2508-C-7500,1.6,1.4,1.6
2025-08-13,2025-08-13 11:24:03.900,MO2508-C-7500,1.6,1.4,1.6
2025-08-13,2025-08-13 11:24:04.900,MO2508-C-7500,1.6,1.4,1.6
2025-08-13,2025-08-13 11:24:06.900,MO2508-C-7500,1.6,1.4,1.6
2025-08-13,2025-08-13 11:24:07.400,MO2508-C-7500,1.6,1.4,1.6
2025-08-13,2025-08-13 11:24:07.900,MO2508-C-7500,1.6,1.4,1.6
2025-08-13,2025-08-13 11:24:08.400,MO2508-C-7500,1.6,1.4,1.6
2025-08-13,2025-08-13 11:24:08.900,MO2508-C-7500,1.6,1.4,1.6
2025-08-13,2025-08-13 11:24:09.400,MO2508-C-7500,1.6,1.4,1.6
2025-08-13,2025-08-13 11:24:09.900,MO2508-C-7500,1.6,1.4,1.6
2025-08-13,2025-08-13 11:24:18.900,MO2508-C-7500,1.6,1.4,1.6
2025-08-13,2025-08-13 11:24:19.400,MO2508-C-7500,1.6,1.4,1.6
2025-08-13,2025-08-13 11:24:20.400,MO2508-C-7500,1.6,1.4,1.6
2025-08-13,2025-08-13 11:24:20.900,MO2508-C-7500,1.6,1.4,1.6
2025-08-13,2025-08-13 11:24:23.400,MO2508-C-7500,1.6,1.4,1.6
2025-08-13,2025-08-13 11:24:23.900,MO2508-C-7500,1.6,1.4,1.6
2025-08-13,2025-08-13 11:24:24.400,MO2508-C-7500,1.6,1.4,1.6
2025-08-13,2025-08-13 11:24:24.900,MO2508-C-7500,1.6,1.4,1.6
2025-08-13,2025-08-13 11:24:25.900,MO2508-C-7500,1.6,1.4,1.6
2025-08-13,2025-08-13 11:24:26.400,MO2508-C-7500,1.6,1.4,1.6
2025-08-13,2025-08-13 11:24:26.900,MO2508-C-7500,1.6,1.4,1.6
2025-08-13,2025-08-13 11:24:28.900,MO2508-C-7500,1.6,1.4,1.6
2025-08-13,2025-08-13 11:24:29.400,MO2508-C-7500,1.6,1.4,1.6
2025-08-13,2025-08-13 11:24:32.900,MO2508-C-7500,1.6,1.4,1.6
2025-08-13,2025-08-13 11:24:33.400,MO2508-C-7500,1.6,1.4,1.6
2025-08-13,2025-08-13 11:24:34.900,MO2508-C-7500,1.6,1.4,1.6
2025-08-13,2025-08-13 11:24:35.400,MO2508-C-7500,1.6,1.4,1.6
2025-08-13,2025-08-13 11:24:38.900,MO2508-C-7500,1.6,1.4,1.6
2025-08-13,2025-08-13 11:24:39.400,MO2508-C-7500,1.6,1.4,1.6
2025-08-13,2025-08-13 11:24:45.900,MO2508-C-7500,1.6,1.4,1.6
2025-08-13,2025-08-13 11:24:46.400,MO2508-C-7500,1.6,1.4,1.6
2025-08-13,2025-08-13 11:24:46.900,MO2508-C-7500,1.6,1.4,1.6
2025-08-13,2025-08-13 11:24:47.900,MO2508-C-7500,1.6,1.4,1.6
2025-08-13,2025-08-13 11:24:48.900,MO2508-C-7500,1.6,1.4,1.6
2025-08-13,2025-08-13 11:24:49.400,MO2508-C-7500,1.6,1.4,1.6
2025-08-13,2025-08-13 11:24:51.400,MO2508-C-7500,1.6,1.4,1.6
2025-08-13,2025-08-13 11:24:51.900,MO2508-C-7500,1.6,1.4,1.6
2025-08-13,2025-08-13 11:24:57.400,MO2508-C-7500,1.6,1.4,1.6
2025-08-13,2025-08-13 11:24:58.900,MO2508-C-7500,1.4,1.4,1.6
2025-08-13,2025-08-13 11:24:59.400,MO2508-C-7500,1.4,1.4,1.6
2025-08-13,2025-08-13 11:24:59.900,MO2508-C-7500,1.4,1.4,1.6
2025-08-13,2025-08-13 11:25:02.400,MO2508-C-7500,1.4,1.4,1.6
2025-08-13,2025-08-13 11:25:02.900,MO2508-C-7500,1.4,1.4,1.6
2025-08-13,2025-08-13 11:25:03.400,MO2508-C-7500,1.4,1.4,1.6
2025-08-13,2025-08-13 11:25:03.900,MO2508-C-7500,1.4,1.4,1.6
2025-08-13,2025-08-13 11:25:04.400,MO2508-C-7500,1.4,1.4,1.6
2025-08-13,2025-08-13 11:25:04.900,MO2508-C-7500,1.4,1.4,1.6
2025-08-13,2025-08-13 11:25:05.400,MO2508-C-7500,1.4,1.4,1.6
2025-08-13,2025-08-13 11:25:08.900,MO2508-C-7500,1.4,1.4,1.6
2025-08-13,2025-08-13 11:25:09.400,MO2508-C-7500,1.4,1.4,1.6
2025-08-13,2025-08-13 11:25:09.900,MO2508-C-7500,1.4,1.4,1.6
2025-08-13,2025-08-13 11:25:10.400,MO2508-C-7500,1.4,1.4,1.6
2025-08-13,2025-08-13 11:25:10.900,MO2508-C-7500,1.4,1.4,1.6
2025-08-13,2025-08-13 11:25:14.400,MO2508-C-7500,1.4,1.4,1.6
2025-08-13,2025-08-13 11:25:14.900,MO2508-C-7500,1.4,1.4,1.6
2025-08-13,2025-08-13 11:25:15.400,MO2508-C-7500,1.4,1.4,1.6
2025-08-13,2025-08-13 11:25:15.900,MO2508-C-7500,1.4,1.4,1.6
2025-08-13,2025-08-13 11:25:16.400,MO2508-C-7500,1.4,1.4,1.6
2025-08-13,2025-08-13 11:25:18.900,MO2508-C-7500,1.4,1.4,1.6
2025-08-13,2025-08-13 11:25:19.400,MO2508-C-7500,1.4,1.4,1.6
2025-08-13,2025-08-13 11:25:21.400,MO2508-C-7500,1.4,1.4,1.6
2025-08-13,2025-08-13 11:25:21.900,MO2508-C-7500,1.4,1.4,1.6
2025-08-13,2025-08-13 11:25:22.400,MO2508-C-7500,1.4,1.4,1.6
2025-08-13,2025-08-13 11:25:22.900,MO2508-C-7500,1.4,1.4,1.6
2025-08-13,2025-08-13 11:25:24.900,MO2508-C-7500,1.4,1.4,1.6
2025-08-13,2025-08-13 11:25:28.900,MO2508-C-7500,1.4,1.4,1.6
2025-08-13,2025-08-13 11:25:29.400,MO2508-C-7500,1.4,1.4,1.6
2025-08-13,2025-08-13 11:25:32.900,MO2508-C-7500,1.4,1.4,1.6
2025-08-13,2025-08-13 11:25:33.400,MO2508-C-7500,1.4,1.4,1.6
2025-08-13,2025-08-13 11:25:38.900,MO2508-C-7500,1.4,1.4,1.6
2025-08-13,2025-08-13 11:25:39.400,MO2508-C-7500,1.4,1.4,1.6
2025-08-13,2025-08-13 11:25:46.400,MO2508-C-7500,1.4,1.4,1.6
2025-08-13,2025-08-13 11:25:46.900,MO2508-C-7500,1.4,1.4,1.6
2025-08-13,2025-08-13 11:25:48.900,MO2508-C-7500,1.4,1.4,1.6
2025-08-13,2025-08-13 11:25:49.400,MO2508-C-7500,1.4,1.4,1.6
2025-08-13,2025-08-13 11:25:49.900,MO2508-C-7500,1.4,1.4,1.6
2025-08-13,2025-08-13 11:25:54.400,MO2508-C-7500,1.4,1.4,1.6
2025-08-13,2025-08-13 11:25:58.900,MO2508-C-7500,1.4,1.4,1.6
2025-08-13,2025-08-13 11:25:59.400,MO2508-C-7500,1.4,1.4,1.6
2025-08-13,2025-08-13 11:26:00.400,MO2508-C-7500,1.4,1.4,1.8
2025-08-13,2025-08-13 11:26:00.900,MO2508-C-7500,1.4,1.4,1.8
2025-08-13,2025-08-13 11:26:01.900,MO2508-C-7500,1.4,1.6,1.8
2025-08-13,2025-08-13 11:26:02.400,MO2508-C-7500,1.4,1.6,1.8
2025-08-13,2025-08-13 11:26:02.900,MO2508-C-7500,1.6,1.6,1.8
2025-08-13,2025-08-13 11:26:03.400,MO2508-C-7500,1.6,1.6,1.8
2025-08-13,2025-08-13 11:26:03.900,MO2508-C-7500,1.6,1.6,1.8
2025-08-13,2025-08-13 11:26:07.400,MO2508-C-7500,1.6,1.6,1.8
2025-08-13,2025-08-13 11:26:07.900,MO2508-C-7500,1.6,1.6,1.8
2025-08-13,2025-08-13 11:26:08.900,MO2508-C-7500,1.6,1.6,1.8
2025-08-13,2025-08-13 11:26:09.400,MO2508-C-7500,1.6,1.6,1.8
2025-08-13,2025-08-13 11:26:09.900,MO2508-C-7500,1.8,1.6,1.8
2025-08-13,2025-08-13 11:26:10.900,MO2508-C-7500,1.8,1.6,1.8
2025-08-13,2025-08-13 11:26:11.400,MO2508-C-7500,1.8,1.6,1.8
2025-08-13,2025-08-13 11:26:11.900,MO2508-C-7500,1.8,1.6,1.8
2025-08-13,2025-08-13 11:26:12.400,MO2508-C-7500,1.8,1.6,1.8
2025-08-13,2025-08-13 11:26:12.900,MO2508-C-7500,1.8,1.6,1.8
2025-08-13,2025-08-13 11:26:14.400,MO2508-C-7500,1.8,1.6,1.8
2025-08-13,2025-08-13 11:26:14.900,MO2508-C-7500,1.8,1.6,1.8
2025-08-13,2025-08-13 11:26:15.900,MO2508-C-7500,1.8,1.6,1.8
2025-08-13,2025-08-13 11:26:17.400,MO2508-C-7500,1.8,1.6,1.8
2025-08-13,2025-08-13 11:26:18.400,MO2508-C-7500,1.8,1.6,1.8
2025-08-13,2025-08-13 11:26:18.900,MO2508-C-7500,1.8,1.6,1.8
2025-08-13,2025-08-13 11:26:19.400,MO2508-C-7500,1.8,1.6,1.8
2025-08-13,2025-08-13 11:26:20.900,MO2508-C-7500,1.8,1.6,1.8
2025-08-13,2025-08-13 11:26:21.400,MO2508-C-7500,1.8,1.6,1.8
2025-08-13,2025-08-13 11:26:23.900,MO2508-C-7500,1.8,1.6,1.8
2025-08-13,2025-08-13 11:26:24.400,MO2508-C-7500,1.8,1.6,1.8
2025-08-13,2025-08-13 11:26:27.400,MO2508-C-7500,1.8,1.6,1.8
2025-08-13,2025-08-13 11:26:28.900,MO2508-C-7500,1.8,1.6,1.8
2025-08-13,2025-08-13 11:26:29.400,MO2508-C-7500,1.8,1.6,1.8
2025-08-13,2025-08-13 11:26:30.400,MO2508-C-7500,1.8,1.6,1.8
2025-08-13,2025-08-13 11:26:32.400,MO2508-C-7500,1.8,1.6,1.8
2025-08-13,2025-08-13 11:26:34.400,MO2508-C-7500,1.8,1.6,1.8
2025-08-13,2025-08-13 11:26:38.900,MO2508-C-7500,1.8,1.6,1.8
2025-08-13,2025-08-13 11:26:39.400,MO2508-C-7500,1.8,1.6,1.8
2025-08-13,2025-08-13 11:26:40.400,MO2508-C-7500,1.8,1.6,1.8
2025-08-13,2025-08-13 11:26:40.900,MO2508-C-7500,1.8,1.6,1.8
2025-08-13,2025-08-13 11:26:41.400,MO2508-C-7500,1.8,1.6,1.8
2025-08-13,2025-08-13 11:26:44.400,MO2508-C-7500,1.8,1.6,1.8
2025-08-13,2025-08-13 11:26:44.900,MO2508-C-7500,1.8,1.6,1.8
2025-08-13,2025-08-13 11:26:45.400,MO2508-C-7500,1.8,1.6,1.8
2025-08-13,2025-08-13 11:26:45.900,MO2508-C-7500,1.8,1.6,1.8
2025-08-13,2025-08-13 11:26:48.900,MO2508-C-7500,1.8,1.6,1.8
2025-08-13,2025-08-13 11:26:49.400,MO2508-C-7500,1.8,1.6,1.8
2025-08-13,2025-08-13 11:26:49.900,MO2508-C-7500,1.8,1.6,1.8
2025-08-13,2025-08-13 11:26:52.900,MO2508-C-7500,1.8,1.6,1.8
2025-08-13,2025-08-13 11:26:56.400,MO2508-C-7500,1.8,1.6,1.8
2025-08-13,2025-08-13 11:26:56.900,MO2508-C-7500,1.8,1.6,1.8
2025-08-13,2025-08-13 11:26:57.400,MO2508-C-7500,1.8,1.6,1.8
2025-08-13,2025-08-13 11:26:58.900,MO2508-C-7500,1.8,1.6,1.8
2025-08-13,2025-08-13 11:26:59.400,MO2508-C-7500,1.8,1.6,1.8
2025-08-13,2025-08-13 11:27:00.400,MO2508-C-7500,1.8,1.6,1.8
2025-08-13,2025-08-13 11:27:02.900,MO2508-C-7500,1.8,1.6,1.8
2025-08-13,2025-08-13 11:27:03.400,MO2508-C-7500,1.8,1.6,1.8
2025-08-13,2025-08-13 11:27:03.900,MO2508-C-7500,1.8,1.6,1.8
2025-08-13,2025-08-13 11:27:08.900,MO2508-C-7500,1.8,1.6,1.8
2025-08-13,2025-08-13 11:27:09.400,MO2508-C-7500,1.8,1.6,1.8
2025-08-13,2025-08-13 11:27:11.900,MO2508-C-7500,1.8,1.6,1.8
2025-08-13,2025-08-13 11:27:15.400,MO2508-C-7500,1.8,1.6,2.0
2025-08-13,2025-08-13 11:27:15.900,MO2508-C-7500,1.8,1.6,2.0
2025-08-13,2025-08-13 11:27:16.400,MO2508-C-7500,1.8,1.6,2.0
2025-08-13,2025-08-13 11:27:16.900,MO2508-C-7500,1.8,1.6,2.0
2025-08-13,2025-08-13 11:27:17.400,MO2508-C-7500,1.8,1.6,2.0
2025-08-13,2025-08-13 11:27:17.900,MO2508-C-7500,1.8,1.8,2.0
2025-08-13,2025-08-13 11:27:18.400,MO2508-C-7500,1.8,1.8,2.0
2025-08-13,2025-08-13 11:27:18.900,MO2508-C-7500,1.8,1.8,2.0
2025-08-13,2025-08-13 11:27:19.400,MO2508-C-7500,1.8,1.8,2.0
2025-08-13,2025-08-13 11:27:20.900,MO2508-C-7500,1.8,1.8,2.0
2025-08-13,2025-08-13 11:27:21.400,MO2508-C-7500,1.8,1.8,2.0
2025-08-13,2025-08-13 11:27:25.400,MO2508-C-7500,1.8,1.8,2.0
2025-08-13,2025-08-13 11:27:25.900,MO2508-C-7500,1.8,1.8,2.0
2025-08-13,2025-08-13 11:27:27.400,MO2508-C-7500,1.8,1.8,2.0
2025-08-13,2025-08-13 11:27:28.900,MO2508-C-7500,1.8,1.8,2.0
2025-08-13,2025-08-13 11:27:29.400,MO2508-C-7500,1.8,1.8,2.0
2025-08-13,2025-08-13 11:27:34.400,MO2508-C-7500,1.8,1.8,2.0
2025-08-13,2025-08-13 11:27:34.900,MO2508-C-7500,1.8,1.8,2.0
2025-08-13,2025-08-13 11:27:35.400,MO2508-C-7500,1.8,1.8,2.0
2025-08-13,2025-08-13 11:27:37.400,MO2508-C-7500,1.8,1.8,2.0
2025-08-13,2025-08-13 11:27:37.900,MO2508-C-7500,1.8,1.8,2.0
2025-08-13,2025-08-13 11:27:38.400,MO2508-C-7500,1.8,1.8,2.0
2025-08-13,2025-08-13 11:27:38.900,MO2508-C-7500,1.8,1.8,2.0
2025-08-13,2025-08-13 11:27:39.400,MO2508-C-7500,1.8,1.8,2.0
2025-08-13,2025-08-13 11:27:39.900,MO2508-C-7500,1.8,1.8,2.0
2025-08-13,2025-08-13 11:27:42.900,MO2508-C-7500,1.8,1.8,2.0
2025-08-13,2025-08-13 11:27:44.400,MO2508-C-7500,1.8,1.8,2.0
2025-08-13,2025-08-13 11:27:44.900,MO2508-C-7500,1.8,1.8,2.0
2025-08-13,2025-08-13 11:27:45.400,MO2508-C-7500,1.8,1.8,2.0
2025-08-13,2025-08-13 11:27:48.400,MO2508-C-7500,1.8,1.8,2.0
2025-08-13,2025-08-13 11:27:48.900,MO2508-C-7500,1.8,1.8,2.0
2025-08-13,2025-08-13 11:27:49.400,MO2508-C-7500,1.8,1.8,2.0
2025-08-13,2025-08-13 11:27:50.400,MO2508-C-7500,1.8,1.8,2.0
2025-08-13,2025-08-13 11:27:50.900,MO2508-C-7500,1.8,1.8,2.0
2025-08-13,2025-08-13 11:27:51.900,MO2508-C-7500,1.8,1.8,2.0
2025-08-13,2025-08-13 11:27:52.900,MO2508-C-7500,1.8,1.8,2.0
2025-08-13,2025-08-13 11:27:54.400,MO2508-C-7500,1.8,1.8,2.0
2025-08-13,2025-08-13 11:27:54.900,MO2508-C-7500,2.0,1.8,2.0
2025-08-13,2025-08-13 11:27:55.400,MO2508-C-7500,1.8,1.8,2.0
2025-08-13,2025-08-13 11:27:55.900,MO2508-C-7500,1.8,1.8,2.0
2025-08-13,2025-08-13 11:27:56.400,MO2508-C-7500,1.8,1.8,2.0
2025-08-13,2025-08-13 11:27:57.900,MO2508-C-7500,1.8,1.8,2.0
2025-08-13,2025-08-13 11:27:58.400,MO2508-C-7500,1.8,1.8,2.0
2025-08-13,2025-08-13 11:27:58.900,MO2508-C-7500,1.8,1.8,2.0
2025-08-13,2025-08-13 11:27:59.400,MO2508-C-7500,1.8,1.8,2.0
2025-08-13,2025-08-13 11:27:59.900,MO2508-C-7500,1.8,1.8,2.0
2025-08-13,2025-08-13 11:28:00.400,MO2508-C-7500,1.8,1.8,2.0
2025-08-13,2025-08-13 11:28:06.900,MO2508-C-7500,1.8,1.8,2.0
2025-08-13,2025-08-13 11:28:07.400,MO2508-C-7500,1.8,1.8,2.0
2025-08-13,2025-08-13 11:28:08.900,MO2508-C-7500,1.8,1.8,2.0
2025-08-13,2025-08-13 11:28:09.400,MO2508-C-7500,1.8,1.8,2.0
2025-08-13,2025-08-13 11:28:10.400,MO2508-C-7500,1.8,1.8,2.0
2025-08-13,2025-08-13 11:28:12.900,MO2508-C-7500,1.8,1.8,2.0
2025-08-13,2025-08-13 11:28:13.900,MO2508-C-7500,1.8,1.8,2.0
2025-08-13,2025-08-13 11:28:14.400,MO2508-C-7500,1.8,1.8,2.0
2025-08-13,2025-08-13 11:28:18.900,MO2508-C-7500,1.8,1.8,2.0
2025-08-13,2025-08-13 11:28:19.400,MO2508-C-7500,1.8,1.8,2.0
2025-08-13,2025-08-13 11:28:22.900,MO2508-C-7500,1.8,1.8,2.0
2025-08-13,2025-08-13 11:28:24.900,MO2508-C-7500,1.8,1.8,2.0
2025-08-13,2025-08-13 11:28:28.900,MO2508-C-7500,1.8,1.8,2.0
2025-08-13,2025-08-13 11:28:29.400,MO2508-C-7500,1.8,1.8,2.0
2025-08-13,2025-08-13 11:28:33.400,MO2508-C-7500,1.8,1.8,2.0
2025-08-13,2025-08-13 11:28:33.900,MO2508-C-7500,1.8,1.8,2.0
2025-08-13,2025-08-13 11:28:35.900,MO2508-C-7500,1.8,1.8,2.0
2025-08-13,2025-08-13 11:28:36.400,MO2508-C-7500,1.8,1.8,2.0
2025-08-13,2025-08-13 11:28:38.900,MO2508-C-7500,1.8,1.8,2.0
2025-08-13,2025-08-13 11:28:39.400,MO2508-C-7500,1.8,1.8,2.0
2025-08-13,2025-08-13 11:28:44.400,MO2508-C-7500,1.8,1.8,2.0
2025-08-13,2025-08-13 11:28:46.400,MO2508-C-7500,1.8,1.8,2.0
2025-08-13,2025-08-13 11:28:46.900,MO2508-C-7500,1.8,1.8,2.0
2025-08-13,2025-08-13 11:28:48.900,MO2508-C-7500,1.8,1.8,2.0
2025-08-13,2025-08-13 11:28:49.400,MO2508-C-7500,1.8,1.8,2.0
2025-08-13,2025-08-13 11:28:49.900,MO2508-C-7500,2.0,1.8,2.0
2025-08-13,2025-08-13 11:28:50.400,MO2508-C-7500,2.0,1.8,2.0
2025-08-13,2025-08-13 11:28:51.400,MO2508-C-7500,2.0,1.8,2.0
2025-08-13,2025-08-13 11:28:51.900,MO2508-C-7500,2.0,1.8,2.0
2025-08-13,2025-08-13 11:28:52.900,MO2508-C-7500,2.0,1.8,2.0
2025-08-13,2025-08-13 11:28:54.400,MO2508-C-7500,2.0,1.8,2.0
2025-08-13,2025-08-13 11:28:57.900,MO2508-C-7500,2.0,1.8,2.0
2025-08-13,2025-08-13 11:28:58.900,MO2508-C-7500,2.0,1.8,2.0
2025-08-13,2025-08-13 11:28:59.400,MO2508-C-7500,2.0,1.8,2.0
2025-08-13,2025-08-13 11:28:59.900,MO2508-C-7500,2.0,1.8,2.0
2025-08-13,2025-08-13 11:29:00.900,MO2508-C-7500,1.8,1.8,2.0
2025-08-13,2025-08-13 11:29:01.400,MO2508-C-7500,1.8,1.8,2.0
2025-08-13,2025-08-13 11:29:01.900,MO2508-C-7500,1.8,1.8,2.0
2025-08-13,2025-08-13 11:29:03.900,MO2508-C-7500,1.8,1.8,2.0
2025-08-13,2025-08-13 11:29:04.900,MO2508-C-7500,1.8,1.8,2.0
2025-08-13,2025-08-13 11:29:05.400,MO2508-C-7500,1.8,1.8,2.0
2025-08-13,2025-08-13 11:29:05.900,MO2508-C-7500,1.8,1.8,2.0
2025-08-13,2025-08-13 11:29:07.900,MO2508-C-7500,2.0,1.8,2.2
2025-08-13,2025-08-13 11:29:08.400,MO2508-C-7500,2.0,1.8,2.2
2025-08-13,2025-08-13 11:29:08.900,MO2508-C-7500,2.0,1.8,2.2
2025-08-13,2025-08-13 11:29:09.400,MO2508-C-7500,2.0,1.8,2.2
2025-08-13,2025-08-13 11:29:10.900,MO2508-C-7500,2.0,1.8,2.2
2025-08-13,2025-08-13 11:29:11.900,MO2508-C-7500,2.0,1.8,2.2
2025-08-13,2025-08-13 11:29:18.900,MO2508-C-7500,2.0,1.8,2.2
2025-08-13,2025-08-13 11:29:19.400,MO2508-C-7500,2.0,1.8,2.2
2025-08-13,2025-08-13 11:29:20.900,MO2508-C-7500,2.0,1.8,2.2
2025-08-13,2025-08-13 11:29:22.400,MO2508-C-7500,2.0,1.8,2.2
2025-08-13,2025-08-13 11:29:22.900,MO2508-C-7500,2.0,1.8,2.2
2025-08-13,2025-08-13 11:29:28.900,MO2508-C-7500,2.0,1.8,2.2
2025-08-13,2025-08-13 11:29:29.400,MO2508-C-7500,2.0,1.8,2.2
2025-08-13,2025-08-13 11:29:30.900,MO2508-C-7500,2.0,1.8,2.2
2025-08-13,2025-08-13 11:29:31.400,MO2508-C-7500,2.0,1.8,2.2
2025-08-13,2025-08-13 11:29:31.900,MO2508-C-7500,2.0,1.8,2.2
2025-08-13,2025-08-13 11:29:32.400,MO2508-C-7500,2.0,1.8,2.2
2025-08-13,2025-08-13 11:29:32.900,MO2508-C-7500,2.0,1.8,2.2
2025-08-13,2025-08-13 11:29:33.900,MO2508-C-7500,2.0,1.8,2.2
2025-08-13,2025-08-13 11:29:34.900,MO2508-C-7500,2.0,1.8,2.2
2025-08-13,2025-08-13 11:29:35.400,MO2508-C-7500,2.0,1.8,2.2
2025-08-13,2025-08-13 11:29:36.400,MO2508-C-7500,2.0,1.8,2.2
2025-08-13,2025-08-13 11:29:36.900,MO2508-C-7500,2.0,1.8,2.2
2025-08-13,2025-08-13 11:29:37.400,MO2508-C-7500,2.0,1.8,2.2
2025-08-13,2025-08-13 11:29:38.900,MO2508-C-7500,2.0,1.8,2.2
2025-08-13,2025-08-13 11:29:39.400,MO2508-C-7500,2.0,1.8,2.2
2025-08-13,2025-08-13 11:29:41.400,MO2508-C-7500,2.0,1.8,2.2
2025-08-13,2025-08-13 11:29:42.900,MO2508-C-7500,2.0,1.8,2.2
2025-08-13,2025-08-13 11:29:44.900,MO2508-C-7500,2.0,1.8,2.2
2025-08-13,2025-08-13 11:29:45.900,MO2508-C-7500,2.0,1.8,2.4
2025-08-13,2025-08-13 11:29:46.400,MO2508-C-7500,2.0,1.8,2.4
2025-08-13,2025-08-13 11:29:46.900,MO2508-C-7500,2.0,1.8,16.8
2025-08-13,2025-08-13 11:29:47.400,MO2508-C-7500,2.0,1.8,16.8
2025-08-13,2025-08-13 11:29:48.400,MO2508-C-7500,2.0,1.8,16.8
2025-08-13,2025-08-13 11:29:48.900,MO2508-C-7500,2.0,1.8,2.4
2025-08-13,2025-08-13 11:29:49.400,MO2508-C-7500,2.0,1.8,2.4
2025-08-13,2025-08-13 11:29:52.400,MO2508-C-7500,2.0,1.8,2.4
2025-08-13,2025-08-13 11:29:52.900,MO2508-C-7500,2.0,1.8,2.4
2025-08-13,2025-08-13 11:29:59.900,MO2508-C-7500,2.0,1.8,2.4
2025-08-13,2025-08-13 13:00:00.400,MO2508-C-7500,2.0,2.0,2.2
2025-08-13,2025-08-13 13:00:00.900,MO2508-C-7500,2.0,2.0,2.2
2025-08-13,2025-08-13 13:00:01.400,MO2508-C-7500,2.2,2.0,2.4
2025-08-13,2025-08-13 13:00:01.900,MO2508-C-7500,2.2,2.0,2.4
2025-08-13,2025-08-13 13:00:02.900,MO2508-C-7500,2.2,2.0,2.4
2025-08-13,2025-08-13 13:00:09.400,MO2508-C-7500,2.2,2.0,2.4
2025-08-13,2025-08-13 13:00:09.900,MO2508-C-7500,2.2,2.0,2.4
2025-08-13,2025-08-13 13:00:10.400,MO2508-C-7500,2.2,2.0,2.4
2025-08-13,2025-08-13 13:00:10.900,MO2508-C-7500,2.2,2.0,2.4
2025-08-13,2025-08-13 13:00:11.400,MO2508-C-7500,2.2,2.0,2.2
2025-08-13,2025-08-13 13:00:12.900,MO2508-C-7500,2.2,2.0,2.2
2025-08-13,2025-08-13 13:00:13.900,MO2508-C-7500,2.2,2.0,2.2
2025-08-13,2025-08-13 13:00:14.400,MO2508-C-7500,2.2,2.0,2.2
2025-08-13,2025-08-13 13:00:14.900,MO2508-C-7500,2.2,2.0,2.2
2025-08-13,2025-08-13 13:00:15.400,MO2508-C-7500,2.2,2.0,2.2
2025-08-13,2025-08-13 13:00:16.900,MO2508-C-7500,2.2,2.0,2.2
2025-08-13,2025-08-13 13:00:17.400,MO2508-C-7500,2.2,2.0,2.2
2025-08-13,2025-08-13 13:00:17.900,MO2508-C-7500,2.2,2.0,2.2
2025-08-13,2025-08-13 13:00:18.400,MO2508-C-7500,2.2,2.0,2.2
2025-08-13,2025-08-13 13:00:19.400,MO2508-C-7500,2.2,2.0,2.2
2025-08-13,2025-08-13 13:00:20.400,MO2508-C-7500,2.2,2.0,2.2
2025-08-13,2025-08-13 13:00:20.900,MO2508-C-7500,2.2,2.0,2.2
2025-08-13,2025-08-13 13:00:21.400,MO2508-C-7500,2.2,2.0,2.2
2025-08-13,2025-08-13 13:00:22.900,MO2508-C-7500,2.0,2.0,2.2
2025-08-13,2025-08-13 13:00:23.400,MO2508-C-7500,2.0,2.0,2.2
2025-08-13,2025-08-13 13:00:24.900,MO2508-C-7500,2.2,2.0,2.2
2025-08-13,2025-08-13 13:00:25.400,MO2508-C-7500,2.2,2.0,2.2
2025-08-13,2025-08-13 13:00:29.900,MO2508-C-7500,2.2,2.0,2.2
2025-08-13,2025-08-13 13:00:30.400,MO2508-C-7500,2.2,2.0,2.2
2025-08-13,2025-08-13 13:00:31.400,MO2508-C-7500,2.2,2.0,2.2
2025-08-13,2025-08-13 13:00:33.400,MO2508-C-7500,2.2,2.0,2.2
2025-08-13,2025-08-13 13:00:36.900,MO2508-C-7500,2.2,2.0,2.2
2025-08-13,2025-08-13 13:00:37.400,MO2508-C-7500,2.2,2.0,2.2
2025-08-13,2025-08-13 13:00:37.900,MO2508-C-7500,2.2,2.0,2.2
2025-08-13,2025-08-13 13:00:40.900,MO2508-C-7500,2.2,2.0,2.2
2025-08-13,2025-08-13 13:00:43.400,MO2508-C-7500,2.2,2.0,2.2
2025-08-13,2025-08-13 13:00:45.900,MO2508-C-7500,2.2,2.0,2.2
2025-08-13,2025-08-13 13:00:46.400,MO2508-C-7500,2.2,2.0,2.2
2025-08-13,2025-08-13 13:00:50.400,MO2508-C-7500,2.2,2.0,2.2
2025-08-13,2025-08-13 13:00:50.900,MO2508-C-7500,2.2,2.0,2.2
2025-08-13,2025-08-13 13:00:51.400,MO2508-C-7500,2.2,2.0,2.2
2025-08-13,2025-08-13 13:00:52.900,MO2508-C-7500,2.2,2.0,2.4
2025-08-13,2025-08-13 13:00:53.400,MO2508-C-7500,2.2,2.0,2.4
2025-08-13,2025-08-13 13:00:53.900,MO2508-C-7500,2.2,2.0,2.4
2025-08-13,2025-08-13 13:00:54.400,MO2508-C-7500,2.2,2.0,2.4
2025-08-13,2025-08-13 13:00:54.900,MO2508-C-7500,2.2,2.2,2.4
2025-08-13,2025-08-13 13:00:55.400,MO2508-C-7500,2.2,2.2,2.4
2025-08-13,2025-08-13 13:00:56.400,MO2508-C-7500,2.4,2.2,2.4
2025-08-13,2025-08-13 13:00:56.900,MO2508-C-7500,2.4,2.2,2.4
2025-08-13,2025-08-13 13:00:57.400,MO2508-C-7500,2.4,2.2,2.4
2025-08-13,2025-08-13 13:00:57.900,MO2508-C-7500,2.4,2.2,2.4
2025-08-13,2025-08-13 13:00:58.400,MO2508-C-7500,2.4,2.2,2.4
2025-08-13,2025-08-13 13:00:58.900,MO2508-C-7500,2.4,2.2,2.4
2025-08-13,2025-08-13 13:00:59.400,MO2508-C-7500,2.4,2.2,2.4
2025-08-13,2025-08-13 13:01:00.400,MO2508-C-7500,2.4,2.2,2.4
2025-08-13,2025-08-13 13:01:00.900,MO2508-C-7500,2.4,2.2,2.4
2025-08-13,2025-08-13 13:01:01.400,MO2508-C-7500,2.4,2.2,2.4
2025-08-13,2025-08-13 13:01:01.900,MO2508-C-7500,2.4,2.2,2.4
2025-08-13,2025-08-13 13:01:02.400,MO2508-C-7500,2.4,2.2,2.4
2025-08-13,2025-08-13 13:01:02.900,MO2508-C-7500,2.4,2.2,2.4
2025-08-13,2025-08-13 13:01:04.400,MO2508-C-7500,2.4,2.2,2.4
2025-08-13,2025-08-13 13:01:04.900,MO2508-C-7500,2.2,2.2,2.4
2025-08-13,2025-08-13 13:01:05.400,MO2508-C-7500,2.2,2.2,2.4
2025-08-13,2025-08-13 13:01:06.400,MO2508-C-7500,2.2,2.2,2.4
2025-08-13,2025-08-13 13:01:06.900,MO2508-C-7500,2.2,2.2,2.4
2025-08-13,2025-08-13 13:01:07.400,MO2508-C-7500,2.2,2.2,2.4
2025-08-13,2025-08-13 13:01:07.900,MO2508-C-7500,2.2,2.2,2.4
2025-08-13,2025-08-13 13:01:08.400,MO2508-C-7500,2.2,2.2,2.4
2025-08-13,2025-08-13 13:01:08.900,MO2508-C-7500,2.2,2.2,2.4
2025-08-13,2025-08-13 13:01:10.900,MO2508-C-7500,2.2,2.2,2.4
2025-08-13,2025-08-13 13:01:11.900,MO2508-C-7500,2.2,2.2,2.4
2025-08-13,2025-08-13 13:01:13.400,MO2508-C-7500,2.2,2.2,2.4
2025-08-13,2025-08-13 13:01:13.900,MO2508-C-7500,2.2,2.2,2.4
2025-08-13,2025-08-13 13:01:14.400,MO2508-C-7500,2.2,2.2,2.4
2025-08-13,2025-08-13 13:01:15.900,MO2508-C-7500,2.4,2.2,2.4
2025-08-13,2025-08-13 13:01:16.400,MO2508-C-7500,2.4,2.2,2.4
2025-08-13,2025-08-13 13:01:16.900,MO2508-C-7500,2.4,2.2,2.4
2025-08-13,2025-08-13 13:01:17.400,MO2508-C-7500,2.4,2.2,2.4
2025-08-13,2025-08-13 13:01:17.900,MO2508-C-7500,2.4,2.2,2.4
2025-08-13,2025-08-13 13:01:18.400,MO2508-C-7500,2.4,2.2,2.4
2025-08-13,2025-08-13 13:01:18.900,MO2508-C-7500,2.4,2.2,2.4
2025-08-13,2025-08-13 13:01:19.400,MO2508-C-7500,2.4,2.2,2.4
2025-08-13,2025-08-13 13:01:21.900,MO2508-C-7500,2.4,2.2,2.4
2025-08-13,2025-08-13 13:01:23.900,MO2508-C-7500,2.4,2.2,2.4
2025-08-13,2025-08-13 13:01:24.400,MO2508-C-7500,2.4,2.2,2.4
2025-08-13,2025-08-13 13:01:25.400,MO2508-C-7500,2.4,2.2,2.4
2025-08-13,2025-08-13 13:01:25.900,MO2508-C-7500,2.4,2.2,2.4
2025-08-13,2025-08-13 13:01:26.400,MO2508-C-7500,2.4,2.2,2.4
2025-08-13,2025-08-13 13:01:26.900,MO2508-C-7500,2.4,2.2,2.4
2025-08-13,2025-08-13 13:01:27.400,MO2508-C-7500,2.4,2.2,2.4
2025-08-13,2025-08-13 13:01:28.400,MO2508-C-7500,2.4,2.2,2.4
2025-08-13,2025-08-13 13:01:28.900,MO2508-C-7500,2.2,2.0,2.4
2025-08-13,2025-08-13 13:01:29.400,MO2508-C-7500,2.2,2.2,2.4
2025-08-13,2025-08-13 13:01:29.900,MO2508-C-7500,2.2,2.2,2.4
2025-08-13,2025-08-13 13:01:30.400,MO2508-C-7500,2.2,2.2,2.4
2025-08-13,2025-08-13 13:01:31.400,MO2508-C-7500,2.2,2.0,2.4
2025-08-13,2025-08-13 13:01:31.900,MO2508-C-7500,2.2,2.2,2.4
2025-08-13,2025-08-13 13:01:32.400,MO2508-C-7500,2.2,2.2,2.4
2025-08-13,2025-08-13 13:01:32.900,MO2508-C-7500,2.2,2.2,2.4
2025-08-13,2025-08-13 13:01:36.900,MO2508-C-7500,2.2,2.0,2.2
2025-08-13,2025-08-13 13:01:37.400,MO2508-C-7500,2.2,2.0,2.4
2025-08-13,2025-08-13 13:01:37.900,MO2508-C-7500,2.2,2.0,2.4
2025-08-13,2025-08-13 13:01:38.400,MO2508-C-7500,2.2,2.2,2.4
2025-08-13,2025-08-13 13:01:38.900,MO2508-C-7500,2.2,2.2,2.4
2025-08-13,2025-08-13 13:01:39.400,MO2508-C-7500,2.2,2.2,2.4
2025-08-13,2025-08-13 13:01:41.400,MO2508-C-7500,2.2,2.0,2.2
2025-08-13,2025-08-13 13:01:41.900,MO2508-C-7500,2.2,2.0,2.2
2025-08-13,2025-08-13 13:01:42.400,MO2508-C-7500,2.2,2.0,2.2
2025-08-13,2025-08-13 13:01:44.400,MO2508-C-7500,2.2,2.0,2.2
2025-08-13,2025-08-13 13:01:48.400,MO2508-C-7500,2.2,2.0,2.2
2025-08-13,2025-08-13 13:01:48.900,MO2508-C-7500,2.2,2.0,2.2
2025-08-13,2025-08-13 13:01:52.400,MO2508-C-7500,2.2,2.0,2.2
2025-08-13,2025-08-13 13:01:52.900,MO2508-C-7500,2.2,2.0,2.2
2025-08-13,2025-08-13 13:01:58.400,MO2508-C-7500,2.2,2.0,2.2
2025-08-13,2025-08-13 13:01:58.900,MO2508-C-7500,2.2,2.0,2.2
2025-08-13,2025-08-13 13:02:03.400,MO2508-C-7500,2.2,2.0,2.2
2025-08-13,2025-08-13 13:02:06.900,MO2508-C-7500,2.2,2.0,2.2
2025-08-13,2025-08-13 13:02:07.400,MO2508-C-7500,2.0,2.0,2.2
2025-08-13,2025-08-13 13:02:07.900,MO2508-C-7500,2.0,2.0,2.2
2025-08-13,2025-08-13 13:02:08.400,MO2508-C-7500,2.0,2.0,2.2
2025-08-13,2025-08-13 13:02:08.900,MO2508-C-7500,2.0,2.0,2.2
2025-08-13,2025-08-13 13:02:09.900,MO2508-C-7500,2.0,2.0,2.2
2025-08-13,2025-08-13 13:02:10.400,MO2508-C-7500,2.0,2.0,2.2
2025-08-13,2025-08-13 13:02:11.400,MO2508-C-7500,2.0,2.0,2.2
2025-08-13,2025-08-13 13:02:11.900,MO2508-C-7500,2.0,2.0,2.2
2025-08-13,2025-08-13 13:02:12.400,MO2508-C-7500,2.0,2.0,2.2
2025-08-13,2025-08-13 13:02:14.900,MO2508-C-7500,2.0,2.0,2.2
2025-08-13,2025-08-13 13:02:18.400,MO2508-C-7500,2.0,2.0,2.2
2025-08-13,2025-08-13 13:02:18.900,MO2508-C-7500,2.0,2.0,2.2
2025-08-13,2025-08-13 13:02:19.900,MO2508-C-7500,2.0,2.0,2.2
2025-08-13,2025-08-13 13:02:23.400,MO2508-C-7500,2.0,2.0,2.2
2025-08-13,2025-08-13 13:02:24.900,MO2508-C-7500,2.0,2.0,2.2
2025-08-13,2025-08-13 13:02:26.400,MO2508-C-7500,2.0,2.0,2.2
2025-08-13,2025-08-13 13:02:27.400,MO2508-C-7500,2.0,2.0,2.2
2025-08-13,2025-08-13 13:02:28.400,MO2508-C-7500,2.0,2.0,2.2
2025-08-13,2025-08-13 13:02:28.900,MO2508-C-7500,2.0,2.0,2.2
2025-08-13,2025-08-13 13:02:29.400,MO2508-C-7500,2.0,2.0,2.2
2025-08-13,2025-08-13 13:02:32.900,MO2508-C-7500,2.0,2.0,2.2
2025-08-13,2025-08-13 13:02:34.400,MO2508-C-7500,2.0,2.0,2.2
2025-08-13,2025-08-13 13:02:35.900,MO2508-C-7500,2.0,2.0,2.2
2025-08-13,2025-08-13 13:02:38.400,MO2508-C-7500,2.0,2.0,2.2
2025-08-13,2025-08-13 13:02:38.900,MO2508-C-7500,2.0,2.0,2.2
2025-08-13,2025-08-13 13:02:39.400,MO2508-C-7500,2.0,2.0,2.2
2025-08-13,2025-08-13 13:02:42.400,MO2508-C-7500,2.0,2.0,2.2
2025-08-13,2025-08-13 13:02:42.900,MO2508-C-7500,2.0,2.0,2.2
2025-08-13,2025-08-13 13:02:43.400,MO2508-C-7500,2.0,2.0,2.2
2025-08-13,2025-08-13 13:02:43.900,MO2508-C-7500,2.0,2.0,2.2
2025-08-13,2025-08-13 13:02:44.400,MO2508-C-7500,2.0,2.0,2.2
2025-08-13,2025-08-13 13:02:44.900,MO2508-C-7500,2.0,2.0,2.2
2025-08-13,2025-08-13 13:02:45.400,MO2508-C-7500,2.0,2.0,2.2
2025-08-13,2025-08-13 13:02:45.900,MO2508-C-7500,2.0,2.0,2.2
2025-08-13,2025-08-13 13:02:46.400,MO2508-C-7500,2.0,2.0,2.2
2025-08-13,2025-08-13 13:02:48.400,MO2508-C-7500,2.0,2.0,2.2
2025-08-13,2025-08-13 13:02:48.900,MO2508-C-7500,2.2,2.0,2.2
2025-08-13,2025-08-13 13:02:52.400,MO2508-C-7500,2.2,2.0,2.2
2025-08-13,2025-08-13 13:02:52.900,MO2508-C-7500,2.2,2.0,2.2
2025-08-13,2025-08-13 13:02:55.400,MO2508-C-7500,2.2,2.0,2.2
2025-08-13,2025-08-13 13:02:55.900,MO2508-C-7500,2.2,2.0,2.2
2025-08-13,2025-08-13 13:02:57.400,MO2508-C-7500,2.2,2.0,2.2
2025-08-13,2025-08-13 13:02:58.400,MO2508-C-7500,2.2,2.0,2.2
2025-08-13,2025-08-13 13:02:58.900,MO2508-C-7500,2.2,2.0,2.2
2025-08-13,2025-08-13 13:03:00.400,MO2508-C-7500,2.2,2.0,2.2
2025-08-13,2025-08-13 13:03:01.900,MO2508-C-7500,2.2,2.0,2.2
2025-08-13,2025-08-13 13:03:02.900,MO2508-C-7500,2.2,2.0,2.2
2025-08-13,2025-08-13 13:03:04.900,MO2508-C-7500,2.2,2.0,2.2
2025-08-13,2025-08-13 13:03:05.900,MO2508-C-7500,2.2,2.0,2.2
2025-08-13,2025-08-13 13:03:06.400,MO2508-C-7500,2.2,2.0,2.2
2025-08-13,2025-08-13 13:03:07.400,MO2508-C-7500,2.2,2.0,2.2
2025-08-13,2025-08-13 13:03:08.400,MO2508-C-7500,2.2,2.0,2.2
2025-08-13,2025-08-13 13:03:08.900,MO2508-C-7500,2.2,2.0,2.2
2025-08-13,2025-08-13 13:03:09.400,MO2508-C-7500,2.2,2.0,2.2
2025-08-13,2025-08-13 13:03:14.400,MO2508-C-7500,2.2,2.2,2.4
2025-08-13,2025-08-13 13:03:14.900,MO2508-C-7500,2.2,2.2,2.4
2025-08-13,2025-08-13 13:03:15.400,MO2508-C-7500,2.2,2.2,2.4
2025-08-13,2025-08-13 13:03:18.400,MO2508-C-7500,2.2,2.2,2.4
2025-08-13,2025-08-13 13:03:18.900,MO2508-C-7500,2.2,2.2,2.4
2025-08-13,2025-08-13 13:03:19.400,MO2508-C-7500,2.2,2.2,2.4
2025-08-13,2025-08-13 13:03:20.400,MO2508-C-7500,2.2,2.2,2.4
2025-08-13,2025-08-13 13:03:21.400,MO2508-C-7500,2.2,2.2,2.4
2025-08-13,2025-08-13 13:03:21.900,MO2508-C-7500,2.2,2.2,2.4
2025-08-13,2025-08-13 13:03:23.400,MO2508-C-7500,2.2,2.2,2.4
2025-08-13,2025-08-13 13:03:25.400,MO2508-C-7500,2.2,2.2,2.4
2025-08-13,2025-08-13 13:03:25.900,MO2508-C-7500,2.2,2.2,2.4
2025-08-13,2025-08-13 13:03:26.400,MO2508-C-7500,2.2,2.2,2.4
2025-08-13,2025-08-13 13:03:26.900,MO2508-C-7500,2.2,2.2,2.4
2025-08-13,2025-08-13 13:03:28.400,MO2508-C-7500,2.2,2.2,2.4
2025-08-13,2025-08-13 13:03:28.900,MO2508-C-7500,2.2,2.2,2.4
2025-08-13,2025-08-13 13:03:30.400,MO2508-C-7500,2.2,2.2,2.4
2025-08-13,2025-08-13 13:03:32.900,MO2508-C-7500,2.2,2.2,2.4
2025-08-13,2025-08-13 13:03:33.400,MO2508-C-7500,2.2,2.2,2.4
2025-08-13,2025-08-13 13:03:33.900,MO2508-C-7500,2.2,2.2,2.4
2025-08-13,2025-08-13 13:03:34.400,MO2508-C-7500,2.2,2.2,2.4
2025-08-13,2025-08-13 13:03:36.400,MO2508-C-7500,2.2,2.2,2.4
2025-08-13,2025-08-13 13:03:36.900,MO2508-C-7500,2.2,2.2,2.4
2025-08-13,2025-08-13 13:03:38.400,MO2508-C-7500,2.2,2.2,2.4
2025-08-13,2025-08-13 13:03:38.900,MO2508-C-7500,2.2,2.2,2.4
2025-08-13,2025-08-13 13:03:39.400,MO2508-C-7500,2.2,2.2,2.4
2025-08-13,2025-08-13 13:03:40.900,MO2508-C-7500,2.2,2.2,2.4
2025-08-13,2025-08-13 13:03:48.400,MO2508-C-7500,2.2,2.2,2.4
2025-08-13,2025-08-13 13:03:48.900,MO2508-C-7500,2.2,2.2,2.4
2025-08-13,2025-08-13 13:03:52.900,MO2508-C-7500,2.2,2.2,2.4
2025-08-13,2025-08-13 13:03:53.400,MO2508-C-7500,2.2,2.2,2.4
2025-08-13,2025-08-13 13:03:56.900,MO2508-C-7500,2.2,2.2,2.4
2025-08-13,2025-08-13 13:03:57.400,MO2508-C-7500,2.2,2.2,2.4
2025-08-13,2025-08-13 13:03:58.400,MO2508-C-7500,2.2,2.2,2.4
2025-08-13,2025-08-13 13:03:58.900,MO2508-C-7500,2.2,2.2,2.4
2025-08-13,2025-08-13 13:03:59.400,MO2508-C-7500,2.2,2.2,2.4
2025-08-13,2025-08-13 13:04:00.900,MO2508-C-7500,2.2,2.2,2.4
2025-08-13,2025-08-13 13:04:02.400,MO2508-C-7500,2.2,2.2,2.4
2025-08-13,2025-08-13 13:04:03.400,MO2508-C-7500,2.2,2.2,2.4
2025-08-13,2025-08-13 13:04:04.900,MO2508-C-7500,2.2,2.2,2.4
2025-08-13,2025-08-13 13:04:05.400,MO2508-C-7500,2.2,2.2,2.4
2025-08-13,2025-08-13 13:04:06.400,MO2508-C-7500,2.2,2.2,2.4
2025-08-13,2025-08-13 13:04:08.400,MO2508-C-7500,2.2,2.2,2.4
2025-08-13,2025-08-13 13:04:08.900,MO2508-C-7500,2.2,2.2,2.4
2025-08-13,2025-08-13 13:04:12.900,MO2508-C-7500,2.2,2.2,2.4
2025-08-13,2025-08-13 13:04:13.400,MO2508-C-7500,2.2,2.2,2.4
2025-08-13,2025-08-13 13:04:14.400,MO2508-C-7500,2.2,2.2,2.4
2025-08-13,2025-08-13 13:04:14.900,MO2508-C-7500,2.2,2.2,2.4
2025-08-13,2025-08-13 13:04:15.400,MO2508-C-7500,2.2,2.2,2.4
2025-08-13,2025-08-13 13:04:18.400,MO2508-C-7500,2.2,2.2,2.4
2025-08-13,2025-08-13 13:04:18.900,MO2508-C-7500,2.2,2.2,2.4
2025-08-13,2025-08-13 13:04:26.400,MO2508-C-7500,2.2,2.2,2.4
2025-08-13,2025-08-13 13:04:27.400,MO2508-C-7500,2.2,2.2,2.4
2025-08-13,2025-08-13 13:04:28.400,MO2508-C-7500,2.2,2.2,2.4
2025-08-13,2025-08-13 13:04:28.900,MO2508-C-7500,2.2,2.2,2.4
2025-08-13,2025-08-13 13:04:31.400,MO2508-C-7500,2.2,2.2,2.4
2025-08-13,2025-08-13 13:04:32.400,MO2508-C-7500,2.2,2.2,2.4
2025-08-13,2025-08-13 13:04:32.900,MO2508-C-7500,2.2,2.2,2.4
2025-08-13,2025-08-13 13:04:33.400,MO2508-C-7500,2.2,2.2,2.4
2025-08-13,2025-08-13 13:04:38.400,MO2508-C-7500,2.2,2.2,2.4
2025-08-13,2025-08-13 13:04:38.900,MO2508-C-7500,2.2,2.2,2.4
2025-08-13,2025-08-13 13:04:43.900,MO2508-C-7500,2.2,2.2,2.4
2025-08-13,2025-08-13 13:04:44.400,MO2508-C-7500,2.4,2.2,2.4
2025-08-13,2025-08-13 13:04:45.900,MO2508-C-7500,2.4,2.2,2.4
2025-08-13,2025-08-13 13:04:48.400,MO2508-C-7500,2.4,2.2,2.4
2025-08-13,2025-08-13 13:04:48.900,MO2508-C-7500,2.4,2.2,2.4
2025-08-13,2025-08-13 13:04:52.400,MO2508-C-7500,2.4,2.2,2.4
2025-08-13,2025-08-13 13:04:54.400,MO2508-C-7500,2.4,2.2,2.4
2025-08-13,2025-08-13 13:04:55.400,MO2508-C-7500,2.4,2.2,2.4
2025-08-13,2025-08-13 13:04:56.900,MO2508-C-7500,2.4,2.2,2.4
2025-08-13,2025-08-13 13:04:58.400,MO2508-C-7500,2.4,2.2,2.4
2025-08-13,2025-08-13 13:04:58.900,MO2508-C-7500,2.4,2.2,2.4
2025-08-13,2025-08-13 13:05:00.400,MO2508-C-7500,2.4,2.2,2.4
2025-08-13,2025-08-13 13:05:01.400,MO2508-C-7500,2.4,2.4,2.6
2025-08-13,2025-08-13 13:05:01.900,MO2508-C-7500,2.4,2.4,2.6
2025-08-13,2025-08-13 13:05:02.400,MO2508-C-7500,2.4,2.4,2.6
2025-08-13,2025-08-13 13:05:02.900,MO2508-C-7500,2.4,2.4,2.6
2025-08-13,2025-08-13 13:05:04.400,MO2508-C-7500,2.4,2.4,2.6
2025-08-13,2025-08-13 13:05:04.900,MO2508-C-7500,2.4,2.2,2.6
2025-08-13,2025-08-13 13:05:05.400,MO2508-C-7500,2.4,2.4,2.6
2025-08-13,2025-08-13 13:05:05.900,MO2508-C-7500,2.4,2.4,2.6
2025-08-13,2025-08-13 13:05:06.400,MO2508-C-7500,2.4,2.4,2.6
2025-08-13,2025-08-13 13:05:06.900,MO2508-C-7500,2.4,2.4,2.6
2025-08-13,2025-08-13 13:05:07.400,MO2508-C-7500,2.4,2.4,2.6
2025-08-13,2025-08-13 13:05:08.400,MO2508-C-7500,2.4,2.4,2.6
2025-08-13,2025-08-13 13:05:08.900,MO2508-C-7500,2.4,2.4,2.6
2025-08-13,2025-08-13 13:05:09.900,MO2508-C-7500,2.4,2.4,2.6
2025-08-13,2025-08-13 13:05:10.400,MO2508-C-7500,2.4,2.4,2.6
2025-08-13,2025-08-13 13:05:12.400,MO2508-C-7500,2.4,2.4,2.6
2025-08-13,2025-08-13 13:05:12.900,MO2508-C-7500,2.4,2.4,2.6
2025-08-13,2025-08-13 13:05:13.400,MO2508-C-7500,2.4,2.4,2.6
2025-08-13,2025-08-13 13:05:13.900,MO2508-C-7500,2.4,2.4,2.6
2025-08-13,2025-08-13 13:05:15.900,MO2508-C-7500,2.4,2.4,2.6
2025-08-13,2025-08-13 13:05:16.400,MO2508-C-7500,2.4,2.4,2.6
2025-08-13,2025-08-13 13:05:16.900,MO2508-C-7500,2.4,2.4,2.6
2025-08-13,2025-08-13 13:05:17.400,MO2508-C-7500,2.4,2.4,2.6
2025-08-13,2025-08-13 13:05:18.400,MO2508-C-7500,2.4,2.4,2.6
2025-08-13,2025-08-13 13:05:18.900,MO2508-C-7500,2.4,2.4,2.6
2025-08-13,2025-08-13 13:05:19.400,MO2508-C-7500,2.4,2.4,2.6
2025-08-13,2025-08-13 13:05:20.900,MO2508-C-7500,2.4,2.4,2.6
2025-08-13,2025-08-13 13:05:21.400,MO2508-C-7500,2.4,2.4,2.6
2025-08-13,2025-08-13 13:05:21.900,MO2508-C-7500,2.4,2.4,2.6
2025-08-13,2025-08-13 13:05:22.400,MO2508-C-7500,2.4,2.4,2.6
2025-08-13,2025-08-13 13:05:22.900,MO2508-C-7500,2.4,2.4,2.6
2025-08-13,2025-08-13 13:05:23.400,MO2508-C-7500,2.4,2.4,2.6
2025-08-13,2025-08-13 13:05:23.900,MO2508-C-7500,2.4,2.4,2.6
2025-08-13,2025-08-13 13:05:24.400,MO2508-C-7500,2.4,2.4,2.6
2025-08-13,2025-08-13 13:05:26.400,MO2508-C-7500,2.4,2.4,2.6
2025-08-13,2025-08-13 13:05:27.400,MO2508-C-7500,2.4,2.4,2.6
2025-08-13,2025-08-13 13:05:27.900,MO2508-C-7500,2.4,2.4,2.6
2025-08-13,2025-08-13 13:05:28.400,MO2508-C-7500,2.4,2.4,2.6
2025-08-13,2025-08-13 13:05:28.900,MO2508-C-7500,2.4,2.4,2.6
2025-08-13,2025-08-13 13:05:29.400,MO2508-C-7500,2.4,2.4,2.6
2025-08-13,2025-08-13 13:05:30.400,MO2508-C-7500,2.4,2.4,2.6
2025-08-13,2025-08-13 13:05:31.900,MO2508-C-7500,2.4,2.4,2.6
2025-08-13,2025-08-13 13:05:33.400,MO2508-C-7500,2.4,2.4,2.6
2025-08-13,2025-08-13 13:05:33.900,MO2508-C-7500,2.4,2.4,2.6
2025-08-13,2025-08-13 13:05:34.900,MO2508-C-7500,2.4,2.4,2.6
2025-08-13,2025-08-13 13:05:35.400,MO2508-C-7500,2.4,2.4,2.6
2025-08-13,2025-08-13 13:05:35.900,MO2508-C-7500,2.4,2.4,2.6
2025-08-13,2025-08-13 13:05:36.400,MO2508-C-7500,2.4,2.4,2.6
2025-08-13,2025-08-13 13:05:36.900,MO2508-C-7500,2.4,2.4,2.6
2025-08-13,2025-08-13 13:05:37.400,MO2508-C-7500,2.4,2.4,2.6
2025-08-13,2025-08-13 13:05:37.900,MO2508-C-7500,2.4,2.4,2.6
2025-08-13,2025-08-13 13:05:38.400,MO2508-C-7500,2.4,2.4,2.6
2025-08-13,2025-08-13 13:05:38.900,MO2508-C-7500,2.4,2.4,2.6
2025-08-13,2025-08-13 13:05:39.400,MO2508-C-7500,2.4,2.4,2.6
2025-08-13,2025-08-13 13:05:40.900,MO2508-C-7500,2.4,2.4,2.6
2025-08-13,2025-08-13 13:05:41.400,MO2508-C-7500,2.4,2.4,2.6
2025-08-13,2025-08-13 13:05:41.900,MO2508-C-7500,2.4,2.4,2.6
2025-08-13,2025-08-13 13:05:42.400,MO2508-C-7500,2.4,2.4,2.6
2025-08-13,2025-08-13 13:05:43.900,MO2508-C-7500,2.4,2.4,2.6
2025-08-13,2025-08-13 13:05:45.400,MO2508-C-7500,2.4,2.4,2.6
2025-08-13,2025-08-13 13:05:46.400,MO2508-C-7500,2.4,2.4,2.6
2025-08-13,2025-08-13 13:05:46.900,MO2508-C-7500,2.4,2.4,2.6
2025-08-13,2025-08-13 13:05:47.400,MO2508-C-7500,2.4,2.4,2.6
2025-08-13,2025-08-13 13:05:48.400,MO2508-C-7500,2.4,2.4,2.6
2025-08-13,2025-08-13 13:05:48.900,MO2508-C-7500,2.4,2.4,2.6
2025-08-13,2025-08-13 13:05:49.400,MO2508-C-7500,2.4,2.4,2.6
2025-08-13,2025-08-13 13:05:49.900,MO2508-C-7500,2.4,2.4,2.6
2025-08-13,2025-08-13 13:05:51.400,MO2508-C-7500,2.4,2.4,2.6
2025-08-13,2025-08-13 13:05:51.900,MO2508-C-7500,2.4,2.4,2.6
2025-08-13,2025-08-13 13:05:52.400,MO2508-C-7500,2.4,2.4,2.6
2025-08-13,2025-08-13 13:05:53.400,MO2508-C-7500,2.4,2.4,2.6
2025-08-13,2025-08-13 13:05:54.400,MO2508-C-7500,2.4,2.4,2.6
2025-08-13,2025-08-13 13:05:54.900,MO2508-C-7500,2.4,2.4,2.6
2025-08-13,2025-08-13 13:05:55.900,MO2508-C-7500,2.4,2.4,2.6
2025-08-13,2025-08-13 13:05:56.400,MO2508-C-7500,2.4,2.4,2.6
2025-08-13,2025-08-13 13:05:57.900,MO2508-C-7500,2.4,2.4,2.6
2025-08-13,2025-08-13 13:05:58.400,MO2508-C-7500,2.4,2.4,2.6
2025-08-13,2025-08-13 13:05:58.900,MO2508-C-7500,2.4,2.4,2.6
2025-08-13,2025-08-13 13:05:59.400,MO2508-C-7500,2.4,2.4,2.6
2025-08-13,2025-08-13 13:06:01.400,MO2508-C-7500,2.4,2.4,2.6
2025-08-13,2025-08-13 13:06:02.900,MO2508-C-7500,2.4,2.4,2.6
2025-08-13,2025-08-13 13:06:03.400,MO2508-C-7500,2.4,2.4,2.6
2025-08-13,2025-08-13 13:06:04.900,MO2508-C-7500,2.4,2.4,2.6
2025-08-13,2025-08-13 13:06:06.400,MO2508-C-7500,2.4,2.4,2.6
2025-08-13,2025-08-13 13:06:08.400,MO2508-C-7500,2.4,2.4,2.6
2025-08-13,2025-08-13 13:06:08.900,MO2508-C-7500,2.4,2.4,2.6
2025-08-13,2025-08-13 13:06:09.900,MO2508-C-7500,2.4,2.4,2.6
2025-08-13,2025-08-13 13:06:10.400,MO2508-C-7500,2.4,2.4,2.6
2025-08-13,2025-08-13 13:06:10.900,MO2508-C-7500,2.4,2.4,2.6
2025-08-13,2025-08-13 13:06:11.900,MO2508-C-7500,2.4,2.2,2.6
2025-08-13,2025-08-13 13:06:12.400,MO2508-C-7500,2.4,2.2,2.6
2025-08-13,2025-08-13 13:06:12.900,MO2508-C-7500,2.4,2.2,2.4
2025-08-13,2025-08-13 13:06:13.400,MO2508-C-7500,2.4,2.2,2.4
2025-08-13,2025-08-13 13:06:13.900,MO2508-C-7500,2.4,2.2,2.6
2025-08-13,2025-08-13 13:06:14.400,MO2508-C-7500,2.4,2.2,2.6
2025-08-13,2025-08-13 13:06:16.900,MO2508-C-7500,2.4,2.2,2.4
2025-08-13,2025-08-13 13:06:17.400,MO2508-C-7500,2.4,2.2,2.4
2025-08-13,2025-08-13 13:06:17.900,MO2508-C-7500,2.4,2.2,2.4
2025-08-13,2025-08-13 13:06:18.400,MO2508-C-7500,2.4,2.2,2.4
2025-08-13,2025-08-13 13:06:18.900,MO2508-C-7500,2.4,2.2,2.4
2025-08-13,2025-08-13 13:06:19.400,MO2508-C-7500,2.4,2.2,2.4
2025-08-13,2025-08-13 13:06:21.900,MO2508-C-7500,2.4,2.2,2.4
2025-08-13,2025-08-13 13:06:22.900,MO2508-C-7500,2.4,2.2,2.4
2025-08-13,2025-08-13 13:06:23.400,MO2508-C-7500,2.4,2.2,2.4
2025-08-13,2025-08-13 13:06:28.900,MO2508-C-7500,2.4,2.2,2.4
2025-08-13,2025-08-13 13:06:29.400,MO2508-C-7500,2.4,2.2,2.4
2025-08-13,2025-08-13 13:06:31.400,MO2508-C-7500,2.4,2.2,2.4
2025-08-13,2025-08-13 13:06:31.900,MO2508-C-7500,2.4,2.2,2.4
2025-08-13,2025-08-13 13:06:33.400,MO2508-C-7500,2.4,2.2,2.4
2025-08-13,2025-08-13 13:06:33.900,MO2508-C-7500,2.4,2.2,2.4
2025-08-13,2025-08-13 13:06:35.400,MO2508-C-7500,2.4,2.2,2.4
2025-08-13,2025-08-13 13:06:35.900,MO2508-C-7500,2.2,2.2,2.4
2025-08-13,2025-08-13 13:06:37.400,MO2508-C-7500,2.2,2.2,2.4
2025-08-13,2025-08-13 13:06:37.900,MO2508-C-7500,2.2,2.2,2.4
2025-08-13,2025-08-13 13:06:38.900,MO2508-C-7500,2.2,2.2,2.4
2025-08-13,2025-08-13 13:06:39.400,MO2508-C-7500,2.2,2.2,2.4
2025-08-13,2025-08-13 13:06:39.900,MO2508-C-7500,2.2,2.2,2.4
2025-08-13,2025-08-13 13:06:40.400,MO2508-C-7500,2.2,2.2,2.4
2025-08-13,2025-08-13 13:06:40.900,MO2508-C-7500,2.2,2.2,2.4
2025-08-13,2025-08-13 13:06:41.900,MO2508-C-7500,2.2,2.2,2.4
2025-08-13,2025-08-13 13:06:42.400,MO2508-C-7500,2.2,2.2,2.4
2025-08-13,2025-08-13 13:06:42.900,MO2508-C-7500,2.2,2.2,2.4
2025-08-13,2025-08-13 13:06:43.400,MO2508-C-7500,2.2,2.2,2.4
2025-08-13,2025-08-13 13:06:43.900,MO2508-C-7500,2.2,2.2,2.4
2025-08-13,2025-08-13 13:06:44.400,MO2508-C-7500,2.2,2.2,2.4
2025-08-13,2025-08-13 13:06:44.900,MO2508-C-7500,2.2,2.2,2.4
2025-08-13,2025-08-13 13:06:45.400,MO2508-C-7500,2.2,2.2,2.4
2025-08-13,2025-08-13 13:06:45.900,MO2508-C-7500,2.2,2.2,2.4
2025-08-13,2025-08-13 13:06:46.900,MO2508-C-7500,2.4,2.2,2.4
2025-08-13,2025-08-13 13:06:47.400,MO2508-C-7500,2.4,2.2,2.4
2025-08-13,2025-08-13 13:06:47.900,MO2508-C-7500,2.4,2.2,2.4
2025-08-13,2025-08-13 13:06:48.400,MO2508-C-7500,2.4,2.2,2.4
2025-08-13,2025-08-13 13:06:48.900,MO2508-C-7500,2.2,2.2,2.4
2025-08-13,2025-08-13 13:06:49.400,MO2508-C-7500,2.2,2.2,2.4
2025-08-13,2025-08-13 13:06:49.900,MO2508-C-7500,2.2,2.2,2.4
2025-08-13,2025-08-13 13:06:50.400,MO2508-C-7500,2.2,2.2,2.4
2025-08-13,2025-08-13 13:06:55.900,MO2508-C-7500,2.2,2.2,2.4
2025-08-13,2025-08-13 13:06:56.900,MO2508-C-7500,2.2,2.2,2.4
2025-08-13,2025-08-13 13:06:58.900,MO2508-C-7500,2.2,2.2,2.4
2025-08-13,2025-08-13 13:06:59.400,MO2508-C-7500,2.2,2.2,2.4
2025-08-13,2025-08-13 13:07:04.400,MO2508-C-7500,2.2,2.2,2.4
2025-08-13,2025-08-13 13:07:06.900,MO2508-C-7500,2.2,2.2,2.4
2025-08-13,2025-08-13 13:07:07.400,MO2508-C-7500,2.2,2.2,2.4
2025-08-13,2025-08-13 13:07:08.400,MO2508-C-7500,2.2,2.2,2.4
2025-08-13,2025-08-13 13:07:08.900,MO2508-C-7500,2.2,2.2,2.4
2025-08-13,2025-08-13 13:07:09.400,MO2508-C-7500,2.2,2.2,2.4
2025-08-13,2025-08-13 13:07:14.400,MO2508-C-7500,2.2,2.2,2.4
2025-08-13,2025-08-13 13:07:14.900,MO2508-C-7500,2.2,2.2,2.4
2025-08-13,2025-08-13 13:07:15.400,MO2508-C-7500,2.2,2.2,2.4
2025-08-13,2025-08-13 13:07:17.400,MO2508-C-7500,2.2,2.2,2.4
2025-08-13,2025-08-13 13:07:17.900,MO2508-C-7500,2.2,2.2,2.4
2025-08-13,2025-08-13 13:07:18.900,MO2508-C-7500,2.2,2.2,2.4
2025-08-13,2025-08-13 13:07:19.400,MO2508-C-7500,2.2,2.2,2.4
2025-08-13,2025-08-13 13:07:19.900,MO2508-C-7500,2.2,2.2,2.4
2025-08-13,2025-08-13 13:07:20.400,MO2508-C-7500,2.2,2.2,2.4
2025-08-13,2025-08-13 13:07:20.900,MO2508-C-7500,2.2,2.2,2.4
2025-08-13,2025-08-13 13:07:24.400,MO2508-C-7500,2.2,2.2,2.4
2025-08-13,2025-08-13 13:07:27.400,MO2508-C-7500,2.2,2.2,2.4
2025-08-13,2025-08-13 13:07:27.900,MO2508-C-7500,2.2,2.2,2.4
2025-08-13,2025-08-13 13:07:28.400,MO2508-C-7500,2.2,2.2,2.4
2025-08-13,2025-08-13 13:07:28.900,MO2508-C-7500,2.2,2.2,2.4
2025-08-13,2025-08-13 13:07:29.400,MO2508-C-7500,2.2,2.2,2.4
2025-08-13,2025-08-13 13:07:30.400,MO2508-C-7500,2.2,2.2,2.4
2025-08-13,2025-08-13 13:07:35.900,MO2508-C-7500,2.2,2.2,2.4
2025-08-13,2025-08-13 13:07:38.900,MO2508-C-7500,2.2,2.2,2.4
2025-08-13,2025-08-13 13:07:39.400,MO2508-C-7500,2.2,2.2,2.4
2025-08-13,2025-08-13 13:07:41.400,MO2508-C-7500,2.2,2.2,2.4
2025-08-13,2025-08-13 13:07:46.400,MO2508-C-7500,2.2,2.2,2.4
2025-08-13,2025-08-13 13:07:48.900,MO2508-C-7500,2.2,2.2,2.4
2025-08-13,2025-08-13 13:07:49.400,MO2508-C-7500,2.2,2.2,2.4
2025-08-13,2025-08-13 13:07:51.900,MO2508-C-7500,2.2,2.2,2.4
2025-08-13,2025-08-13 13:07:52.400,MO2508-C-7500,2.2,2.2,2.4
2025-08-13,2025-08-13 13:07:55.400,MO2508-C-7500,2.2,2.2,2.4
2025-08-13,2025-08-13 13:07:57.900,MO2508-C-7500,2.2,2.2,2.4
2025-08-13,2025-08-13 13:07:58.400,MO2508-C-7500,2.2,2.2,2.4
2025-08-13,2025-08-13 13:07:58.900,MO2508-C-7500,2.2,2.2,2.4
2025-08-13,2025-08-13 13:07:59.400,MO2508-C-7500,2.2,2.2,2.4
2025-08-13,2025-08-13 13:08:02.400,MO2508-C-7500,2.4,2.2,2.4
2025-08-13,2025-08-13 13:08:03.400,MO2508-C-7500,2.4,2.2,2.4
2025-08-13,2025-08-13 13:08:03.900,MO2508-C-7500,2.4,2.2,2.4
2025-08-13,2025-08-13 13:08:04.400,MO2508-C-7500,2.4,2.2,2.4
2025-08-13,2025-08-13 13:08:04.900,MO2508-C-7500,2.4,2.2,2.4
2025-08-13,2025-08-13 13:08:05.400,MO2508-C-7500,2.4,2.2,2.4
2025-08-13,2025-08-13 13:08:06.400,MO2508-C-7500,2.4,2.2,2.4
2025-08-13,2025-08-13 13:08:07.400,MO2508-C-7500,2.4,2.2,2.4
2025-08-13,2025-08-13 13:08:07.900,MO2508-C-7500,2.4,2.2,2.4
2025-08-13,2025-08-13 13:08:08.900,MO2508-C-7500,2.4,2.2,2.4
2025-08-13,2025-08-13 13:08:09.400,MO2508-C-7500,2.4,2.2,2.4
2025-08-13,2025-08-13 13:08:09.900,MO2508-C-7500,2.4,2.2,2.4
2025-08-13,2025-08-13 13:08:10.400,MO2508-C-7500,2.4,2.2,2.4
2025-08-13,2025-08-13 13:08:13.900,MO2508-C-7500,2.4,2.2,2.4
2025-08-13,2025-08-13 13:08:16.400,MO2508-C-7500,2.4,2.2,2.4
2025-08-13,2025-08-13 13:08:17.900,MO2508-C-7500,2.4,2.2,2.4
2025-08-13,2025-08-13 13:08:18.400,MO2508-C-7500,2.4,2.2,2.4
2025-08-13,2025-08-13 13:08:18.900,MO2508-C-7500,2.4,2.2,2.4
2025-08-13,2025-08-13 13:08:19.400,MO2508-C-7500,2.4,2.2,2.4
2025-08-13,2025-08-13 13:08:20.900,MO2508-C-7500,2.4,2.2,2.4
2025-08-13,2025-08-13 13:08:21.400,MO2508-C-7500,2.4,2.2,2.4
2025-08-13,2025-08-13 13:08:24.400,MO2508-C-7500,2.4,2.2,2.4
2025-08-13,2025-08-13 13:08:24.900,MO2508-C-7500,2.4,2.2,2.4
2025-08-13,2025-08-13 13:08:27.400,MO2508-C-7500,2.4,2.2,2.4
2025-08-13,2025-08-13 13:08:28.900,MO2508-C-7500,2.4,2.2,2.4
2025-08-13,2025-08-13 13:08:29.400,MO2508-C-7500,2.4,2.2,2.4
2025-08-13,2025-08-13 13:08:32.400,MO2508-C-7500,2.4,2.2,2.4
2025-08-13,2025-08-13 13:08:33.900,MO2508-C-7500,2.4,2.2,2.4
2025-08-13,2025-08-13 13:08:35.900,MO2508-C-7500,2.4,2.2,2.4
2025-08-13,2025-08-13 13:08:36.400,MO2508-C-7500,2.4,2.2,2.4
2025-08-13,2025-08-13 13:08:38.900,MO2508-C-7500,2.4,2.2,2.4
2025-08-13,2025-08-13 13:08:39.400,MO2508-C-7500,2.4,2.2,2.4
2025-08-13,2025-08-13 13:08:43.400,MO2508-C-7500,2.4,2.2,2.4
2025-08-13,2025-08-13 13:08:48.400,MO2508-C-7500,2.4,2.2,2.4
2025-08-13,2025-08-13 13:08:48.900,MO2508-C-7500,2.4,2.2,2.4
2025-08-13,2025-08-13 13:08:49.400,MO2508-C-7500,2.4,2.2,2.4
2025-08-13,2025-08-13 13:08:52.400,MO2508-C-7500,2.4,2.2,2.4
2025-08-13,2025-08-13 13:08:52.900,MO2508-C-7500,2.4,2.2,2.4
2025-08-13,2025-08-13 13:08:57.400,MO2508-C-7500,2.4,2.2,2.4
2025-08-13,2025-08-13 13:08:58.900,MO2508-C-7500,2.4,2.2,2.4
2025-08-13,2025-08-13 13:08:59.400,MO2508-C-7500,2.4,2.2,2.4
2025-08-13,2025-08-13 13:08:59.900,MO2508-C-7500,2.4,2.2,2.4
2025-08-13,2025-08-13 13:09:00.400,MO2508-C-7500,2.4,2.2,2.4
2025-08-13,2025-08-13 13:09:00.900,MO2508-C-7500,2.4,2.2,2.4
2025-08-13,2025-08-13 13:09:01.900,MO2508-C-7500,2.4,2.2,2.4
2025-08-13,2025-08-13 13:09:02.900,MO2508-C-7500,2.4,2.2,2.4
2025-08-13,2025-08-13 13:09:04.900,MO2508-C-7500,2.4,2.2,2.4
2025-08-13,2025-08-13 13:09:05.400,MO2508-C-7500,2.4,2.2,2.4
2025-08-13,2025-08-13 13:09:06.400,MO2508-C-7500,2.4,2.2,2.4
2025-08-13,2025-08-13 13:09:08.900,MO2508-C-7500,2.4,2.2,2.4
2025-08-13,2025-08-13 13:09:09.400,MO2508-C-7500,2.4,2.2,2.4
2025-08-13,2025-08-13 13:09:10.900,MO2508-C-7500,2.4,2.2,2.4
2025-08-13,2025-08-13 13:09:11.400,MO2508-C-7500,2.4,2.2,2.4
2025-08-13,2025-08-13 13:09:12.400,MO2508-C-7500,2.4,2.2,2.4
2025-08-13,2025-08-13 13:09:13.900,MO2508-C-7500,2.4,2.2,2.4
2025-08-13,2025-08-13 13:09:16.900,MO2508-C-7500,2.2,2.2,2.4
2025-08-13,2025-08-13 13:09:17.400,MO2508-C-7500,2.2,2.2,2.4
2025-08-13,2025-08-13 13:09:17.900,MO2508-C-7500,2.2,2.2,2.4
2025-08-13,2025-08-13 13:09:18.400,MO2508-C-7500,2.2,2.2,2.4
2025-08-13,2025-08-13 13:09:18.900,MO2508-C-7500,2.2,2.2,2.4
2025-08-13,2025-08-13 13:09:19.400,MO2508-C-7500,2.2,2.2,2.4
2025-08-13,2025-08-13 13:09:19.900,MO2508-C-7500,2.2,2.2,2.4
2025-08-13,2025-08-13 13:09:21.900,MO2508-C-7500,2.4,2.2,2.4
2025-08-13,2025-08-13 13:09:22.400,MO2508-C-7500,2.4,2.2,2.4
2025-08-13,2025-08-13 13:09:22.900,MO2508-C-7500,2.4,2.2,2.4
2025-08-13,2025-08-13 13:09:28.900,MO2508-C-7500,2.4,2.2,2.4
2025-08-13,2025-08-13 13:09:29.400,MO2508-C-7500,2.4,2.2,2.4
2025-08-13,2025-08-13 13:09:29.900,MO2508-C-7500,2.4,2.2,2.4
2025-08-13,2025-08-13 13:09:31.900,MO2508-C-7500,2.4,2.2,2.4
2025-08-13,2025-08-13 13:09:33.400,MO2508-C-7500,2.4,2.2,2.4
2025-08-13,2025-08-13 13:09:33.900,MO2508-C-7500,2.4,2.2,2.4
2025-08-13,2025-08-13 13:09:38.400,MO2508-C-7500,2.4,2.2,2.4
2025-08-13,2025-08-13 13:09:38.900,MO2508-C-7500,2.4,2.2,2.4
2025-08-13,2025-08-13 13:09:39.400,MO2508-C-7500,2.4,2.2,2.4
2025-08-13,2025-08-13 13:09:41.900,MO2508-C-7500,2.4,2.2,2.4
2025-08-13,2025-08-13 13:09:42.900,MO2508-C-7500,2.4,2.2,2.4
2025-08-13,2025-08-13 13:09:43.400,MO2508-C-7500,2.4,2.2,2.4
2025-08-13,2025-08-13 13:09:46.900,MO2508-C-7500,2.4,2.2,2.4
2025-08-13,2025-08-13 13:09:48.900,MO2508-C-7500,2.4,2.2,2.4
2025-08-13,2025-08-13 13:09:49.400,MO2508-C-7500,2.4,2.2,2.4
2025-08-13,2025-08-13 13:09:49.900,MO2508-C-7500,2.4,2.2,2.4
2025-08-13,2025-08-13 13:09:51.900,MO2508-C-7500,2.4,2.2,2.6
2025-08-13,2025-08-13 13:09:52.400,MO2508-C-7500,2.4,2.4,2.6
2025-08-13,2025-08-13 13:09:52.900,MO2508-C-7500,2.4,2.4,2.6
2025-08-13,2025-08-13 13:09:53.400,MO2508-C-7500,2.4,2.4,2.6
2025-08-13,2025-08-13 13:09:54.400,MO2508-C-7500,2.4,2.4,2.6
2025-08-13,2025-08-13 13:09:54.900,MO2508-C-7500,2.4,2.4,2.6
2025-08-13,2025-08-13 13:09:57.400,MO2508-C-7500,2.4,2.4,2.6
2025-08-13,2025-08-13 13:09:57.900,MO2508-C-7500,2.4,2.4,2.6
2025-08-13,2025-08-13 13:09:58.900,MO2508-C-7500,2.4,2.4,2.6
2025-08-13,2025-08-13 13:09:59.400,MO2508-C-7500,2.4,2.4,2.6
2025-08-13,2025-08-13 13:09:59.900,MO2508-C-7500,2.4,2.4,2.6
2025-08-13,2025-08-13 13:10:00.900,MO2508-C-7500,2.4,2.4,2.6
2025-08-13,2025-08-13 13:10:01.400,MO2508-C-7500,2.4,2.4,2.6
2025-08-13,2025-08-13 13:10:02.400,MO2508-C-7500,2.4,2.4,2.6
2025-08-13,2025-08-13 13:10:02.900,MO2508-C-7500,2.4,2.4,2.6
2025-08-13,2025-08-13 13:10:03.900,MO2508-C-7500,2.4,2.4,2.6
2025-08-13,2025-08-13 13:10:04.400,MO2508-C-7500,2.4,2.4,2.6
2025-08-13,2025-08-13 13:10:04.900,MO2508-C-7500,2.4,2.4,2.6
2025-08-13,2025-08-13 13:10:05.400,MO2508-C-7500,2.4,2.4,2.6
2025-08-13,2025-08-13 13:10:05.900,MO2508-C-7500,2.4,2.4,2.6
2025-08-13,2025-08-13 13:10:06.900,MO2508-C-7500,2.4,2.4,2.6
2025-08-13,2025-08-13 13:10:07.400,MO2508-C-7500,2.4,2.4,2.6
2025-08-13,2025-08-13 13:10:07.900,MO2508-C-7500,2.4,2.4,2.6
2025-08-13,2025-08-13 13:10:08.400,MO2508-C-7500,2.4,2.4,2.6
2025-08-13,2025-08-13 13:10:08.900,MO2508-C-7500,2.4,2.4,2.6
2025-08-13,2025-08-13 13:10:09.400,MO2508-C-7500,2.4,2.4,2.6
2025-08-13,2025-08-13 13:10:11.900,MO2508-C-7500,2.4,2.4,2.6
2025-08-13,2025-08-13 13:10:12.400,MO2508-C-7500,2.6,2.4,2.6
2025-08-13,2025-08-13 13:10:18.900,MO2508-C-7500,2.6,2.4,2.6
2025-08-13,2025-08-13 13:10:19.400,MO2508-C-7500,2.6,2.4,2.6
2025-08-13,2025-08-13 13:10:19.900,MO2508-C-7500,2.6,2.4,2.6
2025-08-13,2025-08-13 13:10:20.400,MO2508-C-7500,2.6,2.4,2.6
2025-08-13,2025-08-13 13:10:25.400,MO2508-C-7500,2.6,2.4,2.6
2025-08-13,2025-08-13 13:10:26.400,MO2508-C-7500,2.6,2.4,2.6
2025-08-13,2025-08-13 13:10:28.400,MO2508-C-7500,2.6,2.4,2.6
2025-08-13,2025-08-13 13:10:28.900,MO2508-C-7500,2.6,2.4,2.6
2025-08-13,2025-08-13 13:10:29.400,MO2508-C-7500,2.6,2.4,2.6
2025-08-13,2025-08-13 13:10:30.400,MO2508-C-7500,2.6,2.4,2.6
2025-08-13,2025-08-13 13:10:30.900,MO2508-C-7500,2.6,2.4,2.6
2025-08-13,2025-08-13 13:10:35.900,MO2508-C-7500,2.6,2.4,2.6
2025-08-13,2025-08-13 13:10:36.400,MO2508-C-7500,2.6,2.4,2.6
2025-08-13,2025-08-13 13:10:37.900,MO2508-C-7500,2.6,2.4,2.6
2025-08-13,2025-08-13 13:10:38.400,MO2508-C-7500,2.6,2.4,2.6
2025-08-13,2025-08-13 13:10:38.900,MO2508-C-7500,2.6,2.4,2.6
2025-08-13,2025-08-13 13:10:39.400,MO2508-C-7500,2.6,2.4,2.6
2025-08-13,2025-08-13 13:10:39.900,MO2508-C-7500,2.6,2.4,2.6
2025-08-13,2025-08-13 13:10:40.400,MO2508-C-7500,2.6,2.4,2.6
2025-08-13,2025-08-13 13:10:40.900,MO2508-C-7500,2.6,2.4,2.6
2025-08-13,2025-08-13 13:10:41.400,MO2508-C-7500,2.6,2.4,2.6
2025-08-13,2025-08-13 13:10:42.400,MO2508-C-7500,2.8,2.4,2.8
2025-08-13,2025-08-13 13:10:42.900,MO2508-C-7500,2.8,2.4,2.8
2025-08-13,2025-08-13 13:10:43.900,MO2508-C-7500,2.8,2.4,2.8
2025-08-13,2025-08-13 13:10:47.400,MO2508-C-7500,2.8,2.4,2.8
2025-08-13,2025-08-13 13:10:47.900,MO2508-C-7500,2.8,2.4,2.8
2025-08-13,2025-08-13 13:10:48.900,MO2508-C-7500,2.8,2.4,2.8
2025-08-13,2025-08-13 13:10:49.400,MO2508-C-7500,2.8,2.4,2.8
2025-08-13,2025-08-13 13:10:50.400,MO2508-C-7500,2.8,2.4,2.8
2025-08-13,2025-08-13 13:10:53.400,MO2508-C-7500,2.8,2.6,2.8
2025-08-13,2025-08-13 13:10:53.900,MO2508-C-7500,2.8,2.6,2.8
2025-08-13,2025-08-13 13:10:54.400,MO2508-C-7500,2.8,2.6,2.8
2025-08-13,2025-08-13 13:10:56.900,MO2508-C-7500,2.8,2.6,2.8
2025-08-13,2025-08-13 13:10:57.400,MO2508-C-7500,2.8,2.6,2.8
2025-08-13,2025-08-13 13:10:58.900,MO2508-C-7500,2.8,2.6,2.8
2025-08-13,2025-08-13 13:10:59.400,MO2508-C-7500,2.8,2.6,2.8
2025-08-13,2025-08-13 13:10:59.900,MO2508-C-7500,2.8,2.6,2.8
2025-08-13,2025-08-13 13:11:00.400,MO2508-C-7500,2.8,2.6,2.8
2025-08-13,2025-08-13 13:11:00.900,MO2508-C-7500,2.8,2.6,2.8
2025-08-13,2025-08-13 13:11:01.400,MO2508-C-7500,2.8,2.6,2.8
2025-08-13,2025-08-13 13:11:02.400,MO2508-C-7500,2.8,2.6,2.8
2025-08-13,2025-08-13 13:11:03.400,MO2508-C-7500,2.8,2.6,2.8
2025-08-13,2025-08-13 13:11:04.900,MO2508-C-7500,2.8,2.6,2.8
2025-08-13,2025-08-13 13:11:05.900,MO2508-C-7500,2.8,2.6,2.8
2025-08-13,2025-08-13 13:11:06.400,MO2508-C-7500,2.8,2.6,2.8
2025-08-13,2025-08-13 13:11:07.900,MO2508-C-7500,2.8,2.6,2.8
2025-08-13,2025-08-13 13:11:08.900,MO2508-C-7500,2.8,2.6,2.8
2025-08-13,2025-08-13 13:11:09.400,MO2508-C-7500,2.8,2.6,2.8
2025-08-13,2025-08-13 13:11:10.400,MO2508-C-7500,2.8,2.6,2.8
2025-08-13,2025-08-13 13:11:10.900,MO2508-C-7500,2.8,2.6,2.8
2025-08-13,2025-08-13 13:11:12.900,MO2508-C-7500,2.8,2.6,2.8
2025-08-13,2025-08-13 13:11:13.400,MO2508-C-7500,2.8,2.6,2.8
2025-08-13,2025-08-13 13:11:16.900,MO2508-C-7500,2.8,2.6,2.8
2025-08-13,2025-08-13 13:11:17.400,MO2508-C-7500,2.8,2.6,2.8
2025-08-13,2025-08-13 13:11:17.900,MO2508-C-7500,2.6,2.6,2.8
2025-08-13,2025-08-13 13:11:18.400,MO2508-C-7500,2.6,2.6,2.8
2025-08-13,2025-08-13 13:11:18.900,MO2508-C-7500,2.6,2.6,2.8
2025-08-13,2025-08-13 13:11:19.400,MO2508-C-7500,2.6,2.6,2.8
2025-08-13,2025-08-13 13:11:19.900,MO2508-C-7500,2.6,2.6,2.8
2025-08-13,2025-08-13 13:11:20.400,MO2508-C-7500,2.6,2.4,2.6
2025-08-13,2025-08-13 13:11:20.900,MO2508-C-7500,2.6,2.4,2.6
2025-08-13,2025-08-13 13:11:21.400,MO2508-C-7500,2.6,2.4,2.6
2025-08-13,2025-08-13 13:11:22.900,MO2508-C-7500,2.6,2.4,2.6
2025-08-13,2025-08-13 13:11:23.400,MO2508-C-7500,2.6,2.4,2.6
2025-08-13,2025-08-13 13:11:24.400,MO2508-C-7500,2.6,2.4,2.6
2025-08-13,2025-08-13 13:11:25.400,MO2508-C-7500,2.6,2.4,2.6
2025-08-13,2025-08-13 13:11:25.900,MO2508-C-7500,2.6,2.4,2.6
2025-08-13,2025-08-13 13:11:26.900,MO2508-C-7500,2.6,2.4,2.6
2025-08-13,2025-08-13 13:11:27.400,MO2508-C-7500,2.6,2.4,2.6
2025-08-13,2025-08-13 13:11:27.900,MO2508-C-7500,2.6,2.4,2.6
2025-08-13,2025-08-13 13:11:28.400,MO2508-C-7500,2.6,2.4,2.6
2025-08-13,2025-08-13 13:11:28.900,MO2508-C-7500,2.6,2.4,2.6
2025-08-13,2025-08-13 13:11:29.400,MO2508-C-7500,2.6,2.4,2.6
2025-08-13,2025-08-13 13:11:29.900,MO2508-C-7500,2.6,2.4,2.6
2025-08-13,2025-08-13 13:11:30.400,MO2508-C-7500,2.6,2.4,2.6
2025-08-13,2025-08-13 13:11:30.900,MO2508-C-7500,2.6,2.4,2.6
2025-08-13,2025-08-13 13:11:31.400,MO2508-C-7500,2.6,2.4,2.6
2025-08-13,2025-08-13 13:11:31.900,MO2508-C-7500,2.6,2.4,2.6
2025-08-13,2025-08-13 13:11:32.400,MO2508-C-7500,2.6,2.4,2.6
2025-08-13,2025-08-13 13:11:34.400,MO2508-C-7500,2.6,2.4,2.6
2025-08-13,2025-08-13 13:11:34.900,MO2508-C-7500,2.6,2.4,2.6
2025-08-13,2025-08-13 13:11:35.400,MO2508-C-7500,2.6,2.4,2.6
2025-08-13,2025-08-13 13:11:35.900,MO2508-C-7500,2.6,2.4,2.6
2025-08-13,2025-08-13 13:11:36.400,MO2508-C-7500,2.6,2.4,2.6
2025-08-13,2025-08-13 13:11:36.900,MO2508-C-7500,2.4,2.4,2.6
2025-08-13,2025-08-13 13:11:38.900,MO2508-C-7500,2.4,2.4,2.6
2025-08-13,2025-08-13 13:11:39.400,MO2508-C-7500,2.4,2.4,2.6
2025-08-13,2025-08-13 13:11:40.400,MO2508-C-7500,2.4,2.4,2.6
2025-08-13,2025-08-13 13:11:41.400,MO2508-C-7500,2.4,2.4,2.6
2025-08-13,2025-08-13 13:11:42.400,MO2508-C-7500,2.4,2.2,2.6
2025-08-13,2025-08-13 13:11:42.900,MO2508-C-7500,2.4,2.2,2.6
2025-08-13,2025-08-13 13:11:43.400,MO2508-C-7500,2.4,2.2,2.6
2025-08-13,2025-08-13 13:11:44.400,MO2508-C-7500,2.4,2.2,2.4
2025-08-13,2025-08-13 13:11:44.900,MO2508-C-7500,2.4,2.2,2.4
2025-08-13,2025-08-13 13:11:45.400,MO2508-C-7500,2.4,2.2,2.4
2025-08-13,2025-08-13 13:11:46.900,MO2508-C-7500,2.4,2.2,2.4
2025-08-13,2025-08-13 13:11:48.400,MO2508-C-7500,2.4,2.2,2.4
2025-08-13,2025-08-13 13:11:48.900,MO2508-C-7500,2.4,2.2,2.4
2025-08-13,2025-08-13 13:11:49.400,MO2508-C-7500,2.4,2.2,2.4
2025-08-13,2025-08-13 13:11:51.400,MO2508-C-7500,2.4,2.2,2.4
2025-08-13,2025-08-13 13:11:51.900,MO2508-C-7500,2.4,2.2,2.4
2025-08-13,2025-08-13 13:11:52.900,MO2508-C-7500,2.4,2.2,2.4
2025-08-13,2025-08-13 13:11:53.400,MO2508-C-7500,2.4,2.2,2.4
2025-08-13,2025-08-13 13:11:53.900,MO2508-C-7500,2.4,2.2,2.4
2025-08-13,2025-08-13 13:11:56.400,MO2508-C-7500,2.4,2.2,2.4
2025-08-13,2025-08-13 13:11:58.900,MO2508-C-7500,2.4,2.2,2.4
2025-08-13,2025-08-13 13:11:59.400,MO2508-C-7500,2.4,2.2,2.4
2025-08-13,2025-08-13 13:11:59.900,MO2508-C-7500,2.4,2.2,2.4
2025-08-13,2025-08-13 13:12:02.900,MO2508-C-7500,2.4,2.2,2.4
2025-08-13,2025-08-13 13:12:03.900,MO2508-C-7500,2.4,2.2,2.4
2025-08-13,2025-08-13 13:12:05.900,MO2508-C-7500,2.4,2.2,2.4
2025-08-13,2025-08-13 13:12:08.400,MO2508-C-7500,2.4,2.2,2.4
2025-08-13,2025-08-13 13:12:08.900,MO2508-C-7500,2.4,2.2,2.4
2025-08-13,2025-08-13 13:12:09.400,MO2508-C-7500,2.4,2.2,2.4
2025-08-13,2025-08-13 13:12:09.900,MO2508-C-7500,2.4,2.2,2.4
2025-08-13,2025-08-13 13:12:10.400,MO2508-C-7500,2.4,2.2,2.4
2025-08-13,2025-08-13 13:12:12.400,MO2508-C-7500,2.4,2.2,2.4
2025-08-13,2025-08-13 13:12:12.900,MO2508-C-7500,2.4,2.2,2.4
2025-08-13,2025-08-13 13:12:17.400,MO2508-C-7500,2.4,2.2,2.4
2025-08-13,2025-08-13 13:12:17.900,MO2508-C-7500,2.4,2.2,2.4
2025-08-13,2025-08-13 13:12:18.400,MO2508-C-7500,2.4,2.2,2.4
2025-08-13,2025-08-13 13:12:18.900,MO2508-C-7500,2.4,2.2,2.4
2025-08-13,2025-08-13 13:12:19.400,MO2508-C-7500,2.4,2.2,2.4
2025-08-13,2025-08-13 13:12:19.900,MO2508-C-7500,2.4,2.2,2.4
2025-08-13,2025-08-13 13:12:26.400,MO2508-C-7500,2.4,2.2,2.4
2025-08-13,2025-08-13 13:12:27.900,MO2508-C-7500,2.4,2.2,2.4
2025-08-13,2025-08-13 13:12:28.900,MO2508-C-7500,2.4,2.2,2.4
2025-08-13,2025-08-13 13:12:29.400,MO2508-C-7500,2.4,2.2,2.4
2025-08-13,2025-08-13 13:12:34.400,MO2508-C-7500,2.2,2.2,2.4
2025-08-13,2025-08-13 13:12:34.900,MO2508-C-7500,2.2,2.2,2.4
2025-08-13,2025-08-13 13:12:35.400,MO2508-C-7500,2.2,2.2,2.4
2025-08-13,2025-08-13 13:12:36.400,MO2508-C-7500,2.2,2.2,2.4
2025-08-13,2025-08-13 13:12:36.900,MO2508-C-7500,2.2,2.2,2.4
2025-08-13,2025-08-13 13:12:37.400,MO2508-C-7500,2.2,2.2,2.4
2025-08-13,2025-08-13 13:12:38.900,MO2508-C-7500,2.2,2.2,2.4
2025-08-13,2025-08-13 13:12:39.400,MO2508-C-7500,2.2,2.2,2.4
2025-08-13,2025-08-13 13:12:41.400,MO2508-C-7500,2.2,2.2,2.4
2025-08-13,2025-08-13 13:12:42.400,MO2508-C-7500,2.2,2.2,2.4
2025-08-13,2025-08-13 13:12:42.900,MO2508-C-7500,2.2,2.2,2.4
2025-08-13,2025-08-13 13:12:44.900,MO2508-C-7500,2.2,2.2,2.4
2025-08-13,2025-08-13 13:12:46.400,MO2508-C-7500,2.2,2.2,2.4
2025-08-13,2025-08-13 13:12:46.900,MO2508-C-7500,2.2,2.2,2.4
2025-08-13,2025-08-13 13:12:47.400,MO2508-C-7500,2.2,2.2,2.4
2025-08-13,2025-08-13 13:12:48.400,MO2508-C-7500,2.2,2.2,2.4
2025-08-13,2025-08-13 13:12:48.900,MO2508-C-7500,2.2,2.2,2.4
2025-08-13,2025-08-13 13:12:49.400,MO2508-C-7500,2.4,2.2,2.4
2025-08-13,2025-08-13 13:12:49.900,MO2508-C-7500,2.4,2.2,2.4
2025-08-13,2025-08-13 13:12:50.400,MO2508-C-7500,2.4,2.2,2.4
2025-08-13,2025-08-13 13:12:50.900,MO2508-C-7500,2.4,2.2,2.4
2025-08-13,2025-08-13 13:12:51.400,MO2508-C-7500,2.4,2.2,2.4
2025-08-13,2025-08-13 13:12:51.900,MO2508-C-7500,2.4,2.2,2.4
2025-08-13,2025-08-13 13:12:52.900,MO2508-C-7500,2.4,2.2,2.4
2025-08-13,2025-08-13 13:12:54.400,MO2508-C-7500,2.4,2.2,2.4
2025-08-13,2025-08-13 13:12:55.900,MO2508-C-7500,2.4,2.2,2.4
2025-08-13,2025-08-13 13:12:56.400,MO2508-C-7500,2.4,2.2,2.4
2025-08-13,2025-08-13 13:12:56.900,MO2508-C-7500,2.4,2.2,2.4
2025-08-13,2025-08-13 13:12:57.400,MO2508-C-7500,2.4,2.2,2.4
2025-08-13,2025-08-13 13:12:57.900,MO2508-C-7500,2.4,2.2,2.4
2025-08-13,2025-08-13 13:12:58.900,MO2508-C-7500,2.4,2.2,2.4
2025-08-13,2025-08-13 13:12:59.400,MO2508-C-7500,2.4,2.2,2.4
2025-08-13,2025-08-13 13:13:02.400,MO2508-C-7500,2.4,2.2,2.4
2025-08-13,2025-08-13 13:13:02.900,MO2508-C-7500,2.4,2.2,2.4
2025-08-13,2025-08-13 13:13:03.400,MO2508-C-7500,2.4,2.2,2.4
2025-08-13,2025-08-13 13:13:04.900,MO2508-C-7500,2.4,2.2,2.4
2025-08-13,2025-08-13 13:13:05.400,MO2508-C-7500,2.4,2.2,2.6
2025-08-13,2025-08-13 13:13:05.900,MO2508-C-7500,2.4,2.2,2.6
2025-08-13,2025-08-13 13:13:06.400,MO2508-C-7500,2.4,2.4,2.6
2025-08-13,2025-08-13 13:13:06.900,MO2508-C-7500,2.4,2.4,2.6
2025-08-13,2025-08-13 13:13:07.400,MO2508-C-7500,2.4,2.4,2.6
2025-08-13,2025-08-13 13:13:07.900,MO2508-C-7500,2.4,2.4,2.6
2025-08-13,2025-08-13 13:13:08.900,MO2508-C-7500,2.4,2.4,2.6
2025-08-13,2025-08-13 13:13:09.400,MO2508-C-7500,2.4,2.4,2.6
2025-08-13,2025-08-13 13:13:10.400,MO2508-C-7500,2.4,2.4,2.6
2025-08-13,2025-08-13 13:13:11.900,MO2508-C-7500,2.4,2.4,2.6
2025-08-13,2025-08-13 13:13:12.400,MO2508-C-7500,2.4,2.4,2.6
2025-08-13,2025-08-13 13:13:13.400,MO2508-C-7500,2.4,2.4,2.6
2025-08-13,2025-08-13 13:13:13.900,MO2508-C-7500,2.6,2.4,2.6
2025-08-13,2025-08-13 13:13:17.900,MO2508-C-7500,2.6,2.4,2.6
2025-08-13,2025-08-13 13:13:18.400,MO2508-C-7500,2.6,2.4,2.6
2025-08-13,2025-08-13 13:13:18.900,MO2508-C-7500,2.6,2.4,2.6
2025-08-13,2025-08-13 13:13:19.400,MO2508-C-7500,2.6,2.4,2.6
2025-08-13,2025-08-13 13:13:23.400,MO2508-C-7500,2.6,2.4,2.6
2025-08-13,2025-08-13 13:13:23.900,MO2508-C-7500,2.6,2.4,2.6
2025-08-13,2025-08-13 13:13:24.400,MO2508-C-7500,2.6,2.4,2.6
2025-08-13,2025-08-13 13:13:28.900,MO2508-C-7500,2.6,2.4,2.6
2025-08-13,2025-08-13 13:13:29.400,MO2508-C-7500,2.6,2.4,2.6
2025-08-13,2025-08-13 13:13:29.900,MO2508-C-7500,2.6,2.4,2.6
2025-08-13,2025-08-13 13:13:31.400,MO2508-C-7500,2.6,2.4,2.6
2025-08-13,2025-08-13 13:13:32.400,MO2508-C-7500,2.6,2.4,2.6
2025-08-13,2025-08-13 13:13:34.400,MO2508-C-7500,2.6,2.4,2.6
2025-08-13,2025-08-13 13:13:34.900,MO2508-C-7500,2.6,2.4,2.6
2025-08-13,2025-08-13 13:13:35.400,MO2508-C-7500,2.6,2.4,2.6
2025-08-13,2025-08-13 13:13:35.900,MO2508-C-7500,2.6,2.4,2.6
2025-08-13,2025-08-13 13:13:36.400,MO2508-C-7500,2.6,2.4,2.6
2025-08-13,2025-08-13 13:13:36.900,MO2508-C-7500,2.6,2.4,2.6
2025-08-13,2025-08-13 13:13:38.400,MO2508-C-7500,2.6,2.4,2.6
2025-08-13,2025-08-13 13:13:38.900,MO2508-C-7500,2.6,2.4,2.6
2025-08-13,2025-08-13 13:13:39.400,MO2508-C-7500,2.6,2.4,2.6
2025-08-13,2025-08-13 13:13:39.900,MO2508-C-7500,2.6,2.4,2.6
2025-08-13,2025-08-13 13:13:40.900,MO2508-C-7500,2.6,2.4,2.6
2025-08-13,2025-08-13 13:13:41.900,MO2508-C-7500,2.6,2.4,2.6
2025-08-13,2025-08-13 13:13:46.900,MO2508-C-7500,2.6,2.4,2.6
2025-08-13,2025-08-13 13:13:47.400,MO2508-C-7500,2.6,2.4,2.6
2025-08-13,2025-08-13 13:13:47.900,MO2508-C-7500,2.4,2.4,2.6
2025-08-13,2025-08-13 13:13:48.400,MO2508-C-7500,2.4,2.4,2.6
2025-08-13,2025-08-13 13:13:48.900,MO2508-C-7500,2.4,2.4,2.6
2025-08-13,2025-08-13 13:13:49.400,MO2508-C-7500,2.4,2.4,2.6
2025-08-13,2025-08-13 13:13:53.400,MO2508-C-7500,2.4,2.4,2.6
2025-08-13,2025-08-13 13:13:58.900,MO2508-C-7500,2.4,2.4,2.6
2025-08-13,2025-08-13 13:13:59.400,MO2508-C-7500,2.4,2.4,2.6
2025-08-13,2025-08-13 13:14:08.400,MO2508-C-7500,2.4,2.4,2.6
2025-08-13,2025-08-13 13:14:08.900,MO2508-C-7500,2.4,2.4,2.6
2025-08-13,2025-08-13 13:14:09.400,MO2508-C-7500,2.4,2.4,2.6
2025-08-13,2025-08-13 13:14:11.400,MO2508-C-7500,2.4,2.4,2.6
2025-08-13,2025-08-13 13:14:11.900,MO2508-C-7500,2.4,2.4,2.6
2025-08-13,2025-08-13 13:14:12.400,MO2508-C-7500,2.4,2.4,2.6
2025-08-13,2025-08-13 13:14:13.900,MO2508-C-7500,2.4,2.4,2.6
2025-08-13,2025-08-13 13:14:17.400,MO2508-C-7500,2.4,2.4,2.6
2025-08-13,2025-08-13 13:14:17.900,MO2508-C-7500,2.4,2.4,2.6
2025-08-13,2025-08-13 13:14:18.400,MO2508-C-7500,2.4,2.4,2.6
2025-08-13,2025-08-13 13:14:18.900,MO2508-C-7500,2.4,2.4,2.6
2025-08-13,2025-08-13 13:14:19.400,MO2508-C-7500,2.4,2.4,2.6
2025-08-13,2025-08-13 13:14:19.900,MO2508-C-7500,2.4,2.4,2.6
2025-08-13,2025-08-13 13:14:20.900,MO2508-C-7500,2.4,2.4,2.6
2025-08-13,2025-08-13 13:14:23.400,MO2508-C-7500,2.4,2.4,2.6
2025-08-13,2025-08-13 13:14:24.900,MO2508-C-7500,2.4,2.4,2.6
2025-08-13,2025-08-13 13:14:25.900,MO2508-C-7500,2.4,2.4,2.6
2025-08-13,2025-08-13 13:14:26.400,MO2508-C-7500,2.4,2.4,2.6
2025-08-13,2025-08-13 13:14:27.900,MO2508-C-7500,2.4,2.2,2.6
2025-08-13,2025-08-13 13:14:28.400,MO2508-C-7500,2.4,2.2,2.6
2025-08-13,2025-08-13 13:14:28.900,MO2508-C-7500,2.4,2.2,2.6
2025-08-13,2025-08-13 13:14:29.400,MO2508-C-7500,2.4,2.2,2.6
2025-08-13,2025-08-13 13:14:29.900,MO2508-C-7500,2.4,2.2,2.6
2025-08-13,2025-08-13 13:14:30.400,MO2508-C-7500,2.4,2.2,2.6
2025-08-13,2025-08-13 13:14:31.400,MO2508-C-7500,2.4,2.2,2.6
2025-08-13,2025-08-13 13:14:33.900,MO2508-C-7500,2.4,2.2,2.6
2025-08-13,2025-08-13 13:14:34.400,MO2508-C-7500,2.4,2.2,2.6
2025-08-13,2025-08-13 13:14:34.900,MO2508-C-7500,2.4,2.2,2.6
2025-08-13,2025-08-13 13:14:37.900,MO2508-C-7500,2.4,2.2,2.4
2025-08-13,2025-08-13 13:14:38.400,MO2508-C-7500,2.4,2.2,2.4
2025-08-13,2025-08-13 13:14:38.900,MO2508-C-7500,2.4,2.2,2.4
2025-08-13,2025-08-13 13:14:39.400,MO2508-C-7500,2.4,2.2,2.4
2025-08-13,2025-08-13 13:14:41.400,MO2508-C-7500,2.4,2.2,2.4
2025-08-13,2025-08-13 13:14:45.400,MO2508-C-7500,2.4,2.2,2.4
2025-08-13,2025-08-13 13:14:46.400,MO2508-C-7500,2.4,2.2,2.4
2025-08-13,2025-08-13 13:14:46.900,MO2508-C-7500,2.4,2.2,2.4
2025-08-13,2025-08-13 13:14:47.400,MO2508-C-7500,2.4,2.2,2.4
2025-08-13,2025-08-13 13:14:47.900,MO2508-C-7500,2.4,2.2,2.4
2025-08-13,2025-08-13 13:14:48.400,MO2508-C-7500,2.4,2.2,2.4
2025-08-13,2025-08-13 13:14:48.900,MO2508-C-7500,2.4,2.2,2.4
2025-08-13,2025-08-13 13:14:49.400,MO2508-C-7500,2.4,2.2,2.4
2025-08-13,2025-08-13 13:14:49.900,MO2508-C-7500,2.4,2.2,2.4
2025-08-13,2025-08-13 13:14:51.400,MO2508-C-7500,2.4,2.2,2.4
2025-08-13,2025-08-13 13:14:51.900,MO2508-C-7500,2.4,2.2,2.4
2025-08-13,2025-08-13 13:14:53.400,MO2508-C-7500,2.4,2.2,2.4
2025-08-13,2025-08-13 13:14:55.400,MO2508-C-7500,2.2,2.2,2.4
2025-08-13,2025-08-13 13:14:58.900,MO2508-C-7500,2.2,2.2,2.4
2025-08-13,2025-08-13 13:14:59.400,MO2508-C-7500,2.2,2.2,2.4
2025-08-13,2025-08-13 13:14:59.900,MO2508-C-7500,2.4,2.2,2.4
2025-08-13,2025-08-13 13:15:05.900,MO2508-C-7500,2.4,2.2,2.4
2025-08-13,2025-08-13 13:15:06.400,MO2508-C-7500,2.4,2.2,2.4
2025-08-13,2025-08-13 13:15:06.900,MO2508-C-7500,2.4,2.2,2.4
2025-08-13,2025-08-13 13:15:07.400,MO2508-C-7500,2.4,2.2,2.4
2025-08-13,2025-08-13 13:15:08.900,MO2508-C-7500,2.4,2.2,2.4
2025-08-13,2025-08-13 13:15:09.400,MO2508-C-7500,2.4,2.2,2.4
2025-08-13,2025-08-13 13:15:12.900,MO2508-C-7500,2.2,2.0,2.2
2025-08-13,2025-08-13 13:15:13.400,MO2508-C-7500,2.2,2.0,2.2
2025-08-13,2025-08-13 13:15:13.900,MO2508-C-7500,2.2,2.0,2.2
2025-08-13,2025-08-13 13:15:14.400,MO2508-C-7500,2.2,2.0,2.2
2025-08-13,2025-08-13 13:15:16.900,MO2508-C-7500,2.2,2.0,2.2
2025-08-13,2025-08-13 13:15:17.400,MO2508-C-7500,2.2,2.0,2.2
2025-08-13,2025-08-13 13:15:17.900,MO2508-C-7500,2.2,2.0,2.2
2025-08-13,2025-08-13 13:15:18.900,MO2508-C-7500,2.2,2.0,2.2
2025-08-13,2025-08-13 13:15:19.400,MO2508-C-7500,2.2,2.0,2.2
2025-08-13,2025-08-13 13:15:23.900,MO2508-C-7500,2.2,2.0,2.2
2025-08-13,2025-08-13 13:15:25.400,MO2508-C-7500,2.2,2.0,2.2
2025-08-13,2025-08-13 13:15:26.400,MO2508-C-7500,2.2,2.0,2.2
2025-08-13,2025-08-13 13:15:27.900,MO2508-C-7500,2.2,2.0,2.2
2025-08-13,2025-08-13 13:15:28.400,MO2508-C-7500,2.2,2.0,2.2
2025-08-13,2025-08-13 13:15:28.900,MO2508-C-7500,2.2,2.0,2.2
2025-08-13,2025-08-13 13:15:29.400,MO2508-C-7500,2.2,2.0,2.2
2025-08-13,2025-08-13 13:15:30.400,MO2508-C-7500,2.2,2.0,2.2
2025-08-13,2025-08-13 13:15:30.900,MO2508-C-7500,2.0,2.0,2.2
2025-08-13,2025-08-13 13:15:33.400,MO2508-C-7500,2.0,2.0,2.2
2025-08-13,2025-08-13 13:15:34.400,MO2508-C-7500,2.0,2.0,2.2
2025-08-13,2025-08-13 13:15:37.400,MO2508-C-7500,2.0,2.0,2.2
2025-08-13,2025-08-13 13:15:37.900,MO2508-C-7500,2.0,2.0,2.2
2025-08-13,2025-08-13 13:15:38.400,MO2508-C-7500,2.2,2.0,2.2
2025-08-13,2025-08-13 13:15:38.900,MO2508-C-7500,2.2,2.0,2.2
2025-08-13,2025-08-13 13:15:39.400,MO2508-C-7500,2.2,2.2,2.4
2025-08-13,2025-08-13 13:15:39.900,MO2508-C-7500,2.2,2.2,2.4
2025-08-13,2025-08-13 13:15:40.400,MO2508-C-7500,2.2,2.2,2.4
2025-08-13,2025-08-13 13:15:40.900,MO2508-C-7500,2.2,2.2,2.4
2025-08-13,2025-08-13 13:15:41.400,MO2508-C-7500,2.2,2.2,2.4
2025-08-13,2025-08-13 13:15:44.400,MO2508-C-7500,2.2,2.2,2.4
2025-08-13,2025-08-13 13:15:44.900,MO2508-C-7500,2.2,2.2,2.4
2025-08-13,2025-08-13 13:15:45.400,MO2508-C-7500,2.2,2.2,2.4
2025-08-13,2025-08-13 13:15:48.400,MO2508-C-7500,2.2,2.2,2.4
2025-08-13,2025-08-13 13:15:48.900,MO2508-C-7500,2.2,2.2,2.4
2025-08-13,2025-08-13 13:15:49.400,MO2508-C-7500,2.2,2.2,2.4
2025-08-13,2025-08-13 13:15:50.900,MO2508-C-7500,2.2,2.2,2.4
2025-08-13,2025-08-13 13:15:52.400,MO2508-C-7500,2.2,2.2,2.4
2025-08-13,2025-08-13 13:15:52.900,MO2508-C-7500,2.2,2.2,2.4
2025-08-13,2025-08-13 13:15:54.400,MO2508-C-7500,2.2,2.2,2.4
2025-08-13,2025-08-13 13:15:55.400,MO2508-C-7500,2.2,2.2,2.4
2025-08-13,2025-08-13 13:15:57.400,MO2508-C-7500,2.2,2.2,2.4
2025-08-13,2025-08-13 13:15:57.900,MO2508-C-7500,2.2,2.2,2.4
2025-08-13,2025-08-13 13:15:58.900,MO2508-C-7500,2.2,2.2,2.4
2025-08-13,2025-08-13 13:15:59.400,MO2508-C-7500,2.2,2.2,2.4
2025-08-13,2025-08-13 13:15:59.900,MO2508-C-7500,2.2,2.2,2.4
2025-08-13,2025-08-13 13:16:00.400,MO2508-C-7500,2.2,2.2,2.4
2025-08-13,2025-08-13 13:16:00.900,MO2508-C-7500,2.2,2.2,2.4
2025-08-13,2025-08-13 13:16:06.900,MO2508-C-7500,2.2,2.2,2.4
2025-08-13,2025-08-13 13:16:07.400,MO2508-C-7500,2.2,2.2,2.4
2025-08-13,2025-08-13 13:16:08.400,MO2508-C-7500,2.2,2.2,2.4
2025-08-13,2025-08-13 13:16:08.900,MO2508-C-7500,2.2,2.2,2.4
2025-08-13,2025-08-13 13:16:09.400,MO2508-C-7500,2.2,2.2,2.4
2025-08-13,2025-08-13 13:16:09.900,MO2508-C-7500,2.2,2.2,2.4
2025-08-13,2025-08-13 13:16:10.400,MO2508-C-7500,2.2,2.2,2.4
2025-08-13,2025-08-13 13:16:11.400,MO2508-C-7500,2.2,2.2,2.4
2025-08-13,2025-08-13 13:16:14.400,MO2508-C-7500,2.2,2.2,2.4
2025-08-13,2025-08-13 13:16:14.900,MO2508-C-7500,2.2,2.2,2.4
2025-08-13,2025-08-13 13:16:15.400,MO2508-C-7500,2.2,2.2,2.4
2025-08-13,2025-08-13 13:16:16.900,MO2508-C-7500,2.2,2.2,2.4
2025-08-13,2025-08-13 13:16:17.400,MO2508-C-7500,2.2,2.2,2.4
2025-08-13,2025-08-13 13:16:18.900,MO2508-C-7500,2.2,2.2,2.4
2025-08-13,2025-08-13 13:16:19.400,MO2508-C-7500,2.2,2.2,2.4
2025-08-13,2025-08-13 13:16:19.900,MO2508-C-7500,2.2,2.2,2.4
2025-08-13,2025-08-13 13:16:20.400,MO2508-C-7500,2.2,2.2,2.4
2025-08-13,2025-08-13 13:16:20.900,MO2508-C-7500,2.2,2.2,2.4
2025-08-13,2025-08-13 13:16:21.400,MO2508-C-7500,2.2,2.2,2.4
2025-08-13,2025-08-13 13:16:21.900,MO2508-C-7500,2.2,2.2,2.4
2025-08-13,2025-08-13 13:16:22.400,MO2508-C-7500,2.2,2.2,2.4
2025-08-13,2025-08-13 13:16:22.900,MO2508-C-7500,2.2,2.2,2.4
2025-08-13,2025-08-13 13:16:23.400,MO2508-C-7500,2.2,2.2,2.4
2025-08-13,2025-08-13 13:16:24.400,MO2508-C-7500,2.2,2.2,2.4
2025-08-13,2025-08-13 13:16:24.900,MO2508-C-7500,2.2,2.2,2.4
2025-08-13,2025-08-13 13:16:26.900,MO2508-C-7500,2.2,2.2,2.4
2025-08-13,2025-08-13 13:16:28.900,MO2508-C-7500,2.2,2.2,2.4
2025-08-13,2025-08-13 13:16:29.400,MO2508-C-7500,2.2,2.2,2.4
2025-08-13,2025-08-13 13:16:29.900,MO2508-C-7500,2.2,2.2,2.4
2025-08-13,2025-08-13 13:16:31.900,MO2508-C-7500,2.2,2.2,2.4
2025-08-13,2025-08-13 13:16:33.900,MO2508-C-7500,2.4,2.2,2.4
2025-08-13,2025-08-13 13:16:34.400,MO2508-C-7500,2.4,2.2,2.4
2025-08-13,2025-08-13 13:16:38.900,MO2508-C-7500,2.4,2.2,2.4
2025-08-13,2025-08-13 13:16:39.400,MO2508-C-7500,2.4,2.2,2.4
2025-08-13,2025-08-13 13:16:39.900,MO2508-C-7500,2.4,2.2,2.4
2025-08-13,2025-08-13 13:16:40.900,MO2508-C-7500,2.4,2.2,2.4
2025-08-13,2025-08-13 13:16:42.900,MO2508-C-7500,2.4,2.2,2.4
2025-08-13,2025-08-13 13:16:43.400,MO2508-C-7500,2.4,2.2,2.4
2025-08-13,2025-08-13 13:16:46.900,MO2508-C-7500,2.4,2.2,2.4
2025-08-13,2025-08-13 13:16:47.400,MO2508-C-7500,2.4,2.2,2.4
2025-08-13,2025-08-13 13:16:47.900,MO2508-C-7500,2.4,2.2,2.4
2025-08-13,2025-08-13 13:16:48.900,MO2508-C-7500,2.4,2.2,2.4
2025-08-13,2025-08-13 13:16:49.400,MO2508-C-7500,2.4,2.2,2.4
2025-08-13,2025-08-13 13:16:49.900,MO2508-C-7500,2.4,2.2,2.4
2025-08-13,2025-08-13 13:16:50.400,MO2508-C-7500,2.4,2.2,2.4
2025-08-13,2025-08-13 13:16:52.900,MO2508-C-7500,2.4,2.2,2.4
2025-08-13,2025-08-13 13:16:53.400,MO2508-C-7500,2.4,2.2,2.4
2025-08-13,2025-08-13 13:16:55.900,MO2508-C-7500,2.4,2.2,2.4
2025-08-13,2025-08-13 13:16:56.400,MO2508-C-7500,2.4,2.2,2.4
2025-08-13,2025-08-13 13:16:57.400,MO2508-C-7500,2.4,2.2,2.4
2025-08-13,2025-08-13 13:16:58.900,MO2508-C-7500,2.4,2.2,2.4
2025-08-13,2025-08-13 13:16:59.400,MO2508-C-7500,2.4,2.2,2.4
2025-08-13,2025-08-13 13:16:59.900,MO2508-C-7500,2.4,2.2,2.4
2025-08-13,2025-08-13 13:17:00.400,MO2508-C-7500,2.4,2.2,2.4
2025-08-13,2025-08-13 13:17:00.900,MO2508-C-7500,2.4,2.2,2.4
2025-08-13,2025-08-13 13:17:01.400,MO2508-C-7500,2.4,2.2,2.6
2025-08-13,2025-08-13 13:17:01.900,MO2508-C-7500,2.4,2.2,2.6
2025-08-13,2025-08-13 13:17:02.400,MO2508-C-7500,2.4,2.4,2.6
2025-08-13,2025-08-13 13:17:02.900,MO2508-C-7500,2.4,2.4,2.6
2025-08-13,2025-08-13 13:17:03.400,MO2508-C-7500,2.4,2.4,2.6
2025-08-13,2025-08-13 13:17:04.400,MO2508-C-7500,2.4,2.4,2.6
2025-08-13,2025-08-13 13:17:04.900,MO2508-C-7500,2.4,2.4,2.6
2025-08-13,2025-08-13 13:17:05.400,MO2508-C-7500,2.4,2.4,2.6
2025-08-13,2025-08-13 13:17:08.900,MO2508-C-7500,2.4,2.4,2.6
2025-08-13,2025-08-13 13:17:09.400,MO2508-C-7500,2.4,2.4,2.6
2025-08-13,2025-08-13 13:17:12.400,MO2508-C-7500,2.4,2.4,2.6
2025-08-13,2025-08-13 13:17:12.900,MO2508-C-7500,2.4,2.4,2.6
2025-08-13,2025-08-13 13:17:14.900,MO2508-C-7500,2.4,2.4,2.6
2025-08-13,2025-08-13 13:17:15.400,MO2508-C-7500,2.4,2.4,2.6
2025-08-13,2025-08-13 13:17:15.900,MO2508-C-7500,2.4,2.4,2.6
2025-08-13,2025-08-13 13:17:16.400,MO2508-C-7500,2.4,2.4,2.6
2025-08-13,2025-08-13 13:17:17.400,MO2508-C-7500,2.4,2.4,2.6
2025-08-13,2025-08-13 13:17:17.900,MO2508-C-7500,2.4,2.4,2.6
2025-08-13,2025-08-13 13:17:18.400,MO2508-C-7500,2.4,2.4,2.6
2025-08-13,2025-08-13 13:17:18.900,MO2508-C-7500,2.4,2.4,2.6
2025-08-13,2025-08-13 13:17:19.400,MO2508-C-7500,2.4,2.4,2.6
2025-08-13,2025-08-13 13:17:19.900,MO2508-C-7500,2.4,2.4,2.6
2025-08-13,2025-08-13 13:17:20.400,MO2508-C-7500,2.4,2.4,2.6
2025-08-13,2025-08-13 13:17:20.900,MO2508-C-7500,2.4,2.4,2.6
2025-08-13,2025-08-13 13:17:21.400,MO2508-C-7500,2.4,2.4,2.6
2025-08-13,2025-08-13 13:17:21.900,MO2508-C-7500,2.4,2.4,2.6
2025-08-13,2025-08-13 13:17:22.400,MO2508-C-7500,2.4,2.4,2.6
2025-08-13,2025-08-13 13:17:22.900,MO2508-C-7500,2.4,2.4,2.6
2025-08-13,2025-08-13 13:17:23.400,MO2508-C-7500,2.4,2.4,2.6
2025-08-13,2025-08-13 13:17:23.900,MO2508-C-7500,2.4,2.4,2.6
2025-08-13,2025-08-13 13:17:24.400,MO2508-C-7500,2.4,2.4,2.6
2025-08-13,2025-08-13 13:17:24.900,MO2508-C-7500,2.4,2.4,2.6
2025-08-13,2025-08-13 13:17:25.400,MO2508-C-7500,2.6,2.4,2.6
2025-08-13,2025-08-13 13:17:25.900,MO2508-C-7500,2.6,2.4,2.6
2025-08-13,2025-08-13 13:17:27.400,MO2508-C-7500,2.6,2.4,2.6
2025-08-13,2025-08-13 13:17:27.900,MO2508-C-7500,2.6,2.4,2.6
2025-08-13,2025-08-13 13:17:28.400,MO2508-C-7500,2.6,2.4,2.6
2025-08-13,2025-08-13 13:17:28.900,MO2508-C-7500,2.6,2.4,2.6
2025-08-13,2025-08-13 13:17:29.400,MO2508-C-7500,2.6,2.4,2.6
2025-08-13,2025-08-13 13:17:30.400,MO2508-C-7500,2.6,2.4,2.6
2025-08-13,2025-08-13 13:17:30.900,MO2508-C-7500,2.6,2.4,2.6
2025-08-13,2025-08-13 13:17:31.400,MO2508-C-7500,2.6,2.4,2.6
2025-08-13,2025-08-13 13:17:32.400,MO2508-C-7500,2.6,2.4,2.6
2025-08-13,2025-08-13 13:17:32.900,MO2508-C-7500,2.6,2.4,2.6
2025-08-13,2025-08-13 13:17:33.400,MO2508-C-7500,2.6,2.4,2.6
2025-08-13,2025-08-13 13:17:33.900,MO2508-C-7500,2.6,2.4,2.6
2025-08-13,2025-08-13 13:17:34.400,MO2508-C-7500,2.6,2.4,2.6
2025-08-13,2025-08-13 13:17:34.900,MO2508-C-7500,2.6,2.4,2.6
2025-08-13,2025-08-13 13:17:35.400,MO2508-C-7500,2.6,2.4,2.6
2025-08-13,2025-08-13 13:17:36.400,MO2508-C-7500,2.6,2.4,2.6
2025-08-13,2025-08-13 13:17:38.400,MO2508-C-7500,2.6,2.4,2.6
2025-08-13,2025-08-13 13:17:38.900,MO2508-C-7500,2.6,2.4,2.6
2025-08-13,2025-08-13 13:17:39.400,MO2508-C-7500,2.6,2.4,2.6
2025-08-13,2025-08-13 13:17:42.400,MO2508-C-7500,2.6,2.4,2.6
2025-08-13,2025-08-13 13:17:42.900,MO2508-C-7500,2.6,2.4,2.6
2025-08-13,2025-08-13 13:17:43.400,MO2508-C-7500,2.6,2.4,2.6
2025-08-13,2025-08-13 13:17:46.900,MO2508-C-7500,2.6,2.4,2.6
2025-08-13,2025-08-13 13:17:48.400,MO2508-C-7500,2.6,2.4,2.6
2025-08-13,2025-08-13 13:17:48.900,MO2508-C-7500,2.6,2.4,2.6
2025-08-13,2025-08-13 13:17:49.400,MO2508-C-7500,2.6,2.4,2.6
2025-08-13,2025-08-13 13:17:51.900,MO2508-C-7500,2.6,2.6,2.8
2025-08-13,2025-08-13 13:17:52.400,MO2508-C-7500,2.6,2.6,2.8
2025-08-13,2025-08-13 13:17:52.900,MO2508-C-7500,2.6,2.6,2.8
2025-08-13,2025-08-13 13:17:54.400,MO2508-C-7500,2.6,2.6,2.8
2025-08-13,2025-08-13 13:17:54.900,MO2508-C-7500,2.6,2.6,2.8
2025-08-13,2025-08-13 13:17:55.400,MO2508-C-7500,2.6,2.6,2.8
2025-08-13,2025-08-13 13:17:55.900,MO2508-C-7500,2.6,2.6,2.8
2025-08-13,2025-08-13 13:17:56.400,MO2508-C-7500,2.8,2.6,2.8
2025-08-13,2025-08-13 13:17:56.900,MO2508-C-7500,2.8,2.6,2.8
2025-08-13,2025-08-13 13:17:57.400,MO2508-C-7500,2.8,2.6,2.8
2025-08-13,2025-08-13 13:17:57.900,MO2508-C-7500,2.8,2.6,2.8
2025-08-13,2025-08-13 13:17:58.400,MO2508-C-7500,2.8,2.6,2.8
2025-08-13,2025-08-13 13:17:58.900,MO2508-C-7500,2.8,2.6,2.8
2025-08-13,2025-08-13 13:17:59.400,MO2508-C-7500,2.8,2.6,2.8
2025-08-13,2025-08-13 13:17:59.900,MO2508-C-7500,2.8,2.6,2.8
2025-08-13,2025-08-13 13:18:00.400,MO2508-C-7500,2.8,2.6,2.8
2025-08-13,2025-08-13 13:18:00.900,MO2508-C-7500,2.8,2.6,2.8
2025-08-13,2025-08-13 13:18:01.400,MO2508-C-7500,2.8,2.6,3.0
2025-08-13,2025-08-13 13:18:01.900,MO2508-C-7500,2.8,2.8,3.0
2025-08-13,2025-08-13 13:18:02.400,MO2508-C-7500,2.8,2.8,3.0
2025-08-13,2025-08-13 13:18:02.900,MO2508-C-7500,3.0,2.8,3.0
2025-08-13,2025-08-13 13:18:03.400,MO2508-C-7500,2.8,2.6,2.8
2025-08-13,2025-08-13 13:18:03.900,MO2508-C-7500,2.8,2.6,2.8
2025-08-13,2025-08-13 13:18:04.400,MO2508-C-7500,2.8,2.6,2.8
2025-08-13,2025-08-13 13:18:04.900,MO2508-C-7500,2.8,2.6,2.8
2025-08-13,2025-08-13 13:18:06.400,MO2508-C-7500,2.8,2.6,2.8
2025-08-13,2025-08-13 13:18:06.900,MO2508-C-7500,2.8,2.6,2.8
2025-08-13,2025-08-13 13:18:07.400,MO2508-C-7500,2.8,2.6,2.8
2025-08-13,2025-08-13 13:18:08.900,MO2508-C-7500,2.8,2.6,2.8
2025-08-13,2025-08-13 13:18:09.400,MO2508-C-7500,2.8,2.6,2.8
2025-08-13,2025-08-13 13:18:09.900,MO2508-C-7500,2.8,2.6,2.8
2025-08-13,2025-08-13 13:18:10.400,MO2508-C-7500,2.8,2.6,2.8
2025-08-13,2025-08-13 13:18:10.900,MO2508-C-7500,2.8,2.6,2.8
2025-08-13,2025-08-13 13:18:11.900,MO2508-C-7500,2.8,2.6,2.8
2025-08-13,2025-08-13 13:18:15.900,MO2508-C-7500,2.8,2.6,2.8
2025-08-13,2025-08-13 13:18:17.400,MO2508-C-7500,2.8,2.6,2.8
2025-08-13,2025-08-13 13:18:17.900,MO2508-C-7500,2.8,2.6,2.8
2025-08-13,2025-08-13 13:18:18.400,MO2508-C-7500,2.8,2.6,2.8
2025-08-13,2025-08-13 13:18:18.900,MO2508-C-7500,2.8,2.6,2.8
2025-08-13,2025-08-13 13:18:19.400,MO2508-C-7500,2.8,2.6,2.8
2025-08-13,2025-08-13 13:18:23.400,MO2508-C-7500,2.8,2.6,2.8
2025-08-13,2025-08-13 13:18:26.400,MO2508-C-7500,2.8,2.6,2.8
2025-08-13,2025-08-13 13:18:26.900,MO2508-C-7500,2.8,2.6,2.8
2025-08-13,2025-08-13 13:18:27.400,MO2508-C-7500,2.8,2.6,2.8
2025-08-13,2025-08-13 13:18:28.900,MO2508-C-7500,2.8,2.6,2.8
2025-08-13,2025-08-13 13:18:29.400,MO2508-C-7500,2.8,2.6,2.8
2025-08-13,2025-08-13 13:18:29.900,MO2508-C-7500,2.8,2.6,2.8
2025-08-13,2025-08-13 13:18:31.400,MO2508-C-7500,2.8,2.6,2.8
2025-08-13,2025-08-13 13:18:31.900,MO2508-C-7500,2.8,2.6,2.8
2025-08-13,2025-08-13 13:18:32.400,MO2508-C-7500,2.8,2.6,2.8
2025-08-13,2025-08-13 13:18:33.400,MO2508-C-7500,2.8,2.6,2.8
2025-08-13,2025-08-13 13:18:37.900,MO2508-C-7500,2.8,2.6,2.8
2025-08-13,2025-08-13 13:18:38.900,MO2508-C-7500,2.8,2.6,2.8
2025-08-13,2025-08-13 13:18:39.400,MO2508-C-7500,2.6,2.6,2.8
2025-08-13,2025-08-13 13:18:39.900,MO2508-C-7500,2.6,2.6,2.8
2025-08-13,2025-08-13 13:18:40.400,MO2508-C-7500,2.6,2.6,2.8
2025-08-13,2025-08-13 13:18:40.900,MO2508-C-7500,2.6,2.6,2.8
2025-08-13,2025-08-13 13:18:41.400,MO2508-C-7500,2.6,2.6,2.8
2025-08-13,2025-08-13 13:18:41.900,MO2508-C-7500,2.6,2.6,2.8
2025-08-13,2025-08-13 13:18:42.400,MO2508-C-7500,2.6,2.6,2.8
2025-08-13,2025-08-13 13:18:42.900,MO2508-C-7500,2.6,2.6,2.8
2025-08-13,2025-08-13 13:18:43.400,MO2508-C-7500,2.6,2.6,2.8
2025-08-13,2025-08-13 13:18:43.900,MO2508-C-7500,2.6,2.6,2.8
2025-08-13,2025-08-13 13:18:45.900,MO2508-C-7500,2.6,2.6,2.8
2025-08-13,2025-08-13 13:18:46.400,MO2508-C-7500,2.6,2.6,2.8
2025-08-13,2025-08-13 13:18:47.400,MO2508-C-7500,2.6,2.6,2.8
2025-08-13,2025-08-13 13:18:47.900,MO2508-C-7500,2.6,2.6,2.8
2025-08-13,2025-08-13 13:18:48.400,MO2508-C-7500,2.6,2.6,2.8
2025-08-13,2025-08-13 13:18:48.900,MO2508-C-7500,2.6,2.6,2.8
2025-08-13,2025-08-13 13:18:49.400,MO2508-C-7500,2.6,2.6,2.8
2025-08-13,2025-08-13 13:18:49.900,MO2508-C-7500,2.6,2.6,2.8
2025-08-13,2025-08-13 13:18:50.400,MO2508-C-7500,2.6,2.6,2.8
2025-08-13,2025-08-13 13:18:50.900,MO2508-C-7500,2.6,2.6,2.8
2025-08-13,2025-08-13 13:18:51.400,MO2508-C-7500,2.6,2.6,2.8
2025-08-13,2025-08-13 13:18:51.900,MO2508-C-7500,2.6,2.6,2.8
2025-08-13,2025-08-13 13:18:52.900,MO2508-C-7500,2.6,2.6,2.8
2025-08-13,2025-08-13 13:18:53.400,MO2508-C-7500,2.6,2.6,2.8
2025-08-13,2025-08-13 13:18:53.900,MO2508-C-7500,2.6,2.6,2.8
2025-08-13,2025-08-13 13:18:54.400,MO2508-C-7500,2.6,2.6,2.8
2025-08-13,2025-08-13 13:18:56.400,MO2508-C-7500,2.6,2.6,2.8
2025-08-13,2025-08-13 13:18:58.900,MO2508-C-7500,2.6,2.6,2.8
2025-08-13,2025-08-13 13:18:59.400,MO2508-C-7500,2.6,2.6,2.8
2025-08-13,2025-08-13 13:19:01.400,MO2508-C-7500,2.6,2.6,2.8
2025-08-13,2025-08-13 13:19:02.400,MO2508-C-7500,2.6,2.6,2.8
2025-08-13,2025-08-13 13:19:03.400,MO2508-C-7500,2.6,2.6,2.8
2025-08-13,2025-08-13 13:19:03.900,MO2508-C-7500,2.6,2.6,2.8
2025-08-13,2025-08-13 13:19:04.400,MO2508-C-7500,2.6,2.6,2.8
2025-08-13,2025-08-13 13:19:04.900,MO2508-C-7500,2.6,2.6,2.8
2025-08-13,2025-08-13 13:19:05.900,MO2508-C-7500,2.6,2.6,2.8
2025-08-13,2025-08-13 13:19:06.900,MO2508-C-7500,2.6,2.6,2.8
2025-08-13,2025-08-13 13:19:07.400,MO2508-C-7500,2.6,2.6,2.8
2025-08-13,2025-08-13 13:19:07.900,MO2508-C-7500,2.6,2.6,2.8
2025-08-13,2025-08-13 13:19:08.400,MO2508-C-7500,2.6,2.6,2.8
2025-08-13,2025-08-13 13:19:08.900,MO2508-C-7500,2.6,2.6,2.8
2025-08-13,2025-08-13 13:19:09.400,MO2508-C-7500,2.6,2.6,2.8
2025-08-13,2025-08-13 13:19:11.900,MO2508-C-7500,2.6,2.6,2.8
2025-08-13,2025-08-13 13:19:12.400,MO2508-C-7500,2.6,2.6,2.8
2025-08-13,2025-08-13 13:19:13.400,MO2508-C-7500,2.6,2.6,2.8
2025-08-13,2025-08-13 13:19:15.400,MO2508-C-7500,2.6,2.6,2.8
2025-08-13,2025-08-13 13:19:15.900,MO2508-C-7500,2.6,2.6,2.8
2025-08-13,2025-08-13 13:19:16.400,MO2508-C-7500,2.6,2.6,2.8
2025-08-13,2025-08-13 13:19:16.900,MO2508-C-7500,2.6,2.6,2.8
2025-08-13,2025-08-13 13:19:18.400,MO2508-C-7500,2.6,2.6,2.8
2025-08-13,2025-08-13 13:19:18.900,MO2508-C-7500,2.6,2.6,2.8
2025-08-13,2025-08-13 13:19:19.400,MO2508-C-7500,2.6,2.6,2.8
2025-08-13,2025-08-13 13:19:20.400,MO2508-C-7500,2.6,2.6,2.8
2025-08-13,2025-08-13 13:19:20.900,MO2508-C-7500,2.6,2.6,2.8
2025-08-13,2025-08-13 13:19:21.400,MO2508-C-7500,2.6,2.6,2.8
2025-08-13,2025-08-13 13:19:22.400,MO2508-C-7500,2.6,2.6,2.8
2025-08-13,2025-08-13 13:19:28.900,MO2508-C-7500,2.8,2.6,2.8
2025-08-13,2025-08-13 13:19:29.400,MO2508-C-7500,2.8,2.6,2.8
2025-08-13,2025-08-13 13:19:32.400,MO2508-C-7500,2.8,2.6,2.8
2025-08-13,2025-08-13 13:19:32.900,MO2508-C-7500,2.8,2.6,2.8
2025-08-13,2025-08-13 13:19:34.900,MO2508-C-7500,2.8,2.4,2.8
2025-08-13,2025-08-13 13:19:35.400,MO2508-C-7500,2.8,2.4,2.8
2025-08-13,2025-08-13 13:19:35.900,MO2508-C-7500,2.8,2.4,2.8
2025-08-13,2025-08-13 13:19:36.900,MO2508-C-7500,2.8,2.6,2.8
2025-08-13,2025-08-13 13:19:37.400,MO2508-C-7500,2.8,2.6,2.8
2025-08-13,2025-08-13 13:19:37.900,MO2508-C-7500,2.8,2.6,2.8
2025-08-13,2025-08-13 13:19:38.900,MO2508-C-7500,2.8,2.6,2.8
2025-08-13,2025-08-13 13:19:39.400,MO2508-C-7500,2.8,2.6,2.8
2025-08-13,2025-08-13 13:19:39.900,MO2508-C-7500,2.8,2.6,2.8
2025-08-13,2025-08-13 13:19:40.400,MO2508-C-7500,2.8,2.6,2.8
2025-08-13,2025-08-13 13:19:42.400,MO2508-C-7500,2.8,2.6,2.8
2025-08-13,2025-08-13 13:19:43.900,MO2508-C-7500,2.8,2.6,2.8
2025-08-13,2025-08-13 13:19:44.400,MO2508-C-7500,2.8,2.6,2.8
2025-08-13,2025-08-13 13:19:44.900,MO2508-C-7500,2.8,2.6,2.8
2025-08-13,2025-08-13 13:19:45.400,MO2508-C-7500,2.6,2.6,2.8
2025-08-13,2025-08-13 13:19:46.400,MO2508-C-7500,2.6,2.6,2.8
2025-08-13,2025-08-13 13:19:47.900,MO2508-C-7500,2.8,2.6,2.8
2025-08-13,2025-08-13 13:19:48.900,MO2508-C-7500,2.8,2.6,2.8
2025-08-13,2025-08-13 13:19:49.400,MO2508-C-7500,2.8,2.6,2.8
2025-08-13,2025-08-13 13:19:49.900,MO2508-C-7500,2.8,2.4,2.8
2025-08-13,2025-08-13 13:19:50.400,MO2508-C-7500,2.8,2.6,2.8
2025-08-13,2025-08-13 13:19:50.900,MO2508-C-7500,2.8,2.6,2.8
2025-08-13,2025-08-13 13:19:52.400,MO2508-C-7500,2.8,2.6,2.8
2025-08-13,2025-08-13 13:19:58.400,MO2508-C-7500,2.8,2.6,2.8
2025-08-13,2025-08-13 13:19:58.900,MO2508-C-7500,2.8,2.6,2.8
2025-08-13,2025-08-13 13:19:59.400,MO2508-C-7500,2.8,2.6,2.8
2025-08-13,2025-08-13 13:20:00.900,MO2508-C-7500,2.8,2.6,2.8
2025-08-13,2025-08-13 13:20:01.900,MO2508-C-7500,2.8,2.6,2.8
2025-08-13,2025-08-13 13:20:02.400,MO2508-C-7500,2.8,2.6,2.8
2025-08-13,2025-08-13 13:20:03.900,MO2508-C-7500,2.8,2.6,2.8
2025-08-13,2025-08-13 13:20:04.400,MO2508-C-7500,2.8,2.6,2.8
2025-08-13,2025-08-13 13:20:04.900,MO2508-C-7500,2.8,2.6,2.8
2025-08-13,2025-08-13 13:20:05.400,MO2508-C-7500,2.8,2.6,2.8
2025-08-13,2025-08-13 13:20:05.900,MO2508-C-7500,2.8,2.6,2.8
2025-08-13,2025-08-13 13:20:06.400,MO2508-C-7500,2.8,2.6,2.8
2025-08-13,2025-08-13 13:20:06.900,MO2508-C-7500,2.8,2.6,2.8
2025-08-13,2025-08-13 13:20:07.400,MO2508-C-7500,2.8,2.6,2.8
2025-08-13,2025-08-13 13:20:08.900,MO2508-C-7500,2.8,2.6,2.8
2025-08-13,2025-08-13 13:20:09.400,MO2508-C-7500,2.8,2.6,2.8
2025-08-13,2025-08-13 13:20:09.900,MO2508-C-7500,2.8,2.6,2.8
2025-08-13,2025-08-13 13:20:10.400,MO2508-C-7500,2.8,2.6,2.8
2025-08-13,2025-08-13 13:20:18.900,MO2508-C-7500,2.8,2.6,2.8
2025-08-13,2025-08-13 13:20:19.400,MO2508-C-7500,2.8,2.6,2.8
2025-08-13,2025-08-13 13:20:22.400,MO2508-C-7500,2.6,2.6,2.8
2025-08-13,2025-08-13 13:20:24.400,MO2508-C-7500,2.6,2.6,2.8
2025-08-13,2025-08-13 13:20:24.900,MO2508-C-7500,2.6,2.6,2.8
2025-08-13,2025-08-13 13:20:27.400,MO2508-C-7500,2.6,2.6,2.8
2025-08-13,2025-08-13 13:20:28.900,MO2508-C-7500,2.6,2.6,2.8
2025-08-13,2025-08-13 13:20:29.400,MO2508-C-7500,2.6,2.6,2.8
2025-08-13,2025-08-13 13:20:30.900,MO2508-C-7500,2.6,2.6,2.8
2025-08-13,2025-08-13 13:20:34.400,MO2508-C-7500,2.6,2.6,2.8
2025-08-13,2025-08-13 13:20:34.900,MO2508-C-7500,2.6,2.6,2.8
2025-08-13,2025-08-13 13:20:35.400,MO2508-C-7500,2.6,2.6,2.8
2025-08-13,2025-08-13 13:20:36.400,MO2508-C-7500,2.6,2.6,2.8
2025-08-13,2025-08-13 13:20:36.900,MO2508-C-7500,2.6,2.6,2.8
2025-08-13,2025-08-13 13:20:37.400,MO2508-C-7500,2.6,2.6,2.8
2025-08-13,2025-08-13 13:20:37.900,MO2508-C-7500,2.6,2.6,2.8
2025-08-13,2025-08-13 13:20:38.400,MO2508-C-7500,2.6,2.6,2.8
2025-08-13,2025-08-13 13:20:38.900,MO2508-C-7500,2.6,2.6,2.8
2025-08-13,2025-08-13 13:20:39.400,MO2508-C-7500,2.6,2.6,2.8
2025-08-13,2025-08-13 13:20:39.900,MO2508-C-7500,2.6,2.6,2.8
2025-08-13,2025-08-13 13:20:41.400,MO2508-C-7500,2.6,2.6,2.8
2025-08-13,2025-08-13 13:20:45.400,MO2508-C-7500,2.6,2.6,2.8
2025-08-13,2025-08-13 13:20:45.900,MO2508-C-7500,2.6,2.6,2.8
2025-08-13,2025-08-13 13:20:46.400,MO2508-C-7500,2.6,2.6,2.8
2025-08-13,2025-08-13 13:20:48.400,MO2508-C-7500,2.6,2.6,2.8
2025-08-13,2025-08-13 13:20:48.900,MO2508-C-7500,2.6,2.6,2.8
2025-08-13,2025-08-13 13:20:49.400,MO2508-C-7500,2.6,2.6,2.8
2025-08-13,2025-08-13 13:20:49.900,MO2508-C-7500,2.6,2.6,2.8
2025-08-13,2025-08-13 13:20:50.400,MO2508-C-7500,2.6,2.6,2.8
2025-08-13,2025-08-13 13:20:50.900,MO2508-C-7500,2.6,2.6,2.8
2025-08-13,2025-08-13 13:20:53.400,MO2508-C-7500,2.8,2.6,2.8
2025-08-13,2025-08-13 13:20:58.900,MO2508-C-7500,2.8,2.6,2.8
2025-08-13,2025-08-13 13:20:59.400,MO2508-C-7500,2.8,2.6,2.8
2025-08-13,2025-08-13 13:21:01.400,MO2508-C-7500,2.8,2.6,2.8
2025-08-13,2025-08-13 13:21:01.900,MO2508-C-7500,2.8,2.6,2.8
2025-08-13,2025-08-13 13:21:02.400,MO2508-C-7500,2.8,2.6,2.8
2025-08-13,2025-08-13 13:21:02.900,MO2508-C-7500,2.8,2.6,2.8
2025-08-13,2025-08-13 13:21:04.400,MO2508-C-7500,2.8,2.6,2.8
2025-08-13,2025-08-13 13:21:04.900,MO2508-C-7500,2.8,2.6,2.8
2025-08-13,2025-08-13 13:21:05.400,MO2508-C-7500,2.8,2.6,2.8
2025-08-13,2025-08-13 13:21:08.900,MO2508-C-7500,2.8,2.6,2.8
2025-08-13,2025-08-13 13:21:09.400,MO2508-C-7500,2.8,2.6,2.8
2025-08-13,2025-08-13 13:21:09.900,MO2508-C-7500,2.8,2.6,2.8
2025-08-13,2025-08-13 13:21:10.400,MO2508-C-7500,2.8,2.6,2.8
2025-08-13,2025-08-13 13:21:10.900,MO2508-C-7500,2.8,2.6,2.8
2025-08-13,2025-08-13 13:21:13.400,MO2508-C-7500,2.8,2.6,2.8
2025-08-13,2025-08-13 13:21:15.400,MO2508-C-7500,2.8,2.6,2.8
2025-08-13,2025-08-13 13:21:18.900,MO2508-C-7500,2.8,2.6,2.8
2025-08-13,2025-08-13 13:21:19.400,MO2508-C-7500,2.8,2.6,2.8
2025-08-13,2025-08-13 13:21:19.900,MO2508-C-7500,2.8,2.6,2.8
2025-08-13,2025-08-13 13:21:20.400,MO2508-C-7500,2.8,2.6,2.8
2025-08-13,2025-08-13 13:21:23.900,MO2508-C-7500,2.8,2.6,2.8
2025-08-13,2025-08-13 13:21:26.400,MO2508-C-7500,2.8,2.6,2.8
2025-08-13,2025-08-13 13:21:27.400,MO2508-C-7500,2.8,2.6,2.8
2025-08-13,2025-08-13 13:21:28.400,MO2508-C-7500,2.8,2.6,2.8
2025-08-13,2025-08-13 13:21:28.900,MO2508-C-7500,2.8,2.6,2.8
2025-08-13,2025-08-13 13:21:29.400,MO2508-C-7500,2.8,2.6,2.8
2025-08-13,2025-08-13 13:21:29.900,MO2508-C-7500,2.8,2.6,2.8
2025-08-13,2025-08-13 13:21:32.400,MO2508-C-7500,2.8,2.6,2.8
2025-08-13,2025-08-13 13:21:33.900,MO2508-C-7500,2.8,2.6,2.8
2025-08-13,2025-08-13 13:21:34.400,MO2508-C-7500,2.8,2.6,2.8
2025-08-13,2025-08-13 13:21:35.900,MO2508-C-7500,2.8,2.6,2.8
2025-08-13,2025-08-13 13:21:38.900,MO2508-C-7500,2.8,2.6,2.8
2025-08-13,2025-08-13 13:21:39.400,MO2508-C-7500,2.8,2.6,2.8
2025-08-13,2025-08-13 13:21:47.900,MO2508-C-7500,2.8,2.6,2.8
2025-08-13,2025-08-13 13:21:48.900,MO2508-C-7500,2.8,2.6,2.8
2025-08-13,2025-08-13 13:21:49.400,MO2508-C-7500,2.8,2.6,2.8
2025-08-13,2025-08-13 13:21:50.900,MO2508-C-7500,2.8,2.6,2.8
2025-08-13,2025-08-13 13:21:51.400,MO2508-C-7500,2.8,2.6,2.8
2025-08-13,2025-08-13 13:21:51.900,MO2508-C-7500,2.8,2.6,2.8
2025-08-13,2025-08-13 13:21:52.400,MO2508-C-7500,2.8,2.6,2.8
2025-08-13,2025-08-13 13:21:52.900,MO2508-C-7500,2.8,2.6,2.8
2025-08-13,2025-08-13 13:21:53.400,MO2508-C-7500,2.8,2.6,2.8
2025-08-13,2025-08-13 13:21:55.400,MO2508-C-7500,2.8,2.6,2.8
2025-08-13,2025-08-13 13:21:55.900,MO2508-C-7500,2.8,2.6,2.8
2025-08-13,2025-08-13 13:21:58.900,MO2508-C-7500,2.8,2.6,2.8
2025-08-13,2025-08-13 13:21:59.400,MO2508-C-7500,2.8,2.6,2.8
2025-08-13,2025-08-13 13:21:59.900,MO2508-C-7500,2.8,2.6,2.8
2025-08-13,2025-08-13 13:22:00.400,MO2508-C-7500,2.8,2.6,2.8
2025-08-13,2025-08-13 13:22:01.400,MO2508-C-7500,2.8,2.6,2.8
2025-08-13,2025-08-13 13:22:03.400,MO2508-C-7500,2.6,2.6,2.8
2025-08-13,2025-08-13 13:22:03.900,MO2508-C-7500,2.6,2.6,2.8
2025-08-13,2025-08-13 13:22:05.400,MO2508-C-7500,2.6,2.6,2.8
2025-08-13,2025-08-13 13:22:07.400,MO2508-C-7500,2.6,2.6,2.8
2025-08-13,2025-08-13 13:22:07.900,MO2508-C-7500,2.6,2.6,2.8
2025-08-13,2025-08-13 13:22:08.400,MO2508-C-7500,2.6,2.6,2.8
2025-08-13,2025-08-13 13:22:08.900,MO2508-C-7500,2.6,2.6,2.8
2025-08-13,2025-08-13 13:22:09.400,MO2508-C-7500,2.6,2.6,2.8
2025-08-13,2025-08-13 13:22:10.900,MO2508-C-7500,2.6,2.6,2.8
2025-08-13,2025-08-13 13:22:11.400,MO2508-C-7500,2.6,2.6,2.8
2025-08-13,2025-08-13 13:22:11.900,MO2508-C-7500,2.6,2.6,2.8
2025-08-13,2025-08-13 13:22:12.400,MO2508-C-7500,2.6,2.4,2.8
2025-08-13,2025-08-13 13:22:12.900,MO2508-C-7500,2.6,2.4,2.8
2025-08-13,2025-08-13 13:22:13.400,MO2508-C-7500,2.6,2.4,2.8
2025-08-13,2025-08-13 13:22:13.900,MO2508-C-7500,2.6,2.4,2.8
2025-08-13,2025-08-13 13:22:14.400,MO2508-C-7500,2.6,2.4,2.8
2025-08-13,2025-08-13 13:22:17.400,MO2508-C-7500,2.6,2.4,2.8
2025-08-13,2025-08-13 13:22:18.900,MO2508-C-7500,2.6,2.4,2.8
2025-08-13,2025-08-13 13:22:19.400,MO2508-C-7500,2.6,2.4,2.8
2025-08-13,2025-08-13 13:22:19.900,MO2508-C-7500,2.6,2.4,2.8
2025-08-13,2025-08-13 13:22:21.400,MO2508-C-7500,2.6,2.4,2.8
2025-08-13,2025-08-13 13:22:21.900,MO2508-C-7500,2.6,2.4,2.8
2025-08-13,2025-08-13 13:22:22.900,MO2508-C-7500,2.6,2.4,2.8
2025-08-13,2025-08-13 13:22:23.400,MO2508-C-7500,2.6,2.4,2.8
2025-08-13,2025-08-13 13:22:23.900,MO2508-C-7500,2.6,2.4,2.8
2025-08-13,2025-08-13 13:22:24.400,MO2508-C-7500,2.6,2.4,2.6
2025-08-13,2025-08-13 13:22:24.900,MO2508-C-7500,2.6,2.4,2.6
2025-08-13,2025-08-13 13:22:25.400,MO2508-C-7500,2.6,2.4,2.6
2025-08-13,2025-08-13 13:22:25.900,MO2508-C-7500,2.6,2.4,2.6
2025-08-13,2025-08-13 13:22:26.400,MO2508-C-7500,2.6,2.4,2.6
2025-08-13,2025-08-13 13:22:26.900,MO2508-C-7500,2.6,2.4,2.6
2025-08-13,2025-08-13 13:22:27.400,MO2508-C-7500,2.6,2.4,2.6
2025-08-13,2025-08-13 13:22:27.900,MO2508-C-7500,2.6,2.4,2.6
2025-08-13,2025-08-13 13:22:28.400,MO2508-C-7500,2.6,2.4,2.6
2025-08-13,2025-08-13 13:22:28.900,MO2508-C-7500,2.6,2.4,2.6
2025-08-13,2025-08-13 13:22:29.400,MO2508-C-7500,2.6,2.4,2.6
2025-08-13,2025-08-13 13:22:31.400,MO2508-C-7500,2.6,2.2,2.6
2025-08-13,2025-08-13 13:22:31.900,MO2508-C-7500,2.6,2.2,2.6
2025-08-13,2025-08-13 13:22:32.400,MO2508-C-7500,2.6,2.2,2.6
2025-08-13,2025-08-13 13:22:32.900,MO2508-C-7500,2.6,2.2,2.6
2025-08-13,2025-08-13 13:22:33.400,MO2508-C-7500,2.6,2.2,2.6
2025-08-13,2025-08-13 13:22:33.900,MO2508-C-7500,2.6,2.2,2.4
2025-08-13,2025-08-13 13:22:34.400,MO2508-C-7500,2.6,2.2,2.4
2025-08-13,2025-08-13 13:22:34.900,MO2508-C-7500,2.6,2.2,2.4
2025-08-13,2025-08-13 13:22:35.900,MO2508-C-7500,2.6,2.2,2.4
2025-08-13,2025-08-13 13:22:36.900,MO2508-C-7500,2.6,2.2,2.4
2025-08-13,2025-08-13 13:22:38.900,MO2508-C-7500,2.6,2.2,2.4
2025-08-13,2025-08-13 13:22:39.400,MO2508-C-7500,2.6,2.2,2.4
2025-08-13,2025-08-13 13:22:39.900,MO2508-C-7500,2.6,2.2,2.4
2025-08-13,2025-08-13 13:22:40.900,MO2508-C-7500,2.6,2.2,2.4
2025-08-13,2025-08-13 13:22:41.900,MO2508-C-7500,2.6,2.2,2.4
2025-08-13,2025-08-13 13:22:42.400,MO2508-C-7500,2.2,2.2,2.4
2025-08-13,2025-08-13 13:22:42.900,MO2508-C-7500,2.2,2.2,2.4
2025-08-13,2025-08-13 13:22:43.400,MO2508-C-7500,2.2,2.2,2.4
2025-08-13,2025-08-13 13:22:43.900,MO2508-C-7500,2.2,2.2,2.4
2025-08-13,2025-08-13 13:22:44.400,MO2508-C-7500,2.2,2.2,2.4
2025-08-13,2025-08-13 13:22:44.900,MO2508-C-7500,2.2,2.2,2.4
2025-08-13,2025-08-13 13:22:45.400,MO2508-C-7500,2.2,2.2,2.4
2025-08-13,2025-08-13 13:22:45.900,MO2508-C-7500,2.2,2.2,2.4
2025-08-13,2025-08-13 13:22:46.400,MO2508-C-7500,2.2,2.2,2.4
2025-08-13,2025-08-13 13:22:46.900,MO2508-C-7500,2.2,2.2,2.4
2025-08-13,2025-08-13 13:22:47.400,MO2508-C-7500,2.2,2.2,2.4
2025-08-13,2025-08-13 13:22:47.900,MO2508-C-7500,2.2,2.2,2.4
2025-08-13,2025-08-13 13:22:48.400,MO2508-C-7500,2.2,2.0,2.4
2025-08-13,2025-08-13 13:22:48.900,MO2508-C-7500,2.2,2.0,2.4
2025-08-13,2025-08-13 13:22:49.400,MO2508-C-7500,2.2,2.0,2.4
2025-08-13,2025-08-13 13:22:49.900,MO2508-C-7500,2.2,2.0,2.4
2025-08-13,2025-08-13 13:22:50.400,MO2508-C-7500,2.2,2.0,2.4
2025-08-13,2025-08-13 13:22:50.900,MO2508-C-7500,2.2,2.2,2.4
2025-08-13,2025-08-13 13:22:51.400,MO2508-C-7500,2.2,2.0,2.2
2025-08-13,2025-08-13 13:22:51.900,MO2508-C-7500,2.2,2.0,2.2
2025-08-13,2025-08-13 13:22:52.400,MO2508-C-7500,2.2,2.0,2.2
2025-08-13,2025-08-13 13:22:52.900,MO2508-C-7500,2.2,2.0,2.2
2025-08-13,2025-08-13 13:22:58.900,MO2508-C-7500,2.2,2.0,2.2
2025-08-13,2025-08-13 13:22:59.400,MO2508-C-7500,2.2,2.0,2.2
2025-08-13,2025-08-13 13:22:59.900,MO2508-C-7500,2.2,2.0,2.2
2025-08-13,2025-08-13 13:23:00.900,MO2508-C-7500,2.2,2.0,2.2
2025-08-13,2025-08-13 13:23:01.400,MO2508-C-7500,2.2,2.0,2.2
2025-08-13,2025-08-13 13:23:01.900,MO2508-C-7500,2.2,2.0,2.2
2025-08-13,2025-08-13 13:23:02.400,MO2508-C-7500,2.2,2.0,2.2
2025-08-13,2025-08-13 13:23:02.900,MO2508-C-7500,2.2,2.0,2.2
2025-08-13,2025-08-13 13:23:06.900,MO2508-C-7500,2.2,2.0,2.2
2025-08-13,2025-08-13 13:23:07.900,MO2508-C-7500,2.2,2.0,2.2
2025-08-13,2025-08-13 13:23:08.900,MO2508-C-7500,2.2,2.0,2.2
2025-08-13,2025-08-13 13:23:09.400,MO2508-C-7500,2.2,2.0,2.2
2025-08-13,2025-08-13 13:23:09.900,MO2508-C-7500,2.2,2.0,2.2
2025-08-13,2025-08-13 13:23:10.400,MO2508-C-7500,2.2,2.0,2.2
2025-08-13,2025-08-13 13:23:10.900,MO2508-C-7500,2.2,2.0,2.2
2025-08-13,2025-08-13 13:23:11.400,MO2508-C-7500,2.2,1.8,2.2
2025-08-13,2025-08-13 13:23:11.900,MO2508-C-7500,2.2,1.8,2.2
2025-08-13,2025-08-13 13:23:13.400,MO2508-C-7500,2.2,1.8,2.2
2025-08-13,2025-08-13 13:23:13.900,MO2508-C-7500,2.2,1.8,2.2
2025-08-13,2025-08-13 13:23:14.400,MO2508-C-7500,2.2,1.8,2.2
2025-08-13,2025-08-13 13:23:14.900,MO2508-C-7500,2.2,1.8,2.0
2025-08-13,2025-08-13 13:23:15.400,MO2508-C-7500,2.2,1.8,2.0
2025-08-13,2025-08-13 13:23:15.900,MO2508-C-7500,2.2,1.8,2.0
2025-08-13,2025-08-13 13:23:16.400,MO2508-C-7500,2.2,1.8,2.0
2025-08-13,2025-08-13 13:23:16.900,MO2508-C-7500,2.2,1.8,2.0
2025-08-13,2025-08-13 13:23:18.900,MO2508-C-7500,2.2,1.8,2.0
2025-08-13,2025-08-13 13:23:19.400,MO2508-C-7500,2.2,1.8,2.0
2025-08-13,2025-08-13 13:23:20.400,MO2508-C-7500,2.2,1.8,2.0
2025-08-13,2025-08-13 13:23:20.900,MO2508-C-7500,2.2,1.8,2.0
2025-08-13,2025-08-13 13:23:21.400,MO2508-C-7500,2.2,1.8,2.0
2025-08-13,2025-08-13 13:23:21.900,MO2508-C-7500,2.2,1.8,2.0
2025-08-13,2025-08-13 13:23:22.400,MO2508-C-7500,2.2,1.8,2.0
2025-08-13,2025-08-13 13:23:22.900,MO2508-C-7500,2.2,1.8,2.0
2025-08-13,2025-08-13 13:23:24.400,MO2508-C-7500,2.2,1.8,2.0
2025-08-13,2025-08-13 13:23:28.900,MO2508-C-7500,2.2,1.8,2.0
2025-08-13,2025-08-13 13:23:29.400,MO2508-C-7500,2.2,1.8,2.0
2025-08-13,2025-08-13 13:23:29.900,MO2508-C-7500,2.2,1.8,2.0
2025-08-13,2025-08-13 13:23:32.900,MO2508-C-7500,2.2,1.8,2.0
2025-08-13,2025-08-13 13:23:33.400,MO2508-C-7500,2.2,1.8,2.0
2025-08-13,2025-08-13 13:23:34.900,MO2508-C-7500,2.2,1.8,2.0
2025-08-13,2025-08-13 13:23:38.900,MO2508-C-7500,2.2,1.8,2.0
2025-08-13,2025-08-13 13:23:39.400,MO2508-C-7500,2.2,1.8,2.0
2025-08-13,2025-08-13 13:23:47.400,MO2508-C-7500,2.2,1.8,2.0
2025-08-13,2025-08-13 13:23:48.900,MO2508-C-7500,2.2,1.8,2.0
2025-08-13,2025-08-13 13:23:49.400,MO2508-C-7500,2.2,1.8,2.0
2025-08-13,2025-08-13 13:23:50.400,MO2508-C-7500,2.2,1.8,2.0
2025-08-13,2025-08-13 13:23:51.900,MO2508-C-7500,2.2,1.8,2.0
2025-08-13,2025-08-13 13:23:52.900,MO2508-C-7500,2.2,1.8,2.0
2025-08-13,2025-08-13 13:23:58.900,MO2508-C-7500,2.2,1.8,2.0
2025-08-13,2025-08-13 13:23:59.400,MO2508-C-7500,2.2,1.8,2.0
2025-08-13,2025-08-13 13:24:03.900,MO2508-C-7500,2.2,1.8,2.0
2025-08-13,2025-08-13 13:24:06.900,MO2508-C-7500,2.2,1.8,2.0
2025-08-13,2025-08-13 13:24:08.900,MO2508-C-7500,2.2,1.8,2.0
2025-08-13,2025-08-13 13:24:09.400,MO2508-C-7500,2.2,1.8,2.0
2025-08-13,2025-08-13 13:24:10.400,MO2508-C-7500,2.2,1.8,2.0
2025-08-13,2025-08-13 13:24:18.900,MO2508-C-7500,2.2,1.8,2.0
2025-08-13,2025-08-13 13:24:19.400,MO2508-C-7500,2.2,1.8,2.0
2025-08-13,2025-08-13 13:24:28.900,MO2508-C-7500,2.2,1.8,2.0
2025-08-13,2025-08-13 13:24:29.400,MO2508-C-7500,2.2,1.8,2.0
2025-08-13,2025-08-13 13:24:32.900,MO2508-C-7500,2.2,1.8,2.0
2025-08-13,2025-08-13 13:24:33.400,MO2508-C-7500,2.2,1.8,2.0
2025-08-13,2025-08-13 13:24:33.900,MO2508-C-7500,2.2,1.8,2.0
2025-08-13,2025-08-13 13:24:36.400,MO2508-C-7500,2.2,1.8,2.0
2025-08-13,2025-08-13 13:24:36.900,MO2508-C-7500,2.2,1.8,2.0
2025-08-13,2025-08-13 13:24:38.400,MO2508-C-7500,2.2,1.8,2.0
2025-08-13,2025-08-13 13:24:38.900,MO2508-C-7500,2.2,1.8,2.0
2025-08-13,2025-08-13 13:24:39.400,MO2508-C-7500,2.2,1.8,2.0
2025-08-13,2025-08-13 13:24:39.900,MO2508-C-7500,2.2,1.8,2.0
2025-08-13,2025-08-13 13:24:46.900,MO2508-C-7500,2.2,1.8,2.0
2025-08-13,2025-08-13 13:24:47.400,MO2508-C-7500,2.2,1.8,2.0
2025-08-13,2025-08-13 13:24:47.900,MO2508-C-7500,2.2,1.8,2.0
2025-08-13,2025-08-13 13:24:48.900,MO2508-C-7500,2.2,1.8,2.0
2025-08-13,2025-08-13 13:24:49.400,MO2508-C-7500,2.2,1.8,2.0
2025-08-13,2025-08-13 13:24:49.900,MO2508-C-7500,2.2,1.8,2.0
2025-08-13,2025-08-13 13:24:50.900,MO2508-C-7500,2.2,1.8,2.0
2025-08-13,2025-08-13 13:24:51.400,MO2508-C-7500,2.2,1.8,2.0
2025-08-13,2025-08-13 13:24:52.900,MO2508-C-7500,2.2,1.8,2.0
2025-08-13,2025-08-13 13:24:53.400,MO2508-C-7500,2.2,1.8,2.0
2025-08-13,2025-08-13 13:24:57.400,MO2508-C-7500,2.2,1.8,2.0
2025-08-13,2025-08-13 13:24:57.900,MO2508-C-7500,2.2,1.8,2.0
2025-08-13,2025-08-13 13:24:58.900,MO2508-C-7500,1.8,1.8,2.0
2025-08-13,2025-08-13 13:24:59.400,MO2508-C-7500,1.8,1.8,2.0
2025-08-13,2025-08-13 13:24:59.900,MO2508-C-7500,1.8,1.8,2.0
2025-08-13,2025-08-13 13:25:02.400,MO2508-C-7500,1.8,1.8,2.0
2025-08-13,2025-08-13 13:25:04.400,MO2508-C-7500,1.8,1.8,2.0
2025-08-13,2025-08-13 13:25:04.900,MO2508-C-7500,1.8,1.8,2.0
2025-08-13,2025-08-13 13:25:05.900,MO2508-C-7500,1.8,1.8,2.0
2025-08-13,2025-08-13 13:25:07.900,MO2508-C-7500,1.8,1.8,2.0
2025-08-13,2025-08-13 13:25:08.900,MO2508-C-7500,1.8,1.8,2.0
2025-08-13,2025-08-13 13:25:09.400,MO2508-C-7500,1.8,1.8,2.0
2025-08-13,2025-08-13 13:25:09.900,MO2508-C-7500,1.8,1.8,2.0
2025-08-13,2025-08-13 13:25:10.400,MO2508-C-7500,1.8,1.8,2.0
2025-08-13,2025-08-13 13:25:11.400,MO2508-C-7500,1.8,1.8,2.0
2025-08-13,2025-08-13 13:25:14.400,MO2508-C-7500,1.8,1.8,2.0
2025-08-13,2025-08-13 13:25:14.900,MO2508-C-7500,1.8,1.8,2.0
2025-08-13,2025-08-13 13:25:16.400,MO2508-C-7500,1.8,1.8,2.0
2025-08-13,2025-08-13 13:25:16.900,MO2508-C-7500,1.8,1.8,2.0
2025-08-13,2025-08-13 13:25:17.400,MO2508-C-7500,1.8,1.8,2.0
2025-08-13,2025-08-13 13:25:18.900,MO2508-C-7500,1.8,1.8,2.0
2025-08-13,2025-08-13 13:25:19.400,MO2508-C-7500,1.8,1.8,2.0
2025-08-13,2025-08-13 13:25:19.900,MO2508-C-7500,1.8,1.8,2.0
2025-08-13,2025-08-13 13:25:21.400,MO2508-C-7500,1.8,1.8,2.0
2025-08-13,2025-08-13 13:25:21.900,MO2508-C-7500,1.8,1.8,2.0
2025-08-13,2025-08-13 13:25:22.900,MO2508-C-7500,1.8,1.8,2.0
2025-08-13,2025-08-13 13:25:23.400,MO2508-C-7500,1.8,1.8,2.0
2025-08-13,2025-08-13 13:25:23.900,MO2508-C-7500,1.8,1.8,2.0
2025-08-13,2025-08-13 13:25:27.400,MO2508-C-7500,1.8,1.8,2.0
2025-08-13,2025-08-13 13:25:27.900,MO2508-C-7500,1.8,1.8,2.0
2025-08-13,2025-08-13 13:25:28.400,MO2508-C-7500,1.8,1.8,2.0
2025-08-13,2025-08-13 13:25:28.900,MO2508-C-7500,1.8,1.8,2.0
2025-08-13,2025-08-13 13:25:29.400,MO2508-C-7500,1.8,1.8,2.0
2025-08-13,2025-08-13 13:25:34.900,MO2508-C-7500,1.8,1.8,2.0
2025-08-13,2025-08-13 13:25:35.400,MO2508-C-7500,1.8,1.8,2.0
2025-08-13,2025-08-13 13:25:35.900,MO2508-C-7500,1.8,1.8,2.0
2025-08-13,2025-08-13 13:25:37.900,MO2508-C-7500,1.8,1.8,2.0
2025-08-13,2025-08-13 13:25:38.400,MO2508-C-7500,1.8,1.8,2.0
2025-08-13,2025-08-13 13:25:38.900,MO2508-C-7500,1.8,1.8,2.0
2025-08-13,2025-08-13 13:25:39.400,MO2508-C-7500,1.8,1.8,2.0
2025-08-13,2025-08-13 13:25:40.400,MO2508-C-7500,1.8,1.8,2.0
2025-08-13,2025-08-13 13:25:40.900,MO2508-C-7500,1.8,1.8,2.0
2025-08-13,2025-08-13 13:25:43.400,MO2508-C-7500,1.8,1.8,2.0
2025-08-13,2025-08-13 13:25:46.900,MO2508-C-7500,1.8,1.8,2.0
2025-08-13,2025-08-13 13:25:47.400,MO2508-C-7500,1.8,1.8,2.0
2025-08-13,2025-08-13 13:25:47.900,MO2508-C-7500,1.8,1.8,2.0
2025-08-13,2025-08-13 13:25:48.400,MO2508-C-7500,1.8,1.8,2.0
2025-08-13,2025-08-13 13:25:48.900,MO2508-C-7500,1.8,1.8,2.0
2025-08-13,2025-08-13 13:25:49.400,MO2508-C-7500,1.8,1.8,2.0
2025-08-13,2025-08-13 13:25:55.900,MO2508-C-7500,2.0,1.8,2.0
2025-08-13,2025-08-13 13:25:56.400,MO2508-C-7500,2.0,1.8,2.0
2025-08-13,2025-08-13 13:25:57.400,MO2508-C-7500,2.0,1.8,2.0
2025-08-13,2025-08-13 13:25:58.900,MO2508-C-7500,2.0,1.8,2.0
2025-08-13,2025-08-13 13:26:00.400,MO2508-C-7500,2.0,1.8,2.0
2025-08-13,2025-08-13 13:26:00.900,MO2508-C-7500,2.0,1.8,2.0
2025-08-13,2025-08-13 13:26:07.400,MO2508-C-7500,2.0,1.8,2.0
2025-08-13,2025-08-13 13:26:08.900,MO2508-C-7500,2.0,1.8,2.0
2025-08-13,2025-08-13 13:26:09.400,MO2508-C-7500,2.0,1.8,2.0
2025-08-13,2025-08-13 13:26:10.400,MO2508-C-7500,2.0,1.8,2.0
2025-08-13,2025-08-13 13:26:13.900,MO2508-C-7500,2.0,1.8,2.0
2025-08-13,2025-08-13 13:26:18.900,MO2508-C-7500,2.0,1.8,2.0
2025-08-13,2025-08-13 13:26:19.900,MO2508-C-7500,2.0,1.8,2.0
2025-08-13,2025-08-13 13:26:28.900,MO2508-C-7500,2.0,1.8,2.0
2025-08-13,2025-08-13 13:26:30.900,MO2508-C-7500,2.0,1.8,2.0
2025-08-13,2025-08-13 13:26:38.900,MO2508-C-7500,2.0,1.8,2.0
2025-08-13,2025-08-13 13:26:39.900,MO2508-C-7500,2.0,1.8,2.0
2025-08-13,2025-08-13 13:26:42.400,MO2508-C-7500,2.0,1.8,2.0
2025-08-13,2025-08-13 13:26:43.400,MO2508-C-7500,2.0,1.8,2.0
2025-08-13,2025-08-13 13:26:48.900,MO2508-C-7500,2.0,1.8,2.0
2025-08-13,2025-08-13 13:26:49.900,MO2508-C-7500,2.0,1.8,2.0
2025-08-13,2025-08-13 13:26:58.900,MO2508-C-7500,2.0,1.8,2.0
2025-08-13,2025-08-13 13:26:59.400,MO2508-C-7500,2.0,1.8,2.0
2025-08-13,2025-08-13 13:27:01.900,MO2508-C-7500,2.0,1.8,2.0
2025-08-13,2025-08-13 13:27:03.400,MO2508-C-7500,2.0,1.8,2.0
2025-08-13,2025-08-13 13:27:05.900,MO2508-C-7500,2.0,1.8,2.0
2025-08-13,2025-08-13 13:27:06.400,MO2508-C-7500,2.0,1.8,2.0
2025-08-13,2025-08-13 13:27:07.900,MO2508-C-7500,2.0,1.8,2.0
2025-08-13,2025-08-13 13:27:08.900,MO2508-C-7500,2.0,1.8,2.0
2025-08-13,2025-08-13 13:27:09.400,MO2508-C-7500,2.0,1.8,2.0
2025-08-13,2025-08-13 13:27:14.400,MO2508-C-7500,2.0,1.8,2.0
2025-08-13,2025-08-13 13:27:15.900,MO2508-C-7500,2.0,1.8,2.0
2025-08-13,2025-08-13 13:27:18.400,MO2508-C-7500,2.0,1.8,2.0
2025-08-13,2025-08-13 13:27:18.900,MO2508-C-7500,2.0,1.8,2.0
2025-08-13,2025-08-13 13:27:19.400,MO2508-C-7500,2.0,1.8,2.0
2025-08-13,2025-08-13 13:27:24.900,MO2508-C-7500,2.0,1.8,2.0
2025-08-13,2025-08-13 13:27:27.900,MO2508-C-7500,2.0,1.8,2.0
2025-08-13,2025-08-13 13:27:28.900,MO2508-C-7500,2.0,1.8,2.0
2025-08-13,2025-08-13 13:27:29.400,MO2508-C-7500,2.0,1.8,2.0
2025-08-13,2025-08-13 13:27:31.900,MO2508-C-7500,2.0,1.8,2.0
2025-08-13,2025-08-13 13:27:33.400,MO2508-C-7500,2.0,1.8,2.0
2025-08-13,2025-08-13 13:27:34.400,MO2508-C-7500,2.0,1.8,2.0
2025-08-13,2025-08-13 13:27:35.400,MO2508-C-7500,2.0,1.8,2.0
2025-08-13,2025-08-13 13:27:38.900,MO2508-C-7500,2.0,1.8,2.0
2025-08-13,2025-08-13 13:27:39.900,MO2508-C-7500,2.0,1.8,2.0
2025-08-13,2025-08-13 13:27:42.900,MO2508-C-7500,2.0,1.8,2.0
2025-08-13,2025-08-13 13:27:43.900,MO2508-C-7500,2.0,1.8,2.0
2025-08-13,2025-08-13 13:27:48.900,MO2508-C-7500,2.0,1.8,2.0
2025-08-13,2025-08-13 13:27:49.400,MO2508-C-7500,2.0,1.8,2.0
2025-08-13,2025-08-13 13:27:58.900,MO2508-C-7500,2.0,1.8,2.0
2025-08-13,2025-08-13 13:28:00.400,MO2508-C-7500,2.0,1.8,2.0
2025-08-13,2025-08-13 13:28:08.900,MO2508-C-7500,2.0,1.8,2.0
2025-08-13,2025-08-13 13:28:09.400,MO2508-C-7500,2.0,1.8,2.0
2025-08-13,2025-08-13 13:28:13.400,MO2508-C-7500,2.0,1.8,2.0
2025-08-13,2025-08-13 13:28:14.400,MO2508-C-7500,2.0,1.8,2.0
2025-08-13,2025-08-13 13:28:14.900,MO2508-C-7500,2.0,1.8,2.0
2025-08-13,2025-08-13 13:28:15.900,MO2508-C-7500,2.0,1.8,2.0
2025-08-13,2025-08-13 13:28:17.400,MO2508-C-7500,2.0,1.8,2.0
2025-08-13,2025-08-13 13:28:18.400,MO2508-C-7500,2.0,1.8,2.0
2025-08-13,2025-08-13 13:28:18.900,MO2508-C-7500,2.0,1.8,2.0
2025-08-13,2025-08-13 13:28:19.400,MO2508-C-7500,2.0,1.8,2.0
2025-08-13,2025-08-13 13:28:19.900,MO2508-C-7500,2.0,1.8,2.0
2025-08-13,2025-08-13 13:28:20.400,MO2508-C-7500,2.0,1.8,2.0
2025-08-13,2025-08-13 13:28:21.900,MO2508-C-7500,2.0,1.8,2.0
2025-08-13,2025-08-13 13:28:25.900,MO2508-C-7500,2.0,1.8,2.0
2025-08-13,2025-08-13 13:28:28.900,MO2508-C-7500,2.0,1.8,2.0
2025-08-13,2025-08-13 13:28:29.900,MO2508-C-7500,2.0,1.8,2.0
2025-08-13,2025-08-13 13:28:30.900,MO2508-C-7500,2.0,1.8,2.0
2025-08-13,2025-08-13 13:28:31.400,MO2508-C-7500,2.0,1.8,2.0
2025-08-13,2025-08-13 13:28:31.900,MO2508-C-7500,2.0,1.8,2.0
2025-08-13,2025-08-13 13:28:34.400,MO2508-C-7500,2.0,1.8,2.0
2025-08-13,2025-08-13 13:28:36.900,MO2508-C-7500,2.0,1.8,2.0
2025-08-13,2025-08-13 13:28:37.400,MO2508-C-7500,2.0,1.8,2.0
2025-08-13,2025-08-13 13:28:37.900,MO2508-C-7500,2.0,1.8,2.0
2025-08-13,2025-08-13 13:28:38.400,MO2508-C-7500,2.0,1.8,2.0
2025-08-13,2025-08-13 13:28:38.900,MO2508-C-7500,2.0,1.8,2.0
2025-08-13,2025-08-13 13:28:39.400,MO2508-C-7500,2.0,1.8,2.0
2025-08-13,2025-08-13 13:28:41.400,MO2508-C-7500,2.0,1.8,2.0
2025-08-13,2025-08-13 13:28:43.900,MO2508-C-7500,2.0,1.8,2.0
2025-08-13,2025-08-13 13:28:48.900,MO2508-C-7500,2.0,1.8,2.0
2025-08-13,2025-08-13 13:28:49.400,MO2508-C-7500,2.0,1.8,2.0
2025-08-13,2025-08-13 13:28:49.900,MO2508-C-7500,2.0,1.8,2.0
2025-08-13,2025-08-13 13:28:50.900,MO2508-C-7500,2.0,1.8,2.0
2025-08-13,2025-08-13 13:28:51.400,MO2508-C-7500,2.0,1.8,2.0
2025-08-13,2025-08-13 13:28:51.900,MO2508-C-7500,2.0,1.8,2.0
2025-08-13,2025-08-13 13:28:53.400,MO2508-C-7500,2.0,1.8,2.0
2025-08-13,2025-08-13 13:28:54.400,MO2508-C-7500,2.0,1.8,2.0
2025-08-13,2025-08-13 13:28:54.900,MO2508-C-7500,2.0,1.8,2.0
2025-08-13,2025-08-13 13:28:55.400,MO2508-C-7500,2.0,1.8,2.0
2025-08-13,2025-08-13 13:28:57.400,MO2508-C-7500,2.0,1.8,2.0
2025-08-13,2025-08-13 13:28:57.900,MO2508-C-7500,2.0,1.8,2.0
2025-08-13,2025-08-13 13:28:58.900,MO2508-C-7500,2.0,1.8,2.0
2025-08-13,2025-08-13 13:28:59.400,MO2508-C-7500,2.0,1.8,2.0
2025-08-13,2025-08-13 13:28:59.900,MO2508-C-7500,2.0,1.8,2.0
2025-08-13,2025-08-13 13:29:02.400,MO2508-C-7500,2.0,1.8,2.0
2025-08-13,2025-08-13 13:29:02.900,MO2508-C-7500,2.0,1.8,2.0
2025-08-13,2025-08-13 13:29:04.900,MO2508-C-7500,2.0,1.8,2.0
2025-08-13,2025-08-13 13:29:05.400,MO2508-C-7500,2.0,1.8,2.0
2025-08-13,2025-08-13 13:29:07.400,MO2508-C-7500,2.0,1.8,2.0
2025-08-13,2025-08-13 13:29:07.900,MO2508-C-7500,2.0,1.8,2.0
2025-08-13,2025-08-13 13:29:08.900,MO2508-C-7500,2.0,1.8,2.0
2025-08-13,2025-08-13 13:29:09.400,MO2508-C-7500,2.0,1.8,2.0
2025-08-13,2025-08-13 13:29:15.900,MO2508-C-7500,2.0,1.8,2.0
2025-08-13,2025-08-13 13:29:18.900,MO2508-C-7500,2.0,1.8,2.0
2025-08-13,2025-08-13 13:29:19.400,MO2508-C-7500,2.0,1.8,2.0
2025-08-13,2025-08-13 13:29:23.400,MO2508-C-7500,2.0,1.8,2.0
2025-08-13,2025-08-13 13:29:28.900,MO2508-C-7500,2.0,1.8,2.0
2025-08-13,2025-08-13 13:29:29.400,MO2508-C-7500,2.0,1.8,2.0
2025-08-13,2025-08-13 13:29:30.900,MO2508-C-7500,2.0,1.8,2.0
2025-08-13,2025-08-13 13:29:38.900,MO2508-C-7500,2.0,1.8,2.0
2025-08-13,2025-08-13 13:29:39.400,MO2508-C-7500,2.0,1.8,2.0
2025-08-13,2025-08-13 13:29:43.400,MO2508-C-7500,2.0,1.8,2.0
2025-08-13,2025-08-13 13:29:45.400,MO2508-C-7500,2.0,1.8,2.0
2025-08-13,2025-08-13 13:29:45.900,MO2508-C-7500,2.0,1.8,2.0
2025-08-13,2025-08-13 13:29:48.900,MO2508-C-7500,2.0,1.8,2.0
2025-08-13,2025-08-13 13:29:49.400,MO2508-C-7500,2.0,1.8,2.0
2025-08-13,2025-08-13 13:29:56.400,MO2508-C-7500,2.0,1.8,2.0
2025-08-13,2025-08-13 13:29:56.900,MO2508-C-7500,2.0,1.8,2.0
2025-08-13,2025-08-13 13:29:57.400,MO2508-C-7500,2.0,1.8,2.0
2025-08-13,2025-08-13 13:29:57.900,MO2508-C-7500,2.0,1.8,2.0
2025-08-13,2025-08-13 13:29:58.900,MO2508-C-7500,2.0,1.8,2.0
2025-08-13,2025-08-13 13:29:59.400,MO2508-C-7500,2.0,1.8,2.0
2025-08-13,2025-08-13 13:30:00.900,MO2508-C-7500,2.0,1.8,2.0
2025-08-13,2025-08-13 13:30:01.400,MO2508-C-7500,2.0,1.8,2.0
2025-08-13,2025-08-13 13:30:05.400,MO2508-C-7500,2.0,1.8,2.0
2025-08-13,2025-08-13 13:30:06.900,MO2508-C-7500,2.0,1.8,2.0
2025-08-13,2025-08-13 13:30:07.900,MO2508-C-7500,2.0,1.8,2.0
2025-08-13,2025-08-13 13:30:08.900,MO2508-C-7500,2.0,1.8,2.0
2025-08-13,2025-08-13 13:30:09.400,MO2508-C-7500,2.0,1.8,2.0
2025-08-13,2025-08-13 13:30:09.900,MO2508-C-7500,2.0,1.8,2.0
2025-08-13,2025-08-13 13:30:10.400,MO2508-C-7500,2.0,1.8,2.0
2025-08-13,2025-08-13 13:30:11.400,MO2508-C-7500,2.0,1.8,2.0
2025-08-13,2025-08-13 13:30:12.400,MO2508-C-7500,2.0,1.8,2.0
2025-08-13,2025-08-13 13:30:12.900,MO2508-C-7500,2.0,1.8,2.0
2025-08-13,2025-08-13 13:30:13.900,MO2508-C-7500,2.0,1.8,2.0
2025-08-13,2025-08-13 13:30:14.400,MO2508-C-7500,2.0,1.8,2.0
2025-08-13,2025-08-13 13:30:15.400,MO2508-C-7500,2.0,1.8,2.0
2025-08-13,2025-08-13 13:30:16.400,MO2508-C-7500,2.0,1.8,2.0
2025-08-13,2025-08-13 13:30:16.900,MO2508-C-7500,2.0,1.8,2.0
2025-08-13,2025-08-13 13:30:17.400,MO2508-C-7500,2.0,1.8,2.0
2025-08-13,2025-08-13 13:30:18.900,MO2508-C-7500,2.0,1.8,2.0
2025-08-13,2025-08-13 13:30:19.400,MO2508-C-7500,2.0,1.8,2.0
2025-08-13,2025-08-13 13:30:21.400,MO2508-C-7500,2.0,1.8,2.0
2025-08-13,2025-08-13 13:30:22.400,MO2508-C-7500,2.0,1.8,2.0
2025-08-13,2025-08-13 13:30:22.900,MO2508-C-7500,2.0,1.8,2.0
2025-08-13,2025-08-13 13:30:23.900,MO2508-C-7500,2.0,1.8,2.0
2025-08-13,2025-08-13 13:30:28.900,MO2508-C-7500,2.0,1.8,2.0
2025-08-13,2025-08-13 13:30:29.400,MO2508-C-7500,2.0,1.8,2.0
2025-08-13,2025-08-13 13:30:30.400,MO2508-C-7500,2.0,1.8,2.0
2025-08-13,2025-08-13 13:30:36.400,MO2508-C-7500,2.0,1.8,2.0
2025-08-13,2025-08-13 13:30:38.900,MO2508-C-7500,2.0,1.8,2.0
2025-08-13,2025-08-13 13:30:39.400,MO2508-C-7500,2.0,1.8,2.0
2025-08-13,2025-08-13 13:30:39.900,MO2508-C-7500,2.0,1.8,2.0
2025-08-13,2025-08-13 13:30:40.400,MO2508-C-7500,2.0,1.8,2.0
2025-08-13,2025-08-13 13:30:40.900,MO2508-C-7500,2.0,1.8,2.0
2025-08-13,2025-08-13 13:30:41.900,MO2508-C-7500,2.0,1.8,2.0
2025-08-13,2025-08-13 13:30:42.400,MO2508-C-7500,2.0,1.8,2.0
2025-08-13,2025-08-13 13:30:45.900,MO2508-C-7500,2.0,1.8,2.0
2025-08-13,2025-08-13 13:30:46.400,MO2508-C-7500,2.0,1.8,2.0
2025-08-13,2025-08-13 13:30:54.900,MO2508-C-7500,2.0,1.8,2.0
2025-08-13,2025-08-13 13:30:58.900,MO2508-C-7500,2.0,1.8,2.0
2025-08-13,2025-08-13 13:30:59.400,MO2508-C-7500,2.0,1.8,2.0
2025-08-13,2025-08-13 13:31:00.400,MO2508-C-7500,2.0,1.8,2.0
2025-08-13,2025-08-13 13:31:01.400,MO2508-C-7500,2.0,1.8,2.0
2025-08-13,2025-08-13 13:31:08.900,MO2508-C-7500,2.0,1.8,2.0
2025-08-13,2025-08-13 13:31:09.400,MO2508-C-7500,2.0,1.8,2.0
2025-08-13,2025-08-13 13:31:10.400,MO2508-C-7500,2.0,1.8,2.0
2025-08-13,2025-08-13 13:31:11.400,MO2508-C-7500,2.0,1.8,2.0
2025-08-13,2025-08-13 13:31:14.900,MO2508-C-7500,2.0,1.8,2.0
2025-08-13,2025-08-13 13:31:17.900,MO2508-C-7500,2.0,1.8,2.0
2025-08-13,2025-08-13 13:31:18.400,MO2508-C-7500,2.0,1.8,2.0
2025-08-13,2025-08-13 13:31:18.900,MO2508-C-7500,2.0,1.8,2.0
2025-08-13,2025-08-13 13:31:19.400,MO2508-C-7500,2.0,1.8,2.0
2025-08-13,2025-08-13 13:31:21.900,MO2508-C-7500,2.0,1.8,2.0
2025-08-13,2025-08-13 13:31:22.900,MO2508-C-7500,1.8,1.8,2.0
2025-08-13,2025-08-13 13:31:24.400,MO2508-C-7500,1.8,1.8,2.0
2025-08-13,2025-08-13 13:31:26.400,MO2508-C-7500,1.8,1.8,2.0
2025-08-13,2025-08-13 13:31:27.900,MO2508-C-7500,1.8,1.8,2.0
2025-08-13,2025-08-13 13:31:28.900,MO2508-C-7500,1.8,1.8,2.0
2025-08-13,2025-08-13 13:31:29.400,MO2508-C-7500,1.8,1.8,2.0
2025-08-13,2025-08-13 13:31:29.900,MO2508-C-7500,1.8,1.8,2.0
2025-08-13,2025-08-13 13:31:33.900,MO2508-C-7500,1.8,1.8,2.0
2025-08-13,2025-08-13 13:31:38.900,MO2508-C-7500,1.8,1.8,2.0
2025-08-13,2025-08-13 13:31:39.400,MO2508-C-7500,1.8,1.8,2.0
2025-08-13,2025-08-13 13:31:44.900,MO2508-C-7500,1.8,1.8,2.0
2025-08-13,2025-08-13 13:31:45.900,MO2508-C-7500,1.8,1.8,2.0
2025-08-13,2025-08-13 13:31:47.900,MO2508-C-7500,1.8,1.8,2.0
2025-08-13,2025-08-13 13:31:48.900,MO2508-C-7500,1.8,1.8,2.0
2025-08-13,2025-08-13 13:31:49.400,MO2508-C-7500,1.8,1.8,2.0
2025-08-13,2025-08-13 13:31:49.900,MO2508-C-7500,1.8,1.8,2.0
2025-08-13,2025-08-13 13:31:54.900,MO2508-C-7500,1.8,1.8,2.0
2025-08-13,2025-08-13 13:31:56.400,MO2508-C-7500,1.8,1.8,2.0
2025-08-13,2025-08-13 13:31:58.400,MO2508-C-7500,1.8,1.8,2.0
2025-08-13,2025-08-13 13:31:58.900,MO2508-C-7500,1.8,1.8,2.0
2025-08-13,2025-08-13 13:31:59.400,MO2508-C-7500,1.8,1.8,2.0
2025-08-13,2025-08-13 13:32:00.900,MO2508-C-7500,1.8,1.8,2.0
2025-08-13,2025-08-13 13:32:01.400,MO2508-C-7500,1.8,1.8,2.0
2025-08-13,2025-08-13 13:32:01.900,MO2508-C-7500,1.8,1.8,2.0
2025-08-13,2025-08-13 13:32:08.900,MO2508-C-7500,1.8,1.8,2.0
2025-08-13,2025-08-13 13:32:09.400,MO2508-C-7500,1.8,1.8,2.0
2025-08-13,2025-08-13 13:32:09.900,MO2508-C-7500,1.8,1.8,2.0
2025-08-13,2025-08-13 13:32:13.400,MO2508-C-7500,1.8,1.8,2.0
2025-08-13,2025-08-13 13:32:14.400,MO2508-C-7500,1.8,1.8,2.0
2025-08-13,2025-08-13 13:32:16.900,MO2508-C-7500,1.8,1.8,2.0
2025-08-13,2025-08-13 13:32:17.400,MO2508-C-7500,1.8,1.8,2.0
2025-08-13,2025-08-13 13:32:17.900,MO2508-C-7500,1.8,1.8,2.0
2025-08-13,2025-08-13 13:32:18.900,MO2508-C-7500,1.8,1.8,2.0
2025-08-13,2025-08-13 13:32:19.400,MO2508-C-7500,1.8,1.8,2.0
2025-08-13,2025-08-13 13:32:20.400,MO2508-C-7500,1.8,1.8,2.0
2025-08-13,2025-08-13 13:32:21.400,MO2508-C-7500,2.0,1.8,2.0
2025-08-13,2025-08-13 13:32:23.400,MO2508-C-7500,2.0,1.8,2.0
2025-08-13,2025-08-13 13:32:23.900,MO2508-C-7500,2.0,1.8,2.0
2025-08-13,2025-08-13 13:32:27.400,MO2508-C-7500,2.0,1.8,2.0
2025-08-13,2025-08-13 13:32:28.900,MO2508-C-7500,2.0,1.8,2.0
2025-08-13,2025-08-13 13:32:29.400,MO2508-C-7500,2.0,1.8,2.0
2025-08-13,2025-08-13 13:32:29.900,MO2508-C-7500,2.0,1.8,2.0
2025-08-13,2025-08-13 13:32:31.400,MO2508-C-7500,2.0,1.8,2.0
2025-08-13,2025-08-13 13:32:33.900,MO2508-C-7500,2.0,1.8,2.0
2025-08-13,2025-08-13 13:32:34.900,MO2508-C-7500,2.0,1.8,2.0
2025-08-13,2025-08-13 13:32:36.400,MO2508-C-7500,2.0,1.8,2.0
2025-08-13,2025-08-13 13:32:36.900,MO2508-C-7500,2.0,1.8,2.0
2025-08-13,2025-08-13 13:32:38.900,MO2508-C-7500,2.0,1.8,2.0
2025-08-13,2025-08-13 13:32:39.400,MO2508-C-7500,2.0,1.8,2.0
2025-08-13,2025-08-13 13:32:45.400,MO2508-C-7500,2.0,1.8,2.0
2025-08-13,2025-08-13 13:32:45.900,MO2508-C-7500,2.0,1.8,2.0
2025-08-13,2025-08-13 13:32:46.900,MO2508-C-7500,2.0,1.8,2.0
2025-08-13,2025-08-13 13:32:47.900,MO2508-C-7500,2.0,1.8,2.0
2025-08-13,2025-08-13 13:32:48.400,MO2508-C-7500,2.0,1.8,2.0
2025-08-13,2025-08-13 13:32:48.900,MO2508-C-7500,2.0,1.8,2.0
2025-08-13,2025-08-13 13:32:49.400,MO2508-C-7500,2.0,1.8,2.0
2025-08-13,2025-08-13 13:32:51.400,MO2508-C-7500,2.0,1.8,2.0
2025-08-13,2025-08-13 13:32:58.400,MO2508-C-7500,2.0,1.8,2.0
2025-08-13,2025-08-13 13:32:58.900,MO2508-C-7500,2.0,1.8,2.0
2025-08-13,2025-08-13 13:32:59.400,MO2508-C-7500,2.0,1.8,2.0
2025-08-13,2025-08-13 13:33:00.400,MO2508-C-7500,2.0,1.8,2.0
2025-08-13,2025-08-13 13:33:07.400,MO2508-C-7500,2.0,1.8,2.0
2025-08-13,2025-08-13 13:33:08.400,MO2508-C-7500,2.0,1.8,2.0
2025-08-13,2025-08-13 13:33:08.900,MO2508-C-7500,2.0,1.8,2.0
2025-08-13,2025-08-13 13:33:09.400,MO2508-C-7500,2.0,1.8,2.0
2025-08-13,2025-08-13 13:33:12.900,MO2508-C-7500,2.0,1.8,2.0
2025-08-13,2025-08-13 13:33:13.900,MO2508-C-7500,2.0,1.8,2.0
2025-08-13,2025-08-13 13:33:15.400,MO2508-C-7500,2.0,1.8,2.0
2025-08-13,2025-08-13 13:33:18.900,MO2508-C-7500,2.0,1.8,2.0
2025-08-13,2025-08-13 13:33:19.400,MO2508-C-7500,2.0,1.8,2.0
2025-08-13,2025-08-13 13:33:21.400,MO2508-C-7500,2.0,1.8,2.0
2025-08-13,2025-08-13 13:33:28.900,MO2508-C-7500,2.0,1.8,2.0
2025-08-13,2025-08-13 13:33:29.400,MO2508-C-7500,2.0,1.8,2.0
2025-08-13,2025-08-13 13:33:32.400,MO2508-C-7500,2.0,1.8,2.0
2025-08-13,2025-08-13 13:33:34.400,MO2508-C-7500,2.0,1.8,2.0
2025-08-13,2025-08-13 13:33:38.400,MO2508-C-7500,2.0,1.8,2.0
2025-08-13,2025-08-13 13:33:38.900,MO2508-C-7500,2.0,1.8,2.0
2025-08-13,2025-08-13 13:33:39.400,MO2508-C-7500,2.0,1.8,2.0
2025-08-13,2025-08-13 13:33:41.400,MO2508-C-7500,2.0,1.8,2.0
2025-08-13,2025-08-13 13:33:42.400,MO2508-C-7500,2.0,1.8,2.0
2025-08-13,2025-08-13 13:33:42.900,MO2508-C-7500,2.0,1.8,2.0
2025-08-13,2025-08-13 13:33:43.400,MO2508-C-7500,2.0,1.8,2.0
2025-08-13,2025-08-13 13:33:44.900,MO2508-C-7500,2.0,1.8,2.0
2025-08-13,2025-08-13 13:33:45.900,MO2508-C-7500,2.0,1.8,2.0
2025-08-13,2025-08-13 13:33:46.400,MO2508-C-7500,2.0,1.8,2.0
2025-08-13,2025-08-13 13:33:46.900,MO2508-C-7500,2.0,1.8,2.0
2025-08-13,2025-08-13 13:33:48.900,MO2508-C-7500,2.0,1.8,2.0
2025-08-13,2025-08-13 13:33:49.400,MO2508-C-7500,2.0,1.8,2.0
2025-08-13,2025-08-13 13:33:49.900,MO2508-C-7500,2.0,1.8,2.0
2025-08-13,2025-08-13 13:33:50.900,MO2508-C-7500,2.0,1.8,2.0
2025-08-13,2025-08-13 13:33:51.900,MO2508-C-7500,2.0,1.8,2.0
2025-08-13,2025-08-13 13:33:53.900,MO2508-C-7500,2.0,1.8,2.0
2025-08-13,2025-08-13 13:33:57.900,MO2508-C-7500,2.0,1.8,2.0
2025-08-13,2025-08-13 13:33:58.900,MO2508-C-7500,2.0,1.8,2.0
2025-08-13,2025-08-13 13:33:59.400,MO2508-C-7500,2.0,1.8,2.0
2025-08-13,2025-08-13 13:33:59.900,MO2508-C-7500,2.0,1.8,2.0
2025-08-13,2025-08-13 13:34:00.400,MO2508-C-7500,2.0,1.8,2.0
2025-08-13,2025-08-13 13:34:01.900,MO2508-C-7500,2.0,1.8,2.0
2025-08-13,2025-08-13 13:34:02.400,MO2508-C-7500,2.0,1.8,2.0
2025-08-13,2025-08-13 13:34:03.400,MO2508-C-7500,2.0,1.8,2.0
2025-08-13,2025-08-13 13:34:06.900,MO2508-C-7500,2.0,1.8,2.0
2025-08-13,2025-08-13 13:34:07.400,MO2508-C-7500,2.0,1.8,2.0
2025-08-13,2025-08-13 13:34:07.900,MO2508-C-7500,2.0,1.8,2.0
2025-08-13,2025-08-13 13:34:08.400,MO2508-C-7500,2.0,1.8,2.0
2025-08-13,2025-08-13 13:34:08.900,MO2508-C-7500,2.0,1.8,2.0
2025-08-13,2025-08-13 13:34:09.400,MO2508-C-7500,2.0,1.8,2.0
2025-08-13,2025-08-13 13:34:09.900,MO2508-C-7500,2.0,1.8,2.0
2025-08-13,2025-08-13 13:34:10.400,MO2508-C-7500,2.0,1.8,2.0
2025-08-13,2025-08-13 13:34:11.900,MO2508-C-7500,2.0,1.8,2.0
2025-08-13,2025-08-13 13:34:14.400,MO2508-C-7500,2.0,1.8,2.0
2025-08-13,2025-08-13 13:34:14.900,MO2508-C-7500,2.0,1.8,2.0
2025-08-13,2025-08-13 13:34:15.400,MO2508-C-7500,2.0,1.8,2.0
2025-08-13,2025-08-13 13:34:16.400,MO2508-C-7500,2.0,1.8,2.0
2025-08-13,2025-08-13 13:34:16.900,MO2508-C-7500,2.0,1.8,2.0
2025-08-13,2025-08-13 13:34:17.900,MO2508-C-7500,2.0,1.8,2.0
2025-08-13,2025-08-13 13:34:18.400,MO2508-C-7500,2.0,1.8,2.0
2025-08-13,2025-08-13 13:34:18.900,MO2508-C-7500,2.0,1.8,2.0
2025-08-13,2025-08-13 13:34:19.400,MO2508-C-7500,2.0,1.8,2.0
2025-08-13,2025-08-13 13:34:20.900,MO2508-C-7500,2.0,1.8,2.0
2025-08-13,2025-08-13 13:34:21.900,MO2508-C-7500,2.0,1.8,2.0
2025-08-13,2025-08-13 13:34:23.400,MO2508-C-7500,2.0,1.8,2.0
2025-08-13,2025-08-13 13:34:23.900,MO2508-C-7500,2.0,1.8,2.0
2025-08-13,2025-08-13 13:34:27.400,MO2508-C-7500,2.0,1.8,2.0
2025-08-13,2025-08-13 13:34:28.400,MO2508-C-7500,2.0,1.8,2.0
2025-08-13,2025-08-13 13:34:28.900,MO2508-C-7500,2.0,1.8,2.0
2025-08-13,2025-08-13 13:34:29.400,MO2508-C-7500,2.0,1.8,2.0
2025-08-13,2025-08-13 13:34:34.900,MO2508-C-7500,2.0,1.8,2.0
2025-08-13,2025-08-13 13:34:36.400,MO2508-C-7500,2.0,1.8,2.0
2025-08-13,2025-08-13 13:34:38.900,MO2508-C-7500,2.0,1.8,2.0
2025-08-13,2025-08-13 13:34:39.400,MO2508-C-7500,2.0,1.8,2.0
2025-08-13,2025-08-13 13:34:40.400,MO2508-C-7500,2.0,1.8,2.0
2025-08-13,2025-08-13 13:34:40.900,MO2508-C-7500,2.0,1.8,2.0
2025-08-13,2025-08-13 13:34:42.900,MO2508-C-7500,2.0,1.8,2.0
2025-08-13,2025-08-13 13:34:46.900,MO2508-C-7500,2.0,1.8,2.0
2025-08-13,2025-08-13 13:34:47.900,MO2508-C-7500,2.0,1.8,2.2
2025-08-13,2025-08-13 13:34:48.400,MO2508-C-7500,2.0,1.8,2.2
2025-08-13,2025-08-13 13:34:48.900,MO2508-C-7500,2.0,1.8,2.2
2025-08-13,2025-08-13 13:34:49.400,MO2508-C-7500,2.0,1.8,2.2
2025-08-13,2025-08-13 13:34:52.900,MO2508-C-7500,1.8,1.8,2.2
2025-08-13,2025-08-13 13:34:58.400,MO2508-C-7500,1.8,1.8,2.2
2025-08-13,2025-08-13 13:34:58.900,MO2508-C-7500,1.8,2.0,2.2
2025-08-13,2025-08-13 13:34:59.400,MO2508-C-7500,1.8,2.0,2.2
2025-08-13,2025-08-13 13:35:01.400,MO2508-C-7500,1.8,2.0,2.2
2025-08-13,2025-08-13 13:35:01.900,MO2508-C-7500,1.8,2.0,2.2
2025-08-13,2025-08-13 13:35:02.400,MO2508-C-7500,1.8,2.0,2.2
2025-08-13,2025-08-13 13:35:03.400,MO2508-C-7500,1.8,2.0,2.2
2025-08-13,2025-08-13 13:35:03.900,MO2508-C-7500,1.8,2.0,2.2
2025-08-13,2025-08-13 13:35:05.400,MO2508-C-7500,1.8,2.0,2.2
2025-08-13,2025-08-13 13:35:05.900,MO2508-C-7500,1.8,2.0,2.2
2025-08-13,2025-08-13 13:35:06.400,MO2508-C-7500,1.8,2.0,2.2
2025-08-13,2025-08-13 13:35:06.900,MO2508-C-7500,1.8,2.0,2.2
2025-08-13,2025-08-13 13:35:08.900,MO2508-C-7500,1.8,2.0,2.2
2025-08-13,2025-08-13 13:35:09.400,MO2508-C-7500,1.8,2.0,2.2
2025-08-13,2025-08-13 13:35:11.400,MO2508-C-7500,1.8,2.0,2.2
2025-08-13,2025-08-13 13:35:11.900,MO2508-C-7500,1.8,2.0,2.2
2025-08-13,2025-08-13 13:35:12.900,MO2508-C-7500,1.8,2.0,2.2
2025-08-13,2025-08-13 13:35:13.400,MO2508-C-7500,1.8,2.0,2.2
2025-08-13,2025-08-13 13:35:14.400,MO2508-C-7500,1.8,2.0,2.2
2025-08-13,2025-08-13 13:35:16.900,MO2508-C-7500,1.8,2.0,2.2
2025-08-13,2025-08-13 13:35:17.900,MO2508-C-7500,1.8,2.0,2.2
2025-08-13,2025-08-13 13:35:18.400,MO2508-C-7500,1.8,2.0,2.2
2025-08-13,2025-08-13 13:35:18.900,MO2508-C-7500,1.8,2.0,2.2
2025-08-13,2025-08-13 13:35:19.400,MO2508-C-7500,1.8,2.0,2.2
2025-08-13,2025-08-13 13:35:21.900,MO2508-C-7500,1.8,2.0,2.2
2025-08-13,2025-08-13 13:35:22.400,MO2508-C-7500,1.8,2.0,2.2
2025-08-13,2025-08-13 13:35:22.900,MO2508-C-7500,1.8,2.0,2.2
2025-08-13,2025-08-13 13:35:23.400,MO2508-C-7500,1.8,2.0,2.2
2025-08-13,2025-08-13 13:35:26.900,MO2508-C-7500,1.8,2.0,2.2
2025-08-13,2025-08-13 13:35:28.900,MO2508-C-7500,1.8,2.0,2.2
2025-08-13,2025-08-13 13:35:29.400,MO2508-C-7500,1.8,2.0,2.2
2025-08-13,2025-08-13 13:35:31.900,MO2508-C-7500,1.8,2.0,2.2
2025-08-13,2025-08-13 13:35:32.400,MO2508-C-7500,1.8,2.0,2.2
2025-08-13,2025-08-13 13:35:32.900,MO2508-C-7500,1.8,2.0,2.2
2025-08-13,2025-08-13 13:35:33.400,MO2508-C-7500,1.8,2.0,2.2
2025-08-13,2025-08-13 13:35:34.400,MO2508-C-7500,1.8,2.0,2.2
2025-08-13,2025-08-13 13:35:37.400,MO2508-C-7500,1.8,2.0,2.2
2025-08-13,2025-08-13 13:35:38.900,MO2508-C-7500,1.8,2.0,2.2
2025-08-13,2025-08-13 13:35:39.400,MO2508-C-7500,1.8,2.0,2.2
2025-08-13,2025-08-13 13:35:41.400,MO2508-C-7500,2.0,2.0,2.2
2025-08-13,2025-08-13 13:35:41.900,MO2508-C-7500,2.0,2.0,2.2
2025-08-13,2025-08-13 13:35:48.900,MO2508-C-7500,2.0,2.0,2.2
2025-08-13,2025-08-13 13:35:49.400,MO2508-C-7500,2.0,2.0,2.2
2025-08-13,2025-08-13 13:35:53.400,MO2508-C-7500,2.0,2.0,2.2
2025-08-13,2025-08-13 13:35:54.900,MO2508-C-7500,2.0,2.0,2.2
2025-08-13,2025-08-13 13:35:56.400,MO2508-C-7500,2.0,2.0,2.2
2025-08-13,2025-08-13 13:35:58.900,MO2508-C-7500,2.0,2.0,2.2
2025-08-13,2025-08-13 13:35:59.400,MO2508-C-7500,2.0,2.0,2.2
2025-08-13,2025-08-13 13:36:03.400,MO2508-C-7500,2.0,2.0,2.2
2025-08-13,2025-08-13 13:36:03.900,MO2508-C-7500,2.0,2.0,2.2
2025-08-13,2025-08-13 13:36:04.400,MO2508-C-7500,2.0,2.0,2.2
2025-08-13,2025-08-13 13:36:05.400,MO2508-C-7500,2.0,2.0,2.2
2025-08-13,2025-08-13 13:36:05.900,MO2508-C-7500,2.0,2.0,2.2
2025-08-13,2025-08-13 13:36:06.400,MO2508-C-7500,2.0,2.0,2.2
2025-08-13,2025-08-13 13:36:08.400,MO2508-C-7500,2.0,2.0,2.2
2025-08-13,2025-08-13 13:36:08.900,MO2508-C-7500,2.0,2.0,2.2
2025-08-13,2025-08-13 13:36:09.400,MO2508-C-7500,2.0,2.0,2.2
2025-08-13,2025-08-13 13:36:12.900,MO2508-C-7500,2.0,2.0,2.2
2025-08-13,2025-08-13 13:36:18.900,MO2508-C-7500,2.0,2.0,2.2
2025-08-13,2025-08-13 13:36:19.400,MO2508-C-7500,2.0,2.0,2.2
2025-08-13,2025-08-13 13:36:27.400,MO2508-C-7500,2.0,2.0,2.2
2025-08-13,2025-08-13 13:36:28.900,MO2508-C-7500,2.0,2.0,2.2
2025-08-13,2025-08-13 13:36:29.400,MO2508-C-7500,2.0,2.0,2.2
2025-08-13,2025-08-13 13:36:29.900,MO2508-C-7500,2.0,2.0,2.2
2025-08-13,2025-08-13 13:36:30.400,MO2508-C-7500,2.0,2.0,2.2
2025-08-13,2025-08-13 13:36:33.400,MO2508-C-7500,2.0,2.0,2.2
2025-08-13,2025-08-13 13:36:33.900,MO2508-C-7500,2.0,2.0,2.2
2025-08-13,2025-08-13 13:36:34.400,MO2508-C-7500,2.0,2.0,2.2
2025-08-13,2025-08-13 13:36:35.400,MO2508-C-7500,2.0,2.0,2.2
2025-08-13,2025-08-13 13:36:35.900,MO2508-C-7500,2.0,2.0,2.2
2025-08-13,2025-08-13 13:36:36.400,MO2508-C-7500,2.0,2.0,2.2
2025-08-13,2025-08-13 13:36:38.900,MO2508-C-7500,2.0,2.0,2.2
2025-08-13,2025-08-13 13:36:39.400,MO2508-C-7500,2.0,2.0,2.2
2025-08-13,2025-08-13 13:36:40.900,MO2508-C-7500,2.0,2.0,2.2
2025-08-13,2025-08-13 13:36:46.900,MO2508-C-7500,2.0,2.0,2.2
2025-08-13,2025-08-13 13:36:48.900,MO2508-C-7500,2.0,2.0,2.2
2025-08-13,2025-08-13 13:36:49.400,MO2508-C-7500,2.0,2.0,2.2
2025-08-13,2025-08-13 13:36:53.400,MO2508-C-7500,2.0,2.0,2.2
2025-08-13,2025-08-13 13:36:53.900,MO2508-C-7500,2.0,2.0,2.2
2025-08-13,2025-08-13 13:36:54.400,MO2508-C-7500,2.0,2.0,2.2
2025-08-13,2025-08-13 13:36:54.900,MO2508-C-7500,2.0,2.0,2.2
2025-08-13,2025-08-13 13:36:55.400,MO2508-C-7500,2.0,2.0,2.2
2025-08-13,2025-08-13 13:36:55.900,MO2508-C-7500,2.0,2.0,2.2
2025-08-13,2025-08-13 13:36:56.400,MO2508-C-7500,2.0,2.0,2.2
2025-08-13,2025-08-13 13:36:58.900,MO2508-C-7500,2.0,2.0,2.2
2025-08-13,2025-08-13 13:36:59.400,MO2508-C-7500,2.0,2.0,2.2
2025-08-13,2025-08-13 13:37:00.900,MO2508-C-7500,2.0,2.0,2.2
2025-08-13,2025-08-13 13:37:01.400,MO2508-C-7500,2.0,2.0,2.2
2025-08-13,2025-08-13 13:37:04.400,MO2508-C-7500,2.0,2.0,2.2
2025-08-13,2025-08-13 13:37:04.900,MO2508-C-7500,2.0,2.0,2.2
2025-08-13,2025-08-13 13:37:05.900,MO2508-C-7500,2.0,2.0,2.2
2025-08-13,2025-08-13 13:37:06.400,MO2508-C-7500,2.0,2.0,2.2
2025-08-13,2025-08-13 13:37:08.400,MO2508-C-7500,2.0,2.0,2.2
2025-08-13,2025-08-13 13:37:08.900,MO2508-C-7500,2.0,2.0,2.2
2025-08-13,2025-08-13 13:37:09.400,MO2508-C-7500,2.0,2.0,2.2
2025-08-13,2025-08-13 13:37:09.900,MO2508-C-7500,2.0,1.8,2.2
2025-08-13,2025-08-13 13:37:10.400,MO2508-C-7500,2.0,1.8,2.2
2025-08-13,2025-08-13 13:37:14.400,MO2508-C-7500,2.0,1.8,2.2
2025-08-13,2025-08-13 13:37:18.900,MO2508-C-7500,2.0,1.8,2.2
2025-08-13,2025-08-13 13:37:19.400,MO2508-C-7500,2.0,1.8,2.2
2025-08-13,2025-08-13 13:37:20.900,MO2508-C-7500,2.0,1.8,2.2
2025-08-13,2025-08-13 13:37:21.400,MO2508-C-7500,2.0,1.8,2.2
2025-08-13,2025-08-13 13:37:28.900,MO2508-C-7500,2.0,1.8,2.2
2025-08-13,2025-08-13 13:37:29.400,MO2508-C-7500,2.0,1.8,2.2
2025-08-13,2025-08-13 13:37:32.400,MO2508-C-7500,2.0,1.8,2.2
2025-08-13,2025-08-13 13:37:38.400,MO2508-C-7500,2.0,1.8,2.2
2025-08-13,2025-08-13 13:37:38.900,MO2508-C-7500,2.0,1.8,2.2
2025-08-13,2025-08-13 13:37:39.400,MO2508-C-7500,2.0,1.8,2.2
2025-08-13,2025-08-13 13:37:46.900,MO2508-C-7500,2.0,1.8,2.2
2025-08-13,2025-08-13 13:37:47.400,MO2508-C-7500,2.0,1.8,2.2
2025-08-13,2025-08-13 13:37:47.900,MO2508-C-7500,2.0,1.8,2.2
2025-08-13,2025-08-13 13:37:48.400,MO2508-C-7500,2.0,1.8,2.2
2025-08-13,2025-08-13 13:37:48.900,MO2508-C-7500,2.0,1.8,2.2
2025-08-13,2025-08-13 13:37:49.400,MO2508-C-7500,2.0,1.8,2.2
2025-08-13,2025-08-13 13:37:49.900,MO2508-C-7500,2.0,1.8,2.2
2025-08-13,2025-08-13 13:37:54.400,MO2508-C-7500,2.0,1.8,2.2
2025-08-13,2025-08-13 13:37:54.900,MO2508-C-7500,2.0,1.8,2.2
2025-08-13,2025-08-13 13:37:57.400,MO2508-C-7500,2.0,1.8,2.2
2025-08-13,2025-08-13 13:37:58.900,MO2508-C-7500,2.0,1.8,2.2
2025-08-13,2025-08-13 13:37:59.400,MO2508-C-7500,2.0,1.8,2.2
2025-08-13,2025-08-13 13:38:01.900,MO2508-C-7500,2.0,2.0,2.2
2025-08-13,2025-08-13 13:38:02.400,MO2508-C-7500,2.0,2.0,2.2
2025-08-13,2025-08-13 13:38:02.900,MO2508-C-7500,2.0,2.0,2.2
2025-08-13,2025-08-13 13:38:04.900,MO2508-C-7500,2.0,2.0,2.2
2025-08-13,2025-08-13 13:38:06.400,MO2508-C-7500,2.0,2.0,2.2
2025-08-13,2025-08-13 13:38:08.900,MO2508-C-7500,2.0,2.0,2.2
2025-08-13,2025-08-13 13:38:09.400,MO2508-C-7500,2.0,2.0,2.2
2025-08-13,2025-08-13 13:38:10.900,MO2508-C-7500,2.0,2.0,2.2
2025-08-13,2025-08-13 13:38:11.400,MO2508-C-7500,2.0,2.0,2.2
2025-08-13,2025-08-13 13:38:11.900,MO2508-C-7500,2.0,2.0,2.2
2025-08-13,2025-08-13 13:38:12.400,MO2508-C-7500,2.0,2.0,2.2
2025-08-13,2025-08-13 13:38:13.400,MO2508-C-7500,2.0,2.0,2.2
2025-08-13,2025-08-13 13:38:14.900,MO2508-C-7500,2.0,2.0,2.2
2025-08-13,2025-08-13 13:38:18.900,MO2508-C-7500,2.0,2.0,2.2
2025-08-13,2025-08-13 13:38:19.400,MO2508-C-7500,2.0,2.0,2.2
2025-08-13,2025-08-13 13:38:20.400,MO2508-C-7500,2.0,2.0,2.2
2025-08-13,2025-08-13 13:38:22.900,MO2508-C-7500,2.0,2.0,2.2
2025-08-13,2025-08-13 13:38:25.900,MO2508-C-7500,2.0,2.0,2.2
2025-08-13,2025-08-13 13:38:26.400,MO2508-C-7500,2.0,2.0,2.2
2025-08-13,2025-08-13 13:38:26.900,MO2508-C-7500,2.0,2.0,2.2
2025-08-13,2025-08-13 13:38:27.400,MO2508-C-7500,2.0,2.0,2.2
2025-08-13,2025-08-13 13:38:27.900,MO2508-C-7500,2.0,2.0,2.2
2025-08-13,2025-08-13 13:38:28.900,MO2508-C-7500,2.0,2.0,2.2
2025-08-13,2025-08-13 13:38:29.400,MO2508-C-7500,2.0,2.0,2.2
2025-08-13,2025-08-13 13:38:29.900,MO2508-C-7500,2.0,2.0,2.2
2025-08-13,2025-08-13 13:38:30.400,MO2508-C-7500,2.0,2.0,2.2
2025-08-13,2025-08-13 13:38:32.400,MO2508-C-7500,2.0,2.0,2.2
2025-08-13,2025-08-13 13:38:35.400,MO2508-C-7500,2.0,2.0,2.2
2025-08-13,2025-08-13 13:38:38.900,MO2508-C-7500,2.0,2.0,2.2
2025-08-13,2025-08-13 13:38:39.400,MO2508-C-7500,2.0,2.0,2.2
2025-08-13,2025-08-13 13:38:39.900,MO2508-C-7500,2.0,2.0,2.2
2025-08-13,2025-08-13 13:38:40.900,MO2508-C-7500,2.0,2.0,2.2
2025-08-13,2025-08-13 13:38:41.400,MO2508-C-7500,2.0,2.0,2.2
2025-08-13,2025-08-13 13:38:48.900,MO2508-C-7500,2.0,2.0,2.2
2025-08-13,2025-08-13 13:38:49.400,MO2508-C-7500,2.0,2.0,2.2
2025-08-13,2025-08-13 13:38:49.900,MO2508-C-7500,2.0,2.0,2.2
2025-08-13,2025-08-13 13:38:52.900,MO2508-C-7500,2.0,2.0,2.2
2025-08-13,2025-08-13 13:38:53.400,MO2508-C-7500,2.0,2.0,2.2
2025-08-13,2025-08-13 13:38:54.900,MO2508-C-7500,2.0,2.0,2.2
2025-08-13,2025-08-13 13:38:55.400,MO2508-C-7500,2.0,2.0,2.2
2025-08-13,2025-08-13 13:38:58.900,MO2508-C-7500,2.0,2.0,2.2
2025-08-13,2025-08-13 13:38:59.400,MO2508-C-7500,2.0,2.0,2.2
2025-08-13,2025-08-13 13:39:05.900,MO2508-C-7500,2.0,2.0,2.2
2025-08-13,2025-08-13 13:39:08.900,MO2508-C-7500,2.0,2.0,2.2
2025-08-13,2025-08-13 13:39:09.400,MO2508-C-7500,2.0,2.0,2.2
2025-08-13,2025-08-13 13:39:13.900,MO2508-C-7500,2.0,2.0,2.2
2025-08-13,2025-08-13 13:39:18.900,MO2508-C-7500,2.0,2.0,2.2
2025-08-13,2025-08-13 13:39:19.400,MO2508-C-7500,2.0,2.0,2.2
2025-08-13,2025-08-13 13:39:22.400,MO2508-C-7500,2.0,2.0,2.2
2025-08-13,2025-08-13 13:39:22.900,MO2508-C-7500,2.0,2.0,2.2
2025-08-13,2025-08-13 13:39:23.400,MO2508-C-7500,2.0,2.0,2.2
2025-08-13,2025-08-13 13:39:25.400,MO2508-C-7500,2.0,2.0,2.2
2025-08-13,2025-08-13 13:39:25.900,MO2508-C-7500,2.0,2.0,2.2
2025-08-13,2025-08-13 13:39:26.400,MO2508-C-7500,2.0,2.0,2.2
2025-08-13,2025-08-13 13:39:26.900,MO2508-C-7500,2.0,2.0,2.2
2025-08-13,2025-08-13 13:39:28.900,MO2508-C-7500,2.0,2.0,2.2
2025-08-13,2025-08-13 13:39:29.400,MO2508-C-7500,2.0,2.0,2.2
2025-08-13,2025-08-13 13:39:31.900,MO2508-C-7500,2.0,2.0,2.2
2025-08-13,2025-08-13 13:39:36.400,MO2508-C-7500,2.0,2.0,2.2
2025-08-13,2025-08-13 13:39:38.900,MO2508-C-7500,2.0,2.0,2.2
2025-08-13,2025-08-13 13:39:39.400,MO2508-C-7500,2.0,2.0,2.2
2025-08-13,2025-08-13 13:39:40.400,MO2508-C-7500,2.0,2.0,2.2
2025-08-13,2025-08-13 13:39:48.900,MO2508-C-7500,2.0,2.0,2.2
2025-08-13,2025-08-13 13:39:49.400,MO2508-C-7500,2.0,2.0,2.2
2025-08-13,2025-08-13 13:39:51.400,MO2508-C-7500,2.0,2.0,2.2
2025-08-13,2025-08-13 13:39:51.900,MO2508-C-7500,2.0,2.0,2.2
2025-08-13,2025-08-13 13:39:52.900,MO2508-C-7500,2.0,2.0,2.2
2025-08-13,2025-08-13 13:39:55.900,MO2508-C-7500,2.0,2.0,2.2
2025-08-13,2025-08-13 13:39:56.400,MO2508-C-7500,2.0,2.0,2.2
2025-08-13,2025-08-13 13:39:56.900,MO2508-C-7500,2.0,2.0,2.2
2025-08-13,2025-08-13 13:39:57.400,MO2508-C-7500,2.0,2.0,2.2
2025-08-13,2025-08-13 13:39:58.900,MO2508-C-7500,2.0,2.0,2.2
2025-08-13,2025-08-13 13:39:59.400,MO2508-C-7500,2.0,2.0,2.2
2025-08-13,2025-08-13 13:40:01.400,MO2508-C-7500,2.0,2.0,2.2
2025-08-13,2025-08-13 13:40:01.900,MO2508-C-7500,2.0,2.0,2.2
2025-08-13,2025-08-13 13:40:02.900,MO2508-C-7500,2.0,1.8,2.0
2025-08-13,2025-08-13 13:40:03.400,MO2508-C-7500,2.0,1.8,2.0
2025-08-13,2025-08-13 13:40:03.900,MO2508-C-7500,2.0,1.8,2.0
2025-08-13,2025-08-13 13:40:04.900,MO2508-C-7500,2.0,1.8,2.0
2025-08-13,2025-08-13 13:40:08.400,MO2508-C-7500,2.0,1.8,2.0
2025-08-13,2025-08-13 13:40:08.900,MO2508-C-7500,2.0,1.8,2.0
2025-08-13,2025-08-13 13:40:09.400,MO2508-C-7500,2.0,1.8,2.0
2025-08-13,2025-08-13 13:40:09.900,MO2508-C-7500,2.0,1.8,2.0
2025-08-13,2025-08-13 13:40:11.900,MO2508-C-7500,2.0,1.8,2.0
2025-08-13,2025-08-13 13:40:12.400,MO2508-C-7500,2.0,1.8,2.0
2025-08-13,2025-08-13 13:40:13.900,MO2508-C-7500,2.0,1.8,2.0
2025-08-13,2025-08-13 13:40:14.400,MO2508-C-7500,2.0,1.8,2.0
2025-08-13,2025-08-13 13:40:18.900,MO2508-C-7500,2.0,1.8,2.0
2025-08-13,2025-08-13 13:40:19.400,MO2508-C-7500,2.0,1.8,2.0
2025-08-13,2025-08-13 13:40:25.400,MO2508-C-7500,2.0,1.8,2.0
2025-08-13,2025-08-13 13:40:26.900,MO2508-C-7500,2.0,1.8,2.0
2025-08-13,2025-08-13 13:40:27.900,MO2508-C-7500,2.0,1.8,2.0
2025-08-13,2025-08-13 13:40:28.400,MO2508-C-7500,2.0,1.8,2.0
2025-08-13,2025-08-13 13:40:28.900,MO2508-C-7500,2.0,1.8,2.0
2025-08-13,2025-08-13 13:40:29.400,MO2508-C-7500,2.0,1.8,2.0
2025-08-13,2025-08-13 13:40:32.400,MO2508-C-7500,2.0,1.8,2.0
2025-08-13,2025-08-13 13:40:34.400,MO2508-C-7500,2.0,1.8,2.0
2025-08-13,2025-08-13 13:40:34.900,MO2508-C-7500,2.0,1.8,2.0
2025-08-13,2025-08-13 13:40:36.900,MO2508-C-7500,2.0,1.8,2.0
2025-08-13,2025-08-13 13:40:37.400,MO2508-C-7500,2.0,1.8,2.0
2025-08-13,2025-08-13 13:40:38.900,MO2508-C-7500,2.0,1.8,2.0
2025-08-13,2025-08-13 13:40:39.400,MO2508-C-7500,2.0,1.8,2.0
2025-08-13,2025-08-13 13:40:48.900,MO2508-C-7500,2.0,1.8,2.0
2025-08-13,2025-08-13 13:40:49.400,MO2508-C-7500,2.0,1.8,2.0
2025-08-13,2025-08-13 13:40:52.400,MO2508-C-7500,2.0,1.8,2.0
2025-08-13,2025-08-13 13:40:56.900,MO2508-C-7500,2.0,1.8,2.0
2025-08-13,2025-08-13 13:40:58.400,MO2508-C-7500,2.0,1.8,2.0
2025-08-13,2025-08-13 13:40:58.900,MO2508-C-7500,2.0,1.8,2.0
2025-08-13,2025-08-13 13:40:59.400,MO2508-C-7500,2.0,1.8,2.0
2025-08-13,2025-08-13 13:41:00.900,MO2508-C-7500,2.0,1.8,2.0
2025-08-13,2025-08-13 13:41:02.900,MO2508-C-7500,2.0,1.8,2.0
2025-08-13,2025-08-13 13:41:08.400,MO2508-C-7500,2.0,1.8,2.0
2025-08-13,2025-08-13 13:41:08.900,MO2508-C-7500,2.0,1.8,2.0
2025-08-13,2025-08-13 13:41:09.400,MO2508-C-7500,2.0,1.8,2.0
2025-08-13,2025-08-13 13:41:13.900,MO2508-C-7500,2.0,1.8,2.0
2025-08-13,2025-08-13 13:41:18.900,MO2508-C-7500,2.0,1.8,2.0
2025-08-13,2025-08-13 13:41:19.400,MO2508-C-7500,2.0,1.8,2.0
2025-08-13,2025-08-13 13:41:23.900,MO2508-C-7500,2.0,1.8,2.0
2025-08-13,2025-08-13 13:41:24.400,MO2508-C-7500,2.0,1.8,2.0
2025-08-13,2025-08-13 13:41:24.900,MO2508-C-7500,2.0,1.8,2.0
2025-08-13,2025-08-13 13:41:25.400,MO2508-C-7500,2.0,1.8,2.0
2025-08-13,2025-08-13 13:41:25.900,MO2508-C-7500,2.0,1.8,2.0
2025-08-13,2025-08-13 13:41:26.400,MO2508-C-7500,2.0,1.8,2.0
2025-08-13,2025-08-13 13:41:26.900,MO2508-C-7500,2.0,1.8,2.0
2025-08-13,2025-08-13 13:41:27.400,MO2508-C-7500,2.0,1.8,2.0
2025-08-13,2025-08-13 13:41:28.900,MO2508-C-7500,2.0,1.8,2.0
2025-08-13,2025-08-13 13:41:29.400,MO2508-C-7500,2.0,1.8,2.0
2025-08-13,2025-08-13 13:41:29.900,MO2508-C-7500,2.0,1.8,2.0
2025-08-13,2025-08-13 13:41:30.400,MO2508-C-7500,2.0,1.8,2.0
2025-08-13,2025-08-13 13:41:36.400,MO2508-C-7500,2.0,1.8,2.0
2025-08-13,2025-08-13 13:41:38.900,MO2508-C-7500,2.0,1.8,2.0
2025-08-13,2025-08-13 13:41:39.400,MO2508-C-7500,2.0,1.8,2.0
2025-08-13,2025-08-13 13:41:48.900,MO2508-C-7500,2.0,1.8,2.0
2025-08-13,2025-08-13 13:41:49.400,MO2508-C-7500,2.0,1.8,2.0
2025-08-13,2025-08-13 13:41:51.900,MO2508-C-7500,2.0,1.8,2.0
2025-08-13,2025-08-13 13:41:53.900,MO2508-C-7500,2.0,1.8,2.0
2025-08-13,2025-08-13 13:41:54.400,MO2508-C-7500,2.0,1.8,2.0
2025-08-13,2025-08-13 13:41:55.900,MO2508-C-7500,2.0,1.8,2.0
2025-08-13,2025-08-13 13:41:58.900,MO2508-C-7500,2.0,1.8,2.0
2025-08-13,2025-08-13 13:41:59.400,MO2508-C-7500,2.0,1.8,2.0
2025-08-13,2025-08-13 13:42:06.400,MO2508-C-7500,2.0,1.8,2.0
2025-08-13,2025-08-13 13:42:08.900,MO2508-C-7500,2.0,1.8,2.0
2025-08-13,2025-08-13 13:42:09.400,MO2508-C-7500,2.0,1.8,2.0
2025-08-13,2025-08-13 13:42:09.900,MO2508-C-7500,2.0,1.8,2.0
2025-08-13,2025-08-13 13:42:13.400,MO2508-C-7500,2.0,1.8,2.0
2025-08-13,2025-08-13 13:42:14.400,MO2508-C-7500,2.0,1.8,2.0
2025-08-13,2025-08-13 13:42:17.900,MO2508-C-7500,2.0,1.8,2.0
2025-08-13,2025-08-13 13:42:18.900,MO2508-C-7500,2.0,1.8,2.0
2025-08-13,2025-08-13 13:42:19.400,MO2508-C-7500,2.0,1.8,2.0
2025-08-13,2025-08-13 13:42:26.900,MO2508-C-7500,2.0,1.8,2.0
2025-08-13,2025-08-13 13:42:28.900,MO2508-C-7500,2.0,1.8,2.0
2025-08-13,2025-08-13 13:42:29.400,MO2508-C-7500,2.0,1.8,2.0
2025-08-13,2025-08-13 13:42:31.900,MO2508-C-7500,2.0,1.8,2.0
2025-08-13,2025-08-13 13:42:32.400,MO2508-C-7500,2.0,1.8,2.0
2025-08-13,2025-08-13 13:42:33.400,MO2508-C-7500,2.0,1.8,2.0
2025-08-13,2025-08-13 13:42:38.900,MO2508-C-7500,2.0,1.8,2.0
2025-08-13,2025-08-13 13:42:39.400,MO2508-C-7500,2.0,1.8,2.0
2025-08-13,2025-08-13 13:42:40.900,MO2508-C-7500,2.0,1.8,2.0
2025-08-13,2025-08-13 13:42:41.400,MO2508-C-7500,2.0,1.8,2.0
2025-08-13,2025-08-13 13:42:41.900,MO2508-C-7500,2.0,1.8,2.0
2025-08-13,2025-08-13 13:42:42.400,MO2508-C-7500,2.0,1.8,2.0
2025-08-13,2025-08-13 13:42:42.900,MO2508-C-7500,2.0,1.8,2.0
2025-08-13,2025-08-13 13:42:43.900,MO2508-C-7500,2.0,1.8,2.0
2025-08-13,2025-08-13 13:42:44.400,MO2508-C-7500,2.0,1.8,2.0
2025-08-13,2025-08-13 13:42:48.900,MO2508-C-7500,2.0,1.8,2.0
2025-08-13,2025-08-13 13:42:49.400,MO2508-C-7500,2.0,1.8,2.0
2025-08-13,2025-08-13 13:42:49.900,MO2508-C-7500,2.0,1.8,2.0
2025-08-13,2025-08-13 13:42:50.400,MO2508-C-7500,2.0,1.8,2.0
2025-08-13,2025-08-13 13:42:58.900,MO2508-C-7500,2.0,1.8,2.0
2025-08-13,2025-08-13 13:42:59.400,MO2508-C-7500,2.0,1.8,2.0
2025-08-13,2025-08-13 13:43:03.400,MO2508-C-7500,2.0,1.8,2.0
2025-08-13,2025-08-13 13:43:04.400,MO2508-C-7500,2.0,1.8,2.0
2025-08-13,2025-08-13 13:43:05.400,MO2508-C-7500,2.0,1.8,2.0
2025-08-13,2025-08-13 13:43:08.900,MO2508-C-7500,2.0,1.8,2.0
2025-08-13,2025-08-13 13:43:09.400,MO2508-C-7500,2.0,1.8,2.0
2025-08-13,2025-08-13 13:43:11.400,MO2508-C-7500,2.0,1.8,2.0
2025-08-13,2025-08-13 13:43:15.900,MO2508-C-7500,2.0,1.8,2.0
2025-08-13,2025-08-13 13:43:16.900,MO2508-C-7500,2.0,1.8,2.0
2025-08-13,2025-08-13 13:43:17.400,MO2508-C-7500,2.0,1.8,2.0
2025-08-13,2025-08-13 13:43:18.900,MO2508-C-7500,2.0,1.8,2.0
2025-08-13,2025-08-13 13:43:19.400,MO2508-C-7500,2.0,1.8,2.0
2025-08-13,2025-08-13 13:43:21.400,MO2508-C-7500,2.0,1.8,2.0
2025-08-13,2025-08-13 13:43:21.900,MO2508-C-7500,2.0,1.8,2.0
2025-08-13,2025-08-13 13:43:23.900,MO2508-C-7500,2.0,1.8,2.0
2025-08-13,2025-08-13 13:43:26.400,MO2508-C-7500,1.8,1.8,2.0
2025-08-13,2025-08-13 13:43:27.400,MO2508-C-7500,1.8,1.8,2.0
2025-08-13,2025-08-13 13:43:28.900,MO2508-C-7500,1.8,1.8,2.0
2025-08-13,2025-08-13 13:43:29.400,MO2508-C-7500,1.8,1.8,2.0
2025-08-13,2025-08-13 13:43:31.400,MO2508-C-7500,1.8,1.8,2.0
2025-08-13,2025-08-13 13:43:32.900,MO2508-C-7500,1.8,1.8,2.0
2025-08-13,2025-08-13 13:43:36.400,MO2508-C-7500,1.8,1.8,2.0
2025-08-13,2025-08-13 13:43:37.900,MO2508-C-7500,1.8,1.8,2.0
2025-08-13,2025-08-13 13:43:38.400,MO2508-C-7500,1.8,1.8,2.0
2025-08-13,2025-08-13 13:43:38.900,MO2508-C-7500,1.8,1.8,2.0
2025-08-13,2025-08-13 13:43:39.400,MO2508-C-7500,1.8,1.8,2.0
2025-08-13,2025-08-13 13:43:40.400,MO2508-C-7500,1.8,1.8,2.0
2025-08-13,2025-08-13 13:43:40.900,MO2508-C-7500,1.8,1.8,2.0
2025-08-13,2025-08-13 13:43:41.400,MO2508-C-7500,1.8,1.8,2.0
2025-08-13,2025-08-13 13:43:42.400,MO2508-C-7500,1.8,1.8,2.0
2025-08-13,2025-08-13 13:43:46.900,MO2508-C-7500,1.8,1.8,2.0
2025-08-13,2025-08-13 13:43:47.400,MO2508-C-7500,1.8,1.8,2.0
2025-08-13,2025-08-13 13:43:47.900,MO2508-C-7500,1.8,1.8,2.0
2025-08-13,2025-08-13 13:43:48.400,MO2508-C-7500,1.8,1.8,2.0
2025-08-13,2025-08-13 13:43:48.900,MO2508-C-7500,1.8,1.8,2.0
2025-08-13,2025-08-13 13:43:49.400,MO2508-C-7500,1.8,1.8,2.0
2025-08-13,2025-08-13 13:43:56.400,MO2508-C-7500,1.8,1.8,2.0
2025-08-13,2025-08-13 13:43:56.900,MO2508-C-7500,1.8,1.8,2.0
2025-08-13,2025-08-13 13:43:58.900,MO2508-C-7500,1.8,1.8,2.0
2025-08-13,2025-08-13 13:43:59.400,MO2508-C-7500,1.8,1.8,2.0
2025-08-13,2025-08-13 13:44:03.900,MO2508-C-7500,2.0,1.8,2.0
2025-08-13,2025-08-13 13:44:08.900,MO2508-C-7500,2.0,1.8,2.0
2025-08-13,2025-08-13 13:44:09.400,MO2508-C-7500,2.0,1.8,2.0
2025-08-13,2025-08-13 13:44:14.900,MO2508-C-7500,2.0,1.8,2.0
2025-08-13,2025-08-13 13:44:18.900,MO2508-C-7500,2.0,1.8,2.0
2025-08-13,2025-08-13 13:44:19.400,MO2508-C-7500,2.0,1.8,2.0
2025-08-13,2025-08-13 13:44:20.400,MO2508-C-7500,2.0,1.8,2.0
2025-08-13,2025-08-13 13:44:21.400,MO2508-C-7500,1.8,1.8,2.0
2025-08-13,2025-08-13 13:44:21.900,MO2508-C-7500,1.8,1.8,2.0
2025-08-13,2025-08-13 13:44:26.900,MO2508-C-7500,1.8,1.8,2.0
2025-08-13,2025-08-13 13:44:28.900,MO2508-C-7500,1.8,1.8,2.0
2025-08-13,2025-08-13 13:44:29.400,MO2508-C-7500,1.8,1.8,2.0
2025-08-13,2025-08-13 13:44:31.400,MO2508-C-7500,1.8,1.8,2.0
2025-08-13,2025-08-13 13:44:31.900,MO2508-C-7500,1.8,1.8,2.0
2025-08-13,2025-08-13 13:44:33.400,MO2508-C-7500,1.8,1.8,2.0
2025-08-13,2025-08-13 13:44:35.400,MO2508-C-7500,1.8,1.8,2.0
2025-08-13,2025-08-13 13:44:35.900,MO2508-C-7500,1.8,1.8,2.0
2025-08-13,2025-08-13 13:44:37.900,MO2508-C-7500,1.8,1.8,2.0
2025-08-13,2025-08-13 13:44:38.400,MO2508-C-7500,1.8,1.8,2.0
2025-08-13,2025-08-13 13:44:38.900,MO2508-C-7500,1.8,1.8,2.0
2025-08-13,2025-08-13 13:44:39.400,MO2508-C-7500,1.8,1.8,2.0
2025-08-13,2025-08-13 13:44:41.400,MO2508-C-7500,1.8,1.8,2.0
2025-08-13,2025-08-13 13:44:41.900,MO2508-C-7500,1.8,1.8,2.0
2025-08-13,2025-08-13 13:44:43.900,MO2508-C-7500,1.8,1.8,2.0
2025-08-13,2025-08-13 13:44:44.400,MO2508-C-7500,1.8,1.8,2.0
2025-08-13,2025-08-13 13:44:45.900,MO2508-C-7500,1.8,1.8,2.0
2025-08-13,2025-08-13 13:44:46.900,MO2508-C-7500,1.8,1.8,2.0
2025-08-13,2025-08-13 13:44:47.400,MO2508-C-7500,1.8,1.8,2.0
2025-08-13,2025-08-13 13:44:47.900,MO2508-C-7500,1.8,1.8,2.0
2025-08-13,2025-08-13 13:44:48.900,MO2508-C-7500,1.8,1.8,2.0
2025-08-13,2025-08-13 13:44:49.400,MO2508-C-7500,1.8,1.8,2.0
2025-08-13,2025-08-13 13:44:50.900,MO2508-C-7500,1.8,1.6,1.8
2025-08-13,2025-08-13 13:44:51.400,MO2508-C-7500,1.8,1.6,1.8
2025-08-13,2025-08-13 13:44:51.900,MO2508-C-7500,1.8,1.6,1.8
2025-08-13,2025-08-13 13:44:53.900,MO2508-C-7500,1.8,1.6,1.8
2025-08-13,2025-08-13 13:44:55.400,MO2508-C-7500,1.8,1.6,1.8
2025-08-13,2025-08-13 13:44:55.900,MO2508-C-7500,1.8,1.6,1.8
2025-08-13,2025-08-13 13:44:57.400,MO2508-C-7500,1.8,1.6,1.8
2025-08-13,2025-08-13 13:44:57.900,MO2508-C-7500,1.8,1.6,1.8
2025-08-13,2025-08-13 13:44:58.900,MO2508-C-7500,1.8,1.6,1.8
2025-08-13,2025-08-13 13:44:59.400,MO2508-C-7500,1.8,1.6,1.8
2025-08-13,2025-08-13 13:45:00.900,MO2508-C-7500,1.8,1.6,1.8
2025-08-13,2025-08-13 13:45:01.400,MO2508-C-7500,1.8,1.6,1.8
2025-08-13,2025-08-13 13:45:03.400,MO2508-C-7500,1.8,1.6,1.8
2025-08-13,2025-08-13 13:45:03.900,MO2508-C-7500,1.8,1.6,1.8
2025-08-13,2025-08-13 13:45:04.400,MO2508-C-7500,1.8,1.6,1.8
2025-08-13,2025-08-13 13:45:05.900,MO2508-C-7500,1.8,1.6,1.8
2025-08-13,2025-08-13 13:45:06.900,MO2508-C-7500,1.8,1.6,1.8
2025-08-13,2025-08-13 13:45:07.400,MO2508-C-7500,1.8,1.6,1.8
2025-08-13,2025-08-13 13:45:07.900,MO2508-C-7500,1.8,1.6,1.8
2025-08-13,2025-08-13 13:45:08.400,MO2508-C-7500,1.8,1.6,1.8
2025-08-13,2025-08-13 13:45:08.900,MO2508-C-7500,1.8,1.6,1.8
2025-08-13,2025-08-13 13:45:09.400,MO2508-C-7500,1.8,1.6,1.8
2025-08-13,2025-08-13 13:45:11.400,MO2508-C-7500,1.8,1.6,1.8
2025-08-13,2025-08-13 13:45:13.400,MO2508-C-7500,1.8,1.6,1.8
2025-08-13,2025-08-13 13:45:14.400,MO2508-C-7500,1.8,1.6,1.8
2025-08-13,2025-08-13 13:45:16.400,MO2508-C-7500,1.8,1.6,1.8
2025-08-13,2025-08-13 13:45:18.900,MO2508-C-7500,1.8,1.6,1.8
2025-08-13,2025-08-13 13:45:19.400,MO2508-C-7500,1.8,1.6,1.8
2025-08-13,2025-08-13 13:45:19.900,MO2508-C-7500,1.8,1.6,1.8
2025-08-13,2025-08-13 13:45:20.400,MO2508-C-7500,1.8,1.6,1.8
2025-08-13,2025-08-13 13:45:21.900,MO2508-C-7500,1.8,1.6,1.8
2025-08-13,2025-08-13 13:45:23.400,MO2508-C-7500,1.8,1.6,1.8
2025-08-13,2025-08-13 13:45:23.900,MO2508-C-7500,1.8,1.6,1.8
2025-08-13,2025-08-13 13:45:25.900,MO2508-C-7500,1.8,1.6,1.8
2025-08-13,2025-08-13 13:45:27.400,MO2508-C-7500,1.8,1.6,1.8
2025-08-13,2025-08-13 13:45:28.900,MO2508-C-7500,1.8,1.6,1.8
2025-08-13,2025-08-13 13:45:29.400,MO2508-C-7500,1.8,1.6,1.8
2025-08-13,2025-08-13 13:45:34.400,MO2508-C-7500,1.8,1.6,1.8
2025-08-13,2025-08-13 13:45:34.900,MO2508-C-7500,1.8,1.6,1.8
2025-08-13,2025-08-13 13:45:35.400,MO2508-C-7500,1.8,1.6,1.8
2025-08-13,2025-08-13 13:45:35.900,MO2508-C-7500,1.8,1.6,1.8
2025-08-13,2025-08-13 13:45:36.400,MO2508-C-7500,1.8,1.6,1.8
2025-08-13,2025-08-13 13:45:36.900,MO2508-C-7500,1.8,1.6,1.8
2025-08-13,2025-08-13 13:45:38.900,MO2508-C-7500,1.8,1.6,1.8
2025-08-13,2025-08-13 13:45:39.400,MO2508-C-7500,1.8,1.6,1.8
2025-08-13,2025-08-13 13:45:42.900,MO2508-C-7500,1.8,1.6,1.8
2025-08-13,2025-08-13 13:45:45.900,MO2508-C-7500,1.8,1.6,1.8
2025-08-13,2025-08-13 13:45:48.900,MO2508-C-7500,1.8,1.6,1.8
2025-08-13,2025-08-13 13:45:49.400,MO2508-C-7500,1.8,1.6,1.8
2025-08-13,2025-08-13 13:45:58.900,MO2508-C-7500,1.8,1.6,1.8
2025-08-13,2025-08-13 13:45:59.400,MO2508-C-7500,1.8,1.6,1.8
2025-08-13,2025-08-13 13:46:00.400,MO2508-C-7500,1.8,1.6,1.8
2025-08-13,2025-08-13 13:46:00.900,MO2508-C-7500,1.8,1.6,1.8
2025-08-13,2025-08-13 13:46:01.400,MO2508-C-7500,1.8,1.6,1.8
2025-08-13,2025-08-13 13:46:03.900,MO2508-C-7500,1.8,1.6,1.8
2025-08-13,2025-08-13 13:46:08.900,MO2508-C-7500,1.8,1.6,1.8
2025-08-13,2025-08-13 13:46:09.400,MO2508-C-7500,1.8,1.6,1.8
2025-08-13,2025-08-13 13:46:10.400,MO2508-C-7500,1.8,1.6,1.8
2025-08-13,2025-08-13 13:46:13.900,MO2508-C-7500,1.8,1.6,1.8
2025-08-13,2025-08-13 13:46:16.900,MO2508-C-7500,1.8,1.6,1.8
2025-08-13,2025-08-13 13:46:17.900,MO2508-C-7500,1.8,1.6,1.8
2025-08-13,2025-08-13 13:46:18.900,MO2508-C-7500,1.8,1.6,1.8
2025-08-13,2025-08-13 13:46:19.400,MO2508-C-7500,1.8,1.6,1.8
2025-08-13,2025-08-13 13:46:19.900,MO2508-C-7500,1.8,1.6,1.8
2025-08-13,2025-08-13 13:46:20.400,MO2508-C-7500,1.8,1.6,1.8
2025-08-13,2025-08-13 13:46:21.900,MO2508-C-7500,1.8,1.6,1.8
2025-08-13,2025-08-13 13:46:23.400,MO2508-C-7500,1.8,1.6,1.8
2025-08-13,2025-08-13 13:46:28.900,MO2508-C-7500,1.8,1.6,1.8
2025-08-13,2025-08-13 13:46:29.400,MO2508-C-7500,1.8,1.6,1.8
2025-08-13,2025-08-13 13:46:29.900,MO2508-C-7500,1.8,1.6,1.8
2025-08-13,2025-08-13 13:46:33.400,MO2508-C-7500,1.8,1.6,1.8
2025-08-13,2025-08-13 13:46:38.900,MO2508-C-7500,1.8,1.6,1.8
2025-08-13,2025-08-13 13:46:39.400,MO2508-C-7500,1.8,1.6,1.8
2025-08-13,2025-08-13 13:46:41.900,MO2508-C-7500,1.8,1.6,1.8
2025-08-13,2025-08-13 13:46:42.400,MO2508-C-7500,1.8,1.6,1.8
2025-08-13,2025-08-13 13:46:44.400,MO2508-C-7500,1.8,1.6,1.8
2025-08-13,2025-08-13 13:46:44.900,MO2508-C-7500,1.8,1.6,1.8
2025-08-13,2025-08-13 13:46:48.900,MO2508-C-7500,1.8,1.6,1.8
2025-08-13,2025-08-13 13:46:49.400,MO2508-C-7500,1.8,1.6,1.8
2025-08-13,2025-08-13 13:46:57.400,MO2508-C-7500,1.8,1.6,1.8
2025-08-13,2025-08-13 13:46:57.900,MO2508-C-7500,1.8,1.6,1.8
2025-08-13,2025-08-13 13:46:58.900,MO2508-C-7500,1.8,1.6,1.8
2025-08-13,2025-08-13 13:46:59.400,MO2508-C-7500,1.8,1.6,1.8
2025-08-13,2025-08-13 13:47:05.400,MO2508-C-7500,1.8,1.6,1.8
2025-08-13,2025-08-13 13:47:05.900,MO2508-C-7500,1.8,1.6,1.8
2025-08-13,2025-08-13 13:47:08.900,MO2508-C-7500,1.8,1.6,1.8
2025-08-13,2025-08-13 13:47:09.400,MO2508-C-7500,1.8,1.6,1.8
2025-08-13,2025-08-13 13:47:12.900,MO2508-C-7500,1.8,1.6,1.8
2025-08-13,2025-08-13 13:47:13.400,MO2508-C-7500,1.8,1.6,1.8
2025-08-13,2025-08-13 13:47:18.900,MO2508-C-7500,1.8,1.6,1.8
2025-08-13,2025-08-13 13:47:19.400,MO2508-C-7500,1.8,1.6,1.8
2025-08-13,2025-08-13 13:47:21.400,MO2508-C-7500,1.8,1.6,1.8
2025-08-13,2025-08-13 13:47:25.400,MO2508-C-7500,1.8,1.6,1.8
2025-08-13,2025-08-13 13:47:27.400,MO2508-C-7500,1.8,1.6,1.8
2025-08-13,2025-08-13 13:47:28.900,MO2508-C-7500,1.8,1.6,1.8
2025-08-13,2025-08-13 13:47:29.400,MO2508-C-7500,1.8,1.6,1.8
2025-08-13,2025-08-13 13:47:29.900,MO2508-C-7500,1.8,1.6,1.8
2025-08-13,2025-08-13 13:47:38.900,MO2508-C-7500,1.8,1.6,1.8
2025-08-13,2025-08-13 13:47:39.400,MO2508-C-7500,1.8,1.6,1.8
2025-08-13,2025-08-13 13:47:39.900,MO2508-C-7500,1.8,1.6,1.8
2025-08-13,2025-08-13 13:47:48.900,MO2508-C-7500,1.8,1.6,1.8
2025-08-13,2025-08-13 13:47:49.400,MO2508-C-7500,1.8,1.6,1.8
2025-08-13,2025-08-13 13:47:49.900,MO2508-C-7500,1.8,1.6,1.8
2025-08-13,2025-08-13 13:47:52.900,MO2508-C-7500,1.8,1.6,1.8
2025-08-13,2025-08-13 13:47:53.400,MO2508-C-7500,1.8,1.6,1.8
2025-08-13,2025-08-13 13:47:54.400,MO2508-C-7500,1.6,1.6,1.8
2025-08-13,2025-08-13 13:47:54.900,MO2508-C-7500,1.6,1.6,1.8
2025-08-13,2025-08-13 13:47:56.400,MO2508-C-7500,1.6,1.6,1.8
2025-08-13,2025-08-13 13:47:58.900,MO2508-C-7500,1.6,1.6,1.8
2025-08-13,2025-08-13 13:47:59.400,MO2508-C-7500,1.6,1.6,1.8
2025-08-13,2025-08-13 13:48:01.400,MO2508-C-7500,1.6,1.6,1.8
2025-08-13,2025-08-13 13:48:05.900,MO2508-C-7500,1.6,1.6,1.8
2025-08-13,2025-08-13 13:48:08.900,MO2508-C-7500,1.6,1.6,1.8
2025-08-13,2025-08-13 13:48:09.400,MO2508-C-7500,1.6,1.6,1.8
2025-08-13,2025-08-13 13:48:09.900,MO2508-C-7500,1.6,1.6,1.8
2025-08-13,2025-08-13 13:48:10.400,MO2508-C-7500,1.6,1.6,1.8
2025-08-13,2025-08-13 13:48:10.900,MO2508-C-7500,1.6,1.6,1.8
2025-08-13,2025-08-13 13:48:11.400,MO2508-C-7500,1.6,1.6,1.8
2025-08-13,2025-08-13 13:48:11.900,MO2508-C-7500,1.6,1.6,1.8
2025-08-13,2025-08-13 13:48:17.900,MO2508-C-7500,1.6,1.6,1.8
2025-08-13,2025-08-13 13:48:18.900,MO2508-C-7500,1.6,1.6,1.8
2025-08-13,2025-08-13 13:48:19.400,MO2508-C-7500,1.6,1.6,1.8
2025-08-13,2025-08-13 13:48:19.900,MO2508-C-7500,1.8,1.6,1.8
2025-08-13,2025-08-13 13:48:23.400,MO2508-C-7500,1.8,1.6,1.8
2025-08-13,2025-08-13 13:48:28.900,MO2508-C-7500,1.8,1.6,1.8
2025-08-13,2025-08-13 13:48:29.400,MO2508-C-7500,1.8,1.6,1.8
2025-08-13,2025-08-13 13:48:29.900,MO2508-C-7500,1.8,1.6,1.8
2025-08-13,2025-08-13 13:48:32.900,MO2508-C-7500,1.8,1.6,1.8
2025-08-13,2025-08-13 13:48:33.400,MO2508-C-7500,1.8,1.6,1.8
2025-08-13,2025-08-13 13:48:35.900,MO2508-C-7500,1.8,1.6,1.8
2025-08-13,2025-08-13 13:48:38.900,MO2508-C-7500,1.8,1.6,1.8
2025-08-13,2025-08-13 13:48:39.400,MO2508-C-7500,1.8,1.6,1.8
2025-08-13,2025-08-13 13:48:39.900,MO2508-C-7500,1.8,1.6,1.8
2025-08-13,2025-08-13 13:48:41.400,MO2508-C-7500,1.8,1.6,1.8
2025-08-13,2025-08-13 13:48:41.900,MO2508-C-7500,1.8,1.6,1.8
2025-08-13,2025-08-13 13:48:43.900,MO2508-C-7500,1.8,1.6,1.8
2025-08-13,2025-08-13 13:48:45.400,MO2508-C-7500,1.8,1.6,1.8
2025-08-13,2025-08-13 13:48:45.900,MO2508-C-7500,1.8,1.6,1.8
2025-08-13,2025-08-13 13:48:46.400,MO2508-C-7500,1.8,1.6,1.8
2025-08-13,2025-08-13 13:48:47.400,MO2508-C-7500,1.8,1.6,1.8
2025-08-13,2025-08-13 13:48:47.900,MO2508-C-7500,1.8,1.6,2.0
2025-08-13,2025-08-13 13:48:48.400,MO2508-C-7500,1.8,1.8,2.0
2025-08-13,2025-08-13 13:48:48.900,MO2508-C-7500,1.8,1.8,2.0
2025-08-13,2025-08-13 13:48:49.400,MO2508-C-7500,1.8,1.8,2.0
2025-08-13,2025-08-13 13:48:52.900,MO2508-C-7500,1.8,1.8,2.0
2025-08-13,2025-08-13 13:48:54.400,MO2508-C-7500,1.8,1.8,2.0
2025-08-13,2025-08-13 13:48:56.900,MO2508-C-7500,1.8,1.8,2.0
2025-08-13,2025-08-13 13:48:58.900,MO2508-C-7500,1.8,1.8,2.0
2025-08-13,2025-08-13 13:48:59.400,MO2508-C-7500,1.8,1.8,2.0
2025-08-13,2025-08-13 13:49:01.400,MO2508-C-7500,1.8,1.8,2.0
2025-08-13,2025-08-13 13:49:03.900,MO2508-C-7500,1.8,1.8,2.0
2025-08-13,2025-08-13 13:49:05.400,MO2508-C-7500,1.8,1.8,2.0
2025-08-13,2025-08-13 13:49:05.900,MO2508-C-7500,1.8,1.8,2.0
2025-08-13,2025-08-13 13:49:06.900,MO2508-C-7500,1.8,1.8,2.0
2025-08-13,2025-08-13 13:49:07.400,MO2508-C-7500,1.8,1.8,2.0
2025-08-13,2025-08-13 13:49:08.900,MO2508-C-7500,1.8,1.8,2.0
2025-08-13,2025-08-13 13:49:09.400,MO2508-C-7500,1.8,1.8,2.0
2025-08-13,2025-08-13 13:49:09.900,MO2508-C-7500,1.8,1.8,2.0
2025-08-13,2025-08-13 13:49:10.900,MO2508-C-7500,1.8,1.8,2.0
2025-08-13,2025-08-13 13:49:12.400,MO2508-C-7500,1.8,1.8,2.0
2025-08-13,2025-08-13 13:49:15.400,MO2508-C-7500,1.8,1.8,2.0
2025-08-13,2025-08-13 13:49:15.900,MO2508-C-7500,1.8,1.8,2.0
2025-08-13,2025-08-13 13:49:16.900,MO2508-C-7500,1.8,1.8,2.0
2025-08-13,2025-08-13 13:49:17.400,MO2508-C-7500,1.8,1.8,2.0
2025-08-13,2025-08-13 13:49:17.900,MO2508-C-7500,1.8,1.8,2.0
2025-08-13,2025-08-13 13:49:18.400,MO2508-C-7500,1.8,1.8,2.0
2025-08-13,2025-08-13 13:49:18.900,MO2508-C-7500,1.8,1.8,2.0
2025-08-13,2025-08-13 13:49:19.400,MO2508-C-7500,1.8,1.8,2.0
2025-08-13,2025-08-13 13:49:22.900,MO2508-C-7500,1.8,1.8,2.0
2025-08-13,2025-08-13 13:49:23.400,MO2508-C-7500,1.8,1.8,2.0
2025-08-13,2025-08-13 13:49:24.400,MO2508-C-7500,1.8,1.8,2.0
2025-08-13,2025-08-13 13:49:24.900,MO2508-C-7500,1.8,1.8,2.0
2025-08-13,2025-08-13 13:49:25.400,MO2508-C-7500,1.8,1.8,2.0
2025-08-13,2025-08-13 13:49:26.400,MO2508-C-7500,1.8,1.8,2.0
2025-08-13,2025-08-13 13:49:27.400,MO2508-C-7500,1.8,1.8,2.0
2025-08-13,2025-08-13 13:49:27.900,MO2508-C-7500,1.8,1.8,2.0
2025-08-13,2025-08-13 13:49:28.400,MO2508-C-7500,1.8,1.8,2.0
2025-08-13,2025-08-13 13:49:28.900,MO2508-C-7500,1.8,1.8,2.0
2025-08-13,2025-08-13 13:49:29.400,MO2508-C-7500,1.8,1.8,2.0
2025-08-13,2025-08-13 13:49:29.900,MO2508-C-7500,2.0,1.8,2.0
2025-08-13,2025-08-13 13:49:30.400,MO2508-C-7500,2.0,1.8,2.0
2025-08-13,2025-08-13 13:49:30.900,MO2508-C-7500,2.0,1.8,2.0
2025-08-13,2025-08-13 13:49:31.400,MO2508-C-7500,2.0,1.8,2.0
2025-08-13,2025-08-13 13:49:31.900,MO2508-C-7500,2.0,1.8,2.0
2025-08-13,2025-08-13 13:49:32.400,MO2508-C-7500,2.0,1.8,2.0
2025-08-13,2025-08-13 13:49:35.900,MO2508-C-7500,2.0,1.8,2.0
2025-08-13,2025-08-13 13:49:37.400,MO2508-C-7500,2.0,1.8,2.0
2025-08-13,2025-08-13 13:49:38.900,MO2508-C-7500,2.0,1.8,2.0
2025-08-13,2025-08-13 13:49:39.400,MO2508-C-7500,2.0,1.8,2.0
2025-08-13,2025-08-13 13:49:39.900,MO2508-C-7500,2.0,1.8,2.0
2025-08-13,2025-08-13 13:49:42.900,MO2508-C-7500,2.0,1.8,2.0
2025-08-13,2025-08-13 13:49:43.400,MO2508-C-7500,2.0,1.8,2.0
2025-08-13,2025-08-13 13:49:43.900,MO2508-C-7500,2.0,1.8,2.0
2025-08-13,2025-08-13 13:49:44.400,MO2508-C-7500,2.0,1.8,2.0
2025-08-13,2025-08-13 13:49:47.400,MO2508-C-7500,2.0,1.8,2.0
2025-08-13,2025-08-13 13:49:48.400,MO2508-C-7500,2.0,1.8,2.0
2025-08-13,2025-08-13 13:49:48.900,MO2508-C-7500,2.0,1.8,2.0
2025-08-13,2025-08-13 13:49:49.400,MO2508-C-7500,2.0,1.8,2.0
2025-08-13,2025-08-13 13:49:49.900,MO2508-C-7500,2.0,1.8,2.0
2025-08-13,2025-08-13 13:49:52.400,MO2508-C-7500,2.0,1.8,2.0
2025-08-13,2025-08-13 13:49:53.900,MO2508-C-7500,2.0,1.8,2.0
2025-08-13,2025-08-13 13:49:58.900,MO2508-C-7500,2.0,1.8,2.0
2025-08-13,2025-08-13 13:49:59.400,MO2508-C-7500,2.0,1.8,2.0
2025-08-13,2025-08-13 13:50:01.900,MO2508-C-7500,2.0,1.8,2.0
2025-08-13,2025-08-13 13:50:03.400,MO2508-C-7500,2.0,1.8,2.0
2025-08-13,2025-08-13 13:50:05.400,MO2508-C-7500,2.0,1.8,2.0
2025-08-13,2025-08-13 13:50:07.400,MO2508-C-7500,2.0,1.8,2.0
2025-08-13,2025-08-13 13:50:07.900,MO2508-C-7500,2.0,1.8,2.0
2025-08-13,2025-08-13 13:50:08.900,MO2508-C-7500,2.0,1.8,2.0
2025-08-13,2025-08-13 13:50:09.400,MO2508-C-7500,2.0,1.8,2.0
2025-08-13,2025-08-13 13:50:09.900,MO2508-C-7500,2.0,1.8,2.0
2025-08-13,2025-08-13 13:50:10.400,MO2508-C-7500,2.0,1.8,2.0
2025-08-13,2025-08-13 13:50:10.900,MO2508-C-7500,2.0,1.8,2.0
2025-08-13,2025-08-13 13:50:12.400,MO2508-C-7500,2.0,1.8,2.0
2025-08-13,2025-08-13 13:50:12.900,MO2508-C-7500,2.0,1.8,2.0
2025-08-13,2025-08-13 13:50:15.400,MO2508-C-7500,2.0,1.8,2.0
2025-08-13,2025-08-13 13:50:16.900,MO2508-C-7500,2.0,1.8,2.0
2025-08-13,2025-08-13 13:50:17.400,MO2508-C-7500,2.0,1.8,2.0
2025-08-13,2025-08-13 13:50:17.900,MO2508-C-7500,2.0,1.8,2.0
2025-08-13,2025-08-13 13:50:18.400,MO2508-C-7500,2.0,1.8,2.0
2025-08-13,2025-08-13 13:50:18.900,MO2508-C-7500,2.0,1.8,2.0
2025-08-13,2025-08-13 13:50:19.400,MO2508-C-7500,2.0,1.8,2.0
2025-08-13,2025-08-13 13:50:23.900,MO2508-C-7500,2.0,1.8,2.0
2025-08-13,2025-08-13 13:50:24.400,MO2508-C-7500,2.0,1.8,2.0
2025-08-13,2025-08-13 13:50:28.900,MO2508-C-7500,2.0,1.8,2.0
2025-08-13,2025-08-13 13:50:29.400,MO2508-C-7500,2.0,1.8,2.0
2025-08-13,2025-08-13 13:50:38.900,MO2508-C-7500,2.0,1.8,2.0
2025-08-13,2025-08-13 13:50:39.400,MO2508-C-7500,2.0,1.8,2.0
2025-08-13,2025-08-13 13:50:48.900,MO2508-C-7500,2.0,1.8,2.0
2025-08-13,2025-08-13 13:50:49.400,MO2508-C-7500,2.0,1.8,2.0
2025-08-13,2025-08-13 13:50:58.900,MO2508-C-7500,2.0,1.8,2.0
2025-08-13,2025-08-13 13:50:59.400,MO2508-C-7500,2.0,1.8,2.0
2025-08-13,2025-08-13 13:50:59.900,MO2508-C-7500,2.0,1.8,2.0
2025-08-13,2025-08-13 13:51:00.400,MO2508-C-7500,2.0,1.8,2.0
2025-08-13,2025-08-13 13:51:00.900,MO2508-C-7500,2.0,1.8,2.0
2025-08-13,2025-08-13 13:51:01.900,MO2508-C-7500,2.0,1.8,2.0
2025-08-13,2025-08-13 13:51:02.400,MO2508-C-7500,2.0,1.8,2.0
2025-08-13,2025-08-13 13:51:02.900,MO2508-C-7500,2.0,1.8,2.0
2025-08-13,2025-08-13 13:51:03.400,MO2508-C-7500,2.0,1.8,2.0
2025-08-13,2025-08-13 13:51:04.400,MO2508-C-7500,2.0,1.8,2.0
2025-08-13,2025-08-13 13:51:04.900,MO2508-C-7500,2.0,1.8,2.0
2025-08-13,2025-08-13 13:51:05.400,MO2508-C-7500,2.0,1.8,2.0
2025-08-13,2025-08-13 13:51:05.900,MO2508-C-7500,2.0,1.8,2.0
2025-08-13,2025-08-13 13:51:07.400,MO2508-C-7500,2.0,1.8,2.0
2025-08-13,2025-08-13 13:51:07.900,MO2508-C-7500,2.0,1.8,2.0
2025-08-13,2025-08-13 13:51:08.900,MO2508-C-7500,2.0,1.8,2.0
2025-08-13,2025-08-13 13:51:09.400,MO2508-C-7500,2.0,1.8,2.0
2025-08-13,2025-08-13 13:51:09.900,MO2508-C-7500,2.0,1.8,2.0
2025-08-13,2025-08-13 13:51:18.400,MO2508-C-7500,2.0,1.8,2.0
2025-08-13,2025-08-13 13:51:18.900,MO2508-C-7500,2.0,1.8,2.0
2025-08-13,2025-08-13 13:51:19.400,MO2508-C-7500,2.0,1.8,2.0
2025-08-13,2025-08-13 13:51:20.900,MO2508-C-7500,2.0,1.8,2.0
2025-08-13,2025-08-13 13:51:28.900,MO2508-C-7500,2.0,1.8,2.0
2025-08-13,2025-08-13 13:51:29.400,MO2508-C-7500,2.0,1.8,2.0
2025-08-13,2025-08-13 13:51:30.400,MO2508-C-7500,2.0,1.8,2.0
2025-08-13,2025-08-13 13:51:33.400,MO2508-C-7500,2.0,1.8,2.0
2025-08-13,2025-08-13 13:51:33.900,MO2508-C-7500,2.0,1.8,2.0
2025-08-13,2025-08-13 13:51:38.400,MO2508-C-7500,2.0,1.8,2.0
2025-08-13,2025-08-13 13:51:38.900,MO2508-C-7500,2.0,1.8,2.0
2025-08-13,2025-08-13 13:51:39.400,MO2508-C-7500,2.0,1.8,2.0
2025-08-13,2025-08-13 13:51:43.900,MO2508-C-7500,2.0,1.8,2.0
2025-08-13,2025-08-13 13:51:44.400,MO2508-C-7500,2.0,1.8,2.0
2025-08-13,2025-08-13 13:51:44.900,MO2508-C-7500,2.0,1.8,2.0
2025-08-13,2025-08-13 13:51:45.400,MO2508-C-7500,2.0,1.8,2.0
2025-08-13,2025-08-13 13:51:45.900,MO2508-C-7500,2.0,1.8,2.0
2025-08-13,2025-08-13 13:51:46.400,MO2508-C-7500,2.0,1.8,2.0
2025-08-13,2025-08-13 13:51:46.900,MO2508-C-7500,2.0,1.8,2.0
2025-08-13,2025-08-13 13:51:47.400,MO2508-C-7500,2.0,1.8,2.0
2025-08-13,2025-08-13 13:51:47.900,MO2508-C-7500,2.0,1.8,2.0
2025-08-13,2025-08-13 13:51:48.900,MO2508-C-7500,2.0,1.8,2.0
2025-08-13,2025-08-13 13:51:49.400,MO2508-C-7500,2.0,1.8,2.0
2025-08-13,2025-08-13 13:51:49.900,MO2508-C-7500,2.0,1.8,2.0
2025-08-13,2025-08-13 13:51:58.900,MO2508-C-7500,2.0,1.8,2.0
2025-08-13,2025-08-13 13:51:59.400,MO2508-C-7500,2.0,1.8,2.0
2025-08-13,2025-08-13 13:51:59.900,MO2508-C-7500,2.0,1.8,2.0
2025-08-13,2025-08-13 13:52:00.400,MO2508-C-7500,2.0,1.8,2.0
2025-08-13,2025-08-13 13:52:01.400,MO2508-C-7500,2.0,1.8,2.0
2025-08-13,2025-08-13 13:52:01.900,MO2508-C-7500,2.0,1.8,2.0
2025-08-13,2025-08-13 13:52:02.400,MO2508-C-7500,2.0,1.8,2.0
2025-08-13,2025-08-13 13:52:02.900,MO2508-C-7500,2.0,1.8,2.0
2025-08-13,2025-08-13 13:52:08.900,MO2508-C-7500,2.0,1.8,2.0
2025-08-13,2025-08-13 13:52:09.400,MO2508-C-7500,2.0,1.8,2.0
2025-08-13,2025-08-13 13:52:09.900,MO2508-C-7500,2.0,1.8,2.0
2025-08-13,2025-08-13 13:52:10.400,MO2508-C-7500,2.0,1.8,2.0
2025-08-13,2025-08-13 13:52:10.900,MO2508-C-7500,1.8,1.8,2.0
2025-08-13,2025-08-13 13:52:13.400,MO2508-C-7500,1.8,1.8,2.0
2025-08-13,2025-08-13 13:52:14.400,MO2508-C-7500,1.8,1.8,2.0
2025-08-13,2025-08-13 13:52:15.900,MO2508-C-7500,1.8,1.8,2.0
2025-08-13,2025-08-13 13:52:16.400,MO2508-C-7500,1.8,1.8,2.0
2025-08-13,2025-08-13 13:52:18.900,MO2508-C-7500,1.8,1.8,2.0
2025-08-13,2025-08-13 13:52:19.400,MO2508-C-7500,1.8,1.8,2.0
2025-08-13,2025-08-13 13:52:19.900,MO2508-C-7500,1.8,1.8,2.0
2025-08-13,2025-08-13 13:52:20.900,MO2508-C-7500,1.8,1.8,2.0
2025-08-13,2025-08-13 13:52:21.400,MO2508-C-7500,1.8,1.8,2.0
2025-08-13,2025-08-13 13:52:21.900,MO2508-C-7500,1.8,1.8,2.0
2025-08-13,2025-08-13 13:52:22.400,MO2508-C-7500,1.8,1.8,2.0
2025-08-13,2025-08-13 13:52:22.900,MO2508-C-7500,1.8,1.8,2.0
2025-08-13,2025-08-13 13:52:25.400,MO2508-C-7500,1.8,1.8,2.0
2025-08-13,2025-08-13 13:52:27.900,MO2508-C-7500,1.8,1.8,2.0
2025-08-13,2025-08-13 13:52:28.900,MO2508-C-7500,1.8,1.8,2.0
2025-08-13,2025-08-13 13:52:29.400,MO2508-C-7500,1.8,1.8,2.0
2025-08-13,2025-08-13 13:52:29.900,MO2508-C-7500,1.8,1.8,2.0
2025-08-13,2025-08-13 13:52:31.400,MO2508-C-7500,1.8,1.8,2.0
2025-08-13,2025-08-13 13:52:31.900,MO2508-C-7500,1.8,1.8,2.0
2025-08-13,2025-08-13 13:52:32.400,MO2508-C-7500,1.8,1.8,2.0
2025-08-13,2025-08-13 13:52:32.900,MO2508-C-7500,1.8,1.8,2.0
2025-08-13,2025-08-13 13:52:35.900,MO2508-C-7500,1.8,1.8,2.0
2025-08-13,2025-08-13 13:52:36.400,MO2508-C-7500,1.8,1.8,2.0
2025-08-13,2025-08-13 13:52:36.900,MO2508-C-7500,1.8,1.8,2.0
2025-08-13,2025-08-13 13:52:37.400,MO2508-C-7500,1.8,1.8,2.0
2025-08-13,2025-08-13 13:52:38.900,MO2508-C-7500,1.8,1.8,2.0
2025-08-13,2025-08-13 13:52:39.400,MO2508-C-7500,1.8,1.8,2.0
2025-08-13,2025-08-13 13:52:39.900,MO2508-C-7500,1.8,1.8,2.0
2025-08-13,2025-08-13 13:52:40.400,MO2508-C-7500,1.8,1.8,2.0
2025-08-13,2025-08-13 13:52:41.900,MO2508-C-7500,1.8,1.8,2.0
2025-08-13,2025-08-13 13:52:43.900,MO2508-C-7500,1.8,1.8,2.0
2025-08-13,2025-08-13 13:52:46.900,MO2508-C-7500,1.8,1.8,2.0
2025-08-13,2025-08-13 13:52:48.900,MO2508-C-7500,1.8,1.8,2.0
2025-08-13,2025-08-13 13:52:49.400,MO2508-C-7500,1.8,1.8,2.0
2025-08-13,2025-08-13 13:52:53.400,MO2508-C-7500,1.8,1.8,2.0
2025-08-13,2025-08-13 13:52:54.900,MO2508-C-7500,1.8,1.6,1.8
2025-08-13,2025-08-13 13:52:55.400,MO2508-C-7500,1.8,1.6,1.8
2025-08-13,2025-08-13 13:52:55.900,MO2508-C-7500,1.8,1.6,1.8
2025-08-13,2025-08-13 13:52:56.400,MO2508-C-7500,1.8,1.6,1.8
2025-08-13,2025-08-13 13:52:56.900,MO2508-C-7500,1.8,1.6,1.8
2025-08-13,2025-08-13 13:52:58.900,MO2508-C-7500,1.8,1.6,1.8
2025-08-13,2025-08-13 13:52:59.400,MO2508-C-7500,1.8,1.6,1.8
2025-08-13,2025-08-13 13:53:00.400,MO2508-C-7500,1.8,1.6,1.8
2025-08-13,2025-08-13 13:53:00.900,MO2508-C-7500,1.8,1.6,1.8
2025-08-13,2025-08-13 13:53:01.400,MO2508-C-7500,1.8,1.6,1.8
2025-08-13,2025-08-13 13:53:02.400,MO2508-C-7500,1.8,1.6,1.8
2025-08-13,2025-08-13 13:53:05.400,MO2508-C-7500,1.8,1.6,1.8
2025-08-13,2025-08-13 13:53:07.900,MO2508-C-7500,1.8,1.6,1.8
2025-08-13,2025-08-13 13:53:08.900,MO2508-C-7500,1.8,1.6,1.8
2025-08-13,2025-08-13 13:53:09.400,MO2508-C-7500,1.8,1.6,1.8
2025-08-13,2025-08-13 13:53:15.400,MO2508-C-7500,1.8,1.6,1.8
2025-08-13,2025-08-13 13:53:15.900,MO2508-C-7500,1.8,1.6,1.8
2025-08-13,2025-08-13 13:53:18.900,MO2508-C-7500,1.8,1.6,1.8
2025-08-13,2025-08-13 13:53:19.400,MO2508-C-7500,1.8,1.6,1.8
2025-08-13,2025-08-13 13:53:21.900,MO2508-C-7500,1.8,1.6,1.8
2025-08-13,2025-08-13 13:53:22.900,MO2508-C-7500,1.8,1.6,1.8
2025-08-13,2025-08-13 13:53:28.900,MO2508-C-7500,1.8,1.6,1.8
2025-08-13,2025-08-13 13:53:29.400,MO2508-C-7500,1.8,1.6,1.8
2025-08-13,2025-08-13 13:53:34.900,MO2508-C-7500,1.8,1.6,1.8
2025-08-13,2025-08-13 13:53:35.400,MO2508-C-7500,1.8,1.6,1.8
2025-08-13,2025-08-13 13:53:37.900,MO2508-C-7500,1.8,1.6,1.8
2025-08-13,2025-08-13 13:53:38.400,MO2508-C-7500,1.8,1.6,1.8
2025-08-13,2025-08-13 13:53:38.900,MO2508-C-7500,1.8,1.6,1.8
2025-08-13,2025-08-13 13:53:39.400,MO2508-C-7500,1.8,1.6,1.8
2025-08-13,2025-08-13 13:53:46.900,MO2508-C-7500,1.8,1.6,1.8
2025-08-13,2025-08-13 13:53:48.900,MO2508-C-7500,1.8,1.6,1.8
2025-08-13,2025-08-13 13:53:49.400,MO2508-C-7500,1.8,1.6,1.8
2025-08-13,2025-08-13 13:53:50.400,MO2508-C-7500,1.8,1.6,1.8
2025-08-13,2025-08-13 13:53:51.400,MO2508-C-7500,1.8,1.6,1.8
2025-08-13,2025-08-13 13:53:57.400,MO2508-C-7500,1.8,1.6,1.8
2025-08-13,2025-08-13 13:53:58.900,MO2508-C-7500,1.8,1.6,1.8
2025-08-13,2025-08-13 13:53:59.400,MO2508-C-7500,1.8,1.6,1.8
2025-08-13,2025-08-13 13:53:59.900,MO2508-C-7500,1.8,1.6,1.8
2025-08-13,2025-08-13 13:54:02.400,MO2508-C-7500,1.8,1.6,1.8
2025-08-13,2025-08-13 13:54:05.900,MO2508-C-7500,1.8,1.6,1.8
2025-08-13,2025-08-13 13:54:08.900,MO2508-C-7500,1.8,1.6,1.8
2025-08-13,2025-08-13 13:54:09.400,MO2508-C-7500,1.8,1.6,1.8
2025-08-13,2025-08-13 13:54:18.900,MO2508-C-7500,1.8,1.6,1.8
2025-08-13,2025-08-13 13:54:19.400,MO2508-C-7500,1.8,1.6,1.8
2025-08-13,2025-08-13 13:54:28.900,MO2508-C-7500,1.8,1.6,1.8
2025-08-13,2025-08-13 13:54:29.400,MO2508-C-7500,1.8,1.6,1.8
2025-08-13,2025-08-13 13:54:38.900,MO2508-C-7500,1.8,1.6,1.8
2025-08-13,2025-08-13 13:54:39.400,MO2508-C-7500,1.8,1.6,1.8
2025-08-13,2025-08-13 13:54:45.400,MO2508-C-7500,1.8,1.6,1.8
2025-08-13,2025-08-13 13:54:45.900,MO2508-C-7500,1.8,1.6,1.8
2025-08-13,2025-08-13 13:54:46.900,MO2508-C-7500,1.8,1.6,1.8
2025-08-13,2025-08-13 13:54:48.900,MO2508-C-7500,1.8,1.6,1.8
2025-08-13,2025-08-13 13:54:49.400,MO2508-C-7500,1.8,1.6,1.8
2025-08-13,2025-08-13 13:54:50.400,MO2508-C-7500,1.8,1.6,1.8
2025-08-13,2025-08-13 13:54:50.900,MO2508-C-7500,1.8,1.6,1.8
2025-08-13,2025-08-13 13:54:55.400,MO2508-C-7500,1.8,1.6,1.8
2025-08-13,2025-08-13 13:54:56.900,MO2508-C-7500,1.8,1.6,1.8
2025-08-13,2025-08-13 13:54:58.900,MO2508-C-7500,1.8,1.6,1.8
2025-08-13,2025-08-13 13:54:59.400,MO2508-C-7500,1.8,1.6,1.8
2025-08-13,2025-08-13 13:55:01.900,MO2508-C-7500,1.8,1.6,1.8
2025-08-13,2025-08-13 13:55:02.400,MO2508-C-7500,1.8,1.6,1.8
2025-08-13,2025-08-13 13:55:08.900,MO2508-C-7500,1.8,1.6,1.8
2025-08-13,2025-08-13 13:55:09.400,MO2508-C-7500,1.8,1.6,1.8
2025-08-13,2025-08-13 13:55:11.400,MO2508-C-7500,1.8,1.6,1.8
2025-08-13,2025-08-13 13:55:13.400,MO2508-C-7500,1.8,1.6,1.8
2025-08-13,2025-08-13 13:55:14.400,MO2508-C-7500,1.8,1.6,1.8
2025-08-13,2025-08-13 13:55:16.900,MO2508-C-7500,1.8,1.6,1.8
2025-08-13,2025-08-13 13:55:18.900,MO2508-C-7500,1.8,1.6,1.8
2025-08-13,2025-08-13 13:55:19.400,MO2508-C-7500,1.8,1.6,1.8
2025-08-13,2025-08-13 13:55:28.900,MO2508-C-7500,1.8,1.6,1.8
2025-08-13,2025-08-13 13:55:29.400,MO2508-C-7500,1.8,1.6,1.8
2025-08-13,2025-08-13 13:55:31.900,MO2508-C-7500,1.8,1.6,1.8
2025-08-13,2025-08-13 13:55:34.900,MO2508-C-7500,1.8,1.6,1.8
2025-08-13,2025-08-13 13:55:35.400,MO2508-C-7500,1.8,1.8,2.0
2025-08-13,2025-08-13 13:55:35.900,MO2508-C-7500,1.8,1.6,2.0
2025-08-13,2025-08-13 13:55:36.400,MO2508-C-7500,1.8,1.8,2.0
2025-08-13,2025-08-13 13:55:36.900,MO2508-C-7500,1.8,1.8,2.0
2025-08-13,2025-08-13 13:55:37.400,MO2508-C-7500,1.8,1.8,2.0
2025-08-13,2025-08-13 13:55:38.900,MO2508-C-7500,1.8,1.8,2.0
2025-08-13,2025-08-13 13:55:39.400,MO2508-C-7500,1.8,1.8,2.0
2025-08-13,2025-08-13 13:55:40.400,MO2508-C-7500,1.8,1.6,2.0
2025-08-13,2025-08-13 13:55:40.900,MO2508-C-7500,1.8,1.6,2.0
2025-08-13,2025-08-13 13:55:41.400,MO2508-C-7500,1.8,1.6,2.0
2025-08-13,2025-08-13 13:55:42.400,MO2508-C-7500,1.8,1.8,2.0
2025-08-13,2025-08-13 13:55:42.900,MO2508-C-7500,1.8,1.8,2.0
2025-08-13,2025-08-13 13:55:43.400,MO2508-C-7500,1.8,1.8,2.0
2025-08-13,2025-08-13 13:55:43.900,MO2508-C-7500,1.8,1.8,2.0
2025-08-13,2025-08-13 13:55:46.400,MO2508-C-7500,1.8,1.8,2.0
2025-08-13,2025-08-13 13:55:46.900,MO2508-C-7500,1.8,1.8,2.0
2025-08-13,2025-08-13 13:55:47.400,MO2508-C-7500,1.8,1.8,2.0
2025-08-13,2025-08-13 13:55:47.900,MO2508-C-7500,1.8,1.8,2.0
2025-08-13,2025-08-13 13:55:48.400,MO2508-C-7500,1.8,1.8,2.0
2025-08-13,2025-08-13 13:55:48.900,MO2508-C-7500,1.8,1.8,2.0
2025-08-13,2025-08-13 13:55:49.400,MO2508-C-7500,1.8,1.8,2.0
2025-08-13,2025-08-13 13:55:52.900,MO2508-C-7500,1.8,1.8,2.0
2025-08-13,2025-08-13 13:55:53.400,MO2508-C-7500,1.8,1.8,2.0
2025-08-13,2025-08-13 13:55:53.900,MO2508-C-7500,1.8,1.8,2.0
2025-08-13,2025-08-13 13:55:54.400,MO2508-C-7500,1.8,1.8,2.0
2025-08-13,2025-08-13 13:55:55.900,MO2508-C-7500,1.8,1.8,2.0
2025-08-13,2025-08-13 13:55:56.400,MO2508-C-7500,1.8,1.8,2.0
2025-08-13,2025-08-13 13:55:56.900,MO2508-C-7500,1.8,1.8,2.0
2025-08-13,2025-08-13 13:55:57.900,MO2508-C-7500,1.8,1.8,2.0
2025-08-13,2025-08-13 13:55:58.400,MO2508-C-7500,1.8,1.8,2.0
2025-08-13,2025-08-13 13:55:58.900,MO2508-C-7500,1.8,1.8,2.0
2025-08-13,2025-08-13 13:55:59.400,MO2508-C-7500,1.8,1.8,2.0
2025-08-13,2025-08-13 13:55:59.900,MO2508-C-7500,1.8,1.8,2.0
2025-08-13,2025-08-13 13:56:00.400,MO2508-C-7500,1.8,1.8,2.0
2025-08-13,2025-08-13 13:56:00.900,MO2508-C-7500,1.8,1.8,2.0
2025-08-13,2025-08-13 13:56:01.900,MO2508-C-7500,1.8,1.8,2.0
2025-08-13,2025-08-13 13:56:02.400,MO2508-C-7500,1.8,1.8,2.0
2025-08-13,2025-08-13 13:56:02.900,MO2508-C-7500,1.8,1.8,2.0
2025-08-13,2025-08-13 13:56:03.900,MO2508-C-7500,1.8,1.8,2.0
2025-08-13,2025-08-13 13:56:04.400,MO2508-C-7500,1.8,1.8,2.0
2025-08-13,2025-08-13 13:56:04.900,MO2508-C-7500,1.8,1.8,2.0
2025-08-13,2025-08-13 13:56:05.400,MO2508-C-7500,1.8,1.8,2.0
2025-08-13,2025-08-13 13:56:05.900,MO2508-C-7500,1.8,1.8,2.0
2025-08-13,2025-08-13 13:56:06.400,MO2508-C-7500,1.8,1.8,2.0
2025-08-13,2025-08-13 13:56:06.900,MO2508-C-7500,1.8,1.8,2.0
2025-08-13,2025-08-13 13:56:07.400,MO2508-C-7500,1.8,1.8,2.0
2025-08-13,2025-08-13 13:56:07.900,MO2508-C-7500,1.8,1.8,2.0
2025-08-13,2025-08-13 13:56:08.400,MO2508-C-7500,1.8,1.8,2.0
2025-08-13,2025-08-13 13:56:08.900,MO2508-C-7500,1.8,1.8,2.0
2025-08-13,2025-08-13 13:56:09.400,MO2508-C-7500,1.8,1.8,2.0
2025-08-13,2025-08-13 13:56:10.400,MO2508-C-7500,1.8,1.8,2.0
2025-08-13,2025-08-13 13:56:11.900,MO2508-C-7500,1.8,1.8,2.0
2025-08-13,2025-08-13 13:56:12.400,MO2508-C-7500,1.8,1.8,2.0
2025-08-13,2025-08-13 13:56:12.900,MO2508-C-7500,1.8,1.8,2.0
2025-08-13,2025-08-13 13:56:13.400,MO2508-C-7500,2.0,1.8,2.0
2025-08-13,2025-08-13 13:56:14.900,MO2508-C-7500,2.0,1.6,2.0
2025-08-13,2025-08-13 13:56:15.400,MO2508-C-7500,2.0,1.6,2.0
2025-08-13,2025-08-13 13:56:15.900,MO2508-C-7500,2.0,1.6,2.0
2025-08-13,2025-08-13 13:56:16.400,MO2508-C-7500,2.0,1.6,2.0
2025-08-13,2025-08-13 13:56:16.900,MO2508-C-7500,2.0,1.6,2.0
2025-08-13,2025-08-13 13:56:17.400,MO2508-C-7500,2.0,1.6,2.0
2025-08-13,2025-08-13 13:56:18.400,MO2508-C-7500,2.0,1.6,2.0
2025-08-13,2025-08-13 13:56:18.900,MO2508-C-7500,2.0,1.6,2.0
2025-08-13,2025-08-13 13:56:19.400,MO2508-C-7500,2.0,1.6,2.0
2025-08-13,2025-08-13 13:56:19.900,MO2508-C-7500,2.0,1.6,2.0
2025-08-13,2025-08-13 13:56:20.900,MO2508-C-7500,2.0,1.6,2.0
2025-08-13,2025-08-13 13:56:21.400,MO2508-C-7500,2.0,1.6,2.0
2025-08-13,2025-08-13 13:56:21.900,MO2508-C-7500,2.0,1.6,2.0
2025-08-13,2025-08-13 13:56:22.400,MO2508-C-7500,2.0,1.6,2.0
2025-08-13,2025-08-13 13:56:22.900,MO2508-C-7500,2.0,1.6,2.0
2025-08-13,2025-08-13 13:56:23.400,MO2508-C-7500,2.0,1.6,2.0
2025-08-13,2025-08-13 13:56:23.900,MO2508-C-7500,2.0,1.6,2.0
2025-08-13,2025-08-13 13:56:24.400,MO2508-C-7500,2.0,1.6,2.0
2025-08-13,2025-08-13 13:56:24.900,MO2508-C-7500,2.0,1.6,2.0
2025-08-13,2025-08-13 13:56:25.400,MO2508-C-7500,2.0,1.6,2.0
2025-08-13,2025-08-13 13:56:25.900,MO2508-C-7500,2.0,1.6,2.0
2025-08-13,2025-08-13 13:56:26.400,MO2508-C-7500,2.0,1.6,2.0
2025-08-13,2025-08-13 13:56:26.900,MO2508-C-7500,2.0,1.6,2.0
2025-08-13,2025-08-13 13:56:27.900,MO2508-C-7500,2.0,1.6,1.8
2025-08-13,2025-08-13 13:56:28.400,MO2508-C-7500,2.0,1.6,1.8
2025-08-13,2025-08-13 13:56:28.900,MO2508-C-7500,2.0,1.6,1.8
2025-08-13,2025-08-13 13:56:29.400,MO2508-C-7500,2.0,1.6,1.8
2025-08-13,2025-08-13 13:56:36.900,MO2508-C-7500,2.0,1.6,1.8
2025-08-13,2025-08-13 13:56:37.400,MO2508-C-7500,2.0,1.6,1.8
2025-08-13,2025-08-13 13:56:38.900,MO2508-C-7500,2.0,1.6,1.8
2025-08-13,2025-08-13 13:56:39.400,MO2508-C-7500,2.0,1.6,1.8
2025-08-13,2025-08-13 13:56:40.900,MO2508-C-7500,2.0,1.6,1.8
2025-08-13,2025-08-13 13:56:42.400,MO2508-C-7500,2.0,1.6,1.8
2025-08-13,2025-08-13 13:56:43.900,MO2508-C-7500,2.0,1.6,1.8
2025-08-13,2025-08-13 13:56:44.400,MO2508-C-7500,2.0,1.6,1.8
2025-08-13,2025-08-13 13:56:47.400,MO2508-C-7500,2.0,1.6,1.8
2025-08-13,2025-08-13 13:56:48.900,MO2508-C-7500,2.0,1.6,1.8
2025-08-13,2025-08-13 13:56:49.400,MO2508-C-7500,2.0,1.6,1.8
2025-08-13,2025-08-13 13:56:58.900,MO2508-C-7500,2.0,1.6,1.8
2025-08-13,2025-08-13 13:56:59.400,MO2508-C-7500,2.0,1.6,1.8
2025-08-13,2025-08-13 13:56:59.900,MO2508-C-7500,2.0,1.6,1.8
2025-08-13,2025-08-13 13:57:02.400,MO2508-C-7500,2.0,1.6,1.8
2025-08-13,2025-08-13 13:57:03.900,MO2508-C-7500,2.0,1.6,1.8
2025-08-13,2025-08-13 13:57:05.400,MO2508-C-7500,2.0,1.6,1.8
2025-08-13,2025-08-13 13:57:05.900,MO2508-C-7500,1.6,1.6,1.8
2025-08-13,2025-08-13 13:57:07.900,MO2508-C-7500,1.6,1.6,1.8
2025-08-13,2025-08-13 13:57:08.900,MO2508-C-7500,1.6,1.6,1.8
2025-08-13,2025-08-13 13:57:09.400,MO2508-C-7500,1.6,1.6,1.8
2025-08-13,2025-08-13 13:57:18.900,MO2508-C-7500,1.6,1.6,1.8
2025-08-13,2025-08-13 13:57:19.400,MO2508-C-7500,1.6,1.6,1.8
2025-08-13,2025-08-13 13:57:23.900,MO2508-C-7500,1.6,1.6,1.8
2025-08-13,2025-08-13 13:57:26.400,MO2508-C-7500,1.6,1.6,1.8
2025-08-13,2025-08-13 13:57:28.900,MO2508-C-7500,1.6,1.6,1.8
2025-08-13,2025-08-13 13:57:29.400,MO2508-C-7500,1.6,1.6,1.8
2025-08-13,2025-08-13 13:57:30.400,MO2508-C-7500,1.6,1.6,1.8
2025-08-13,2025-08-13 13:57:34.400,MO2508-C-7500,1.6,1.6,1.8
2025-08-13,2025-08-13 13:57:34.900,MO2508-C-7500,1.6,1.6,1.8
2025-08-13,2025-08-13 13:57:36.400,MO2508-C-7500,1.6,1.6,1.8
2025-08-13,2025-08-13 13:57:36.900,MO2508-C-7500,1.6,1.6,1.8
2025-08-13,2025-08-13 13:57:37.400,MO2508-C-7500,1.6,1.6,1.8
2025-08-13,2025-08-13 13:57:38.900,MO2508-C-7500,1.6,1.6,1.8
2025-08-13,2025-08-13 13:57:39.400,MO2508-C-7500,1.6,1.6,1.8
2025-08-13,2025-08-13 13:57:40.900,MO2508-C-7500,1.6,1.6,1.8
2025-08-13,2025-08-13 13:57:41.400,MO2508-C-7500,1.6,1.6,1.8
2025-08-13,2025-08-13 13:57:43.400,MO2508-C-7500,1.6,1.6,1.8
2025-08-13,2025-08-13 13:57:48.900,MO2508-C-7500,1.6,1.6,1.8
2025-08-13,2025-08-13 13:57:49.400,MO2508-C-7500,1.6,1.6,1.8
2025-08-13,2025-08-13 13:57:55.900,MO2508-C-7500,1.6,1.6,1.8
2025-08-13,2025-08-13 13:57:56.400,MO2508-C-7500,1.8,1.6,2.0
2025-08-13,2025-08-13 13:57:56.900,MO2508-C-7500,1.8,1.6,2.0
2025-08-13,2025-08-13 13:57:57.900,MO2508-C-7500,1.8,1.6,2.0
2025-08-13,2025-08-13 13:57:58.900,MO2508-C-7500,1.8,1.6,2.0
2025-08-13,2025-08-13 13:57:59.400,MO2508-C-7500,1.8,1.8,2.0
2025-08-13,2025-08-13 13:57:59.900,MO2508-C-7500,1.8,1.8,2.0
2025-08-13,2025-08-13 13:58:00.400,MO2508-C-7500,1.8,1.8,2.0
2025-08-13,2025-08-13 13:58:05.400,MO2508-C-7500,1.8,1.8,2.0
2025-08-13,2025-08-13 13:58:05.900,MO2508-C-7500,1.8,1.8,2.0
2025-08-13,2025-08-13 13:58:06.400,MO2508-C-7500,1.8,1.8,2.0
2025-08-13,2025-08-13 13:58:08.400,MO2508-C-7500,1.8,1.8,2.0
2025-08-13,2025-08-13 13:58:08.900,MO2508-C-7500,1.8,1.8,2.0
2025-08-13,2025-08-13 13:58:09.400,MO2508-C-7500,1.8,1.8,2.0
2025-08-13,2025-08-13 13:58:10.900,MO2508-C-7500,1.8,1.8,2.0
2025-08-13,2025-08-13 13:58:11.900,MO2508-C-7500,1.8,1.8,2.0
2025-08-13,2025-08-13 13:58:12.400,MO2508-C-7500,1.8,1.8,2.0
2025-08-13,2025-08-13 13:58:13.400,MO2508-C-7500,1.8,1.8,2.0
2025-08-13,2025-08-13 13:58:13.900,MO2508-C-7500,1.8,1.8,2.0
2025-08-13,2025-08-13 13:58:14.400,MO2508-C-7500,1.8,1.8,2.0
2025-08-13,2025-08-13 13:58:14.900,MO2508-C-7500,1.8,1.8,2.0
2025-08-13,2025-08-13 13:58:15.400,MO2508-C-7500,1.8,1.8,2.0
2025-08-13,2025-08-13 13:58:17.400,MO2508-C-7500,1.8,1.8,2.0
2025-08-13,2025-08-13 13:58:17.900,MO2508-C-7500,1.8,1.8,2.0
2025-08-13,2025-08-13 13:58:18.900,MO2508-C-7500,1.8,1.8,2.0
2025-08-13,2025-08-13 13:58:19.400,MO2508-C-7500,1.8,1.8,2.0
2025-08-13,2025-08-13 13:58:22.900,MO2508-C-7500,1.8,1.8,2.0
2025-08-13,2025-08-13 13:58:23.400,MO2508-C-7500,1.8,1.8,2.0
2025-08-13,2025-08-13 13:58:26.400,MO2508-C-7500,1.8,1.8,2.0
2025-08-13,2025-08-13 13:58:26.900,MO2508-C-7500,1.8,1.8,2.0
2025-08-13,2025-08-13 13:58:27.400,MO2508-C-7500,1.8,1.8,2.0
2025-08-13,2025-08-13 13:58:27.900,MO2508-C-7500,1.8,1.8,2.0
2025-08-13,2025-08-13 13:58:28.400,MO2508-C-7500,1.8,1.8,2.0
2025-08-13,2025-08-13 13:58:28.900,MO2508-C-7500,1.8,1.8,2.0
2025-08-13,2025-08-13 13:58:29.400,MO2508-C-7500,1.8,1.8,2.0
2025-08-13,2025-08-13 13:58:29.900,MO2508-C-7500,1.8,1.8,2.0
2025-08-13,2025-08-13 13:58:30.400,MO2508-C-7500,1.8,1.8,2.0
2025-08-13,2025-08-13 13:58:31.400,MO2508-C-7500,1.8,1.8,2.0
2025-08-13,2025-08-13 13:58:31.900,MO2508-C-7500,1.8,1.8,2.0
2025-08-13,2025-08-13 13:58:32.400,MO2508-C-7500,1.8,1.8,2.0
2025-08-13,2025-08-13 13:58:38.900,MO2508-C-7500,1.8,1.8,2.0
2025-08-13,2025-08-13 13:58:39.400,MO2508-C-7500,1.8,1.8,2.0
2025-08-13,2025-08-13 13:58:46.400,MO2508-C-7500,1.8,1.8,2.0
2025-08-13,2025-08-13 13:58:48.400,MO2508-C-7500,1.8,1.8,2.0
2025-08-13,2025-08-13 13:58:48.900,MO2508-C-7500,1.8,1.8,2.0
2025-08-13,2025-08-13 13:58:49.400,MO2508-C-7500,1.8,1.8,2.0
2025-08-13,2025-08-13 13:58:58.900,MO2508-C-7500,1.8,1.8,2.0
2025-08-13,2025-08-13 13:58:59.400,MO2508-C-7500,1.8,1.8,2.0
2025-08-13,2025-08-13 13:59:05.900,MO2508-C-7500,1.8,1.8,2.0
2025-08-13,2025-08-13 13:59:06.400,MO2508-C-7500,1.8,1.8,2.0
2025-08-13,2025-08-13 13:59:08.900,MO2508-C-7500,1.8,1.8,2.0
2025-08-13,2025-08-13 13:59:09.400,MO2508-C-7500,1.8,1.8,2.0
2025-08-13,2025-08-13 13:59:18.900,MO2508-C-7500,1.8,1.8,2.0
2025-08-13,2025-08-13 13:59:19.400,MO2508-C-7500,1.8,1.8,2.0
2025-08-13,2025-08-13 13:59:22.400,MO2508-C-7500,1.8,1.8,2.0
2025-08-13,2025-08-13 13:59:23.400,MO2508-C-7500,1.8,1.8,2.0
2025-08-13,2025-08-13 13:59:28.900,MO2508-C-7500,1.8,1.8,2.0
2025-08-13,2025-08-13 13:59:29.400,MO2508-C-7500,1.8,1.8,2.0
2025-08-13,2025-08-13 13:59:32.400,MO2508-C-7500,1.8,1.8,2.0
2025-08-13,2025-08-13 13:59:36.900,MO2508-C-7500,1.8,1.8,2.0
2025-08-13,2025-08-13 13:59:38.900,MO2508-C-7500,1.8,1.8,2.0
2025-08-13,2025-08-13 13:59:39.400,MO2508-C-7500,1.8,1.8,2.0
2025-08-13,2025-08-13 13:59:39.900,MO2508-C-7500,1.8,1.8,2.0
2025-08-13,2025-08-13 13:59:40.400,MO2508-C-7500,1.8,1.8,2.0
2025-08-13,2025-08-13 13:59:40.900,MO2508-C-7500,1.8,1.8,2.0
2025-08-13,2025-08-13 13:59:41.400,MO2508-C-7500,1.8,1.8,2.0
2025-08-13,2025-08-13 13:59:46.400,MO2508-C-7500,1.8,1.8,2.0
2025-08-13,2025-08-13 13:59:48.900,MO2508-C-7500,1.8,1.8,2.0
2025-08-13,2025-08-13 13:59:49.400,MO2508-C-7500,1.8,1.8,2.0
2025-08-13,2025-08-13 13:59:50.900,MO2508-C-7500,1.8,1.8,2.0
2025-08-13,2025-08-13 13:59:51.900,MO2508-C-7500,1.8,1.8,2.0
2025-08-13,2025-08-13 13:59:52.400,MO2508-C-7500,1.8,1.8,2.0
2025-08-13,2025-08-13 13:59:55.900,MO2508-C-7500,1.8,1.8,2.0
2025-08-13,2025-08-13 13:59:56.400,MO2508-C-7500,1.8,1.8,2.0
2025-08-13,2025-08-13 13:59:57.900,MO2508-C-7500,1.8,1.8,2.0
2025-08-13,2025-08-13 13:59:58.400,MO2508-C-7500,1.8,1.8,2.0
2025-08-13,2025-08-13 13:59:58.900,MO2508-C-7500,1.8,1.8,2.0
2025-08-13,2025-08-13 13:59:59.400,MO2508-C-7500,1.8,1.8,2.0
2025-08-13,2025-08-13 14:00:00.900,MO2508-C-7500,1.8,1.8,2.0
2025-08-13,2025-08-13 14:00:02.900,MO2508-C-7500,1.8,1.8,2.0
2025-08-13,2025-08-13 14:00:03.900,MO2508-C-7500,1.8,1.8,2.0
2025-08-13,2025-08-13 14:00:04.400,MO2508-C-7500,1.8,1.8,2.0
2025-08-13,2025-08-13 14:00:04.900,MO2508-C-7500,1.8,1.8,2.0
2025-08-13,2025-08-13 14:00:05.400,MO2508-C-7500,1.8,1.8,2.0
2025-08-13,2025-08-13 14:00:07.400,MO2508-C-7500,1.8,1.8,2.0
2025-08-13,2025-08-13 14:00:07.900,MO2508-C-7500,1.8,1.8,2.0
2025-08-13,2025-08-13 14:00:08.400,MO2508-C-7500,1.8,1.8,2.0
2025-08-13,2025-08-13 14:00:08.900,MO2508-C-7500,1.8,1.8,2.0
2025-08-13,2025-08-13 14:00:09.400,MO2508-C-7500,1.8,1.8,2.0
2025-08-13,2025-08-13 14:00:09.900,MO2508-C-7500,1.8,1.8,2.0
2025-08-13,2025-08-13 14:00:10.900,MO2508-C-7500,1.8,1.8,2.0
2025-08-13,2025-08-13 14:00:11.400,MO2508-C-7500,1.8,1.8,2.0
2025-08-13,2025-08-13 14:00:15.400,MO2508-C-7500,1.8,1.8,2.0
2025-08-13,2025-08-13 14:00:17.900,MO2508-C-7500,1.8,1.8,2.0
2025-08-13,2025-08-13 14:00:18.900,MO2508-C-7500,1.8,1.8,2.0
2025-08-13,2025-08-13 14:00:19.400,MO2508-C-7500,1.8,1.8,2.0
2025-08-13,2025-08-13 14:00:20.400,MO2508-C-7500,1.8,1.8,2.0
2025-08-13,2025-08-13 14:00:21.400,MO2508-C-7500,1.8,1.8,2.0
2025-08-13,2025-08-13 14:00:28.900,MO2508-C-7500,1.8,1.8,2.0
2025-08-13,2025-08-13 14:00:29.400,MO2508-C-7500,1.8,1.8,2.0
2025-08-13,2025-08-13 14:00:34.400,MO2508-C-7500,1.8,1.8,2.0
2025-08-13,2025-08-13 14:00:35.900,MO2508-C-7500,1.8,1.8,2.0
2025-08-13,2025-08-13 14:00:36.400,MO2508-C-7500,1.8,1.8,2.0
2025-08-13,2025-08-13 14:00:36.900,MO2508-C-7500,1.8,1.8,2.0
2025-08-13,2025-08-13 14:00:37.400,MO2508-C-7500,1.8,1.8,2.0
2025-08-13,2025-08-13 14:00:38.400,MO2508-C-7500,1.8,1.8,2.0
2025-08-13,2025-08-13 14:00:38.900,MO2508-C-7500,1.8,1.8,2.0
2025-08-13,2025-08-13 14:00:39.400,MO2508-C-7500,1.8,1.8,2.0
2025-08-13,2025-08-13 14:00:39.900,MO2508-C-7500,1.8,1.8,2.0
2025-08-13,2025-08-13 14:00:40.400,MO2508-C-7500,1.8,1.8,2.0
2025-08-13,2025-08-13 14:00:40.900,MO2508-C-7500,1.8,1.8,2.0
2025-08-13,2025-08-13 14:00:41.400,MO2508-C-7500,1.8,1.8,2.0
2025-08-13,2025-08-13 14:00:41.900,MO2508-C-7500,1.8,1.8,2.0
2025-08-13,2025-08-13 14:00:43.400,MO2508-C-7500,1.8,1.8,2.0
2025-08-13,2025-08-13 14:00:45.400,MO2508-C-7500,1.8,1.8,2.0
2025-08-13,2025-08-13 14:00:45.900,MO2508-C-7500,2.0,1.8,2.0
2025-08-13,2025-08-13 14:00:46.900,MO2508-C-7500,2.0,1.8,2.0
2025-08-13,2025-08-13 14:00:48.900,MO2508-C-7500,2.0,1.8,2.0
2025-08-13,2025-08-13 14:00:49.400,MO2508-C-7500,2.0,1.8,2.0
2025-08-13,2025-08-13 14:00:50.400,MO2508-C-7500,2.0,1.8,2.0
2025-08-13,2025-08-13 14:00:52.400,MO2508-C-7500,2.0,1.8,2.0
2025-08-13,2025-08-13 14:00:52.900,MO2508-C-7500,2.0,1.8,2.0
2025-08-13,2025-08-13 14:00:54.400,MO2508-C-7500,1.8,1.8,2.0
2025-08-13,2025-08-13 14:00:54.900,MO2508-C-7500,1.8,1.8,2.0
2025-08-13,2025-08-13 14:00:55.400,MO2508-C-7500,1.8,1.8,2.0
2025-08-13,2025-08-13 14:00:56.900,MO2508-C-7500,1.8,1.8,2.0
2025-08-13,2025-08-13 14:00:58.900,MO2508-C-7500,1.8,1.8,2.0
2025-08-13,2025-08-13 14:00:59.400,MO2508-C-7500,1.8,1.8,2.0
2025-08-13,2025-08-13 14:00:59.900,MO2508-C-7500,1.8,1.8,2.0
2025-08-13,2025-08-13 14:01:00.400,MO2508-C-7500,1.8,1.8,2.0
2025-08-13,2025-08-13 14:01:00.900,MO2508-C-7500,1.8,1.8,2.0
2025-08-13,2025-08-13 14:01:01.400,MO2508-C-7500,1.8,1.8,2.0
2025-08-13,2025-08-13 14:01:02.400,MO2508-C-7500,1.8,1.8,2.0
2025-08-13,2025-08-13 14:01:03.400,MO2508-C-7500,1.8,1.8,2.0
2025-08-13,2025-08-13 14:01:03.900,MO2508-C-7500,1.8,1.8,2.0
2025-08-13,2025-08-13 14:01:04.900,MO2508-C-7500,1.8,1.8,2.0
2025-08-13,2025-08-13 14:01:05.400,MO2508-C-7500,1.8,1.8,2.0
2025-08-13,2025-08-13 14:01:05.900,MO2508-C-7500,1.8,1.8,2.0
2025-08-13,2025-08-13 14:01:06.400,MO2508-C-7500,1.8,1.8,2.0
2025-08-13,2025-08-13 14:01:08.900,MO2508-C-7500,1.8,1.8,2.0
2025-08-13,2025-08-13 14:01:09.400,MO2508-C-7500,1.8,1.8,2.0
2025-08-13,2025-08-13 14:01:09.900,MO2508-C-7500,1.8,1.8,2.0
2025-08-13,2025-08-13 14:01:10.400,MO2508-C-7500,1.8,1.8,2.0
2025-08-13,2025-08-13 14:01:13.400,MO2508-C-7500,1.8,1.8,2.0
2025-08-13,2025-08-13 14:01:14.400,MO2508-C-7500,1.8,1.8,2.0
2025-08-13,2025-08-13 14:01:15.400,MO2508-C-7500,1.8,1.8,2.0
2025-08-13,2025-08-13 14:01:17.400,MO2508-C-7500,1.8,1.8,2.0
2025-08-13,2025-08-13 14:01:17.900,MO2508-C-7500,1.8,1.8,2.0
2025-08-13,2025-08-13 14:01:18.400,MO2508-C-7500,1.8,1.8,2.0
2025-08-13,2025-08-13 14:01:18.900,MO2508-C-7500,1.8,1.8,2.0
2025-08-13,2025-08-13 14:01:19.400,MO2508-C-7500,1.8,1.8,2.0
2025-08-13,2025-08-13 14:01:19.900,MO2508-C-7500,1.8,1.8,2.0
2025-08-13,2025-08-13 14:01:20.400,MO2508-C-7500,1.8,1.8,2.0
2025-08-13,2025-08-13 14:01:20.900,MO2508-C-7500,1.8,1.8,2.0
2025-08-13,2025-08-13 14:01:21.400,MO2508-C-7500,1.8,1.8,2.0
2025-08-13,2025-08-13 14:01:24.400,MO2508-C-7500,1.8,1.8,2.0
2025-08-13,2025-08-13 14:01:28.900,MO2508-C-7500,1.8,1.8,2.0
2025-08-13,2025-08-13 14:01:29.400,MO2508-C-7500,1.8,1.8,2.0
2025-08-13,2025-08-13 14:01:29.900,MO2508-C-7500,1.8,1.8,2.0
2025-08-13,2025-08-13 14:01:34.400,MO2508-C-7500,1.8,1.8,2.0
2025-08-13,2025-08-13 14:01:36.400,MO2508-C-7500,1.8,1.8,2.0
2025-08-13,2025-08-13 14:01:38.900,MO2508-C-7500,1.8,1.8,2.0
2025-08-13,2025-08-13 14:01:39.400,MO2508-C-7500,1.8,1.8,2.0
2025-08-13,2025-08-13 14:01:48.900,MO2508-C-7500,1.8,1.8,2.0
2025-08-13,2025-08-13 14:01:49.400,MO2508-C-7500,1.8,1.8,2.0
2025-08-13,2025-08-13 14:01:49.900,MO2508-C-7500,1.8,1.8,2.0
2025-08-13,2025-08-13 14:01:52.900,MO2508-C-7500,1.8,1.8,2.0
2025-08-13,2025-08-13 14:01:54.900,MO2508-C-7500,1.8,1.8,2.0
2025-08-13,2025-08-13 14:01:55.400,MO2508-C-7500,1.8,1.8,2.0
2025-08-13,2025-08-13 14:01:56.900,MO2508-C-7500,1.8,1.8,2.0
2025-08-13,2025-08-13 14:01:58.400,MO2508-C-7500,1.8,1.8,2.0
2025-08-13,2025-08-13 14:01:58.900,MO2508-C-7500,1.8,1.8,2.0
2025-08-13,2025-08-13 14:01:59.400,MO2508-C-7500,1.8,1.8,2.0
2025-08-13,2025-08-13 14:01:59.900,MO2508-C-7500,1.8,1.8,2.0
2025-08-13,2025-08-13 14:02:00.400,MO2508-C-7500,1.8,1.8,2.0
2025-08-13,2025-08-13 14:02:00.900,MO2508-C-7500,1.8,1.8,2.0
2025-08-13,2025-08-13 14:02:01.400,MO2508-C-7500,1.8,1.6,2.0
2025-08-13,2025-08-13 14:02:01.900,MO2508-C-7500,1.8,1.6,2.0
2025-08-13,2025-08-13 14:02:02.400,MO2508-C-7500,1.8,1.6,2.0
2025-08-13,2025-08-13 14:02:02.900,MO2508-C-7500,1.8,1.6,2.0
2025-08-13,2025-08-13 14:02:03.400,MO2508-C-7500,1.8,1.6,2.0
2025-08-13,2025-08-13 14:02:03.900,MO2508-C-7500,1.8,1.6,2.0
2025-08-13,2025-08-13 14:02:04.400,MO2508-C-7500,1.8,1.6,2.0
2025-08-13,2025-08-13 14:02:04.900,MO2508-C-7500,1.8,1.6,2.0
2025-08-13,2025-08-13 14:02:05.900,MO2508-C-7500,1.8,1.6,2.0
2025-08-13,2025-08-13 14:02:06.400,MO2508-C-7500,1.8,1.6,2.0
2025-08-13,2025-08-13 14:02:06.900,MO2508-C-7500,1.8,1.6,2.0
2025-08-13,2025-08-13 14:02:07.400,MO2508-C-7500,1.8,1.6,2.0
2025-08-13,2025-08-13 14:02:08.900,MO2508-C-7500,1.8,1.6,1.8
2025-08-13,2025-08-13 14:02:09.400,MO2508-C-7500,1.8,1.6,1.8
2025-08-13,2025-08-13 14:02:09.900,MO2508-C-7500,1.8,1.6,1.8
2025-08-13,2025-08-13 14:02:12.400,MO2508-C-7500,1.8,1.6,1.8
2025-08-13,2025-08-13 14:02:12.900,MO2508-C-7500,1.8,1.6,1.8
2025-08-13,2025-08-13 14:02:16.900,MO2508-C-7500,1.8,1.6,1.8
2025-08-13,2025-08-13 14:02:18.900,MO2508-C-7500,1.8,1.6,1.8
2025-08-13,2025-08-13 14:02:19.400,MO2508-C-7500,1.8,1.6,1.8
2025-08-13,2025-08-13 14:02:20.900,MO2508-C-7500,1.8,1.6,1.8
2025-08-13,2025-08-13 14:02:28.900,MO2508-C-7500,1.8,1.6,1.8
2025-08-13,2025-08-13 14:02:29.400,MO2508-C-7500,1.8,1.6,1.8
2025-08-13,2025-08-13 14:02:37.400,MO2508-C-7500,1.8,1.6,1.8
2025-08-13,2025-08-13 14:02:38.400,MO2508-C-7500,1.8,1.6,1.8
2025-08-13,2025-08-13 14:02:38.900,MO2508-C-7500,1.8,1.6,1.8
2025-08-13,2025-08-13 14:02:39.400,MO2508-C-7500,1.8,1.6,1.8
2025-08-13,2025-08-13 14:02:42.400,MO2508-C-7500,1.8,1.6,1.8
2025-08-13,2025-08-13 14:02:43.400,MO2508-C-7500,1.8,1.6,1.8
2025-08-13,2025-08-13 14:02:48.900,MO2508-C-7500,1.8,1.6,1.8
2025-08-13,2025-08-13 14:02:49.400,MO2508-C-7500,1.8,1.6,1.8
2025-08-13,2025-08-13 14:02:58.900,MO2508-C-7500,1.8,1.6,1.8
2025-08-13,2025-08-13 14:02:59.400,MO2508-C-7500,1.8,1.6,1.8
2025-08-13,2025-08-13 14:03:01.400,MO2508-C-7500,1.8,1.6,1.8
2025-08-13,2025-08-13 14:03:01.900,MO2508-C-7500,1.8,1.6,1.8
2025-08-13,2025-08-13 14:03:05.900,MO2508-C-7500,1.8,1.6,1.8
2025-08-13,2025-08-13 14:03:08.900,MO2508-C-7500,1.8,1.6,1.8
2025-08-13,2025-08-13 14:03:09.400,MO2508-C-7500,1.8,1.6,1.8
2025-08-13,2025-08-13 14:03:18.900,MO2508-C-7500,1.8,1.6,1.8
2025-08-13,2025-08-13 14:03:19.400,MO2508-C-7500,1.8,1.6,1.8
2025-08-13,2025-08-13 14:03:28.900,MO2508-C-7500,1.8,1.6,1.8
2025-08-13,2025-08-13 14:03:29.400,MO2508-C-7500,1.8,1.6,1.8
2025-08-13,2025-08-13 14:03:32.400,MO2508-C-7500,1.8,1.6,1.8
2025-08-13,2025-08-13 14:03:32.900,MO2508-C-7500,1.8,1.6,1.8
2025-08-13,2025-08-13 14:03:36.400,MO2508-C-7500,1.8,1.6,1.8
2025-08-13,2025-08-13 14:03:38.900,MO2508-C-7500,1.8,1.6,1.8
2025-08-13,2025-08-13 14:03:39.400,MO2508-C-7500,1.8,1.6,1.8
2025-08-13,2025-08-13 14:03:45.400,MO2508-C-7500,1.6,1.6,1.8
2025-08-13,2025-08-13 14:03:48.900,MO2508-C-7500,1.6,1.6,1.8
2025-08-13,2025-08-13 14:03:49.400,MO2508-C-7500,1.6,1.6,1.8
2025-08-13,2025-08-13 14:03:49.900,MO2508-C-7500,1.6,1.6,1.8
2025-08-13,2025-08-13 14:03:52.900,MO2508-C-7500,1.6,1.6,1.8
2025-08-13,2025-08-13 14:03:53.400,MO2508-C-7500,1.6,1.6,1.8
2025-08-13,2025-08-13 14:03:53.900,MO2508-C-7500,1.6,1.6,1.8
2025-08-13,2025-08-13 14:03:58.900,MO2508-C-7500,1.6,1.6,1.8
2025-08-13,2025-08-13 14:03:59.400,MO2508-C-7500,1.6,1.6,1.8
2025-08-13,2025-08-13 14:04:00.900,MO2508-C-7500,1.6,1.6,1.8
2025-08-13,2025-08-13 14:04:01.400,MO2508-C-7500,1.6,1.6,1.8
2025-08-13,2025-08-13 14:04:02.900,MO2508-C-7500,1.6,1.6,1.8
2025-08-13,2025-08-13 14:04:03.400,MO2508-C-7500,1.6,1.6,1.8
2025-08-13,2025-08-13 14:04:03.900,MO2508-C-7500,1.6,1.6,1.8
2025-08-13,2025-08-13 14:04:04.400,MO2508-C-7500,1.6,1.6,1.8
2025-08-13,2025-08-13 14:04:04.900,MO2508-C-7500,1.6,1.6,1.8
2025-08-13,2025-08-13 14:04:05.900,MO2508-C-7500,1.6,1.6,1.8
2025-08-13,2025-08-13 14:04:06.400,MO2508-C-7500,1.6,1.6,1.8
2025-08-13,2025-08-13 14:04:06.900,MO2508-C-7500,1.6,1.6,1.8
2025-08-13,2025-08-13 14:04:08.900,MO2508-C-7500,1.6,1.6,1.8
2025-08-13,2025-08-13 14:04:09.400,MO2508-C-7500,1.6,1.6,1.8
2025-08-13,2025-08-13 14:04:10.400,MO2508-C-7500,1.6,1.6,1.8
2025-08-13,2025-08-13 14:04:10.900,MO2508-C-7500,1.6,1.6,1.8
2025-08-13,2025-08-13 14:04:11.400,MO2508-C-7500,1.6,1.6,1.8
2025-08-13,2025-08-13 14:04:12.900,MO2508-C-7500,1.6,1.6,1.8
2025-08-13,2025-08-13 14:04:13.400,MO2508-C-7500,1.6,1.6,1.8
2025-08-13,2025-08-13 14:04:14.400,MO2508-C-7500,1.6,1.6,1.8
2025-08-13,2025-08-13 14:04:14.900,MO2508-C-7500,1.6,1.6,1.8
2025-08-13,2025-08-13 14:04:15.400,MO2508-C-7500,1.6,1.6,1.8
2025-08-13,2025-08-13 14:04:15.900,MO2508-C-7500,1.6,1.6,1.8
2025-08-13,2025-08-13 14:04:16.900,MO2508-C-7500,1.6,1.6,1.8
2025-08-13,2025-08-13 14:04:17.400,MO2508-C-7500,1.6,1.6,1.8
2025-08-13,2025-08-13 14:04:18.900,MO2508-C-7500,1.6,1.6,1.8
2025-08-13,2025-08-13 14:04:19.400,MO2508-C-7500,1.6,1.6,1.8
2025-08-13,2025-08-13 14:04:28.900,MO2508-C-7500,1.6,1.6,1.8
2025-08-13,2025-08-13 14:04:29.400,MO2508-C-7500,1.6,1.6,1.8
2025-08-13,2025-08-13 14:04:31.400,MO2508-C-7500,1.6,1.6,1.8
2025-08-13,2025-08-13 14:04:38.900,MO2508-C-7500,1.6,1.6,1.8
2025-08-13,2025-08-13 14:04:39.400,MO2508-C-7500,1.6,1.6,1.8
2025-08-13,2025-08-13 14:04:41.400,MO2508-C-7500,1.6,1.6,1.8
2025-08-13,2025-08-13 14:04:41.900,MO2508-C-7500,1.6,1.6,1.8
2025-08-13,2025-08-13 14:04:48.900,MO2508-C-7500,1.6,1.6,1.8
2025-08-13,2025-08-13 14:04:49.400,MO2508-C-7500,1.6,1.6,1.8
2025-08-13,2025-08-13 14:04:51.400,MO2508-C-7500,1.6,1.6,1.8
2025-08-13,2025-08-13 14:04:52.400,MO2508-C-7500,1.6,1.6,1.8
2025-08-13,2025-08-13 14:04:58.900,MO2508-C-7500,1.6,1.6,1.8
2025-08-13,2025-08-13 14:04:59.400,MO2508-C-7500,1.6,1.6,1.8
2025-08-13,2025-08-13 14:05:02.400,MO2508-C-7500,1.6,1.6,1.8
2025-08-13,2025-08-13 14:05:07.900,MO2508-C-7500,1.6,1.6,1.8
2025-08-13,2025-08-13 14:05:08.900,MO2508-C-7500,1.6,1.6,1.8
2025-08-13,2025-08-13 14:05:09.400,MO2508-C-7500,1.6,1.6,1.8
2025-08-13,2025-08-13 14:05:17.400,MO2508-C-7500,1.6,1.6,1.8
2025-08-13,2025-08-13 14:05:17.900,MO2508-C-7500,1.6,1.6,1.8
2025-08-13,2025-08-13 14:05:18.900,MO2508-C-7500,1.6,1.6,1.8
2025-08-13,2025-08-13 14:05:19.400,MO2508-C-7500,1.6,1.6,1.8
2025-08-13,2025-08-13 14:05:21.400,MO2508-C-7500,1.6,1.6,1.8
2025-08-13,2025-08-13 14:05:23.400,MO2508-C-7500,1.6,1.6,1.8
2025-08-13,2025-08-13 14:05:27.400,MO2508-C-7500,1.6,1.6,1.8
2025-08-13,2025-08-13 14:05:27.900,MO2508-C-7500,1.6,1.6,1.8
2025-08-13,2025-08-13 14:05:28.900,MO2508-C-7500,1.6,1.6,1.8
2025-08-13,2025-08-13 14:05:29.400,MO2508-C-7500,1.6,1.6,1.8
2025-08-13,2025-08-13 14:05:29.900,MO2508-C-7500,1.6,1.6,1.8
2025-08-13,2025-08-13 14:05:30.400,MO2508-C-7500,1.6,1.6,1.8
2025-08-13,2025-08-13 14:05:30.900,MO2508-C-7500,1.6,1.6,1.8
2025-08-13,2025-08-13 14:05:33.400,MO2508-C-7500,1.6,1.6,1.8
2025-08-13,2025-08-13 14:05:34.400,MO2508-C-7500,1.6,1.6,1.8
2025-08-13,2025-08-13 14:05:34.900,MO2508-C-7500,1.6,1.6,1.8
2025-08-13,2025-08-13 14:05:38.900,MO2508-C-7500,1.6,1.6,1.8
2025-08-13,2025-08-13 14:05:39.400,MO2508-C-7500,1.6,1.6,1.8
2025-08-13,2025-08-13 14:05:48.900,MO2508-C-7500,1.6,1.6,1.8
2025-08-13,2025-08-13 14:05:49.400,MO2508-C-7500,1.6,1.6,1.8
2025-08-13,2025-08-13 14:05:50.400,MO2508-C-7500,1.6,1.6,1.8
2025-08-13,2025-08-13 14:05:51.900,MO2508-C-7500,1.6,1.6,1.8
2025-08-13,2025-08-13 14:05:52.400,MO2508-C-7500,1.6,1.6,1.8
2025-08-13,2025-08-13 14:05:52.900,MO2508-C-7500,1.6,1.6,1.8
2025-08-13,2025-08-13 14:05:58.900,MO2508-C-7500,1.6,1.6,1.8
2025-08-13,2025-08-13 14:05:59.400,MO2508-C-7500,1.6,1.6,1.8
2025-08-13,2025-08-13 14:06:04.400,MO2508-C-7500,1.6,1.6,1.8
2025-08-13,2025-08-13 14:06:04.900,MO2508-C-7500,1.6,1.6,1.8
2025-08-13,2025-08-13 14:06:05.400,MO2508-C-7500,1.6,1.6,1.8
2025-08-13,2025-08-13 14:06:07.400,MO2508-C-7500,1.6,1.6,1.8
2025-08-13,2025-08-13 14:06:08.400,MO2508-C-7500,1.6,1.4,1.6
2025-08-13,2025-08-13 14:06:08.900,MO2508-C-7500,1.6,1.4,1.6
2025-08-13,2025-08-13 14:06:09.400,MO2508-C-7500,1.6,1.4,1.6
2025-08-13,2025-08-13 14:06:09.900,MO2508-C-7500,1.6,1.4,1.6
2025-08-13,2025-08-13 14:06:10.900,MO2508-C-7500,1.6,1.4,1.6
2025-08-13,2025-08-13 14:06:12.400,MO2508-C-7500,1.6,1.4,1.6
2025-08-13,2025-08-13 14:06:12.900,MO2508-C-7500,1.6,1.4,1.6
2025-08-13,2025-08-13 14:06:13.400,MO2508-C-7500,1.6,1.4,1.6
2025-08-13,2025-08-13 14:06:13.900,MO2508-C-7500,1.6,1.4,1.6
2025-08-13,2025-08-13 14:06:16.400,MO2508-C-7500,1.6,1.4,1.6
2025-08-13,2025-08-13 14:06:16.900,MO2508-C-7500,1.6,1.4,1.6
2025-08-13,2025-08-13 14:06:18.400,MO2508-C-7500,1.6,1.4,1.6
2025-08-13,2025-08-13 14:06:18.900,MO2508-C-7500,1.6,1.4,1.6
2025-08-13,2025-08-13 14:06:19.400,MO2508-C-7500,1.6,1.4,1.6
2025-08-13,2025-08-13 14:06:19.900,MO2508-C-7500,1.6,1.4,1.6
2025-08-13,2025-08-13 14:06:20.900,MO2508-C-7500,1.6,1.4,1.6
2025-08-13,2025-08-13 14:06:21.400,MO2508-C-7500,1.6,1.4,1.6
2025-08-13,2025-08-13 14:06:23.400,MO2508-C-7500,1.6,1.4,1.6
2025-08-13,2025-08-13 14:06:28.400,MO2508-C-7500,1.6,1.4,1.6
2025-08-13,2025-08-13 14:06:28.900,MO2508-C-7500,1.6,1.4,1.6
2025-08-13,2025-08-13 14:06:29.400,MO2508-C-7500,1.6,1.4,1.6
2025-08-13,2025-08-13 14:06:29.900,MO2508-C-7500,1.6,1.4,1.6
2025-08-13,2025-08-13 14:06:33.400,MO2508-C-7500,1.6,1.4,1.6
2025-08-13,2025-08-13 14:06:34.400,MO2508-C-7500,1.6,1.4,1.6
2025-08-13,2025-08-13 14:06:38.900,MO2508-C-7500,1.6,1.4,1.6
2025-08-13,2025-08-13 14:06:39.400,MO2508-C-7500,1.6,1.4,1.6
2025-08-13,2025-08-13 14:06:40.900,MO2508-C-7500,1.6,1.4,1.6
2025-08-13,2025-08-13 14:06:46.400,MO2508-C-7500,1.6,1.4,1.6
2025-08-13,2025-08-13 14:06:47.900,MO2508-C-7500,1.6,1.4,1.6
2025-08-13,2025-08-13 14:06:48.400,MO2508-C-7500,1.6,1.4,1.6
2025-08-13,2025-08-13 14:06:48.900,MO2508-C-7500,1.6,1.4,1.6
2025-08-13,2025-08-13 14:06:49.400,MO2508-C-7500,1.6,1.4,1.6
2025-08-13,2025-08-13 14:06:58.900,MO2508-C-7500,1.6,1.4,1.6
2025-08-13,2025-08-13 14:06:59.400,MO2508-C-7500,1.6,1.4,1.6
2025-08-13,2025-08-13 14:07:01.900,MO2508-C-7500,1.6,1.4,1.6
2025-08-13,2025-08-13 14:07:08.900,MO2508-C-7500,1.6,1.4,1.6
2025-08-13,2025-08-13 14:07:09.400,MO2508-C-7500,1.6,1.4,1.6
2025-08-13,2025-08-13 14:07:14.900,MO2508-C-7500,1.6,1.4,1.6
2025-08-13,2025-08-13 14:07:15.400,MO2508-C-7500,1.6,1.4,1.6
2025-08-13,2025-08-13 14:07:17.900,MO2508-C-7500,1.6,1.4,1.6
2025-08-13,2025-08-13 14:07:18.900,MO2508-C-7500,1.6,1.4,1.6
2025-08-13,2025-08-13 14:07:19.400,MO2508-C-7500,1.6,1.4,1.6
2025-08-13,2025-08-13 14:07:20.900,MO2508-C-7500,1.6,1.4,1.6
2025-08-13,2025-08-13 14:07:21.900,MO2508-C-7500,1.6,1.4,1.6
2025-08-13,2025-08-13 14:07:22.900,MO2508-C-7500,1.6,1.4,1.6
2025-08-13,2025-08-13 14:07:23.400,MO2508-C-7500,1.6,1.4,1.6
2025-08-13,2025-08-13 14:07:28.900,MO2508-C-7500,1.6,1.4,1.6
2025-08-13,2025-08-13 14:07:29.400,MO2508-C-7500,1.6,1.4,1.6
2025-08-13,2025-08-13 14:07:35.400,MO2508-C-7500,1.6,1.4,1.6
2025-08-13,2025-08-13 14:07:36.400,MO2508-C-7500,1.6,1.4,1.6
2025-08-13,2025-08-13 14:07:38.900,MO2508-C-7500,1.6,1.4,1.6
2025-08-13,2025-08-13 14:07:39.400,MO2508-C-7500,1.6,1.4,1.6
2025-08-13,2025-08-13 14:07:43.400,MO2508-C-7500,1.6,1.4,1.6
2025-08-13,2025-08-13 14:07:45.900,MO2508-C-7500,1.6,1.4,1.6
2025-08-13,2025-08-13 14:07:47.400,MO2508-C-7500,1.6,1.4,1.6
2025-08-13,2025-08-13 14:07:48.900,MO2508-C-7500,1.6,1.4,1.6
2025-08-13,2025-08-13 14:07:49.400,MO2508-C-7500,1.6,1.4,1.6
2025-08-13,2025-08-13 14:07:52.900,MO2508-C-7500,1.6,1.4,1.6
2025-08-13,2025-08-13 14:07:54.900,MO2508-C-7500,1.6,1.4,1.6
2025-08-13,2025-08-13 14:07:56.400,MO2508-C-7500,1.6,1.4,1.6
2025-08-13,2025-08-13 14:07:58.900,MO2508-C-7500,1.6,1.4,1.6
2025-08-13,2025-08-13 14:07:59.400,MO2508-C-7500,1.6,1.4,1.6
2025-08-13,2025-08-13 14:08:03.400,MO2508-C-7500,1.6,1.4,1.6
2025-08-13,2025-08-13 14:08:04.900,MO2508-C-7500,1.6,1.4,1.6
2025-08-13,2025-08-13 14:08:06.400,MO2508-C-7500,1.6,1.4,1.6
2025-08-13,2025-08-13 14:08:07.900,MO2508-C-7500,1.6,1.4,1.6
2025-08-13,2025-08-13 14:08:08.900,MO2508-C-7500,1.6,1.4,1.6
2025-08-13,2025-08-13 14:08:09.400,MO2508-C-7500,1.6,1.4,1.6
2025-08-13,2025-08-13 14:08:16.400,MO2508-C-7500,1.6,1.4,1.6
2025-08-13,2025-08-13 14:08:16.900,MO2508-C-7500,1.6,1.4,1.6
2025-08-13,2025-08-13 14:08:18.400,MO2508-C-7500,1.6,1.4,1.6
2025-08-13,2025-08-13 14:08:18.900,MO2508-C-7500,1.6,1.4,1.6
2025-08-13,2025-08-13 14:08:19.400,MO2508-C-7500,1.6,1.4,1.6
2025-08-13,2025-08-13 14:08:20.900,MO2508-C-7500,1.6,1.4,1.6
2025-08-13,2025-08-13 14:08:21.400,MO2508-C-7500,1.6,1.4,1.6
2025-08-13,2025-08-13 14:08:21.900,MO2508-C-7500,1.6,1.4,1.6
2025-08-13,2025-08-13 14:08:23.400,MO2508-C-7500,1.6,1.4,1.6
2025-08-13,2025-08-13 14:08:23.900,MO2508-C-7500,1.6,1.4,1.6
2025-08-13,2025-08-13 14:08:26.400,MO2508-C-7500,1.6,1.4,1.6
2025-08-13,2025-08-13 14:08:26.900,MO2508-C-7500,1.6,1.4,1.6
2025-08-13,2025-08-13 14:08:27.900,MO2508-C-7500,1.6,1.4,1.6
2025-08-13,2025-08-13 14:08:28.400,MO2508-C-7500,1.6,1.4,1.6
2025-08-13,2025-08-13 14:08:28.900,MO2508-C-7500,1.6,1.4,1.6
2025-08-13,2025-08-13 14:08:29.400,MO2508-C-7500,1.6,1.4,1.6
2025-08-13,2025-08-13 14:08:29.900,MO2508-C-7500,1.6,1.4,1.6
2025-08-13,2025-08-13 14:08:30.400,MO2508-C-7500,1.6,1.4,1.6
2025-08-13,2025-08-13 14:08:30.900,MO2508-C-7500,1.6,1.4,1.6
2025-08-13,2025-08-13 14:08:35.400,MO2508-C-7500,1.6,1.4,1.6
2025-08-13,2025-08-13 14:08:36.900,MO2508-C-7500,1.6,1.4,1.6
2025-08-13,2025-08-13 14:08:38.400,MO2508-C-7500,1.6,1.4,1.6
2025-08-13,2025-08-13 14:08:38.900,MO2508-C-7500,1.6,1.4,1.6
2025-08-13,2025-08-13 14:08:39.400,MO2508-C-7500,1.6,1.4,1.6
2025-08-13,2025-08-13 14:08:45.900,MO2508-C-7500,1.6,1.4,1.6
2025-08-13,2025-08-13 14:08:46.400,MO2508-C-7500,1.6,1.4,1.6
2025-08-13,2025-08-13 14:08:47.400,MO2508-C-7500,1.6,1.4,1.6
2025-08-13,2025-08-13 14:08:47.900,MO2508-C-7500,1.6,1.4,1.6
2025-08-13,2025-08-13 14:08:48.400,MO2508-C-7500,1.6,1.4,1.6
2025-08-13,2025-08-13 14:08:48.900,MO2508-C-7500,1.6,1.4,1.6
2025-08-13,2025-08-13 14:08:49.400,MO2508-C-7500,1.6,1.4,1.6
2025-08-13,2025-08-13 14:08:49.900,MO2508-C-7500,1.6,1.4,1.6
2025-08-13,2025-08-13 14:08:50.400,MO2508-C-7500,1.6,1.4,1.6
2025-08-13,2025-08-13 14:08:51.900,MO2508-C-7500,1.6,1.4,1.6
2025-08-13,2025-08-13 14:08:52.400,MO2508-C-7500,1.4,1.4,1.6
2025-08-13,2025-08-13 14:08:52.900,MO2508-C-7500,1.4,1.4,1.6
2025-08-13,2025-08-13 14:08:53.400,MO2508-C-7500,1.4,1.4,1.6
2025-08-13,2025-08-13 14:08:57.900,MO2508-C-7500,1.4,1.4,1.6
2025-08-13,2025-08-13 14:08:58.900,MO2508-C-7500,1.4,1.4,1.6
2025-08-13,2025-08-13 14:08:59.400,MO2508-C-7500,1.4,1.4,1.6
2025-08-13,2025-08-13 14:09:03.400,MO2508-C-7500,1.4,1.4,1.6
2025-08-13,2025-08-13 14:09:05.400,MO2508-C-7500,1.6,1.4,1.6
2025-08-13,2025-08-13 14:09:06.400,MO2508-C-7500,1.6,1.4,1.6
2025-08-13,2025-08-13 14:09:06.900,MO2508-C-7500,1.6,1.4,1.6
2025-08-13,2025-08-13 14:09:07.400,MO2508-C-7500,1.6,1.4,1.6
2025-08-13,2025-08-13 14:09:08.900,MO2508-C-7500,1.6,1.4,1.6
2025-08-13,2025-08-13 14:09:09.400,MO2508-C-7500,1.6,1.4,1.6
2025-08-13,2025-08-13 14:09:09.900,MO2508-C-7500,1.6,1.4,1.6
2025-08-13,2025-08-13 14:09:11.400,MO2508-C-7500,1.6,1.4,1.6
2025-08-13,2025-08-13 14:09:12.400,MO2508-C-7500,1.6,1.4,1.8
2025-08-13,2025-08-13 14:09:12.900,MO2508-C-7500,1.6,1.4,1.8
2025-08-13,2025-08-13 14:09:17.400,MO2508-C-7500,1.6,1.4,1.8
2025-08-13,2025-08-13 14:09:17.900,MO2508-C-7500,1.6,1.4,1.8
2025-08-13,2025-08-13 14:09:18.900,MO2508-C-7500,1.6,1.4,1.8
2025-08-13,2025-08-13 14:09:19.400,MO2508-C-7500,1.6,1.4,1.8
2025-08-13,2025-08-13 14:09:20.400,MO2508-C-7500,1.6,1.4,1.8
2025-08-13,2025-08-13 14:09:22.400,MO2508-C-7500,1.6,1.4,1.8
2025-08-13,2025-08-13 14:09:23.400,MO2508-C-7500,1.6,1.4,1.8
2025-08-13,2025-08-13 14:09:23.900,MO2508-C-7500,1.6,1.4,1.6
2025-08-13,2025-08-13 14:09:24.400,MO2508-C-7500,1.6,1.4,1.6
2025-08-13,2025-08-13 14:09:25.400,MO2508-C-7500,1.6,1.4,1.6
2025-08-13,2025-08-13 14:09:25.900,MO2508-C-7500,1.6,1.4,1.6
2025-08-13,2025-08-13 14:09:27.400,MO2508-C-7500,1.6,1.4,1.6
2025-08-13,2025-08-13 14:09:28.400,MO2508-C-7500,1.6,1.4,1.8
2025-08-13,2025-08-13 14:09:28.900,MO2508-C-7500,1.6,1.4,1.8
2025-08-13,2025-08-13 14:09:29.400,MO2508-C-7500,1.6,1.4,1.8
2025-08-13,2025-08-13 14:09:33.400,MO2508-C-7500,1.6,1.4,1.8
2025-08-13,2025-08-13 14:09:38.400,MO2508-C-7500,1.6,1.4,1.8
2025-08-13,2025-08-13 14:09:38.900,MO2508-C-7500,1.6,1.4,1.8
2025-08-13,2025-08-13 14:09:39.400,MO2508-C-7500,1.6,1.4,1.8
2025-08-13,2025-08-13 14:09:39.900,MO2508-C-7500,1.6,1.4,1.8
2025-08-13,2025-08-13 14:09:42.400,MO2508-C-7500,1.6,1.4,1.8
2025-08-13,2025-08-13 14:09:43.900,MO2508-C-7500,1.6,1.4,1.8
2025-08-13,2025-08-13 14:09:44.400,MO2508-C-7500,1.6,1.4,1.8
2025-08-13,2025-08-13 14:09:45.900,MO2508-C-7500,1.6,1.4,1.8
2025-08-13,2025-08-13 14:09:46.900,MO2508-C-7500,1.6,1.4,1.8
2025-08-13,2025-08-13 14:09:47.900,MO2508-C-7500,1.6,1.6,1.8
2025-08-13,2025-08-13 14:09:48.400,MO2508-C-7500,1.6,1.6,1.8
2025-08-13,2025-08-13 14:09:48.900,MO2508-C-7500,1.6,1.6,1.8
2025-08-13,2025-08-13 14:09:49.400,MO2508-C-7500,1.6,1.6,1.8
2025-08-13,2025-08-13 14:09:50.400,MO2508-C-7500,1.6,1.6,1.8
2025-08-13,2025-08-13 14:09:50.900,MO2508-C-7500,1.6,1.6,1.8
2025-08-13,2025-08-13 14:09:51.400,MO2508-C-7500,1.6,1.6,1.8
2025-08-13,2025-08-13 14:09:51.900,MO2508-C-7500,1.6,1.6,1.8
2025-08-13,2025-08-13 14:09:52.900,MO2508-C-7500,1.6,1.6,1.8
2025-08-13,2025-08-13 14:09:58.900,MO2508-C-7500,1.6,1.6,1.8
2025-08-13,2025-08-13 14:09:59.400,MO2508-C-7500,1.6,1.6,1.8
2025-08-13,2025-08-13 14:09:59.900,MO2508-C-7500,1.6,1.6,1.8
2025-08-13,2025-08-13 14:10:07.400,MO2508-C-7500,1.6,1.6,1.8
2025-08-13,2025-08-13 14:10:07.900,MO2508-C-7500,1.6,1.6,1.8
2025-08-13,2025-08-13 14:10:08.400,MO2508-C-7500,1.6,1.6,1.8
2025-08-13,2025-08-13 14:10:08.900,MO2508-C-7500,1.6,1.6,1.8
2025-08-13,2025-08-13 14:10:09.400,MO2508-C-7500,1.6,1.6,1.8
2025-08-13,2025-08-13 14:10:13.400,MO2508-C-7500,1.6,1.6,1.8
2025-08-13,2025-08-13 14:10:13.900,MO2508-C-7500,1.6,1.6,1.8
2025-08-13,2025-08-13 14:10:14.400,MO2508-C-7500,1.6,1.6,1.8
2025-08-13,2025-08-13 14:10:14.900,MO2508-C-7500,1.6,1.6,1.8
2025-08-13,2025-08-13 14:10:18.900,MO2508-C-7500,1.6,1.6,1.8
2025-08-13,2025-08-13 14:10:19.400,MO2508-C-7500,1.6,1.6,1.8
2025-08-13,2025-08-13 14:10:19.900,MO2508-C-7500,1.6,1.6,1.8
2025-08-13,2025-08-13 14:10:28.900,MO2508-C-7500,1.6,1.6,1.8
2025-08-13,2025-08-13 14:10:29.400,MO2508-C-7500,1.6,1.6,1.8
2025-08-13,2025-08-13 14:10:29.900,MO2508-C-7500,1.6,1.6,1.8
2025-08-13,2025-08-13 14:10:30.400,MO2508-C-7500,1.6,1.6,1.8
2025-08-13,2025-08-13 14:10:31.900,MO2508-C-7500,1.6,1.6,1.8
2025-08-13,2025-08-13 14:10:38.900,MO2508-C-7500,1.6,1.6,1.8
2025-08-13,2025-08-13 14:10:39.400,MO2508-C-7500,1.6,1.6,1.8
2025-08-13,2025-08-13 14:10:45.900,MO2508-C-7500,1.6,1.6,1.8
2025-08-13,2025-08-13 14:10:46.400,MO2508-C-7500,1.6,1.6,1.8
2025-08-13,2025-08-13 14:10:48.900,MO2508-C-7500,1.6,1.6,1.8
2025-08-13,2025-08-13 14:10:49.400,MO2508-C-7500,1.6,1.6,1.8
2025-08-13,2025-08-13 14:10:58.900,MO2508-C-7500,1.6,1.6,1.8
2025-08-13,2025-08-13 14:10:59.400,MO2508-C-7500,1.6,1.6,1.8
2025-08-13,2025-08-13 14:10:59.900,MO2508-C-7500,1.6,1.6,1.8
2025-08-13,2025-08-13 14:11:01.400,MO2508-C-7500,1.6,1.6,1.8
2025-08-13,2025-08-13 14:11:02.900,MO2508-C-7500,1.6,1.6,1.8
2025-08-13,2025-08-13 14:11:03.400,MO2508-C-7500,1.6,1.6,1.8
2025-08-13,2025-08-13 14:11:08.900,MO2508-C-7500,1.6,1.6,1.8
2025-08-13,2025-08-13 14:11:09.400,MO2508-C-7500,1.6,1.6,1.8
2025-08-13,2025-08-13 14:11:09.900,MO2508-C-7500,1.6,1.6,1.8
2025-08-13,2025-08-13 14:11:13.400,MO2508-C-7500,1.6,1.6,1.8
2025-08-13,2025-08-13 14:11:18.900,MO2508-C-7500,1.6,1.6,1.8
2025-08-13,2025-08-13 14:11:19.400,MO2508-C-7500,1.6,1.6,1.8
2025-08-13,2025-08-13 14:11:19.900,MO2508-C-7500,1.6,1.6,1.8
2025-08-13,2025-08-13 14:11:20.900,MO2508-C-7500,1.6,1.6,1.8
2025-08-13,2025-08-13 14:11:26.900,MO2508-C-7500,1.6,1.6,1.8
2025-08-13,2025-08-13 14:11:27.400,MO2508-C-7500,1.6,1.6,1.8
2025-08-13,2025-08-13 14:11:28.900,MO2508-C-7500,1.6,1.6,1.8
2025-08-13,2025-08-13 14:11:29.400,MO2508-C-7500,1.6,1.6,1.8
2025-08-13,2025-08-13 14:11:30.400,MO2508-C-7500,1.6,1.6,1.8
2025-08-13,2025-08-13 14:11:33.900,MO2508-C-7500,1.6,1.6,1.8
2025-08-13,2025-08-13 14:11:38.900,MO2508-C-7500,1.6,1.6,1.8
2025-08-13,2025-08-13 14:11:39.400,MO2508-C-7500,1.6,1.6,1.8
2025-08-13,2025-08-13 14:11:48.900,MO2508-C-7500,1.6,1.6,1.8
2025-08-13,2025-08-13 14:11:49.400,MO2508-C-7500,1.6,1.6,1.8
2025-08-13,2025-08-13 14:11:54.400,MO2508-C-7500,1.8,1.6,1.8
2025-08-13,2025-08-13 14:11:54.900,MO2508-C-7500,1.8,1.6,1.8
2025-08-13,2025-08-13 14:11:55.400,MO2508-C-7500,1.8,1.6,1.8
2025-08-13,2025-08-13 14:11:58.900,MO2508-C-7500,1.8,1.6,1.8
2025-08-13,2025-08-13 14:11:59.400,MO2508-C-7500,1.8,1.6,1.8
2025-08-13,2025-08-13 14:11:59.900,MO2508-C-7500,1.8,1.6,1.8
2025-08-13,2025-08-13 14:12:00.400,MO2508-C-7500,1.8,1.6,1.8
2025-08-13,2025-08-13 14:12:08.900,MO2508-C-7500,1.8,1.6,1.8
2025-08-13,2025-08-13 14:12:09.400,MO2508-C-7500,1.8,1.6,1.8
2025-08-13,2025-08-13 14:12:16.900,MO2508-C-7500,1.8,1.6,1.8
2025-08-13,2025-08-13 14:12:18.900,MO2508-C-7500,1.8,1.6,1.8
2025-08-13,2025-08-13 14:12:19.400,MO2508-C-7500,1.8,1.6,1.8
2025-08-13,2025-08-13 14:12:22.400,MO2508-C-7500,1.8,1.6,1.8
2025-08-13,2025-08-13 14:12:23.400,MO2508-C-7500,1.8,1.6,1.8
2025-08-13,2025-08-13 14:12:23.900,MO2508-C-7500,1.8,1.6,1.8
2025-08-13,2025-08-13 14:12:24.900,MO2508-C-7500,1.8,1.6,1.8
2025-08-13,2025-08-13 14:12:25.400,MO2508-C-7500,1.8,1.6,1.8
2025-08-13,2025-08-13 14:12:27.900,MO2508-C-7500,1.8,1.4,1.8
2025-08-13,2025-08-13 14:12:28.400,MO2508-C-7500,1.8,1.4,1.8
2025-08-13,2025-08-13 14:12:28.900,MO2508-C-7500,1.8,1.4,1.8
2025-08-13,2025-08-13 14:12:29.400,MO2508-C-7500,1.8,1.4,1.8
2025-08-13,2025-08-13 14:12:29.900,MO2508-C-7500,1.8,1.4,1.6
2025-08-13,2025-08-13 14:12:30.400,MO2508-C-7500,1.8,1.4,1.6
2025-08-13,2025-08-13 14:12:30.900,MO2508-C-7500,1.8,1.4,1.6
2025-08-13,2025-08-13 14:12:31.400,MO2508-C-7500,1.8,1.4,1.6
2025-08-13,2025-08-13 14:12:38.900,MO2508-C-7500,1.8,1.4,1.6
2025-08-13,2025-08-13 14:12:39.400,MO2508-C-7500,1.8,1.4,1.6
2025-08-13,2025-08-13 14:12:41.900,MO2508-C-7500,1.8,1.4,1.6
2025-08-13,2025-08-13 14:12:42.400,MO2508-C-7500,1.8,1.4,1.6
2025-08-13,2025-08-13 14:12:43.400,MO2508-C-7500,1.8,1.4,1.6
2025-08-13,2025-08-13 14:12:48.900,MO2508-C-7500,1.8,1.4,1.6
2025-08-13,2025-08-13 14:12:49.400,MO2508-C-7500,1.8,1.4,1.6
2025-08-13,2025-08-13 14:12:53.400,MO2508-C-7500,1.8,1.4,1.6
2025-08-13,2025-08-13 14:12:55.400,MO2508-C-7500,1.8,1.4,1.6
2025-08-13,2025-08-13 14:12:55.900,MO2508-C-7500,1.8,1.4,1.6
2025-08-13,2025-08-13 14:12:57.400,MO2508-C-7500,1.8,1.4,1.6
2025-08-13,2025-08-13 14:12:57.900,MO2508-C-7500,1.8,1.4,1.6
2025-08-13,2025-08-13 14:12:58.900,MO2508-C-7500,1.8,1.4,1.6
2025-08-13,2025-08-13 14:12:59.400,MO2508-C-7500,1.8,1.4,1.6
2025-08-13,2025-08-13 14:13:02.400,MO2508-C-7500,1.8,1.4,1.6
2025-08-13,2025-08-13 14:13:02.900,MO2508-C-7500,1.8,1.4,1.6
2025-08-13,2025-08-13 14:13:03.400,MO2508-C-7500,1.8,1.4,1.6
2025-08-13,2025-08-13 14:13:04.400,MO2508-C-7500,1.8,1.4,1.6
2025-08-13,2025-08-13 14:13:04.900,MO2508-C-7500,1.8,1.4,1.6
2025-08-13,2025-08-13 14:13:05.900,MO2508-C-7500,1.8,1.4,1.6
2025-08-13,2025-08-13 14:13:08.900,MO2508-C-7500,1.8,1.4,1.6
2025-08-13,2025-08-13 14:13:09.400,MO2508-C-7500,1.8,1.4,1.6
2025-08-13,2025-08-13 14:13:11.900,MO2508-C-7500,1.8,1.4,1.6
2025-08-13,2025-08-13 14:13:13.400,MO2508-C-7500,1.8,1.4,1.6
2025-08-13,2025-08-13 14:13:13.900,MO2508-C-7500,1.8,1.4,1.6
2025-08-13,2025-08-13 14:13:14.400,MO2508-C-7500,1.8,1.4,1.6
2025-08-13,2025-08-13 14:13:14.900,MO2508-C-7500,1.8,1.4,1.6
2025-08-13,2025-08-13 14:13:15.900,MO2508-C-7500,1.8,1.4,1.6
2025-08-13,2025-08-13 14:13:16.400,MO2508-C-7500,1.8,1.4,1.6
2025-08-13,2025-08-13 14:13:16.900,MO2508-C-7500,1.8,1.4,1.6
2025-08-13,2025-08-13 14:13:17.400,MO2508-C-7500,1.8,1.4,1.6
2025-08-13,2025-08-13 14:13:18.900,MO2508-C-7500,1.8,1.4,1.6
2025-08-13,2025-08-13 14:13:19.400,MO2508-C-7500,1.8,1.4,1.6
2025-08-13,2025-08-13 14:13:22.900,MO2508-C-7500,1.8,1.4,1.6
2025-08-13,2025-08-13 14:13:23.900,MO2508-C-7500,1.8,1.4,1.6
2025-08-13,2025-08-13 14:13:25.400,MO2508-C-7500,1.8,1.4,1.6
2025-08-13,2025-08-13 14:13:25.900,MO2508-C-7500,1.8,1.4,1.6
2025-08-13,2025-08-13 14:13:26.400,MO2508-C-7500,1.8,1.4,1.6
2025-08-13,2025-08-13 14:13:26.900,MO2508-C-7500,1.8,1.4,1.6
2025-08-13,2025-08-13 14:13:28.400,MO2508-C-7500,1.4,1.2,1.6
2025-08-13,2025-08-13 14:13:28.900,MO2508-C-7500,1.4,1.2,1.4
2025-08-13,2025-08-13 14:13:29.400,MO2508-C-7500,1.4,1.2,1.4
2025-08-13,2025-08-13 14:13:29.900,MO2508-C-7500,1.4,1.2,1.4
2025-08-13,2025-08-13 14:13:30.400,MO2508-C-7500,1.4,1.2,1.4
2025-08-13,2025-08-13 14:13:32.900,MO2508-C-7500,1.4,1.2,1.4
2025-08-13,2025-08-13 14:13:33.400,MO2508-C-7500,1.4,1.2,1.4
2025-08-13,2025-08-13 14:13:33.900,MO2508-C-7500,1.4,1.2,1.4
2025-08-13,2025-08-13 14:13:34.400,MO2508-C-7500,1.4,1.2,1.4
2025-08-13,2025-08-13 14:13:34.900,MO2508-C-7500,1.4,1.2,1.4
2025-08-13,2025-08-13 14:13:35.900,MO2508-C-7500,1.4,1.2,1.4
2025-08-13,2025-08-13 14:13:38.900,MO2508-C-7500,1.4,1.2,1.4
2025-08-13,2025-08-13 14:13:39.400,MO2508-C-7500,1.4,1.2,1.4
2025-08-13,2025-08-13 14:13:39.900,MO2508-C-7500,1.4,1.2,1.4
2025-08-13,2025-08-13 14:13:40.400,MO2508-C-7500,1.4,1.2,1.4
2025-08-13,2025-08-13 14:13:45.900,MO2508-C-7500,1.4,1.2,1.4
2025-08-13,2025-08-13 14:13:46.400,MO2508-C-7500,1.4,1.2,1.4
2025-08-13,2025-08-13 14:13:47.400,MO2508-C-7500,1.4,1.2,1.4
2025-08-13,2025-08-13 14:13:48.900,MO2508-C-7500,1.4,1.2,1.4
2025-08-13,2025-08-13 14:13:49.400,MO2508-C-7500,1.4,1.2,1.4
2025-08-13,2025-08-13 14:13:49.900,MO2508-C-7500,1.4,1.2,1.4
2025-08-13,2025-08-13 14:13:50.400,MO2508-C-7500,1.4,1.2,1.4
2025-08-13,2025-08-13 14:13:51.400,MO2508-C-7500,1.4,1.2,1.4
2025-08-13,2025-08-13 14:13:52.400,MO2508-C-7500,1.4,1.2,1.4
2025-08-13,2025-08-13 14:13:52.900,MO2508-C-7500,1.4,1.2,1.4
2025-08-13,2025-08-13 14:13:53.400,MO2508-C-7500,1.4,1.2,1.4
2025-08-13,2025-08-13 14:13:53.900,MO2508-C-7500,1.4,1.2,1.4
2025-08-13,2025-08-13 14:13:56.900,MO2508-C-7500,1.4,1.2,1.4
2025-08-13,2025-08-13 14:13:57.400,MO2508-C-7500,1.4,1.2,1.4
2025-08-13,2025-08-13 14:13:58.900,MO2508-C-7500,1.4,1.2,1.4
2025-08-13,2025-08-13 14:13:59.400,MO2508-C-7500,1.4,1.2,1.4
2025-08-13,2025-08-13 14:14:01.400,MO2508-C-7500,1.4,1.2,1.4
2025-08-13,2025-08-13 14:14:01.900,MO2508-C-7500,1.4,1.2,1.4
2025-08-13,2025-08-13 14:14:02.900,MO2508-C-7500,1.4,1.2,1.4
2025-08-13,2025-08-13 14:14:03.900,MO2508-C-7500,1.4,1.2,1.4
2025-08-13,2025-08-13 14:14:04.400,MO2508-C-7500,1.4,1.2,1.4
2025-08-13,2025-08-13 14:14:04.900,MO2508-C-7500,1.4,1.2,1.4
2025-08-13,2025-08-13 14:14:05.400,MO2508-C-7500,1.4,1.2,1.4
2025-08-13,2025-08-13 14:14:05.900,MO2508-C-7500,1.4,1.2,1.4
2025-08-13,2025-08-13 14:14:06.900,MO2508-C-7500,1.4,1.2,1.4
2025-08-13,2025-08-13 14:14:07.400,MO2508-C-7500,1.4,1.2,1.4
2025-08-13,2025-08-13 14:14:08.900,MO2508-C-7500,1.4,1.2,1.4
2025-08-13,2025-08-13 14:14:09.400,MO2508-C-7500,1.4,1.2,1.4
2025-08-13,2025-08-13 14:14:10.900,MO2508-C-7500,1.2,1.2,1.4
2025-08-13,2025-08-13 14:14:13.900,MO2508-C-7500,1.2,1.0,1.4
2025-08-13,2025-08-13 14:14:14.400,MO2508-C-7500,1.2,1.0,1.2
2025-08-13,2025-08-13 14:14:14.900,MO2508-C-7500,1.2,1.0,1.2
2025-08-13,2025-08-13 14:14:15.400,MO2508-C-7500,1.2,1.0,1.2
2025-08-13,2025-08-13 14:14:18.900,MO2508-C-7500,1.2,1.0,1.2
2025-08-13,2025-08-13 14:14:19.400,MO2508-C-7500,1.2,1.0,1.2
2025-08-13,2025-08-13 14:14:22.400,MO2508-C-7500,1.2,1.0,1.2
2025-08-13,2025-08-13 14:14:24.400,MO2508-C-7500,1.2,1.0,1.2
2025-08-13,2025-08-13 14:14:24.900,MO2508-C-7500,1.2,1.0,1.2
2025-08-13,2025-08-13 14:14:25.400,MO2508-C-7500,1.2,1.0,1.2
2025-08-13,2025-08-13 14:14:28.900,MO2508-C-7500,1.2,1.0,1.2
2025-08-13,2025-08-13 14:14:29.400,MO2508-C-7500,1.2,1.0,1.2
2025-08-13,2025-08-13 14:14:36.400,MO2508-C-7500,1.2,1.0,1.2
2025-08-13,2025-08-13 14:14:37.400,MO2508-C-7500,1.2,1.0,1.2
2025-08-13,2025-08-13 14:14:38.900,MO2508-C-7500,1.2,1.0,1.2
2025-08-13,2025-08-13 14:14:39.400,MO2508-C-7500,1.2,1.0,1.2
2025-08-13,2025-08-13 14:14:42.400,MO2508-C-7500,1.2,1.0,1.2
2025-08-13,2025-08-13 14:14:42.900,MO2508-C-7500,1.2,1.0,1.2
2025-08-13,2025-08-13 14:14:45.400,MO2508-C-7500,1.2,1.0,1.2
2025-08-13,2025-08-13 14:14:48.900,MO2508-C-7500,1.2,1.0,1.2
2025-08-13,2025-08-13 14:14:49.400,MO2508-C-7500,1.2,1.0,1.2
2025-08-13,2025-08-13 14:14:49.900,MO2508-C-7500,1.2,1.0,1.2
2025-08-13,2025-08-13 14:14:51.400,MO2508-C-7500,1.2,1.0,1.2
2025-08-13,2025-08-13 14:14:52.900,MO2508-C-7500,1.2,1.0,1.2
2025-08-13,2025-08-13 14:14:58.900,MO2508-C-7500,1.2,1.0,1.2
2025-08-13,2025-08-13 14:14:59.400,MO2508-C-7500,1.2,1.0,1.2
2025-08-13,2025-08-13 14:15:02.400,MO2508-C-7500,1.2,1.0,1.2
2025-08-13,2025-08-13 14:15:08.900,MO2508-C-7500,1.2,1.0,1.2
2025-08-13,2025-08-13 14:15:09.400,MO2508-C-7500,1.2,1.0,1.2
2025-08-13,2025-08-13 14:15:09.900,MO2508-C-7500,1.2,1.0,1.2
2025-08-13,2025-08-13 14:15:10.400,MO2508-C-7500,1.2,1.0,1.2
2025-08-13,2025-08-13 14:15:10.900,MO2508-C-7500,1.2,1.0,1.2
2025-08-13,2025-08-13 14:15:11.400,MO2508-C-7500,1.2,1.0,1.2
2025-08-13,2025-08-13 14:15:11.900,MO2508-C-7500,1.2,1.0,1.2
2025-08-13,2025-08-13 14:15:12.400,MO2508-C-7500,1.2,1.0,1.2
2025-08-13,2025-08-13 14:15:15.900,MO2508-C-7500,1.2,1.0,1.2
2025-08-13,2025-08-13 14:15:16.400,MO2508-C-7500,1.2,1.2,1.4
2025-08-13,2025-08-13 14:15:16.900,MO2508-C-7500,1.2,1.2,1.4
2025-08-13,2025-08-13 14:15:17.400,MO2508-C-7500,1.2,1.2,1.4
2025-08-13,2025-08-13 14:15:18.400,MO2508-C-7500,1.2,1.2,1.4
2025-08-13,2025-08-13 14:15:18.900,MO2508-C-7500,1.2,1.2,1.4
2025-08-13,2025-08-13 14:15:19.400,MO2508-C-7500,1.2,1.2,1.4
2025-08-13,2025-08-13 14:15:20.400,MO2508-C-7500,1.2,1.2,1.4
2025-08-13,2025-08-13 14:15:21.400,MO2508-C-7500,1.2,1.2,1.4
2025-08-13,2025-08-13 14:15:21.900,MO2508-C-7500,1.2,1.2,1.4
2025-08-13,2025-08-13 14:15:24.400,MO2508-C-7500,1.2,1.2,1.4
2025-08-13,2025-08-13 14:15:25.400,MO2508-C-7500,1.2,1.2,1.4
2025-08-13,2025-08-13 14:15:26.400,MO2508-C-7500,1.2,1.2,1.4
2025-08-13,2025-08-13 14:15:27.400,MO2508-C-7500,1.2,1.2,1.4
2025-08-13,2025-08-13 14:15:27.900,MO2508-C-7500,1.2,1.2,1.4
2025-08-13,2025-08-13 14:15:28.400,MO2508-C-7500,1.2,1.2,1.4
2025-08-13,2025-08-13 14:15:28.900,MO2508-C-7500,1.2,1.2,1.4
2025-08-13,2025-08-13 14:15:29.400,MO2508-C-7500,1.2,1.2,1.4
2025-08-13,2025-08-13 14:15:31.400,MO2508-C-7500,1.2,1.2,1.4
2025-08-13,2025-08-13 14:15:32.400,MO2508-C-7500,1.2,1.2,1.4
2025-08-13,2025-08-13 14:15:34.400,MO2508-C-7500,1.2,1.2,1.4
2025-08-13,2025-08-13 14:15:38.900,MO2508-C-7500,1.2,1.2,1.4
2025-08-13,2025-08-13 14:15:39.400,MO2508-C-7500,1.2,1.2,1.4
2025-08-13,2025-08-13 14:15:47.400,MO2508-C-7500,1.2,1.2,1.4
2025-08-13,2025-08-13 14:15:48.900,MO2508-C-7500,1.2,1.2,1.4
2025-08-13,2025-08-13 14:15:49.400,MO2508-C-7500,1.2,1.2,1.4
2025-08-13,2025-08-13 14:15:51.400,MO2508-C-7500,1.2,1.2,1.4
2025-08-13,2025-08-13 14:15:51.900,MO2508-C-7500,1.2,1.2,1.4
2025-08-13,2025-08-13 14:15:52.400,MO2508-C-7500,1.2,1.2,1.4
2025-08-13,2025-08-13 14:15:53.900,MO2508-C-7500,1.2,1.2,1.4
2025-08-13,2025-08-13 14:15:54.400,MO2508-C-7500,1.2,1.2,1.4
2025-08-13,2025-08-13 14:15:54.900,MO2508-C-7500,1.2,1.2,1.4
2025-08-13,2025-08-13 14:15:55.400,MO2508-C-7500,1.2,1.2,1.4
2025-08-13,2025-08-13 14:15:55.900,MO2508-C-7500,1.2,1.2,1.4
2025-08-13,2025-08-13 14:15:56.400,MO2508-C-7500,1.2,1.2,1.4
2025-08-13,2025-08-13 14:15:57.900,MO2508-C-7500,1.2,1.2,1.4
2025-08-13,2025-08-13 14:15:58.400,MO2508-C-7500,1.2,1.2,1.4
2025-08-13,2025-08-13 14:15:58.900,MO2508-C-7500,1.2,1.2,1.4
2025-08-13,2025-08-13 14:15:59.400,MO2508-C-7500,1.2,1.2,1.4
2025-08-13,2025-08-13 14:15:59.900,MO2508-C-7500,1.2,1.2,1.4
2025-08-13,2025-08-13 14:16:00.900,MO2508-C-7500,1.2,1.2,1.4
2025-08-13,2025-08-13 14:16:03.900,MO2508-C-7500,1.2,1.2,1.4
2025-08-13,2025-08-13 14:16:04.400,MO2508-C-7500,1.2,1.2,1.4
2025-08-13,2025-08-13 14:16:06.400,MO2508-C-7500,1.2,1.2,1.4
2025-08-13,2025-08-13 14:16:10.400,MO2508-C-7500,1.2,1.2,1.4
2025-08-13,2025-08-13 14:16:10.900,MO2508-C-7500,1.2,1.2,1.4
2025-08-13,2025-08-13 14:16:13.400,MO2508-C-7500,1.2,1.2,1.4
2025-08-13,2025-08-13 14:16:16.900,MO2508-C-7500,1.2,1.2,1.4
2025-08-13,2025-08-13 14:16:18.900,MO2508-C-7500,1.2,1.2,1.4
2025-08-13,2025-08-13 14:16:19.400,MO2508-C-7500,1.2,1.2,1.4
2025-08-13,2025-08-13 14:16:19.900,MO2508-C-7500,1.2,1.2,1.4
2025-08-13,2025-08-13 14:16:20.400,MO2508-C-7500,1.2,1.2,1.4
2025-08-13,2025-08-13 14:16:23.400,MO2508-C-7500,1.2,1.2,1.4
2025-08-13,2025-08-13 14:16:28.900,MO2508-C-7500,1.2,1.2,1.4
2025-08-13,2025-08-13 14:16:29.400,MO2508-C-7500,1.2,1.2,1.4
2025-08-13,2025-08-13 14:16:38.900,MO2508-C-7500,1.2,1.2,1.4
2025-08-13,2025-08-13 14:16:39.400,MO2508-C-7500,1.2,1.2,1.4
2025-08-13,2025-08-13 14:16:40.400,MO2508-C-7500,1.2,1.2,1.4
2025-08-13,2025-08-13 14:16:47.400,MO2508-C-7500,1.2,1.2,1.4
2025-08-13,2025-08-13 14:16:48.900,MO2508-C-7500,1.2,1.2,1.4
2025-08-13,2025-08-13 14:16:49.400,MO2508-C-7500,1.2,1.2,1.4
2025-08-13,2025-08-13 14:16:51.400,MO2508-C-7500,1.2,1.2,1.4
2025-08-13,2025-08-13 14:16:52.400,MO2508-C-7500,1.2,1.2,1.4
2025-08-13,2025-08-13 14:16:53.900,MO2508-C-7500,1.2,1.2,1.4
2025-08-13,2025-08-13 14:16:56.900,MO2508-C-7500,1.2,1.2,1.4
2025-08-13,2025-08-13 14:16:57.400,MO2508-C-7500,1.2,1.2,1.4
2025-08-13,2025-08-13 14:16:58.400,MO2508-C-7500,1.2,1.2,1.4
2025-08-13,2025-08-13 14:16:58.900,MO2508-C-7500,1.2,1.2,1.4
2025-08-13,2025-08-13 14:16:59.400,MO2508-C-7500,1.2,1.2,1.4
2025-08-13,2025-08-13 14:16:59.900,MO2508-C-7500,1.2,1.2,1.4
2025-08-13,2025-08-13 14:17:00.400,MO2508-C-7500,1.2,1.2,1.4
2025-08-13,2025-08-13 14:17:00.900,MO2508-C-7500,1.2,1.2,1.4
2025-08-13,2025-08-13 14:17:01.400,MO2508-C-7500,1.2,1.2,1.4
2025-08-13,2025-08-13 14:17:05.400,MO2508-C-7500,1.2,1.2,1.4
2025-08-13,2025-08-13 14:17:08.900,MO2508-C-7500,1.2,1.2,1.4
2025-08-13,2025-08-13 14:17:09.400,MO2508-C-7500,1.2,1.2,1.4
2025-08-13,2025-08-13 14:17:11.900,MO2508-C-7500,1.2,1.2,1.4
2025-08-13,2025-08-13 14:17:16.400,MO2508-C-7500,1.2,1.2,1.4
2025-08-13,2025-08-13 14:17:17.400,MO2508-C-7500,1.2,1.2,1.4
2025-08-13,2025-08-13 14:17:18.400,MO2508-C-7500,1.2,1.2,1.4
2025-08-13,2025-08-13 14:17:18.900,MO2508-C-7500,1.2,1.2,1.4
2025-08-13,2025-08-13 14:17:19.400,MO2508-C-7500,1.2,1.2,1.4
2025-08-13,2025-08-13 14:17:28.900,MO2508-C-7500,1.2,1.2,1.4
2025-08-13,2025-08-13 14:17:29.400,MO2508-C-7500,1.2,1.2,1.4
2025-08-13,2025-08-13 14:17:38.900,MO2508-C-7500,1.2,1.2,1.4
2025-08-13,2025-08-13 14:17:39.400,MO2508-C-7500,1.2,1.2,1.4
2025-08-13,2025-08-13 14:17:40.400,MO2508-C-7500,1.2,1.2,1.4
2025-08-13,2025-08-13 14:17:40.900,MO2508-C-7500,1.2,1.2,1.4
2025-08-13,2025-08-13 14:17:42.900,MO2508-C-7500,1.2,1.2,1.4
2025-08-13,2025-08-13 14:17:48.900,MO2508-C-7500,1.2,1.2,1.4
2025-08-13,2025-08-13 14:17:49.400,MO2508-C-7500,1.2,1.2,1.4
2025-08-13,2025-08-13 14:17:58.900,MO2508-C-7500,1.2,1.2,1.4
2025-08-13,2025-08-13 14:17:59.400,MO2508-C-7500,1.2,1.2,1.4
2025-08-13,2025-08-13 14:18:01.900,MO2508-C-7500,1.4,1.4,1.6
2025-08-13,2025-08-13 14:18:02.400,MO2508-C-7500,1.4,1.4,1.6
2025-08-13,2025-08-13 14:18:02.900,MO2508-C-7500,1.4,1.4,1.6
2025-08-13,2025-08-13 14:18:03.900,MO2508-C-7500,1.4,1.4,1.6
2025-08-13,2025-08-13 14:18:06.400,MO2508-C-7500,1.4,1.4,1.6
2025-08-13,2025-08-13 14:18:06.900,MO2508-C-7500,1.4,1.4,1.6
2025-08-13,2025-08-13 14:18:07.400,MO2508-C-7500,1.4,1.4,1.6
2025-08-13,2025-08-13 14:18:08.400,MO2508-C-7500,1.4,1.4,1.6
2025-08-13,2025-08-13 14:18:08.900,MO2508-C-7500,1.4,1.4,1.6
2025-08-13,2025-08-13 14:18:09.400,MO2508-C-7500,1.4,1.4,1.6
2025-08-13,2025-08-13 14:18:10.400,MO2508-C-7500,1.4,1.4,1.6
2025-08-13,2025-08-13 14:18:11.400,MO2508-C-7500,1.4,1.4,1.6
2025-08-13,2025-08-13 14:18:11.900,MO2508-C-7500,1.4,1.4,1.6
2025-08-13,2025-08-13 14:18:12.400,MO2508-C-7500,1.4,1.4,1.6
2025-08-13,2025-08-13 14:18:12.900,MO2508-C-7500,1.4,1.4,1.6
2025-08-13,2025-08-13 14:18:13.400,MO2508-C-7500,1.4,1.4,1.6
2025-08-13,2025-08-13 14:18:13.900,MO2508-C-7500,1.4,1.4,1.6
2025-08-13,2025-08-13 14:18:14.400,MO2508-C-7500,1.4,1.4,1.6
2025-08-13,2025-08-13 14:18:16.400,MO2508-C-7500,1.4,1.4,1.6
2025-08-13,2025-08-13 14:18:18.400,MO2508-C-7500,1.4,1.4,1.6
2025-08-13,2025-08-13 14:18:18.900,MO2508-C-7500,1.4,1.4,1.6
2025-08-13,2025-08-13 14:18:19.400,MO2508-C-7500,1.4,1.4,1.6
2025-08-13,2025-08-13 14:18:20.400,MO2508-C-7500,1.4,1.4,1.6
2025-08-13,2025-08-13 14:18:22.400,MO2508-C-7500,1.4,1.4,1.6
2025-08-13,2025-08-13 14:18:22.900,MO2508-C-7500,1.4,1.4,1.6
2025-08-13,2025-08-13 14:18:23.400,MO2508-C-7500,1.4,1.4,1.6
2025-08-13,2025-08-13 14:18:26.900,MO2508-C-7500,1.4,1.4,1.6
2025-08-13,2025-08-13 14:18:28.900,MO2508-C-7500,1.4,1.4,1.6
2025-08-13,2025-08-13 14:18:29.400,MO2508-C-7500,1.4,1.4,1.6
2025-08-13,2025-08-13 14:18:29.900,MO2508-C-7500,1.4,1.4,1.6
2025-08-13,2025-08-13 14:18:31.900,MO2508-C-7500,1.4,1.4,1.6
2025-08-13,2025-08-13 14:18:38.900,MO2508-C-7500,1.4,1.4,1.6
2025-08-13,2025-08-13 14:18:39.400,MO2508-C-7500,1.4,1.4,1.6
2025-08-13,2025-08-13 14:18:47.400,MO2508-C-7500,1.4,1.4,1.6
2025-08-13,2025-08-13 14:18:48.900,MO2508-C-7500,1.4,1.4,1.6
2025-08-13,2025-08-13 14:18:49.400,MO2508-C-7500,1.4,1.4,1.6
2025-08-13,2025-08-13 14:18:50.900,MO2508-C-7500,1.4,1.4,1.6
2025-08-13,2025-08-13 14:18:54.900,MO2508-C-7500,1.4,1.4,1.6
2025-08-13,2025-08-13 14:18:58.900,MO2508-C-7500,1.4,1.4,1.6
2025-08-13,2025-08-13 14:18:59.400,MO2508-C-7500,1.4,1.4,1.6
2025-08-13,2025-08-13 14:18:59.900,MO2508-C-7500,1.4,1.4,1.6
2025-08-13,2025-08-13 14:19:06.900,MO2508-C-7500,1.4,1.4,1.6
2025-08-13,2025-08-13 14:19:08.900,MO2508-C-7500,1.4,1.4,1.6
2025-08-13,2025-08-13 14:19:09.400,MO2508-C-7500,1.4,1.4,1.6
2025-08-13,2025-08-13 14:19:12.900,MO2508-C-7500,1.4,1.4,1.6
2025-08-13,2025-08-13 14:19:13.900,MO2508-C-7500,1.4,1.4,1.6
2025-08-13,2025-08-13 14:19:17.400,MO2508-C-7500,1.4,1.4,1.6
2025-08-13,2025-08-13 14:19:17.900,MO2508-C-7500,1.4,1.4,1.6
2025-08-13,2025-08-13 14:19:18.400,MO2508-C-7500,1.4,1.4,1.6
2025-08-13,2025-08-13 14:19:18.900,MO2508-C-7500,1.4,1.4,1.6
2025-08-13,2025-08-13 14:19:19.400,MO2508-C-7500,1.4,1.4,1.6
2025-08-13,2025-08-13 14:19:19.900,MO2508-C-7500,1.4,1.4,1.6
2025-08-13,2025-08-13 14:19:20.400,MO2508-C-7500,1.4,1.4,1.6
2025-08-13,2025-08-13 14:19:20.900,MO2508-C-7500,1.4,1.4,1.6
2025-08-13,2025-08-13 14:19:28.900,MO2508-C-7500,1.4,1.4,1.6
2025-08-13,2025-08-13 14:19:29.400,MO2508-C-7500,1.4,1.4,1.6
2025-08-13,2025-08-13 14:19:29.900,MO2508-C-7500,1.6,1.4,1.6
2025-08-13,2025-08-13 14:19:31.400,MO2508-C-7500,1.6,1.4,1.6
2025-08-13,2025-08-13 14:19:34.400,MO2508-C-7500,1.6,1.4,1.6
2025-08-13,2025-08-13 14:19:34.900,MO2508-C-7500,1.6,1.4,1.6
2025-08-13,2025-08-13 14:19:36.400,MO2508-C-7500,1.6,1.4,1.6
2025-08-13,2025-08-13 14:19:37.400,MO2508-C-7500,1.6,1.4,1.6
2025-08-13,2025-08-13 14:19:38.400,MO2508-C-7500,1.6,1.4,1.6
2025-08-13,2025-08-13 14:19:38.900,MO2508-C-7500,1.6,1.4,1.6
2025-08-13,2025-08-13 14:19:39.400,MO2508-C-7500,1.6,1.4,1.6
2025-08-13,2025-08-13 14:19:44.400,MO2508-C-7500,1.6,1.4,1.6
2025-08-13,2025-08-13 14:19:44.900,MO2508-C-7500,1.6,1.4,1.6
2025-08-13,2025-08-13 14:19:45.400,MO2508-C-7500,1.6,1.4,1.6
2025-08-13,2025-08-13 14:19:48.900,MO2508-C-7500,1.6,1.4,1.6
2025-08-13,2025-08-13 14:19:49.400,MO2508-C-7500,1.6,1.4,1.6
2025-08-13,2025-08-13 14:19:54.900,MO2508-C-7500,1.6,1.4,1.6
2025-08-13,2025-08-13 14:19:55.400,MO2508-C-7500,1.6,1.4,1.6
2025-08-13,2025-08-13 14:19:55.900,MO2508-C-7500,1.6,1.4,1.6
2025-08-13,2025-08-13 14:19:56.400,MO2508-C-7500,1.4,1.4,1.6
2025-08-13,2025-08-13 14:19:56.900,MO2508-C-7500,1.4,1.4,1.6
2025-08-13,2025-08-13 14:19:57.400,MO2508-C-7500,1.4,1.4,1.6
2025-08-13,2025-08-13 14:19:57.900,MO2508-C-7500,1.4,1.4,1.6
2025-08-13,2025-08-13 14:19:58.900,MO2508-C-7500,1.4,1.4,1.6
2025-08-13,2025-08-13 14:19:59.400,MO2508-C-7500,1.4,1.4,1.6
2025-08-13,2025-08-13 14:20:01.900,MO2508-C-7500,1.4,1.4,1.6
2025-08-13,2025-08-13 14:20:03.900,MO2508-C-7500,1.4,1.4,1.6
2025-08-13,2025-08-13 14:20:04.900,MO2508-C-7500,1.4,1.2,1.6
2025-08-13,2025-08-13 14:20:05.400,MO2508-C-7500,1.4,1.2,1.6
2025-08-13,2025-08-13 14:20:08.900,MO2508-C-7500,1.4,1.2,1.6
2025-08-13,2025-08-13 14:20:09.400,MO2508-C-7500,1.4,1.2,1.6
2025-08-13,2025-08-13 14:20:12.900,MO2508-C-7500,1.4,1.2,1.6
2025-08-13,2025-08-13 14:20:13.400,MO2508-C-7500,1.4,1.2,1.6
2025-08-13,2025-08-13 14:20:13.900,MO2508-C-7500,1.4,1.2,1.6
2025-08-13,2025-08-13 14:20:15.900,MO2508-C-7500,1.4,1.2,1.6
2025-08-13,2025-08-13 14:20:16.400,MO2508-C-7500,1.4,1.2,1.6
2025-08-13,2025-08-13 14:20:18.900,MO2508-C-7500,1.4,1.2,1.6
2025-08-13,2025-08-13 14:20:19.400,MO2508-C-7500,1.4,1.2,1.6
2025-08-13,2025-08-13 14:20:21.900,MO2508-C-7500,1.4,1.2,1.4
2025-08-13,2025-08-13 14:20:22.400,MO2508-C-7500,1.4,1.2,1.6
2025-08-13,2025-08-13 14:20:22.900,MO2508-C-7500,1.4,1.2,1.4
2025-08-13,2025-08-13 14:20:23.400,MO2508-C-7500,1.4,1.2,1.4
2025-08-13,2025-08-13 14:20:23.900,MO2508-C-7500,1.4,1.2,1.4
2025-08-13,2025-08-13 14:20:24.400,MO2508-C-7500,1.4,1.2,1.4
2025-08-13,2025-08-13 14:20:24.900,MO2508-C-7500,1.4,1.2,1.4
2025-08-13,2025-08-13 14:20:25.400,MO2508-C-7500,1.4,1.2,1.4
2025-08-13,2025-08-13 14:20:25.900,MO2508-C-7500,1.4,1.2,1.4
2025-08-13,2025-08-13 14:20:26.400,MO2508-C-7500,1.4,1.2,1.4
2025-08-13,2025-08-13 14:20:26.900,MO2508-C-7500,1.4,1.2,1.4
2025-08-13,2025-08-13 14:20:27.900,MO2508-C-7500,1.4,1.2,1.4
2025-08-13,2025-08-13 14:20:28.400,MO2508-C-7500,1.4,1.2,1.4
2025-08-13,2025-08-13 14:20:28.900,MO2508-C-7500,1.4,1.2,1.4
2025-08-13,2025-08-13 14:20:29.400,MO2508-C-7500,1.4,1.2,1.4
2025-08-13,2025-08-13 14:20:29.900,MO2508-C-7500,1.4,1.2,1.4
2025-08-13,2025-08-13 14:20:30.400,MO2508-C-7500,1.4,1.2,1.4
2025-08-13,2025-08-13 14:20:30.900,MO2508-C-7500,1.4,1.2,1.4
2025-08-13,2025-08-13 14:20:31.400,MO2508-C-7500,1.4,1.2,1.4
2025-08-13,2025-08-13 14:20:31.900,MO2508-C-7500,1.4,1.2,1.4
2025-08-13,2025-08-13 14:20:32.400,MO2508-C-7500,1.4,1.2,1.4
2025-08-13,2025-08-13 14:20:32.900,MO2508-C-7500,1.4,1.2,1.4
2025-08-13,2025-08-13 14:20:33.400,MO2508-C-7500,1.4,1.2,1.4
2025-08-13,2025-08-13 14:20:33.900,MO2508-C-7500,1.4,1.2,1.4
2025-08-13,2025-08-13 14:20:35.400,MO2508-C-7500,1.4,1.2,1.4
2025-08-13,2025-08-13 14:20:36.900,MO2508-C-7500,1.4,1.2,1.4
2025-08-13,2025-08-13 14:20:37.400,MO2508-C-7500,1.4,1.2,1.4
2025-08-13,2025-08-13 14:20:37.900,MO2508-C-7500,1.4,1.2,1.4
2025-08-13,2025-08-13 14:20:38.400,MO2508-C-7500,1.4,1.2,1.4
2025-08-13,2025-08-13 14:20:38.900,MO2508-C-7500,1.4,1.2,1.4
2025-08-13,2025-08-13 14:20:39.400,MO2508-C-7500,1.4,1.2,1.4
2025-08-13,2025-08-13 14:20:42.400,MO2508-C-7500,1.4,1.2,1.4
2025-08-13,2025-08-13 14:20:44.400,MO2508-C-7500,1.4,1.2,1.4
2025-08-13,2025-08-13 14:20:48.400,MO2508-C-7500,1.4,1.2,1.4
2025-08-13,2025-08-13 14:20:48.900,MO2508-C-7500,1.4,1.2,1.4
2025-08-13,2025-08-13 14:20:49.400,MO2508-C-7500,1.4,1.2,1.4
2025-08-13,2025-08-13 14:20:49.900,MO2508-C-7500,1.2,1.2,1.4
2025-08-13,2025-08-13 14:20:50.400,MO2508-C-7500,1.2,1.2,1.4
2025-08-13,2025-08-13 14:20:50.900,MO2508-C-7500,1.2,1.2,1.4
2025-08-13,2025-08-13 14:20:51.400,MO2508-C-7500,1.2,1.2,1.4
2025-08-13,2025-08-13 14:20:51.900,MO2508-C-7500,1.2,1.2,1.4
2025-08-13,2025-08-13 14:20:52.400,MO2508-C-7500,1.2,1.2,1.4
2025-08-13,2025-08-13 14:20:53.900,MO2508-C-7500,1.2,1.2,1.4
2025-08-13,2025-08-13 14:20:54.900,MO2508-C-7500,1.2,1.0,1.2
2025-08-13,2025-08-13 14:20:55.400,MO2508-C-7500,1.2,1.0,1.2
2025-08-13,2025-08-13 14:20:55.900,MO2508-C-7500,1.2,1.0,1.2
2025-08-13,2025-08-13 14:20:56.400,MO2508-C-7500,1.2,1.0,1.2
2025-08-13,2025-08-13 14:20:56.900,MO2508-C-7500,1.2,1.0,1.2
2025-08-13,2025-08-13 14:20:58.900,MO2508-C-7500,1.2,1.0,1.2
2025-08-13,2025-08-13 14:20:59.400,MO2508-C-7500,1.0,1.0,1.2
2025-08-13,2025-08-13 14:20:59.900,MO2508-C-7500,1.0,1.0,1.2
2025-08-13,2025-08-13 14:21:00.900,MO2508-C-7500,1.0,1.0,1.2
2025-08-13,2025-08-13 14:21:01.400,MO2508-C-7500,1.0,1.0,1.2
2025-08-13,2025-08-13 14:21:01.900,MO2508-C-7500,1.0,1.0,1.2
2025-08-13,2025-08-13 14:21:05.400,MO2508-C-7500,1.0,1.0,1.2
2025-08-13,2025-08-13 14:21:05.900,MO2508-C-7500,1.0,1.0,1.2
2025-08-13,2025-08-13 14:21:06.400,MO2508-C-7500,1.0,1.0,1.2
2025-08-13,2025-08-13 14:21:07.400,MO2508-C-7500,1.0,1.0,1.2
2025-08-13,2025-08-13 14:21:08.400,MO2508-C-7500,1.0,1.0,1.2
2025-08-13,2025-08-13 14:21:08.900,MO2508-C-7500,1.0,1.0,1.2
2025-08-13,2025-08-13 14:21:09.400,MO2508-C-7500,1.0,1.0,1.2
2025-08-13,2025-08-13 14:21:12.400,MO2508-C-7500,1.0,1.0,1.2
2025-08-13,2025-08-13 14:21:13.900,MO2508-C-7500,1.0,1.0,1.2
2025-08-13,2025-08-13 14:21:14.400,MO2508-C-7500,1.0,1.0,1.2
2025-08-13,2025-08-13 14:21:14.900,MO2508-C-7500,1.0,1.0,1.2
2025-08-13,2025-08-13 14:21:16.400,MO2508-C-7500,1.0,1.0,1.2
2025-08-13,2025-08-13 14:21:16.900,MO2508-C-7500,1.0,1.0,1.2
2025-08-13,2025-08-13 14:21:17.400,MO2508-C-7500,1.0,1.0,1.2
2025-08-13,2025-08-13 14:21:17.900,MO2508-C-7500,1.0,1.0,1.2
2025-08-13,2025-08-13 14:21:18.900,MO2508-C-7500,1.0,1.0,1.2
2025-08-13,2025-08-13 14:21:19.400,MO2508-C-7500,1.0,1.0,1.2
2025-08-13,2025-08-13 14:21:20.900,MO2508-C-7500,1.0,1.0,1.2
2025-08-13,2025-08-13 14:21:21.400,MO2508-C-7500,1.0,1.0,1.2
2025-08-13,2025-08-13 14:21:21.900,MO2508-C-7500,1.0,1.0,1.2
2025-08-13,2025-08-13 14:21:22.400,MO2508-C-7500,1.0,1.0,1.2
2025-08-13,2025-08-13 14:21:22.900,MO2508-C-7500,1.0,1.0,1.2
2025-08-13,2025-08-13 14:21:25.400,MO2508-C-7500,1.0,1.0,1.2
2025-08-13,2025-08-13 14:21:25.900,MO2508-C-7500,1.0,1.0,1.2
2025-08-13,2025-08-13 14:21:26.400,MO2508-C-7500,1.0,1.0,1.2
2025-08-13,2025-08-13 14:21:26.900,MO2508-C-7500,1.0,0.8,1.2
2025-08-13,2025-08-13 14:21:27.400,MO2508-C-7500,1.0,0.8,1.0
2025-08-13,2025-08-13 14:21:27.900,MO2508-C-7500,1.0,0.8,1.0
2025-08-13,2025-08-13 14:21:28.400,MO2508-C-7500,1.0,0.8,1.0
2025-08-13,2025-08-13 14:21:28.900,MO2508-C-7500,1.0,0.8,1.0
2025-08-13,2025-08-13 14:21:29.400,MO2508-C-7500,1.0,0.8,1.0
2025-08-13,2025-08-13 14:21:30.400,MO2508-C-7500,1.0,0.8,1.0
2025-08-13,2025-08-13 14:21:32.400,MO2508-C-7500,1.0,0.8,1.0
2025-08-13,2025-08-13 14:21:33.400,MO2508-C-7500,1.0,0.8,1.0
2025-08-13,2025-08-13 14:21:33.900,MO2508-C-7500,1.0,0.8,1.0
2025-08-13,2025-08-13 14:21:34.400,MO2508-C-7500,1.0,0.8,1.0
2025-08-13,2025-08-13 14:21:35.400,MO2508-C-7500,1.0,0.8,1.0
2025-08-13,2025-08-13 14:21:37.900,MO2508-C-7500,1.0,0.8,1.0
2025-08-13,2025-08-13 14:21:38.900,MO2508-C-7500,1.0,0.8,1.0
2025-08-13,2025-08-13 14:21:39.400,MO2508-C-7500,1.0,0.8,1.0
2025-08-13,2025-08-13 14:21:43.900,MO2508-C-7500,1.0,0.8,1.0
2025-08-13,2025-08-13 14:21:48.900,MO2508-C-7500,1.0,0.8,1.0
2025-08-13,2025-08-13 14:21:49.400,MO2508-C-7500,1.0,0.8,1.0
2025-08-13,2025-08-13 14:21:58.900,MO2508-C-7500,1.0,0.8,1.0
2025-08-13,2025-08-13 14:21:59.400,MO2508-C-7500,1.0,0.8,1.0
2025-08-13,2025-08-13 14:21:59.900,MO2508-C-7500,1.0,0.8,1.0
2025-08-13,2025-08-13 14:22:02.400,MO2508-C-7500,1.0,0.8,1.0
2025-08-13,2025-08-13 14:22:02.900,MO2508-C-7500,1.0,0.8,1.0
2025-08-13,2025-08-13 14:22:03.400,MO2508-C-7500,1.0,0.8,1.0
2025-08-13,2025-08-13 14:22:08.400,MO2508-C-7500,1.0,0.8,1.0
2025-08-13,2025-08-13 14:22:08.900,MO2508-C-7500,1.0,0.8,1.0
2025-08-13,2025-08-13 14:22:09.400,MO2508-C-7500,1.0,0.8,1.0
2025-08-13,2025-08-13 14:22:13.400,MO2508-C-7500,1.0,0.8,1.0
2025-08-13,2025-08-13 14:22:14.400,MO2508-C-7500,1.0,0.8,1.0
2025-08-13,2025-08-13 14:22:16.900,MO2508-C-7500,1.0,0.8,1.0
2025-08-13,2025-08-13 14:22:17.400,MO2508-C-7500,0.8,0.8,1.0
2025-08-13,2025-08-13 14:22:17.900,MO2508-C-7500,0.8,0.8,1.0
2025-08-13,2025-08-13 14:22:18.900,MO2508-C-7500,0.8,0.8,1.0
2025-08-13,2025-08-13 14:22:19.400,MO2508-C-7500,0.8,0.8,1.0
2025-08-13,2025-08-13 14:22:23.400,MO2508-C-7500,0.8,0.8,1.0
2025-08-13,2025-08-13 14:22:23.900,MO2508-C-7500,0.8,0.8,1.0
2025-08-13,2025-08-13 14:22:24.400,MO2508-C-7500,0.8,0.8,1.0
2025-08-13,2025-08-13 14:22:27.400,MO2508-C-7500,0.8,0.8,1.0
2025-08-13,2025-08-13 14:22:28.900,MO2508-C-7500,0.8,0.8,1.0
2025-08-13,2025-08-13 14:22:29.400,MO2508-C-7500,0.8,0.8,1.0
2025-08-13,2025-08-13 14:22:31.400,MO2508-C-7500,0.8,0.8,1.0
2025-08-13,2025-08-13 14:22:31.900,MO2508-C-7500,0.8,0.8,1.0
2025-08-13,2025-08-13 14:22:38.900,MO2508-C-7500,0.8,0.8,1.0
2025-08-13,2025-08-13 14:22:39.400,MO2508-C-7500,0.8,0.8,1.0
2025-08-13,2025-08-13 14:22:43.900,MO2508-C-7500,0.8,0.8,1.0
2025-08-13,2025-08-13 14:22:48.900,MO2508-C-7500,0.8,0.8,1.0
2025-08-13,2025-08-13 14:22:49.400,MO2508-C-7500,0.8,0.8,1.0
2025-08-13,2025-08-13 14:22:51.400,MO2508-C-7500,0.8,0.8,1.0
2025-08-13,2025-08-13 14:22:55.900,MO2508-C-7500,1.0,0.8,1.0
2025-08-13,2025-08-13 14:22:56.400,MO2508-C-7500,1.0,0.8,1.0
2025-08-13,2025-08-13 14:22:57.400,MO2508-C-7500,1.0,0.8,1.0
2025-08-13,2025-08-13 14:22:58.900,MO2508-C-7500,1.0,0.8,1.0
2025-08-13,2025-08-13 14:22:59.400,MO2508-C-7500,1.0,0.8,1.0
2025-08-13,2025-08-13 14:22:59.900,MO2508-C-7500,1.0,0.8,1.0
2025-08-13,2025-08-13 14:23:02.900,MO2508-C-7500,1.0,0.8,1.0
2025-08-13,2025-08-13 14:23:04.400,MO2508-C-7500,1.0,0.8,1.0
2025-08-13,2025-08-13 14:23:04.900,MO2508-C-7500,1.0,0.8,1.0
2025-08-13,2025-08-13 14:23:05.900,MO2508-C-7500,1.0,0.8,1.0
2025-08-13,2025-08-13 14:23:08.900,MO2508-C-7500,1.0,0.8,1.0
2025-08-13,2025-08-13 14:23:09.400,MO2508-C-7500,1.0,0.8,1.0
2025-08-13,2025-08-13 14:23:09.900,MO2508-C-7500,1.0,0.8,1.0
2025-08-13,2025-08-13 14:23:11.400,MO2508-C-7500,1.0,0.8,1.0
2025-08-13,2025-08-13 14:23:13.400,MO2508-C-7500,1.0,0.8,1.0
2025-08-13,2025-08-13 14:23:17.900,MO2508-C-7500,1.0,0.8,1.0
2025-08-13,2025-08-13 14:23:18.400,MO2508-C-7500,1.0,0.8,1.0
2025-08-13,2025-08-13 14:23:18.900,MO2508-C-7500,1.0,0.8,1.0
2025-08-13,2025-08-13 14:23:19.400,MO2508-C-7500,1.0,0.8,1.0
2025-08-13,2025-08-13 14:23:19.900,MO2508-C-7500,1.0,0.8,1.0
2025-08-13,2025-08-13 14:23:28.900,MO2508-C-7500,1.0,0.8,1.0
2025-08-13,2025-08-13 14:23:29.400,MO2508-C-7500,1.0,0.8,1.0
2025-08-13,2025-08-13 14:23:29.900,MO2508-C-7500,1.0,0.8,1.0
2025-08-13,2025-08-13 14:23:34.400,MO2508-C-7500,1.0,0.8,1.0
2025-08-13,2025-08-13 14:23:36.900,MO2508-C-7500,1.0,0.8,1.0
2025-08-13,2025-08-13 14:23:37.400,MO2508-C-7500,1.0,0.8,1.0
2025-08-13,2025-08-13 14:23:38.900,MO2508-C-7500,1.0,0.8,1.0
2025-08-13,2025-08-13 14:23:39.400,MO2508-C-7500,1.0,0.8,1.0
2025-08-13,2025-08-13 14:23:39.900,MO2508-C-7500,1.0,0.8,1.0
2025-08-13,2025-08-13 14:23:40.900,MO2508-C-7500,1.0,0.8,1.0
2025-08-13,2025-08-13 14:23:47.400,MO2508-C-7500,1.0,0.8,1.0
2025-08-13,2025-08-13 14:23:47.900,MO2508-C-7500,1.0,0.8,1.0
2025-08-13,2025-08-13 14:23:48.900,MO2508-C-7500,1.0,0.8,1.0
2025-08-13,2025-08-13 14:23:49.400,MO2508-C-7500,1.0,0.8,1.0
2025-08-13,2025-08-13 14:23:49.900,MO2508-C-7500,1.0,0.8,1.0
2025-08-13,2025-08-13 14:23:52.900,MO2508-C-7500,1.0,0.8,1.0
2025-08-13,2025-08-13 14:23:53.400,MO2508-C-7500,1.0,0.8,1.0
2025-08-13,2025-08-13 14:23:55.900,MO2508-C-7500,1.0,0.8,1.0
2025-08-13,2025-08-13 14:23:56.400,MO2508-C-7500,1.0,0.8,1.0
2025-08-13,2025-08-13 14:23:56.900,MO2508-C-7500,1.0,0.8,1.0
2025-08-13,2025-08-13 14:23:58.400,MO2508-C-7500,1.0,0.8,1.0
2025-08-13,2025-08-13 14:23:58.900,MO2508-C-7500,1.0,0.8,1.0
2025-08-13,2025-08-13 14:23:59.400,MO2508-C-7500,1.0,0.8,1.0
2025-08-13,2025-08-13 14:24:00.400,MO2508-C-7500,1.0,0.8,1.0
2025-08-13,2025-08-13 14:24:03.900,MO2508-C-7500,1.0,0.8,1.0
2025-08-13,2025-08-13 14:24:04.400,MO2508-C-7500,1.0,0.8,1.0
2025-08-13,2025-08-13 14:24:04.900,MO2508-C-7500,1.0,0.8,1.0
2025-08-13,2025-08-13 14:24:05.400,MO2508-C-7500,1.0,0.8,1.0
2025-08-13,2025-08-13 14:24:08.900,MO2508-C-7500,1.0,0.8,1.0
2025-08-13,2025-08-13 14:24:09.400,MO2508-C-7500,1.0,0.8,1.0
2025-08-13,2025-08-13 14:24:09.900,MO2508-C-7500,1.0,0.8,1.0
2025-08-13,2025-08-13 14:24:15.400,MO2508-C-7500,1.0,0.8,1.0
2025-08-13,2025-08-13 14:24:16.400,MO2508-C-7500,1.0,0.8,1.0
2025-08-13,2025-08-13 14:24:16.900,MO2508-C-7500,1.0,0.8,1.0
2025-08-13,2025-08-13 14:24:17.400,MO2508-C-7500,1.0,0.8,1.0
2025-08-13,2025-08-13 14:24:18.900,MO2508-C-7500,1.0,0.8,1.0
2025-08-13,2025-08-13 14:24:19.400,MO2508-C-7500,1.0,0.8,1.0
2025-08-13,2025-08-13 14:24:20.400,MO2508-C-7500,1.0,0.8,1.0
2025-08-13,2025-08-13 14:24:22.400,MO2508-C-7500,1.0,0.8,1.0
2025-08-13,2025-08-13 14:24:23.400,MO2508-C-7500,1.0,0.8,1.0
2025-08-13,2025-08-13 14:24:25.400,MO2508-C-7500,1.0,0.8,1.0
2025-08-13,2025-08-13 14:24:26.900,MO2508-C-7500,1.0,0.8,1.0
2025-08-13,2025-08-13 14:24:28.900,MO2508-C-7500,1.0,0.8,1.0
2025-08-13,2025-08-13 14:24:29.400,MO2508-C-7500,1.0,0.8,1.0
2025-08-13,2025-08-13 14:24:31.400,MO2508-C-7500,1.0,0.8,1.0
2025-08-13,2025-08-13 14:24:32.400,MO2508-C-7500,1.0,0.8,1.0
2025-08-13,2025-08-13 14:24:32.900,MO2508-C-7500,1.0,0.8,1.0
2025-08-13,2025-08-13 14:24:35.900,MO2508-C-7500,1.0,0.8,1.0
2025-08-13,2025-08-13 14:24:38.900,MO2508-C-7500,1.0,0.8,1.0
2025-08-13,2025-08-13 14:24:39.400,MO2508-C-7500,1.0,0.8,1.0
2025-08-13,2025-08-13 14:24:48.900,MO2508-C-7500,1.0,0.8,1.0
2025-08-13,2025-08-13 14:24:49.400,MO2508-C-7500,1.0,0.8,1.0
2025-08-13,2025-08-13 14:24:52.400,MO2508-C-7500,1.0,0.8,1.0
2025-08-13,2025-08-13 14:24:58.400,MO2508-C-7500,1.0,0.8,1.0
2025-08-13,2025-08-13 14:24:58.900,MO2508-C-7500,1.0,0.8,1.0
2025-08-13,2025-08-13 14:24:59.400,MO2508-C-7500,1.0,0.8,1.0
2025-08-13,2025-08-13 14:25:08.900,MO2508-C-7500,1.0,0.8,1.0
2025-08-13,2025-08-13 14:25:09.400,MO2508-C-7500,1.0,0.8,1.0
2025-08-13,2025-08-13 14:25:11.400,MO2508-C-7500,1.0,0.8,1.0
2025-08-13,2025-08-13 14:25:18.400,MO2508-C-7500,1.0,0.8,1.0
2025-08-13,2025-08-13 14:25:18.900,MO2508-C-7500,1.0,0.8,1.0
2025-08-13,2025-08-13 14:25:19.400,MO2508-C-7500,1.0,0.8,1.0
2025-08-13,2025-08-13 14:25:28.900,MO2508-C-7500,1.0,0.8,1.0
2025-08-13,2025-08-13 14:25:29.400,MO2508-C-7500,1.0,0.8,1.0
2025-08-13,2025-08-13 14:25:37.400,MO2508-C-7500,1.0,0.8,1.0
2025-08-13,2025-08-13 14:25:38.900,MO2508-C-7500,1.0,0.8,1.0
2025-08-13,2025-08-13 14:25:39.400,MO2508-C-7500,1.0,1.0,1.2
2025-08-13,2025-08-13 14:25:39.900,MO2508-C-7500,1.0,1.0,1.2
2025-08-13,2025-08-13 14:25:40.400,MO2508-C-7500,1.0,1.0,1.2
2025-08-13,2025-08-13 14:25:41.400,MO2508-C-7500,1.0,1.0,1.2
2025-08-13,2025-08-13 14:25:41.900,MO2508-C-7500,1.0,1.0,1.2
2025-08-13,2025-08-13 14:25:44.900,MO2508-C-7500,1.0,1.0,1.2
2025-08-13,2025-08-13 14:25:45.400,MO2508-C-7500,1.0,1.0,1.2
2025-08-13,2025-08-13 14:25:45.900,MO2508-C-7500,1.0,1.0,1.2
2025-08-13,2025-08-13 14:25:47.400,MO2508-C-7500,1.2,1.0,1.2
2025-08-13,2025-08-13 14:25:47.900,MO2508-C-7500,1.2,1.0,1.2
2025-08-13,2025-08-13 14:25:48.900,MO2508-C-7500,1.2,1.0,1.2
2025-08-13,2025-08-13 14:25:49.400,MO2508-C-7500,1.2,1.0,1.2
2025-08-13,2025-08-13 14:25:49.900,MO2508-C-7500,1.2,1.0,1.2
2025-08-13,2025-08-13 14:25:50.400,MO2508-C-7500,1.2,1.0,1.2
2025-08-13,2025-08-13 14:25:51.900,MO2508-C-7500,1.2,1.0,1.2
2025-08-13,2025-08-13 14:25:54.900,MO2508-C-7500,1.2,1.0,1.2
2025-08-13,2025-08-13 14:25:55.400,MO2508-C-7500,1.2,1.0,1.2
2025-08-13,2025-08-13 14:25:57.400,MO2508-C-7500,1.2,1.0,1.2
2025-08-13,2025-08-13 14:25:58.900,MO2508-C-7500,1.2,1.0,1.2
2025-08-13,2025-08-13 14:25:59.400,MO2508-C-7500,1.2,1.0,1.2
2025-08-13,2025-08-13 14:26:08.900,MO2508-C-7500,1.2,1.0,1.2
2025-08-13,2025-08-13 14:26:09.400,MO2508-C-7500,1.2,1.0,1.2
2025-08-13,2025-08-13 14:26:11.400,MO2508-C-7500,1.2,1.0,1.2
2025-08-13,2025-08-13 14:26:11.900,MO2508-C-7500,1.2,1.0,1.2
2025-08-13,2025-08-13 14:26:18.900,MO2508-C-7500,1.2,1.0,1.2
2025-08-13,2025-08-13 14:26:19.400,MO2508-C-7500,1.2,1.0,1.2
2025-08-13,2025-08-13 14:26:21.900,MO2508-C-7500,1.2,1.0,1.2
2025-08-13,2025-08-13 14:26:22.400,MO2508-C-7500,1.2,1.0,1.2
2025-08-13,2025-08-13 14:26:27.900,MO2508-C-7500,1.2,1.0,1.2
2025-08-13,2025-08-13 14:26:28.400,MO2508-C-7500,1.2,1.0,1.2
2025-08-13,2025-08-13 14:26:28.900,MO2508-C-7500,1.2,1.0,1.2
2025-08-13,2025-08-13 14:26:29.400,MO2508-C-7500,1.2,1.0,1.2
2025-08-13,2025-08-13 14:26:33.400,MO2508-C-7500,1.2,1.0,1.2
2025-08-13,2025-08-13 14:26:38.900,MO2508-C-7500,1.2,1.0,1.2
2025-08-13,2025-08-13 14:26:39.400,MO2508-C-7500,1.2,1.0,1.2
2025-08-13,2025-08-13 14:26:46.400,MO2508-C-7500,1.0,1.0,1.2
2025-08-13,2025-08-13 14:26:48.900,MO2508-C-7500,1.0,1.0,1.2
2025-08-13,2025-08-13 14:26:49.400,MO2508-C-7500,1.0,1.0,1.2
2025-08-13,2025-08-13 14:26:52.900,MO2508-C-7500,1.0,1.0,1.2
2025-08-13,2025-08-13 14:26:55.900,MO2508-C-7500,1.0,1.0,1.2
2025-08-13,2025-08-13 14:26:56.400,MO2508-C-7500,1.0,1.0,1.2
2025-08-13,2025-08-13 14:26:58.900,MO2508-C-7500,1.0,1.0,1.2
2025-08-13,2025-08-13 14:26:59.400,MO2508-C-7500,1.0,1.0,1.2
2025-08-13,2025-08-13 14:27:00.400,MO2508-C-7500,1.0,1.0,1.2
2025-08-13,2025-08-13 14:27:08.900,MO2508-C-7500,1.0,1.0,1.2
2025-08-13,2025-08-13 14:27:09.400,MO2508-C-7500,1.0,1.0,1.2
2025-08-13,2025-08-13 14:27:10.900,MO2508-C-7500,1.0,1.0,1.2
2025-08-13,2025-08-13 14:27:12.900,MO2508-C-7500,1.0,1.0,1.2
2025-08-13,2025-08-13 14:27:13.400,MO2508-C-7500,1.0,1.0,1.2
2025-08-13,2025-08-13 14:27:13.900,MO2508-C-7500,1.0,1.0,1.2
2025-08-13,2025-08-13 14:27:14.900,MO2508-C-7500,1.0,1.0,1.2
2025-08-13,2025-08-13 14:27:16.400,MO2508-C-7500,1.0,1.0,1.2
2025-08-13,2025-08-13 14:27:18.900,MO2508-C-7500,1.0,1.0,1.2
2025-08-13,2025-08-13 14:27:19.400,MO2508-C-7500,1.0,1.0,1.2
2025-08-13,2025-08-13 14:27:23.900,MO2508-C-7500,1.0,1.0,1.2
2025-08-13,2025-08-13 14:27:24.400,MO2508-C-7500,1.0,1.0,1.2
2025-08-13,2025-08-13 14:27:25.400,MO2508-C-7500,1.0,1.0,1.2
2025-08-13,2025-08-13 14:27:25.900,MO2508-C-7500,1.0,1.0,1.2
2025-08-13,2025-08-13 14:27:28.400,MO2508-C-7500,1.0,1.0,1.2
2025-08-13,2025-08-13 14:27:28.900,MO2508-C-7500,1.0,1.0,1.2
2025-08-13,2025-08-13 14:27:29.400,MO2508-C-7500,1.0,1.0,1.2
2025-08-13,2025-08-13 14:27:30.400,MO2508-C-7500,1.0,1.0,1.2
2025-08-13,2025-08-13 14:27:31.400,MO2508-C-7500,1.0,1.0,1.2
2025-08-13,2025-08-13 14:27:31.900,MO2508-C-7500,1.0,1.0,1.2
2025-08-13,2025-08-13 14:27:33.400,MO2508-C-7500,1.2,1.0,1.2
2025-08-13,2025-08-13 14:27:33.900,MO2508-C-7500,1.2,1.0,1.2
2025-08-13,2025-08-13 14:27:35.400,MO2508-C-7500,1.2,1.0,1.2
2025-08-13,2025-08-13 14:27:36.900,MO2508-C-7500,1.0,1.0,1.2
2025-08-13,2025-08-13 14:27:37.400,MO2508-C-7500,1.0,1.0,1.2
2025-08-13,2025-08-13 14:27:38.900,MO2508-C-7500,1.0,1.0,1.2
2025-08-13,2025-08-13 14:27:39.400,MO2508-C-7500,1.0,1.0,1.2
2025-08-13,2025-08-13 14:27:40.400,MO2508-C-7500,1.0,1.0,1.2
2025-08-13,2025-08-13 14:27:40.900,MO2508-C-7500,1.0,1.0,1.2
2025-08-13,2025-08-13 14:27:42.900,MO2508-C-7500,1.0,1.0,1.2
2025-08-13,2025-08-13 14:27:48.900,MO2508-C-7500,1.0,1.0,1.2
2025-08-13,2025-08-13 14:27:49.400,MO2508-C-7500,1.0,1.0,1.2
2025-08-13,2025-08-13 14:27:53.900,MO2508-C-7500,1.0,1.0,1.2
2025-08-13,2025-08-13 14:27:54.400,MO2508-C-7500,1.0,1.0,1.2
2025-08-13,2025-08-13 14:27:57.900,MO2508-C-7500,1.0,1.0,1.2
2025-08-13,2025-08-13 14:27:58.400,MO2508-C-7500,1.0,1.0,1.2
2025-08-13,2025-08-13 14:27:58.900,MO2508-C-7500,1.0,1.0,1.2
2025-08-13,2025-08-13 14:27:59.400,MO2508-C-7500,1.0,1.0,1.2
2025-08-13,2025-08-13 14:28:00.400,MO2508-C-7500,1.0,1.0,1.2
2025-08-13,2025-08-13 14:28:08.400,MO2508-C-7500,1.0,1.0,1.2
2025-08-13,2025-08-13 14:28:08.900,MO2508-C-7500,1.0,1.0,1.2
2025-08-13,2025-08-13 14:28:09.400,MO2508-C-7500,1.0,1.0,1.2
2025-08-13,2025-08-13 14:28:10.400,MO2508-C-7500,1.0,1.0,1.2
2025-08-13,2025-08-13 14:28:10.900,MO2508-C-7500,1.0,1.0,1.2
2025-08-13,2025-08-13 14:28:13.400,MO2508-C-7500,1.0,1.0,1.2
2025-08-13,2025-08-13 14:28:14.400,MO2508-C-7500,1.0,1.0,1.2
2025-08-13,2025-08-13 14:28:15.400,MO2508-C-7500,1.0,1.0,1.2
2025-08-13,2025-08-13 14:28:18.900,MO2508-C-7500,1.0,1.0,1.2
2025-08-13,2025-08-13 14:28:19.400,MO2508-C-7500,1.0,1.0,1.2
2025-08-13,2025-08-13 14:28:22.400,MO2508-C-7500,1.0,1.0,1.2
2025-08-13,2025-08-13 14:28:27.400,MO2508-C-7500,1.0,1.0,1.2
2025-08-13,2025-08-13 14:28:28.900,MO2508-C-7500,1.0,1.0,1.2
2025-08-13,2025-08-13 14:28:29.400,MO2508-C-7500,1.0,1.0,1.2
2025-08-13,2025-08-13 14:28:31.400,MO2508-C-7500,1.0,1.0,1.2
2025-08-13,2025-08-13 14:28:32.400,MO2508-C-7500,1.0,1.0,1.2
2025-08-13,2025-08-13 14:28:33.900,MO2508-C-7500,1.0,1.0,1.2
2025-08-13,2025-08-13 14:28:34.400,MO2508-C-7500,1.0,1.0,1.2
2025-08-13,2025-08-13 14:28:35.900,MO2508-C-7500,1.0,1.0,1.2
2025-08-13,2025-08-13 14:28:36.400,MO2508-C-7500,1.0,1.0,1.2
2025-08-13,2025-08-13 14:28:36.900,MO2508-C-7500,1.0,1.0,1.2
2025-08-13,2025-08-13 14:28:37.400,MO2508-C-7500,1.0,1.0,1.2
2025-08-13,2025-08-13 14:28:38.400,MO2508-C-7500,1.0,1.0,1.2
2025-08-13,2025-08-13 14:28:38.900,MO2508-C-7500,1.0,1.0,1.2
2025-08-13,2025-08-13 14:28:39.400,MO2508-C-7500,1.0,1.0,1.2
2025-08-13,2025-08-13 14:28:39.900,MO2508-C-7500,1.0,1.0,1.2
2025-08-13,2025-08-13 14:28:40.400,MO2508-C-7500,1.0,1.0,1.2
2025-08-13,2025-08-13 14:28:43.900,MO2508-C-7500,1.0,1.0,1.2
2025-08-13,2025-08-13 14:28:48.900,MO2508-C-7500,1.0,1.0,1.2
2025-08-13,2025-08-13 14:28:49.400,MO2508-C-7500,1.0,1.0,1.2
2025-08-13,2025-08-13 14:28:51.900,MO2508-C-7500,1.0,1.0,1.2
2025-08-13,2025-08-13 14:28:58.900,MO2508-C-7500,1.0,1.0,1.2
2025-08-13,2025-08-13 14:28:59.400,MO2508-C-7500,1.0,1.0,1.2
2025-08-13,2025-08-13 14:29:02.900,MO2508-C-7500,1.0,1.0,1.2
2025-08-13,2025-08-13 14:29:08.900,MO2508-C-7500,1.0,1.0,1.2
2025-08-13,2025-08-13 14:29:09.400,MO2508-C-7500,1.0,1.0,1.2
2025-08-13,2025-08-13 14:29:11.400,MO2508-C-7500,1.0,1.0,1.2
2025-08-13,2025-08-13 14:29:11.900,MO2508-C-7500,1.0,1.0,1.2
2025-08-13,2025-08-13 14:29:13.400,MO2508-C-7500,1.0,1.0,1.2
2025-08-13,2025-08-13 14:29:13.900,MO2508-C-7500,1.0,1.0,1.2
2025-08-13,2025-08-13 14:29:14.900,MO2508-C-7500,1.0,1.0,1.2
2025-08-13,2025-08-13 14:29:15.400,MO2508-C-7500,1.0,1.0,1.2
2025-08-13,2025-08-13 14:29:18.900,MO2508-C-7500,1.0,1.0,1.2
2025-08-13,2025-08-13 14:29:19.400,MO2508-C-7500,1.0,1.0,1.2
2025-08-13,2025-08-13 14:29:24.900,MO2508-C-7500,1.0,1.0,1.2
2025-08-13,2025-08-13 14:29:26.400,MO2508-C-7500,1.0,1.0,1.2
2025-08-13,2025-08-13 14:29:28.400,MO2508-C-7500,1.0,1.0,1.2
2025-08-13,2025-08-13 14:29:28.900,MO2508-C-7500,1.0,1.0,1.2
2025-08-13,2025-08-13 14:29:29.400,MO2508-C-7500,1.0,1.0,1.2
2025-08-13,2025-08-13 14:29:29.900,MO2508-C-7500,1.0,1.0,1.2
2025-08-13,2025-08-13 14:29:30.900,MO2508-C-7500,1.0,1.0,1.2
2025-08-13,2025-08-13 14:29:31.900,MO2508-C-7500,1.0,1.0,1.2
2025-08-13,2025-08-13 14:29:32.400,MO2508-C-7500,1.0,1.0,1.2
2025-08-13,2025-08-13 14:29:32.900,MO2508-C-7500,1.0,1.0,1.2
2025-08-13,2025-08-13 14:29:33.400,MO2508-C-7500,1.0,1.0,1.2
2025-08-13,2025-08-13 14:29:38.900,MO2508-C-7500,1.0,1.0,1.2
2025-08-13,2025-08-13 14:29:39.400,MO2508-C-7500,1.0,1.0,1.2
2025-08-13,2025-08-13 14:29:40.400,MO2508-C-7500,1.0,1.0,1.2
2025-08-13,2025-08-13 14:29:41.900,MO2508-C-7500,1.2,1.0,1.2
2025-08-13,2025-08-13 14:29:42.400,MO2508-C-7500,1.2,1.0,1.2
2025-08-13,2025-08-13 14:29:42.900,MO2508-C-7500,1.2,1.0,1.2
2025-08-13,2025-08-13 14:29:48.900,MO2508-C-7500,1.2,1.0,1.2
2025-08-13,2025-08-13 14:29:49.400,MO2508-C-7500,1.2,1.0,1.2
2025-08-13,2025-08-13 14:29:56.400,MO2508-C-7500,1.2,1.0,1.2
2025-08-13,2025-08-13 14:29:56.900,MO2508-C-7500,1.2,1.0,1.2
2025-08-13,2025-08-13 14:29:57.400,MO2508-C-7500,1.2,1.0,1.2
2025-08-13,2025-08-13 14:29:58.900,MO2508-C-7500,1.2,1.0,1.2
2025-08-13,2025-08-13 14:29:59.400,MO2508-C-7500,1.2,1.0,1.2
2025-08-13,2025-08-13 14:30:05.900,MO2508-C-7500,1.2,1.0,1.2
2025-08-13,2025-08-13 14:30:06.400,MO2508-C-7500,1.2,1.0,1.2
2025-08-13,2025-08-13 14:30:06.900,MO2508-C-7500,1.2,1.0,1.2
2025-08-13,2025-08-13 14:30:07.400,MO2508-C-7500,1.2,1.0,1.2
2025-08-13,2025-08-13 14:30:07.900,MO2508-C-7500,1.2,1.0,1.2
2025-08-13,2025-08-13 14:30:08.400,MO2508-C-7500,1.2,1.0,1.2
2025-08-13,2025-08-13 14:30:08.900,MO2508-C-7500,1.2,1.0,1.2
2025-08-13,2025-08-13 14:30:09.400,MO2508-C-7500,1.2,1.0,1.2
2025-08-13,2025-08-13 14:30:17.400,MO2508-C-7500,1.2,1.0,1.2
2025-08-13,2025-08-13 14:30:17.900,MO2508-C-7500,1.2,1.0,1.2
2025-08-13,2025-08-13 14:30:18.900,MO2508-C-7500,1.2,1.0,1.2
2025-08-13,2025-08-13 14:30:19.400,MO2508-C-7500,1.2,1.0,1.2
2025-08-13,2025-08-13 14:30:19.900,MO2508-C-7500,1.2,1.0,1.2
2025-08-13,2025-08-13 14:30:28.900,MO2508-C-7500,1.2,1.0,1.2
2025-08-13,2025-08-13 14:30:29.400,MO2508-C-7500,1.2,1.0,1.2
2025-08-13,2025-08-13 14:30:36.400,MO2508-C-7500,1.2,1.0,1.2
2025-08-13,2025-08-13 14:30:38.900,MO2508-C-7500,1.2,1.0,1.2
2025-08-13,2025-08-13 14:30:39.400,MO2508-C-7500,1.2,1.0,1.2
2025-08-13,2025-08-13 14:30:42.900,MO2508-C-7500,1.2,1.0,1.2
2025-08-13,2025-08-13 14:30:43.400,MO2508-C-7500,1.2,1.0,1.2
2025-08-13,2025-08-13 14:30:43.900,MO2508-C-7500,1.2,1.0,1.2
2025-08-13,2025-08-13 14:30:44.400,MO2508-C-7500,1.2,1.0,1.2
2025-08-13,2025-08-13 14:30:44.900,MO2508-C-7500,1.2,1.0,1.2
2025-08-13,2025-08-13 14:30:45.400,MO2508-C-7500,1.2,1.0,1.2
2025-08-13,2025-08-13 14:30:47.900,MO2508-C-7500,1.2,1.0,1.2
2025-08-13,2025-08-13 14:30:48.900,MO2508-C-7500,1.2,1.0,1.2
2025-08-13,2025-08-13 14:30:49.400,MO2508-C-7500,1.2,1.0,1.2
2025-08-13,2025-08-13 14:30:51.400,MO2508-C-7500,1.2,1.0,1.2
2025-08-13,2025-08-13 14:30:58.900,MO2508-C-7500,1.2,1.0,1.2
2025-08-13,2025-08-13 14:30:59.400,MO2508-C-7500,1.2,1.0,1.2
2025-08-13,2025-08-13 14:31:08.900,MO2508-C-7500,1.2,1.0,1.2
2025-08-13,2025-08-13 14:31:09.400,MO2508-C-7500,1.2,1.0,1.2
2025-08-13,2025-08-13 14:31:13.900,MO2508-C-7500,1.2,1.0,1.2
2025-08-13,2025-08-13 14:31:14.400,MO2508-C-7500,1.2,1.0,1.2
2025-08-13,2025-08-13 14:31:14.900,MO2508-C-7500,1.2,1.0,1.2
2025-08-13,2025-08-13 14:31:15.400,MO2508-C-7500,1.2,1.0,1.2
2025-08-13,2025-08-13 14:31:18.900,MO2508-C-7500,1.2,1.0,1.2
2025-08-13,2025-08-13 14:31:19.400,MO2508-C-7500,1.2,1.0,1.2
2025-08-13,2025-08-13 14:31:23.400,MO2508-C-7500,1.2,1.0,1.2
2025-08-13,2025-08-13 14:31:27.400,MO2508-C-7500,1.2,1.0,1.2
2025-08-13,2025-08-13 14:31:27.900,MO2508-C-7500,1.2,1.0,1.2
2025-08-13,2025-08-13 14:31:28.900,MO2508-C-7500,1.2,1.0,1.2
2025-08-13,2025-08-13 14:31:29.400,MO2508-C-7500,1.2,1.0,1.2
2025-08-13,2025-08-13 14:31:29.900,MO2508-C-7500,1.2,1.0,1.2
2025-08-13,2025-08-13 14:31:30.400,MO2508-C-7500,1.2,1.0,1.2
2025-08-13,2025-08-13 14:31:30.900,MO2508-C-7500,1.2,1.0,1.2
2025-08-13,2025-08-13 14:31:31.900,MO2508-C-7500,1.2,1.0,1.2
2025-08-13,2025-08-13 14:31:32.400,MO2508-C-7500,1.2,1.0,1.2
2025-08-13,2025-08-13 14:31:38.900,MO2508-C-7500,1.2,1.0,1.2
2025-08-13,2025-08-13 14:31:39.400,MO2508-C-7500,1.2,1.0,1.2
2025-08-13,2025-08-13 14:31:39.900,MO2508-C-7500,1.2,1.0,1.2
2025-08-13,2025-08-13 14:31:42.400,MO2508-C-7500,1.2,1.0,1.2
2025-08-13,2025-08-13 14:31:42.900,MO2508-C-7500,1.2,1.0,1.2
2025-08-13,2025-08-13 14:31:43.900,MO2508-C-7500,1.2,1.0,1.2
2025-08-13,2025-08-13 14:31:47.400,MO2508-C-7500,1.2,1.0,1.2
2025-08-13,2025-08-13 14:31:47.900,MO2508-C-7500,1.2,1.0,1.2
2025-08-13,2025-08-13 14:31:48.400,MO2508-C-7500,1.2,1.0,1.2
2025-08-13,2025-08-13 14:31:48.900,MO2508-C-7500,1.2,1.0,1.2
2025-08-13,2025-08-13 14:31:49.400,MO2508-C-7500,1.2,1.0,1.2
2025-08-13,2025-08-13 14:31:51.400,MO2508-C-7500,1.2,1.0,1.2
2025-08-13,2025-08-13 14:31:53.900,MO2508-C-7500,1.2,1.0,1.2
2025-08-13,2025-08-13 14:31:54.400,MO2508-C-7500,1.2,1.0,1.2
2025-08-13,2025-08-13 14:31:55.400,MO2508-C-7500,1.2,1.0,1.2
2025-08-13,2025-08-13 14:31:58.900,MO2508-C-7500,1.2,1.0,1.2
2025-08-13,2025-08-13 14:31:59.400,MO2508-C-7500,1.2,1.0,1.2
2025-08-13,2025-08-13 14:32:01.900,MO2508-C-7500,1.2,1.0,1.2
2025-08-13,2025-08-13 14:32:08.900,MO2508-C-7500,1.2,1.0,1.2
2025-08-13,2025-08-13 14:32:09.400,MO2508-C-7500,1.2,1.0,1.2
2025-08-13,2025-08-13 14:32:13.400,MO2508-C-7500,1.2,1.0,1.2
2025-08-13,2025-08-13 14:32:14.400,MO2508-C-7500,1.2,1.0,1.2
2025-08-13,2025-08-13 14:32:15.400,MO2508-C-7500,1.2,1.0,1.2
2025-08-13,2025-08-13 14:32:16.900,MO2508-C-7500,1.2,1.0,1.2
2025-08-13,2025-08-13 14:32:18.900,MO2508-C-7500,1.2,1.0,1.2
2025-08-13,2025-08-13 14:32:19.400,MO2508-C-7500,1.2,1.0,1.2
2025-08-13,2025-08-13 14:32:19.900,MO2508-C-7500,1.2,1.0,1.2
2025-08-13,2025-08-13 14:32:20.400,MO2508-C-7500,1.2,1.0,1.2
2025-08-13,2025-08-13 14:32:22.900,MO2508-C-7500,1.2,1.0,1.2
2025-08-13,2025-08-13 14:32:28.900,MO2508-C-7500,1.2,1.0,1.2
2025-08-13,2025-08-13 14:32:29.400,MO2508-C-7500,1.2,1.0,1.2
2025-08-13,2025-08-13 14:32:35.400,MO2508-C-7500,1.2,1.0,1.2
2025-08-13,2025-08-13 14:32:35.900,MO2508-C-7500,1.2,1.0,1.2
2025-08-13,2025-08-13 14:32:38.400,MO2508-C-7500,1.2,1.0,1.2
2025-08-13,2025-08-13 14:32:38.900,MO2508-C-7500,1.2,1.0,1.2
2025-08-13,2025-08-13 14:32:39.400,MO2508-C-7500,1.2,1.0,1.2
2025-08-13,2025-08-13 14:32:43.900,MO2508-C-7500,1.2,1.0,1.2
2025-08-13,2025-08-13 14:32:44.400,MO2508-C-7500,1.2,1.0,1.2
2025-08-13,2025-08-13 14:32:47.900,MO2508-C-7500,1.2,1.0,1.2
2025-08-13,2025-08-13 14:32:48.900,MO2508-C-7500,1.2,1.0,1.2
2025-08-13,2025-08-13 14:32:49.400,MO2508-C-7500,1.2,1.0,1.2
2025-08-13,2025-08-13 14:32:51.400,MO2508-C-7500,1.2,1.0,1.2
2025-08-13,2025-08-13 14:32:58.900,MO2508-C-7500,1.2,1.0,1.2
2025-08-13,2025-08-13 14:32:59.400,MO2508-C-7500,1.2,1.0,1.2
2025-08-13,2025-08-13 14:33:08.900,MO2508-C-7500,1.2,1.0,1.2
2025-08-13,2025-08-13 14:33:09.400,MO2508-C-7500,1.2,1.0,1.2
2025-08-13,2025-08-13 14:33:09.900,MO2508-C-7500,1.2,1.0,1.2
2025-08-13,2025-08-13 14:33:10.400,MO2508-C-7500,1.2,1.0,1.2
2025-08-13,2025-08-13 14:33:13.400,MO2508-C-7500,1.0,1.0,1.2
2025-08-13,2025-08-13 14:33:18.900,MO2508-C-7500,1.0,1.0,1.2
2025-08-13,2025-08-13 14:33:19.400,MO2508-C-7500,1.0,1.0,1.2
2025-08-13,2025-08-13 14:33:19.900,MO2508-C-7500,1.0,1.0,1.2
2025-08-13,2025-08-13 14:33:28.900,MO2508-C-7500,1.0,1.0,1.2
2025-08-13,2025-08-13 14:33:29.400,MO2508-C-7500,1.0,1.0,1.2
2025-08-13,2025-08-13 14:33:38.900,MO2508-C-7500,1.0,1.0,1.2
2025-08-13,2025-08-13 14:33:39.400,MO2508-C-7500,1.0,1.0,1.2
2025-08-13,2025-08-13 14:33:42.900,MO2508-C-7500,1.0,1.0,1.2
2025-08-13,2025-08-13 14:33:43.900,MO2508-C-7500,1.0,1.0,1.2
2025-08-13,2025-08-13 14:33:48.900,MO2508-C-7500,1.0,1.0,1.2
2025-08-13,2025-08-13 14:33:49.400,MO2508-C-7500,1.0,1.0,1.2
2025-08-13,2025-08-13 14:33:49.900,MO2508-C-7500,1.0,1.0,1.2
2025-08-13,2025-08-13 14:33:58.900,MO2508-C-7500,1.0,1.0,1.2
2025-08-13,2025-08-13 14:33:59.400,MO2508-C-7500,1.0,1.0,1.2
2025-08-13,2025-08-13 14:34:04.900,MO2508-C-7500,1.0,1.0,1.2
2025-08-13,2025-08-13 14:34:08.900,MO2508-C-7500,1.0,1.0,1.2
2025-08-13,2025-08-13 14:34:09.400,MO2508-C-7500,1.0,1.0,1.2
2025-08-13,2025-08-13 14:34:17.400,MO2508-C-7500,1.0,1.0,1.2
2025-08-13,2025-08-13 14:34:18.900,MO2508-C-7500,1.0,1.0,1.2
2025-08-13,2025-08-13 14:34:19.400,MO2508-C-7500,1.0,1.0,1.2
2025-08-13,2025-08-13 14:34:26.400,MO2508-C-7500,1.0,1.0,1.2
2025-08-13,2025-08-13 14:34:28.900,MO2508-C-7500,1.0,1.0,1.2
2025-08-13,2025-08-13 14:34:29.400,MO2508-C-7500,1.0,1.0,1.2
2025-08-13,2025-08-13 14:34:38.400,MO2508-C-7500,1.0,1.0,1.2
2025-08-13,2025-08-13 14:34:38.900,MO2508-C-7500,1.0,1.0,1.2
2025-08-13,2025-08-13 14:34:39.400,MO2508-C-7500,1.0,1.0,1.2
2025-08-13,2025-08-13 14:34:40.900,MO2508-C-7500,1.0,1.0,1.2
2025-08-13,2025-08-13 14:34:48.400,MO2508-C-7500,1.0,1.0,1.2
2025-08-13,2025-08-13 14:34:48.900,MO2508-C-7500,1.0,1.0,1.2
2025-08-13,2025-08-13 14:34:49.400,MO2508-C-7500,1.0,1.0,1.2
2025-08-13,2025-08-13 14:34:51.400,MO2508-C-7500,1.0,1.0,1.2
2025-08-13,2025-08-13 14:34:55.400,MO2508-C-7500,1.0,1.0,1.2
2025-08-13,2025-08-13 14:34:58.900,MO2508-C-7500,1.0,1.0,1.2
2025-08-13,2025-08-13 14:34:59.400,MO2508-C-7500,1.0,1.0,1.2
2025-08-13,2025-08-13 14:35:08.900,MO2508-C-7500,1.0,1.0,1.2
2025-08-13,2025-08-13 14:35:09.400,MO2508-C-7500,1.0,1.0,1.2
2025-08-13,2025-08-13 14:35:10.400,MO2508-C-7500,1.0,1.0,1.2
2025-08-13,2025-08-13 14:35:10.900,MO2508-C-7500,1.0,1.0,1.2
2025-08-13,2025-08-13 14:35:18.900,MO2508-C-7500,1.0,1.0,1.2
2025-08-13,2025-08-13 14:35:19.400,MO2508-C-7500,1.0,1.0,1.2
2025-08-13,2025-08-13 14:35:19.900,MO2508-C-7500,1.0,1.0,1.2
2025-08-13,2025-08-13 14:35:28.900,MO2508-C-7500,1.0,1.0,1.2
2025-08-13,2025-08-13 14:35:29.400,MO2508-C-7500,1.0,1.0,1.2
2025-08-13,2025-08-13 14:35:38.900,MO2508-C-7500,1.0,1.0,1.2
2025-08-13,2025-08-13 14:35:39.400,MO2508-C-7500,1.0,1.0,1.2
2025-08-13,2025-08-13 14:35:46.400,MO2508-C-7500,1.0,1.0,1.2
2025-08-13,2025-08-13 14:35:48.900,MO2508-C-7500,1.0,1.0,1.2
2025-08-13,2025-08-13 14:35:49.400,MO2508-C-7500,1.0,1.0,1.2
2025-08-13,2025-08-13 14:35:52.400,MO2508-C-7500,1.0,1.0,1.2
2025-08-13,2025-08-13 14:35:55.400,MO2508-C-7500,1.0,1.0,1.2
2025-08-13,2025-08-13 14:35:58.900,MO2508-C-7500,1.0,1.0,1.2
2025-08-13,2025-08-13 14:35:59.400,MO2508-C-7500,1.0,1.0,1.2
2025-08-13,2025-08-13 14:36:01.400,MO2508-C-7500,1.0,1.0,1.2
2025-08-13,2025-08-13 14:36:06.400,MO2508-C-7500,1.0,1.0,1.2
2025-08-13,2025-08-13 14:36:08.900,MO2508-C-7500,1.0,1.0,1.2
2025-08-13,2025-08-13 14:36:09.400,MO2508-C-7500,1.0,1.0,1.2
2025-08-13,2025-08-13 14:36:10.900,MO2508-C-7500,1.0,1.0,1.2
2025-08-13,2025-08-13 14:36:14.900,MO2508-C-7500,1.0,1.0,1.2
2025-08-13,2025-08-13 14:36:15.400,MO2508-C-7500,1.0,1.0,1.2
2025-08-13,2025-08-13 14:36:18.900,MO2508-C-7500,1.0,1.0,1.2
2025-08-13,2025-08-13 14:36:19.400,MO2508-C-7500,1.0,1.0,1.2
2025-08-13,2025-08-13 14:36:28.900,MO2508-C-7500,1.0,1.0,1.2
2025-08-13,2025-08-13 14:36:29.400,MO2508-C-7500,1.0,1.0,1.2
2025-08-13,2025-08-13 14:36:33.400,MO2508-C-7500,1.0,1.0,1.2
2025-08-13,2025-08-13 14:36:33.900,MO2508-C-7500,1.0,1.0,1.2
2025-08-13,2025-08-13 14:36:35.900,MO2508-C-7500,1.0,1.0,1.2
2025-08-13,2025-08-13 14:36:36.400,MO2508-C-7500,1.0,1.0,1.2
2025-08-13,2025-08-13 14:36:36.900,MO2508-C-7500,1.0,1.0,1.2
2025-08-13,2025-08-13 14:36:37.400,MO2508-C-7500,1.0,1.0,1.2
2025-08-13,2025-08-13 14:36:38.900,MO2508-C-7500,1.0,1.0,1.2
2025-08-13,2025-08-13 14:36:39.400,MO2508-C-7500,1.0,1.0,1.2
2025-08-13,2025-08-13 14:36:41.400,MO2508-C-7500,1.0,1.0,1.2
2025-08-13,2025-08-13 14:36:41.900,MO2508-C-7500,1.0,1.0,1.2
2025-08-13,2025-08-13 14:36:48.900,MO2508-C-7500,1.0,1.0,1.2
2025-08-13,2025-08-13 14:36:49.400,MO2508-C-7500,1.0,1.0,1.2
2025-08-13,2025-08-13 14:36:58.900,MO2508-C-7500,1.0,1.0,1.2
2025-08-13,2025-08-13 14:36:59.400,MO2508-C-7500,1.0,1.0,1.2
2025-08-13,2025-08-13 14:37:08.900,MO2508-C-7500,1.0,1.0,1.2
2025-08-13,2025-08-13 14:37:09.400,MO2508-C-7500,1.0,1.0,1.2
2025-08-13,2025-08-13 14:37:10.900,MO2508-C-7500,1.0,1.0,1.2
2025-08-13,2025-08-13 14:37:18.900,MO2508-C-7500,1.0,1.0,1.2
2025-08-13,2025-08-13 14:37:19.400,MO2508-C-7500,1.0,1.0,1.2
2025-08-13,2025-08-13 14:37:21.900,MO2508-C-7500,1.0,1.0,1.2
2025-08-13,2025-08-13 14:37:28.900,MO2508-C-7500,1.0,1.0,1.2
2025-08-13,2025-08-13 14:37:29.400,MO2508-C-7500,1.0,1.0,1.2
2025-08-13,2025-08-13 14:37:30.400,MO2508-C-7500,1.0,1.0,1.2
2025-08-13,2025-08-13 14:37:30.900,MO2508-C-7500,1.0,1.0,1.2
2025-08-13,2025-08-13 14:37:32.400,MO2508-C-7500,1.0,1.0,1.2
2025-08-13,2025-08-13 14:37:36.400,MO2508-C-7500,1.0,1.0,1.2
2025-08-13,2025-08-13 14:37:38.900,MO2508-C-7500,1.0,1.0,1.2
2025-08-13,2025-08-13 14:37:39.400,MO2508-C-7500,1.0,1.0,1.2
2025-08-13,2025-08-13 14:37:40.400,MO2508-C-7500,1.0,1.0,1.2
2025-08-13,2025-08-13 14:37:44.900,MO2508-C-7500,1.0,1.0,1.2
2025-08-13,2025-08-13 14:37:45.900,MO2508-C-7500,1.0,1.0,1.2
2025-08-13,2025-08-13 14:37:46.900,MO2508-C-7500,1.0,1.0,1.2
2025-08-13,2025-08-13 14:37:48.900,MO2508-C-7500,1.0,1.0,1.2
2025-08-13,2025-08-13 14:37:49.400,MO2508-C-7500,1.0,1.0,1.2
2025-08-13,2025-08-13 14:37:56.900,MO2508-C-7500,1.0,1.0,1.2
2025-08-13,2025-08-13 14:37:57.900,MO2508-C-7500,1.0,1.0,1.2
2025-08-13,2025-08-13 14:37:58.900,MO2508-C-7500,1.0,1.0,1.2
2025-08-13,2025-08-13 14:37:59.400,MO2508-C-7500,1.0,1.0,1.2
2025-08-13,2025-08-13 14:38:00.900,MO2508-C-7500,1.0,1.0,1.2
2025-08-13,2025-08-13 14:38:03.400,MO2508-C-7500,1.0,1.0,1.2
2025-08-13,2025-08-13 14:38:03.900,MO2508-C-7500,1.0,1.0,1.2
2025-08-13,2025-08-13 14:38:08.900,MO2508-C-7500,1.0,1.0,1.2
2025-08-13,2025-08-13 14:38:09.400,MO2508-C-7500,1.0,1.0,1.2
2025-08-13,2025-08-13 14:38:18.900,MO2508-C-7500,1.0,1.0,1.2
2025-08-13,2025-08-13 14:38:19.400,MO2508-C-7500,1.0,1.0,1.2
2025-08-13,2025-08-13 14:38:28.900,MO2508-C-7500,1.0,1.0,1.2
2025-08-13,2025-08-13 14:38:29.400,MO2508-C-7500,1.0,1.0,1.2
2025-08-13,2025-08-13 14:38:32.900,MO2508-C-7500,1.0,1.0,1.2
2025-08-13,2025-08-13 14:38:38.900,MO2508-C-7500,1.0,1.0,1.2
2025-08-13,2025-08-13 14:38:39.400,MO2508-C-7500,1.0,1.0,1.2
2025-08-13,2025-08-13 14:38:46.900,MO2508-C-7500,1.0,1.0,1.2
2025-08-13,2025-08-13 14:38:47.400,MO2508-C-7500,1.0,1.0,1.2
2025-08-13,2025-08-13 14:38:48.900,MO2508-C-7500,1.0,1.0,1.2
2025-08-13,2025-08-13 14:38:49.400,MO2508-C-7500,1.0,1.0,1.2
2025-08-13,2025-08-13 14:38:50.900,MO2508-C-7500,1.0,1.0,1.2
2025-08-13,2025-08-13 14:38:58.900,MO2508-C-7500,1.0,1.0,1.2
2025-08-13,2025-08-13 14:38:59.400,MO2508-C-7500,1.0,1.0,1.2
2025-08-13,2025-08-13 14:39:02.900,MO2508-C-7500,1.0,1.0,1.2
2025-08-13,2025-08-13 14:39:08.900,MO2508-C-7500,1.0,1.0,1.2
2025-08-13,2025-08-13 14:39:09.400,MO2508-C-7500,1.0,1.0,1.2
2025-08-13,2025-08-13 14:39:18.900,MO2508-C-7500,1.0,1.0,1.2
2025-08-13,2025-08-13 14:39:19.400,MO2508-C-7500,1.0,1.0,1.2
2025-08-13,2025-08-13 14:39:28.900,MO2508-C-7500,1.0,1.0,1.2
2025-08-13,2025-08-13 14:39:29.400,MO2508-C-7500,1.0,1.0,1.2
2025-08-13,2025-08-13 14:39:29.900,MO2508-C-7500,1.0,1.0,1.2
2025-08-13,2025-08-13 14:39:35.400,MO2508-C-7500,1.0,1.0,1.2
2025-08-13,2025-08-13 14:39:38.900,MO2508-C-7500,1.0,1.0,1.2
2025-08-13,2025-08-13 14:39:39.400,MO2508-C-7500,1.0,1.0,1.2
2025-08-13,2025-08-13 14:39:39.900,MO2508-C-7500,1.0,1.0,1.2
2025-08-13,2025-08-13 14:39:40.900,MO2508-C-7500,1.0,1.0,1.2
2025-08-13,2025-08-13 14:39:42.400,MO2508-C-7500,1.0,1.0,1.2
2025-08-13,2025-08-13 14:39:48.900,MO2508-C-7500,1.0,1.0,1.2
2025-08-13,2025-08-13 14:39:49.400,MO2508-C-7500,1.0,1.0,1.2
2025-08-13,2025-08-13 14:39:58.900,MO2508-C-7500,1.0,1.0,1.2
2025-08-13,2025-08-13 14:39:59.400,MO2508-C-7500,1.0,1.0,1.2
2025-08-13,2025-08-13 14:40:00.400,MO2508-C-7500,1.0,1.0,1.2
2025-08-13,2025-08-13 14:40:00.900,MO2508-C-7500,1.0,1.0,1.2
2025-08-13,2025-08-13 14:40:05.900,MO2508-C-7500,1.0,1.0,1.2
2025-08-13,2025-08-13 14:40:08.900,MO2508-C-7500,1.0,1.0,1.2
2025-08-13,2025-08-13 14:40:09.400,MO2508-C-7500,1.0,1.0,1.2
2025-08-13,2025-08-13 14:40:12.400,MO2508-C-7500,1.0,1.0,1.2
2025-08-13,2025-08-13 14:40:14.900,MO2508-C-7500,1.0,1.0,1.2
2025-08-13,2025-08-13 14:40:15.400,MO2508-C-7500,1.0,1.0,1.2
2025-08-13,2025-08-13 14:40:15.900,MO2508-C-7500,1.0,1.0,1.2
2025-08-13,2025-08-13 14:40:16.900,MO2508-C-7500,1.0,1.0,1.2
2025-08-13,2025-08-13 14:40:18.900,MO2508-C-7500,1.0,1.0,1.2
2025-08-13,2025-08-13 14:40:19.400,MO2508-C-7500,1.0,1.0,1.2
2025-08-13,2025-08-13 14:40:19.900,MO2508-C-7500,1.0,1.0,1.2
2025-08-13,2025-08-13 14:40:20.900,MO2508-C-7500,1.0,1.0,1.2
2025-08-13,2025-08-13 14:40:27.400,MO2508-C-7500,1.0,1.0,1.2
2025-08-13,2025-08-13 14:40:28.900,MO2508-C-7500,1.0,1.0,1.2
2025-08-13,2025-08-13 14:40:29.400,MO2508-C-7500,1.0,1.0,1.2
2025-08-13,2025-08-13 14:40:30.400,MO2508-C-7500,1.0,1.0,1.2
2025-08-13,2025-08-13 14:40:38.900,MO2508-C-7500,1.0,1.0,1.2
2025-08-13,2025-08-13 14:40:39.400,MO2508-C-7500,1.0,1.0,1.2
2025-08-13,2025-08-13 14:40:48.900,MO2508-C-7500,1.0,1.0,1.2
2025-08-13,2025-08-13 14:40:49.400,MO2508-C-7500,1.0,1.0,1.2
2025-08-13,2025-08-13 14:40:54.400,MO2508-C-7500,1.0,1.0,1.2
2025-08-13,2025-08-13 14:40:58.900,MO2508-C-7500,1.0,1.0,1.2
2025-08-13,2025-08-13 14:40:59.400,MO2508-C-7500,1.0,1.0,1.2
2025-08-13,2025-08-13 14:41:08.900,MO2508-C-7500,1.0,1.0,1.2
2025-08-13,2025-08-13 14:41:09.400,MO2508-C-7500,1.0,1.0,1.2
2025-08-13,2025-08-13 14:41:13.400,MO2508-C-7500,1.0,1.0,1.2
2025-08-13,2025-08-13 14:41:13.900,MO2508-C-7500,1.0,1.0,1.2
2025-08-13,2025-08-13 14:41:15.900,MO2508-C-7500,1.0,1.0,1.2
2025-08-13,2025-08-13 14:41:18.900,MO2508-C-7500,1.0,1.0,1.2
2025-08-13,2025-08-13 14:41:19.400,MO2508-C-7500,1.0,1.0,1.2
2025-08-13,2025-08-13 14:41:28.900,MO2508-C-7500,1.0,1.0,1.2
2025-08-13,2025-08-13 14:41:29.400,MO2508-C-7500,1.0,1.0,1.2
2025-08-13,2025-08-13 14:41:38.900,MO2508-C-7500,1.0,1.0,1.2
2025-08-13,2025-08-13 14:41:39.400,MO2508-C-7500,1.0,1.0,1.2
2025-08-13,2025-08-13 14:41:48.400,MO2508-C-7500,1.0,1.0,1.2
2025-08-13,2025-08-13 14:41:48.900,MO2508-C-7500,1.0,1.0,1.2
2025-08-13,2025-08-13 14:41:49.400,MO2508-C-7500,1.0,1.0,1.2
2025-08-13,2025-08-13 14:41:50.400,MO2508-C-7500,1.0,1.0,1.2
2025-08-13,2025-08-13 14:41:56.900,MO2508-C-7500,1.0,1.0,1.2
2025-08-13,2025-08-13 14:41:57.400,MO2508-C-7500,1.0,1.0,1.2
2025-08-13,2025-08-13 14:41:58.900,MO2508-C-7500,1.0,1.0,1.2
2025-08-13,2025-08-13 14:41:59.400,MO2508-C-7500,1.0,1.0,1.2
2025-08-13,2025-08-13 14:42:08.900,MO2508-C-7500,1.0,1.0,1.2
2025-08-13,2025-08-13 14:42:09.400,MO2508-C-7500,1.0,1.0,1.2
2025-08-13,2025-08-13 14:42:12.400,MO2508-C-7500,1.0,1.0,1.2
2025-08-13,2025-08-13 14:42:12.900,MO2508-C-7500,1.0,1.0,1.2
2025-08-13,2025-08-13 14:42:18.400,MO2508-C-7500,1.0,1.0,1.2
2025-08-13,2025-08-13 14:42:18.900,MO2508-C-7500,1.0,1.0,1.2
2025-08-13,2025-08-13 14:42:19.400,MO2508-C-7500,1.0,1.0,1.2
2025-08-13,2025-08-13 14:42:28.400,MO2508-C-7500,1.0,1.0,1.2
2025-08-13,2025-08-13 14:42:28.900,MO2508-C-7500,1.0,1.0,1.2
2025-08-13,2025-08-13 14:42:29.400,MO2508-C-7500,1.0,1.0,1.2
2025-08-13,2025-08-13 14:42:38.400,MO2508-C-7500,1.0,1.0,1.2
2025-08-13,2025-08-13 14:42:38.900,MO2508-C-7500,1.0,1.0,1.2
2025-08-13,2025-08-13 14:42:39.400,MO2508-C-7500,1.0,1.0,1.2
2025-08-13,2025-08-13 14:42:42.400,MO2508-C-7500,1.0,1.0,1.2
2025-08-13,2025-08-13 14:42:48.900,MO2508-C-7500,1.0,1.0,1.2
2025-08-13,2025-08-13 14:42:49.400,MO2508-C-7500,1.0,1.0,1.2
2025-08-13,2025-08-13 14:42:49.900,MO2508-C-7500,1.0,1.0,1.2
2025-08-13,2025-08-13 14:42:51.400,MO2508-C-7500,1.0,1.0,1.2
2025-08-13,2025-08-13 14:42:51.900,MO2508-C-7500,1.0,1.0,1.2
2025-08-13,2025-08-13 14:42:52.400,MO2508-C-7500,1.0,1.0,1.2
2025-08-13,2025-08-13 14:42:52.900,MO2508-C-7500,1.0,1.0,1.2
2025-08-13,2025-08-13 14:42:53.900,MO2508-C-7500,1.0,1.0,1.2
2025-08-13,2025-08-13 14:42:54.400,MO2508-C-7500,1.0,1.0,1.2
2025-08-13,2025-08-13 14:42:56.900,MO2508-C-7500,1.0,1.0,1.2
2025-08-13,2025-08-13 14:42:58.900,MO2508-C-7500,1.0,1.0,1.2
2025-08-13,2025-08-13 14:42:59.400,MO2508-C-7500,1.0,1.0,1.2
2025-08-13,2025-08-13 14:43:08.900,MO2508-C-7500,1.0,1.0,1.2
2025-08-13,2025-08-13 14:43:09.400,MO2508-C-7500,1.0,1.0,1.2
2025-08-13,2025-08-13 14:43:16.400,MO2508-C-7500,1.0,1.0,1.2
2025-08-13,2025-08-13 14:43:16.900,MO2508-C-7500,1.0,1.0,1.2
2025-08-13,2025-08-13 14:43:17.400,MO2508-C-7500,1.0,1.0,1.2
2025-08-13,2025-08-13 14:43:18.900,MO2508-C-7500,1.0,1.0,1.2
2025-08-13,2025-08-13 14:43:19.400,MO2508-C-7500,1.0,1.0,1.2
2025-08-13,2025-08-13 14:43:28.900,MO2508-C-7500,1.0,1.0,1.2
2025-08-13,2025-08-13 14:43:29.400,MO2508-C-7500,1.0,1.0,1.2
2025-08-13,2025-08-13 14:43:33.900,MO2508-C-7500,1.0,1.0,1.2
2025-08-13,2025-08-13 14:43:36.400,MO2508-C-7500,1.0,1.0,1.2
2025-08-13,2025-08-13 14:43:36.900,MO2508-C-7500,1.0,1.0,1.2
2025-08-13,2025-08-13 14:43:38.900,MO2508-C-7500,1.0,1.0,1.2
2025-08-13,2025-08-13 14:43:39.400,MO2508-C-7500,1.0,1.0,1.2
2025-08-13,2025-08-13 14:43:40.400,MO2508-C-7500,1.0,1.0,1.2
2025-08-13,2025-08-13 14:43:42.900,MO2508-C-7500,1.0,1.0,1.2
2025-08-13,2025-08-13 14:43:43.400,MO2508-C-7500,1.0,1.0,1.2
2025-08-13,2025-08-13 14:43:44.400,MO2508-C-7500,1.0,1.0,1.2
2025-08-13,2025-08-13 14:43:44.900,MO2508-C-7500,1.0,1.0,1.2
2025-08-13,2025-08-13 14:43:45.400,MO2508-C-7500,1.0,1.0,1.2
2025-08-13,2025-08-13 14:43:47.400,MO2508-C-7500,1.0,1.0,1.2
2025-08-13,2025-08-13 14:43:48.900,MO2508-C-7500,1.0,1.0,1.2
2025-08-13,2025-08-13 14:43:49.400,MO2508-C-7500,1.0,1.0,1.2
2025-08-13,2025-08-13 14:43:49.900,MO2508-C-7500,1.0,1.0,1.2
2025-08-13,2025-08-13 14:43:50.400,MO2508-C-7500,1.0,1.0,1.2
2025-08-13,2025-08-13 14:43:50.900,MO2508-C-7500,1.0,1.0,1.2
2025-08-13,2025-08-13 14:43:53.400,MO2508-C-7500,1.0,1.0,1.2
2025-08-13,2025-08-13 14:43:54.900,MO2508-C-7500,1.0,1.0,1.2
2025-08-13,2025-08-13 14:43:56.400,MO2508-C-7500,1.0,1.0,1.2
2025-08-13,2025-08-13 14:43:56.900,MO2508-C-7500,1.0,1.0,1.2
2025-08-13,2025-08-13 14:43:57.400,MO2508-C-7500,1.0,1.0,1.2
2025-08-13,2025-08-13 14:43:57.900,MO2508-C-7500,1.0,1.0,1.2
2025-08-13,2025-08-13 14:43:58.400,MO2508-C-7500,1.0,1.0,1.2
2025-08-13,2025-08-13 14:43:58.900,MO2508-C-7500,1.0,1.0,1.2
2025-08-13,2025-08-13 14:43:59.400,MO2508-C-7500,1.0,1.0,1.2
2025-08-13,2025-08-13 14:44:08.900,MO2508-C-7500,1.0,1.0,1.2
2025-08-13,2025-08-13 14:44:09.400,MO2508-C-7500,1.0,1.0,1.2
2025-08-13,2025-08-13 14:44:09.900,MO2508-C-7500,1.0,1.0,1.2
2025-08-13,2025-08-13 14:44:10.900,MO2508-C-7500,1.0,1.0,1.2
2025-08-13,2025-08-13 14:44:11.400,MO2508-C-7500,1.0,1.0,1.2
2025-08-13,2025-08-13 14:44:13.400,MO2508-C-7500,1.0,1.0,1.2
2025-08-13,2025-08-13 14:44:13.900,MO2508-C-7500,1.0,1.0,1.2
2025-08-13,2025-08-13 14:44:14.900,MO2508-C-7500,1.0,1.0,1.2
2025-08-13,2025-08-13 14:44:15.400,MO2508-C-7500,1.0,1.0,1.2
2025-08-13,2025-08-13 14:44:15.900,MO2508-C-7500,1.0,1.0,1.2
2025-08-13,2025-08-13 14:44:18.900,MO2508-C-7500,1.0,1.0,1.2
2025-08-13,2025-08-13 14:44:19.400,MO2508-C-7500,1.0,1.0,1.2
2025-08-13,2025-08-13 14:44:20.900,MO2508-C-7500,1.0,1.0,1.2
2025-08-13,2025-08-13 14:44:28.900,MO2508-C-7500,1.0,1.0,1.2
2025-08-13,2025-08-13 14:44:29.400,MO2508-C-7500,1.0,1.0,1.2
2025-08-13,2025-08-13 14:44:32.400,MO2508-C-7500,1.0,1.0,1.2
2025-08-13,2025-08-13 14:44:34.400,MO2508-C-7500,1.0,1.0,1.2
2025-08-13,2025-08-13 14:44:36.400,MO2508-C-7500,1.0,1.0,1.2
2025-08-13,2025-08-13 14:44:38.900,MO2508-C-7500,1.0,1.0,1.2
2025-08-13,2025-08-13 14:44:39.400,MO2508-C-7500,1.0,1.0,1.2
2025-08-13,2025-08-13 14:44:39.900,MO2508-C-7500,1.0,1.0,1.2
2025-08-13,2025-08-13 14:44:41.400,MO2508-C-7500,1.0,1.0,1.2
2025-08-13,2025-08-13 14:44:41.900,MO2508-C-7500,1.0,1.0,1.2
2025-08-13,2025-08-13 14:44:42.400,MO2508-C-7500,1.0,1.0,1.2
2025-08-13,2025-08-13 14:44:48.400,MO2508-C-7500,1.0,1.0,1.2
2025-08-13,2025-08-13 14:44:48.900,MO2508-C-7500,1.0,1.0,1.2
2025-08-13,2025-08-13 14:44:49.400,MO2508-C-7500,1.0,1.0,1.2
2025-08-13,2025-08-13 14:44:51.900,MO2508-C-7500,1.0,1.0,1.2
2025-08-13,2025-08-13 14:44:54.400,MO2508-C-7500,1.0,1.0,1.2
2025-08-13,2025-08-13 14:44:56.900,MO2508-C-7500,1.0,1.0,1.2
2025-08-13,2025-08-13 14:44:57.400,MO2508-C-7500,1.0,1.0,1.2
2025-08-13,2025-08-13 14:44:57.900,MO2508-C-7500,1.0,1.0,1.2
2025-08-13,2025-08-13 14:44:58.900,MO2508-C-7500,1.0,1.0,1.2
2025-08-13,2025-08-13 14:44:59.400,MO2508-C-7500,1.0,1.0,1.2
2025-08-13,2025-08-13 14:45:00.900,MO2508-C-7500,1.0,1.0,1.2
2025-08-13,2025-08-13 14:45:03.400,MO2508-C-7500,1.0,1.0,1.2
2025-08-13,2025-08-13 14:45:04.400,MO2508-C-7500,1.0,1.0,1.2
2025-08-13,2025-08-13 14:45:06.900,MO2508-C-7500,1.0,1.0,1.2
2025-08-13,2025-08-13 14:45:07.900,MO2508-C-7500,1.0,1.0,1.2
2025-08-13,2025-08-13 14:45:08.900,MO2508-C-7500,1.0,1.0,1.2
2025-08-13,2025-08-13 14:45:09.400,MO2508-C-7500,1.0,1.0,1.2
2025-08-13,2025-08-13 14:45:09.900,MO2508-C-7500,1.0,1.0,1.2
2025-08-13,2025-08-13 14:45:10.400,MO2508-C-7500,1.0,1.0,1.2
2025-08-13,2025-08-13 14:45:11.400,MO2508-C-7500,1.0,1.0,1.2
2025-08-13,2025-08-13 14:45:11.900,MO2508-C-7500,1.0,1.0,1.2
2025-08-13,2025-08-13 14:45:12.400,MO2508-C-7500,1.0,1.0,1.2
2025-08-13,2025-08-13 14:45:12.900,MO2508-C-7500,1.0,1.0,1.2
2025-08-13,2025-08-13 14:45:13.400,MO2508-C-7500,1.0,1.0,1.2
2025-08-13,2025-08-13 14:45:13.900,MO2508-C-7500,1.0,1.0,1.2
2025-08-13,2025-08-13 14:45:15.900,MO2508-C-7500,1.0,1.0,1.2
2025-08-13,2025-08-13 14:45:16.400,MO2508-C-7500,1.0,1.0,1.2
2025-08-13,2025-08-13 14:45:18.900,MO2508-C-7500,1.0,1.0,1.2
2025-08-13,2025-08-13 14:45:19.400,MO2508-C-7500,1.0,1.0,1.2
2025-08-13,2025-08-13 14:45:19.900,MO2508-C-7500,1.0,1.0,1.2
2025-08-13,2025-08-13 14:45:21.900,MO2508-C-7500,1.0,1.0,1.2
2025-08-13,2025-08-13 14:45:27.400,MO2508-C-7500,1.0,1.0,1.2
2025-08-13,2025-08-13 14:45:27.900,MO2508-C-7500,1.0,1.0,1.2
2025-08-13,2025-08-13 14:45:28.400,MO2508-C-7500,1.0,1.0,1.2
2025-08-13,2025-08-13 14:45:28.900,MO2508-C-7500,1.0,1.0,1.2
2025-08-13,2025-08-13 14:45:29.400,MO2508-C-7500,1.0,1.0,1.2
2025-08-13,2025-08-13 14:45:38.900,MO2508-C-7500,1.0,1.0,1.2
2025-08-13,2025-08-13 14:45:39.400,MO2508-C-7500,1.0,1.0,1.2
2025-08-13,2025-08-13 14:45:43.400,MO2508-C-7500,1.0,1.0,1.2
2025-08-13,2025-08-13 14:45:43.900,MO2508-C-7500,1.0,1.0,1.2
2025-08-13,2025-08-13 14:45:44.400,MO2508-C-7500,1.0,1.0,1.2
2025-08-13,2025-08-13 14:45:46.400,MO2508-C-7500,1.0,1.0,1.2
2025-08-13,2025-08-13 14:45:46.900,MO2508-C-7500,1.0,0.8,1.2
2025-08-13,2025-08-13 14:45:47.400,MO2508-C-7500,1.0,0.8,1.2
2025-08-13,2025-08-13 14:45:48.400,MO2508-C-7500,1.0,0.8,1.2
2025-08-13,2025-08-13 14:45:48.900,MO2508-C-7500,1.0,0.8,1.2
2025-08-13,2025-08-13 14:45:49.400,MO2508-C-7500,1.0,0.8,1.2
2025-08-13,2025-08-13 14:45:49.900,MO2508-C-7500,1.0,0.8,1.2
2025-08-13,2025-08-13 14:45:51.400,MO2508-C-7500,1.0,0.8,1.2
2025-08-13,2025-08-13 14:45:52.400,MO2508-C-7500,1.0,0.8,1.2
2025-08-13,2025-08-13 14:45:52.900,MO2508-C-7500,1.0,0.8,1.2
2025-08-13,2025-08-13 14:45:53.400,MO2508-C-7500,1.0,0.8,1.2
2025-08-13,2025-08-13 14:45:54.400,MO2508-C-7500,1.0,0.8,1.2
2025-08-13,2025-08-13 14:45:54.900,MO2508-C-7500,1.0,0.8,1.2
2025-08-13,2025-08-13 14:45:55.900,MO2508-C-7500,1.0,0.8,1.2
2025-08-13,2025-08-13 14:45:56.400,MO2508-C-7500,1.0,0.8,1.2
2025-08-13,2025-08-13 14:45:58.900,MO2508-C-7500,1.0,0.8,1.2
2025-08-13,2025-08-13 14:45:59.400,MO2508-C-7500,1.0,0.8,1.2
2025-08-13,2025-08-13 14:46:00.400,MO2508-C-7500,1.0,0.8,1.2
2025-08-13,2025-08-13 14:46:00.900,MO2508-C-7500,1.0,0.8,1.0
2025-08-13,2025-08-13 14:46:01.900,MO2508-C-7500,1.0,0.8,1.0
2025-08-13,2025-08-13 14:46:05.400,MO2508-C-7500,1.0,0.8,1.0
2025-08-13,2025-08-13 14:46:08.900,MO2508-C-7500,1.0,0.8,1.0
2025-08-13,2025-08-13 14:46:09.400,MO2508-C-7500,1.0,0.8,1.0
2025-08-13,2025-08-13 14:46:09.900,MO2508-C-7500,1.0,0.8,1.0
2025-08-13,2025-08-13 14:46:10.400,MO2508-C-7500,1.0,0.8,1.0
2025-08-13,2025-08-13 14:46:11.400,MO2508-C-7500,1.0,0.8,1.0
2025-08-13,2025-08-13 14:46:11.900,MO2508-C-7500,1.0,0.8,1.0
2025-08-13,2025-08-13 14:46:12.400,MO2508-C-7500,1.0,0.8,1.0
2025-08-13,2025-08-13 14:46:14.400,MO2508-C-7500,1.0,0.8,1.0
2025-08-13,2025-08-13 14:46:18.900,MO2508-C-7500,1.0,0.8,1.0
2025-08-13,2025-08-13 14:46:19.400,MO2508-C-7500,1.0,0.8,1.0
2025-08-13,2025-08-13 14:46:19.900,MO2508-C-7500,1.0,0.8,1.0
2025-08-13,2025-08-13 14:46:20.400,MO2508-C-7500,1.0,0.8,1.0
2025-08-13,2025-08-13 14:46:20.900,MO2508-C-7500,1.0,0.8,1.0
2025-08-13,2025-08-13 14:46:21.400,MO2508-C-7500,1.0,0.8,1.0
2025-08-13,2025-08-13 14:46:21.900,MO2508-C-7500,1.0,0.8,1.0
2025-08-13,2025-08-13 14:46:22.400,MO2508-C-7500,1.0,0.8,1.0
2025-08-13,2025-08-13 14:46:24.400,MO2508-C-7500,1.0,0.8,1.0
2025-08-13,2025-08-13 14:46:26.400,MO2508-C-7500,1.0,0.8,1.0
2025-08-13,2025-08-13 14:46:28.900,MO2508-C-7500,1.0,0.8,1.0
2025-08-13,2025-08-13 14:46:29.400,MO2508-C-7500,1.0,0.8,1.0
2025-08-13,2025-08-13 14:46:31.900,MO2508-C-7500,1.0,0.8,1.0
2025-08-13,2025-08-13 14:46:32.900,MO2508-C-7500,1.0,0.8,1.0
2025-08-13,2025-08-13 14:46:33.400,MO2508-C-7500,1.0,0.8,1.0
2025-08-13,2025-08-13 14:46:38.900,MO2508-C-7500,1.0,0.8,1.0
2025-08-13,2025-08-13 14:46:39.400,MO2508-C-7500,1.0,0.8,1.0
2025-08-13,2025-08-13 14:46:40.400,MO2508-C-7500,1.0,0.8,1.0
2025-08-13,2025-08-13 14:46:48.900,MO2508-C-7500,1.0,0.8,1.0
2025-08-13,2025-08-13 14:46:49.400,MO2508-C-7500,1.0,0.8,1.0
2025-08-13,2025-08-13 14:46:49.900,MO2508-C-7500,1.0,0.8,1.0
2025-08-13,2025-08-13 14:46:51.400,MO2508-C-7500,1.0,0.8,1.0
2025-08-13,2025-08-13 14:46:51.900,MO2508-C-7500,1.0,0.8,1.0
2025-08-13,2025-08-13 14:46:52.400,MO2508-C-7500,1.0,0.8,1.0
2025-08-13,2025-08-13 14:46:52.900,MO2508-C-7500,1.0,0.8,1.0
2025-08-13,2025-08-13 14:46:55.900,MO2508-C-7500,1.0,0.8,1.0
2025-08-13,2025-08-13 14:46:58.400,MO2508-C-7500,1.0,0.8,1.0
2025-08-13,2025-08-13 14:46:58.900,MO2508-C-7500,1.0,0.8,1.0
2025-08-13,2025-08-13 14:46:59.400,MO2508-C-7500,1.0,0.8,1.0
2025-08-13,2025-08-13 14:47:01.400,MO2508-C-7500,1.0,0.8,1.0
2025-08-13,2025-08-13 14:47:02.900,MO2508-C-7500,1.0,0.8,1.0
2025-08-13,2025-08-13 14:47:07.400,MO2508-C-7500,1.0,0.8,1.0
2025-08-13,2025-08-13 14:47:07.900,MO2508-C-7500,1.0,0.8,1.0
2025-08-13,2025-08-13 14:47:08.400,MO2508-C-7500,1.0,0.8,1.0
2025-08-13,2025-08-13 14:47:08.900,MO2508-C-7500,1.0,0.8,1.0
2025-08-13,2025-08-13 14:47:09.400,MO2508-C-7500,1.0,0.8,1.0
2025-08-13,2025-08-13 14:47:09.900,MO2508-C-7500,1.0,0.8,1.0
2025-08-13,2025-08-13 14:47:13.900,MO2508-C-7500,1.0,0.8,1.0
2025-08-13,2025-08-13 14:47:15.400,MO2508-C-7500,1.0,0.8,1.0
2025-08-13,2025-08-13 14:47:17.400,MO2508-C-7500,1.0,0.8,1.0
2025-08-13,2025-08-13 14:47:18.900,MO2508-C-7500,1.0,0.8,1.0
2025-08-13,2025-08-13 14:47:19.400,MO2508-C-7500,1.0,0.8,1.0
2025-08-13,2025-08-13 14:47:22.900,MO2508-C-7500,1.0,0.8,1.0
2025-08-13,2025-08-13 14:47:24.400,MO2508-C-7500,1.0,0.8,1.0
2025-08-13,2025-08-13 14:47:28.900,MO2508-C-7500,1.0,0.8,1.0
2025-08-13,2025-08-13 14:47:29.400,MO2508-C-7500,1.0,0.8,1.0
2025-08-13,2025-08-13 14:47:29.900,MO2508-C-7500,1.0,0.8,1.0
2025-08-13,2025-08-13 14:47:30.400,MO2508-C-7500,1.0,0.8,1.0
2025-08-13,2025-08-13 14:47:33.900,MO2508-C-7500,1.0,0.8,1.0
2025-08-13,2025-08-13 14:47:38.900,MO2508-C-7500,1.0,0.8,1.0
2025-08-13,2025-08-13 14:47:39.400,MO2508-C-7500,1.0,0.8,1.0
2025-08-13,2025-08-13 14:47:48.900,MO2508-C-7500,1.0,0.8,1.0
2025-08-13,2025-08-13 14:47:49.400,MO2508-C-7500,1.0,0.8,1.0
2025-08-13,2025-08-13 14:47:55.900,MO2508-C-7500,1.0,0.8,1.0
2025-08-13,2025-08-13 14:47:58.900,MO2508-C-7500,1.0,0.8,1.0
2025-08-13,2025-08-13 14:47:59.400,MO2508-C-7500,1.0,0.8,1.0
2025-08-13,2025-08-13 14:48:04.400,MO2508-C-7500,1.0,0.8,1.0
2025-08-13,2025-08-13 14:48:04.900,MO2508-C-7500,1.0,0.8,1.0
2025-08-13,2025-08-13 14:48:05.400,MO2508-C-7500,1.0,0.8,1.0
2025-08-13,2025-08-13 14:48:08.900,MO2508-C-7500,1.0,0.8,1.0
2025-08-13,2025-08-13 14:48:09.400,MO2508-C-7500,1.0,0.8,1.0
2025-08-13,2025-08-13 14:48:12.900,MO2508-C-7500,1.0,0.8,1.0
2025-08-13,2025-08-13 14:48:15.900,MO2508-C-7500,1.0,0.8,1.0
2025-08-13,2025-08-13 14:48:16.400,MO2508-C-7500,1.0,0.8,1.0
2025-08-13,2025-08-13 14:48:16.900,MO2508-C-7500,1.0,0.8,1.0
2025-08-13,2025-08-13 14:48:18.900,MO2508-C-7500,1.0,0.8,1.0
2025-08-13,2025-08-13 14:48:19.400,MO2508-C-7500,1.0,0.8,1.0
2025-08-13,2025-08-13 14:48:19.900,MO2508-C-7500,1.0,0.8,1.0
2025-08-13,2025-08-13 14:48:24.400,MO2508-C-7500,1.0,0.8,1.0
2025-08-13,2025-08-13 14:48:24.900,MO2508-C-7500,1.0,0.8,1.0
2025-08-13,2025-08-13 14:48:25.400,MO2508-C-7500,1.0,0.8,1.0
2025-08-13,2025-08-13 14:48:25.900,MO2508-C-7500,1.0,0.8,1.0
2025-08-13,2025-08-13 14:48:26.400,MO2508-C-7500,1.0,0.8,1.0
2025-08-13,2025-08-13 14:48:28.900,MO2508-C-7500,1.0,0.8,1.0
2025-08-13,2025-08-13 14:48:29.400,MO2508-C-7500,1.0,0.8,1.0
2025-08-13,2025-08-13 14:48:32.400,MO2508-C-7500,1.0,0.8,1.0
2025-08-13,2025-08-13 14:48:33.400,MO2508-C-7500,1.0,0.8,1.0
2025-08-13,2025-08-13 14:48:35.900,MO2508-C-7500,1.0,1.0,1.2
2025-08-13,2025-08-13 14:48:36.400,MO2508-C-7500,1.0,1.0,1.2
2025-08-13,2025-08-13 14:48:36.900,MO2508-C-7500,1.0,1.0,1.2
2025-08-13,2025-08-13 14:48:38.900,MO2508-C-7500,1.0,1.0,1.2
2025-08-13,2025-08-13 14:48:39.400,MO2508-C-7500,1.0,1.0,1.2
2025-08-13,2025-08-13 14:48:39.900,MO2508-C-7500,1.0,1.0,1.2
2025-08-13,2025-08-13 14:48:40.400,MO2508-C-7500,1.0,1.0,1.2
2025-08-13,2025-08-13 14:48:40.900,MO2508-C-7500,1.0,1.0,1.2
2025-08-13,2025-08-13 14:48:41.400,MO2508-C-7500,1.0,1.0,1.2
2025-08-13,2025-08-13 14:48:41.900,MO2508-C-7500,1.0,1.0,1.2
2025-08-13,2025-08-13 14:48:42.400,MO2508-C-7500,1.0,1.0,1.2
2025-08-13,2025-08-13 14:48:44.900,MO2508-C-7500,1.0,1.0,1.2
2025-08-13,2025-08-13 14:48:46.900,MO2508-C-7500,1.0,1.0,1.2
2025-08-13,2025-08-13 14:48:47.400,MO2508-C-7500,1.0,1.0,1.2
2025-08-13,2025-08-13 14:48:48.900,MO2508-C-7500,1.0,1.0,1.2
2025-08-13,2025-08-13 14:48:49.400,MO2508-C-7500,1.0,1.0,1.2
2025-08-13,2025-08-13 14:48:50.400,MO2508-C-7500,1.0,1.0,1.2
2025-08-13,2025-08-13 14:48:54.400,MO2508-C-7500,1.0,1.0,1.2
2025-08-13,2025-08-13 14:48:54.900,MO2508-C-7500,1.0,1.0,1.2
2025-08-13,2025-08-13 14:48:58.900,MO2508-C-7500,1.0,1.0,1.2
2025-08-13,2025-08-13 14:48:59.400,MO2508-C-7500,1.0,1.0,1.2
2025-08-13,2025-08-13 14:49:01.900,MO2508-C-7500,1.2,1.0,1.2
2025-08-13,2025-08-13 14:49:05.900,MO2508-C-7500,1.2,1.0,1.2
2025-08-13,2025-08-13 14:49:08.900,MO2508-C-7500,1.2,1.0,1.2
2025-08-13,2025-08-13 14:49:09.400,MO2508-C-7500,1.2,1.0,1.2
2025-08-13,2025-08-13 14:49:09.900,MO2508-C-7500,1.2,1.0,1.2
2025-08-13,2025-08-13 14:49:12.900,MO2508-C-7500,1.2,1.0,1.2
2025-08-13,2025-08-13 14:49:18.900,MO2508-C-7500,1.2,1.0,1.2
2025-08-13,2025-08-13 14:49:19.400,MO2508-C-7500,1.2,1.0,1.2
2025-08-13,2025-08-13 14:49:28.900,MO2508-C-7500,1.2,1.0,1.2
2025-08-13,2025-08-13 14:49:29.400,MO2508-C-7500,1.2,1.0,1.2
2025-08-13,2025-08-13 14:49:38.900,MO2508-C-7500,1.2,1.0,1.2
2025-08-13,2025-08-13 14:49:39.400,MO2508-C-7500,1.2,1.0,1.2
2025-08-13,2025-08-13 14:49:46.900,MO2508-C-7500,1.2,1.0,1.2
2025-08-13,2025-08-13 14:49:48.900,MO2508-C-7500,1.2,1.0,1.2
2025-08-13,2025-08-13 14:49:49.400,MO2508-C-7500,1.2,1.0,1.2
2025-08-13,2025-08-13 14:49:54.400,MO2508-C-7500,1.2,1.0,1.2
2025-08-13,2025-08-13 14:49:54.900,MO2508-C-7500,1.2,1.0,1.2
2025-08-13,2025-08-13 14:49:58.900,MO2508-C-7500,1.2,1.0,1.2
2025-08-13,2025-08-13 14:49:59.400,MO2508-C-7500,1.2,1.0,1.2
2025-08-13,2025-08-13 14:50:01.900,MO2508-C-7500,1.2,1.0,1.2
2025-08-13,2025-08-13 14:50:02.400,MO2508-C-7500,1.2,1.0,1.2
2025-08-13,2025-08-13 14:50:03.400,MO2508-C-7500,1.2,1.0,1.2
2025-08-13,2025-08-13 14:50:04.900,MO2508-C-7500,1.2,1.0,1.2
2025-08-13,2025-08-13 14:50:05.400,MO2508-C-7500,1.2,1.0,1.2
2025-08-13,2025-08-13 14:50:05.900,MO2508-C-7500,1.0,1.0,1.2
2025-08-13,2025-08-13 14:50:06.400,MO2508-C-7500,1.0,1.0,1.2
2025-08-13,2025-08-13 14:50:08.400,MO2508-C-7500,1.0,1.0,1.2
2025-08-13,2025-08-13 14:50:08.900,MO2508-C-7500,1.0,1.0,1.2
2025-08-13,2025-08-13 14:50:09.400,MO2508-C-7500,1.0,1.0,1.2
2025-08-13,2025-08-13 14:50:10.400,MO2508-C-7500,1.0,1.0,1.2
2025-08-13,2025-08-13 14:50:10.900,MO2508-C-7500,1.0,1.0,1.2
2025-08-13,2025-08-13 14:50:11.400,MO2508-C-7500,1.0,1.0,1.2
2025-08-13,2025-08-13 14:50:13.400,MO2508-C-7500,1.0,1.0,1.2
2025-08-13,2025-08-13 14:50:18.900,MO2508-C-7500,1.0,1.0,1.2
2025-08-13,2025-08-13 14:50:19.400,MO2508-C-7500,1.0,1.0,1.2
2025-08-13,2025-08-13 14:50:26.400,MO2508-C-7500,1.0,1.0,1.2
2025-08-13,2025-08-13 14:50:28.900,MO2508-C-7500,1.0,1.0,1.2
2025-08-13,2025-08-13 14:50:29.400,MO2508-C-7500,1.0,1.0,1.2
2025-08-13,2025-08-13 14:50:31.400,MO2508-C-7500,1.0,1.0,1.2
2025-08-13,2025-08-13 14:50:31.900,MO2508-C-7500,1.0,1.0,1.2
2025-08-13,2025-08-13 14:50:33.400,MO2508-C-7500,1.0,1.0,1.2
2025-08-13,2025-08-13 14:50:38.900,MO2508-C-7500,1.0,1.0,1.2
2025-08-13,2025-08-13 14:50:39.400,MO2508-C-7500,1.0,1.0,1.2
2025-08-13,2025-08-13 14:50:44.900,MO2508-C-7500,1.0,1.0,1.2
2025-08-13,2025-08-13 14:50:48.900,MO2508-C-7500,1.0,1.0,1.2
2025-08-13,2025-08-13 14:50:49.400,MO2508-C-7500,1.0,1.0,1.2
2025-08-13,2025-08-13 14:50:58.900,MO2508-C-7500,1.0,1.0,1.2
2025-08-13,2025-08-13 14:50:59.400,MO2508-C-7500,1.0,1.0,1.2
2025-08-13,2025-08-13 14:51:00.900,MO2508-C-7500,1.0,1.0,1.2
2025-08-13,2025-08-13 14:51:08.900,MO2508-C-7500,1.0,1.0,1.2
2025-08-13,2025-08-13 14:51:09.400,MO2508-C-7500,1.0,1.0,1.2
2025-08-13,2025-08-13 14:51:13.900,MO2508-C-7500,1.0,1.0,1.2
2025-08-13,2025-08-13 14:51:18.900,MO2508-C-7500,1.0,1.0,1.2
2025-08-13,2025-08-13 14:51:19.400,MO2508-C-7500,1.0,1.0,1.2
2025-08-13,2025-08-13 14:51:28.900,MO2508-C-7500,1.0,1.0,1.2
2025-08-13,2025-08-13 14:51:29.400,MO2508-C-7500,1.0,1.0,1.2
2025-08-13,2025-08-13 14:51:29.900,MO2508-C-7500,1.0,1.0,1.2
2025-08-13,2025-08-13 14:51:31.900,MO2508-C-7500,1.0,1.0,1.2
2025-08-13,2025-08-13 14:51:32.400,MO2508-C-7500,1.0,1.0,1.2
2025-08-13,2025-08-13 14:51:38.400,MO2508-C-7500,1.0,1.0,1.2
2025-08-13,2025-08-13 14:51:38.900,MO2508-C-7500,1.0,1.0,1.2
2025-08-13,2025-08-13 14:51:39.400,MO2508-C-7500,1.0,1.0,1.2
2025-08-13,2025-08-13 14:51:42.400,MO2508-C-7500,1.0,1.0,1.2
2025-08-13,2025-08-13 14:51:43.400,MO2508-C-7500,1.0,1.0,1.2
2025-08-13,2025-08-13 14:51:44.400,MO2508-C-7500,1.0,1.0,1.2
2025-08-13,2025-08-13 14:51:45.900,MO2508-C-7500,1.0,1.0,1.2
2025-08-13,2025-08-13 14:51:46.900,MO2508-C-7500,1.0,1.0,1.2
2025-08-13,2025-08-13 14:51:48.900,MO2508-C-7500,1.0,1.0,1.2
2025-08-13,2025-08-13 14:51:49.400,MO2508-C-7500,1.0,1.0,1.2
2025-08-13,2025-08-13 14:51:49.900,MO2508-C-7500,1.0,1.0,1.2
2025-08-13,2025-08-13 14:51:51.400,MO2508-C-7500,1.0,1.0,1.2
2025-08-13,2025-08-13 14:51:58.900,MO2508-C-7500,1.0,1.0,1.2
2025-08-13,2025-08-13 14:51:59.400,MO2508-C-7500,1.0,1.0,1.2
2025-08-13,2025-08-13 14:52:08.900,MO2508-C-7500,1.0,1.0,1.2
2025-08-13,2025-08-13 14:52:09.400,MO2508-C-7500,1.0,1.0,1.2
2025-08-13,2025-08-13 14:52:18.900,MO2508-C-7500,1.0,1.0,1.2
2025-08-13,2025-08-13 14:52:19.400,MO2508-C-7500,1.0,1.0,1.2
2025-08-13,2025-08-13 14:52:23.400,MO2508-C-7500,1.2,1.0,1.2
2025-08-13,2025-08-13 14:52:23.900,MO2508-C-7500,1.2,1.0,1.2
2025-08-13,2025-08-13 14:52:25.400,MO2508-C-7500,1.2,1.0,1.2
2025-08-13,2025-08-13 14:52:26.900,MO2508-C-7500,1.2,1.0,1.2
2025-08-13,2025-08-13 14:52:28.400,MO2508-C-7500,1.2,1.0,1.2
2025-08-13,2025-08-13 14:52:28.900,MO2508-C-7500,1.2,1.0,1.2
2025-08-13,2025-08-13 14:52:29.400,MO2508-C-7500,1.2,1.0,1.2
2025-08-13,2025-08-13 14:52:29.900,MO2508-C-7500,1.2,1.0,1.2
2025-08-13,2025-08-13 14:52:30.400,MO2508-C-7500,1.2,1.0,1.2
2025-08-13,2025-08-13 14:52:38.900,MO2508-C-7500,1.2,1.0,1.2
2025-08-13,2025-08-13 14:52:39.400,MO2508-C-7500,1.2,1.0,1.2
2025-08-13,2025-08-13 14:52:44.400,MO2508-C-7500,1.2,1.0,1.2
2025-08-13,2025-08-13 14:52:44.900,MO2508-C-7500,1.2,1.0,1.2
2025-08-13,2025-08-13 14:52:46.400,MO2508-C-7500,1.2,1.0,1.2
2025-08-13,2025-08-13 14:52:46.900,MO2508-C-7500,1.2,1.0,1.2
2025-08-13,2025-08-13 14:52:48.900,MO2508-C-7500,1.2,1.0,1.2
2025-08-13,2025-08-13 14:52:49.400,MO2508-C-7500,1.2,1.0,1.2
2025-08-13,2025-08-13 14:52:52.900,MO2508-C-7500,1.0,1.0,1.2
2025-08-13,2025-08-13 14:52:53.400,MO2508-C-7500,1.0,1.0,1.2
2025-08-13,2025-08-13 14:52:54.400,MO2508-C-7500,1.0,1.0,1.2
2025-08-13,2025-08-13 14:52:58.900,MO2508-C-7500,1.0,1.0,1.2
2025-08-13,2025-08-13 14:52:59.400,MO2508-C-7500,1.0,1.0,1.2
2025-08-13,2025-08-13 14:53:01.400,MO2508-C-7500,1.0,1.0,1.2
2025-08-13,2025-08-13 14:53:01.900,MO2508-C-7500,1.0,1.0,1.2
2025-08-13,2025-08-13 14:53:02.900,MO2508-C-7500,1.0,1.0,1.2
2025-08-13,2025-08-13 14:53:03.400,MO2508-C-7500,1.0,1.0,1.2
2025-08-13,2025-08-13 14:53:04.400,MO2508-C-7500,1.0,1.0,1.2
2025-08-13,2025-08-13 14:53:08.400,MO2508-C-7500,1.0,1.0,1.2
2025-08-13,2025-08-13 14:53:08.900,MO2508-C-7500,1.0,1.0,1.2
2025-08-13,2025-08-13 14:53:09.400,MO2508-C-7500,1.0,1.0,1.2
2025-08-13,2025-08-13 14:53:09.900,MO2508-C-7500,1.0,1.0,1.2
2025-08-13,2025-08-13 14:53:10.400,MO2508-C-7500,1.0,1.0,1.2
2025-08-13,2025-08-13 14:53:10.900,MO2508-C-7500,1.0,1.0,1.2
2025-08-13,2025-08-13 14:53:12.900,MO2508-C-7500,1.0,1.0,1.2
2025-08-13,2025-08-13 14:53:18.900,MO2508-C-7500,1.0,1.0,1.2
2025-08-13,2025-08-13 14:53:19.400,MO2508-C-7500,1.0,1.0,1.2
2025-08-13,2025-08-13 14:53:21.400,MO2508-C-7500,1.0,1.0,1.2
2025-08-13,2025-08-13 14:53:21.900,MO2508-C-7500,1.0,1.0,1.2
2025-08-13,2025-08-13 14:53:22.400,MO2508-C-7500,1.0,1.0,1.2
2025-08-13,2025-08-13 14:53:24.400,MO2508-C-7500,1.0,1.0,1.2
2025-08-13,2025-08-13 14:53:26.400,MO2508-C-7500,1.0,1.0,1.2
2025-08-13,2025-08-13 14:53:28.400,MO2508-C-7500,1.0,1.0,1.2
2025-08-13,2025-08-13 14:53:28.900,MO2508-C-7500,1.0,1.0,1.2
2025-08-13,2025-08-13 14:53:29.400,MO2508-C-7500,1.0,1.0,1.2
2025-08-13,2025-08-13 14:53:31.400,MO2508-C-7500,1.0,1.0,1.2
2025-08-13,2025-08-13 14:53:32.400,MO2508-C-7500,1.0,1.0,1.2
2025-08-13,2025-08-13 14:53:34.400,MO2508-C-7500,1.0,1.0,1.2
2025-08-13,2025-08-13 14:53:36.400,MO2508-C-7500,1.0,1.0,1.2
2025-08-13,2025-08-13 14:53:36.900,MO2508-C-7500,1.0,1.0,1.2
2025-08-13,2025-08-13 14:53:37.400,MO2508-C-7500,1.0,1.0,1.2
2025-08-13,2025-08-13 14:53:37.900,MO2508-C-7500,1.0,1.0,1.2
2025-08-13,2025-08-13 14:53:38.400,MO2508-C-7500,1.0,1.0,1.2
2025-08-13,2025-08-13 14:53:38.900,MO2508-C-7500,1.0,1.0,1.2
2025-08-13,2025-08-13 14:53:39.400,MO2508-C-7500,1.0,1.0,1.2
2025-08-13,2025-08-13 14:53:42.400,MO2508-C-7500,1.0,1.0,1.2
2025-08-13,2025-08-13 14:53:47.400,MO2508-C-7500,1.0,1.0,1.2
2025-08-13,2025-08-13 14:53:48.400,MO2508-C-7500,1.0,1.0,1.2
2025-08-13,2025-08-13 14:53:48.900,MO2508-C-7500,1.0,1.0,1.2
2025-08-13,2025-08-13 14:53:49.400,MO2508-C-7500,1.0,1.0,1.2
2025-08-13,2025-08-13 14:53:57.900,MO2508-C-7500,1.0,1.0,1.2
2025-08-13,2025-08-13 14:53:58.400,MO2508-C-7500,1.0,1.0,1.2
2025-08-13,2025-08-13 14:53:58.900,MO2508-C-7500,1.0,1.0,1.2
2025-08-13,2025-08-13 14:53:59.400,MO2508-C-7500,1.0,1.0,1.2
2025-08-13,2025-08-13 14:54:07.400,MO2508-C-7500,1.0,1.0,1.2
2025-08-13,2025-08-13 14:54:07.900,MO2508-C-7500,1.0,1.0,1.2
2025-08-13,2025-08-13 14:54:08.400,MO2508-C-7500,1.0,1.0,1.2
2025-08-13,2025-08-13 14:54:08.900,MO2508-C-7500,1.0,1.0,1.2
2025-08-13,2025-08-13 14:54:09.400,MO2508-C-7500,1.0,1.0,1.2
2025-08-13,2025-08-13 14:54:10.400,MO2508-C-7500,1.0,1.0,1.2
2025-08-13,2025-08-13 14:54:10.900,MO2508-C-7500,1.0,1.0,1.2
2025-08-13,2025-08-13 14:54:12.400,MO2508-C-7500,1.0,1.0,1.2
2025-08-13,2025-08-13 14:54:12.900,MO2508-C-7500,1.0,1.0,1.2
2025-08-13,2025-08-13 14:54:13.400,MO2508-C-7500,1.0,1.0,1.2
2025-08-13,2025-08-13 14:54:15.400,MO2508-C-7500,1.0,1.0,1.2
2025-08-13,2025-08-13 14:54:18.900,MO2508-C-7500,1.0,1.0,1.2
2025-08-13,2025-08-13 14:54:19.400,MO2508-C-7500,1.0,1.0,1.2
2025-08-13,2025-08-13 14:54:25.400,MO2508-C-7500,1.0,1.0,1.2
2025-08-13,2025-08-13 14:54:25.900,MO2508-C-7500,1.0,1.0,1.2
2025-08-13,2025-08-13 14:54:26.900,MO2508-C-7500,1.0,0.8,1.2
2025-08-13,2025-08-13 14:54:27.400,MO2508-C-7500,1.0,0.8,1.2
2025-08-13,2025-08-13 14:54:27.900,MO2508-C-7500,1.0,0.8,1.2
2025-08-13,2025-08-13 14:54:28.400,MO2508-C-7500,1.0,0.8,1.2
2025-08-13,2025-08-13 14:54:28.900,MO2508-C-7500,1.0,0.8,1.2
2025-08-13,2025-08-13 14:54:29.400,MO2508-C-7500,1.0,0.8,1.2
2025-08-13,2025-08-13 14:54:29.900,MO2508-C-7500,1.0,0.8,1.2
2025-08-13,2025-08-13 14:54:30.400,MO2508-C-7500,1.0,0.8,1.2
2025-08-13,2025-08-13 14:54:30.900,MO2508-C-7500,1.0,0.8,1.2
2025-08-13,2025-08-13 14:54:31.900,MO2508-C-7500,1.0,0.8,1.2
2025-08-13,2025-08-13 14:54:32.400,MO2508-C-7500,1.0,0.8,1.0
2025-08-13,2025-08-13 14:54:32.900,MO2508-C-7500,1.0,0.8,1.0
2025-08-13,2025-08-13 14:54:33.400,MO2508-C-7500,1.0,0.8,1.0
2025-08-13,2025-08-13 14:54:34.400,MO2508-C-7500,1.0,0.8,1.0
2025-08-13,2025-08-13 14:54:37.900,MO2508-C-7500,1.0,0.8,1.0
2025-08-13,2025-08-13 14:54:38.400,MO2508-C-7500,1.0,0.8,1.0
2025-08-13,2025-08-13 14:54:38.900,MO2508-C-7500,1.0,0.8,1.0
2025-08-13,2025-08-13 14:54:39.400,MO2508-C-7500,1.0,0.8,1.0
2025-08-13,2025-08-13 14:54:41.900,MO2508-C-7500,1.0,0.8,1.0
2025-08-13,2025-08-13 14:54:42.400,MO2508-C-7500,1.0,0.8,1.0
2025-08-13,2025-08-13 14:54:47.900,MO2508-C-7500,1.0,0.8,1.0
2025-08-13,2025-08-13 14:54:48.400,MO2508-C-7500,1.0,0.8,1.0
2025-08-13,2025-08-13 14:54:48.900,MO2508-C-7500,1.0,0.8,1.0
2025-08-13,2025-08-13 14:54:49.400,MO2508-C-7500,1.0,0.8,1.0
2025-08-13,2025-08-13 14:54:50.400,MO2508-C-7500,1.0,0.8,1.0
2025-08-13,2025-08-13 14:54:58.400,MO2508-C-7500,1.0,0.8,1.0
2025-08-13,2025-08-13 14:54:58.900,MO2508-C-7500,1.0,0.8,1.0
2025-08-13,2025-08-13 14:54:59.400,MO2508-C-7500,1.0,1.0,1.2
2025-08-13,2025-08-13 14:54:59.900,MO2508-C-7500,1.0,1.0,1.2
2025-08-13,2025-08-13 14:55:00.400,MO2508-C-7500,1.0,1.0,1.2
2025-08-13,2025-08-13 14:55:00.900,MO2508-C-7500,1.0,1.0,1.2
2025-08-13,2025-08-13 14:55:01.400,MO2508-C-7500,1.0,1.0,1.2
2025-08-13,2025-08-13 14:55:03.900,MO2508-C-7500,1.0,1.0,1.2
2025-08-13,2025-08-13 14:55:04.400,MO2508-C-7500,1.0,1.0,1.2
2025-08-13,2025-08-13 14:55:04.900,MO2508-C-7500,1.0,1.0,1.2
2025-08-13,2025-08-13 14:55:05.400,MO2508-C-7500,1.0,1.0,1.2
2025-08-13,2025-08-13 14:55:08.900,MO2508-C-7500,1.0,1.0,1.2
2025-08-13,2025-08-13 14:55:09.400,MO2508-C-7500,1.0,1.0,1.2
2025-08-13,2025-08-13 14:55:09.900,MO2508-C-7500,1.0,1.0,1.2
2025-08-13,2025-08-13 14:55:10.400,MO2508-C-7500,1.0,1.0,1.2
2025-08-13,2025-08-13 14:55:10.900,MO2508-C-7500,1.0,1.0,1.2
2025-08-13,2025-08-13 14:55:15.900,MO2508-C-7500,1.0,1.0,1.2
2025-08-13,2025-08-13 14:55:18.900,MO2508-C-7500,1.0,1.0,1.2
2025-08-13,2025-08-13 14:55:19.400,MO2508-C-7500,1.0,1.0,1.2
2025-08-13,2025-08-13 14:55:28.900,MO2508-C-7500,1.0,1.0,1.2
2025-08-13,2025-08-13 14:55:29.400,MO2508-C-7500,1.0,1.0,1.2
2025-08-13,2025-08-13 14:55:29.900,MO2508-C-7500,1.0,1.0,1.2
2025-08-13,2025-08-13 14:55:31.400,MO2508-C-7500,1.0,1.0,1.2
2025-08-13,2025-08-13 14:55:31.900,MO2508-C-7500,1.0,1.0,1.2
2025-08-13,2025-08-13 14:55:37.400,MO2508-C-7500,1.0,1.0,1.2
2025-08-13,2025-08-13 14:55:37.900,MO2508-C-7500,1.0,1.0,1.2
2025-08-13,2025-08-13 14:55:38.900,MO2508-C-7500,1.0,1.0,1.2
2025-08-13,2025-08-13 14:55:39.400,MO2508-C-7500,1.0,1.0,1.2
2025-08-13,2025-08-13 14:55:43.400,MO2508-C-7500,1.0,1.0,1.2
2025-08-13,2025-08-13 14:55:48.900,MO2508-C-7500,1.0,1.0,1.2
2025-08-13,2025-08-13 14:55:49.400,MO2508-C-7500,1.0,1.0,1.2
2025-08-13,2025-08-13 14:55:49.900,MO2508-C-7500,1.0,1.0,1.2
2025-08-13,2025-08-13 14:55:58.900,MO2508-C-7500,1.0,1.0,1.2
2025-08-13,2025-08-13 14:55:59.400,MO2508-C-7500,1.0,1.0,1.2
2025-08-13,2025-08-13 14:56:00.400,MO2508-C-7500,1.0,1.0,1.2
2025-08-13,2025-08-13 14:56:08.400,MO2508-C-7500,1.0,1.0,1.2
2025-08-13,2025-08-13 14:56:08.900,MO2508-C-7500,1.0,1.0,1.2
2025-08-13,2025-08-13 14:56:09.400,MO2508-C-7500,1.0,1.0,1.2
2025-08-13,2025-08-13 14:56:10.400,MO2508-C-7500,1.0,1.0,1.2
2025-08-13,2025-08-13 14:56:10.900,MO2508-C-7500,1.0,1.0,1.2
2025-08-13,2025-08-13 14:56:15.400,MO2508-C-7500,1.0,1.0,1.2
2025-08-13,2025-08-13 14:56:18.900,MO2508-C-7500,1.0,1.0,1.2
2025-08-13,2025-08-13 14:56:19.400,MO2508-C-7500,1.0,1.0,1.2
2025-08-13,2025-08-13 14:56:25.400,MO2508-C-7500,1.0,1.0,1.2
2025-08-13,2025-08-13 14:56:28.900,MO2508-C-7500,1.0,1.0,1.2
2025-08-13,2025-08-13 14:56:29.400,MO2508-C-7500,1.0,1.0,1.2
2025-08-13,2025-08-13 14:56:31.400,MO2508-C-7500,1.0,1.0,1.2
2025-08-13,2025-08-13 14:56:31.900,MO2508-C-7500,1.0,1.0,1.2
2025-08-13,2025-08-13 14:56:32.400,MO2508-C-7500,1.0,1.0,1.2
2025-08-13,2025-08-13 14:56:33.900,MO2508-C-7500,1.0,1.0,1.2
2025-08-13,2025-08-13 14:56:36.400,MO2508-C-7500,1.0,1.0,1.2
2025-08-13,2025-08-13 14:56:38.900,MO2508-C-7500,1.0,1.0,1.2
2025-08-13,2025-08-13 14:56:39.400,MO2508-C-7500,1.0,1.0,1.2
2025-08-13,2025-08-13 14:56:40.400,MO2508-C-7500,1.0,1.0,1.2
2025-08-13,2025-08-13 14:56:45.400,MO2508-C-7500,1.0,1.0,1.2
2025-08-13,2025-08-13 14:56:46.400,MO2508-C-7500,1.0,1.0,1.2
2025-08-13,2025-08-13 14:56:48.900,MO2508-C-7500,1.0,1.0,1.2
2025-08-13,2025-08-13 14:56:49.400,MO2508-C-7500,1.0,1.0,1.2
2025-08-13,2025-08-13 14:56:51.400,MO2508-C-7500,1.0,1.0,1.2
2025-08-13,2025-08-13 14:56:55.900,MO2508-C-7500,1.0,1.0,1.2
2025-08-13,2025-08-13 14:56:58.400,MO2508-C-7500,1.0,1.0,1.2
2025-08-13,2025-08-13 14:56:58.900,MO2508-C-7500,1.0,1.0,1.2
2025-08-13,2025-08-13 15:00:00.400,MO2508-C-7500,1.0,0.8,1.0
2025-08-13,2025-08-13 15:27:19.900,MO2508-C-7500,1.0,0.8,1.0
2025-08-13,2025-08-13 15:32:29.900,MO2508-C-7500,1.0,0.8,1.0
2025-08-14,2025-08-14 09:29:00.200,MO2508-C-7500,1.0,1.0,2.0
2025-08-14,2025-08-14 09:30:00.200,MO2508-C-7500,1.0,1.0,1.6
2025-08-14,2025-08-14 09:30:00.700,MO2508-C-7500,1.0,1.0,1.6
2025-08-14,2025-08-14 09:30:01.200,MO2508-C-7500,1.0,1.0,1.6
2025-08-14,2025-08-14 09:30:01.700,MO2508-C-7500,1.0,1.0,1.6
2025-08-14,2025-08-14 09:30:02.200,MO2508-C-7500,1.0,1.2,1.6
2025-08-14,2025-08-14 09:30:02.700,MO2508-C-7500,1.0,1.0,1.6
2025-08-14,2025-08-14 09:30:03.200,MO2508-C-7500,1.0,1.2,1.6
2025-08-14,2025-08-14 09:30:03.700,MO2508-C-7500,1.0,1.0,1.6
2025-08-14,2025-08-14 09:30:10.200,MO2508-C-7500,1.0,1.0,1.6
2025-08-14,2025-08-14 09:30:10.700,MO2508-C-7500,1.0,1.0,1.6
2025-08-14,2025-08-14 09:30:11.700,MO2508-C-7500,1.0,1.2,1.6
2025-08-14,2025-08-14 09:30:12.200,MO2508-C-7500,1.0,1.2,1.6
2025-08-14,2025-08-14 09:30:12.700,MO2508-C-7500,1.0,1.2,1.6
2025-08-14,2025-08-14 09:30:13.200,MO2508-C-7500,1.0,1.2,1.6
2025-08-14,2025-08-14 09:30:13.700,MO2508-C-7500,1.0,1.2,1.6
2025-08-14,2025-08-14 09:30:14.200,MO2508-C-7500,1.0,1.2,1.6
2025-08-14,2025-08-14 09:30:15.200,MO2508-C-7500,1.0,1.2,1.6
2025-08-14,2025-08-14 09:30:15.700,MO2508-C-7500,1.0,1.0,1.6
2025-08-14,2025-08-14 09:30:16.200,MO2508-C-7500,1.0,1.0,1.4
2025-08-14,2025-08-14 09:30:16.700,MO2508-C-7500,1.0,1.0,1.4
2025-08-14,2025-08-14 09:30:17.200,MO2508-C-7500,1.0,1.0,1.4
2025-08-14,2025-08-14 09:30:17.700,MO2508-C-7500,1.0,1.0,1.4
2025-08-14,2025-08-14 09:30:18.200,MO2508-C-7500,1.0,1.0,1.6
2025-08-14,2025-08-14 09:30:18.700,MO2508-C-7500,1.0,1.0,1.4
2025-08-14,2025-08-14 09:30:19.200,MO2508-C-7500,1.0,1.0,1.4
2025-08-14,2025-08-14 09:30:19.700,MO2508-C-7500,1.0,1.0,1.4
2025-08-14,2025-08-14 09:30:20.200,MO2508-C-7500,1.0,1.0,1.4
2025-08-14,2025-08-14 09:30:20.700,MO2508-C-7500,1.0,1.0,1.4
2025-08-14,2025-08-14 09:30:21.200,MO2508-C-7500,1.0,1.0,1.4
2025-08-14,2025-08-14 09:30:21.700,MO2508-C-7500,1.0,1.0,1.4
2025-08-14,2025-08-14 09:30:22.200,MO2508-C-7500,1.0,1.0,1.4
2025-08-14,2025-08-14 09:30:22.700,MO2508-C-7500,1.0,1.0,1.2
2025-08-14,2025-08-14 09:30:23.200,MO2508-C-7500,1.0,1.0,1.4
2025-08-14,2025-08-14 09:30:23.700,MO2508-C-7500,1.0,1.0,1.4
2025-08-14,2025-08-14 09:30:25.200,MO2508-C-7500,1.0,1.2,1.4
2025-08-14,2025-08-14 09:30:26.200,MO2508-C-7500,1.0,1.2,1.4
2025-08-14,2025-08-14 09:30:26.700,MO2508-C-7500,1.0,1.2,1.4
2025-08-14,2025-08-14 09:30:27.200,MO2508-C-7500,1.0,1.2,1.4
2025-08-14,2025-08-14 09:30:28.200,MO2508-C-7500,1.0,1.2,1.4
2025-08-14,2025-08-14 09:30:28.700,MO2508-C-7500,1.0,1.2,1.4
2025-08-14,2025-08-14 09:30:30.200,MO2508-C-7500,1.0,1.2,1.4
2025-08-14,2025-08-14 09:30:31.200,MO2508-C-7500,1.0,1.2,1.4
2025-08-14,2025-08-14 09:30:31.700,MO2508-C-7500,1.0,1.2,1.4
2025-08-14,2025-08-14 09:30:33.200,MO2508-C-7500,1.0,1.2,1.4
2025-08-14,2025-08-14 09:30:33.700,MO2508-C-7500,1.0,1.2,1.4
2025-08-14,2025-08-14 09:30:34.200,MO2508-C-7500,1.0,1.2,1.4
2025-08-14,2025-08-14 09:30:34.700,MO2508-C-7500,1.0,1.2,1.4
2025-08-14,2025-08-14 09:30:35.700,MO2508-C-7500,1.0,1.2,1.4
2025-08-14,2025-08-14 09:30:36.200,MO2508-C-7500,1.0,1.2,1.4
2025-08-14,2025-08-14 09:30:36.700,MO2508-C-7500,1.0,1.2,1.4
2025-08-14,2025-08-14 09:30:37.200,MO2508-C-7500,1.0,1.2,1.4
2025-08-14,2025-08-14 09:30:39.700,MO2508-C-7500,1.0,1.2,1.4
2025-08-14,2025-08-14 09:30:40.200,MO2508-C-7500,1.2,1.2,1.4
2025-08-14,2025-08-14 09:30:40.700,MO2508-C-7500,1.2,1.2,1.4
2025-08-14,2025-08-14 09:30:41.200,MO2508-C-7500,1.2,1.0,1.4
2025-08-14,2025-08-14 09:30:41.700,MO2508-C-7500,1.2,1.0,1.4
2025-08-14,2025-08-14 09:30:42.200,MO2508-C-7500,1.2,1.0,1.4
2025-08-14,2025-08-14 09:30:42.700,MO2508-C-7500,1.2,1.0,1.4
2025-08-14,2025-08-14 09:30:43.200,MO2508-C-7500,1.2,1.0,1.4
2025-08-14,2025-08-14 09:30:44.200,MO2508-C-7500,1.2,1.0,1.2
2025-08-14,2025-08-14 09:30:44.700,MO2508-C-7500,1.2,0.8,1.2
2025-08-14,2025-08-14 09:30:45.200,MO2508-C-7500,1.2,0.8,1.2
2025-08-14,2025-08-14 09:30:46.200,MO2508-C-7500,1.2,0.8,1.2
2025-08-14,2025-08-14 09:30:48.200,MO2508-C-7500,1.2,0.8,1.2
2025-08-14,2025-08-14 09:30:48.700,MO2508-C-7500,1.2,0.8,1.2
2025-08-14,2025-08-14 09:30:49.700,MO2508-C-7500,1.2,0.8,1.2
2025-08-14,2025-08-14 09:30:50.200,MO2508-C-7500,1.2,0.8,1.2
2025-08-14,2025-08-14 09:30:50.700,MO2508-C-7500,1.2,0.8,1.2
2025-08-14,2025-08-14 09:30:51.200,MO2508-C-7500,1.2,0.8,1.2
2025-08-14,2025-08-14 09:30:51.700,MO2508-C-7500,1.2,0.8,1.2
2025-08-14,2025-08-14 09:30:52.200,MO2508-C-7500,1.2,0.8,1.2
2025-08-14,2025-08-14 09:30:52.700,MO2508-C-7500,1.2,0.8,1.2
2025-08-14,2025-08-14 09:30:53.200,MO2508-C-7500,1.2,0.8,1.2
2025-08-14,2025-08-14 09:30:53.700,MO2508-C-7500,1.2,0.8,1.2
2025-08-14,2025-08-14 09:30:54.200,MO2508-C-7500,1.2,0.8,1.2
2025-08-14,2025-08-14 09:30:55.200,MO2508-C-7500,1.2,0.8,1.2
2025-08-14,2025-08-14 09:30:59.200,MO2508-C-7500,1.2,0.8,1.2
2025-08-14,2025-08-14 09:30:59.700,MO2508-C-7500,1.2,0.8,1.2
2025-08-14,2025-08-14 09:31:01.200,MO2508-C-7500,1.2,0.8,1.2
2025-08-14,2025-08-14 09:31:02.200,MO2508-C-7500,1.2,0.8,1.2
2025-08-14,2025-08-14 09:31:03.700,MO2508-C-7500,1.2,0.8,1.0
2025-08-14,2025-08-14 09:31:04.200,MO2508-C-7500,1.0,1.0,1.2
2025-08-14,2025-08-14 09:31:04.700,MO2508-C-7500,1.0,1.0,1.2
2025-08-14,2025-08-14 09:31:05.200,MO2508-C-7500,1.0,1.0,1.2
2025-08-14,2025-08-14 09:31:05.700,MO2508-C-7500,1.0,1.0,1.2
2025-08-14,2025-08-14 09:31:07.700,MO2508-C-7500,1.0,1.0,1.2
2025-08-14,2025-08-14 09:31:10.700,MO2508-C-7500,1.0,0.8,1.0
2025-08-14,2025-08-14 09:31:11.200,MO2508-C-7500,1.0,0.8,1.0
2025-08-14,2025-08-14 09:31:11.700,MO2508-C-7500,1.0,0.8,1.0
2025-08-14,2025-08-14 09:31:12.200,MO2508-C-7500,1.0,0.8,1.0
2025-08-14,2025-08-14 09:31:12.700,MO2508-C-7500,1.0,0.8,1.0
2025-08-14,2025-08-14 09:31:13.700,MO2508-C-7500,1.0,0.8,1.0
2025-08-14,2025-08-14 09:31:15.200,MO2508-C-7500,1.0,0.8,1.0
2025-08-14,2025-08-14 09:31:15.700,MO2508-C-7500,1.0,0.8,1.0
2025-08-14,2025-08-14 09:31:16.200,MO2508-C-7500,1.0,0.8,1.0
2025-08-14,2025-08-14 09:31:18.200,MO2508-C-7500,1.0,0.8,1.0
2025-08-14,2025-08-14 09:31:21.700,MO2508-C-7500,1.0,0.8,1.0
2025-08-14,2025-08-14 09:31:22.200,MO2508-C-7500,1.0,0.8,1.0
2025-08-14,2025-08-14 09:31:28.200,MO2508-C-7500,1.0,0.8,1.0
2025-08-14,2025-08-14 09:31:34.700,MO2508-C-7500,1.0,0.8,1.0
2025-08-14,2025-08-14 09:31:35.700,MO2508-C-7500,1.0,0.6,1.0
2025-08-14,2025-08-14 09:31:36.200,MO2508-C-7500,1.0,0.6,1.0
2025-08-14,2025-08-14 09:31:37.200,MO2508-C-7500,1.0,0.6,1.0
2025-08-14,2025-08-14 09:31:39.700,MO2508-C-7500,1.0,0.6,1.0
2025-08-14,2025-08-14 09:31:43.200,MO2508-C-7500,1.0,0.6,1.0
2025-08-14,2025-08-14 09:31:43.700,MO2508-C-7500,1.0,0.6,1.0
2025-08-14,2025-08-14 09:31:46.200,MO2508-C-7500,1.0,0.6,1.0
2025-08-14,2025-08-14 09:31:46.700,MO2508-C-7500,1.0,0.6,1.0
2025-08-14,2025-08-14 09:31:47.200,MO2508-C-7500,1.0,0.6,1.0
2025-08-14,2025-08-14 09:31:50.200,MO2508-C-7500,1.0,0.6,1.0
2025-08-14,2025-08-14 09:31:55.200,MO2508-C-7500,1.0,0.6,1.0
2025-08-14,2025-08-14 09:31:55.700,MO2508-C-7500,1.0,0.6,1.0
2025-08-14,2025-08-14 09:31:57.200,MO2508-C-7500,1.0,0.6,1.0
2025-08-14,2025-08-14 09:31:57.700,MO2508-C-7500,1.0,0.6,1.0
2025-08-14,2025-08-14 09:31:58.200,MO2508-C-7500,1.0,0.6,1.0
2025-08-14,2025-08-14 09:32:02.200,MO2508-C-7500,1.0,0.6,1.0
2025-08-14,2025-08-14 09:32:03.200,MO2508-C-7500,1.0,0.8,1.0
2025-08-14,2025-08-14 09:32:03.700,MO2508-C-7500,1.0,0.8,1.0
2025-08-14,2025-08-14 09:32:04.200,MO2508-C-7500,1.0,0.8,1.0
2025-08-14,2025-08-14 09:32:04.700,MO2508-C-7500,1.0,0.8,1.0
2025-08-14,2025-08-14 09:32:06.200,MO2508-C-7500,1.0,0.8,1.0
2025-08-14,2025-08-14 09:32:07.200,MO2508-C-7500,1.0,0.8,1.0
2025-08-14,2025-08-14 09:32:07.700,MO2508-C-7500,1.0,0.8,1.0
2025-08-14,2025-08-14 09:32:08.200,MO2508-C-7500,1.0,0.8,1.0
2025-08-14,2025-08-14 09:32:09.200,MO2508-C-7500,1.0,0.8,1.0
2025-08-14,2025-08-14 09:32:09.700,MO2508-C-7500,1.0,0.8,1.0
2025-08-14,2025-08-14 09:32:10.200,MO2508-C-7500,1.0,0.8,1.0
2025-08-14,2025-08-14 09:32:11.700,MO2508-C-7500,1.0,0.8,1.0
2025-08-14,2025-08-14 09:32:12.200,MO2508-C-7500,1.0,0.8,1.0
2025-08-14,2025-08-14 09:32:13.200,MO2508-C-7500,1.0,0.8,1.0
2025-08-14,2025-08-14 09:32:19.700,MO2508-C-7500,1.0,0.8,1.0
2025-08-14,2025-08-14 09:32:20.200,MO2508-C-7500,1.0,0.8,1.0
2025-08-14,2025-08-14 09:32:20.700,MO2508-C-7500,1.0,0.8,1.0
2025-08-14,2025-08-14 09:32:22.200,MO2508-C-7500,1.0,0.8,1.0
2025-08-14,2025-08-14 09:32:24.700,MO2508-C-7500,1.0,0.8,1.0
2025-08-14,2025-08-14 09:32:25.200,MO2508-C-7500,1.0,0.8,1.0
2025-08-14,2025-08-14 09:32:25.700,MO2508-C-7500,1.0,0.8,1.0
2025-08-14,2025-08-14 09:32:26.200,MO2508-C-7500,1.0,0.8,1.0
2025-08-14,2025-08-14 09:32:36.200,MO2508-C-7500,1.0,0.8,1.0
2025-08-14,2025-08-14 09:32:36.700,MO2508-C-7500,1.0,0.8,1.0
2025-08-14,2025-08-14 09:32:41.700,MO2508-C-7500,1.0,0.8,1.0
2025-08-14,2025-08-14 09:32:42.200,MO2508-C-7500,1.0,0.8,1.0
2025-08-14,2025-08-14 09:32:43.700,MO2508-C-7500,1.0,0.8,1.0
2025-08-14,2025-08-14 09:32:44.200,MO2508-C-7500,1.0,0.8,1.0
2025-08-14,2025-08-14 09:32:46.200,MO2508-C-7500,1.0,0.8,1.0
2025-08-14,2025-08-14 09:32:47.700,MO2508-C-7500,0.8,0.8,1.0
2025-08-14,2025-08-14 09:32:52.700,MO2508-C-7500,0.8,0.8,1.0
2025-08-14,2025-08-14 09:32:53.200,MO2508-C-7500,0.8,0.8,1.0
2025-08-14,2025-08-14 09:33:07.700,MO2508-C-7500,0.8,0.8,1.0
2025-08-14,2025-08-14 09:33:09.200,MO2508-C-7500,0.8,0.8,1.0
2025-08-14,2025-08-14 09:33:09.700,MO2508-C-7500,0.8,0.8,1.0
2025-08-14,2025-08-14 09:33:10.200,MO2508-C-7500,0.8,0.8,1.0
2025-08-14,2025-08-14 09:33:10.700,MO2508-C-7500,0.8,0.8,1.0
2025-08-14,2025-08-14 09:33:12.700,MO2508-C-7500,0.8,0.8,1.0
2025-08-14,2025-08-14 09:33:16.200,MO2508-C-7500,0.8,0.8,1.0
2025-08-14,2025-08-14 09:33:16.700,MO2508-C-7500,0.8,0.8,1.0
2025-08-14,2025-08-14 09:33:17.200,MO2508-C-7500,0.8,0.8,1.0
2025-08-14,2025-08-14 09:33:17.700,MO2508-C-7500,0.8,0.8,1.0
2025-08-14,2025-08-14 09:33:21.200,MO2508-C-7500,0.8,0.8,1.0
2025-08-14,2025-08-14 09:33:22.200,MO2508-C-7500,0.8,0.8,1.0
2025-08-14,2025-08-14 09:33:24.700,MO2508-C-7500,0.8,0.8,1.0
2025-08-14,2025-08-14 09:33:25.200,MO2508-C-7500,0.8,0.8,1.0
2025-08-14,2025-08-14 09:33:26.200,MO2508-C-7500,0.8,0.8,1.0
2025-08-14,2025-08-14 09:33:26.700,MO2508-C-7500,0.8,0.8,1.0
2025-08-14,2025-08-14 09:33:30.200,MO2508-C-7500,0.8,0.8,1.0
2025-08-14,2025-08-14 09:33:31.700,MO2508-C-7500,0.8,0.8,1.0
2025-08-14,2025-08-14 09:33:36.200,MO2508-C-7500,0.8,0.8,1.0
2025-08-14,2025-08-14 09:33:36.700,MO2508-C-7500,0.8,0.8,1.0
2025-08-14,2025-08-14 09:33:43.200,MO2508-C-7500,0.8,0.8,1.0
2025-08-14,2025-08-14 09:33:43.700,MO2508-C-7500,0.8,0.8,1.0
2025-08-14,2025-08-14 09:33:46.200,MO2508-C-7500,0.8,0.8,1.0
2025-08-14,2025-08-14 09:33:46.700,MO2508-C-7500,0.8,0.8,1.0
2025-08-14,2025-08-14 09:33:47.200,MO2508-C-7500,0.8,0.8,1.0
2025-08-14,2025-08-14 09:33:47.700,MO2508-C-7500,0.8,0.8,1.0
2025-08-14,2025-08-14 09:33:48.200,MO2508-C-7500,0.8,0.8,1.0
2025-08-14,2025-08-14 09:33:51.700,MO2508-C-7500,0.8,0.8,1.0
2025-08-14,2025-08-14 09:33:55.700,MO2508-C-7500,0.8,0.8,1.0
2025-08-14,2025-08-14 09:33:56.200,MO2508-C-7500,0.8,0.8,1.0
2025-08-14,2025-08-14 09:33:56.700,MO2508-C-7500,0.8,0.8,1.0
2025-08-14,2025-08-14 09:33:58.200,MO2508-C-7500,0.8,0.8,1.0
2025-08-14,2025-08-14 09:34:02.200,MO2508-C-7500,0.8,0.8,1.0
2025-08-14,2025-08-14 09:34:06.200,MO2508-C-7500,0.8,0.8,1.0
2025-08-14,2025-08-14 09:34:06.700,MO2508-C-7500,0.8,0.8,1.0
2025-08-14,2025-08-14 09:34:08.700,MO2508-C-7500,0.8,0.8,1.0
2025-08-14,2025-08-14 09:34:09.200,MO2508-C-7500,0.8,0.8,1.0
2025-08-14,2025-08-14 09:34:16.200,MO2508-C-7500,0.8,0.8,1.0
2025-08-14,2025-08-14 09:34:16.700,MO2508-C-7500,0.8,0.8,1.0
2025-08-14,2025-08-14 09:34:23.200,MO2508-C-7500,0.8,0.8,1.0
2025-08-14,2025-08-14 09:34:26.200,MO2508-C-7500,0.8,0.8,1.0
2025-08-14,2025-08-14 09:34:26.700,MO2508-C-7500,0.8,0.8,1.0
2025-08-14,2025-08-14 09:34:31.700,MO2508-C-7500,0.6,0.6,0.8
2025-08-14,2025-08-14 09:34:32.200,MO2508-C-7500,0.6,0.6,0.8
2025-08-14,2025-08-14 09:34:33.200,MO2508-C-7500,0.6,0.6,0.8
2025-08-14,2025-08-14 09:34:34.200,MO2508-C-7500,0.6,0.6,0.8
2025-08-14,2025-08-14 09:34:34.700,MO2508-C-7500,0.6,0.6,0.8
2025-08-14,2025-08-14 09:34:36.200,MO2508-C-7500,0.6,0.6,0.8
2025-08-14,2025-08-14 09:34:36.700,MO2508-C-7500,0.6,0.6,0.8
2025-08-14,2025-08-14 09:34:37.700,MO2508-C-7500,0.6,0.6,0.8
2025-08-14,2025-08-14 09:34:41.200,MO2508-C-7500,0.6,0.6,0.8
2025-08-14,2025-08-14 09:34:41.700,MO2508-C-7500,0.6,0.6,0.8
2025-08-14,2025-08-14 09:34:42.700,MO2508-C-7500,0.6,0.6,0.8
2025-08-14,2025-08-14 09:34:43.200,MO2508-C-7500,0.6,0.6,0.8
2025-08-14,2025-08-14 09:34:44.700,MO2508-C-7500,0.6,0.6,0.8
2025-08-14,2025-08-14 09:34:46.200,MO2508-C-7500,0.6,0.6,0.8
2025-08-14,2025-08-14 09:34:46.700,MO2508-C-7500,0.6,0.6,0.8
2025-08-14,2025-08-14 09:34:51.200,MO2508-C-7500,0.6,0.6,0.8
2025-08-14,2025-08-14 09:34:51.700,MO2508-C-7500,0.6,0.6,0.8
2025-08-14,2025-08-14 09:34:56.200,MO2508-C-7500,0.6,0.6,0.8
2025-08-14,2025-08-14 09:34:56.700,MO2508-C-7500,0.6,0.6,0.8
2025-08-14,2025-08-14 09:34:58.200,MO2508-C-7500,0.6,0.6,0.8
2025-08-14,2025-08-14 09:34:58.700,MO2508-C-7500,0.6,0.6,0.8
2025-08-14,2025-08-14 09:34:59.200,MO2508-C-7500,0.6,0.6,0.8
2025-08-14,2025-08-14 09:35:01.700,MO2508-C-7500,0.6,0.6,0.8
2025-08-14,2025-08-14 09:35:02.200,MO2508-C-7500,0.6,0.6,0.8
2025-08-14,2025-08-14 09:35:06.200,MO2508-C-7500,0.6,0.6,0.8
2025-08-14,2025-08-14 09:35:06.700,MO2508-C-7500,0.6,0.6,0.8
2025-08-14,2025-08-14 09:35:08.700,MO2508-C-7500,0.6,0.6,0.8
2025-08-14,2025-08-14 09:35:12.700,MO2508-C-7500,0.6,0.6,0.8
2025-08-14,2025-08-14 09:35:15.700,MO2508-C-7500,0.6,0.6,0.8
2025-08-14,2025-08-14 09:35:16.200,MO2508-C-7500,0.6,0.6,0.8
2025-08-14,2025-08-14 09:35:16.700,MO2508-C-7500,0.6,0.6,0.8
2025-08-14,2025-08-14 09:35:20.200,MO2508-C-7500,0.6,0.6,0.8
2025-08-14,2025-08-14 09:35:20.700,MO2508-C-7500,0.6,0.6,0.8
2025-08-14,2025-08-14 09:35:21.200,MO2508-C-7500,0.6,0.6,0.8
2025-08-14,2025-08-14 09:35:23.700,MO2508-C-7500,0.6,0.6,0.8
2025-08-14,2025-08-14 09:35:24.700,MO2508-C-7500,0.6,0.6,0.8
2025-08-14,2025-08-14 09:35:25.700,MO2508-C-7500,0.6,0.6,0.8
2025-08-14,2025-08-14 09:35:26.200,MO2508-C-7500,0.6,0.6,0.8
2025-08-14,2025-08-14 09:35:26.700,MO2508-C-7500,0.6,0.6,0.8
2025-08-14,2025-08-14 09:35:27.200,MO2508-C-7500,0.6,0.6,0.8
2025-08-14,2025-08-14 09:35:27.700,MO2508-C-7500,0.6,0.6,0.8
2025-08-14,2025-08-14 09:35:28.200,MO2508-C-7500,0.6,0.6,0.8
2025-08-14,2025-08-14 09:35:28.700,MO2508-C-7500,0.6,0.6,0.8
2025-08-14,2025-08-14 09:35:29.200,MO2508-C-7500,0.6,0.6,0.8
2025-08-14,2025-08-14 09:35:29.700,MO2508-C-7500,0.6,0.6,0.8
2025-08-14,2025-08-14 09:35:30.200,MO2508-C-7500,0.6,0.6,0.8
2025-08-14,2025-08-14 09:35:30.700,MO2508-C-7500,0.6,0.6,0.8
2025-08-14,2025-08-14 09:35:33.200,MO2508-C-7500,0.6,0.6,0.8
2025-08-14,2025-08-14 09:35:34.200,MO2508-C-7500,0.6,0.6,0.8
2025-08-14,2025-08-14 09:35:34.700,MO2508-C-7500,0.6,0.6,0.8
2025-08-14,2025-08-14 09:35:36.200,MO2508-C-7500,0.6,0.6,0.8
2025-08-14,2025-08-14 09:35:36.700,MO2508-C-7500,0.6,0.6,0.8
2025-08-14,2025-08-14 09:35:37.200,MO2508-C-7500,0.6,0.6,0.8
2025-08-14,2025-08-14 09:35:41.200,MO2508-C-7500,0.6,0.6,0.8
2025-08-14,2025-08-14 09:35:41.700,MO2508-C-7500,0.6,0.6,0.8
2025-08-14,2025-08-14 09:35:42.200,MO2508-C-7500,0.6,0.6,0.8
2025-08-14,2025-08-14 09:35:42.700,MO2508-C-7500,0.6,0.6,0.8
2025-08-14,2025-08-14 09:35:43.200,MO2508-C-7500,0.6,0.6,0.8
2025-08-14,2025-08-14 09:35:46.200,MO2508-C-7500,0.6,0.6,0.8
2025-08-14,2025-08-14 09:35:46.700,MO2508-C-7500,0.6,0.6,0.8
2025-08-14,2025-08-14 09:35:47.200,MO2508-C-7500,0.6,0.6,0.8
2025-08-14,2025-08-14 09:35:48.200,MO2508-C-7500,0.6,0.6,0.8
2025-08-14,2025-08-14 09:35:48.700,MO2508-C-7500,0.8,0.6,0.8
2025-08-14,2025-08-14 09:35:49.200,MO2508-C-7500,0.8,0.6,0.8
2025-08-14,2025-08-14 09:35:52.700,MO2508-C-7500,0.8,0.6,0.8
2025-08-14,2025-08-14 09:35:55.700,MO2508-C-7500,0.8,0.6,0.8
2025-08-14,2025-08-14 09:35:56.200,MO2508-C-7500,0.8,0.6,0.8
2025-08-14,2025-08-14 09:35:56.700,MO2508-C-7500,0.8,0.6,0.8
2025-08-14,2025-08-14 09:36:00.200,MO2508-C-7500,0.8,0.6,0.8
2025-08-14,2025-08-14 09:36:04.200,MO2508-C-7500,0.8,0.6,0.8
2025-08-14,2025-08-14 09:36:04.700,MO2508-C-7500,0.8,0.6,0.8
2025-08-14,2025-08-14 09:36:05.200,MO2508-C-7500,0.8,0.6,0.8
2025-08-14,2025-08-14 09:36:06.200,MO2508-C-7500,0.8,0.6,0.8
2025-08-14,2025-08-14 09:36:06.700,MO2508-C-7500,0.8,0.6,0.8
2025-08-14,2025-08-14 09:36:07.700,MO2508-C-7500,0.8,0.6,0.8
2025-08-14,2025-08-14 09:36:08.200,MO2508-C-7500,0.8,0.6,0.8
2025-08-14,2025-08-14 09:36:08.700,MO2508-C-7500,0.8,0.6,0.8
2025-08-14,2025-08-14 09:36:12.200,MO2508-C-7500,0.8,0.6,0.8
2025-08-14,2025-08-14 09:36:16.200,MO2508-C-7500,0.8,0.6,0.8
2025-08-14,2025-08-14 09:36:16.700,MO2508-C-7500,0.8,0.6,0.8
2025-08-14,2025-08-14 09:36:17.700,MO2508-C-7500,0.8,0.6,0.8
2025-08-14,2025-08-14 09:36:26.200,MO2508-C-7500,0.8,0.6,0.8
2025-08-14,2025-08-14 09:36:26.700,MO2508-C-7500,0.8,0.6,0.8
2025-08-14,2025-08-14 09:36:31.700,MO2508-C-7500,0.8,0.6,0.8
2025-08-14,2025-08-14 09:36:32.200,MO2508-C-7500,0.8,0.6,0.8
2025-08-14,2025-08-14 09:36:33.200,MO2508-C-7500,0.8,0.6,0.8
2025-08-14,2025-08-14 09:36:33.700,MO2508-C-7500,0.8,0.6,0.8
2025-08-14,2025-08-14 09:36:36.200,MO2508-C-7500,0.8,0.6,0.8
2025-08-14,2025-08-14 09:36:36.700,MO2508-C-7500,0.8,0.6,0.8
2025-08-14,2025-08-14 09:36:44.700,MO2508-C-7500,0.8,0.6,0.8
2025-08-14,2025-08-14 09:36:45.200,MO2508-C-7500,0.8,0.6,0.8
2025-08-14,2025-08-14 09:36:46.200,MO2508-C-7500,0.8,0.6,0.8
2025-08-14,2025-08-14 09:36:46.700,MO2508-C-7500,0.8,0.6,0.8
2025-08-14,2025-08-14 09:36:50.700,MO2508-C-7500,0.8,0.6,0.8
2025-08-14,2025-08-14 09:36:56.200,MO2508-C-7500,0.8,0.6,0.8
2025-08-14,2025-08-14 09:36:56.700,MO2508-C-7500,0.8,0.6,0.8
2025-08-14,2025-08-14 09:36:57.200,MO2508-C-7500,0.8,0.6,0.8
2025-08-14,2025-08-14 09:36:57.700,MO2508-C-7500,0.8,0.6,0.8
2025-08-14,2025-08-14 09:37:06.200,MO2508-C-7500,0.8,0.6,0.8
2025-08-14,2025-08-14 09:37:06.700,MO2508-C-7500,0.8,0.6,0.8
2025-08-14,2025-08-14 09:37:16.200,MO2508-C-7500,0.8,0.6,0.8
2025-08-14,2025-08-14 09:37:16.700,MO2508-C-7500,0.8,0.6,0.8
2025-08-14,2025-08-14 09:37:18.200,MO2508-C-7500,0.8,0.6,0.8
2025-08-14,2025-08-14 09:37:18.700,MO2508-C-7500,0.8,0.6,0.8
2025-08-14,2025-08-14 09:37:26.200,MO2508-C-7500,0.8,0.6,0.8
2025-08-14,2025-08-14 09:37:26.700,MO2508-C-7500,0.8,0.6,0.8
2025-08-14,2025-08-14 09:37:29.200,MO2508-C-7500,0.8,0.6,0.8
2025-08-14,2025-08-14 09:37:35.700,MO2508-C-7500,0.8,0.6,0.8
2025-08-14,2025-08-14 09:37:36.200,MO2508-C-7500,0.8,0.6,0.8
2025-08-14,2025-08-14 09:37:36.700,MO2508-C-7500,0.8,0.6,0.8
2025-08-14,2025-08-14 09:37:46.200,MO2508-C-7500,0.8,0.6,0.8
2025-08-14,2025-08-14 09:37:46.700,MO2508-C-7500,0.8,0.6,0.8
2025-08-14,2025-08-14 09:37:56.200,MO2508-C-7500,0.8,0.6,0.8
2025-08-14,2025-08-14 09:37:56.700,MO2508-C-7500,0.8,0.6,0.8
2025-08-14,2025-08-14 09:38:06.200,MO2508-C-7500,0.8,0.6,0.8
2025-08-14,2025-08-14 09:38:06.700,MO2508-C-7500,0.8,0.6,0.8
2025-08-14,2025-08-14 09:38:11.700,MO2508-C-7500,0.8,0.6,0.8
2025-08-14,2025-08-14 09:38:13.200,MO2508-C-7500,0.8,0.6,0.8
2025-08-14,2025-08-14 09:38:13.700,MO2508-C-7500,0.8,0.6,0.8
2025-08-14,2025-08-14 09:38:16.200,MO2508-C-7500,0.8,0.6,0.8
2025-08-14,2025-08-14 09:38:16.700,MO2508-C-7500,0.8,0.6,0.8
2025-08-14,2025-08-14 09:38:20.200,MO2508-C-7500,0.8,0.6,0.8
2025-08-14,2025-08-14 09:38:20.700,MO2508-C-7500,0.8,0.6,0.8
2025-08-14,2025-08-14 09:38:24.200,MO2508-C-7500,0.8,0.6,0.8
2025-08-14,2025-08-14 09:38:25.700,MO2508-C-7500,0.8,0.6,0.8
2025-08-14,2025-08-14 09:38:26.200,MO2508-C-7500,0.8,0.6,0.8
2025-08-14,2025-08-14 09:38:26.700,MO2508-C-7500,0.8,0.6,0.8
2025-08-14,2025-08-14 09:38:30.700,MO2508-C-7500,0.8,0.6,0.8
2025-08-14,2025-08-14 09:38:36.200,MO2508-C-7500,0.8,0.6,0.8
2025-08-14,2025-08-14 09:38:36.700,MO2508-C-7500,0.8,0.6,0.8
2025-08-14,2025-08-14 09:38:37.200,MO2508-C-7500,0.8,0.6,0.8
2025-08-14,2025-08-14 09:38:42.200,MO2508-C-7500,0.8,0.6,0.8
2025-08-14,2025-08-14 09:38:42.700,MO2508-C-7500,0.8,0.6,0.8
2025-08-14,2025-08-14 09:38:45.200,MO2508-C-7500,0.8,0.6,0.8
2025-08-14,2025-08-14 09:38:45.700,MO2508-C-7500,0.8,0.6,0.8
2025-08-14,2025-08-14 09:38:46.200,MO2508-C-7500,0.8,0.6,0.8
2025-08-14,2025-08-14 09:38:46.700,MO2508-C-7500,0.8,0.6,0.8
2025-08-14,2025-08-14 09:38:56.200,MO2508-C-7500,0.8,0.6,0.8
2025-08-14,2025-08-14 09:38:56.700,MO2508-C-7500,0.8,0.6,0.8
2025-08-14,2025-08-14 09:39:03.200,MO2508-C-7500,0.8,0.6,0.8
2025-08-14,2025-08-14 09:39:03.700,MO2508-C-7500,0.8,0.6,0.8
2025-08-14,2025-08-14 09:39:04.200,MO2508-C-7500,0.8,0.6,0.8
2025-08-14,2025-08-14 09:39:05.200,MO2508-C-7500,0.8,0.6,0.8
2025-08-14,2025-08-14 09:39:06.200,MO2508-C-7500,0.8,0.6,0.8
2025-08-14,2025-08-14 09:39:06.700,MO2508-C-7500,0.8,0.6,0.8
2025-08-14,2025-08-14 09:39:16.200,MO2508-C-7500,0.8,0.6,0.8
2025-08-14,2025-08-14 09:39:16.700,MO2508-C-7500,0.8,0.6,0.8
2025-08-14,2025-08-14 09:39:21.700,MO2508-C-7500,0.8,0.6,0.8
2025-08-14,2025-08-14 09:39:26.200,MO2508-C-7500,0.8,0.6,0.8
2025-08-14,2025-08-14 09:39:26.700,MO2508-C-7500,0.8,0.6,0.8
2025-08-14,2025-08-14 09:39:32.700,MO2508-C-7500,0.6,0.6,0.8
2025-08-14,2025-08-14 09:39:33.700,MO2508-C-7500,0.6,0.6,0.8
2025-08-14,2025-08-14 09:39:34.200,MO2508-C-7500,0.6,0.6,0.8
2025-08-14,2025-08-14 09:39:34.700,MO2508-C-7500,0.6,0.6,0.8
2025-08-14,2025-08-14 09:39:35.200,MO2508-C-7500,0.6,0.6,0.8
2025-08-14,2025-08-14 09:39:36.200,MO2508-C-7500,0.6,0.6,0.8
2025-08-14,2025-08-14 09:39:36.700,MO2508-C-7500,0.6,0.6,0.8
2025-08-14,2025-08-14 09:39:46.200,MO2508-C-7500,0.6,0.6,0.8
2025-08-14,2025-08-14 09:39:46.700,MO2508-C-7500,0.6,0.6,0.8
2025-08-14,2025-08-14 09:39:56.200,MO2508-C-7500,0.6,0.6,0.8
2025-08-14,2025-08-14 09:39:56.700,MO2508-C-7500,0.6,0.6,0.8
2025-08-14,2025-08-14 09:40:06.200,MO2508-C-7500,0.6,0.6,0.8
2025-08-14,2025-08-14 09:40:06.700,MO2508-C-7500,0.6,0.6,0.8
2025-08-14,2025-08-14 09:40:08.700,MO2508-C-7500,0.6,0.6,0.8
2025-08-14,2025-08-14 09:40:09.200,MO2508-C-7500,0.6,0.6,0.8
2025-08-14,2025-08-14 09:40:15.700,MO2508-C-7500,0.6,0.6,0.8
2025-08-14,2025-08-14 09:40:16.200,MO2508-C-7500,0.6,0.6,0.8
2025-08-14,2025-08-14 09:40:16.700,MO2508-C-7500,0.6,0.6,0.8
2025-08-14,2025-08-14 09:40:26.200,MO2508-C-7500,0.6,0.6,0.8
2025-08-14,2025-08-14 09:40:26.700,MO2508-C-7500,0.6,0.6,0.8
2025-08-14,2025-08-14 09:40:33.200,MO2508-C-7500,0.6,0.6,0.8
2025-08-14,2025-08-14 09:40:36.200,MO2508-C-7500,0.6,0.6,0.8
2025-08-14,2025-08-14 09:40:36.700,MO2508-C-7500,0.6,0.6,0.8
2025-08-14,2025-08-14 09:40:39.200,MO2508-C-7500,0.6,0.6,0.8
2025-08-14,2025-08-14 09:40:42.700,MO2508-C-7500,0.6,0.6,0.8
2025-08-14,2025-08-14 09:40:43.700,MO2508-C-7500,0.6,0.4,0.8
2025-08-14,2025-08-14 09:40:44.200,MO2508-C-7500,0.6,0.4,0.8
2025-08-14,2025-08-14 09:40:46.200,MO2508-C-7500,0.6,0.4,0.8
2025-08-14,2025-08-14 09:40:46.700,MO2508-C-7500,0.6,0.4,0.8
2025-08-14,2025-08-14 09:40:48.700,MO2508-C-7500,0.6,0.4,0.8
2025-08-14,2025-08-14 09:40:53.200,MO2508-C-7500,0.6,0.4,0.8
2025-08-14,2025-08-14 09:40:54.700,MO2508-C-7500,0.6,0.4,0.8
2025-08-14,2025-08-14 09:40:55.200,MO2508-C-7500,0.6,0.4,0.8
2025-08-14,2025-08-14 09:40:56.200,MO2508-C-7500,0.6,0.4,0.8
2025-08-14,2025-08-14 09:40:56.700,MO2508-C-7500,0.6,0.4,0.8
2025-08-14,2025-08-14 09:40:57.200,MO2508-C-7500,0.6,0.4,0.8
2025-08-14,2025-08-14 09:40:57.700,MO2508-C-7500,0.6,0.4,0.8
2025-08-14,2025-08-14 09:41:05.700,MO2508-C-7500,0.6,0.4,0.8
2025-08-14,2025-08-14 09:41:06.200,MO2508-C-7500,0.6,0.4,0.8
2025-08-14,2025-08-14 09:41:06.700,MO2508-C-7500,0.6,0.4,0.8
2025-08-14,2025-08-14 09:41:16.200,MO2508-C-7500,0.6,0.4,0.8
2025-08-14,2025-08-14 09:41:16.700,MO2508-C-7500,0.6,0.4,0.8
2025-08-14,2025-08-14 09:41:26.200,MO2508-C-7500,0.6,0.4,0.8
2025-08-14,2025-08-14 09:41:26.700,MO2508-C-7500,0.6,0.4,0.8
2025-08-14,2025-08-14 09:41:29.200,MO2508-C-7500,0.6,0.4,0.8
2025-08-14,2025-08-14 09:41:29.700,MO2508-C-7500,0.6,0.4,0.8
2025-08-14,2025-08-14 09:41:31.700,MO2508-C-7500,0.6,0.6,0.8
2025-08-14,2025-08-14 09:41:32.200,MO2508-C-7500,0.6,0.6,0.8
2025-08-14,2025-08-14 09:41:32.700,MO2508-C-7500,0.6,0.6,0.8
2025-08-14,2025-08-14 09:41:33.200,MO2508-C-7500,0.6,0.6,0.8
2025-08-14,2025-08-14 09:41:33.700,MO2508-C-7500,0.6,0.6,0.8
2025-08-14,2025-08-14 09:41:34.200,MO2508-C-7500,0.6,0.6,0.8
2025-08-14,2025-08-14 09:41:36.200,MO2508-C-7500,0.6,0.6,0.8
2025-08-14,2025-08-14 09:41:36.700,MO2508-C-7500,0.6,0.6,0.8
2025-08-14,2025-08-14 09:41:37.200,MO2508-C-7500,0.6,0.6,0.8
2025-08-14,2025-08-14 09:41:42.700,MO2508-C-7500,0.6,0.6,0.8
2025-08-14,2025-08-14 09:41:46.200,MO2508-C-7500,0.6,0.6,0.8
2025-08-14,2025-08-14 09:41:46.700,MO2508-C-7500,0.6,0.6,0.8
2025-08-14,2025-08-14 09:41:47.200,MO2508-C-7500,0.6,0.6,0.8
2025-08-14,2025-08-14 09:41:49.200,MO2508-C-7500,0.6,0.6,0.8
2025-08-14,2025-08-14 09:41:49.700,MO2508-C-7500,0.6,0.6,0.8
2025-08-14,2025-08-14 09:41:51.700,MO2508-C-7500,0.6,0.6,0.8
2025-08-14,2025-08-14 09:41:52.200,MO2508-C-7500,0.6,0.6,0.8
2025-08-14,2025-08-14 09:41:53.700,MO2508-C-7500,0.6,0.6,0.8
2025-08-14,2025-08-14 09:41:54.200,MO2508-C-7500,0.6,0.6,0.8
2025-08-14,2025-08-14 09:41:56.200,MO2508-C-7500,0.6,0.6,0.8
2025-08-14,2025-08-14 09:41:56.700,MO2508-C-7500,0.6,0.6,0.8
2025-08-14,2025-08-14 09:41:57.200,MO2508-C-7500,0.6,0.6,0.8
2025-08-14,2025-08-14 09:42:06.200,MO2508-C-7500,0.6,0.6,0.8
2025-08-14,2025-08-14 09:42:06.700,MO2508-C-7500,0.6,0.6,0.8
2025-08-14,2025-08-14 09:42:07.200,MO2508-C-7500,0.6,0.6,0.8
2025-08-14,2025-08-14 09:42:11.700,MO2508-C-7500,0.6,0.6,0.8
2025-08-14,2025-08-14 09:42:12.700,MO2508-C-7500,0.6,0.6,0.8
2025-08-14,2025-08-14 09:42:13.200,MO2508-C-7500,0.6,0.6,0.8
2025-08-14,2025-08-14 09:42:16.200,MO2508-C-7500,0.6,0.6,0.8
2025-08-14,2025-08-14 09:42:16.700,MO2508-C-7500,0.6,0.6,0.8
2025-08-14,2025-08-14 09:42:17.200,MO2508-C-7500,0.6,0.6,0.8
2025-08-14,2025-08-14 09:42:25.700,MO2508-C-7500,0.6,0.6,0.8
2025-08-14,2025-08-14 09:42:26.200,MO2508-C-7500,0.6,0.6,0.8
2025-08-14,2025-08-14 09:42:26.700,MO2508-C-7500,0.6,0.6,0.8
2025-08-14,2025-08-14 09:42:27.200,MO2508-C-7500,0.6,0.6,0.8
2025-08-14,2025-08-14 09:42:36.200,MO2508-C-7500,0.6,0.6,0.8
2025-08-14,2025-08-14 09:42:36.700,MO2508-C-7500,0.6,0.6,0.8
2025-08-14,2025-08-14 09:42:37.200,MO2508-C-7500,0.6,0.6,0.8
2025-08-14,2025-08-14 09:42:46.200,MO2508-C-7500,0.6,0.6,0.8
2025-08-14,2025-08-14 09:42:46.700,MO2508-C-7500,0.6,0.6,0.8
2025-08-14,2025-08-14 09:42:47.200,MO2508-C-7500,0.6,0.6,0.8
2025-08-14,2025-08-14 09:42:55.700,MO2508-C-7500,0.6,0.6,0.8
2025-08-14,2025-08-14 09:42:56.200,MO2508-C-7500,0.6,0.6,0.8
2025-08-14,2025-08-14 09:42:56.700,MO2508-C-7500,0.6,0.6,0.8
2025-08-14,2025-08-14 09:42:57.200,MO2508-C-7500,0.6,0.6,0.8
2025-08-14,2025-08-14 09:42:57.700,MO2508-C-7500,0.6,0.6,0.8
2025-08-14,2025-08-14 09:42:58.200,MO2508-C-7500,0.6,0.6,0.8
2025-08-14,2025-08-14 09:43:00.200,MO2508-C-7500,0.6,0.6,0.8
2025-08-14,2025-08-14 09:43:06.200,MO2508-C-7500,0.6,0.6,0.8
2025-08-14,2025-08-14 09:43:06.700,MO2508-C-7500,0.6,0.6,0.8
2025-08-14,2025-08-14 09:43:07.200,MO2508-C-7500,0.6,0.6,0.8
2025-08-14,2025-08-14 09:43:08.200,MO2508-C-7500,0.6,0.6,0.8
2025-08-14,2025-08-14 09:43:08.700,MO2508-C-7500,0.6,0.6,0.8
2025-08-14,2025-08-14 09:43:09.200,MO2508-C-7500,0.6,0.6,0.8
2025-08-14,2025-08-14 09:43:10.200,MO2508-C-7500,0.6,0.6,0.8
2025-08-14,2025-08-14 09:43:13.200,MO2508-C-7500,0.6,0.6,0.8
2025-08-14,2025-08-14 09:43:16.200,MO2508-C-7500,0.6,0.6,0.8
2025-08-14,2025-08-14 09:43:16.700,MO2508-C-7500,0.6,0.6,0.8
2025-08-14,2025-08-14 09:43:19.700,MO2508-C-7500,0.6,0.6,0.8
2025-08-14,2025-08-14 09:43:20.200,MO2508-C-7500,0.6,0.6,0.8
2025-08-14,2025-08-14 09:43:20.700,MO2508-C-7500,0.6,0.6,0.8
2025-08-14,2025-08-14 09:43:26.200,MO2508-C-7500,0.6,0.6,0.8
2025-08-14,2025-08-14 09:43:26.700,MO2508-C-7500,0.6,0.6,0.8
2025-08-14,2025-08-14 09:43:27.200,MO2508-C-7500,0.6,0.6,0.8
2025-08-14,2025-08-14 09:43:27.700,MO2508-C-7500,0.6,0.6,0.8
2025-08-14,2025-08-14 09:43:35.200,MO2508-C-7500,0.6,0.6,0.8
2025-08-14,2025-08-14 09:43:36.200,MO2508-C-7500,0.6,0.6,0.8
2025-08-14,2025-08-14 09:43:36.700,MO2508-C-7500,0.6,0.6,0.8
2025-08-14,2025-08-14 09:43:37.200,MO2508-C-7500,0.6,0.6,0.8
2025-08-14,2025-08-14 09:43:37.700,MO2508-C-7500,0.6,0.6,0.8
2025-08-14,2025-08-14 09:43:46.200,MO2508-C-7500,0.6,0.6,0.8
2025-08-14,2025-08-14 09:43:46.700,MO2508-C-7500,0.6,0.6,0.8
2025-08-14,2025-08-14 09:43:55.700,MO2508-C-7500,0.6,0.6,0.8
2025-08-14,2025-08-14 09:43:56.200,MO2508-C-7500,0.6,0.6,0.8
2025-08-14,2025-08-14 09:43:56.700,MO2508-C-7500,0.6,0.6,0.8
2025-08-14,2025-08-14 09:44:03.200,MO2508-C-7500,0.6,0.6,0.8
2025-08-14,2025-08-14 09:44:06.200,MO2508-C-7500,0.6,0.6,0.8
2025-08-14,2025-08-14 09:44:06.700,MO2508-C-7500,0.6,0.6,0.8
2025-08-14,2025-08-14 09:44:07.200,MO2508-C-7500,0.6,0.6,0.8
2025-08-14,2025-08-14 09:44:09.700,MO2508-C-7500,0.6,0.6,0.8
2025-08-14,2025-08-14 09:44:10.200,MO2508-C-7500,0.6,0.6,0.8
2025-08-14,2025-08-14 09:44:16.200,MO2508-C-7500,0.6,0.6,0.8
2025-08-14,2025-08-14 09:44:16.700,MO2508-C-7500,0.6,0.6,0.8
2025-08-14,2025-08-14 09:44:17.200,MO2508-C-7500,0.6,0.6,0.8
2025-08-14,2025-08-14 09:44:23.700,MO2508-C-7500,0.6,0.6,0.8
2025-08-14,2025-08-14 09:44:26.200,MO2508-C-7500,0.6,0.6,0.8
2025-08-14,2025-08-14 09:44:26.700,MO2508-C-7500,0.6,0.6,0.8
2025-08-14,2025-08-14 09:44:27.200,MO2508-C-7500,0.6,0.6,0.8
2025-08-14,2025-08-14 09:44:36.200,MO2508-C-7500,0.6,0.6,0.8
2025-08-14,2025-08-14 09:44:36.700,MO2508-C-7500,0.6,0.6,0.8
2025-08-14,2025-08-14 09:44:37.200,MO2508-C-7500,0.6,0.6,0.8
2025-08-14,2025-08-14 09:44:46.200,MO2508-C-7500,0.6,0.6,0.8
2025-08-14,2025-08-14 09:44:46.700,MO2508-C-7500,0.6,0.6,0.8
2025-08-14,2025-08-14 09:44:56.200,MO2508-C-7500,0.6,0.6,0.8
2025-08-14,2025-08-14 09:44:56.700,MO2508-C-7500,0.6,0.6,0.8
2025-08-14,2025-08-14 09:45:01.200,MO2508-C-7500,0.6,0.6,0.8
2025-08-14,2025-08-14 09:45:06.200,MO2508-C-7500,0.6,0.6,0.8
2025-08-14,2025-08-14 09:45:06.700,MO2508-C-7500,0.6,0.6,0.8
2025-08-14,2025-08-14 09:45:07.200,MO2508-C-7500,0.6,0.6,0.8
2025-08-14,2025-08-14 09:45:12.700,MO2508-C-7500,0.6,0.6,0.8
2025-08-14,2025-08-14 09:45:13.200,MO2508-C-7500,0.6,0.6,0.8
2025-08-14,2025-08-14 09:45:13.700,MO2508-C-7500,0.6,0.6,0.8
2025-08-14,2025-08-14 09:45:16.200,MO2508-C-7500,0.6,0.6,0.8
2025-08-14,2025-08-14 09:45:16.700,MO2508-C-7500,0.6,0.6,0.8
2025-08-14,2025-08-14 09:45:18.200,MO2508-C-7500,0.6,0.6,0.8
2025-08-14,2025-08-14 09:45:18.700,MO2508-C-7500,0.6,0.6,0.8
2025-08-14,2025-08-14 09:45:20.700,MO2508-C-7500,0.6,0.6,0.8
2025-08-14,2025-08-14 09:45:23.200,MO2508-C-7500,0.6,0.6,0.8
2025-08-14,2025-08-14 09:45:23.700,MO2508-C-7500,0.6,0.6,0.8
2025-08-14,2025-08-14 09:45:26.200,MO2508-C-7500,0.6,0.6,0.8
2025-08-14,2025-08-14 09:45:26.700,MO2508-C-7500,0.6,0.6,0.8
2025-08-14,2025-08-14 09:45:36.200,MO2508-C-7500,0.6,0.6,0.8
2025-08-14,2025-08-14 09:45:36.700,MO2508-C-7500,0.6,0.6,0.8
2025-08-14,2025-08-14 09:45:40.700,MO2508-C-7500,0.6,0.6,0.8
2025-08-14,2025-08-14 09:45:41.200,MO2508-C-7500,0.6,0.6,0.8
2025-08-14,2025-08-14 09:45:41.700,MO2508-C-7500,0.6,0.6,0.8
2025-08-14,2025-08-14 09:45:46.200,MO2508-C-7500,0.6,0.6,0.8
2025-08-14,2025-08-14 09:45:46.700,MO2508-C-7500,0.6,0.6,0.8
2025-08-14,2025-08-14 09:45:47.700,MO2508-C-7500,0.6,0.6,0.8
2025-08-14,2025-08-14 09:45:56.200,MO2508-C-7500,0.6,0.6,0.8
2025-08-14,2025-08-14 09:45:56.700,MO2508-C-7500,0.6,0.6,0.8
2025-08-14,2025-08-14 09:45:58.200,MO2508-C-7500,0.6,0.6,0.8
2025-08-14,2025-08-14 09:45:58.700,MO2508-C-7500,0.6,0.6,0.8
2025-08-14,2025-08-14 09:45:59.200,MO2508-C-7500,0.6,0.6,0.8
2025-08-14,2025-08-14 09:45:59.700,MO2508-C-7500,0.6,0.6,0.8
2025-08-14,2025-08-14 09:46:06.200,MO2508-C-7500,0.6,0.6,0.8
2025-08-14,2025-08-14 09:46:06.700,MO2508-C-7500,0.6,0.6,0.8
2025-08-14,2025-08-14 09:46:10.700,MO2508-C-7500,0.6,0.6,0.8
2025-08-14,2025-08-14 09:46:16.200,MO2508-C-7500,0.6,0.6,0.8
2025-08-14,2025-08-14 09:46:16.700,MO2508-C-7500,0.6,0.6,0.8
2025-08-14,2025-08-14 09:46:26.200,MO2508-C-7500,0.6,0.6,0.8
2025-08-14,2025-08-14 09:46:26.700,MO2508-C-7500,0.6,0.6,0.8
2025-08-14,2025-08-14 09:46:28.700,MO2508-C-7500,0.6,0.6,0.8
2025-08-14,2025-08-14 09:46:29.200,MO2508-C-7500,0.6,0.6,0.8
2025-08-14,2025-08-14 09:46:36.200,MO2508-C-7500,0.6,0.6,0.8
2025-08-14,2025-08-14 09:46:36.700,MO2508-C-7500,0.6,0.6,0.8
2025-08-14,2025-08-14 09:46:46.200,MO2508-C-7500,0.6,0.6,0.8
2025-08-14,2025-08-14 09:46:46.700,MO2508-C-7500,0.6,0.6,0.8
2025-08-14,2025-08-14 09:46:55.700,MO2508-C-7500,0.8,0.6,0.8
2025-08-14,2025-08-14 09:46:56.200,MO2508-C-7500,0.8,0.6,0.8
2025-08-14,2025-08-14 09:46:56.700,MO2508-C-7500,0.8,0.6,0.8
2025-08-14,2025-08-14 09:46:57.200,MO2508-C-7500,0.8,0.6,0.8
2025-08-14,2025-08-14 09:46:57.700,MO2508-C-7500,0.8,0.6,0.8
2025-08-14,2025-08-14 09:47:00.700,MO2508-C-7500,0.8,0.6,0.8
2025-08-14,2025-08-14 09:47:01.200,MO2508-C-7500,0.8,0.6,0.8
2025-08-14,2025-08-14 09:47:06.200,MO2508-C-7500,0.8,0.6,0.8
2025-08-14,2025-08-14 09:47:06.700,MO2508-C-7500,0.8,0.6,0.8
2025-08-14,2025-08-14 09:47:07.200,MO2508-C-7500,0.8,0.6,0.8
2025-08-14,2025-08-14 09:47:07.700,MO2508-C-7500,0.8,0.6,0.8
2025-08-14,2025-08-14 09:47:08.200,MO2508-C-7500,0.8,0.6,0.8
2025-08-14,2025-08-14 09:47:16.200,MO2508-C-7500,0.8,0.6,0.8
2025-08-14,2025-08-14 09:47:16.700,MO2508-C-7500,0.8,0.6,0.8
2025-08-14,2025-08-14 09:47:21.700,MO2508-C-7500,0.8,0.6,1.0
2025-08-14,2025-08-14 09:47:22.200,MO2508-C-7500,0.8,0.6,1.0
2025-08-14,2025-08-14 09:47:26.200,MO2508-C-7500,0.8,0.6,1.0
2025-08-14,2025-08-14 09:47:26.700,MO2508-C-7500,0.8,0.6,1.0
2025-08-14,2025-08-14 09:47:28.700,MO2508-C-7500,0.8,0.6,1.0
2025-08-14,2025-08-14 09:47:29.200,MO2508-C-7500,0.8,0.6,1.0
2025-08-14,2025-08-14 09:47:36.200,MO2508-C-7500,0.8,0.6,1.0
2025-08-14,2025-08-14 09:47:36.700,MO2508-C-7500,0.8,0.6,1.0
2025-08-14,2025-08-14 09:47:46.200,MO2508-C-7500,0.8,0.6,1.0
2025-08-14,2025-08-14 09:47:46.700,MO2508-C-7500,0.8,0.6,1.0
2025-08-14,2025-08-14 09:47:56.200,MO2508-C-7500,0.8,0.6,1.0
2025-08-14,2025-08-14 09:47:56.700,MO2508-C-7500,0.8,0.6,1.0
2025-08-14,2025-08-14 09:47:57.200,MO2508-C-7500,0.8,0.6,1.0
2025-08-14,2025-08-14 09:48:00.700,MO2508-C-7500,0.8,0.6,1.0
2025-08-14,2025-08-14 09:48:01.200,MO2508-C-7500,0.8,0.6,1.0
2025-08-14,2025-08-14 09:48:02.700,MO2508-C-7500,0.8,0.6,0.8
2025-08-14,2025-08-14 09:48:03.200,MO2508-C-7500,0.8,0.6,0.8
2025-08-14,2025-08-14 09:48:03.700,MO2508-C-7500,0.8,0.6,0.8
2025-08-14,2025-08-14 09:48:04.200,MO2508-C-7500,0.8,0.6,0.8
2025-08-14,2025-08-14 09:48:05.700,MO2508-C-7500,0.8,0.6,0.8
2025-08-14,2025-08-14 09:48:06.200,MO2508-C-7500,0.8,0.6,0.8
2025-08-14,2025-08-14 09:48:06.700,MO2508-C-7500,0.8,0.6,0.8
2025-08-14,2025-08-14 09:48:07.200,MO2508-C-7500,0.8,0.6,0.8
2025-08-14,2025-08-14 09:48:07.700,MO2508-C-7500,0.8,0.6,0.8
2025-08-14,2025-08-14 09:48:08.200,MO2508-C-7500,0.8,0.6,0.8
2025-08-14,2025-08-14 09:48:16.200,MO2508-C-7500,0.8,0.6,0.8
2025-08-14,2025-08-14 09:48:16.700,MO2508-C-7500,0.8,0.6,0.8
2025-08-14,2025-08-14 09:48:21.200,MO2508-C-7500,0.8,0.6,0.8
2025-08-14,2025-08-14 09:48:21.700,MO2508-C-7500,0.8,0.6,0.8
2025-08-14,2025-08-14 09:48:22.200,MO2508-C-7500,0.8,0.6,0.8
2025-08-14,2025-08-14 09:48:26.200,MO2508-C-7500,0.8,0.6,0.8
2025-08-14,2025-08-14 09:48:26.700,MO2508-C-7500,0.8,0.6,0.8
2025-08-14,2025-08-14 09:48:36.200,MO2508-C-7500,0.8,0.6,0.8
2025-08-14,2025-08-14 09:48:36.700,MO2508-C-7500,0.8,0.6,0.8
2025-08-14,2025-08-14 09:48:37.700,MO2508-C-7500,0.8,0.6,0.8
2025-08-14,2025-08-14 09:48:38.200,MO2508-C-7500,0.8,0.6,0.8
2025-08-14,2025-08-14 09:48:46.200,MO2508-C-7500,0.8,0.6,0.8
2025-08-14,2025-08-14 09:48:46.700,MO2508-C-7500,0.8,0.6,0.8
2025-08-14,2025-08-14 09:48:53.700,MO2508-C-7500,0.8,0.6,0.8
2025-08-14,2025-08-14 09:48:54.200,MO2508-C-7500,0.8,0.6,0.8
2025-08-14,2025-08-14 09:48:56.200,MO2508-C-7500,0.8,0.6,0.8
2025-08-14,2025-08-14 09:48:56.700,MO2508-C-7500,0.8,0.6,0.8
2025-08-14,2025-08-14 09:49:01.700,MO2508-C-7500,0.8,0.6,0.8
2025-08-14,2025-08-14 09:49:02.200,MO2508-C-7500,0.8,0.6,0.8
2025-08-14,2025-08-14 09:49:05.200,MO2508-C-7500,0.8,0.6,0.8
2025-08-14,2025-08-14 09:49:05.700,MO2508-C-7500,0.8,0.6,0.8
2025-08-14,2025-08-14 09:49:06.200,MO2508-C-7500,0.8,0.6,0.8
2025-08-14,2025-08-14 09:49:06.700,MO2508-C-7500,0.8,0.6,0.8
2025-08-14,2025-08-14 09:49:12.700,MO2508-C-7500,0.8,0.6,0.8
2025-08-14,2025-08-14 09:49:16.200,MO2508-C-7500,0.8,0.6,0.8
2025-08-14,2025-08-14 09:49:16.700,MO2508-C-7500,0.8,0.6,0.8
2025-08-14,2025-08-14 09:49:26.200,MO2508-C-7500,0.8,0.6,0.8
2025-08-14,2025-08-14 09:49:26.700,MO2508-C-7500,0.8,0.6,0.8
2025-08-14,2025-08-14 09:49:27.200,MO2508-C-7500,0.8,0.6,0.8
2025-08-14,2025-08-14 09:49:27.700,MO2508-C-7500,0.8,0.6,0.8
2025-08-14,2025-08-14 09:49:36.200,MO2508-C-7500,0.8,0.6,0.8
2025-08-14,2025-08-14 09:49:36.700,MO2508-C-7500,0.8,0.6,0.8
2025-08-14,2025-08-14 09:49:44.700,MO2508-C-7500,0.8,0.6,0.8
2025-08-14,2025-08-14 09:49:46.200,MO2508-C-7500,0.8,0.6,0.8
2025-08-14,2025-08-14 09:49:46.700,MO2508-C-7500,0.8,0.6,0.8
2025-08-14,2025-08-14 09:49:51.700,MO2508-C-7500,0.8,0.6,0.8
2025-08-14,2025-08-14 09:49:56.200,MO2508-C-7500,0.8,0.6,0.8
2025-08-14,2025-08-14 09:49:56.700,MO2508-C-7500,0.8,0.6,0.8
2025-08-14,2025-08-14 09:50:02.200,MO2508-C-7500,0.8,0.6,0.8
2025-08-14,2025-08-14 09:50:02.700,MO2508-C-7500,0.8,0.6,0.8
2025-08-14,2025-08-14 09:50:06.200,MO2508-C-7500,0.8,0.6,0.8
2025-08-14,2025-08-14 09:50:06.700,MO2508-C-7500,0.8,0.6,0.8
2025-08-14,2025-08-14 09:50:12.700,MO2508-C-7500,0.8,0.6,0.8
2025-08-14,2025-08-14 09:50:16.200,MO2508-C-7500,0.8,0.6,0.8
2025-08-14,2025-08-14 09:50:16.700,MO2508-C-7500,0.8,0.6,0.8
2025-08-14,2025-08-14 09:50:20.700,MO2508-C-7500,0.8,0.6,0.8
2025-08-14,2025-08-14 09:50:26.200,MO2508-C-7500,0.8,0.6,0.8
2025-08-14,2025-08-14 09:50:26.700,MO2508-C-7500,0.8,0.6,0.8
2025-08-14,2025-08-14 09:50:27.700,MO2508-C-7500,0.8,0.6,0.8
2025-08-14,2025-08-14 09:50:36.200,MO2508-C-7500,0.8,0.6,0.8
2025-08-14,2025-08-14 09:50:36.700,MO2508-C-7500,0.8,0.6,0.8
2025-08-14,2025-08-14 09:50:38.700,MO2508-C-7500,0.8,0.6,0.8
2025-08-14,2025-08-14 09:50:46.200,MO2508-C-7500,0.8,0.6,0.8
2025-08-14,2025-08-14 09:50:46.700,MO2508-C-7500,0.8,0.6,0.8
2025-08-14,2025-08-14 09:50:54.700,MO2508-C-7500,0.8,0.6,0.8
2025-08-14,2025-08-14 09:50:56.200,MO2508-C-7500,0.8,0.6,0.8
2025-08-14,2025-08-14 09:50:56.700,MO2508-C-7500,0.8,0.6,0.8
2025-08-14,2025-08-14 09:50:57.700,MO2508-C-7500,0.8,0.6,0.8
2025-08-14,2025-08-14 09:51:00.200,MO2508-C-7500,0.8,0.6,0.8
2025-08-14,2025-08-14 09:51:04.200,MO2508-C-7500,0.8,0.6,0.8
2025-08-14,2025-08-14 09:51:04.700,MO2508-C-7500,0.8,0.6,0.8
2025-08-14,2025-08-14 09:51:06.200,MO2508-C-7500,0.8,0.6,0.8
2025-08-14,2025-08-14 09:51:06.700,MO2508-C-7500,0.8,0.6,0.8
2025-08-14,2025-08-14 09:51:09.200,MO2508-C-7500,0.8,0.6,0.8
2025-08-14,2025-08-14 09:51:10.700,MO2508-C-7500,0.8,0.6,0.8
2025-08-14,2025-08-14 09:51:16.200,MO2508-C-7500,0.8,0.6,0.8
2025-08-14,2025-08-14 09:51:16.700,MO2508-C-7500,0.8,0.6,0.8
2025-08-14,2025-08-14 09:51:18.200,MO2508-C-7500,0.8,0.6,0.8
2025-08-14,2025-08-14 09:51:18.700,MO2508-C-7500,0.8,0.6,0.8
2025-08-14,2025-08-14 09:51:19.200,MO2508-C-7500,0.8,0.6,0.8
2025-08-14,2025-08-14 09:51:22.700,MO2508-C-7500,0.8,0.6,0.8
2025-08-14,2025-08-14 09:51:23.200,MO2508-C-7500,0.8,0.6,0.8
2025-08-14,2025-08-14 09:51:24.700,MO2508-C-7500,0.8,0.6,0.8
2025-08-14,2025-08-14 09:51:26.200,MO2508-C-7500,0.8,0.6,0.8
2025-08-14,2025-08-14 09:51:26.700,MO2508-C-7500,0.8,0.6,0.8
2025-08-14,2025-08-14 09:51:34.700,MO2508-C-7500,0.8,0.6,0.8
2025-08-14,2025-08-14 09:51:35.200,MO2508-C-7500,0.8,0.6,0.8
2025-08-14,2025-08-14 09:51:35.700,MO2508-C-7500,0.8,0.6,0.8
2025-08-14,2025-08-14 09:51:36.200,MO2508-C-7500,0.8,0.6,0.8
2025-08-14,2025-08-14 09:51:36.700,MO2508-C-7500,0.8,0.6,0.8
2025-08-14,2025-08-14 09:51:46.200,MO2508-C-7500,0.8,0.6,0.8
2025-08-14,2025-08-14 09:51:46.700,MO2508-C-7500,0.8,0.6,0.8
2025-08-14,2025-08-14 09:51:52.200,MO2508-C-7500,0.8,0.6,0.8
2025-08-14,2025-08-14 09:51:56.200,MO2508-C-7500,0.8,0.6,0.8
2025-08-14,2025-08-14 09:51:56.700,MO2508-C-7500,0.8,0.6,0.8
2025-08-14,2025-08-14 09:51:57.200,MO2508-C-7500,0.8,0.6,0.8
2025-08-14,2025-08-14 09:51:57.700,MO2508-C-7500,0.8,0.6,0.8
2025-08-14,2025-08-14 09:51:59.200,MO2508-C-7500,0.8,0.6,0.8
2025-08-14,2025-08-14 09:51:59.700,MO2508-C-7500,0.8,0.6,0.8
2025-08-14,2025-08-14 09:52:01.700,MO2508-C-7500,0.8,0.6,0.8
2025-08-14,2025-08-14 09:52:02.700,MO2508-C-7500,0.8,0.6,0.8
2025-08-14,2025-08-14 09:52:03.200,MO2508-C-7500,0.8,0.6,0.8
2025-08-14,2025-08-14 09:52:03.700,MO2508-C-7500,0.8,0.6,0.8
2025-08-14,2025-08-14 09:52:04.700,MO2508-C-7500,0.8,0.6,0.8
2025-08-14,2025-08-14 09:52:06.200,MO2508-C-7500,0.8,0.6,0.8
2025-08-14,2025-08-14 09:52:06.700,MO2508-C-7500,0.8,0.6,0.8
2025-08-14,2025-08-14 09:52:08.200,MO2508-C-7500,0.8,0.6,0.8
2025-08-14,2025-08-14 09:52:08.700,MO2508-C-7500,0.8,0.6,0.8
2025-08-14,2025-08-14 09:52:12.200,MO2508-C-7500,0.8,0.6,0.8
2025-08-14,2025-08-14 09:52:16.200,MO2508-C-7500,0.8,0.6,0.8
2025-08-14,2025-08-14 09:52:16.700,MO2508-C-7500,0.8,0.6,0.8
2025-08-14,2025-08-14 09:52:18.200,MO2508-C-7500,0.8,0.6,0.8
2025-08-14,2025-08-14 09:52:18.700,MO2508-C-7500,0.8,0.6,0.8
2025-08-14,2025-08-14 09:52:19.200,MO2508-C-7500,0.8,0.6,0.8
2025-08-14,2025-08-14 09:52:19.700,MO2508-C-7500,0.8,0.6,0.8
2025-08-14,2025-08-14 09:52:20.200,MO2508-C-7500,0.8,0.6,0.8
2025-08-14,2025-08-14 09:52:21.700,MO2508-C-7500,0.8,0.6,0.8
2025-08-14,2025-08-14 09:52:25.200,MO2508-C-7500,0.8,0.6,0.8
2025-08-14,2025-08-14 09:52:26.200,MO2508-C-7500,0.8,0.6,0.8
2025-08-14,2025-08-14 09:52:26.700,MO2508-C-7500,0.8,0.6,0.8
2025-08-14,2025-08-14 09:52:28.200,MO2508-C-7500,0.8,0.6,0.8
2025-08-14,2025-08-14 09:52:29.700,MO2508-C-7500,0.6,0.6,0.8
2025-08-14,2025-08-14 09:52:30.200,MO2508-C-7500,0.6,0.6,0.8
2025-08-14,2025-08-14 09:52:30.700,MO2508-C-7500,0.8,0.6,0.8
2025-08-14,2025-08-14 09:52:31.200,MO2508-C-7500,0.8,0.6,0.8
2025-08-14,2025-08-14 09:52:36.200,MO2508-C-7500,0.8,0.6,0.8
2025-08-14,2025-08-14 09:52:36.700,MO2508-C-7500,0.8,0.6,0.8
2025-08-14,2025-08-14 09:52:46.200,MO2508-C-7500,0.8,0.6,0.8
2025-08-14,2025-08-14 09:52:46.700,MO2508-C-7500,0.8,0.6,0.8
2025-08-14,2025-08-14 09:52:48.700,MO2508-C-7500,0.8,0.6,0.8
2025-08-14,2025-08-14 09:52:52.200,MO2508-C-7500,0.8,0.6,0.8
2025-08-14,2025-08-14 09:52:52.700,MO2508-C-7500,0.8,0.6,0.8
2025-08-14,2025-08-14 09:52:56.200,MO2508-C-7500,0.8,0.6,0.8
2025-08-14,2025-08-14 09:52:56.700,MO2508-C-7500,0.8,0.6,0.8
2025-08-14,2025-08-14 09:52:57.200,MO2508-C-7500,0.8,0.6,0.8
2025-08-14,2025-08-14 09:52:59.200,MO2508-C-7500,0.8,0.6,0.8
2025-08-14,2025-08-14 09:52:59.700,MO2508-C-7500,0.8,0.6,0.8
2025-08-14,2025-08-14 09:53:02.700,MO2508-C-7500,0.8,0.6,0.8
2025-08-14,2025-08-14 09:53:03.200,MO2508-C-7500,0.8,0.6,0.8
2025-08-14,2025-08-14 09:53:06.200,MO2508-C-7500,0.8,0.6,0.8
2025-08-14,2025-08-14 09:53:06.700,MO2508-C-7500,0.8,0.6,0.8
2025-08-14,2025-08-14 09:53:07.200,MO2508-C-7500,0.8,0.6,0.8
2025-08-14,2025-08-14 09:53:07.700,MO2508-C-7500,0.8,0.6,0.8
2025-08-14,2025-08-14 09:53:09.700,MO2508-C-7500,0.8,0.6,0.8
2025-08-14,2025-08-14 09:53:16.200,MO2508-C-7500,0.8,0.6,0.8
2025-08-14,2025-08-14 09:53:16.700,MO2508-C-7500,0.8,0.6,0.8
2025-08-14,2025-08-14 09:53:17.200,MO2508-C-7500,0.8,0.6,0.8
2025-08-14,2025-08-14 09:53:19.200,MO2508-C-7500,0.8,0.6,0.8
2025-08-14,2025-08-14 09:53:19.700,MO2508-C-7500,0.8,0.6,0.8
2025-08-14,2025-08-14 09:53:23.700,MO2508-C-7500,0.8,0.6,0.8
2025-08-14,2025-08-14 09:53:26.200,MO2508-C-7500,0.8,0.6,0.8
2025-08-14,2025-08-14 09:53:26.700,MO2508-C-7500,0.8,0.6,0.8
2025-08-14,2025-08-14 09:53:27.200,MO2508-C-7500,0.8,0.6,0.8
2025-08-14,2025-08-14 09:53:29.200,MO2508-C-7500,0.8,0.6,0.8
2025-08-14,2025-08-14 09:53:36.200,MO2508-C-7500,0.8,0.6,0.8
2025-08-14,2025-08-14 09:53:36.700,MO2508-C-7500,0.8,0.6,0.8
2025-08-14,2025-08-14 09:53:41.200,MO2508-C-7500,0.8,0.6,0.8
2025-08-14,2025-08-14 09:53:46.200,MO2508-C-7500,0.8,0.6,0.8
2025-08-14,2025-08-14 09:53:46.700,MO2508-C-7500,0.8,0.6,0.8
2025-08-14,2025-08-14 09:53:56.200,MO2508-C-7500,0.8,0.6,0.8
2025-08-14,2025-08-14 09:53:56.700,MO2508-C-7500,0.8,0.6,0.8
2025-08-14,2025-08-14 09:54:06.200,MO2508-C-7500,0.8,0.6,0.8
2025-08-14,2025-08-14 09:54:06.700,MO2508-C-7500,0.8,0.6,0.8
2025-08-14,2025-08-14 09:54:16.200,MO2508-C-7500,0.8,0.6,0.8
2025-08-14,2025-08-14 09:54:16.700,MO2508-C-7500,0.8,0.6,0.8
2025-08-14,2025-08-14 09:54:20.700,MO2508-C-7500,0.8,0.6,0.8
2025-08-14,2025-08-14 09:54:21.200,MO2508-C-7500,0.8,0.6,0.8
2025-08-14,2025-08-14 09:54:26.200,MO2508-C-7500,0.8,0.6,0.8
2025-08-14,2025-08-14 09:54:26.700,MO2508-C-7500,0.8,0.6,0.8
2025-08-14,2025-08-14 09:54:28.200,MO2508-C-7500,0.8,0.6,0.8
2025-08-14,2025-08-14 09:54:36.200,MO2508-C-7500,0.8,0.6,0.8
2025-08-14,2025-08-14 09:54:36.700,MO2508-C-7500,0.8,0.6,0.8
2025-08-14,2025-08-14 09:54:41.700,MO2508-C-7500,0.8,0.6,0.8
2025-08-14,2025-08-14 09:54:46.200,MO2508-C-7500,0.8,0.6,0.8
2025-08-14,2025-08-14 09:54:46.700,MO2508-C-7500,0.8,0.6,0.8
2025-08-14,2025-08-14 09:54:56.200,MO2508-C-7500,0.8,0.6,0.8
2025-08-14,2025-08-14 09:54:56.700,MO2508-C-7500,0.8,0.6,0.8
2025-08-14,2025-08-14 09:55:01.200,MO2508-C-7500,0.8,0.6,0.8
2025-08-14,2025-08-14 09:55:01.700,MO2508-C-7500,0.8,0.6,0.8
2025-08-14,2025-08-14 09:55:06.200,MO2508-C-7500,0.8,0.6,0.8
2025-08-14,2025-08-14 09:55:06.700,MO2508-C-7500,0.8,0.6,0.8
2025-08-14,2025-08-14 09:55:09.200,MO2508-C-7500,0.8,0.6,0.8
2025-08-14,2025-08-14 09:55:09.700,MO2508-C-7500,0.8,0.6,0.8
2025-08-14,2025-08-14 09:55:10.200,MO2508-C-7500,0.8,0.6,0.8
2025-08-14,2025-08-14 09:55:16.200,MO2508-C-7500,0.8,0.6,0.8
2025-08-14,2025-08-14 09:55:16.700,MO2508-C-7500,0.8,0.6,0.8
2025-08-14,2025-08-14 09:55:18.700,MO2508-C-7500,0.8,0.6,0.8
2025-08-14,2025-08-14 09:55:26.200,MO2508-C-7500,0.8,0.6,0.8
2025-08-14,2025-08-14 09:55:26.700,MO2508-C-7500,0.8,0.6,0.8
2025-08-14,2025-08-14 09:55:28.200,MO2508-C-7500,0.8,0.6,0.8
2025-08-14,2025-08-14 09:55:36.200,MO2508-C-7500,0.8,0.6,0.8
2025-08-14,2025-08-14 09:55:36.700,MO2508-C-7500,0.8,0.6,0.8
2025-08-14,2025-08-14 09:55:46.200,MO2508-C-7500,0.8,0.6,0.8
2025-08-14,2025-08-14 09:55:46.700,MO2508-C-7500,0.8,0.6,0.8
2025-08-14,2025-08-14 09:55:48.700,MO2508-C-7500,0.8,0.6,0.8
2025-08-14,2025-08-14 09:55:55.200,MO2508-C-7500,0.8,0.6,0.8
2025-08-14,2025-08-14 09:55:56.200,MO2508-C-7500,0.8,0.6,0.8
2025-08-14,2025-08-14 09:55:56.700,MO2508-C-7500,0.8,0.6,0.8
2025-08-14,2025-08-14 09:55:58.700,MO2508-C-7500,0.8,0.6,0.8
2025-08-14,2025-08-14 09:56:01.700,MO2508-C-7500,0.8,0.6,0.8
2025-08-14,2025-08-14 09:56:02.200,MO2508-C-7500,0.8,0.6,0.8
2025-08-14,2025-08-14 09:56:06.200,MO2508-C-7500,0.8,0.6,0.8
2025-08-14,2025-08-14 09:56:06.700,MO2508-C-7500,0.8,0.6,0.8
2025-08-14,2025-08-14 09:56:10.700,MO2508-C-7500,0.8,0.6,0.8
2025-08-14,2025-08-14 09:56:11.200,MO2508-C-7500,0.8,0.6,0.8
2025-08-14,2025-08-14 09:56:12.700,MO2508-C-7500,0.8,0.6,0.8
2025-08-14,2025-08-14 09:56:16.200,MO2508-C-7500,0.8,0.6,0.8
2025-08-14,2025-08-14 09:56:16.700,MO2508-C-7500,0.8,0.6,0.8
2025-08-14,2025-08-14 09:56:22.700,MO2508-C-7500,0.8,0.6,0.8
2025-08-14,2025-08-14 09:56:23.200,MO2508-C-7500,0.8,0.6,0.8
2025-08-14,2025-08-14 09:56:24.700,MO2508-C-7500,0.8,0.6,0.8
2025-08-14,2025-08-14 09:56:26.200,MO2508-C-7500,0.8,0.6,0.8
2025-08-14,2025-08-14 09:56:26.700,MO2508-C-7500,0.8,0.6,0.8
2025-08-14,2025-08-14 09:56:36.200,MO2508-C-7500,0.8,0.6,0.8
2025-08-14,2025-08-14 09:56:36.700,MO2508-C-7500,0.8,0.6,0.8
2025-08-14,2025-08-14 09:56:37.200,MO2508-C-7500,0.8,0.6,0.8
2025-08-14,2025-08-14 09:56:39.200,MO2508-C-7500,0.8,0.6,0.8
2025-08-14,2025-08-14 09:56:46.200,MO2508-C-7500,0.8,0.6,0.8
2025-08-14,2025-08-14 09:56:46.700,MO2508-C-7500,0.8,0.6,0.8
2025-08-14,2025-08-14 09:56:56.200,MO2508-C-7500,0.8,0.6,0.8
2025-08-14,2025-08-14 09:56:56.700,MO2508-C-7500,0.8,0.6,0.8
2025-08-14,2025-08-14 09:57:03.200,MO2508-C-7500,0.8,0.6,0.8
2025-08-14,2025-08-14 09:57:06.200,MO2508-C-7500,0.8,0.6,0.8
2025-08-14,2025-08-14 09:57:06.700,MO2508-C-7500,0.8,0.6,0.8
2025-08-14,2025-08-14 09:57:09.700,MO2508-C-7500,0.8,0.6,0.8
2025-08-14,2025-08-14 09:57:16.200,MO2508-C-7500,0.8,0.6,0.8
2025-08-14,2025-08-14 09:57:16.700,MO2508-C-7500,0.8,0.6,0.8
2025-08-14,2025-08-14 09:57:17.200,MO2508-C-7500,0.8,0.6,0.8
2025-08-14,2025-08-14 09:57:18.700,MO2508-C-7500,0.8,0.6,0.8
2025-08-14,2025-08-14 09:57:26.200,MO2508-C-7500,0.8,0.6,0.8
2025-08-14,2025-08-14 09:57:26.700,MO2508-C-7500,0.8,0.6,0.8
2025-08-14,2025-08-14 09:57:29.700,MO2508-C-7500,0.8,0.6,0.8
2025-08-14,2025-08-14 09:57:32.200,MO2508-C-7500,0.8,0.6,0.8
2025-08-14,2025-08-14 09:57:36.200,MO2508-C-7500,0.8,0.6,0.8
2025-08-14,2025-08-14 09:57:36.700,MO2508-C-7500,0.8,0.6,0.8
2025-08-14,2025-08-14 09:57:46.200,MO2508-C-7500,0.8,0.6,0.8
2025-08-14,2025-08-14 09:57:46.700,MO2508-C-7500,0.8,0.6,0.8
2025-08-14,2025-08-14 09:57:47.700,MO2508-C-7500,0.8,0.6,0.8
2025-08-14,2025-08-14 09:57:56.200,MO2508-C-7500,0.8,0.6,0.8
2025-08-14,2025-08-14 09:57:56.700,MO2508-C-7500,0.8,0.6,0.8
2025-08-14,2025-08-14 09:58:03.700,MO2508-C-7500,0.6,0.6,0.8
2025-08-14,2025-08-14 09:58:06.200,MO2508-C-7500,0.6,0.6,0.8
2025-08-14,2025-08-14 09:58:06.700,MO2508-C-7500,0.6,0.6,0.8
2025-08-14,2025-08-14 09:58:16.200,MO2508-C-7500,0.6,0.6,0.8
2025-08-14,2025-08-14 09:58:16.700,MO2508-C-7500,0.6,0.6,0.8
2025-08-14,2025-08-14 09:58:26.200,MO2508-C-7500,0.6,0.6,0.8
2025-08-14,2025-08-14 09:58:26.700,MO2508-C-7500,0.6,0.6,0.8
2025-08-14,2025-08-14 09:58:31.700,MO2508-C-7500,0.6,0.6,0.8
2025-08-14,2025-08-14 09:58:36.200,MO2508-C-7500,0.6,0.6,0.8
2025-08-14,2025-08-14 09:58:36.700,MO2508-C-7500,0.6,0.6,0.8
2025-08-14,2025-08-14 09:58:37.200,MO2508-C-7500,0.6,0.6,0.8
2025-08-14,2025-08-14 09:58:46.200,MO2508-C-7500,0.6,0.6,0.8
2025-08-14,2025-08-14 09:58:46.700,MO2508-C-7500,0.6,0.6,0.8
2025-08-14,2025-08-14 09:58:56.200,MO2508-C-7500,0.6,0.6,0.8
2025-08-14,2025-08-14 09:58:56.700,MO2508-C-7500,0.6,0.6,0.8
2025-08-14,2025-08-14 09:59:01.700,MO2508-C-7500,0.6,0.6,0.8
2025-08-14,2025-08-14 09:59:02.200,MO2508-C-7500,0.6,0.6,0.8
2025-08-14,2025-08-14 09:59:06.200,MO2508-C-7500,0.6,0.6,0.8
2025-08-14,2025-08-14 09:59:06.700,MO2508-C-7500,0.6,0.6,0.8
2025-08-14,2025-08-14 09:59:16.200,MO2508-C-7500,0.6,0.6,0.8
2025-08-14,2025-08-14 09:59:16.700,MO2508-C-7500,0.6,0.6,0.8
2025-08-14,2025-08-14 09:59:17.200,MO2508-C-7500,0.6,0.6,0.8
2025-08-14,2025-08-14 09:59:26.200,MO2508-C-7500,0.6,0.6,0.8
2025-08-14,2025-08-14 09:59:26.700,MO2508-C-7500,0.6,0.6,0.8
2025-08-14,2025-08-14 09:59:34.200,MO2508-C-7500,0.6,0.6,0.8
2025-08-14,2025-08-14 09:59:34.700,MO2508-C-7500,0.6,0.6,0.8
2025-08-14,2025-08-14 09:59:36.200,MO2508-C-7500,0.6,0.6,0.8
2025-08-14,2025-08-14 09:59:36.700,MO2508-C-7500,0.6,0.6,0.8
2025-08-14,2025-08-14 09:59:46.200,MO2508-C-7500,0.6,0.6,0.8
2025-08-14,2025-08-14 09:59:46.700,MO2508-C-7500,0.6,0.6,0.8
2025-08-14,2025-08-14 09:59:50.200,MO2508-C-7500,0.6,0.6,0.8
2025-08-14,2025-08-14 09:59:56.200,MO2508-C-7500,0.6,0.6,0.8
2025-08-14,2025-08-14 09:59:56.700,MO2508-C-7500,0.6,0.6,0.8
2025-08-14,2025-08-14 10:00:06.200,MO2508-C-7500,0.6,0.6,0.8
2025-08-14,2025-08-14 10:00:06.700,MO2508-C-7500,0.6,0.6,0.8
2025-08-14,2025-08-14 10:00:16.200,MO2508-C-7500,0.6,0.6,0.8
2025-08-14,2025-08-14 10:00:16.700,MO2508-C-7500,0.6,0.6,0.8
2025-08-14,2025-08-14 10:00:26.200,MO2508-C-7500,0.6,0.6,0.8
2025-08-14,2025-08-14 10:00:26.700,MO2508-C-7500,0.6,0.6,0.8
2025-08-14,2025-08-14 10:00:29.700,MO2508-C-7500,0.6,0.6,0.8
2025-08-14,2025-08-14 10:00:30.200,MO2508-C-7500,0.6,0.6,0.8
2025-08-14,2025-08-14 10:00:31.700,MO2508-C-7500,0.6,0.6,0.8
2025-08-14,2025-08-14 10:00:32.200,MO2508-C-7500,0.6,0.6,0.8
2025-08-14,2025-08-14 10:00:34.200,MO2508-C-7500,0.6,0.6,0.8
2025-08-14,2025-08-14 10:00:36.200,MO2508-C-7500,0.6,0.6,0.8
2025-08-14,2025-08-14 10:00:36.700,MO2508-C-7500,0.6,0.6,0.8
2025-08-14,2025-08-14 10:00:37.200,MO2508-C-7500,0.6,0.6,0.8
2025-08-14,2025-08-14 10:00:37.700,MO2508-C-7500,0.6,0.6,0.8
2025-08-14,2025-08-14 10:00:46.200,MO2508-C-7500,0.6,0.6,0.8
2025-08-14,2025-08-14 10:00:46.700,MO2508-C-7500,0.6,0.6,0.8
2025-08-14,2025-08-14 10:00:51.200,MO2508-C-7500,0.6,0.6,0.8
2025-08-14,2025-08-14 10:00:51.700,MO2508-C-7500,0.6,0.6,0.8
2025-08-14,2025-08-14 10:00:56.200,MO2508-C-7500,0.6,0.6,0.8
2025-08-14,2025-08-14 10:00:56.700,MO2508-C-7500,0.6,0.6,0.8
2025-08-14,2025-08-14 10:01:04.700,MO2508-C-7500,0.6,0.6,0.8
2025-08-14,2025-08-14 10:01:05.200,MO2508-C-7500,0.6,0.6,0.8
2025-08-14,2025-08-14 10:01:06.200,MO2508-C-7500,0.6,0.6,0.8
2025-08-14,2025-08-14 10:01:06.700,MO2508-C-7500,0.6,0.6,0.8
2025-08-14,2025-08-14 10:01:16.200,MO2508-C-7500,0.6,0.6,0.8
2025-08-14,2025-08-14 10:01:16.700,MO2508-C-7500,0.6,0.6,0.8
2025-08-14,2025-08-14 10:01:26.200,MO2508-C-7500,0.6,0.6,0.8
2025-08-14,2025-08-14 10:01:26.700,MO2508-C-7500,0.6,0.6,0.8
2025-08-14,2025-08-14 10:01:27.700,MO2508-C-7500,0.6,0.6,0.8
2025-08-14,2025-08-14 10:01:31.700,MO2508-C-7500,0.6,0.6,0.8
2025-08-14,2025-08-14 10:01:32.700,MO2508-C-7500,0.6,0.6,0.8
2025-08-14,2025-08-14 10:01:35.200,MO2508-C-7500,0.6,0.6,0.8
2025-08-14,2025-08-14 10:01:36.200,MO2508-C-7500,0.6,0.6,0.8
2025-08-14,2025-08-14 10:01:36.700,MO2508-C-7500,0.6,0.6,0.8
2025-08-14,2025-08-14 10:01:46.200,MO2508-C-7500,0.6,0.6,0.8
2025-08-14,2025-08-14 10:01:46.700,MO2508-C-7500,0.6,0.6,0.8
2025-08-14,2025-08-14 10:01:56.200,MO2508-C-7500,0.6,0.6,0.8
2025-08-14,2025-08-14 10:01:56.700,MO2508-C-7500,0.6,0.6,0.8
2025-08-14,2025-08-14 10:02:05.200,MO2508-C-7500,0.6,0.6,0.8
2025-08-14,2025-08-14 10:02:06.200,MO2508-C-7500,0.6,0.6,0.8
2025-08-14,2025-08-14 10:02:06.700,MO2508-C-7500,0.6,0.6,0.8
2025-08-14,2025-08-14 10:02:12.700,MO2508-C-7500,0.6,0.6,0.8
2025-08-14,2025-08-14 10:02:16.200,MO2508-C-7500,0.6,0.6,0.8
2025-08-14,2025-08-14 10:02:16.700,MO2508-C-7500,0.6,0.6,0.8
2025-08-14,2025-08-14 10:02:20.700,MO2508-C-7500,0.6,0.6,0.8
2025-08-14,2025-08-14 10:02:21.200,MO2508-C-7500,0.6,0.6,0.8
2025-08-14,2025-08-14 10:02:25.200,MO2508-C-7500,0.6,0.6,0.8
2025-08-14,2025-08-14 10:02:25.700,MO2508-C-7500,0.6,0.6,0.8
2025-08-14,2025-08-14 10:02:26.200,MO2508-C-7500,0.6,0.6,0.8
2025-08-14,2025-08-14 10:02:26.700,MO2508-C-7500,0.6,0.6,0.8
2025-08-14,2025-08-14 10:02:27.200,MO2508-C-7500,0.6,0.6,0.8
2025-08-14,2025-08-14 10:02:30.700,MO2508-C-7500,0.6,0.6,0.8
2025-08-14,2025-08-14 10:02:31.200,MO2508-C-7500,0.6,0.6,0.8
2025-08-14,2025-08-14 10:02:36.200,MO2508-C-7500,0.6,0.6,0.8
2025-08-14,2025-08-14 10:02:36.700,MO2508-C-7500,0.6,0.6,0.8
2025-08-14,2025-08-14 10:02:40.200,MO2508-C-7500,0.6,0.6,0.8
2025-08-14,2025-08-14 10:02:46.200,MO2508-C-7500,0.6,0.6,0.8
2025-08-14,2025-08-14 10:02:46.700,MO2508-C-7500,0.6,0.6,0.8
2025-08-14,2025-08-14 10:02:48.200,MO2508-C-7500,0.6,0.6,0.8
2025-08-14,2025-08-14 10:02:50.200,MO2508-C-7500,0.6,0.6,0.8
2025-08-14,2025-08-14 10:02:50.700,MO2508-C-7500,0.6,0.6,0.8
2025-08-14,2025-08-14 10:02:56.200,MO2508-C-7500,0.6,0.6,0.8
2025-08-14,2025-08-14 10:02:56.700,MO2508-C-7500,0.6,0.6,0.8
2025-08-14,2025-08-14 10:02:57.200,MO2508-C-7500,0.6,0.6,0.8
2025-08-14,2025-08-14 10:03:06.200,MO2508-C-7500,0.6,0.6,0.8
2025-08-14,2025-08-14 10:03:06.700,MO2508-C-7500,0.6,0.6,0.8
2025-08-14,2025-08-14 10:03:08.200,MO2508-C-7500,0.6,0.6,0.8
2025-08-14,2025-08-14 10:03:13.200,MO2508-C-7500,0.6,0.6,0.8
2025-08-14,2025-08-14 10:03:16.200,MO2508-C-7500,0.6,0.6,0.8
2025-08-14,2025-08-14 10:03:16.700,MO2508-C-7500,0.6,0.6,0.8
2025-08-14,2025-08-14 10:03:21.200,MO2508-C-7500,0.6,0.6,0.8
2025-08-14,2025-08-14 10:03:26.200,MO2508-C-7500,0.6,0.6,0.8
2025-08-14,2025-08-14 10:03:26.700,MO2508-C-7500,0.6,0.6,0.8
2025-08-14,2025-08-14 10:03:27.200,MO2508-C-7500,0.6,0.6,0.8
2025-08-14,2025-08-14 10:03:36.200,MO2508-C-7500,0.6,0.6,0.8
2025-08-14,2025-08-14 10:03:36.700,MO2508-C-7500,0.6,0.6,0.8
2025-08-14,2025-08-14 10:03:46.200,MO2508-C-7500,0.6,0.6,0.8
2025-08-14,2025-08-14 10:03:46.700,MO2508-C-7500,0.6,0.6,0.8
2025-08-14,2025-08-14 10:03:56.200,MO2508-C-7500,0.6,0.6,0.8
2025-08-14,2025-08-14 10:03:56.700,MO2508-C-7500,0.6,0.6,0.8
2025-08-14,2025-08-14 10:03:57.200,MO2508-C-7500,0.6,0.6,0.8
2025-08-14,2025-08-14 10:03:59.700,MO2508-C-7500,0.6,0.6,0.8
2025-08-14,2025-08-14 10:04:04.200,MO2508-C-7500,0.6,0.6,0.8
2025-08-14,2025-08-14 10:04:06.200,MO2508-C-7500,0.6,0.6,0.8
2025-08-14,2025-08-14 10:04:06.700,MO2508-C-7500,0.6,0.6,0.8
2025-08-14,2025-08-14 10:04:12.200,MO2508-C-7500,0.6,0.6,0.8
2025-08-14,2025-08-14 10:04:16.200,MO2508-C-7500,0.6,0.6,0.8
2025-08-14,2025-08-14 10:04:16.700,MO2508-C-7500,0.6,0.6,0.8
2025-08-14,2025-08-14 10:04:26.200,MO2508-C-7500,0.6,0.6,0.8
2025-08-14,2025-08-14 10:04:26.700,MO2508-C-7500,0.6,0.6,0.8
2025-08-14,2025-08-14 10:04:31.200,MO2508-C-7500,0.6,0.6,0.8
2025-08-14,2025-08-14 10:04:31.700,MO2508-C-7500,0.6,0.6,0.8
2025-08-14,2025-08-14 10:04:34.200,MO2508-C-7500,0.6,0.6,0.8
2025-08-14,2025-08-14 10:04:36.200,MO2508-C-7500,0.6,0.6,0.8
2025-08-14,2025-08-14 10:04:36.700,MO2508-C-7500,0.6,0.6,0.8
2025-08-14,2025-08-14 10:04:46.200,MO2508-C-7500,0.6,0.6,0.8
2025-08-14,2025-08-14 10:04:46.700,MO2508-C-7500,0.6,0.6,0.8
2025-08-14,2025-08-14 10:04:48.200,MO2508-C-7500,0.6,0.6,0.8
2025-08-14,2025-08-14 10:04:48.700,MO2508-C-7500,0.6,0.6,0.8
2025-08-14,2025-08-14 10:04:49.200,MO2508-C-7500,0.6,0.6,0.8
2025-08-14,2025-08-14 10:04:53.200,MO2508-C-7500,0.6,0.6,0.8
2025-08-14,2025-08-14 10:04:56.200,MO2508-C-7500,0.6,0.6,0.8
2025-08-14,2025-08-14 10:04:56.700,MO2508-C-7500,0.6,0.6,0.8
2025-08-14,2025-08-14 10:05:02.700,MO2508-C-7500,0.6,0.6,0.8
2025-08-14,2025-08-14 10:05:03.200,MO2508-C-7500,0.6,0.6,0.8
2025-08-14,2025-08-14 10:05:03.700,MO2508-C-7500,0.6,0.6,0.8
2025-08-14,2025-08-14 10:05:05.200,MO2508-C-7500,0.6,0.6,0.8
2025-08-14,2025-08-14 10:05:05.700,MO2508-C-7500,0.6,0.6,0.8
2025-08-14,2025-08-14 10:05:06.200,MO2508-C-7500,0.6,0.6,0.8
2025-08-14,2025-08-14 10:05:06.700,MO2508-C-7500,0.6,0.6,0.8
2025-08-14,2025-08-14 10:05:16.200,MO2508-C-7500,0.6,0.6,0.8
2025-08-14,2025-08-14 10:05:16.700,MO2508-C-7500,0.6,0.6,0.8
2025-08-14,2025-08-14 10:05:17.200,MO2508-C-7500,0.6,0.6,0.8
2025-08-14,2025-08-14 10:05:17.700,MO2508-C-7500,0.6,0.6,0.8
2025-08-14,2025-08-14 10:05:18.700,MO2508-C-7500,0.6,0.6,0.8
2025-08-14,2025-08-14 10:05:20.700,MO2508-C-7500,0.6,0.6,0.8
2025-08-14,2025-08-14 10:05:26.200,MO2508-C-7500,0.6,0.6,0.8
2025-08-14,2025-08-14 10:05:26.700,MO2508-C-7500,0.6,0.6,0.8
2025-08-14,2025-08-14 10:05:36.200,MO2508-C-7500,0.6,0.6,0.8
2025-08-14,2025-08-14 10:05:36.700,MO2508-C-7500,0.6,0.6,0.8
2025-08-14,2025-08-14 10:05:46.200,MO2508-C-7500,0.6,0.6,0.8
2025-08-14,2025-08-14 10:05:46.700,MO2508-C-7500,0.6,0.6,0.8
2025-08-14,2025-08-14 10:05:48.700,MO2508-C-7500,0.6,0.6,0.8
2025-08-14,2025-08-14 10:05:51.200,MO2508-C-7500,0.6,0.6,0.8
2025-08-14,2025-08-14 10:05:51.700,MO2508-C-7500,0.6,0.6,0.8
2025-08-14,2025-08-14 10:05:56.200,MO2508-C-7500,0.6,0.6,0.8
2025-08-14,2025-08-14 10:05:56.700,MO2508-C-7500,0.6,0.6,0.8
2025-08-14,2025-08-14 10:06:03.700,MO2508-C-7500,0.6,0.6,0.8
2025-08-14,2025-08-14 10:06:06.200,MO2508-C-7500,0.6,0.6,0.8
2025-08-14,2025-08-14 10:06:06.700,MO2508-C-7500,0.6,0.6,0.8
2025-08-14,2025-08-14 10:06:15.700,MO2508-C-7500,0.6,0.6,0.8
2025-08-14,2025-08-14 10:06:16.200,MO2508-C-7500,0.6,0.6,0.8
2025-08-14,2025-08-14 10:06:16.700,MO2508-C-7500,0.6,0.6,0.8
2025-08-14,2025-08-14 10:06:24.700,MO2508-C-7500,0.6,0.6,0.8
2025-08-14,2025-08-14 10:06:26.200,MO2508-C-7500,0.6,0.6,0.8
2025-08-14,2025-08-14 10:06:26.700,MO2508-C-7500,0.6,0.6,0.8
2025-08-14,2025-08-14 10:06:36.200,MO2508-C-7500,0.6,0.6,0.8
2025-08-14,2025-08-14 10:06:36.700,MO2508-C-7500,0.6,0.6,0.8
2025-08-14,2025-08-14 10:06:46.200,MO2508-C-7500,0.6,0.6,0.8
2025-08-14,2025-08-14 10:06:46.700,MO2508-C-7500,0.6,0.6,0.8
2025-08-14,2025-08-14 10:06:56.200,MO2508-C-7500,0.6,0.6,0.8
2025-08-14,2025-08-14 10:06:56.700,MO2508-C-7500,0.6,0.6,0.8
2025-08-14,2025-08-14 10:06:57.200,MO2508-C-7500,0.6,0.6,0.8
2025-08-14,2025-08-14 10:07:05.200,MO2508-C-7500,0.6,0.6,0.8
2025-08-14,2025-08-14 10:07:05.700,MO2508-C-7500,0.6,0.6,0.8
2025-08-14,2025-08-14 10:07:06.200,MO2508-C-7500,0.6,0.6,0.8
2025-08-14,2025-08-14 10:07:06.700,MO2508-C-7500,0.6,0.6,0.8
2025-08-14,2025-08-14 10:07:10.700,MO2508-C-7500,0.6,0.6,0.8
2025-08-14,2025-08-14 10:07:14.200,MO2508-C-7500,0.6,0.6,0.8
2025-08-14,2025-08-14 10:07:14.700,MO2508-C-7500,0.6,0.6,0.8
2025-08-14,2025-08-14 10:07:16.200,MO2508-C-7500,0.6,0.6,0.8
2025-08-14,2025-08-14 10:07:16.700,MO2508-C-7500,0.6,0.6,0.8
2025-08-14,2025-08-14 10:07:26.200,MO2508-C-7500,0.6,0.6,0.8
2025-08-14,2025-08-14 10:07:26.700,MO2508-C-7500,0.6,0.6,0.8
2025-08-14,2025-08-14 10:07:36.200,MO2508-C-7500,0.6,0.6,0.8
2025-08-14,2025-08-14 10:07:36.700,MO2508-C-7500,0.6,0.6,0.8
2025-08-14,2025-08-14 10:07:46.200,MO2508-C-7500,0.6,0.6,0.8
2025-08-14,2025-08-14 10:07:46.700,MO2508-C-7500,0.6,0.6,0.8
2025-08-14,2025-08-14 10:07:47.200,MO2508-C-7500,0.6,0.6,0.8
2025-08-14,2025-08-14 10:07:53.200,MO2508-C-7500,0.6,0.6,0.8
2025-08-14,2025-08-14 10:07:55.200,MO2508-C-7500,0.6,0.6,0.8
2025-08-14,2025-08-14 10:07:56.200,MO2508-C-7500,0.6,0.6,0.8
2025-08-14,2025-08-14 10:07:56.700,MO2508-C-7500,0.6,0.6,0.8
2025-08-14,2025-08-14 10:08:06.200,MO2508-C-7500,0.6,0.6,0.8
2025-08-14,2025-08-14 10:08:06.700,MO2508-C-7500,0.6,0.6,0.8
2025-08-14,2025-08-14 10:08:09.700,MO2508-C-7500,0.6,0.6,0.8
2025-08-14,2025-08-14 10:08:10.200,MO2508-C-7500,0.6,0.6,0.8
2025-08-14,2025-08-14 10:08:16.200,MO2508-C-7500,0.6,0.6,0.8
2025-08-14,2025-08-14 10:08:16.700,MO2508-C-7500,0.6,0.6,0.8
2025-08-14,2025-08-14 10:08:18.700,MO2508-C-7500,0.6,0.6,0.8
2025-08-14,2025-08-14 10:08:25.200,MO2508-C-7500,0.6,0.6,0.8
2025-08-14,2025-08-14 10:08:25.700,MO2508-C-7500,0.6,0.6,0.8
2025-08-14,2025-08-14 10:08:26.200,MO2508-C-7500,0.6,0.6,0.8
2025-08-14,2025-08-14 10:08:26.700,MO2508-C-7500,0.6,0.6,0.8
2025-08-14,2025-08-14 10:08:36.200,MO2508-C-7500,0.6,0.6,0.8
2025-08-14,2025-08-14 10:08:36.700,MO2508-C-7500,0.6,0.6,0.8
2025-08-14,2025-08-14 10:08:42.200,MO2508-C-7500,0.6,0.6,0.8
2025-08-14,2025-08-14 10:08:42.700,MO2508-C-7500,0.6,0.6,0.8
2025-08-14,2025-08-14 10:08:46.200,MO2508-C-7500,0.6,0.6,0.8
2025-08-14,2025-08-14 10:08:46.700,MO2508-C-7500,0.6,0.6,0.8
2025-08-14,2025-08-14 10:08:53.200,MO2508-C-7500,0.6,0.6,0.8
2025-08-14,2025-08-14 10:08:53.700,MO2508-C-7500,0.6,0.6,0.8
2025-08-14,2025-08-14 10:08:54.200,MO2508-C-7500,0.6,0.6,0.8
2025-08-14,2025-08-14 10:08:56.200,MO2508-C-7500,0.6,0.6,0.8
2025-08-14,2025-08-14 10:08:56.700,MO2508-C-7500,0.6,0.6,0.8
2025-08-14,2025-08-14 10:09:06.200,MO2508-C-7500,0.6,0.6,0.8
2025-08-14,2025-08-14 10:09:06.700,MO2508-C-7500,0.6,0.6,0.8
2025-08-14,2025-08-14 10:09:08.700,MO2508-C-7500,0.6,0.6,0.8
2025-08-14,2025-08-14 10:09:11.700,MO2508-C-7500,0.6,0.6,0.8
2025-08-14,2025-08-14 10:09:13.200,MO2508-C-7500,0.6,0.6,0.8
2025-08-14,2025-08-14 10:09:16.200,MO2508-C-7500,0.6,0.6,0.8
2025-08-14,2025-08-14 10:09:16.700,MO2508-C-7500,0.6,0.6,0.8
2025-08-14,2025-08-14 10:09:26.200,MO2508-C-7500,0.6,0.6,0.8
2025-08-14,2025-08-14 10:09:26.700,MO2508-C-7500,0.6,0.6,0.8
2025-08-14,2025-08-14 10:09:28.700,MO2508-C-7500,0.6,0.6,0.8
2025-08-14,2025-08-14 10:09:29.200,MO2508-C-7500,0.6,0.6,0.8
2025-08-14,2025-08-14 10:09:32.200,MO2508-C-7500,0.6,0.6,0.8
2025-08-14,2025-08-14 10:09:32.700,MO2508-C-7500,0.6,0.6,0.8
2025-08-14,2025-08-14 10:09:35.700,MO2508-C-7500,0.6,0.6,0.8
2025-08-14,2025-08-14 10:09:36.200,MO2508-C-7500,0.6,0.6,0.8
2025-08-14,2025-08-14 10:09:36.700,MO2508-C-7500,0.6,0.6,0.8
2025-08-14,2025-08-14 10:09:39.700,MO2508-C-7500,0.6,0.6,0.8
2025-08-14,2025-08-14 10:09:40.200,MO2508-C-7500,0.6,0.6,0.8
2025-08-14,2025-08-14 10:09:40.700,MO2508-C-7500,0.6,0.6,0.8
2025-08-14,2025-08-14 10:09:46.200,MO2508-C-7500,0.6,0.6,0.8
2025-08-14,2025-08-14 10:09:46.700,MO2508-C-7500,0.6,0.6,0.8
2025-08-14,2025-08-14 10:09:49.700,MO2508-C-7500,0.6,0.6,0.8
2025-08-14,2025-08-14 10:09:51.700,MO2508-C-7500,0.6,0.6,0.8
2025-08-14,2025-08-14 10:09:56.200,MO2508-C-7500,0.6,0.6,0.8
2025-08-14,2025-08-14 10:09:56.700,MO2508-C-7500,0.6,0.6,0.8
2025-08-14,2025-08-14 10:10:03.200,MO2508-C-7500,0.6,0.6,0.8
2025-08-14,2025-08-14 10:10:03.700,MO2508-C-7500,0.6,0.6,0.8
2025-08-14,2025-08-14 10:10:04.700,MO2508-C-7500,0.6,0.6,0.8
2025-08-14,2025-08-14 10:10:06.200,MO2508-C-7500,0.6,0.6,0.8
2025-08-14,2025-08-14 10:10:06.700,MO2508-C-7500,0.6,0.6,0.8
2025-08-14,2025-08-14 10:10:08.700,MO2508-C-7500,0.6,0.6,0.8
2025-08-14,2025-08-14 10:10:09.700,MO2508-C-7500,0.6,0.6,0.8
2025-08-14,2025-08-14 10:10:10.700,MO2508-C-7500,0.6,0.6,0.8
2025-08-14,2025-08-14 10:10:16.200,MO2508-C-7500,0.6,0.6,0.8
2025-08-14,2025-08-14 10:10:16.700,MO2508-C-7500,0.6,0.6,0.8
2025-08-14,2025-08-14 10:10:17.200,MO2508-C-7500,0.6,0.6,0.8
2025-08-14,2025-08-14 10:10:22.700,MO2508-C-7500,0.6,0.6,0.8
2025-08-14,2025-08-14 10:10:26.200,MO2508-C-7500,0.6,0.6,0.8
2025-08-14,2025-08-14 10:10:26.700,MO2508-C-7500,0.6,0.6,0.8
2025-08-14,2025-08-14 10:10:35.700,MO2508-C-7500,0.6,0.6,0.8
2025-08-14,2025-08-14 10:10:36.200,MO2508-C-7500,0.6,0.6,0.8
2025-08-14,2025-08-14 10:10:36.700,MO2508-C-7500,0.6,0.6,0.8
2025-08-14,2025-08-14 10:10:42.700,MO2508-C-7500,0.6,0.6,0.8
2025-08-14,2025-08-14 10:10:44.700,MO2508-C-7500,0.6,0.6,0.8
2025-08-14,2025-08-14 10:10:46.200,MO2508-C-7500,0.6,0.6,0.8
2025-08-14,2025-08-14 10:10:46.700,MO2508-C-7500,0.6,0.6,0.8
2025-08-14,2025-08-14 10:10:53.200,MO2508-C-7500,0.6,0.6,0.8
2025-08-14,2025-08-14 10:10:56.200,MO2508-C-7500,0.6,0.6,0.8
2025-08-14,2025-08-14 10:10:56.700,MO2508-C-7500,0.6,0.6,0.8
2025-08-14,2025-08-14 10:10:57.200,MO2508-C-7500,0.6,0.6,0.8
2025-08-14,2025-08-14 10:11:02.200,MO2508-C-7500,0.6,0.6,0.8
2025-08-14,2025-08-14 10:11:06.200,MO2508-C-7500,0.6,0.6,0.8
2025-08-14,2025-08-14 10:11:06.700,MO2508-C-7500,0.6,0.6,0.8
2025-08-14,2025-08-14 10:11:07.700,MO2508-C-7500,0.6,0.6,0.8
2025-08-14,2025-08-14 10:11:08.700,MO2508-C-7500,0.6,0.6,0.8
2025-08-14,2025-08-14 10:11:09.700,MO2508-C-7500,0.6,0.6,0.8
2025-08-14,2025-08-14 10:11:10.200,MO2508-C-7500,0.6,0.6,0.8
2025-08-14,2025-08-14 10:11:12.700,MO2508-C-7500,0.6,0.6,0.8
2025-08-14,2025-08-14 10:11:14.200,MO2508-C-7500,0.6,0.6,0.8
2025-08-14,2025-08-14 10:11:16.200,MO2508-C-7500,0.6,0.6,0.8
2025-08-14,2025-08-14 10:11:16.700,MO2508-C-7500,0.6,0.6,0.8
2025-08-14,2025-08-14 10:11:17.200,MO2508-C-7500,0.6,0.6,0.8
2025-08-14,2025-08-14 10:11:17.700,MO2508-C-7500,0.6,0.6,0.8
2025-08-14,2025-08-14 10:11:18.200,MO2508-C-7500,0.6,0.6,0.8
2025-08-14,2025-08-14 10:11:26.200,MO2508-C-7500,0.6,0.6,0.8
2025-08-14,2025-08-14 10:11:26.700,MO2508-C-7500,0.6,0.6,0.8
2025-08-14,2025-08-14 10:11:27.200,MO2508-C-7500,0.6,0.6,0.8
2025-08-14,2025-08-14 10:11:31.700,MO2508-C-7500,0.6,0.6,0.8
2025-08-14,2025-08-14 10:11:36.200,MO2508-C-7500,0.6,0.6,0.8
2025-08-14,2025-08-14 10:11:36.700,MO2508-C-7500,0.6,0.6,0.8
2025-08-14,2025-08-14 10:11:45.200,MO2508-C-7500,0.6,0.6,0.8
2025-08-14,2025-08-14 10:11:45.700,MO2508-C-7500,0.6,0.6,0.8
2025-08-14,2025-08-14 10:11:46.200,MO2508-C-7500,0.6,0.6,0.8
2025-08-14,2025-08-14 10:11:46.700,MO2508-C-7500,0.6,0.6,0.8
2025-08-14,2025-08-14 10:11:56.200,MO2508-C-7500,0.6,0.6,0.8
2025-08-14,2025-08-14 10:11:56.700,MO2508-C-7500,0.6,0.6,0.8
2025-08-14,2025-08-14 10:11:59.700,MO2508-C-7500,0.6,0.6,0.8
2025-08-14,2025-08-14 10:12:00.200,MO2508-C-7500,0.6,0.6,0.8
2025-08-14,2025-08-14 10:12:02.700,MO2508-C-7500,0.6,0.6,0.8
2025-08-14,2025-08-14 10:12:03.200,MO2508-C-7500,0.6,0.6,0.8
2025-08-14,2025-08-14 10:12:06.200,MO2508-C-7500,0.6,0.6,0.8
2025-08-14,2025-08-14 10:12:06.700,MO2508-C-7500,0.6,0.6,0.8
2025-08-14,2025-08-14 10:12:16.200,MO2508-C-7500,0.6,0.6,0.8
2025-08-14,2025-08-14 10:12:16.700,MO2508-C-7500,0.6,0.6,0.8
2025-08-14,2025-08-14 10:12:26.200,MO2508-C-7500,0.6,0.6,0.8
2025-08-14,2025-08-14 10:12:26.700,MO2508-C-7500,0.6,0.6,0.8
2025-08-14,2025-08-14 10:12:33.700,MO2508-C-7500,0.6,0.6,0.8
2025-08-14,2025-08-14 10:12:36.200,MO2508-C-7500,0.6,0.6,0.8
2025-08-14,2025-08-14 10:12:36.700,MO2508-C-7500,0.6,0.6,0.8
2025-08-14,2025-08-14 10:12:37.200,MO2508-C-7500,0.6,0.6,0.8
2025-08-14,2025-08-14 10:12:46.200,MO2508-C-7500,0.6,0.6,0.8
2025-08-14,2025-08-14 10:12:46.700,MO2508-C-7500,0.6,0.6,0.8
2025-08-14,2025-08-14 10:12:56.200,MO2508-C-7500,0.6,0.6,0.8
2025-08-14,2025-08-14 10:12:56.700,MO2508-C-7500,0.6,0.6,0.8
2025-08-14,2025-08-14 10:13:06.200,MO2508-C-7500,0.6,0.6,0.8
2025-08-14,2025-08-14 10:13:06.700,MO2508-C-7500,0.6,0.6,0.8
2025-08-14,2025-08-14 10:13:09.700,MO2508-C-7500,0.6,0.6,0.8
2025-08-14,2025-08-14 10:13:13.700,MO2508-C-7500,0.6,0.6,0.8
2025-08-14,2025-08-14 10:13:16.200,MO2508-C-7500,0.6,0.6,0.8
2025-08-14,2025-08-14 10:13:16.700,MO2508-C-7500,0.6,0.6,0.8
2025-08-14,2025-08-14 10:13:26.200,MO2508-C-7500,0.6,0.6,0.8
2025-08-14,2025-08-14 10:13:26.700,MO2508-C-7500,0.6,0.6,0.8
2025-08-14,2025-08-14 10:13:36.200,MO2508-C-7500,0.6,0.6,0.8
2025-08-14,2025-08-14 10:13:36.700,MO2508-C-7500,0.6,0.6,0.8
2025-08-14,2025-08-14 10:13:46.200,MO2508-C-7500,0.6,0.6,0.8
2025-08-14,2025-08-14 10:13:46.700,MO2508-C-7500,0.6,0.6,0.8
2025-08-14,2025-08-14 10:13:49.700,MO2508-C-7500,0.6,0.6,0.8
2025-08-14,2025-08-14 10:13:51.700,MO2508-C-7500,0.6,0.6,0.8
2025-08-14,2025-08-14 10:13:56.200,MO2508-C-7500,0.6,0.6,0.8
2025-08-14,2025-08-14 10:13:56.700,MO2508-C-7500,0.6,0.6,0.8
2025-08-14,2025-08-14 10:13:59.200,MO2508-C-7500,0.6,0.6,0.8
2025-08-14,2025-08-14 10:14:06.200,MO2508-C-7500,0.6,0.6,0.8
2025-08-14,2025-08-14 10:14:06.700,MO2508-C-7500,0.6,0.6,0.8
2025-08-14,2025-08-14 10:14:08.200,MO2508-C-7500,0.6,0.6,0.8
2025-08-14,2025-08-14 10:14:08.700,MO2508-C-7500,0.6,0.6,0.8
2025-08-14,2025-08-14 10:14:09.700,MO2508-C-7500,0.6,0.6,0.8
2025-08-14,2025-08-14 10:14:10.200,MO2508-C-7500,0.6,0.6,0.8
2025-08-14,2025-08-14 10:14:10.700,MO2508-C-7500,0.6,0.6,0.8
2025-08-14,2025-08-14 10:14:11.200,MO2508-C-7500,0.6,0.6,0.8
2025-08-14,2025-08-14 10:14:14.700,MO2508-C-7500,0.6,0.6,0.8
2025-08-14,2025-08-14 10:14:16.200,MO2508-C-7500,0.6,0.6,0.8
2025-08-14,2025-08-14 10:14:16.700,MO2508-C-7500,0.6,0.6,0.8
2025-08-14,2025-08-14 10:14:17.700,MO2508-C-7500,0.6,0.6,0.8
2025-08-14,2025-08-14 10:14:21.700,MO2508-C-7500,0.6,0.6,0.8
2025-08-14,2025-08-14 10:14:22.200,MO2508-C-7500,0.6,0.6,0.8
2025-08-14,2025-08-14 10:14:23.700,MO2508-C-7500,0.6,0.6,0.8
2025-08-14,2025-08-14 10:14:24.200,MO2508-C-7500,0.6,0.6,0.8
2025-08-14,2025-08-14 10:14:24.700,MO2508-C-7500,0.6,0.6,0.8
2025-08-14,2025-08-14 10:14:25.700,MO2508-C-7500,0.6,0.6,0.8
2025-08-14,2025-08-14 10:14:26.200,MO2508-C-7500,0.6,0.6,0.8
2025-08-14,2025-08-14 10:14:26.700,MO2508-C-7500,0.6,0.6,0.8
2025-08-14,2025-08-14 10:14:28.700,MO2508-C-7500,0.6,0.6,0.8
2025-08-14,2025-08-14 10:14:29.200,MO2508-C-7500,0.6,0.6,0.8
2025-08-14,2025-08-14 10:14:29.700,MO2508-C-7500,0.6,0.6,0.8
2025-08-14,2025-08-14 10:14:36.200,MO2508-C-7500,0.6,0.6,0.8
2025-08-14,2025-08-14 10:14:36.700,MO2508-C-7500,0.6,0.6,0.8
2025-08-14,2025-08-14 10:14:46.200,MO2508-C-7500,0.6,0.6,0.8
2025-08-14,2025-08-14 10:14:46.700,MO2508-C-7500,0.6,0.6,0.8
2025-08-14,2025-08-14 10:14:56.200,MO2508-C-7500,0.6,0.6,0.8
2025-08-14,2025-08-14 10:14:56.700,MO2508-C-7500,0.6,0.6,0.8
2025-08-14,2025-08-14 10:14:58.200,MO2508-C-7500,0.6,0.6,0.8
2025-08-14,2025-08-14 10:15:06.200,MO2508-C-7500,0.6,0.6,0.8
2025-08-14,2025-08-14 10:15:06.700,MO2508-C-7500,0.6,0.6,0.8
2025-08-14,2025-08-14 10:15:10.700,MO2508-C-7500,0.6,0.6,0.8
2025-08-14,2025-08-14 10:15:11.200,MO2508-C-7500,0.6,0.6,0.8
2025-08-14,2025-08-14 10:15:16.200,MO2508-C-7500,0.6,0.6,0.8
2025-08-14,2025-08-14 10:15:16.700,MO2508-C-7500,0.6,0.6,0.8
2025-08-14,2025-08-14 10:15:18.200,MO2508-C-7500,0.6,0.6,0.8
2025-08-14,2025-08-14 10:15:26.200,MO2508-C-7500,0.6,0.6,0.8
2025-08-14,2025-08-14 10:15:26.700,MO2508-C-7500,0.6,0.6,0.8
2025-08-14,2025-08-14 10:15:28.700,MO2508-C-7500,0.6,0.6,0.8
2025-08-14,2025-08-14 10:15:36.200,MO2508-C-7500,0.6,0.6,0.8
2025-08-14,2025-08-14 10:15:36.700,MO2508-C-7500,0.6,0.6,0.8
2025-08-14,2025-08-14 10:15:40.700,MO2508-C-7500,0.6,0.6,0.8
2025-08-14,2025-08-14 10:15:46.200,MO2508-C-7500,0.6,0.6,0.8
2025-08-14,2025-08-14 10:15:46.700,MO2508-C-7500,0.6,0.6,0.8
2025-08-14,2025-08-14 10:15:56.200,MO2508-C-7500,0.6,0.6,0.8
2025-08-14,2025-08-14 10:15:56.700,MO2508-C-7500,0.6,0.6,0.8
2025-08-14,2025-08-14 10:16:06.200,MO2508-C-7500,0.6,0.6,0.8
2025-08-14,2025-08-14 10:16:06.700,MO2508-C-7500,0.6,0.6,0.8
2025-08-14,2025-08-14 10:16:08.200,MO2508-C-7500,0.6,0.6,0.8
2025-08-14,2025-08-14 10:16:12.200,MO2508-C-7500,0.6,0.6,0.8
2025-08-14,2025-08-14 10:16:16.200,MO2508-C-7500,0.6,0.6,0.8
2025-08-14,2025-08-14 10:16:16.700,MO2508-C-7500,0.6,0.6,0.8
2025-08-14,2025-08-14 10:16:19.700,MO2508-C-7500,0.6,0.6,0.8
2025-08-14,2025-08-14 10:16:24.200,MO2508-C-7500,0.6,0.6,0.8
2025-08-14,2025-08-14 10:16:24.700,MO2508-C-7500,0.6,0.6,0.8
2025-08-14,2025-08-14 10:16:26.200,MO2508-C-7500,0.6,0.6,0.8
2025-08-14,2025-08-14 10:16:26.700,MO2508-C-7500,0.6,0.6,0.8
2025-08-14,2025-08-14 10:16:33.200,MO2508-C-7500,0.6,0.6,0.8
2025-08-14,2025-08-14 10:16:36.200,MO2508-C-7500,0.6,0.6,0.8
2025-08-14,2025-08-14 10:16:36.700,MO2508-C-7500,0.6,0.6,0.8
2025-08-14,2025-08-14 10:16:46.200,MO2508-C-7500,0.6,0.6,0.8
2025-08-14,2025-08-14 10:16:46.700,MO2508-C-7500,0.6,0.6,0.8
2025-08-14,2025-08-14 10:16:47.200,MO2508-C-7500,0.6,0.6,0.8
2025-08-14,2025-08-14 10:16:47.700,MO2508-C-7500,0.6,0.6,0.8
2025-08-14,2025-08-14 10:16:56.200,MO2508-C-7500,0.6,0.6,0.8
2025-08-14,2025-08-14 10:16:56.700,MO2508-C-7500,0.6,0.6,0.8
2025-08-14,2025-08-14 10:16:57.200,MO2508-C-7500,0.6,0.6,0.8
2025-08-14,2025-08-14 10:16:59.700,MO2508-C-7500,0.6,0.6,0.8
2025-08-14,2025-08-14 10:17:05.200,MO2508-C-7500,0.6,0.6,0.8
2025-08-14,2025-08-14 10:17:06.200,MO2508-C-7500,0.6,0.6,0.8
2025-08-14,2025-08-14 10:17:06.700,MO2508-C-7500,0.6,0.6,0.8
2025-08-14,2025-08-14 10:17:16.200,MO2508-C-7500,0.6,0.6,0.8
2025-08-14,2025-08-14 10:17:16.700,MO2508-C-7500,0.6,0.6,0.8
2025-08-14,2025-08-14 10:17:23.200,MO2508-C-7500,0.6,0.6,0.8
2025-08-14,2025-08-14 10:17:26.200,MO2508-C-7500,0.6,0.6,0.8
2025-08-14,2025-08-14 10:17:26.700,MO2508-C-7500,0.6,0.6,0.8
2025-08-14,2025-08-14 10:17:36.200,MO2508-C-7500,0.6,0.6,0.8
2025-08-14,2025-08-14 10:17:36.700,MO2508-C-7500,0.6,0.6,0.8
2025-08-14,2025-08-14 10:17:46.200,MO2508-C-7500,0.6,0.6,0.8
2025-08-14,2025-08-14 10:17:46.700,MO2508-C-7500,0.6,0.6,0.8
2025-08-14,2025-08-14 10:17:47.700,MO2508-C-7500,0.6,0.6,0.8
2025-08-14,2025-08-14 10:17:48.200,MO2508-C-7500,0.6,0.4,0.8
2025-08-14,2025-08-14 10:17:48.700,MO2508-C-7500,0.6,0.4,0.8
2025-08-14,2025-08-14 10:17:54.200,MO2508-C-7500,0.6,0.4,0.8
2025-08-14,2025-08-14 10:17:56.200,MO2508-C-7500,0.6,0.4,0.8
2025-08-14,2025-08-14 10:17:56.700,MO2508-C-7500,0.6,0.4,0.8
2025-08-14,2025-08-14 10:17:57.200,MO2508-C-7500,0.6,0.4,0.8
2025-08-14,2025-08-14 10:17:59.200,MO2508-C-7500,0.6,0.4,0.8
2025-08-14,2025-08-14 10:17:59.700,MO2508-C-7500,0.6,0.4,0.8
2025-08-14,2025-08-14 10:18:06.200,MO2508-C-7500,0.6,0.4,0.8
2025-08-14,2025-08-14 10:18:06.700,MO2508-C-7500,0.6,0.4,0.8
2025-08-14,2025-08-14 10:18:08.700,MO2508-C-7500,0.6,0.6,0.8
2025-08-14,2025-08-14 10:18:09.200,MO2508-C-7500,0.6,0.6,0.8
2025-08-14,2025-08-14 10:18:11.200,MO2508-C-7500,0.6,0.6,0.8
2025-08-14,2025-08-14 10:18:11.700,MO2508-C-7500,0.6,0.6,0.8
2025-08-14,2025-08-14 10:18:12.200,MO2508-C-7500,0.6,0.6,0.8
2025-08-14,2025-08-14 10:18:12.700,MO2508-C-7500,0.6,0.6,0.8
2025-08-14,2025-08-14 10:18:14.200,MO2508-C-7500,0.6,0.6,0.8
2025-08-14,2025-08-14 10:18:14.700,MO2508-C-7500,0.6,0.6,0.8
2025-08-14,2025-08-14 10:18:16.200,MO2508-C-7500,0.6,0.6,0.8
2025-08-14,2025-08-14 10:18:16.700,MO2508-C-7500,0.6,0.6,0.8
2025-08-14,2025-08-14 10:18:17.200,MO2508-C-7500,0.6,0.6,0.8
2025-08-14,2025-08-14 10:18:26.200,MO2508-C-7500,0.6,0.6,0.8
2025-08-14,2025-08-14 10:18:26.700,MO2508-C-7500,0.6,0.6,0.8
2025-08-14,2025-08-14 10:18:28.200,MO2508-C-7500,0.6,0.6,0.8
2025-08-14,2025-08-14 10:18:33.700,MO2508-C-7500,0.6,0.6,0.8
2025-08-14,2025-08-14 10:18:34.200,MO2508-C-7500,0.6,0.6,0.8
2025-08-14,2025-08-14 10:18:35.200,MO2508-C-7500,0.6,0.6,0.8
2025-08-14,2025-08-14 10:18:36.200,MO2508-C-7500,0.6,0.6,0.8
2025-08-14,2025-08-14 10:18:36.700,MO2508-C-7500,0.6,0.6,0.8
2025-08-14,2025-08-14 10:18:46.200,MO2508-C-7500,0.6,0.6,0.8
2025-08-14,2025-08-14 10:18:46.700,MO2508-C-7500,0.6,0.6,0.8
2025-08-14,2025-08-14 10:18:56.200,MO2508-C-7500,0.6,0.6,0.8
2025-08-14,2025-08-14 10:18:56.700,MO2508-C-7500,0.6,0.6,0.8
2025-08-14,2025-08-14 10:19:01.700,MO2508-C-7500,0.6,0.6,0.8
2025-08-14,2025-08-14 10:19:06.200,MO2508-C-7500,0.6,0.6,0.8
2025-08-14,2025-08-14 10:19:06.700,MO2508-C-7500,0.6,0.6,0.8
2025-08-14,2025-08-14 10:19:16.200,MO2508-C-7500,0.6,0.6,0.8
2025-08-14,2025-08-14 10:19:16.700,MO2508-C-7500,0.6,0.6,0.8
2025-08-14,2025-08-14 10:19:26.200,MO2508-C-7500,0.6,0.6,0.8
2025-08-14,2025-08-14 10:19:26.700,MO2508-C-7500,0.6,0.6,0.8
2025-08-14,2025-08-14 10:19:36.200,MO2508-C-7500,0.6,0.6,0.8
2025-08-14,2025-08-14 10:19:36.700,MO2508-C-7500,0.6,0.6,0.8
2025-08-14,2025-08-14 10:19:46.200,MO2508-C-7500,0.6,0.6,0.8
2025-08-14,2025-08-14 10:19:46.700,MO2508-C-7500,0.6,0.6,0.8
2025-08-14,2025-08-14 10:19:55.700,MO2508-C-7500,0.6,0.6,0.8
2025-08-14,2025-08-14 10:19:56.200,MO2508-C-7500,0.6,0.6,0.8
2025-08-14,2025-08-14 10:19:56.700,MO2508-C-7500,0.6,0.6,0.8
2025-08-14,2025-08-14 10:20:02.200,MO2508-C-7500,0.6,0.6,0.8
2025-08-14,2025-08-14 10:20:06.200,MO2508-C-7500,0.6,0.6,0.8
2025-08-14,2025-08-14 10:20:06.700,MO2508-C-7500,0.6,0.6,0.8
2025-08-14,2025-08-14 10:20:16.200,MO2508-C-7500,0.6,0.6,0.8
2025-08-14,2025-08-14 10:20:16.700,MO2508-C-7500,0.6,0.6,0.8
2025-08-14,2025-08-14 10:20:18.700,MO2508-C-7500,0.6,0.6,0.8
2025-08-14,2025-08-14 10:20:26.200,MO2508-C-7500,0.6,0.6,0.8
2025-08-14,2025-08-14 10:20:26.700,MO2508-C-7500,0.6,0.6,0.8
2025-08-14,2025-08-14 10:20:36.200,MO2508-C-7500,0.6,0.6,0.8
2025-08-14,2025-08-14 10:20:36.700,MO2508-C-7500,0.6,0.6,0.8
2025-08-14,2025-08-14 10:20:46.200,MO2508-C-7500,0.6,0.6,0.8
2025-08-14,2025-08-14 10:20:46.700,MO2508-C-7500,0.6,0.6,0.8
2025-08-14,2025-08-14 10:20:56.200,MO2508-C-7500,0.6,0.6,0.8
2025-08-14,2025-08-14 10:20:56.700,MO2508-C-7500,0.6,0.6,0.8
2025-08-14,2025-08-14 10:21:06.200,MO2508-C-7500,0.6,0.6,0.8
2025-08-14,2025-08-14 10:21:06.700,MO2508-C-7500,0.6,0.6,0.8
2025-08-14,2025-08-14 10:21:16.200,MO2508-C-7500,0.6,0.6,0.8
2025-08-14,2025-08-14 10:21:16.700,MO2508-C-7500,0.6,0.6,0.8
2025-08-14,2025-08-14 10:21:25.700,MO2508-C-7500,0.6,0.6,0.8
2025-08-14,2025-08-14 10:21:26.200,MO2508-C-7500,0.6,0.6,0.8
2025-08-14,2025-08-14 10:21:26.700,MO2508-C-7500,0.6,0.6,0.8
2025-08-14,2025-08-14 10:21:30.200,MO2508-C-7500,0.6,0.6,0.8
2025-08-14,2025-08-14 10:21:36.200,MO2508-C-7500,0.6,0.6,0.8
2025-08-14,2025-08-14 10:21:36.700,MO2508-C-7500,0.6,0.6,0.8
2025-08-14,2025-08-14 10:21:46.200,MO2508-C-7500,0.6,0.6,0.8
2025-08-14,2025-08-14 10:21:46.700,MO2508-C-7500,0.6,0.6,0.8
2025-08-14,2025-08-14 10:21:56.200,MO2508-C-7500,0.6,0.6,0.8
2025-08-14,2025-08-14 10:21:56.700,MO2508-C-7500,0.6,0.6,0.8
2025-08-14,2025-08-14 10:21:58.700,MO2508-C-7500,0.6,0.6,0.8
2025-08-14,2025-08-14 10:21:59.700,MO2508-C-7500,0.8,0.6,0.8
2025-08-14,2025-08-14 10:22:06.200,MO2508-C-7500,0.8,0.6,0.8
2025-08-14,2025-08-14 10:22:06.700,MO2508-C-7500,0.8,0.6,0.8
2025-08-14,2025-08-14 10:22:16.200,MO2508-C-7500,0.8,0.6,0.8
2025-08-14,2025-08-14 10:22:16.700,MO2508-C-7500,0.8,0.6,0.8
2025-08-14,2025-08-14 10:22:26.200,MO2508-C-7500,0.8,0.6,0.8
2025-08-14,2025-08-14 10:22:26.700,MO2508-C-7500,0.8,0.6,0.8
2025-08-14,2025-08-14 10:22:36.200,MO2508-C-7500,0.8,0.6,0.8
2025-08-14,2025-08-14 10:22:36.700,MO2508-C-7500,0.8,0.6,0.8
2025-08-14,2025-08-14 10:22:46.200,MO2508-C-7500,0.8,0.6,0.8
2025-08-14,2025-08-14 10:22:46.700,MO2508-C-7500,0.8,0.6,0.8
2025-08-14,2025-08-14 10:22:56.200,MO2508-C-7500,0.8,0.6,0.8
2025-08-14,2025-08-14 10:22:56.700,MO2508-C-7500,0.8,0.6,0.8
2025-08-14,2025-08-14 10:23:06.200,MO2508-C-7500,0.8,0.6,0.8
2025-08-14,2025-08-14 10:23:06.700,MO2508-C-7500,0.8,0.6,0.8
2025-08-14,2025-08-14 10:23:16.200,MO2508-C-7500,0.8,0.6,0.8
2025-08-14,2025-08-14 10:23:16.700,MO2508-C-7500,0.8,0.6,0.8
2025-08-14,2025-08-14 10:23:17.700,MO2508-C-7500,0.8,0.6,0.8
2025-08-14,2025-08-14 10:23:26.200,MO2508-C-7500,0.8,0.6,0.8
2025-08-14,2025-08-14 10:23:26.700,MO2508-C-7500,0.8,0.6,0.8
2025-08-14,2025-08-14 10:23:36.200,MO2508-C-7500,0.8,0.6,0.8
2025-08-14,2025-08-14 10:23:36.700,MO2508-C-7500,0.8,0.6,0.8
2025-08-14,2025-08-14 10:23:46.200,MO2508-C-7500,0.8,0.6,0.8
2025-08-14,2025-08-14 10:23:46.700,MO2508-C-7500,0.8,0.6,0.8
2025-08-14,2025-08-14 10:23:50.200,MO2508-C-7500,0.8,0.6,0.8
2025-08-14,2025-08-14 10:23:51.700,MO2508-C-7500,0.8,0.6,0.8
2025-08-14,2025-08-14 10:23:52.200,MO2508-C-7500,0.8,0.6,0.8
2025-08-14,2025-08-14 10:23:56.200,MO2508-C-7500,0.8,0.6,0.8
2025-08-14,2025-08-14 10:23:56.700,MO2508-C-7500,0.8,0.6,0.8
2025-08-14,2025-08-14 10:24:06.200,MO2508-C-7500,0.8,0.6,0.8
2025-08-14,2025-08-14 10:24:06.700,MO2508-C-7500,0.8,0.6,0.8
2025-08-14,2025-08-14 10:24:16.200,MO2508-C-7500,0.8,0.6,0.8
2025-08-14,2025-08-14 10:24:16.700,MO2508-C-7500,0.8,0.6,0.8
2025-08-14,2025-08-14 10:24:26.200,MO2508-C-7500,0.8,0.6,0.8
2025-08-14,2025-08-14 10:24:26.700,MO2508-C-7500,0.8,0.6,0.8
2025-08-14,2025-08-14 10:24:33.700,MO2508-C-7500,0.8,0.6,0.8
2025-08-14,2025-08-14 10:24:36.200,MO2508-C-7500,0.8,0.6,0.8
2025-08-14,2025-08-14 10:24:36.700,MO2508-C-7500,0.8,0.6,0.8
2025-08-14,2025-08-14 10:24:46.200,MO2508-C-7500,0.8,0.6,0.8
2025-08-14,2025-08-14 10:24:46.700,MO2508-C-7500,0.8,0.6,0.8
2025-08-14,2025-08-14 10:24:56.200,MO2508-C-7500,0.8,0.6,0.8
2025-08-14,2025-08-14 10:24:56.700,MO2508-C-7500,0.8,0.6,0.8
2025-08-14,2025-08-14 10:24:57.200,MO2508-C-7500,0.8,0.6,0.8
2025-08-14,2025-08-14 10:25:06.200,MO2508-C-7500,0.8,0.6,0.8
2025-08-14,2025-08-14 10:25:06.700,MO2508-C-7500,0.8,0.6,0.8
2025-08-14,2025-08-14 10:25:16.200,MO2508-C-7500,0.8,0.6,0.8
2025-08-14,2025-08-14 10:25:16.700,MO2508-C-7500,0.8,0.6,0.8
2025-08-14,2025-08-14 10:25:26.200,MO2508-C-7500,0.8,0.6,0.8
2025-08-14,2025-08-14 10:25:26.700,MO2508-C-7500,0.8,0.6,0.8
2025-08-14,2025-08-14 10:25:36.200,MO2508-C-7500,0.8,0.6,0.8
2025-08-14,2025-08-14 10:25:36.700,MO2508-C-7500,0.8,0.6,0.8
2025-08-14,2025-08-14 10:25:46.200,MO2508-C-7500,0.8,0.6,0.8
2025-08-14,2025-08-14 10:25:46.700,MO2508-C-7500,0.8,0.6,0.8
2025-08-14,2025-08-14 10:25:56.200,MO2508-C-7500,0.8,0.6,0.8
2025-08-14,2025-08-14 10:25:56.700,MO2508-C-7500,0.8,0.6,0.8
2025-08-14,2025-08-14 10:26:06.200,MO2508-C-7500,0.8,0.6,0.8
2025-08-14,2025-08-14 10:26:06.700,MO2508-C-7500,0.8,0.6,0.8
2025-08-14,2025-08-14 10:26:16.200,MO2508-C-7500,0.8,0.6,0.8
2025-08-14,2025-08-14 10:26:16.700,MO2508-C-7500,0.8,0.6,0.8
2025-08-14,2025-08-14 10:26:26.200,MO2508-C-7500,0.8,0.6,0.8
2025-08-14,2025-08-14 10:26:26.700,MO2508-C-7500,0.8,0.6,0.8
2025-08-14,2025-08-14 10:26:36.200,MO2508-C-7500,0.8,0.6,0.8
2025-08-14,2025-08-14 10:26:36.700,MO2508-C-7500,0.8,0.6,0.8
2025-08-14,2025-08-14 10:26:46.200,MO2508-C-7500,0.8,0.6,0.8
2025-08-14,2025-08-14 10:26:46.700,MO2508-C-7500,0.8,0.6,0.8
2025-08-14,2025-08-14 10:26:56.200,MO2508-C-7500,0.8,0.6,0.8
2025-08-14,2025-08-14 10:26:56.700,MO2508-C-7500,0.8,0.6,0.8
2025-08-14,2025-08-14 10:26:59.700,MO2508-C-7500,0.8,0.6,0.8
2025-08-14,2025-08-14 10:27:06.200,MO2508-C-7500,0.8,0.6,0.8
2025-08-14,2025-08-14 10:27:06.700,MO2508-C-7500,0.8,0.6,0.8
2025-08-14,2025-08-14 10:27:16.200,MO2508-C-7500,0.8,0.6,0.8
2025-08-14,2025-08-14 10:27:16.700,MO2508-C-7500,0.8,0.6,0.8
2025-08-14,2025-08-14 10:27:26.200,MO2508-C-7500,0.8,0.6,0.8
2025-08-14,2025-08-14 10:27:26.700,MO2508-C-7500,0.8,0.6,0.8
2025-08-14,2025-08-14 10:27:33.200,MO2508-C-7500,0.8,0.6,0.8
2025-08-14,2025-08-14 10:27:33.700,MO2508-C-7500,0.8,0.6,0.8
2025-08-14,2025-08-14 10:27:34.200,MO2508-C-7500,0.8,0.6,0.8
2025-08-14,2025-08-14 10:27:36.200,MO2508-C-7500,0.8,0.6,0.8
2025-08-14,2025-08-14 10:27:36.700,MO2508-C-7500,0.8,0.6,0.8
2025-08-14,2025-08-14 10:27:37.200,MO2508-C-7500,0.8,0.6,0.8
2025-08-14,2025-08-14 10:27:46.200,MO2508-C-7500,0.8,0.6,0.8
2025-08-14,2025-08-14 10:27:46.700,MO2508-C-7500,0.8,0.6,0.8
2025-08-14,2025-08-14 10:27:47.200,MO2508-C-7500,0.8,0.6,0.8
2025-08-14,2025-08-14 10:27:56.200,MO2508-C-7500,0.8,0.6,0.8
2025-08-14,2025-08-14 10:27:56.700,MO2508-C-7500,0.8,0.6,0.8
2025-08-14,2025-08-14 10:27:57.200,MO2508-C-7500,0.8,0.6,0.8
2025-08-14,2025-08-14 10:28:06.200,MO2508-C-7500,0.8,0.6,0.8
2025-08-14,2025-08-14 10:28:06.700,MO2508-C-7500,0.8,0.6,0.8
2025-08-14,2025-08-14 10:28:07.200,MO2508-C-7500,0.8,0.6,0.8
2025-08-14,2025-08-14 10:28:16.200,MO2508-C-7500,0.8,0.6,0.8
2025-08-14,2025-08-14 10:28:16.700,MO2508-C-7500,0.8,0.6,0.8
2025-08-14,2025-08-14 10:28:17.200,MO2508-C-7500,0.8,0.6,0.8
2025-08-14,2025-08-14 10:28:26.200,MO2508-C-7500,0.8,0.6,0.8
2025-08-14,2025-08-14 10:28:26.700,MO2508-C-7500,0.8,0.6,0.8
2025-08-14,2025-08-14 10:28:27.200,MO2508-C-7500,0.8,0.6,0.8
2025-08-14,2025-08-14 10:28:36.200,MO2508-C-7500,0.8,0.6,0.8
2025-08-14,2025-08-14 10:28:36.700,MO2508-C-7500,0.8,0.6,0.8
2025-08-14,2025-08-14 10:28:37.200,MO2508-C-7500,0.8,0.6,0.8
2025-08-14,2025-08-14 10:28:46.200,MO2508-C-7500,0.8,0.6,0.8
2025-08-14,2025-08-14 10:28:46.700,MO2508-C-7500,0.8,0.6,0.8
2025-08-14,2025-08-14 10:28:47.200,MO2508-C-7500,0.8,0.6,0.8
2025-08-14,2025-08-14 10:28:56.200,MO2508-C-7500,0.8,0.6,0.8
2025-08-14,2025-08-14 10:28:56.700,MO2508-C-7500,0.8,0.6,0.8
2025-08-14,2025-08-14 10:28:57.200,MO2508-C-7500,0.8,0.6,0.8
2025-08-14,2025-08-14 10:29:06.200,MO2508-C-7500,0.8,0.6,0.8
2025-08-14,2025-08-14 10:29:06.700,MO2508-C-7500,0.8,0.6,0.8
2025-08-14,2025-08-14 10:29:07.200,MO2508-C-7500,0.8,0.6,0.8
2025-08-14,2025-08-14 10:29:16.200,MO2508-C-7500,0.8,0.6,0.8
2025-08-14,2025-08-14 10:29:16.700,MO2508-C-7500,0.8,0.6,0.8
2025-08-14,2025-08-14 10:29:17.200,MO2508-C-7500,0.8,0.6,0.8
2025-08-14,2025-08-14 10:29:26.200,MO2508-C-7500,0.8,0.6,0.8
2025-08-14,2025-08-14 10:29:26.700,MO2508-C-7500,0.8,0.6,0.8
2025-08-14,2025-08-14 10:29:27.200,MO2508-C-7500,0.8,0.6,0.8
2025-08-14,2025-08-14 10:29:33.700,MO2508-C-7500,0.8,0.6,0.8
2025-08-14,2025-08-14 10:29:34.200,MO2508-C-7500,0.8,0.6,0.8
2025-08-14,2025-08-14 10:29:36.200,MO2508-C-7500,0.8,0.6,0.8
2025-08-14,2025-08-14 10:29:36.700,MO2508-C-7500,0.8,0.6,0.8
2025-08-14,2025-08-14 10:29:37.200,MO2508-C-7500,0.8,0.6,0.8
2025-08-14,2025-08-14 10:29:41.700,MO2508-C-7500,0.8,0.6,0.8
2025-08-14,2025-08-14 10:29:46.200,MO2508-C-7500,0.8,0.6,0.8
2025-08-14,2025-08-14 10:29:46.700,MO2508-C-7500,0.8,0.6,0.8
2025-08-14,2025-08-14 10:29:47.200,MO2508-C-7500,0.8,0.6,0.8
2025-08-14,2025-08-14 10:29:47.700,MO2508-C-7500,0.8,0.6,0.8
2025-08-14,2025-08-14 10:29:53.700,MO2508-C-7500,0.8,0.6,0.8
2025-08-14,2025-08-14 10:29:56.200,MO2508-C-7500,0.8,0.6,0.8
2025-08-14,2025-08-14 10:29:56.700,MO2508-C-7500,0.8,0.6,0.8
2025-08-14,2025-08-14 10:30:06.200,MO2508-C-7500,0.8,0.6,0.8
2025-08-14,2025-08-14 10:30:06.700,MO2508-C-7500,0.8,0.6,0.8
2025-08-14,2025-08-14 10:30:07.200,MO2508-C-7500,0.8,0.6,0.8
2025-08-14,2025-08-14 10:30:09.200,MO2508-C-7500,0.8,0.6,0.8
2025-08-14,2025-08-14 10:30:10.200,MO2508-C-7500,0.8,0.6,0.8
2025-08-14,2025-08-14 10:30:10.700,MO2508-C-7500,0.8,0.6,0.8
2025-08-14,2025-08-14 10:30:16.200,MO2508-C-7500,0.8,0.6,0.8
2025-08-14,2025-08-14 10:30:16.700,MO2508-C-7500,0.8,0.6,0.8
2025-08-14,2025-08-14 10:30:17.700,MO2508-C-7500,0.8,0.6,0.8
2025-08-14,2025-08-14 10:30:26.200,MO2508-C-7500,0.8,0.6,0.8
2025-08-14,2025-08-14 10:30:26.700,MO2508-C-7500,0.8,0.6,0.8
2025-08-14,2025-08-14 10:30:33.200,MO2508-C-7500,0.8,0.6,0.8
2025-08-14,2025-08-14 10:30:33.700,MO2508-C-7500,0.8,0.6,0.8
2025-08-14,2025-08-14 10:30:36.200,MO2508-C-7500,0.8,0.6,0.8
2025-08-14,2025-08-14 10:30:36.700,MO2508-C-7500,0.8,0.6,0.8
2025-08-14,2025-08-14 10:30:37.200,MO2508-C-7500,0.8,0.6,0.8
2025-08-14,2025-08-14 10:30:40.700,MO2508-C-7500,0.8,0.6,0.8
2025-08-14,2025-08-14 10:30:46.200,MO2508-C-7500,0.8,0.6,0.8
2025-08-14,2025-08-14 10:30:46.700,MO2508-C-7500,0.8,0.6,0.8
2025-08-14,2025-08-14 10:30:50.200,MO2508-C-7500,0.8,0.6,0.8
2025-08-14,2025-08-14 10:30:52.200,MO2508-C-7500,0.6,0.4,0.6
2025-08-14,2025-08-14 10:30:52.700,MO2508-C-7500,0.6,0.4,0.6
2025-08-14,2025-08-14 10:30:53.200,MO2508-C-7500,0.6,0.4,0.6
2025-08-14,2025-08-14 10:30:54.200,MO2508-C-7500,0.6,0.4,0.8
2025-08-14,2025-08-14 10:30:54.700,MO2508-C-7500,0.6,0.4,0.8
2025-08-14,2025-08-14 10:30:56.200,MO2508-C-7500,0.6,0.4,0.8
2025-08-14,2025-08-14 10:30:56.700,MO2508-C-7500,0.6,0.4,0.8
2025-08-14,2025-08-14 10:30:57.700,MO2508-C-7500,0.6,0.4,0.8
2025-08-14,2025-08-14 10:31:00.700,MO2508-C-7500,0.6,0.4,0.8
2025-08-14,2025-08-14 10:31:01.200,MO2508-C-7500,0.6,0.4,0.8
2025-08-14,2025-08-14 10:31:04.200,MO2508-C-7500,0.6,0.4,0.8
2025-08-14,2025-08-14 10:31:05.200,MO2508-C-7500,0.6,0.4,0.8
2025-08-14,2025-08-14 10:31:05.700,MO2508-C-7500,0.6,0.4,0.8
2025-08-14,2025-08-14 10:31:06.200,MO2508-C-7500,0.6,0.4,0.8
2025-08-14,2025-08-14 10:31:06.700,MO2508-C-7500,0.6,0.4,0.8
2025-08-14,2025-08-14 10:31:07.200,MO2508-C-7500,0.6,0.4,0.8
2025-08-14,2025-08-14 10:31:07.700,MO2508-C-7500,0.6,0.4,0.8
2025-08-14,2025-08-14 10:31:09.200,MO2508-C-7500,0.6,0.4,0.8
2025-08-14,2025-08-14 10:31:10.200,MO2508-C-7500,0.6,0.4,0.8
2025-08-14,2025-08-14 10:31:15.700,MO2508-C-7500,0.6,0.4,0.8
2025-08-14,2025-08-14 10:31:16.200,MO2508-C-7500,0.6,0.4,0.8
2025-08-14,2025-08-14 10:31:16.700,MO2508-C-7500,0.6,0.4,0.8
2025-08-14,2025-08-14 10:31:26.200,MO2508-C-7500,0.6,0.4,0.8
2025-08-14,2025-08-14 10:31:26.700,MO2508-C-7500,0.6,0.4,0.8
2025-08-14,2025-08-14 10:31:36.200,MO2508-C-7500,0.6,0.4,0.8
2025-08-14,2025-08-14 10:31:36.700,MO2508-C-7500,0.6,0.4,0.8
2025-08-14,2025-08-14 10:31:46.200,MO2508-C-7500,0.6,0.4,0.8
2025-08-14,2025-08-14 10:31:46.700,MO2508-C-7500,0.6,0.4,0.8
2025-08-14,2025-08-14 10:31:56.200,MO2508-C-7500,0.6,0.4,0.8
2025-08-14,2025-08-14 10:31:56.700,MO2508-C-7500,0.6,0.4,0.8
2025-08-14,2025-08-14 10:32:00.700,MO2508-C-7500,0.6,0.4,0.8
2025-08-14,2025-08-14 10:32:01.200,MO2508-C-7500,0.6,0.4,0.8
2025-08-14,2025-08-14 10:32:01.700,MO2508-C-7500,0.6,0.4,0.8
2025-08-14,2025-08-14 10:32:06.200,MO2508-C-7500,0.6,0.4,0.8
2025-08-14,2025-08-14 10:32:06.700,MO2508-C-7500,0.6,0.4,0.8
2025-08-14,2025-08-14 10:32:11.200,MO2508-C-7500,0.6,0.4,0.8
2025-08-14,2025-08-14 10:32:11.700,MO2508-C-7500,0.6,0.4,0.8
2025-08-14,2025-08-14 10:32:12.200,MO2508-C-7500,0.6,0.4,0.8
2025-08-14,2025-08-14 10:32:16.200,MO2508-C-7500,0.6,0.4,0.8
2025-08-14,2025-08-14 10:32:16.700,MO2508-C-7500,0.6,0.4,0.8
2025-08-14,2025-08-14 10:32:26.200,MO2508-C-7500,0.6,0.4,0.8
2025-08-14,2025-08-14 10:32:26.700,MO2508-C-7500,0.6,0.4,0.8
2025-08-14,2025-08-14 10:32:36.200,MO2508-C-7500,0.6,0.4,0.8
2025-08-14,2025-08-14 10:32:36.700,MO2508-C-7500,0.6,0.4,0.8
2025-08-14,2025-08-14 10:32:46.200,MO2508-C-7500,0.6,0.4,0.8
2025-08-14,2025-08-14 10:32:46.700,MO2508-C-7500,0.6,0.4,0.8
2025-08-14,2025-08-14 10:32:56.200,MO2508-C-7500,0.6,0.4,0.8
2025-08-14,2025-08-14 10:32:56.700,MO2508-C-7500,0.6,0.4,0.8
2025-08-14,2025-08-14 10:33:05.700,MO2508-C-7500,0.6,0.4,0.8
2025-08-14,2025-08-14 10:33:06.200,MO2508-C-7500,0.6,0.4,0.8
2025-08-14,2025-08-14 10:33:06.700,MO2508-C-7500,0.6,0.4,0.8
2025-08-14,2025-08-14 10:33:10.700,MO2508-C-7500,0.6,0.4,0.8
2025-08-14,2025-08-14 10:33:11.200,MO2508-C-7500,0.6,0.4,0.8
2025-08-14,2025-08-14 10:33:13.200,MO2508-C-7500,0.6,0.4,0.8
2025-08-14,2025-08-14 10:33:13.700,MO2508-C-7500,0.6,0.4,0.8
2025-08-14,2025-08-14 10:33:16.200,MO2508-C-7500,0.6,0.4,0.8
2025-08-14,2025-08-14 10:33:16.700,MO2508-C-7500,0.6,0.4,0.8
2025-08-14,2025-08-14 10:33:18.700,MO2508-C-7500,0.6,0.4,0.8
2025-08-14,2025-08-14 10:33:19.200,MO2508-C-7500,0.6,0.4,0.8
2025-08-14,2025-08-14 10:33:22.700,MO2508-C-7500,0.6,0.4,0.8
2025-08-14,2025-08-14 10:33:23.200,MO2508-C-7500,0.6,0.4,0.8
2025-08-14,2025-08-14 10:33:23.700,MO2508-C-7500,0.6,0.4,0.8
2025-08-14,2025-08-14 10:33:24.200,MO2508-C-7500,0.6,0.4,0.8
2025-08-14,2025-08-14 10:33:26.200,MO2508-C-7500,0.6,0.4,0.8
2025-08-14,2025-08-14 10:33:26.700,MO2508-C-7500,0.6,0.4,0.8
2025-08-14,2025-08-14 10:33:31.700,MO2508-C-7500,0.6,0.4,0.8
2025-08-14,2025-08-14 10:33:33.700,MO2508-C-7500,0.6,0.4,0.8
2025-08-14,2025-08-14 10:33:34.200,MO2508-C-7500,0.6,0.4,0.8
2025-08-14,2025-08-14 10:33:34.700,MO2508-C-7500,0.6,0.4,0.8
2025-08-14,2025-08-14 10:33:35.200,MO2508-C-7500,0.6,0.4,0.8
2025-08-14,2025-08-14 10:33:35.700,MO2508-C-7500,0.6,0.4,0.8
2025-08-14,2025-08-14 10:33:36.200,MO2508-C-7500,0.6,0.4,0.8
2025-08-14,2025-08-14 10:33:36.700,MO2508-C-7500,0.6,0.4,0.8
2025-08-14,2025-08-14 10:33:40.700,MO2508-C-7500,0.6,0.4,0.8
2025-08-14,2025-08-14 10:33:41.700,MO2508-C-7500,0.6,0.4,0.8
2025-08-14,2025-08-14 10:33:44.700,MO2508-C-7500,0.6,0.4,0.8
2025-08-14,2025-08-14 10:33:46.200,MO2508-C-7500,0.6,0.4,0.8
2025-08-14,2025-08-14 10:33:46.700,MO2508-C-7500,0.6,0.4,0.8
2025-08-14,2025-08-14 10:33:56.200,MO2508-C-7500,0.6,0.4,0.8
2025-08-14,2025-08-14 10:33:56.700,MO2508-C-7500,0.6,0.4,0.8
2025-08-14,2025-08-14 10:33:58.200,MO2508-C-7500,0.8,0.4,0.8
2025-08-14,2025-08-14 10:33:59.200,MO2508-C-7500,0.8,0.4,0.8
2025-08-14,2025-08-14 10:33:59.700,MO2508-C-7500,0.8,0.4,0.8
2025-08-14,2025-08-14 10:34:00.200,MO2508-C-7500,0.8,0.4,0.8
2025-08-14,2025-08-14 10:34:00.700,MO2508-C-7500,0.8,0.4,0.8
2025-08-14,2025-08-14 10:34:01.200,MO2508-C-7500,0.8,0.4,0.8
2025-08-14,2025-08-14 10:34:01.700,MO2508-C-7500,0.8,0.4,0.8
2025-08-14,2025-08-14 10:34:02.700,MO2508-C-7500,0.8,0.4,0.8
2025-08-14,2025-08-14 10:34:03.200,MO2508-C-7500,0.8,0.4,0.8
2025-08-14,2025-08-14 10:34:06.200,MO2508-C-7500,0.8,0.4,0.8
2025-08-14,2025-08-14 10:34:06.700,MO2508-C-7500,0.8,0.4,0.8
2025-08-14,2025-08-14 10:34:07.700,MO2508-C-7500,0.8,0.4,0.8
2025-08-14,2025-08-14 10:34:08.200,MO2508-C-7500,0.8,0.4,0.8
2025-08-14,2025-08-14 10:34:09.200,MO2508-C-7500,0.8,0.4,0.8
2025-08-14,2025-08-14 10:34:09.700,MO2508-C-7500,0.8,0.4,0.8
2025-08-14,2025-08-14 10:34:10.700,MO2508-C-7500,0.8,0.4,0.8
2025-08-14,2025-08-14 10:34:11.200,MO2508-C-7500,0.8,0.4,0.8
2025-08-14,2025-08-14 10:34:13.700,MO2508-C-7500,0.8,0.4,0.8
2025-08-14,2025-08-14 10:34:14.200,MO2508-C-7500,0.8,0.4,0.8
2025-08-14,2025-08-14 10:34:15.200,MO2508-C-7500,0.8,0.4,0.8
2025-08-14,2025-08-14 10:34:15.700,MO2508-C-7500,0.8,0.4,0.8
2025-08-14,2025-08-14 10:34:16.200,MO2508-C-7500,0.8,0.4,0.8
2025-08-14,2025-08-14 10:34:16.700,MO2508-C-7500,0.8,0.4,0.8
2025-08-14,2025-08-14 10:34:17.700,MO2508-C-7500,0.8,0.4,0.8
2025-08-14,2025-08-14 10:34:18.200,MO2508-C-7500,0.8,0.4,0.8
2025-08-14,2025-08-14 10:34:18.700,MO2508-C-7500,0.8,0.4,0.8
2025-08-14,2025-08-14 10:34:19.200,MO2508-C-7500,0.8,0.4,0.8
2025-08-14,2025-08-14 10:34:19.700,MO2508-C-7500,0.8,0.4,0.8
2025-08-14,2025-08-14 10:34:20.200,MO2508-C-7500,0.8,0.4,0.8
2025-08-14,2025-08-14 10:34:22.200,MO2508-C-7500,0.8,0.4,0.8
2025-08-14,2025-08-14 10:34:22.700,MO2508-C-7500,0.8,0.4,0.8
2025-08-14,2025-08-14 10:34:23.200,MO2508-C-7500,0.8,0.4,0.8
2025-08-14,2025-08-14 10:34:23.700,MO2508-C-7500,0.8,0.4,0.8
2025-08-14,2025-08-14 10:34:25.200,MO2508-C-7500,0.8,0.4,0.8
2025-08-14,2025-08-14 10:34:25.700,MO2508-C-7500,0.8,0.4,0.8
2025-08-14,2025-08-14 10:34:26.200,MO2508-C-7500,0.8,0.4,0.8
2025-08-14,2025-08-14 10:34:26.700,MO2508-C-7500,0.8,0.4,0.8
2025-08-14,2025-08-14 10:34:27.200,MO2508-C-7500,0.8,0.4,0.8
2025-08-14,2025-08-14 10:34:27.700,MO2508-C-7500,0.8,0.4,0.8
2025-08-14,2025-08-14 10:34:28.200,MO2508-C-7500,0.8,0.4,0.8
2025-08-14,2025-08-14 10:34:30.200,MO2508-C-7500,0.8,0.4,0.8
2025-08-14,2025-08-14 10:34:36.200,MO2508-C-7500,0.8,0.4,0.8
2025-08-14,2025-08-14 10:34:36.700,MO2508-C-7500,0.8,0.4,0.8
2025-08-14,2025-08-14 10:34:37.200,MO2508-C-7500,0.8,0.4,0.6
2025-08-14,2025-08-14 10:34:37.700,MO2508-C-7500,0.6,0.4,0.8
2025-08-14,2025-08-14 10:34:38.200,MO2508-C-7500,0.6,0.4,0.8
2025-08-14,2025-08-14 10:34:41.200,MO2508-C-7500,0.6,0.4,0.8
2025-08-14,2025-08-14 10:34:46.200,MO2508-C-7500,0.6,0.4,0.8
2025-08-14,2025-08-14 10:34:46.700,MO2508-C-7500,0.6,0.4,0.8
2025-08-14,2025-08-14 10:34:54.200,MO2508-C-7500,0.6,0.4,0.8
2025-08-14,2025-08-14 10:34:56.200,MO2508-C-7500,0.6,0.4,0.8
2025-08-14,2025-08-14 10:34:56.700,MO2508-C-7500,0.6,0.4,0.8
2025-08-14,2025-08-14 10:34:57.200,MO2508-C-7500,0.6,0.4,0.8
2025-08-14,2025-08-14 10:35:02.700,MO2508-C-7500,0.6,0.4,0.8
2025-08-14,2025-08-14 10:35:06.200,MO2508-C-7500,0.6,0.4,0.8
2025-08-14,2025-08-14 10:35:06.700,MO2508-C-7500,0.6,0.4,0.8
2025-08-14,2025-08-14 10:35:15.200,MO2508-C-7500,0.6,0.4,0.8
2025-08-14,2025-08-14 10:35:15.700,MO2508-C-7500,0.6,0.4,0.8
2025-08-14,2025-08-14 10:35:16.200,MO2508-C-7500,0.6,0.4,0.8
2025-08-14,2025-08-14 10:35:16.700,MO2508-C-7500,0.6,0.4,0.8
2025-08-14,2025-08-14 10:35:24.700,MO2508-C-7500,0.6,0.4,0.8
2025-08-14,2025-08-14 10:35:26.200,MO2508-C-7500,0.6,0.4,0.8
2025-08-14,2025-08-14 10:35:26.700,MO2508-C-7500,0.6,0.4,0.8
2025-08-14,2025-08-14 10:35:31.200,MO2508-C-7500,0.6,0.4,0.8
2025-08-14,2025-08-14 10:35:31.700,MO2508-C-7500,0.6,0.4,0.8
2025-08-14,2025-08-14 10:35:35.700,MO2508-C-7500,0.6,0.4,0.8
2025-08-14,2025-08-14 10:35:36.200,MO2508-C-7500,0.6,0.4,0.8
2025-08-14,2025-08-14 10:35:36.700,MO2508-C-7500,0.6,0.4,0.8
2025-08-14,2025-08-14 10:35:46.200,MO2508-C-7500,0.6,0.4,0.8
2025-08-14,2025-08-14 10:35:46.700,MO2508-C-7500,0.6,0.4,0.8
2025-08-14,2025-08-14 10:35:47.700,MO2508-C-7500,0.6,0.4,0.8
2025-08-14,2025-08-14 10:35:56.200,MO2508-C-7500,0.6,0.4,0.8
2025-08-14,2025-08-14 10:35:56.700,MO2508-C-7500,0.6,0.4,0.8
2025-08-14,2025-08-14 10:36:06.200,MO2508-C-7500,0.6,0.4,0.8
2025-08-14,2025-08-14 10:36:06.700,MO2508-C-7500,0.6,0.4,0.8
2025-08-14,2025-08-14 10:36:12.700,MO2508-C-7500,0.6,0.4,0.8
2025-08-14,2025-08-14 10:36:13.200,MO2508-C-7500,0.6,0.4,0.8
2025-08-14,2025-08-14 10:36:16.200,MO2508-C-7500,0.6,0.4,0.8
2025-08-14,2025-08-14 10:36:16.700,MO2508-C-7500,0.6,0.4,0.8
2025-08-14,2025-08-14 10:36:24.700,MO2508-C-7500,0.6,0.4,0.8
2025-08-14,2025-08-14 10:36:26.200,MO2508-C-7500,0.6,0.4,0.8
2025-08-14,2025-08-14 10:36:26.700,MO2508-C-7500,0.6,0.4,0.8
2025-08-14,2025-08-14 10:36:27.200,MO2508-C-7500,0.6,0.4,0.8
2025-08-14,2025-08-14 10:36:27.700,MO2508-C-7500,0.6,0.4,0.8
2025-08-14,2025-08-14 10:36:34.200,MO2508-C-7500,0.6,0.4,0.8
2025-08-14,2025-08-14 10:36:35.700,MO2508-C-7500,0.6,0.4,0.8
2025-08-14,2025-08-14 10:36:36.200,MO2508-C-7500,0.6,0.4,0.8
2025-08-14,2025-08-14 10:36:36.700,MO2508-C-7500,0.6,0.4,0.8
2025-08-14,2025-08-14 10:36:37.200,MO2508-C-7500,0.6,0.4,0.8
2025-08-14,2025-08-14 10:36:38.200,MO2508-C-7500,0.6,0.4,0.8
2025-08-14,2025-08-14 10:36:39.200,MO2508-C-7500,0.6,0.4,0.8
2025-08-14,2025-08-14 10:36:46.200,MO2508-C-7500,0.6,0.4,0.8
2025-08-14,2025-08-14 10:36:46.700,MO2508-C-7500,0.6,0.4,0.8
2025-08-14,2025-08-14 10:36:56.200,MO2508-C-7500,0.6,0.4,0.8
2025-08-14,2025-08-14 10:36:56.700,MO2508-C-7500,0.6,0.4,0.8
2025-08-14,2025-08-14 10:36:57.700,MO2508-C-7500,0.6,0.4,0.8
2025-08-14,2025-08-14 10:37:06.200,MO2508-C-7500,0.6,0.4,0.8
2025-08-14,2025-08-14 10:37:06.700,MO2508-C-7500,0.6,0.4,0.8
2025-08-14,2025-08-14 10:37:16.200,MO2508-C-7500,0.6,0.4,0.8
2025-08-14,2025-08-14 10:37:16.700,MO2508-C-7500,0.6,0.4,0.8
2025-08-14,2025-08-14 10:37:18.700,MO2508-C-7500,0.4,0.4,0.8
2025-08-14,2025-08-14 10:37:23.200,MO2508-C-7500,0.4,0.4,0.8
2025-08-14,2025-08-14 10:37:25.700,MO2508-C-7500,0.4,0.4,0.8
2025-08-14,2025-08-14 10:37:26.200,MO2508-C-7500,0.4,0.4,0.8
2025-08-14,2025-08-14 10:37:26.700,MO2508-C-7500,0.4,0.4,0.8
2025-08-14,2025-08-14 10:37:28.200,MO2508-C-7500,0.4,0.4,0.8
2025-08-14,2025-08-14 10:37:29.700,MO2508-C-7500,0.4,0.4,0.8
2025-08-14,2025-08-14 10:37:30.200,MO2508-C-7500,0.4,0.4,0.8
2025-08-14,2025-08-14 10:37:30.700,MO2508-C-7500,0.4,0.4,0.8
2025-08-14,2025-08-14 10:37:31.700,MO2508-C-7500,0.4,0.4,0.8
2025-08-14,2025-08-14 10:37:36.200,MO2508-C-7500,0.4,0.4,0.8
2025-08-14,2025-08-14 10:37:36.700,MO2508-C-7500,0.4,0.4,0.8
2025-08-14,2025-08-14 10:37:40.700,MO2508-C-7500,0.4,0.4,0.8
2025-08-14,2025-08-14 10:37:46.200,MO2508-C-7500,0.4,0.4,0.8
2025-08-14,2025-08-14 10:37:46.700,MO2508-C-7500,0.4,0.4,0.8
2025-08-14,2025-08-14 10:37:52.700,MO2508-C-7500,0.4,0.4,0.8
2025-08-14,2025-08-14 10:37:53.200,MO2508-C-7500,0.4,0.4,0.8
2025-08-14,2025-08-14 10:37:56.200,MO2508-C-7500,0.4,0.4,0.8
2025-08-14,2025-08-14 10:37:56.700,MO2508-C-7500,0.4,0.4,0.8
2025-08-14,2025-08-14 10:37:57.200,MO2508-C-7500,0.4,0.4,0.8
2025-08-14,2025-08-14 10:38:00.200,MO2508-C-7500,0.4,0.4,0.8
2025-08-14,2025-08-14 10:38:03.700,MO2508-C-7500,0.4,0.4,0.8
2025-08-14,2025-08-14 10:38:05.200,MO2508-C-7500,0.4,0.4,0.8
2025-08-14,2025-08-14 10:38:05.700,MO2508-C-7500,0.4,0.4,0.8
2025-08-14,2025-08-14 10:38:06.700,MO2508-C-7500,0.4,0.4,0.8
2025-08-14,2025-08-14 10:38:07.200,MO2508-C-7500,0.4,0.4,0.8
2025-08-14,2025-08-14 10:38:07.700,MO2508-C-7500,0.4,0.4,0.8
2025-08-14,2025-08-14 10:38:08.200,MO2508-C-7500,0.4,0.4,0.8
2025-08-14,2025-08-14 10:38:15.200,MO2508-C-7500,0.4,0.4,0.8
2025-08-14,2025-08-14 10:38:16.200,MO2508-C-7500,0.4,0.4,0.8
2025-08-14,2025-08-14 10:38:17.200,MO2508-C-7500,0.4,0.4,0.8
2025-08-14,2025-08-14 10:38:17.700,MO2508-C-7500,0.4,0.4,0.8
2025-08-14,2025-08-14 10:38:18.200,MO2508-C-7500,0.4,0.4,0.8
2025-08-14,2025-08-14 10:38:20.700,MO2508-C-7500,0.4,0.4,0.8
2025-08-14,2025-08-14 10:38:23.700,MO2508-C-7500,0.4,0.4,0.8
2025-08-14,2025-08-14 10:38:24.200,MO2508-C-7500,0.4,0.4,0.8
2025-08-14,2025-08-14 10:38:26.200,MO2508-C-7500,0.4,0.4,0.8
2025-08-14,2025-08-14 10:38:26.700,MO2508-C-7500,0.4,0.4,0.8
2025-08-14,2025-08-14 10:38:27.200,MO2508-C-7500,0.4,0.4,0.8
2025-08-14,2025-08-14 10:38:27.700,MO2508-C-7500,0.4,0.4,0.8
2025-08-14,2025-08-14 10:38:30.200,MO2508-C-7500,0.4,0.4,0.8
2025-08-14,2025-08-14 10:38:30.700,MO2508-C-7500,0.4,0.4,0.8
2025-08-14,2025-08-14 10:38:35.700,MO2508-C-7500,0.4,0.4,0.8
2025-08-14,2025-08-14 10:38:36.200,MO2508-C-7500,0.4,0.4,0.8
2025-08-14,2025-08-14 10:38:36.700,MO2508-C-7500,0.4,0.4,0.8
2025-08-14,2025-08-14 10:38:37.200,MO2508-C-7500,0.4,0.4,0.8
2025-08-14,2025-08-14 10:38:37.700,MO2508-C-7500,0.4,0.4,0.8
2025-08-14,2025-08-14 10:38:40.200,MO2508-C-7500,0.4,0.4,0.8
2025-08-14,2025-08-14 10:38:40.700,MO2508-C-7500,0.4,0.4,0.8
2025-08-14,2025-08-14 10:38:41.700,MO2508-C-7500,0.4,0.4,0.6
2025-08-14,2025-08-14 10:38:42.200,MO2508-C-7500,0.6,0.4,0.8
2025-08-14,2025-08-14 10:38:42.700,MO2508-C-7500,0.6,0.4,0.8
2025-08-14,2025-08-14 10:38:46.200,MO2508-C-7500,0.6,0.4,0.8
2025-08-14,2025-08-14 10:38:46.700,MO2508-C-7500,0.6,0.4,0.8
2025-08-14,2025-08-14 10:38:54.200,MO2508-C-7500,0.6,0.4,0.8
2025-08-14,2025-08-14 10:38:56.200,MO2508-C-7500,0.6,0.4,0.8
2025-08-14,2025-08-14 10:38:56.700,MO2508-C-7500,0.6,0.4,0.8
2025-08-14,2025-08-14 10:38:58.700,MO2508-C-7500,0.6,0.4,0.8
2025-08-14,2025-08-14 10:39:05.200,MO2508-C-7500,0.6,0.4,0.8
2025-08-14,2025-08-14 10:39:06.200,MO2508-C-7500,0.6,0.4,0.8
2025-08-14,2025-08-14 10:39:06.700,MO2508-C-7500,0.6,0.4,0.8
2025-08-14,2025-08-14 10:39:10.700,MO2508-C-7500,0.6,0.4,0.8
2025-08-14,2025-08-14 10:39:11.200,MO2508-C-7500,0.6,0.4,0.8
2025-08-14,2025-08-14 10:39:11.700,MO2508-C-7500,0.6,0.4,0.8
2025-08-14,2025-08-14 10:39:16.200,MO2508-C-7500,0.6,0.4,0.8
2025-08-14,2025-08-14 10:39:16.700,MO2508-C-7500,0.6,0.4,0.8
2025-08-14,2025-08-14 10:39:17.200,MO2508-C-7500,0.6,0.4,0.8
2025-08-14,2025-08-14 10:39:26.200,MO2508-C-7500,0.6,0.4,0.8
2025-08-14,2025-08-14 10:39:26.700,MO2508-C-7500,0.6,0.4,0.8
2025-08-14,2025-08-14 10:39:36.200,MO2508-C-7500,0.6,0.4,0.8
2025-08-14,2025-08-14 10:39:36.700,MO2508-C-7500,0.6,0.4,0.8
2025-08-14,2025-08-14 10:39:37.200,MO2508-C-7500,0.6,0.4,0.8
2025-08-14,2025-08-14 10:39:37.700,MO2508-C-7500,0.6,0.4,0.8
2025-08-14,2025-08-14 10:39:42.200,MO2508-C-7500,0.6,0.4,0.8
2025-08-14,2025-08-14 10:39:46.200,MO2508-C-7500,0.6,0.4,0.8
2025-08-14,2025-08-14 10:39:46.700,MO2508-C-7500,0.6,0.4,0.8
2025-08-14,2025-08-14 10:39:55.700,MO2508-C-7500,0.6,0.4,0.8
2025-08-14,2025-08-14 10:39:56.200,MO2508-C-7500,0.6,0.4,0.8
2025-08-14,2025-08-14 10:39:56.700,MO2508-C-7500,0.6,0.4,0.8
2025-08-14,2025-08-14 10:39:57.200,MO2508-C-7500,0.6,0.4,0.8
2025-08-14,2025-08-14 10:39:57.700,MO2508-C-7500,0.6,0.4,0.8
2025-08-14,2025-08-14 10:39:58.700,MO2508-C-7500,0.6,0.4,0.6
2025-08-14,2025-08-14 10:39:59.200,MO2508-C-7500,0.6,0.4,0.6
2025-08-14,2025-08-14 10:39:59.700,MO2508-C-7500,0.6,0.4,0.6
2025-08-14,2025-08-14 10:40:05.200,MO2508-C-7500,0.6,0.4,0.6
2025-08-14,2025-08-14 10:40:06.200,MO2508-C-7500,0.6,0.4,0.6
2025-08-14,2025-08-14 10:40:06.700,MO2508-C-7500,0.6,0.4,0.6
2025-08-14,2025-08-14 10:40:10.700,MO2508-C-7500,0.6,0.4,0.6
2025-08-14,2025-08-14 10:40:11.200,MO2508-C-7500,0.6,0.4,0.6
2025-08-14,2025-08-14 10:40:11.700,MO2508-C-7500,0.6,0.4,0.6
2025-08-14,2025-08-14 10:40:13.200,MO2508-C-7500,0.6,0.4,0.6
2025-08-14,2025-08-14 10:40:13.700,MO2508-C-7500,0.6,0.4,0.6
2025-08-14,2025-08-14 10:40:14.200,MO2508-C-7500,0.6,0.4,0.6
2025-08-14,2025-08-14 10:40:16.200,MO2508-C-7500,0.6,0.4,0.6
2025-08-14,2025-08-14 10:40:16.700,MO2508-C-7500,0.6,0.4,0.6
2025-08-14,2025-08-14 10:40:21.200,MO2508-C-7500,0.6,0.4,0.6
2025-08-14,2025-08-14 10:40:26.200,MO2508-C-7500,0.6,0.4,0.6
2025-08-14,2025-08-14 10:40:26.700,MO2508-C-7500,0.6,0.4,0.6
2025-08-14,2025-08-14 10:40:33.200,MO2508-C-7500,0.6,0.4,0.6
2025-08-14,2025-08-14 10:40:36.200,MO2508-C-7500,0.6,0.4,0.6
2025-08-14,2025-08-14 10:40:36.700,MO2508-C-7500,0.6,0.4,0.6
2025-08-14,2025-08-14 10:40:46.200,MO2508-C-7500,0.6,0.4,0.6
2025-08-14,2025-08-14 10:40:46.700,MO2508-C-7500,0.6,0.4,0.6
2025-08-14,2025-08-14 10:40:56.200,MO2508-C-7500,0.6,0.4,0.6
2025-08-14,2025-08-14 10:40:56.700,MO2508-C-7500,0.6,0.4,0.6
2025-08-14,2025-08-14 10:41:03.700,MO2508-C-7500,0.6,0.4,0.6
2025-08-14,2025-08-14 10:41:04.200,MO2508-C-7500,0.6,0.4,0.6
2025-08-14,2025-08-14 10:41:06.200,MO2508-C-7500,0.6,0.4,0.6
2025-08-14,2025-08-14 10:41:06.700,MO2508-C-7500,0.6,0.4,0.6
2025-08-14,2025-08-14 10:41:08.200,MO2508-C-7500,0.6,0.4,0.6
2025-08-14,2025-08-14 10:41:19.700,MO2508-C-7500,0.6,0.4,0.6
2025-08-14,2025-08-14 10:41:20.200,MO2508-C-7500,0.6,0.4,0.8
2025-08-14,2025-08-14 10:41:20.700,MO2508-C-7500,0.6,0.4,0.8
2025-08-14,2025-08-14 10:41:24.700,MO2508-C-7500,0.6,0.4,0.8
2025-08-14,2025-08-14 10:41:26.200,MO2508-C-7500,0.6,0.4,0.8
2025-08-14,2025-08-14 10:41:26.700,MO2508-C-7500,0.6,0.4,0.8
2025-08-14,2025-08-14 10:41:36.200,MO2508-C-7500,0.6,0.4,0.8
2025-08-14,2025-08-14 10:41:36.700,MO2508-C-7500,0.6,0.4,0.8
2025-08-14,2025-08-14 10:41:39.200,MO2508-C-7500,0.6,0.4,0.8
2025-08-14,2025-08-14 10:41:39.700,MO2508-C-7500,0.6,0.4,0.8
2025-08-14,2025-08-14 10:41:44.200,MO2508-C-7500,0.6,0.4,0.8
2025-08-14,2025-08-14 10:41:44.700,MO2508-C-7500,0.6,0.4,0.8
2025-08-14,2025-08-14 10:41:46.200,MO2508-C-7500,0.6,0.4,0.8
2025-08-14,2025-08-14 10:41:46.700,MO2508-C-7500,0.6,0.4,0.8
2025-08-14,2025-08-14 10:41:48.200,MO2508-C-7500,0.6,0.4,0.8
2025-08-14,2025-08-14 10:41:48.700,MO2508-C-7500,0.6,0.4,0.8
2025-08-14,2025-08-14 10:41:54.700,MO2508-C-7500,0.6,0.4,0.8
2025-08-14,2025-08-14 10:41:55.200,MO2508-C-7500,0.6,0.4,0.8
2025-08-14,2025-08-14 10:41:56.200,MO2508-C-7500,0.6,0.4,0.8
2025-08-14,2025-08-14 10:41:56.700,MO2508-C-7500,0.6,0.4,0.8
2025-08-14,2025-08-14 10:42:00.200,MO2508-C-7500,0.6,0.4,0.8
2025-08-14,2025-08-14 10:42:00.700,MO2508-C-7500,0.6,0.4,0.8
2025-08-14,2025-08-14 10:42:01.700,MO2508-C-7500,0.6,0.4,0.8
2025-08-14,2025-08-14 10:42:06.200,MO2508-C-7500,0.6,0.4,0.8
2025-08-14,2025-08-14 10:42:06.700,MO2508-C-7500,0.6,0.4,0.8
2025-08-14,2025-08-14 10:42:16.200,MO2508-C-7500,0.6,0.4,0.8
2025-08-14,2025-08-14 10:42:16.700,MO2508-C-7500,0.6,0.4,0.8
2025-08-14,2025-08-14 10:42:26.200,MO2508-C-7500,0.6,0.4,0.8
2025-08-14,2025-08-14 10:42:26.700,MO2508-C-7500,0.6,0.4,0.8
2025-08-14,2025-08-14 10:42:32.700,MO2508-C-7500,0.6,0.4,0.8
2025-08-14,2025-08-14 10:42:33.200,MO2508-C-7500,0.6,0.4,0.8
2025-08-14,2025-08-14 10:42:33.700,MO2508-C-7500,0.6,0.4,0.8
2025-08-14,2025-08-14 10:42:34.700,MO2508-C-7500,0.6,0.4,0.8
2025-08-14,2025-08-14 10:42:36.200,MO2508-C-7500,0.6,0.4,0.8
2025-08-14,2025-08-14 10:42:36.700,MO2508-C-7500,0.6,0.4,0.8
2025-08-14,2025-08-14 10:42:40.200,MO2508-C-7500,0.6,0.4,0.8
2025-08-14,2025-08-14 10:42:40.700,MO2508-C-7500,0.6,0.4,0.8
2025-08-14,2025-08-14 10:42:46.200,MO2508-C-7500,0.6,0.4,0.8
2025-08-14,2025-08-14 10:42:46.700,MO2508-C-7500,0.6,0.4,0.8
2025-08-14,2025-08-14 10:42:54.700,MO2508-C-7500,0.6,0.4,0.8
2025-08-14,2025-08-14 10:42:55.200,MO2508-C-7500,0.6,0.4,0.8
2025-08-14,2025-08-14 10:42:56.200,MO2508-C-7500,0.6,0.4,0.8
2025-08-14,2025-08-14 10:42:56.700,MO2508-C-7500,0.6,0.4,0.8
2025-08-14,2025-08-14 10:43:01.200,MO2508-C-7500,0.6,0.4,0.8
2025-08-14,2025-08-14 10:43:06.200,MO2508-C-7500,0.6,0.4,0.8
2025-08-14,2025-08-14 10:43:06.700,MO2508-C-7500,0.6,0.4,0.8
2025-08-14,2025-08-14 10:43:09.700,MO2508-C-7500,0.6,0.4,0.8
2025-08-14,2025-08-14 10:43:10.200,MO2508-C-7500,0.6,0.4,0.8
2025-08-14,2025-08-14 10:43:16.200,MO2508-C-7500,0.6,0.4,0.8
2025-08-14,2025-08-14 10:43:16.700,MO2508-C-7500,0.6,0.4,0.8
2025-08-14,2025-08-14 10:43:17.200,MO2508-C-7500,0.6,0.4,0.8
2025-08-14,2025-08-14 10:43:26.200,MO2508-C-7500,0.6,0.4,0.8
2025-08-14,2025-08-14 10:43:26.700,MO2508-C-7500,0.6,0.4,0.8
2025-08-14,2025-08-14 10:43:36.200,MO2508-C-7500,0.6,0.4,0.8
2025-08-14,2025-08-14 10:43:36.700,MO2508-C-7500,0.6,0.4,0.8
2025-08-14,2025-08-14 10:43:39.200,MO2508-C-7500,0.6,0.4,0.8
2025-08-14,2025-08-14 10:43:46.200,MO2508-C-7500,0.6,0.4,0.8
2025-08-14,2025-08-14 10:43:46.700,MO2508-C-7500,0.6,0.4,0.8
2025-08-14,2025-08-14 10:43:47.200,MO2508-C-7500,0.6,0.4,0.8
2025-08-14,2025-08-14 10:43:47.700,MO2508-C-7500,0.6,0.4,0.8
2025-08-14,2025-08-14 10:43:48.200,MO2508-C-7500,0.6,0.4,0.8
2025-08-14,2025-08-14 10:43:50.200,MO2508-C-7500,0.6,0.4,0.8
2025-08-14,2025-08-14 10:43:50.700,MO2508-C-7500,0.6,0.4,0.8
2025-08-14,2025-08-14 10:43:51.200,MO2508-C-7500,0.6,0.4,0.8
2025-08-14,2025-08-14 10:43:53.200,MO2508-C-7500,0.6,0.4,0.8
2025-08-14,2025-08-14 10:43:54.200,MO2508-C-7500,0.6,0.4,0.8
2025-08-14,2025-08-14 10:43:55.200,MO2508-C-7500,0.6,0.4,0.8
2025-08-14,2025-08-14 10:43:55.700,MO2508-C-7500,0.6,0.4,0.8
2025-08-14,2025-08-14 10:43:56.200,MO2508-C-7500,0.6,0.4,0.8
2025-08-14,2025-08-14 10:43:56.700,MO2508-C-7500,0.6,0.4,0.8
2025-08-14,2025-08-14 10:43:57.200,MO2508-C-7500,0.6,0.4,0.8
2025-08-14,2025-08-14 10:43:57.700,MO2508-C-7500,0.6,0.4,0.8
2025-08-14,2025-08-14 10:44:06.200,MO2508-C-7500,0.6,0.4,0.8
2025-08-14,2025-08-14 10:44:06.700,MO2508-C-7500,0.6,0.4,0.8
2025-08-14,2025-08-14 10:44:07.200,MO2508-C-7500,0.6,0.4,0.8
2025-08-14,2025-08-14 10:44:13.200,MO2508-C-7500,0.6,0.4,0.8
2025-08-14,2025-08-14 10:44:14.700,MO2508-C-7500,0.6,0.4,0.8
2025-08-14,2025-08-14 10:44:15.200,MO2508-C-7500,0.6,0.4,0.8
2025-08-14,2025-08-14 10:44:15.700,MO2508-C-7500,0.6,0.4,0.8
2025-08-14,2025-08-14 10:44:16.200,MO2508-C-7500,0.6,0.4,0.8
2025-08-14,2025-08-14 10:44:16.700,MO2508-C-7500,0.6,0.4,0.8
2025-08-14,2025-08-14 10:44:17.200,MO2508-C-7500,0.6,0.4,0.8
2025-08-14,2025-08-14 10:44:18.200,MO2508-C-7500,0.6,0.4,0.8
2025-08-14,2025-08-14 10:44:26.200,MO2508-C-7500,0.6,0.4,0.8
2025-08-14,2025-08-14 10:44:26.700,MO2508-C-7500,0.6,0.4,0.8
2025-08-14,2025-08-14 10:44:36.200,MO2508-C-7500,0.6,0.4,0.8
2025-08-14,2025-08-14 10:44:36.700,MO2508-C-7500,0.6,0.4,0.8
2025-08-14,2025-08-14 10:44:46.200,MO2508-C-7500,0.6,0.4,0.8
2025-08-14,2025-08-14 10:44:46.700,MO2508-C-7500,0.6,0.4,0.8
2025-08-14,2025-08-14 10:44:56.200,MO2508-C-7500,0.6,0.4,0.8
2025-08-14,2025-08-14 10:44:56.700,MO2508-C-7500,0.6,0.4,0.8
2025-08-14,2025-08-14 10:45:00.700,MO2508-C-7500,0.6,0.4,0.8
2025-08-14,2025-08-14 10:45:03.700,MO2508-C-7500,0.6,0.4,0.8
2025-08-14,2025-08-14 10:45:04.200,MO2508-C-7500,0.6,0.4,0.8
2025-08-14,2025-08-14 10:45:04.700,MO2508-C-7500,0.6,0.4,0.8
2025-08-14,2025-08-14 10:45:06.200,MO2508-C-7500,0.6,0.4,0.8
2025-08-14,2025-08-14 10:45:06.700,MO2508-C-7500,0.6,0.4,0.8
2025-08-14,2025-08-14 10:45:07.700,MO2508-C-7500,0.6,0.4,0.8
2025-08-14,2025-08-14 10:45:11.700,MO2508-C-7500,0.6,0.4,0.6
2025-08-14,2025-08-14 10:45:12.200,MO2508-C-7500,0.6,0.4,0.6
2025-08-14,2025-08-14 10:45:12.700,MO2508-C-7500,0.6,0.4,0.6
2025-08-14,2025-08-14 10:45:16.200,MO2508-C-7500,0.6,0.4,0.6
2025-08-14,2025-08-14 10:45:16.700,MO2508-C-7500,0.6,0.4,0.6
2025-08-14,2025-08-14 10:45:26.200,MO2508-C-7500,0.6,0.4,0.6
2025-08-14,2025-08-14 10:45:26.700,MO2508-C-7500,0.6,0.4,0.6
2025-08-14,2025-08-14 10:45:29.700,MO2508-C-7500,0.6,0.4,0.6
2025-08-14,2025-08-14 10:45:36.200,MO2508-C-7500,0.6,0.4,0.6
2025-08-14,2025-08-14 10:45:36.700,MO2508-C-7500,0.6,0.4,0.6
2025-08-14,2025-08-14 10:45:46.200,MO2508-C-7500,0.6,0.4,0.6
2025-08-14,2025-08-14 10:45:46.700,MO2508-C-7500,0.6,0.4,0.6
2025-08-14,2025-08-14 10:45:56.200,MO2508-C-7500,0.6,0.4,0.6
2025-08-14,2025-08-14 10:45:56.700,MO2508-C-7500,0.6,0.4,0.6
2025-08-14,2025-08-14 10:46:06.200,MO2508-C-7500,0.6,0.4,0.6
2025-08-14,2025-08-14 10:46:06.700,MO2508-C-7500,0.6,0.4,0.6
2025-08-14,2025-08-14 10:46:16.200,MO2508-C-7500,0.6,0.4,0.6
2025-08-14,2025-08-14 10:46:16.700,MO2508-C-7500,0.6,0.4,0.6
2025-08-14,2025-08-14 10:46:26.200,MO2508-C-7500,0.6,0.4,0.6
2025-08-14,2025-08-14 10:46:26.700,MO2508-C-7500,0.6,0.4,0.6
2025-08-14,2025-08-14 10:46:27.700,MO2508-C-7500,0.6,0.4,0.6
2025-08-14,2025-08-14 10:46:32.700,MO2508-C-7500,0.6,0.4,0.6
2025-08-14,2025-08-14 10:46:33.200,MO2508-C-7500,0.6,0.4,0.6
2025-08-14,2025-08-14 10:46:36.200,MO2508-C-7500,0.6,0.4,0.6
2025-08-14,2025-08-14 10:46:36.700,MO2508-C-7500,0.6,0.4,0.6
2025-08-14,2025-08-14 10:46:43.700,MO2508-C-7500,0.6,0.4,0.6
2025-08-14,2025-08-14 10:46:44.200,MO2508-C-7500,0.6,0.4,0.6
2025-08-14,2025-08-14 10:46:46.200,MO2508-C-7500,0.6,0.4,0.6
2025-08-14,2025-08-14 10:46:46.700,MO2508-C-7500,0.6,0.4,0.6
2025-08-14,2025-08-14 10:46:47.200,MO2508-C-7500,0.6,0.4,0.6
2025-08-14,2025-08-14 10:46:51.700,MO2508-C-7500,0.6,0.4,0.6
2025-08-14,2025-08-14 10:46:52.700,MO2508-C-7500,0.6,0.4,0.6
2025-08-14,2025-08-14 10:46:56.200,MO2508-C-7500,0.6,0.4,0.6
2025-08-14,2025-08-14 10:46:56.700,MO2508-C-7500,0.6,0.4,0.6
2025-08-14,2025-08-14 10:46:58.200,MO2508-C-7500,0.6,0.4,0.6
2025-08-14,2025-08-14 10:46:58.700,MO2508-C-7500,0.6,0.4,0.6
2025-08-14,2025-08-14 10:47:01.200,MO2508-C-7500,0.6,0.4,0.6
2025-08-14,2025-08-14 10:47:06.200,MO2508-C-7500,0.6,0.4,0.6
2025-08-14,2025-08-14 10:47:06.700,MO2508-C-7500,0.6,0.4,0.6
2025-08-14,2025-08-14 10:47:07.200,MO2508-C-7500,0.6,0.4,0.6
2025-08-14,2025-08-14 10:47:14.200,MO2508-C-7500,0.6,0.4,0.6
2025-08-14,2025-08-14 10:47:14.700,MO2508-C-7500,0.6,0.4,0.6
2025-08-14,2025-08-14 10:47:16.200,MO2508-C-7500,0.6,0.4,0.6
2025-08-14,2025-08-14 10:47:16.700,MO2508-C-7500,0.6,0.4,0.6
2025-08-14,2025-08-14 10:47:25.200,MO2508-C-7500,0.6,0.4,0.6
2025-08-14,2025-08-14 10:47:26.200,MO2508-C-7500,0.6,0.4,0.6
2025-08-14,2025-08-14 10:47:26.700,MO2508-C-7500,0.6,0.4,0.6
2025-08-14,2025-08-14 10:47:27.700,MO2508-C-7500,0.6,0.4,0.6
2025-08-14,2025-08-14 10:47:35.700,MO2508-C-7500,0.6,0.4,0.6
2025-08-14,2025-08-14 10:47:36.200,MO2508-C-7500,0.6,0.4,0.6
2025-08-14,2025-08-14 10:47:36.700,MO2508-C-7500,0.6,0.4,0.6
2025-08-14,2025-08-14 10:47:37.200,MO2508-C-7500,0.6,0.4,0.6
2025-08-14,2025-08-14 10:47:43.700,MO2508-C-7500,0.6,0.4,0.6
2025-08-14,2025-08-14 10:47:44.700,MO2508-C-7500,0.6,0.4,0.6
2025-08-14,2025-08-14 10:47:45.200,MO2508-C-7500,0.6,0.4,0.6
2025-08-14,2025-08-14 10:47:46.200,MO2508-C-7500,0.6,0.4,0.6
2025-08-14,2025-08-14 10:47:46.700,MO2508-C-7500,0.6,0.4,0.6
2025-08-14,2025-08-14 10:47:47.700,MO2508-C-7500,0.4,0.4,0.6
2025-08-14,2025-08-14 10:47:56.200,MO2508-C-7500,0.4,0.4,0.6
2025-08-14,2025-08-14 10:47:56.700,MO2508-C-7500,0.4,0.4,0.6
2025-08-14,2025-08-14 10:48:06.200,MO2508-C-7500,0.4,0.4,0.6
2025-08-14,2025-08-14 10:48:06.700,MO2508-C-7500,0.4,0.4,0.6
2025-08-14,2025-08-14 10:48:13.700,MO2508-C-7500,0.4,0.4,0.6
2025-08-14,2025-08-14 10:48:15.700,MO2508-C-7500,0.4,0.4,0.6
2025-08-14,2025-08-14 10:48:16.200,MO2508-C-7500,0.4,0.4,0.6
2025-08-14,2025-08-14 10:48:16.700,MO2508-C-7500,0.4,0.4,0.6
2025-08-14,2025-08-14 10:48:24.200,MO2508-C-7500,0.4,0.4,0.6
2025-08-14,2025-08-14 10:48:26.200,MO2508-C-7500,0.4,0.4,0.6
2025-08-14,2025-08-14 10:48:26.700,MO2508-C-7500,0.4,0.4,0.6
2025-08-14,2025-08-14 10:48:28.700,MO2508-C-7500,0.4,0.4,0.6
2025-08-14,2025-08-14 10:48:32.700,MO2508-C-7500,0.4,0.4,0.6
2025-08-14,2025-08-14 10:48:36.200,MO2508-C-7500,0.4,0.4,0.6
2025-08-14,2025-08-14 10:48:36.700,MO2508-C-7500,0.4,0.4,0.6
2025-08-14,2025-08-14 10:48:37.700,MO2508-C-7500,0.4,0.4,0.6
2025-08-14,2025-08-14 10:48:42.700,MO2508-C-7500,0.4,0.4,0.6
2025-08-14,2025-08-14 10:48:43.200,MO2508-C-7500,0.4,0.4,0.6
2025-08-14,2025-08-14 10:48:44.700,MO2508-C-7500,0.4,0.4,0.6
2025-08-14,2025-08-14 10:48:45.200,MO2508-C-7500,0.4,0.4,0.6
2025-08-14,2025-08-14 10:48:46.200,MO2508-C-7500,0.4,0.4,0.6
2025-08-14,2025-08-14 10:48:46.700,MO2508-C-7500,0.4,0.4,0.6
2025-08-14,2025-08-14 10:48:52.700,MO2508-C-7500,0.4,0.4,0.6
2025-08-14,2025-08-14 10:48:54.700,MO2508-C-7500,0.4,0.4,0.6
2025-08-14,2025-08-14 10:48:55.200,MO2508-C-7500,0.4,0.4,0.6
2025-08-14,2025-08-14 10:48:56.200,MO2508-C-7500,0.4,0.4,0.6
2025-08-14,2025-08-14 10:48:56.700,MO2508-C-7500,0.4,0.4,0.6
2025-08-14,2025-08-14 10:49:06.200,MO2508-C-7500,0.4,0.4,0.6
2025-08-14,2025-08-14 10:49:06.700,MO2508-C-7500,0.4,0.4,0.6
2025-08-14,2025-08-14 10:49:09.700,MO2508-C-7500,0.4,0.4,0.6
2025-08-14,2025-08-14 10:49:10.200,MO2508-C-7500,0.4,0.4,0.6
2025-08-14,2025-08-14 10:49:11.700,MO2508-C-7500,0.4,0.4,0.6
2025-08-14,2025-08-14 10:49:15.200,MO2508-C-7500,0.4,0.4,0.6
2025-08-14,2025-08-14 10:49:15.700,MO2508-C-7500,0.4,0.4,0.6
2025-08-14,2025-08-14 10:49:16.200,MO2508-C-7500,0.4,0.4,0.6
2025-08-14,2025-08-14 10:49:16.700,MO2508-C-7500,0.4,0.4,0.6
2025-08-14,2025-08-14 10:49:24.700,MO2508-C-7500,0.4,0.4,0.6
2025-08-14,2025-08-14 10:49:25.200,MO2508-C-7500,0.4,0.4,0.6
2025-08-14,2025-08-14 10:49:25.700,MO2508-C-7500,0.4,0.4,0.6
2025-08-14,2025-08-14 10:49:26.200,MO2508-C-7500,0.4,0.4,0.6
2025-08-14,2025-08-14 10:49:26.700,MO2508-C-7500,0.4,0.4,0.6
2025-08-14,2025-08-14 10:49:28.700,MO2508-C-7500,0.4,0.4,0.6
2025-08-14,2025-08-14 10:49:35.700,MO2508-C-7500,0.4,0.4,0.6
2025-08-14,2025-08-14 10:49:36.200,MO2508-C-7500,0.4,0.4,0.6
2025-08-14,2025-08-14 10:49:36.700,MO2508-C-7500,0.4,0.4,0.6
2025-08-14,2025-08-14 10:49:46.200,MO2508-C-7500,0.4,0.4,0.6
2025-08-14,2025-08-14 10:49:46.700,MO2508-C-7500,0.4,0.4,0.6
2025-08-14,2025-08-14 10:49:51.200,MO2508-C-7500,0.4,0.4,0.6
2025-08-14,2025-08-14 10:49:51.700,MO2508-C-7500,0.4,0.4,0.6
2025-08-14,2025-08-14 10:49:55.700,MO2508-C-7500,0.4,0.4,0.6
2025-08-14,2025-08-14 10:49:56.200,MO2508-C-7500,0.4,0.4,0.6
2025-08-14,2025-08-14 10:49:56.700,MO2508-C-7500,0.4,0.4,0.6
2025-08-14,2025-08-14 10:50:06.200,MO2508-C-7500,0.4,0.4,0.6
2025-08-14,2025-08-14 10:50:06.700,MO2508-C-7500,0.4,0.4,0.6
2025-08-14,2025-08-14 10:50:08.200,MO2508-C-7500,0.4,0.4,0.6
2025-08-14,2025-08-14 10:50:08.700,MO2508-C-7500,0.4,0.4,0.6
2025-08-14,2025-08-14 10:50:11.200,MO2508-C-7500,0.4,0.4,0.6
2025-08-14,2025-08-14 10:50:11.700,MO2508-C-7500,0.4,0.4,0.6
2025-08-14,2025-08-14 10:50:16.200,MO2508-C-7500,0.4,0.4,0.6
2025-08-14,2025-08-14 10:50:16.700,MO2508-C-7500,0.4,0.4,0.6
2025-08-14,2025-08-14 10:50:20.700,MO2508-C-7500,0.4,0.4,0.6
2025-08-14,2025-08-14 10:50:21.200,MO2508-C-7500,0.4,0.4,0.6
2025-08-14,2025-08-14 10:50:21.700,MO2508-C-7500,0.4,0.4,0.6
2025-08-14,2025-08-14 10:50:26.200,MO2508-C-7500,0.4,0.4,0.6
2025-08-14,2025-08-14 10:50:26.700,MO2508-C-7500,0.4,0.4,0.6
2025-08-14,2025-08-14 10:50:33.700,MO2508-C-7500,0.4,0.4,0.6
2025-08-14,2025-08-14 10:50:34.200,MO2508-C-7500,0.4,0.4,0.6
2025-08-14,2025-08-14 10:50:36.200,MO2508-C-7500,0.4,0.4,0.6
2025-08-14,2025-08-14 10:50:36.700,MO2508-C-7500,0.4,0.4,0.6
2025-08-14,2025-08-14 10:50:46.200,MO2508-C-7500,0.4,0.4,0.6
2025-08-14,2025-08-14 10:50:46.700,MO2508-C-7500,0.4,0.4,0.6
2025-08-14,2025-08-14 10:50:50.700,MO2508-C-7500,0.4,0.4,0.6
2025-08-14,2025-08-14 10:50:51.200,MO2508-C-7500,0.4,0.4,0.6
2025-08-14,2025-08-14 10:50:51.700,MO2508-C-7500,0.4,0.4,0.6
2025-08-14,2025-08-14 10:50:52.700,MO2508-C-7500,0.4,0.4,0.6
2025-08-14,2025-08-14 10:50:53.200,MO2508-C-7500,0.4,0.4,0.6
2025-08-14,2025-08-14 10:50:54.200,MO2508-C-7500,0.4,0.4,0.6
2025-08-14,2025-08-14 10:50:54.700,MO2508-C-7500,0.4,0.4,0.6
2025-08-14,2025-08-14 10:50:55.200,MO2508-C-7500,0.4,0.4,0.6
2025-08-14,2025-08-14 10:50:56.200,MO2508-C-7500,0.4,0.4,0.6
2025-08-14,2025-08-14 10:50:56.700,MO2508-C-7500,0.4,0.4,0.6
2025-08-14,2025-08-14 10:50:58.200,MO2508-C-7500,0.4,0.4,0.6
2025-08-14,2025-08-14 10:50:59.200,MO2508-C-7500,0.4,0.4,0.6
2025-08-14,2025-08-14 10:50:59.700,MO2508-C-7500,0.4,0.4,0.6
2025-08-14,2025-08-14 10:51:00.200,MO2508-C-7500,0.4,0.4,0.6
2025-08-14,2025-08-14 10:51:01.200,MO2508-C-7500,0.4,0.4,0.6
2025-08-14,2025-08-14 10:51:01.700,MO2508-C-7500,0.4,0.4,0.6
2025-08-14,2025-08-14 10:51:02.200,MO2508-C-7500,0.4,0.4,0.6
2025-08-14,2025-08-14 10:51:02.700,MO2508-C-7500,0.4,0.4,0.6
2025-08-14,2025-08-14 10:51:03.200,MO2508-C-7500,0.4,0.4,0.6
2025-08-14,2025-08-14 10:51:06.200,MO2508-C-7500,0.4,0.4,0.6
2025-08-14,2025-08-14 10:51:06.700,MO2508-C-7500,0.4,0.4,0.6
2025-08-14,2025-08-14 10:51:16.200,MO2508-C-7500,0.4,0.4,0.6
2025-08-14,2025-08-14 10:51:16.700,MO2508-C-7500,0.4,0.4,0.6
2025-08-14,2025-08-14 10:51:26.200,MO2508-C-7500,0.4,0.4,0.6
2025-08-14,2025-08-14 10:51:26.700,MO2508-C-7500,0.4,0.4,0.6
2025-08-14,2025-08-14 10:51:36.200,MO2508-C-7500,0.4,0.4,0.6
2025-08-14,2025-08-14 10:51:36.700,MO2508-C-7500,0.4,0.4,0.6
2025-08-14,2025-08-14 10:51:37.200,MO2508-C-7500,0.4,0.4,0.6
2025-08-14,2025-08-14 10:51:44.200,MO2508-C-7500,0.4,0.4,0.6
2025-08-14,2025-08-14 10:51:46.200,MO2508-C-7500,0.4,0.4,0.6
2025-08-14,2025-08-14 10:51:46.700,MO2508-C-7500,0.4,0.4,0.6
2025-08-14,2025-08-14 10:51:56.200,MO2508-C-7500,0.4,0.4,0.6
2025-08-14,2025-08-14 10:51:56.700,MO2508-C-7500,0.4,0.4,0.6
2025-08-14,2025-08-14 10:52:03.700,MO2508-C-7500,0.4,0.4,0.6
2025-08-14,2025-08-14 10:52:04.200,MO2508-C-7500,0.4,0.4,0.6
2025-08-14,2025-08-14 10:52:06.200,MO2508-C-7500,0.4,0.4,0.6
2025-08-14,2025-08-14 10:52:06.700,MO2508-C-7500,0.4,0.4,0.6
2025-08-14,2025-08-14 10:52:16.200,MO2508-C-7500,0.4,0.4,0.6
2025-08-14,2025-08-14 10:52:16.700,MO2508-C-7500,0.4,0.4,0.6
2025-08-14,2025-08-14 10:52:26.200,MO2508-C-7500,0.4,0.4,0.6
2025-08-14,2025-08-14 10:52:26.700,MO2508-C-7500,0.4,0.4,0.6
2025-08-14,2025-08-14 10:52:36.200,MO2508-C-7500,0.4,0.4,0.6
2025-08-14,2025-08-14 10:52:36.700,MO2508-C-7500,0.4,0.4,0.6
2025-08-14,2025-08-14 10:52:46.200,MO2508-C-7500,0.4,0.4,0.6
2025-08-14,2025-08-14 10:52:46.700,MO2508-C-7500,0.4,0.4,0.6
2025-08-14,2025-08-14 10:52:56.200,MO2508-C-7500,0.4,0.4,0.6
2025-08-14,2025-08-14 10:52:56.700,MO2508-C-7500,0.4,0.4,0.6
2025-08-14,2025-08-14 10:53:06.200,MO2508-C-7500,0.4,0.4,0.6
2025-08-14,2025-08-14 10:53:06.700,MO2508-C-7500,0.4,0.4,0.6
2025-08-14,2025-08-14 10:53:16.200,MO2508-C-7500,0.4,0.4,0.6
2025-08-14,2025-08-14 10:53:16.700,MO2508-C-7500,0.4,0.4,0.6
2025-08-14,2025-08-14 10:53:18.700,MO2508-C-7500,0.4,0.4,0.6
2025-08-14,2025-08-14 10:53:19.200,MO2508-C-7500,0.4,0.4,0.6
2025-08-14,2025-08-14 10:53:26.200,MO2508-C-7500,0.4,0.4,0.6
2025-08-14,2025-08-14 10:53:26.700,MO2508-C-7500,0.4,0.4,0.6
2025-08-14,2025-08-14 10:53:27.200,MO2508-C-7500,0.4,0.4,0.6
2025-08-14,2025-08-14 10:53:27.700,MO2508-C-7500,0.4,0.4,0.6
2025-08-14,2025-08-14 10:53:28.200,MO2508-C-7500,0.4,0.4,0.6
2025-08-14,2025-08-14 10:53:30.200,MO2508-C-7500,0.4,0.4,0.6
2025-08-14,2025-08-14 10:53:30.700,MO2508-C-7500,0.4,0.4,0.6
2025-08-14,2025-08-14 10:53:33.700,MO2508-C-7500,0.4,0.4,0.6
2025-08-14,2025-08-14 10:53:36.200,MO2508-C-7500,0.4,0.4,0.6
2025-08-14,2025-08-14 10:53:36.700,MO2508-C-7500,0.4,0.4,0.6
2025-08-14,2025-08-14 10:53:46.200,MO2508-C-7500,0.4,0.4,0.6
2025-08-14,2025-08-14 10:53:46.700,MO2508-C-7500,0.4,0.4,0.6
2025-08-14,2025-08-14 10:53:49.700,MO2508-C-7500,0.4,0.4,0.6
2025-08-14,2025-08-14 10:53:50.200,MO2508-C-7500,0.4,0.4,0.6
2025-08-14,2025-08-14 10:53:56.200,MO2508-C-7500,0.4,0.4,0.6
2025-08-14,2025-08-14 10:53:56.700,MO2508-C-7500,0.4,0.4,0.6
2025-08-14,2025-08-14 10:54:06.200,MO2508-C-7500,0.4,0.4,0.6
2025-08-14,2025-08-14 10:54:06.700,MO2508-C-7500,0.4,0.4,0.6
2025-08-14,2025-08-14 10:54:16.200,MO2508-C-7500,0.4,0.4,0.6
2025-08-14,2025-08-14 10:54:16.700,MO2508-C-7500,0.4,0.4,0.6
2025-08-14,2025-08-14 10:54:26.200,MO2508-C-7500,0.4,0.4,0.6
2025-08-14,2025-08-14 10:54:26.700,MO2508-C-7500,0.4,0.4,0.6
2025-08-14,2025-08-14 10:54:36.200,MO2508-C-7500,0.4,0.4,0.6
2025-08-14,2025-08-14 10:54:36.700,MO2508-C-7500,0.4,0.4,0.6
2025-08-14,2025-08-14 10:54:42.200,MO2508-C-7500,0.4,0.4,0.6
2025-08-14,2025-08-14 10:54:42.700,MO2508-C-7500,0.4,0.4,0.6
2025-08-14,2025-08-14 10:54:46.200,MO2508-C-7500,0.4,0.4,0.6
2025-08-14,2025-08-14 10:54:46.700,MO2508-C-7500,0.4,0.4,0.6
2025-08-14,2025-08-14 10:54:54.200,MO2508-C-7500,0.4,0.4,0.6
2025-08-14,2025-08-14 10:54:56.200,MO2508-C-7500,0.4,0.4,0.6
2025-08-14,2025-08-14 10:54:56.700,MO2508-C-7500,0.4,0.4,0.6
2025-08-14,2025-08-14 10:54:57.200,MO2508-C-7500,0.4,0.4,0.6
2025-08-14,2025-08-14 10:54:57.700,MO2508-C-7500,0.4,0.4,0.6
2025-08-14,2025-08-14 10:55:06.200,MO2508-C-7500,0.4,0.4,0.6
2025-08-14,2025-08-14 10:55:06.700,MO2508-C-7500,0.4,0.4,0.6
2025-08-14,2025-08-14 10:55:07.200,MO2508-C-7500,0.4,0.4,0.6
2025-08-14,2025-08-14 10:55:07.700,MO2508-C-7500,0.4,0.4,0.6
2025-08-14,2025-08-14 10:55:08.200,MO2508-C-7500,0.4,0.4,0.6
2025-08-14,2025-08-14 10:55:10.700,MO2508-C-7500,0.4,0.4,0.6
2025-08-14,2025-08-14 10:55:11.200,MO2508-C-7500,0.4,0.4,0.6
2025-08-14,2025-08-14 10:55:11.700,MO2508-C-7500,0.4,0.4,0.6
2025-08-14,2025-08-14 10:55:15.700,MO2508-C-7500,0.4,0.4,0.6
2025-08-14,2025-08-14 10:55:16.200,MO2508-C-7500,0.4,0.4,0.6
2025-08-14,2025-08-14 10:55:16.700,MO2508-C-7500,0.4,0.4,0.6
2025-08-14,2025-08-14 10:55:17.200,MO2508-C-7500,0.4,0.4,0.6
2025-08-14,2025-08-14 10:55:23.700,MO2508-C-7500,0.4,0.4,0.6
2025-08-14,2025-08-14 10:55:26.200,MO2508-C-7500,0.4,0.4,0.6
2025-08-14,2025-08-14 10:55:26.700,MO2508-C-7500,0.4,0.4,0.6
2025-08-14,2025-08-14 10:55:27.200,MO2508-C-7500,0.4,0.4,0.6
2025-08-14,2025-08-14 10:55:36.200,MO2508-C-7500,0.4,0.4,0.6
2025-08-14,2025-08-14 10:55:36.700,MO2508-C-7500,0.4,0.4,0.6
2025-08-14,2025-08-14 10:55:37.200,MO2508-C-7500,0.4,0.4,0.6
2025-08-14,2025-08-14 10:55:46.200,MO2508-C-7500,0.4,0.4,0.6
2025-08-14,2025-08-14 10:55:46.700,MO2508-C-7500,0.4,0.4,0.6
2025-08-14,2025-08-14 10:55:47.200,MO2508-C-7500,0.4,0.4,0.6
2025-08-14,2025-08-14 10:55:56.200,MO2508-C-7500,0.4,0.4,0.6
2025-08-14,2025-08-14 10:55:56.700,MO2508-C-7500,0.4,0.4,0.6
2025-08-14,2025-08-14 10:55:57.200,MO2508-C-7500,0.4,0.4,0.6
2025-08-14,2025-08-14 10:56:06.200,MO2508-C-7500,0.4,0.4,0.6
2025-08-14,2025-08-14 10:56:06.700,MO2508-C-7500,0.4,0.4,0.6
2025-08-14,2025-08-14 10:56:07.200,MO2508-C-7500,0.4,0.4,0.6
2025-08-14,2025-08-14 10:56:13.200,MO2508-C-7500,0.4,0.4,0.6
2025-08-14,2025-08-14 10:56:13.700,MO2508-C-7500,0.4,0.4,0.6
2025-08-14,2025-08-14 10:56:16.200,MO2508-C-7500,0.4,0.4,0.6
2025-08-14,2025-08-14 10:56:16.700,MO2508-C-7500,0.4,0.4,0.6
2025-08-14,2025-08-14 10:56:17.200,MO2508-C-7500,0.4,0.4,0.6
2025-08-14,2025-08-14 10:56:26.200,MO2508-C-7500,0.4,0.4,0.6
2025-08-14,2025-08-14 10:56:26.700,MO2508-C-7500,0.4,0.4,0.6
2025-08-14,2025-08-14 10:56:27.200,MO2508-C-7500,0.4,0.4,0.6
2025-08-14,2025-08-14 10:56:36.200,MO2508-C-7500,0.4,0.4,0.6
2025-08-14,2025-08-14 10:56:36.700,MO2508-C-7500,0.4,0.4,0.6
2025-08-14,2025-08-14 10:56:37.200,MO2508-C-7500,0.4,0.4,0.6
2025-08-14,2025-08-14 10:56:46.200,MO2508-C-7500,0.4,0.4,0.6
2025-08-14,2025-08-14 10:56:46.700,MO2508-C-7500,0.4,0.4,0.6
2025-08-14,2025-08-14 10:56:47.200,MO2508-C-7500,0.4,0.4,0.6
2025-08-14,2025-08-14 10:56:56.200,MO2508-C-7500,0.4,0.4,0.6
2025-08-14,2025-08-14 10:56:56.700,MO2508-C-7500,0.4,0.4,0.6
2025-08-14,2025-08-14 10:56:57.200,MO2508-C-7500,0.4,0.4,0.6
2025-08-14,2025-08-14 10:57:03.700,MO2508-C-7500,0.4,0.4,0.6
2025-08-14,2025-08-14 10:57:04.200,MO2508-C-7500,0.4,0.4,0.6
2025-08-14,2025-08-14 10:57:06.200,MO2508-C-7500,0.4,0.4,0.6
2025-08-14,2025-08-14 10:57:06.700,MO2508-C-7500,0.4,0.4,0.6
2025-08-14,2025-08-14 10:57:07.200,MO2508-C-7500,0.4,0.4,0.6
2025-08-14,2025-08-14 10:57:07.700,MO2508-C-7500,0.4,0.4,0.6
2025-08-14,2025-08-14 10:57:08.200,MO2508-C-7500,0.4,0.4,0.6
2025-08-14,2025-08-14 10:57:10.700,MO2508-C-7500,0.4,0.4,0.6
2025-08-14,2025-08-14 10:57:11.200,MO2508-C-7500,0.4,0.4,0.6
2025-08-14,2025-08-14 10:57:12.200,MO2508-C-7500,0.4,0.4,0.6
2025-08-14,2025-08-14 10:57:12.700,MO2508-C-7500,0.4,0.4,0.6
2025-08-14,2025-08-14 10:57:16.200,MO2508-C-7500,0.4,0.4,0.6
2025-08-14,2025-08-14 10:57:16.700,MO2508-C-7500,0.4,0.4,0.6
2025-08-14,2025-08-14 10:57:26.200,MO2508-C-7500,0.4,0.4,0.6
2025-08-14,2025-08-14 10:57:26.700,MO2508-C-7500,0.4,0.4,0.6
2025-08-14,2025-08-14 10:57:36.200,MO2508-C-7500,0.4,0.4,0.6
2025-08-14,2025-08-14 10:57:36.700,MO2508-C-7500,0.4,0.4,0.6
2025-08-14,2025-08-14 10:57:46.200,MO2508-C-7500,0.4,0.4,0.6
2025-08-14,2025-08-14 10:57:46.700,MO2508-C-7500,0.4,0.4,0.6
2025-08-14,2025-08-14 10:57:56.200,MO2508-C-7500,0.4,0.4,0.6
2025-08-14,2025-08-14 10:57:56.700,MO2508-C-7500,0.4,0.4,0.6
2025-08-14,2025-08-14 10:58:06.200,MO2508-C-7500,0.4,0.4,0.6
2025-08-14,2025-08-14 10:58:06.700,MO2508-C-7500,0.4,0.4,0.6
2025-08-14,2025-08-14 10:58:16.200,MO2508-C-7500,0.4,0.4,0.6
2025-08-14,2025-08-14 10:58:16.700,MO2508-C-7500,0.4,0.4,0.6
2025-08-14,2025-08-14 10:58:26.200,MO2508-C-7500,0.4,0.4,0.6
2025-08-14,2025-08-14 10:58:26.700,MO2508-C-7500,0.4,0.4,0.6
2025-08-14,2025-08-14 10:58:36.200,MO2508-C-7500,0.4,0.4,0.6
2025-08-14,2025-08-14 10:58:36.700,MO2508-C-7500,0.4,0.4,0.6
2025-08-14,2025-08-14 10:58:41.700,MO2508-C-7500,0.4,0.4,0.6
2025-08-14,2025-08-14 10:58:46.200,MO2508-C-7500,0.4,0.4,0.6
2025-08-14,2025-08-14 10:58:46.700,MO2508-C-7500,0.4,0.4,0.6
2025-08-14,2025-08-14 10:58:56.200,MO2508-C-7500,0.4,0.4,0.6
2025-08-14,2025-08-14 10:58:56.700,MO2508-C-7500,0.4,0.4,0.6
2025-08-14,2025-08-14 10:59:06.200,MO2508-C-7500,0.4,0.4,0.6
2025-08-14,2025-08-14 10:59:06.700,MO2508-C-7500,0.4,0.4,0.6
2025-08-14,2025-08-14 10:59:16.200,MO2508-C-7500,0.4,0.4,0.6
2025-08-14,2025-08-14 10:59:16.700,MO2508-C-7500,0.4,0.4,0.6
2025-08-14,2025-08-14 10:59:26.200,MO2508-C-7500,0.4,0.4,0.6
2025-08-14,2025-08-14 10:59:26.700,MO2508-C-7500,0.4,0.4,0.6
2025-08-14,2025-08-14 10:59:36.200,MO2508-C-7500,0.4,0.4,0.6
2025-08-14,2025-08-14 10:59:36.700,MO2508-C-7500,0.4,0.4,0.6
2025-08-14,2025-08-14 10:59:46.200,MO2508-C-7500,0.4,0.4,0.6
2025-08-14,2025-08-14 10:59:46.700,MO2508-C-7500,0.4,0.4,0.6
2025-08-14,2025-08-14 10:59:47.700,MO2508-C-7500,0.4,0.4,0.6
2025-08-14,2025-08-14 10:59:50.700,MO2508-C-7500,0.4,0.4,0.6
2025-08-14,2025-08-14 10:59:53.700,MO2508-C-7500,0.4,0.4,0.6
2025-08-14,2025-08-14 10:59:56.200,MO2508-C-7500,0.4,0.4,0.6
2025-08-14,2025-08-14 10:59:56.700,MO2508-C-7500,0.4,0.4,0.6
2025-08-14,2025-08-14 11:00:06.200,MO2508-C-7500,0.4,0.4,0.6
2025-08-14,2025-08-14 11:00:06.700,MO2508-C-7500,0.4,0.4,0.6
2025-08-14,2025-08-14 11:00:14.200,MO2508-C-7500,0.4,0.4,0.6
2025-08-14,2025-08-14 11:00:14.700,MO2508-C-7500,0.4,0.4,0.6
2025-08-14,2025-08-14 11:00:16.200,MO2508-C-7500,0.4,0.4,0.6
2025-08-14,2025-08-14 11:00:16.700,MO2508-C-7500,0.4,0.4,0.6
2025-08-14,2025-08-14 11:00:19.700,MO2508-C-7500,0.4,0.4,0.6
2025-08-14,2025-08-14 11:00:26.200,MO2508-C-7500,0.4,0.4,0.6
2025-08-14,2025-08-14 11:00:26.700,MO2508-C-7500,0.4,0.4,0.6
2025-08-14,2025-08-14 11:00:36.200,MO2508-C-7500,0.4,0.4,0.6
2025-08-14,2025-08-14 11:00:36.700,MO2508-C-7500,0.4,0.4,0.6
2025-08-14,2025-08-14 11:00:46.200,MO2508-C-7500,0.4,0.4,0.6
2025-08-14,2025-08-14 11:00:46.700,MO2508-C-7500,0.4,0.4,0.6
2025-08-14,2025-08-14 11:00:55.700,MO2508-C-7500,0.4,0.4,0.6
2025-08-14,2025-08-14 11:00:56.200,MO2508-C-7500,0.4,0.4,0.6
2025-08-14,2025-08-14 11:00:56.700,MO2508-C-7500,0.4,0.4,0.6
2025-08-14,2025-08-14 11:01:06.200,MO2508-C-7500,0.4,0.4,0.6
2025-08-14,2025-08-14 11:01:06.700,MO2508-C-7500,0.4,0.4,0.6
2025-08-14,2025-08-14 11:01:16.200,MO2508-C-7500,0.4,0.4,0.6
2025-08-14,2025-08-14 11:01:16.700,MO2508-C-7500,0.4,0.4,0.6
2025-08-14,2025-08-14 11:01:26.200,MO2508-C-7500,0.4,0.4,0.6
2025-08-14,2025-08-14 11:01:26.700,MO2508-C-7500,0.4,0.4,0.6
2025-08-14,2025-08-14 11:01:36.200,MO2508-C-7500,0.4,0.4,0.6
2025-08-14,2025-08-14 11:01:36.700,MO2508-C-7500,0.4,0.4,0.6
2025-08-14,2025-08-14 11:01:41.700,MO2508-C-7500,0.4,0.4,0.6
2025-08-14,2025-08-14 11:01:42.200,MO2508-C-7500,0.4,0.4,0.6
2025-08-14,2025-08-14 11:01:42.700,MO2508-C-7500,0.4,0.4,0.6
2025-08-14,2025-08-14 11:01:46.200,MO2508-C-7500,0.4,0.4,0.6
2025-08-14,2025-08-14 11:01:46.700,MO2508-C-7500,0.4,0.4,0.6
2025-08-14,2025-08-14 11:01:47.200,MO2508-C-7500,0.4,0.4,0.6
2025-08-14,2025-08-14 11:01:50.700,MO2508-C-7500,0.4,0.4,0.6
2025-08-14,2025-08-14 11:01:51.200,MO2508-C-7500,0.4,0.4,0.6
2025-08-14,2025-08-14 11:01:56.200,MO2508-C-7500,0.4,0.4,0.6
2025-08-14,2025-08-14 11:01:56.700,MO2508-C-7500,0.4,0.4,0.6
2025-08-14,2025-08-14 11:02:06.200,MO2508-C-7500,0.4,0.4,0.6
2025-08-14,2025-08-14 11:02:06.700,MO2508-C-7500,0.4,0.4,0.6
2025-08-14,2025-08-14 11:02:14.200,MO2508-C-7500,0.4,0.4,0.6
2025-08-14,2025-08-14 11:02:16.200,MO2508-C-7500,0.4,0.4,0.6
2025-08-14,2025-08-14 11:02:16.700,MO2508-C-7500,0.4,0.4,0.6
2025-08-14,2025-08-14 11:02:26.200,MO2508-C-7500,0.4,0.4,0.6
2025-08-14,2025-08-14 11:02:26.700,MO2508-C-7500,0.4,0.4,0.6
2025-08-14,2025-08-14 11:02:36.200,MO2508-C-7500,0.4,0.4,0.6
2025-08-14,2025-08-14 11:02:36.700,MO2508-C-7500,0.4,0.4,0.6
2025-08-14,2025-08-14 11:02:37.200,MO2508-C-7500,0.4,0.4,0.6
2025-08-14,2025-08-14 11:02:37.700,MO2508-C-7500,0.4,0.4,0.6
2025-08-14,2025-08-14 11:02:46.200,MO2508-C-7500,0.4,0.4,0.6
2025-08-14,2025-08-14 11:02:46.700,MO2508-C-7500,0.4,0.4,0.6
2025-08-14,2025-08-14 11:02:56.200,MO2508-C-7500,0.4,0.4,0.6
2025-08-14,2025-08-14 11:02:56.700,MO2508-C-7500,0.4,0.4,0.6
2025-08-14,2025-08-14 11:03:06.200,MO2508-C-7500,0.4,0.4,0.6
2025-08-14,2025-08-14 11:03:06.700,MO2508-C-7500,0.4,0.4,0.6
2025-08-14,2025-08-14 11:03:16.200,MO2508-C-7500,0.4,0.4,0.6
2025-08-14,2025-08-14 11:03:16.700,MO2508-C-7500,0.4,0.4,0.6
2025-08-14,2025-08-14 11:03:26.200,MO2508-C-7500,0.4,0.4,0.6
2025-08-14,2025-08-14 11:03:26.700,MO2508-C-7500,0.4,0.4,0.6
2025-08-14,2025-08-14 11:03:36.200,MO2508-C-7500,0.4,0.4,0.6
2025-08-14,2025-08-14 11:03:36.700,MO2508-C-7500,0.4,0.4,0.6
2025-08-14,2025-08-14 11:03:46.200,MO2508-C-7500,0.4,0.4,0.6
2025-08-14,2025-08-14 11:03:46.700,MO2508-C-7500,0.4,0.4,0.6
2025-08-14,2025-08-14 11:03:47.200,MO2508-C-7500,0.4,0.4,0.6
2025-08-14,2025-08-14 11:03:54.700,MO2508-C-7500,0.4,0.4,0.6
2025-08-14,2025-08-14 11:03:55.200,MO2508-C-7500,0.4,0.4,0.6
2025-08-14,2025-08-14 11:03:56.200,MO2508-C-7500,0.4,0.4,0.6
2025-08-14,2025-08-14 11:03:56.700,MO2508-C-7500,0.4,0.4,0.6
2025-08-14,2025-08-14 11:04:06.200,MO2508-C-7500,0.4,0.4,0.6
2025-08-14,2025-08-14 11:04:06.700,MO2508-C-7500,0.4,0.4,0.6
2025-08-14,2025-08-14 11:04:16.200,MO2508-C-7500,0.4,0.4,0.6
2025-08-14,2025-08-14 11:04:16.700,MO2508-C-7500,0.4,0.4,0.6
2025-08-14,2025-08-14 11:04:26.200,MO2508-C-7500,0.4,0.4,0.6
2025-08-14,2025-08-14 11:04:26.700,MO2508-C-7500,0.4,0.4,0.6
2025-08-14,2025-08-14 11:04:36.200,MO2508-C-7500,0.4,0.4,0.6
2025-08-14,2025-08-14 11:04:36.700,MO2508-C-7500,0.4,0.4,0.6
2025-08-14,2025-08-14 11:04:46.200,MO2508-C-7500,0.4,0.4,0.6
2025-08-14,2025-08-14 11:04:46.700,MO2508-C-7500,0.4,0.4,0.6
2025-08-14,2025-08-14 11:04:56.200,MO2508-C-7500,0.4,0.4,0.6
2025-08-14,2025-08-14 11:04:56.700,MO2508-C-7500,0.4,0.4,0.6
2025-08-14,2025-08-14 11:05:06.200,MO2508-C-7500,0.4,0.4,0.6
2025-08-14,2025-08-14 11:05:06.700,MO2508-C-7500,0.4,0.4,0.6
2025-08-14,2025-08-14 11:05:15.200,MO2508-C-7500,0.4,0.4,0.6
2025-08-14,2025-08-14 11:05:15.700,MO2508-C-7500,0.4,0.4,0.6
2025-08-14,2025-08-14 11:05:16.200,MO2508-C-7500,0.4,0.4,0.6
2025-08-14,2025-08-14 11:05:16.700,MO2508-C-7500,0.4,0.4,0.6
2025-08-14,2025-08-14 11:05:26.200,MO2508-C-7500,0.4,0.4,0.6
2025-08-14,2025-08-14 11:05:26.700,MO2508-C-7500,0.4,0.4,0.6
2025-08-14,2025-08-14 11:05:36.200,MO2508-C-7500,0.4,0.4,0.6
2025-08-14,2025-08-14 11:05:36.700,MO2508-C-7500,0.4,0.4,0.6
2025-08-14,2025-08-14 11:05:46.200,MO2508-C-7500,0.4,0.4,0.6
2025-08-14,2025-08-14 11:05:46.700,MO2508-C-7500,0.4,0.4,0.6
2025-08-14,2025-08-14 11:05:47.700,MO2508-C-7500,0.4,0.4,0.6
2025-08-14,2025-08-14 11:05:56.200,MO2508-C-7500,0.4,0.4,0.6
2025-08-14,2025-08-14 11:05:56.700,MO2508-C-7500,0.4,0.4,0.6
2025-08-14,2025-08-14 11:05:59.200,MO2508-C-7500,0.4,0.4,0.6
2025-08-14,2025-08-14 11:05:59.700,MO2508-C-7500,0.4,0.4,0.6
2025-08-14,2025-08-14 11:06:03.700,MO2508-C-7500,0.4,0.4,0.6
2025-08-14,2025-08-14 11:06:04.200,MO2508-C-7500,0.4,0.4,0.6
2025-08-14,2025-08-14 11:06:06.200,MO2508-C-7500,0.4,0.4,0.6
2025-08-14,2025-08-14 11:06:06.700,MO2508-C-7500,0.4,0.4,0.6
2025-08-14,2025-08-14 11:06:16.200,MO2508-C-7500,0.4,0.4,0.6
2025-08-14,2025-08-14 11:06:16.700,MO2508-C-7500,0.4,0.4,0.6
2025-08-14,2025-08-14 11:06:26.200,MO2508-C-7500,0.4,0.4,0.6
2025-08-14,2025-08-14 11:06:26.700,MO2508-C-7500,0.4,0.4,0.6
2025-08-14,2025-08-14 11:06:36.200,MO2508-C-7500,0.4,0.4,0.6
2025-08-14,2025-08-14 11:06:36.700,MO2508-C-7500,0.4,0.4,0.6
2025-08-14,2025-08-14 11:06:38.200,MO2508-C-7500,0.4,0.4,0.6
2025-08-14,2025-08-14 11:06:38.700,MO2508-C-7500,0.4,0.4,0.6
2025-08-14,2025-08-14 11:06:46.200,MO2508-C-7500,0.4,0.4,0.6
2025-08-14,2025-08-14 11:06:46.700,MO2508-C-7500,0.4,0.4,0.6
2025-08-14,2025-08-14 11:06:56.200,MO2508-C-7500,0.4,0.4,0.6
2025-08-14,2025-08-14 11:06:56.700,MO2508-C-7500,0.4,0.4,0.6
2025-08-14,2025-08-14 11:07:06.200,MO2508-C-7500,0.4,0.4,0.6
2025-08-14,2025-08-14 11:07:06.700,MO2508-C-7500,0.4,0.4,0.6
2025-08-14,2025-08-14 11:07:16.200,MO2508-C-7500,0.4,0.4,0.6
2025-08-14,2025-08-14 11:07:16.700,MO2508-C-7500,0.4,0.4,0.6
2025-08-14,2025-08-14 11:07:26.200,MO2508-C-7500,0.4,0.4,0.6
2025-08-14,2025-08-14 11:07:26.700,MO2508-C-7500,0.4,0.4,0.6
2025-08-14,2025-08-14 11:07:36.200,MO2508-C-7500,0.4,0.4,0.6
2025-08-14,2025-08-14 11:07:36.700,MO2508-C-7500,0.4,0.4,0.6
2025-08-14,2025-08-14 11:07:46.200,MO2508-C-7500,0.4,0.4,0.6
2025-08-14,2025-08-14 11:07:46.700,MO2508-C-7500,0.4,0.4,0.6
2025-08-14,2025-08-14 11:07:56.200,MO2508-C-7500,0.4,0.4,0.6
2025-08-14,2025-08-14 11:07:56.700,MO2508-C-7500,0.4,0.4,0.6
2025-08-14,2025-08-14 11:08:06.200,MO2508-C-7500,0.4,0.4,0.6
2025-08-14,2025-08-14 11:08:06.700,MO2508-C-7500,0.4,0.4,0.6
2025-08-14,2025-08-14 11:08:12.700,MO2508-C-7500,0.4,0.4,0.6
2025-08-14,2025-08-14 11:08:16.200,MO2508-C-7500,0.4,0.4,0.6
2025-08-14,2025-08-14 11:08:16.700,MO2508-C-7500,0.4,0.4,0.6
2025-08-14,2025-08-14 11:08:18.200,MO2508-C-7500,0.4,0.4,0.6
2025-08-14,2025-08-14 11:08:26.200,MO2508-C-7500,0.4,0.4,0.6
2025-08-14,2025-08-14 11:08:26.700,MO2508-C-7500,0.4,0.4,0.6
2025-08-14,2025-08-14 11:08:36.200,MO2508-C-7500,0.4,0.4,0.6
2025-08-14,2025-08-14 11:08:36.700,MO2508-C-7500,0.4,0.4,0.6
2025-08-14,2025-08-14 11:08:46.200,MO2508-C-7500,0.4,0.4,0.6
2025-08-14,2025-08-14 11:08:46.700,MO2508-C-7500,0.4,0.4,0.6
2025-08-14,2025-08-14 11:08:56.200,MO2508-C-7500,0.4,0.4,0.6
2025-08-14,2025-08-14 11:08:56.700,MO2508-C-7500,0.4,0.4,0.6
2025-08-14,2025-08-14 11:09:06.200,MO2508-C-7500,0.4,0.4,0.6
2025-08-14,2025-08-14 11:09:06.700,MO2508-C-7500,0.4,0.4,0.6
2025-08-14,2025-08-14 11:09:10.700,MO2508-C-7500,0.4,0.4,0.6
2025-08-14,2025-08-14 11:09:11.200,MO2508-C-7500,0.4,0.4,0.6
2025-08-14,2025-08-14 11:09:16.200,MO2508-C-7500,0.4,0.4,0.6
2025-08-14,2025-08-14 11:09:16.700,MO2508-C-7500,0.4,0.4,0.6
2025-08-14,2025-08-14 11:09:26.200,MO2508-C-7500,0.4,0.4,0.6
2025-08-14,2025-08-14 11:09:26.700,MO2508-C-7500,0.4,0.4,0.6
2025-08-14,2025-08-14 11:09:33.200,MO2508-C-7500,0.4,0.4,0.6
2025-08-14,2025-08-14 11:09:36.200,MO2508-C-7500,0.4,0.4,0.6
2025-08-14,2025-08-14 11:09:36.700,MO2508-C-7500,0.4,0.4,0.6
2025-08-14,2025-08-14 11:09:45.700,MO2508-C-7500,0.4,0.4,0.6
2025-08-14,2025-08-14 11:09:46.200,MO2508-C-7500,0.4,0.4,0.6
2025-08-14,2025-08-14 11:09:46.700,MO2508-C-7500,0.4,0.4,0.6
2025-08-14,2025-08-14 11:09:56.200,MO2508-C-7500,0.4,0.4,0.6
2025-08-14,2025-08-14 11:09:56.700,MO2508-C-7500,0.4,0.4,0.6
2025-08-14,2025-08-14 11:10:01.700,MO2508-C-7500,0.4,0.4,0.6
2025-08-14,2025-08-14 11:10:02.200,MO2508-C-7500,0.4,0.4,0.6
2025-08-14,2025-08-14 11:10:06.200,MO2508-C-7500,0.4,0.4,0.6
2025-08-14,2025-08-14 11:10:06.700,MO2508-C-7500,0.4,0.4,0.6
2025-08-14,2025-08-14 11:10:09.700,MO2508-C-7500,0.4,0.4,0.6
2025-08-14,2025-08-14 11:10:10.200,MO2508-C-7500,0.4,0.4,0.6
2025-08-14,2025-08-14 11:10:16.200,MO2508-C-7500,0.4,0.4,0.6
2025-08-14,2025-08-14 11:10:16.700,MO2508-C-7500,0.4,0.4,0.6
2025-08-14,2025-08-14 11:10:26.200,MO2508-C-7500,0.4,0.4,0.6
2025-08-14,2025-08-14 11:10:26.700,MO2508-C-7500,0.4,0.4,0.6
2025-08-14,2025-08-14 11:10:36.200,MO2508-C-7500,0.4,0.4,0.6
2025-08-14,2025-08-14 11:10:36.700,MO2508-C-7500,0.4,0.4,0.6
2025-08-14,2025-08-14 11:10:46.200,MO2508-C-7500,0.4,0.4,0.6
2025-08-14,2025-08-14 11:10:46.700,MO2508-C-7500,0.4,0.4,0.6
2025-08-14,2025-08-14 11:10:47.200,MO2508-C-7500,0.4,0.4,0.6
2025-08-14,2025-08-14 11:10:47.700,MO2508-C-7500,0.4,0.4,0.6
2025-08-14,2025-08-14 11:10:51.200,MO2508-C-7500,0.4,0.4,0.6
2025-08-14,2025-08-14 11:10:51.700,MO2508-C-7500,0.4,0.4,0.6
2025-08-14,2025-08-14 11:10:56.200,MO2508-C-7500,0.4,0.4,0.6
2025-08-14,2025-08-14 11:10:56.700,MO2508-C-7500,0.4,0.4,0.6
2025-08-14,2025-08-14 11:11:06.200,MO2508-C-7500,0.4,0.4,0.6
2025-08-14,2025-08-14 11:11:06.700,MO2508-C-7500,0.4,0.4,0.6
2025-08-14,2025-08-14 11:11:07.200,MO2508-C-7500,0.4,0.4,0.6
2025-08-14,2025-08-14 11:11:07.700,MO2508-C-7500,0.4,0.4,0.6
2025-08-14,2025-08-14 11:11:16.200,MO2508-C-7500,0.4,0.4,0.6
2025-08-14,2025-08-14 11:11:16.700,MO2508-C-7500,0.4,0.4,0.6
2025-08-14,2025-08-14 11:11:26.200,MO2508-C-7500,0.4,0.4,0.6
2025-08-14,2025-08-14 11:11:26.700,MO2508-C-7500,0.4,0.4,0.6
2025-08-14,2025-08-14 11:11:27.700,MO2508-C-7500,0.4,0.4,0.6
2025-08-14,2025-08-14 11:11:28.700,MO2508-C-7500,0.4,0.4,0.6
2025-08-14,2025-08-14 11:11:36.200,MO2508-C-7500,0.4,0.4,0.6
2025-08-14,2025-08-14 11:11:36.700,MO2508-C-7500,0.4,0.4,0.6
2025-08-14,2025-08-14 11:11:46.200,MO2508-C-7500,0.4,0.4,0.6
2025-08-14,2025-08-14 11:11:46.700,MO2508-C-7500,0.4,0.4,0.6
2025-08-14,2025-08-14 11:11:56.200,MO2508-C-7500,0.4,0.4,0.6
2025-08-14,2025-08-14 11:11:56.700,MO2508-C-7500,0.4,0.4,0.6
2025-08-14,2025-08-14 11:12:06.200,MO2508-C-7500,0.4,0.4,0.6
2025-08-14,2025-08-14 11:12:06.700,MO2508-C-7500,0.4,0.4,0.6
2025-08-14,2025-08-14 11:12:16.200,MO2508-C-7500,0.4,0.4,0.6
2025-08-14,2025-08-14 11:12:16.700,MO2508-C-7500,0.4,0.4,0.6
2025-08-14,2025-08-14 11:12:23.700,MO2508-C-7500,0.4,0.4,0.6
2025-08-14,2025-08-14 11:12:24.200,MO2508-C-7500,0.4,0.4,0.6
2025-08-14,2025-08-14 11:12:24.700,MO2508-C-7500,0.4,0.4,0.6
2025-08-14,2025-08-14 11:12:25.200,MO2508-C-7500,0.4,0.4,0.6
2025-08-14,2025-08-14 11:12:25.700,MO2508-C-7500,0.4,0.4,0.6
2025-08-14,2025-08-14 11:12:26.200,MO2508-C-7500,0.4,0.4,0.6
2025-08-14,2025-08-14 11:12:26.700,MO2508-C-7500,0.4,0.4,0.6
2025-08-14,2025-08-14 11:12:36.200,MO2508-C-7500,0.4,0.4,0.6
2025-08-14,2025-08-14 11:12:36.700,MO2508-C-7500,0.4,0.4,0.6
2025-08-14,2025-08-14 11:12:46.200,MO2508-C-7500,0.4,0.4,0.6
2025-08-14,2025-08-14 11:12:46.700,MO2508-C-7500,0.4,0.4,0.6
2025-08-14,2025-08-14 11:12:56.200,MO2508-C-7500,0.4,0.4,0.6
2025-08-14,2025-08-14 11:12:56.700,MO2508-C-7500,0.4,0.4,0.6
2025-08-14,2025-08-14 11:13:06.200,MO2508-C-7500,0.4,0.4,0.6
2025-08-14,2025-08-14 11:13:06.700,MO2508-C-7500,0.4,0.4,0.6
2025-08-14,2025-08-14 11:13:16.200,MO2508-C-7500,0.4,0.4,0.6
2025-08-14,2025-08-14 11:13:16.700,MO2508-C-7500,0.4,0.4,0.6
2025-08-14,2025-08-14 11:13:19.700,MO2508-C-7500,0.4,0.4,0.6
2025-08-14,2025-08-14 11:13:26.200,MO2508-C-7500,0.4,0.4,0.6
2025-08-14,2025-08-14 11:13:26.700,MO2508-C-7500,0.4,0.4,0.6
2025-08-14,2025-08-14 11:13:31.700,MO2508-C-7500,0.4,0.4,0.6
2025-08-14,2025-08-14 11:13:32.700,MO2508-C-7500,0.6,0.4,0.6
2025-08-14,2025-08-14 11:13:36.200,MO2508-C-7500,0.6,0.4,0.6
2025-08-14,2025-08-14 11:13:36.700,MO2508-C-7500,0.6,0.4,0.6
2025-08-14,2025-08-14 11:13:42.700,MO2508-C-7500,0.6,0.4,0.6
2025-08-14,2025-08-14 11:13:44.700,MO2508-C-7500,0.6,0.4,0.6
2025-08-14,2025-08-14 11:13:46.200,MO2508-C-7500,0.6,0.4,0.6
2025-08-14,2025-08-14 11:13:46.700,MO2508-C-7500,0.6,0.4,0.6
2025-08-14,2025-08-14 11:13:56.200,MO2508-C-7500,0.6,0.4,0.6
2025-08-14,2025-08-14 11:13:56.700,MO2508-C-7500,0.6,0.4,0.6
2025-08-14,2025-08-14 11:14:06.200,MO2508-C-7500,0.6,0.4,0.6
2025-08-14,2025-08-14 11:14:06.700,MO2508-C-7500,0.6,0.4,0.6
2025-08-14,2025-08-14 11:14:16.200,MO2508-C-7500,0.6,0.4,0.6
2025-08-14,2025-08-14 11:14:16.700,MO2508-C-7500,0.6,0.4,0.6
2025-08-14,2025-08-14 11:14:26.200,MO2508-C-7500,0.6,0.4,0.6
2025-08-14,2025-08-14 11:14:26.700,MO2508-C-7500,0.6,0.4,0.6
2025-08-14,2025-08-14 11:14:27.700,MO2508-C-7500,0.6,0.4,0.6
2025-08-14,2025-08-14 11:14:36.200,MO2508-C-7500,0.6,0.4,0.6
2025-08-14,2025-08-14 11:14:36.700,MO2508-C-7500,0.6,0.4,0.6
2025-08-14,2025-08-14 11:14:40.700,MO2508-C-7500,0.6,0.4,0.6
2025-08-14,2025-08-14 11:14:46.200,MO2508-C-7500,0.6,0.4,0.6
2025-08-14,2025-08-14 11:14:46.700,MO2508-C-7500,0.6,0.4,0.6
2025-08-14,2025-08-14 11:14:56.200,MO2508-C-7500,0.6,0.4,0.6
2025-08-14,2025-08-14 11:14:56.700,MO2508-C-7500,0.6,0.4,0.6
2025-08-14,2025-08-14 11:15:06.200,MO2508-C-7500,0.6,0.4,0.6
2025-08-14,2025-08-14 11:15:06.700,MO2508-C-7500,0.6,0.4,0.6
2025-08-14,2025-08-14 11:15:16.200,MO2508-C-7500,0.6,0.4,0.6
2025-08-14,2025-08-14 11:15:16.700,MO2508-C-7500,0.6,0.4,0.6
2025-08-14,2025-08-14 11:15:26.200,MO2508-C-7500,0.6,0.4,0.6
2025-08-14,2025-08-14 11:15:26.700,MO2508-C-7500,0.6,0.4,0.6
2025-08-14,2025-08-14 11:15:36.200,MO2508-C-7500,0.6,0.4,0.6
2025-08-14,2025-08-14 11:15:36.700,MO2508-C-7500,0.6,0.4,0.6
2025-08-14,2025-08-14 11:15:44.700,MO2508-C-7500,0.6,0.4,0.6
2025-08-14,2025-08-14 11:15:45.200,MO2508-C-7500,0.6,0.4,0.6
2025-08-14,2025-08-14 11:15:46.200,MO2508-C-7500,0.6,0.4,0.6
2025-08-14,2025-08-14 11:15:46.700,MO2508-C-7500,0.6,0.4,0.6
2025-08-14,2025-08-14 11:15:56.200,MO2508-C-7500,0.6,0.4,0.6
2025-08-14,2025-08-14 11:15:56.700,MO2508-C-7500,0.6,0.4,0.6
2025-08-14,2025-08-14 11:16:06.200,MO2508-C-7500,0.6,0.4,0.6
2025-08-14,2025-08-14 11:16:06.700,MO2508-C-7500,0.6,0.4,0.6
2025-08-14,2025-08-14 11:16:16.200,MO2508-C-7500,0.6,0.4,0.6
2025-08-14,2025-08-14 11:16:16.700,MO2508-C-7500,0.6,0.4,0.6
2025-08-14,2025-08-14 11:16:18.700,MO2508-C-7500,0.6,0.4,0.6
2025-08-14,2025-08-14 11:16:26.200,MO2508-C-7500,0.6,0.4,0.6
2025-08-14,2025-08-14 11:16:26.700,MO2508-C-7500,0.6,0.4,0.6
2025-08-14,2025-08-14 11:16:36.200,MO2508-C-7500,0.6,0.4,0.6
2025-08-14,2025-08-14 11:16:36.700,MO2508-C-7500,0.6,0.4,0.6
2025-08-14,2025-08-14 11:16:46.200,MO2508-C-7500,0.6,0.4,0.6
2025-08-14,2025-08-14 11:16:46.700,MO2508-C-7500,0.6,0.4,0.6
2025-08-14,2025-08-14 11:16:53.700,MO2508-C-7500,0.6,0.4,0.6
2025-08-14,2025-08-14 11:16:54.200,MO2508-C-7500,0.6,0.4,0.8
2025-08-14,2025-08-14 11:16:54.700,MO2508-C-7500,0.6,0.4,0.8
2025-08-14,2025-08-14 11:16:56.200,MO2508-C-7500,0.6,0.4,0.8
2025-08-14,2025-08-14 11:16:56.700,MO2508-C-7500,0.6,0.4,0.8
2025-08-14,2025-08-14 11:17:06.200,MO2508-C-7500,0.6,0.4,0.8
2025-08-14,2025-08-14 11:17:06.700,MO2508-C-7500,0.6,0.4,0.8
2025-08-14,2025-08-14 11:17:16.200,MO2508-C-7500,0.6,0.4,0.8
2025-08-14,2025-08-14 11:17:16.700,MO2508-C-7500,0.6,0.4,0.8
2025-08-14,2025-08-14 11:17:26.200,MO2508-C-7500,0.6,0.4,0.8
2025-08-14,2025-08-14 11:17:26.700,MO2508-C-7500,0.6,0.4,0.8
2025-08-14,2025-08-14 11:17:36.200,MO2508-C-7500,0.6,0.4,0.8
2025-08-14,2025-08-14 11:17:36.700,MO2508-C-7500,0.6,0.4,0.8
2025-08-14,2025-08-14 11:17:40.200,MO2508-C-7500,0.6,0.4,0.8
2025-08-14,2025-08-14 11:17:46.200,MO2508-C-7500,0.6,0.4,0.8
2025-08-14,2025-08-14 11:17:46.700,MO2508-C-7500,0.6,0.4,0.8
2025-08-14,2025-08-14 11:17:50.700,MO2508-C-7500,0.6,0.4,0.8
2025-08-14,2025-08-14 11:17:56.200,MO2508-C-7500,0.6,0.4,0.8
2025-08-14,2025-08-14 11:17:56.700,MO2508-C-7500,0.6,0.4,0.8
2025-08-14,2025-08-14 11:18:06.200,MO2508-C-7500,0.6,0.4,0.8
2025-08-14,2025-08-14 11:18:06.700,MO2508-C-7500,0.6,0.4,0.8
2025-08-14,2025-08-14 11:18:16.200,MO2508-C-7500,0.6,0.4,0.8
2025-08-14,2025-08-14 11:18:16.700,MO2508-C-7500,0.6,0.4,0.8
2025-08-14,2025-08-14 11:18:26.200,MO2508-C-7500,0.6,0.4,0.8
2025-08-14,2025-08-14 11:18:26.700,MO2508-C-7500,0.6,0.4,0.8
2025-08-14,2025-08-14 11:18:36.200,MO2508-C-7500,0.6,0.4,0.8
2025-08-14,2025-08-14 11:18:36.700,MO2508-C-7500,0.6,0.4,0.8
2025-08-14,2025-08-14 11:18:42.700,MO2508-C-7500,0.6,0.4,0.8
2025-08-14,2025-08-14 11:18:43.200,MO2508-C-7500,0.6,0.4,0.8
2025-08-14,2025-08-14 11:18:44.700,MO2508-C-7500,0.6,0.4,0.8
2025-08-14,2025-08-14 11:18:46.200,MO2508-C-7500,0.6,0.4,0.8
2025-08-14,2025-08-14 11:18:46.700,MO2508-C-7500,0.6,0.4,0.8
2025-08-14,2025-08-14 11:18:48.700,MO2508-C-7500,0.6,0.4,0.8
2025-08-14,2025-08-14 11:18:53.200,MO2508-C-7500,0.6,0.4,0.8
2025-08-14,2025-08-14 11:18:56.200,MO2508-C-7500,0.6,0.4,0.8
2025-08-14,2025-08-14 11:18:56.700,MO2508-C-7500,0.6,0.4,0.8
2025-08-14,2025-08-14 11:19:06.200,MO2508-C-7500,0.6,0.4,0.8
2025-08-14,2025-08-14 11:19:06.700,MO2508-C-7500,0.6,0.4,0.8
2025-08-14,2025-08-14 11:19:10.200,MO2508-C-7500,0.6,0.4,0.8
2025-08-14,2025-08-14 11:19:11.200,MO2508-C-7500,0.6,0.4,0.8
2025-08-14,2025-08-14 11:19:11.700,MO2508-C-7500,0.6,0.4,0.8
2025-08-14,2025-08-14 11:19:12.200,MO2508-C-7500,0.6,0.4,0.8
2025-08-14,2025-08-14 11:19:13.200,MO2508-C-7500,0.6,0.4,0.8
2025-08-14,2025-08-14 11:19:14.200,MO2508-C-7500,0.6,0.4,0.8
2025-08-14,2025-08-14 11:19:15.200,MO2508-C-7500,0.6,0.4,0.8
2025-08-14,2025-08-14 11:19:16.200,MO2508-C-7500,0.6,0.4,0.8
2025-08-14,2025-08-14 11:19:16.700,MO2508-C-7500,0.6,0.4,0.8
2025-08-14,2025-08-14 11:19:17.700,MO2508-C-7500,0.6,0.4,0.8
2025-08-14,2025-08-14 11:19:26.200,MO2508-C-7500,0.6,0.4,0.8
2025-08-14,2025-08-14 11:19:26.700,MO2508-C-7500,0.6,0.4,0.8
2025-08-14,2025-08-14 11:19:30.200,MO2508-C-7500,0.6,0.4,0.8
2025-08-14,2025-08-14 11:19:35.200,MO2508-C-7500,0.6,0.4,0.8
2025-08-14,2025-08-14 11:19:36.200,MO2508-C-7500,0.6,0.4,0.8
2025-08-14,2025-08-14 11:19:36.700,MO2508-C-7500,0.6,0.4,0.8
2025-08-14,2025-08-14 11:19:45.700,MO2508-C-7500,0.6,0.4,0.8
2025-08-14,2025-08-14 11:19:46.200,MO2508-C-7500,0.6,0.4,0.8
2025-08-14,2025-08-14 11:19:46.700,MO2508-C-7500,0.6,0.4,0.8
2025-08-14,2025-08-14 11:19:47.200,MO2508-C-7500,0.6,0.4,0.8
2025-08-14,2025-08-14 11:19:47.700,MO2508-C-7500,0.6,0.4,0.8
2025-08-14,2025-08-14 11:19:56.200,MO2508-C-7500,0.6,0.4,0.8
2025-08-14,2025-08-14 11:19:56.700,MO2508-C-7500,0.6,0.4,0.8
2025-08-14,2025-08-14 11:19:59.700,MO2508-C-7500,0.6,0.4,0.8
2025-08-14,2025-08-14 11:20:00.200,MO2508-C-7500,0.6,0.4,0.8
2025-08-14,2025-08-14 11:20:02.700,MO2508-C-7500,0.6,0.4,0.8
2025-08-14,2025-08-14 11:20:06.200,MO2508-C-7500,0.6,0.4,0.8
2025-08-14,2025-08-14 11:20:06.700,MO2508-C-7500,0.6,0.4,0.8
2025-08-14,2025-08-14 11:20:09.200,MO2508-C-7500,0.6,0.4,0.8
2025-08-14,2025-08-14 11:20:10.700,MO2508-C-7500,0.6,0.4,0.8
2025-08-14,2025-08-14 11:20:16.200,MO2508-C-7500,0.6,0.4,0.8
2025-08-14,2025-08-14 11:20:16.700,MO2508-C-7500,0.6,0.4,0.8
2025-08-14,2025-08-14 11:20:26.200,MO2508-C-7500,0.6,0.4,0.8
2025-08-14,2025-08-14 11:20:26.700,MO2508-C-7500,0.6,0.4,0.8
2025-08-14,2025-08-14 11:20:30.700,MO2508-C-7500,0.6,0.4,0.8
2025-08-14,2025-08-14 11:20:36.200,MO2508-C-7500,0.6,0.4,0.8
2025-08-14,2025-08-14 11:20:36.700,MO2508-C-7500,0.6,0.4,0.8
2025-08-14,2025-08-14 11:20:46.200,MO2508-C-7500,0.6,0.4,0.8
2025-08-14,2025-08-14 11:20:46.700,MO2508-C-7500,0.6,0.4,0.8
2025-08-14,2025-08-14 11:20:50.200,MO2508-C-7500,0.6,0.4,0.8
2025-08-14,2025-08-14 11:20:51.700,MO2508-C-7500,0.6,0.4,0.8
2025-08-14,2025-08-14 11:20:56.200,MO2508-C-7500,0.6,0.4,0.8
2025-08-14,2025-08-14 11:20:56.700,MO2508-C-7500,0.6,0.4,0.8
2025-08-14,2025-08-14 11:20:57.200,MO2508-C-7500,0.6,0.4,0.8
2025-08-14,2025-08-14 11:21:00.700,MO2508-C-7500,0.6,0.4,0.8
2025-08-14,2025-08-14 11:21:03.200,MO2508-C-7500,0.6,0.4,0.8
2025-08-14,2025-08-14 11:21:04.700,MO2508-C-7500,0.6,0.4,0.8
2025-08-14,2025-08-14 11:21:05.200,MO2508-C-7500,0.6,0.4,0.8
2025-08-14,2025-08-14 11:21:06.200,MO2508-C-7500,0.6,0.4,0.8
2025-08-14,2025-08-14 11:21:06.700,MO2508-C-7500,0.6,0.4,0.8
2025-08-14,2025-08-14 11:21:16.200,MO2508-C-7500,0.6,0.4,0.8
2025-08-14,2025-08-14 11:21:16.700,MO2508-C-7500,0.6,0.4,0.8
2025-08-14,2025-08-14 11:21:26.200,MO2508-C-7500,0.6,0.4,0.8
2025-08-14,2025-08-14 11:21:26.700,MO2508-C-7500,0.6,0.4,0.8
2025-08-14,2025-08-14 11:21:28.200,MO2508-C-7500,0.6,0.4,0.8
2025-08-14,2025-08-14 11:21:35.200,MO2508-C-7500,0.6,0.4,0.6
2025-08-14,2025-08-14 11:21:35.700,MO2508-C-7500,0.6,0.4,0.6
2025-08-14,2025-08-14 11:21:36.200,MO2508-C-7500,0.6,0.4,0.6
2025-08-14,2025-08-14 11:21:36.700,MO2508-C-7500,0.6,0.4,0.6
2025-08-14,2025-08-14 11:21:46.200,MO2508-C-7500,0.6,0.6,0.8
2025-08-14,2025-08-14 11:21:46.700,MO2508-C-7500,0.6,0.6,0.8
2025-08-14,2025-08-14 11:21:47.700,MO2508-C-7500,0.6,0.6,0.8
2025-08-14,2025-08-14 11:21:48.200,MO2508-C-7500,0.6,0.6,0.8
2025-08-14,2025-08-14 11:21:56.200,MO2508-C-7500,0.6,0.6,0.8
2025-08-14,2025-08-14 11:21:56.700,MO2508-C-7500,0.6,0.6,0.8
2025-08-14,2025-08-14 11:21:57.200,MO2508-C-7500,0.6,0.6,0.8
2025-08-14,2025-08-14 11:21:57.700,MO2508-C-7500,0.6,0.6,0.8
2025-08-14,2025-08-14 11:21:59.700,MO2508-C-7500,0.6,0.6,0.8
2025-08-14,2025-08-14 11:22:00.200,MO2508-C-7500,0.6,0.6,0.8
2025-08-14,2025-08-14 11:22:06.200,MO2508-C-7500,0.6,0.6,0.8
2025-08-14,2025-08-14 11:22:06.700,MO2508-C-7500,0.6,0.6,0.8
2025-08-14,2025-08-14 11:22:08.700,MO2508-C-7500,0.6,0.4,0.6
2025-08-14,2025-08-14 11:22:09.200,MO2508-C-7500,0.6,0.4,0.8
2025-08-14,2025-08-14 11:22:09.700,MO2508-C-7500,0.6,0.4,0.8
2025-08-14,2025-08-14 11:22:13.700,MO2508-C-7500,0.6,0.4,0.8
2025-08-14,2025-08-14 11:22:16.200,MO2508-C-7500,0.6,0.4,0.8
2025-08-14,2025-08-14 11:22:16.700,MO2508-C-7500,0.6,0.4,0.8
2025-08-14,2025-08-14 11:22:20.200,MO2508-C-7500,0.6,0.4,0.8
2025-08-14,2025-08-14 11:22:20.700,MO2508-C-7500,0.6,0.4,0.8
2025-08-14,2025-08-14 11:22:26.200,MO2508-C-7500,0.6,0.4,0.8
2025-08-14,2025-08-14 11:22:26.700,MO2508-C-7500,0.6,0.4,0.8
2025-08-14,2025-08-14 11:22:36.200,MO2508-C-7500,0.6,0.4,0.8
2025-08-14,2025-08-14 11:22:36.700,MO2508-C-7500,0.6,0.4,0.8
2025-08-14,2025-08-14 11:22:43.200,MO2508-C-7500,0.6,0.4,0.8
2025-08-14,2025-08-14 11:22:46.200,MO2508-C-7500,0.6,0.4,0.8
2025-08-14,2025-08-14 11:22:46.700,MO2508-C-7500,0.6,0.4,0.8
2025-08-14,2025-08-14 11:22:55.200,MO2508-C-7500,0.6,0.4,0.8
2025-08-14,2025-08-14 11:22:55.700,MO2508-C-7500,0.6,0.4,0.8
2025-08-14,2025-08-14 11:22:56.200,MO2508-C-7500,0.6,0.4,0.8
2025-08-14,2025-08-14 11:22:56.700,MO2508-C-7500,0.6,0.4,0.8
2025-08-14,2025-08-14 11:22:59.700,MO2508-C-7500,0.6,0.4,0.8
2025-08-14,2025-08-14 11:23:00.700,MO2508-C-7500,0.6,0.4,0.8
2025-08-14,2025-08-14 11:23:02.700,MO2508-C-7500,0.6,0.4,0.8
2025-08-14,2025-08-14 11:23:03.200,MO2508-C-7500,0.6,0.4,0.8
2025-08-14,2025-08-14 11:23:06.200,MO2508-C-7500,0.6,0.4,0.8
2025-08-14,2025-08-14 11:23:06.700,MO2508-C-7500,0.6,0.4,0.8
2025-08-14,2025-08-14 11:23:15.200,MO2508-C-7500,0.6,0.4,0.6
2025-08-14,2025-08-14 11:23:15.700,MO2508-C-7500,0.6,0.4,0.6
2025-08-14,2025-08-14 11:23:16.200,MO2508-C-7500,0.6,0.4,0.6
2025-08-14,2025-08-14 11:23:16.700,MO2508-C-7500,0.6,0.4,0.6
2025-08-14,2025-08-14 11:23:17.700,MO2508-C-7500,0.6,0.4,0.6
2025-08-14,2025-08-14 11:23:18.200,MO2508-C-7500,0.6,0.4,0.6
2025-08-14,2025-08-14 11:23:25.700,MO2508-C-7500,0.6,0.4,0.6
2025-08-14,2025-08-14 11:23:26.200,MO2508-C-7500,0.6,0.4,0.6
2025-08-14,2025-08-14 11:23:26.700,MO2508-C-7500,0.6,0.4,0.6
2025-08-14,2025-08-14 11:23:36.200,MO2508-C-7500,0.6,0.4,0.6
2025-08-14,2025-08-14 11:23:36.700,MO2508-C-7500,0.6,0.4,0.6
2025-08-14,2025-08-14 11:23:46.200,MO2508-C-7500,0.6,0.4,0.6
2025-08-14,2025-08-14 11:23:46.700,MO2508-C-7500,0.6,0.4,0.6
2025-08-14,2025-08-14 11:23:56.200,MO2508-C-7500,0.6,0.4,0.6
2025-08-14,2025-08-14 11:23:56.700,MO2508-C-7500,0.6,0.4,0.6
2025-08-14,2025-08-14 11:23:59.700,MO2508-C-7500,0.6,0.4,0.6
2025-08-14,2025-08-14 11:24:06.200,MO2508-C-7500,0.6,0.4,0.6
2025-08-14,2025-08-14 11:24:06.700,MO2508-C-7500,0.6,0.4,0.6
2025-08-14,2025-08-14 11:24:16.200,MO2508-C-7500,0.6,0.4,0.6
2025-08-14,2025-08-14 11:24:16.700,MO2508-C-7500,0.6,0.4,0.6
2025-08-14,2025-08-14 11:24:26.200,MO2508-C-7500,0.6,0.4,0.6
2025-08-14,2025-08-14 11:24:26.700,MO2508-C-7500,0.6,0.4,0.6
2025-08-14,2025-08-14 11:24:27.700,MO2508-C-7500,0.6,0.4,0.6
2025-08-14,2025-08-14 11:24:36.200,MO2508-C-7500,0.6,0.4,0.6
2025-08-14,2025-08-14 11:24:36.700,MO2508-C-7500,0.6,0.4,0.6
2025-08-14,2025-08-14 11:24:46.200,MO2508-C-7500,0.6,0.4,0.6
2025-08-14,2025-08-14 11:24:46.700,MO2508-C-7500,0.6,0.4,0.6
2025-08-14,2025-08-14 11:24:56.200,MO2508-C-7500,0.6,0.4,0.6
2025-08-14,2025-08-14 11:24:56.700,MO2508-C-7500,0.6,0.4,0.6
2025-08-14,2025-08-14 11:25:01.700,MO2508-C-7500,0.6,0.4,0.6
2025-08-14,2025-08-14 11:25:06.200,MO2508-C-7500,0.6,0.4,0.6
2025-08-14,2025-08-14 11:25:16.200,MO2508-C-7500,0.6,0.4,0.6
2025-08-14,2025-08-14 11:25:16.700,MO2508-C-7500,0.6,0.4,0.6
2025-08-14,2025-08-14 11:25:26.200,MO2508-C-7500,0.6,0.4,0.6
2025-08-14,2025-08-14 11:25:26.700,MO2508-C-7500,0.6,0.4,0.6
2025-08-14,2025-08-14 11:25:36.200,MO2508-C-7500,0.6,0.4,0.6
2025-08-14,2025-08-14 11:25:36.700,MO2508-C-7500,0.6,0.4,0.6
2025-08-14,2025-08-14 11:25:46.200,MO2508-C-7500,0.6,0.4,0.6
2025-08-14,2025-08-14 11:25:46.700,MO2508-C-7500,0.6,0.4,0.6
2025-08-14,2025-08-14 11:25:56.200,MO2508-C-7500,0.6,0.4,0.6
2025-08-14,2025-08-14 11:25:56.700,MO2508-C-7500,0.6,0.4,0.6
2025-08-14,2025-08-14 11:26:06.200,MO2508-C-7500,0.6,0.4,0.6
2025-08-14,2025-08-14 11:26:06.700,MO2508-C-7500,0.6,0.4,0.6
2025-08-14,2025-08-14 11:26:14.200,MO2508-C-7500,0.6,0.4,0.6
2025-08-14,2025-08-14 11:26:14.700,MO2508-C-7500,0.6,0.4,0.6
2025-08-14,2025-08-14 11:26:16.200,MO2508-C-7500,0.6,0.4,0.6
2025-08-14,2025-08-14 11:26:16.700,MO2508-C-7500,0.6,0.4,0.6
2025-08-14,2025-08-14 11:26:23.200,MO2508-C-7500,0.6,0.4,0.6
2025-08-14,2025-08-14 11:26:26.200,MO2508-C-7500,0.6,0.4,0.6
2025-08-14,2025-08-14 11:26:26.700,MO2508-C-7500,0.6,0.4,0.6
2025-08-14,2025-08-14 11:26:27.200,MO2508-C-7500,0.6,0.4,0.6
2025-08-14,2025-08-14 11:26:27.700,MO2508-C-7500,0.6,0.4,0.6
2025-08-14,2025-08-14 11:26:32.200,MO2508-C-7500,0.6,0.4,0.6
2025-08-14,2025-08-14 11:26:33.200,MO2508-C-7500,0.6,0.4,0.6
2025-08-14,2025-08-14 11:26:36.200,MO2508-C-7500,0.6,0.4,0.6
2025-08-14,2025-08-14 11:26:36.700,MO2508-C-7500,0.6,0.4,0.6
2025-08-14,2025-08-14 11:26:46.200,MO2508-C-7500,0.6,0.4,0.6
2025-08-14,2025-08-14 11:26:46.700,MO2508-C-7500,0.6,0.4,0.6
2025-08-14,2025-08-14 11:26:49.700,MO2508-C-7500,0.6,0.4,0.6
2025-08-14,2025-08-14 11:26:50.200,MO2508-C-7500,0.6,0.4,0.6
2025-08-14,2025-08-14 11:26:53.700,MO2508-C-7500,0.6,0.4,0.6
2025-08-14,2025-08-14 11:26:54.700,MO2508-C-7500,0.6,0.4,0.6
2025-08-14,2025-08-14 11:26:55.200,MO2508-C-7500,0.6,0.4,0.6
2025-08-14,2025-08-14 11:26:55.700,MO2508-C-7500,0.6,0.4,0.6
2025-08-14,2025-08-14 11:26:56.200,MO2508-C-7500,0.6,0.4,0.6
2025-08-14,2025-08-14 11:26:56.700,MO2508-C-7500,0.6,0.4,0.6
2025-08-14,2025-08-14 11:26:57.200,MO2508-C-7500,0.6,0.4,0.6
2025-08-14,2025-08-14 11:26:57.700,MO2508-C-7500,0.6,0.4,0.6
2025-08-14,2025-08-14 11:27:06.200,MO2508-C-7500,0.6,0.4,0.6
2025-08-14,2025-08-14 11:27:06.700,MO2508-C-7500,0.6,0.4,0.6
2025-08-14,2025-08-14 11:27:07.200,MO2508-C-7500,0.6,0.4,0.6
2025-08-14,2025-08-14 11:27:07.700,MO2508-C-7500,0.6,0.4,0.6
2025-08-14,2025-08-14 11:27:12.200,MO2508-C-7500,0.6,0.4,0.6
2025-08-14,2025-08-14 11:27:13.700,MO2508-C-7500,0.6,0.4,0.6
2025-08-14,2025-08-14 11:27:14.200,MO2508-C-7500,0.6,0.4,0.6
2025-08-14,2025-08-14 11:27:16.200,MO2508-C-7500,0.6,0.4,0.6
2025-08-14,2025-08-14 11:27:16.700,MO2508-C-7500,0.6,0.4,0.6
2025-08-14,2025-08-14 11:27:17.200,MO2508-C-7500,0.6,0.4,0.6
2025-08-14,2025-08-14 11:27:23.200,MO2508-C-7500,0.6,0.4,0.6
2025-08-14,2025-08-14 11:27:26.200,MO2508-C-7500,0.6,0.4,0.6
2025-08-14,2025-08-14 11:27:26.700,MO2508-C-7500,0.6,0.4,0.6
2025-08-14,2025-08-14 11:27:36.200,MO2508-C-7500,0.6,0.4,0.6
2025-08-14,2025-08-14 11:27:36.700,MO2508-C-7500,0.6,0.4,0.6
2025-08-14,2025-08-14 11:27:43.200,MO2508-C-7500,0.6,0.4,0.6
2025-08-14,2025-08-14 11:27:45.700,MO2508-C-7500,0.6,0.4,0.6
2025-08-14,2025-08-14 11:27:46.200,MO2508-C-7500,0.6,0.4,0.6
2025-08-14,2025-08-14 11:27:46.700,MO2508-C-7500,0.6,0.4,0.6
2025-08-14,2025-08-14 11:27:52.200,MO2508-C-7500,0.6,0.4,0.6
2025-08-14,2025-08-14 11:27:54.700,MO2508-C-7500,0.4,0.4,0.6
2025-08-14,2025-08-14 11:27:55.200,MO2508-C-7500,0.4,0.4,0.6
2025-08-14,2025-08-14 11:27:56.200,MO2508-C-7500,0.4,0.4,0.6
2025-08-14,2025-08-14 11:27:56.700,MO2508-C-7500,0.4,0.4,0.6
2025-08-14,2025-08-14 11:27:57.200,MO2508-C-7500,0.4,0.4,0.6
2025-08-14,2025-08-14 11:28:04.200,MO2508-C-7500,0.4,0.4,0.6
2025-08-14,2025-08-14 11:28:04.700,MO2508-C-7500,0.4,0.4,0.6
2025-08-14,2025-08-14 11:28:05.200,MO2508-C-7500,0.4,0.4,0.6
2025-08-14,2025-08-14 11:28:06.200,MO2508-C-7500,0.4,0.4,0.6
2025-08-14,2025-08-14 11:28:06.700,MO2508-C-7500,0.4,0.4,0.6
2025-08-14,2025-08-14 11:28:10.700,MO2508-C-7500,0.4,0.4,0.6
2025-08-14,2025-08-14 11:28:11.200,MO2508-C-7500,0.4,0.4,0.6
2025-08-14,2025-08-14 11:28:16.200,MO2508-C-7500,0.4,0.4,0.6
2025-08-14,2025-08-14 11:28:16.700,MO2508-C-7500,0.4,0.4,0.6
2025-08-14,2025-08-14 11:28:26.200,MO2508-C-7500,0.4,0.4,0.6
2025-08-14,2025-08-14 11:28:26.700,MO2508-C-7500,0.4,0.4,0.6
2025-08-14,2025-08-14 11:28:30.200,MO2508-C-7500,0.4,0.4,0.6
2025-08-14,2025-08-14 11:28:30.700,MO2508-C-7500,0.4,0.2,0.6
2025-08-14,2025-08-14 11:28:31.700,MO2508-C-7500,0.4,0.2,0.6
2025-08-14,2025-08-14 11:28:32.700,MO2508-C-7500,0.4,0.2,0.6
2025-08-14,2025-08-14 11:28:34.200,MO2508-C-7500,0.4,0.2,0.6
2025-08-14,2025-08-14 11:28:34.700,MO2508-C-7500,0.4,0.2,0.6
2025-08-14,2025-08-14 11:28:35.200,MO2508-C-7500,0.4,0.2,0.6
2025-08-14,2025-08-14 11:28:35.700,MO2508-C-7500,0.4,0.2,0.6
2025-08-14,2025-08-14 11:28:36.200,MO2508-C-7500,0.4,0.2,0.6
2025-08-14,2025-08-14 11:28:36.700,MO2508-C-7500,0.4,0.2,0.6
2025-08-14,2025-08-14 11:28:38.200,MO2508-C-7500,0.4,0.2,0.6
2025-08-14,2025-08-14 11:28:39.700,MO2508-C-7500,0.4,0.2,0.6
2025-08-14,2025-08-14 11:28:40.700,MO2508-C-7500,0.4,0.2,0.6
2025-08-14,2025-08-14 11:28:41.200,MO2508-C-7500,0.4,0.2,0.6
2025-08-14,2025-08-14 11:28:41.700,MO2508-C-7500,0.4,0.2,0.6
2025-08-14,2025-08-14 11:28:43.200,MO2508-C-7500,0.4,0.2,0.6
2025-08-14,2025-08-14 11:28:43.700,MO2508-C-7500,0.4,0.2,0.6
2025-08-14,2025-08-14 11:28:44.200,MO2508-C-7500,0.4,0.2,0.6
2025-08-14,2025-08-14 11:28:44.700,MO2508-C-7500,0.4,0.2,0.6
2025-08-14,2025-08-14 11:28:46.200,MO2508-C-7500,0.4,0.2,0.6
2025-08-14,2025-08-14 11:28:46.700,MO2508-C-7500,0.4,0.2,0.6
2025-08-14,2025-08-14 11:28:47.700,MO2508-C-7500,0.4,0.2,0.6
2025-08-14,2025-08-14 11:28:48.200,MO2508-C-7500,0.4,0.2,0.6
2025-08-14,2025-08-14 11:28:50.200,MO2508-C-7500,0.4,0.2,0.6
2025-08-14,2025-08-14 11:28:50.700,MO2508-C-7500,0.4,0.2,0.6
2025-08-14,2025-08-14 11:28:51.200,MO2508-C-7500,0.4,0.2,0.6
2025-08-14,2025-08-14 11:28:52.200,MO2508-C-7500,0.4,0.2,0.6
2025-08-14,2025-08-14 11:28:52.700,MO2508-C-7500,0.4,0.2,0.6
2025-08-14,2025-08-14 11:28:53.200,MO2508-C-7500,0.4,0.2,0.6
2025-08-14,2025-08-14 11:28:54.200,MO2508-C-7500,0.4,0.2,0.6
2025-08-14,2025-08-14 11:28:54.700,MO2508-C-7500,0.4,0.2,0.6
2025-08-14,2025-08-14 11:28:55.200,MO2508-C-7500,0.4,0.2,0.6
2025-08-14,2025-08-14 11:28:55.700,MO2508-C-7500,0.4,0.2,0.6
2025-08-14,2025-08-14 11:28:56.200,MO2508-C-7500,0.4,0.2,0.6
2025-08-14,2025-08-14 11:28:56.700,MO2508-C-7500,0.4,0.2,0.6
2025-08-14,2025-08-14 11:28:59.200,MO2508-C-7500,0.4,0.2,0.6
2025-08-14,2025-08-14 11:29:00.200,MO2508-C-7500,0.4,0.2,0.6
2025-08-14,2025-08-14 11:29:02.200,MO2508-C-7500,0.4,0.2,0.6
2025-08-14,2025-08-14 11:29:02.700,MO2508-C-7500,0.4,0.2,0.6
2025-08-14,2025-08-14 11:29:03.700,MO2508-C-7500,0.4,0.2,0.6
2025-08-14,2025-08-14 11:29:04.200,MO2508-C-7500,0.4,0.2,0.6
2025-08-14,2025-08-14 11:29:06.200,MO2508-C-7500,0.4,0.2,0.6
2025-08-14,2025-08-14 11:29:06.700,MO2508-C-7500,0.4,0.2,0.6
2025-08-14,2025-08-14 11:29:08.200,MO2508-C-7500,0.4,0.2,0.6
2025-08-14,2025-08-14 11:29:08.700,MO2508-C-7500,0.4,0.2,0.6
2025-08-14,2025-08-14 11:29:09.700,MO2508-C-7500,0.4,0.2,0.6
2025-08-14,2025-08-14 11:29:10.200,MO2508-C-7500,0.4,0.2,0.6
2025-08-14,2025-08-14 11:29:10.700,MO2508-C-7500,0.4,0.2,0.6
2025-08-14,2025-08-14 11:29:13.700,MO2508-C-7500,0.4,0.2,0.6
2025-08-14,2025-08-14 11:29:16.200,MO2508-C-7500,0.4,0.2,0.6
2025-08-14,2025-08-14 11:29:16.700,MO2508-C-7500,0.4,0.2,0.6
2025-08-14,2025-08-14 11:29:17.200,MO2508-C-7500,0.4,0.2,0.6
2025-08-14,2025-08-14 11:29:17.700,MO2508-C-7500,0.4,0.2,0.6
2025-08-14,2025-08-14 11:29:18.700,MO2508-C-7500,0.4,0.2,0.6
2025-08-14,2025-08-14 11:29:19.700,MO2508-C-7500,0.4,0.2,0.6
2025-08-14,2025-08-14 11:29:20.200,MO2508-C-7500,0.4,0.2,0.6
2025-08-14,2025-08-14 11:29:20.700,MO2508-C-7500,0.4,0.2,0.6
2025-08-14,2025-08-14 11:29:21.200,MO2508-C-7500,0.4,0.2,0.6
2025-08-14,2025-08-14 11:29:21.700,MO2508-C-7500,0.4,0.2,0.6
2025-08-14,2025-08-14 11:29:22.700,MO2508-C-7500,0.4,0.2,0.6
2025-08-14,2025-08-14 11:29:23.200,MO2508-C-7500,0.4,0.2,0.6
2025-08-14,2025-08-14 11:29:24.200,MO2508-C-7500,0.4,0.2,0.6
2025-08-14,2025-08-14 11:29:25.200,MO2508-C-7500,0.4,0.2,0.6
2025-08-14,2025-08-14 11:29:25.700,MO2508-C-7500,0.4,0.2,0.6
2025-08-14,2025-08-14 11:29:26.200,MO2508-C-7500,0.4,0.2,0.6
2025-08-14,2025-08-14 11:29:26.700,MO2508-C-7500,0.4,0.2,0.6
2025-08-14,2025-08-14 11:29:28.200,MO2508-C-7500,0.4,0.2,0.6
2025-08-14,2025-08-14 11:29:30.200,MO2508-C-7500,0.4,0.2,0.6
2025-08-14,2025-08-14 11:29:30.700,MO2508-C-7500,0.4,0.2,0.6
2025-08-14,2025-08-14 11:29:31.200,MO2508-C-7500,0.4,0.2,0.6
2025-08-14,2025-08-14 11:29:31.700,MO2508-C-7500,0.4,0.2,0.6
2025-08-14,2025-08-14 11:29:32.200,MO2508-C-7500,0.4,0.2,0.6
2025-08-14,2025-08-14 11:29:32.700,MO2508-C-7500,0.4,0.2,0.6
2025-08-14,2025-08-14 11:29:33.700,MO2508-C-7500,0.4,0.2,0.6
2025-08-14,2025-08-14 11:29:34.200,MO2508-C-7500,0.4,0.2,0.6
2025-08-14,2025-08-14 11:29:35.200,MO2508-C-7500,0.4,0.2,0.6
2025-08-14,2025-08-14 11:29:35.700,MO2508-C-7500,0.4,0.2,0.6
2025-08-14,2025-08-14 11:29:36.200,MO2508-C-7500,0.4,0.2,0.6
2025-08-14,2025-08-14 11:29:36.700,MO2508-C-7500,0.4,0.2,0.6
2025-08-14,2025-08-14 11:29:41.200,MO2508-C-7500,0.4,0.2,0.6
2025-08-14,2025-08-14 11:29:41.700,MO2508-C-7500,0.4,0.2,0.6
2025-08-14,2025-08-14 11:29:42.700,MO2508-C-7500,0.4,0.2,0.6
2025-08-14,2025-08-14 11:29:45.700,MO2508-C-7500,0.4,0.2,0.6
2025-08-14,2025-08-14 11:29:46.200,MO2508-C-7500,0.4,0.2,0.6
2025-08-14,2025-08-14 11:29:46.700,MO2508-C-7500,0.4,0.2,0.6
2025-08-14,2025-08-14 11:29:47.700,MO2508-C-7500,0.4,0.2,0.6
2025-08-14,2025-08-14 11:29:48.200,MO2508-C-7500,0.4,0.2,0.6
2025-08-14,2025-08-14 11:29:48.700,MO2508-C-7500,0.4,0.2,0.6
2025-08-14,2025-08-14 11:29:49.700,MO2508-C-7500,0.4,0.2,0.6
2025-08-14,2025-08-14 11:29:50.200,MO2508-C-7500,0.4,0.2,0.6
2025-08-14,2025-08-14 11:29:50.700,MO2508-C-7500,0.4,0.2,0.6
2025-08-14,2025-08-14 11:29:51.200,MO2508-C-7500,0.4,0.2,0.6
2025-08-14,2025-08-14 11:29:52.700,MO2508-C-7500,0.4,0.2,0.6
2025-08-14,2025-08-14 11:29:55.700,MO2508-C-7500,0.4,0.2,0.6
2025-08-14,2025-08-14 11:29:59.700,MO2508-C-7500,0.4,0.2,0.6
2025-08-14,2025-08-14 11:30:00.200,MO2508-C-7500,0.4,0.2,0.6
2025-08-14,2025-08-14 13:00:00.200,MO2508-C-7500,0.4,0.2,0.6
2025-08-14,2025-08-14 13:00:00.700,MO2508-C-7500,0.4,0.2,0.6
2025-08-14,2025-08-14 13:00:01.200,MO2508-C-7500,0.4,0.2,0.6
2025-08-14,2025-08-14 13:00:09.700,MO2508-C-7500,0.4,0.2,0.6
2025-08-14,2025-08-14 13:00:10.200,MO2508-C-7500,0.4,0.2,0.6
2025-08-14,2025-08-14 13:00:10.700,MO2508-C-7500,0.4,0.2,0.6
2025-08-14,2025-08-14 13:00:11.200,MO2508-C-7500,0.4,0.2,0.6
2025-08-14,2025-08-14 13:00:11.700,MO2508-C-7500,0.4,0.2,0.6
2025-08-14,2025-08-14 13:00:12.200,MO2508-C-7500,0.4,0.2,0.6
2025-08-14,2025-08-14 13:00:12.700,MO2508-C-7500,0.4,0.4,0.6
2025-08-14,2025-08-14 13:00:13.200,MO2508-C-7500,0.4,0.4,0.6
2025-08-14,2025-08-14 13:00:13.700,MO2508-C-7500,0.4,0.4,0.6
2025-08-14,2025-08-14 13:00:14.200,MO2508-C-7500,0.4,0.4,0.6
2025-08-14,2025-08-14 13:00:15.700,MO2508-C-7500,0.4,0.4,0.6
2025-08-14,2025-08-14 13:00:16.200,MO2508-C-7500,0.4,0.4,0.6
2025-08-14,2025-08-14 13:00:16.700,MO2508-C-7500,0.4,0.4,0.6
2025-08-14,2025-08-14 13:00:18.700,MO2508-C-7500,0.4,0.4,0.6
2025-08-14,2025-08-14 13:00:19.200,MO2508-C-7500,0.4,0.4,0.6
2025-08-14,2025-08-14 13:00:19.700,MO2508-C-7500,0.4,0.2,0.6
2025-08-14,2025-08-14 13:00:20.200,MO2508-C-7500,0.4,0.2,0.6
2025-08-14,2025-08-14 13:00:20.700,MO2508-C-7500,0.4,0.2,0.6
2025-08-14,2025-08-14 13:00:21.200,MO2508-C-7500,0.4,0.2,0.6
2025-08-14,2025-08-14 13:00:23.200,MO2508-C-7500,0.4,0.2,0.6
2025-08-14,2025-08-14 13:00:23.700,MO2508-C-7500,0.4,0.2,0.6
2025-08-14,2025-08-14 13:00:25.200,MO2508-C-7500,0.4,0.2,0.6
2025-08-14,2025-08-14 13:00:25.700,MO2508-C-7500,0.4,0.2,0.6
2025-08-14,2025-08-14 13:00:27.200,MO2508-C-7500,0.4,0.2,0.6
2025-08-14,2025-08-14 13:00:27.700,MO2508-C-7500,0.4,0.2,0.6
2025-08-14,2025-08-14 13:00:32.200,MO2508-C-7500,0.4,0.2,0.6
2025-08-14,2025-08-14 13:00:32.700,MO2508-C-7500,0.4,0.2,0.6
2025-08-14,2025-08-14 13:00:35.700,MO2508-C-7500,0.4,0.2,0.6
2025-08-14,2025-08-14 13:00:36.200,MO2508-C-7500,0.4,0.2,0.6
2025-08-14,2025-08-14 13:00:42.200,MO2508-C-7500,0.4,0.2,0.6
2025-08-14,2025-08-14 13:00:48.700,MO2508-C-7500,0.4,0.4,0.6
2025-08-14,2025-08-14 13:00:49.200,MO2508-C-7500,0.4,0.4,0.6
2025-08-14,2025-08-14 13:00:49.700,MO2508-C-7500,0.4,0.4,0.6
2025-08-14,2025-08-14 13:00:51.700,MO2508-C-7500,0.4,0.4,0.6
2025-08-14,2025-08-14 13:00:52.200,MO2508-C-7500,0.4,0.4,0.6
2025-08-14,2025-08-14 13:00:55.200,MO2508-C-7500,0.4,0.4,0.6
2025-08-14,2025-08-14 13:01:01.700,MO2508-C-7500,0.4,0.4,0.6
2025-08-14,2025-08-14 13:01:02.200,MO2508-C-7500,0.4,0.2,0.6
2025-08-14,2025-08-14 13:01:04.200,MO2508-C-7500,0.4,0.2,0.6
2025-08-14,2025-08-14 13:01:04.700,MO2508-C-7500,0.4,0.2,0.6
2025-08-14,2025-08-14 13:01:05.200,MO2508-C-7500,0.4,0.2,0.6
2025-08-14,2025-08-14 13:01:06.200,MO2508-C-7500,0.4,0.2,0.6
2025-08-14,2025-08-14 13:01:07.200,MO2508-C-7500,0.4,0.2,0.6
2025-08-14,2025-08-14 13:01:07.700,MO2508-C-7500,0.4,0.2,0.6
2025-08-14,2025-08-14 13:01:08.200,MO2508-C-7500,0.4,0.2,0.6
2025-08-14,2025-08-14 13:01:08.700,MO2508-C-7500,0.4,0.2,0.6
2025-08-14,2025-08-14 13:01:09.200,MO2508-C-7500,0.4,0.2,0.6
2025-08-14,2025-08-14 13:01:09.700,MO2508-C-7500,0.4,0.2,0.6
2025-08-14,2025-08-14 13:01:10.200,MO2508-C-7500,0.4,0.2,0.6
2025-08-14,2025-08-14 13:01:10.700,MO2508-C-7500,0.4,0.2,0.6
2025-08-14,2025-08-14 13:01:11.700,MO2508-C-7500,0.4,0.2,0.6
2025-08-14,2025-08-14 13:01:12.700,MO2508-C-7500,0.4,0.2,0.6
2025-08-14,2025-08-14 13:01:13.200,MO2508-C-7500,0.4,0.2,0.6
2025-08-14,2025-08-14 13:01:14.200,MO2508-C-7500,0.4,0.2,0.6
2025-08-14,2025-08-14 13:01:15.200,MO2508-C-7500,0.4,0.2,0.6
2025-08-14,2025-08-14 13:01:15.700,MO2508-C-7500,0.4,0.2,0.6
2025-08-14,2025-08-14 13:01:16.200,MO2508-C-7500,0.4,0.2,0.6
2025-08-14,2025-08-14 13:01:16.700,MO2508-C-7500,0.4,0.2,0.6
2025-08-14,2025-08-14 13:01:17.700,MO2508-C-7500,0.4,0.2,0.6
2025-08-14,2025-08-14 13:01:18.200,MO2508-C-7500,0.4,0.2,0.6
2025-08-14,2025-08-14 13:01:19.700,MO2508-C-7500,0.4,0.2,0.6
2025-08-14,2025-08-14 13:01:20.200,MO2508-C-7500,0.4,0.2,0.6
2025-08-14,2025-08-14 13:01:21.700,MO2508-C-7500,0.4,0.2,0.6
2025-08-14,2025-08-14 13:01:22.200,MO2508-C-7500,0.4,0.2,0.6
2025-08-14,2025-08-14 13:01:23.700,MO2508-C-7500,0.4,0.2,0.6
2025-08-14,2025-08-14 13:01:24.200,MO2508-C-7500,0.4,0.2,0.6
2025-08-14,2025-08-14 13:01:25.200,MO2508-C-7500,0.4,0.2,0.6
2025-08-14,2025-08-14 13:01:26.200,MO2508-C-7500,0.4,0.2,0.6
2025-08-14,2025-08-14 13:01:26.700,MO2508-C-7500,0.4,0.2,0.6
2025-08-14,2025-08-14 13:01:27.200,MO2508-C-7500,0.4,0.2,0.6
2025-08-14,2025-08-14 13:01:29.200,MO2508-C-7500,0.4,0.2,0.6
2025-08-14,2025-08-14 13:01:29.700,MO2508-C-7500,0.4,0.2,0.6
2025-08-14,2025-08-14 13:01:30.700,MO2508-C-7500,0.4,0.2,0.6
2025-08-14,2025-08-14 13:01:31.200,MO2508-C-7500,0.4,0.2,0.6
2025-08-14,2025-08-14 13:01:31.700,MO2508-C-7500,0.4,0.2,0.6
2025-08-14,2025-08-14 13:01:34.200,MO2508-C-7500,0.4,0.2,0.6
2025-08-14,2025-08-14 13:01:35.700,MO2508-C-7500,0.4,0.2,0.6
2025-08-14,2025-08-14 13:01:36.200,MO2508-C-7500,0.4,0.2,0.6
2025-08-14,2025-08-14 13:01:36.700,MO2508-C-7500,0.4,0.2,0.6
2025-08-14,2025-08-14 13:01:37.200,MO2508-C-7500,0.4,0.2,0.6
2025-08-14,2025-08-14 13:01:38.200,MO2508-C-7500,0.4,0.2,0.6
2025-08-14,2025-08-14 13:01:39.200,MO2508-C-7500,0.4,0.2,0.6
2025-08-14,2025-08-14 13:01:39.700,MO2508-C-7500,0.4,0.2,0.6
2025-08-14,2025-08-14 13:01:40.700,MO2508-C-7500,0.4,0.2,0.6
2025-08-14,2025-08-14 13:01:41.200,MO2508-C-7500,0.4,0.2,0.6
2025-08-14,2025-08-14 13:01:42.700,MO2508-C-7500,0.4,0.2,0.6
2025-08-14,2025-08-14 13:01:43.200,MO2508-C-7500,0.4,0.2,0.6
2025-08-14,2025-08-14 13:01:44.700,MO2508-C-7500,0.4,0.2,0.6
2025-08-14,2025-08-14 13:01:45.700,MO2508-C-7500,0.4,0.2,0.6
2025-08-14,2025-08-14 13:01:46.200,MO2508-C-7500,0.4,0.2,0.6
2025-08-14,2025-08-14 13:01:46.700,MO2508-C-7500,0.4,0.2,0.6
2025-08-14,2025-08-14 13:01:47.700,MO2508-C-7500,0.4,0.2,0.6
2025-08-14,2025-08-14 13:01:48.200,MO2508-C-7500,0.4,0.2,0.6
2025-08-14,2025-08-14 13:01:48.700,MO2508-C-7500,0.4,0.2,0.6
2025-08-14,2025-08-14 13:01:49.700,MO2508-C-7500,0.4,0.2,0.6
2025-08-14,2025-08-14 13:01:50.700,MO2508-C-7500,0.4,0.2,0.6
2025-08-14,2025-08-14 13:01:51.200,MO2508-C-7500,0.4,0.2,0.6
2025-08-14,2025-08-14 13:01:51.700,MO2508-C-7500,0.4,0.2,0.6
2025-08-14,2025-08-14 13:01:52.200,MO2508-C-7500,0.4,0.2,0.6
2025-08-14,2025-08-14 13:01:52.700,MO2508-C-7500,0.4,0.2,0.6
2025-08-14,2025-08-14 13:01:55.200,MO2508-C-7500,0.4,0.2,0.6
2025-08-14,2025-08-14 13:01:55.700,MO2508-C-7500,0.4,0.2,0.6
2025-08-14,2025-08-14 13:01:56.200,MO2508-C-7500,0.4,0.2,0.6
2025-08-14,2025-08-14 13:01:56.700,MO2508-C-7500,0.4,0.2,0.6
2025-08-14,2025-08-14 13:01:57.200,MO2508-C-7500,0.4,0.2,0.6
2025-08-14,2025-08-14 13:01:58.200,MO2508-C-7500,0.4,0.2,0.6
2025-08-14,2025-08-14 13:01:58.700,MO2508-C-7500,0.4,0.2,0.6
2025-08-14,2025-08-14 13:01:59.700,MO2508-C-7500,0.4,0.2,0.6
2025-08-14,2025-08-14 13:02:00.700,MO2508-C-7500,0.4,0.2,0.6
2025-08-14,2025-08-14 13:02:01.700,MO2508-C-7500,0.4,0.2,0.6
2025-08-14,2025-08-14 13:02:02.200,MO2508-C-7500,0.4,0.2,0.6
2025-08-14,2025-08-14 13:02:02.700,MO2508-C-7500,0.4,0.2,0.6
2025-08-14,2025-08-14 13:02:03.200,MO2508-C-7500,0.4,0.2,0.6
2025-08-14,2025-08-14 13:02:03.700,MO2508-C-7500,0.4,0.2,0.6
2025-08-14,2025-08-14 13:02:04.700,MO2508-C-7500,0.4,0.2,0.6
2025-08-14,2025-08-14 13:02:05.200,MO2508-C-7500,0.4,0.2,0.6
2025-08-14,2025-08-14 13:02:05.700,MO2508-C-7500,0.4,0.2,0.6
2025-08-14,2025-08-14 13:02:06.200,MO2508-C-7500,0.4,0.2,0.6
2025-08-14,2025-08-14 13:02:06.700,MO2508-C-7500,0.4,0.2,0.6
2025-08-14,2025-08-14 13:02:07.200,MO2508-C-7500,0.4,0.2,0.6
2025-08-14,2025-08-14 13:02:10.200,MO2508-C-7500,0.4,0.2,0.6
2025-08-14,2025-08-14 13:02:10.700,MO2508-C-7500,0.4,0.2,0.6
2025-08-14,2025-08-14 13:02:11.200,MO2508-C-7500,0.4,0.2,0.6
2025-08-14,2025-08-14 13:02:11.700,MO2508-C-7500,0.4,0.2,0.6
2025-08-14,2025-08-14 13:02:12.700,MO2508-C-7500,0.4,0.2,0.6
2025-08-14,2025-08-14 13:02:13.200,MO2508-C-7500,0.4,0.2,0.6
2025-08-14,2025-08-14 13:02:14.200,MO2508-C-7500,0.4,0.2,0.6
2025-08-14,2025-08-14 13:02:15.200,MO2508-C-7500,0.4,0.2,0.6
2025-08-14,2025-08-14 13:02:16.200,MO2508-C-7500,0.4,0.2,0.6
2025-08-14,2025-08-14 13:02:16.700,MO2508-C-7500,0.4,0.2,0.6
2025-08-14,2025-08-14 13:02:17.200,MO2508-C-7500,0.4,0.2,0.6
2025-08-14,2025-08-14 13:02:17.700,MO2508-C-7500,0.4,0.2,0.6
2025-08-14,2025-08-14 13:02:18.200,MO2508-C-7500,0.4,0.2,0.6
2025-08-14,2025-08-14 13:02:19.700,MO2508-C-7500,0.4,0.2,0.6
2025-08-14,2025-08-14 13:02:21.200,MO2508-C-7500,0.4,0.2,0.6
2025-08-14,2025-08-14 13:02:22.200,MO2508-C-7500,0.4,0.2,0.6
2025-08-14,2025-08-14 13:02:23.200,MO2508-C-7500,0.4,0.2,0.6
2025-08-14,2025-08-14 13:02:23.700,MO2508-C-7500,0.4,0.2,0.6
2025-08-14,2025-08-14 13:02:24.200,MO2508-C-7500,0.4,0.2,0.6
2025-08-14,2025-08-14 13:02:25.200,MO2508-C-7500,0.4,0.2,0.6
2025-08-14,2025-08-14 13:02:26.200,MO2508-C-7500,0.4,0.2,0.6
2025-08-14,2025-08-14 13:02:26.700,MO2508-C-7500,0.4,0.2,0.6
2025-08-14,2025-08-14 13:02:27.200,MO2508-C-7500,0.4,0.2,0.6
2025-08-14,2025-08-14 13:02:28.700,MO2508-C-7500,0.4,0.2,0.6
2025-08-14,2025-08-14 13:02:29.200,MO2508-C-7500,0.4,0.2,0.6
2025-08-14,2025-08-14 13:02:30.200,MO2508-C-7500,0.4,0.2,0.6
2025-08-14,2025-08-14 13:02:31.200,MO2508-C-7500,0.4,0.2,0.6
2025-08-14,2025-08-14 13:02:32.700,MO2508-C-7500,0.4,0.2,0.6
2025-08-14,2025-08-14 13:02:33.200,MO2508-C-7500,0.4,0.4,0.6
2025-08-14,2025-08-14 13:02:33.700,MO2508-C-7500,0.4,0.4,0.6
2025-08-14,2025-08-14 13:02:34.200,MO2508-C-7500,0.4,0.4,0.6
2025-08-14,2025-08-14 13:02:36.200,MO2508-C-7500,0.4,0.4,0.6
2025-08-14,2025-08-14 13:02:36.700,MO2508-C-7500,0.4,0.4,0.6
2025-08-14,2025-08-14 13:02:41.200,MO2508-C-7500,0.4,0.4,0.6
2025-08-14,2025-08-14 13:02:41.700,MO2508-C-7500,0.4,0.2,0.6
2025-08-14,2025-08-14 13:02:42.200,MO2508-C-7500,0.4,0.2,0.6
2025-08-14,2025-08-14 13:02:42.700,MO2508-C-7500,0.4,0.2,0.6
2025-08-14,2025-08-14 13:02:43.700,MO2508-C-7500,0.4,0.2,0.6
2025-08-14,2025-08-14 13:02:46.200,MO2508-C-7500,0.4,0.2,0.6
2025-08-14,2025-08-14 13:02:46.700,MO2508-C-7500,0.4,0.2,0.6
2025-08-14,2025-08-14 13:02:48.200,MO2508-C-7500,0.4,0.2,0.6
2025-08-14,2025-08-14 13:02:51.200,MO2508-C-7500,0.4,0.2,0.6
2025-08-14,2025-08-14 13:02:51.700,MO2508-C-7500,0.4,0.2,0.6
2025-08-14,2025-08-14 13:02:54.700,MO2508-C-7500,0.4,0.2,0.6
2025-08-14,2025-08-14 13:02:55.700,MO2508-C-7500,0.4,0.2,0.6
2025-08-14,2025-08-14 13:02:56.200,MO2508-C-7500,0.4,0.2,0.6
2025-08-14,2025-08-14 13:02:56.700,MO2508-C-7500,0.4,0.2,0.6
2025-08-14,2025-08-14 13:02:57.700,MO2508-C-7500,0.4,0.2,0.6
2025-08-14,2025-08-14 13:02:58.200,MO2508-C-7500,0.4,0.2,0.6
2025-08-14,2025-08-14 13:02:59.200,MO2508-C-7500,0.4,0.2,0.6
2025-08-14,2025-08-14 13:03:00.700,MO2508-C-7500,0.4,0.2,0.6
2025-08-14,2025-08-14 13:03:01.200,MO2508-C-7500,0.4,0.2,0.6
2025-08-14,2025-08-14 13:03:01.700,MO2508-C-7500,0.4,0.2,0.6
2025-08-14,2025-08-14 13:03:02.700,MO2508-C-7500,0.4,0.2,0.6
2025-08-14,2025-08-14 13:03:04.700,MO2508-C-7500,0.4,0.2,0.6
2025-08-14,2025-08-14 13:03:05.200,MO2508-C-7500,0.4,0.2,0.6
2025-08-14,2025-08-14 13:03:05.700,MO2508-C-7500,0.4,0.2,0.6
2025-08-14,2025-08-14 13:03:06.200,MO2508-C-7500,0.4,0.2,0.6
2025-08-14,2025-08-14 13:03:06.700,MO2508-C-7500,0.4,0.2,0.6
2025-08-14,2025-08-14 13:03:07.700,MO2508-C-7500,0.4,0.2,0.6
2025-08-14,2025-08-14 13:03:08.200,MO2508-C-7500,0.4,0.2,0.6
2025-08-14,2025-08-14 13:03:09.700,MO2508-C-7500,0.4,0.2,0.6
2025-08-14,2025-08-14 13:03:10.200,MO2508-C-7500,0.4,0.2,0.6
2025-08-14,2025-08-14 13:03:10.700,MO2508-C-7500,0.4,0.2,0.6
2025-08-14,2025-08-14 13:03:11.200,MO2508-C-7500,0.4,0.2,0.6
2025-08-14,2025-08-14 13:03:13.200,MO2508-C-7500,0.4,0.2,0.6
2025-08-14,2025-08-14 13:03:14.200,MO2508-C-7500,0.4,0.2,0.6
2025-08-14,2025-08-14 13:03:14.700,MO2508-C-7500,0.4,0.2,0.6
2025-08-14,2025-08-14 13:03:15.700,MO2508-C-7500,0.4,0.2,0.6
2025-08-14,2025-08-14 13:03:16.200,MO2508-C-7500,0.4,0.2,0.6
2025-08-14,2025-08-14 13:03:16.700,MO2508-C-7500,0.4,0.2,0.6
2025-08-14,2025-08-14 13:03:19.200,MO2508-C-7500,0.4,0.2,0.6
2025-08-14,2025-08-14 13:03:19.700,MO2508-C-7500,0.4,0.2,0.6
2025-08-14,2025-08-14 13:03:20.200,MO2508-C-7500,0.4,0.2,0.6
2025-08-14,2025-08-14 13:03:21.200,MO2508-C-7500,0.4,0.2,0.6
2025-08-14,2025-08-14 13:03:24.200,MO2508-C-7500,0.4,0.2,0.6
2025-08-14,2025-08-14 13:03:25.700,MO2508-C-7500,0.4,0.2,0.6
2025-08-14,2025-08-14 13:03:26.200,MO2508-C-7500,0.4,0.2,0.6
2025-08-14,2025-08-14 13:03:26.700,MO2508-C-7500,0.4,0.2,0.6
2025-08-14,2025-08-14 13:03:27.200,MO2508-C-7500,0.4,0.2,0.6
2025-08-14,2025-08-14 13:03:28.200,MO2508-C-7500,0.4,0.2,0.6
2025-08-14,2025-08-14 13:03:30.200,MO2508-C-7500,0.4,0.2,0.6
2025-08-14,2025-08-14 13:03:30.700,MO2508-C-7500,0.4,0.2,0.6
2025-08-14,2025-08-14 13:03:31.200,MO2508-C-7500,0.4,0.2,0.6
2025-08-14,2025-08-14 13:03:32.700,MO2508-C-7500,0.4,0.2,0.6
2025-08-14,2025-08-14 13:03:33.200,MO2508-C-7500,0.4,0.2,0.6
2025-08-14,2025-08-14 13:03:33.700,MO2508-C-7500,0.4,0.2,0.6
2025-08-14,2025-08-14 13:03:34.200,MO2508-C-7500,0.4,0.2,0.6
2025-08-14,2025-08-14 13:03:34.700,MO2508-C-7500,0.4,0.2,0.6
2025-08-14,2025-08-14 13:03:35.200,MO2508-C-7500,0.4,0.2,0.6
2025-08-14,2025-08-14 13:03:35.700,MO2508-C-7500,0.4,0.2,0.6
2025-08-14,2025-08-14 13:03:36.200,MO2508-C-7500,0.4,0.2,0.6
2025-08-14,2025-08-14 13:03:36.700,MO2508-C-7500,0.4,0.2,0.6
2025-08-14,2025-08-14 13:03:37.200,MO2508-C-7500,0.4,0.2,0.6
2025-08-14,2025-08-14 13:03:39.200,MO2508-C-7500,0.4,0.2,0.6
2025-08-14,2025-08-14 13:03:39.700,MO2508-C-7500,0.4,0.2,0.6
2025-08-14,2025-08-14 13:03:40.200,MO2508-C-7500,0.4,0.2,0.6
2025-08-14,2025-08-14 13:03:41.200,MO2508-C-7500,0.4,0.2,0.6
2025-08-14,2025-08-14 13:03:42.200,MO2508-C-7500,0.4,0.2,0.6
2025-08-14,2025-08-14 13:03:42.700,MO2508-C-7500,0.4,0.2,0.6
2025-08-14,2025-08-14 13:03:43.700,MO2508-C-7500,0.4,0.2,0.6
2025-08-14,2025-08-14 13:03:44.200,MO2508-C-7500,0.4,0.2,0.6
2025-08-14,2025-08-14 13:03:44.700,MO2508-C-7500,0.4,0.2,0.6
2025-08-14,2025-08-14 13:03:46.200,MO2508-C-7500,0.4,0.2,0.6
2025-08-14,2025-08-14 13:03:46.700,MO2508-C-7500,0.4,0.2,0.6
2025-08-14,2025-08-14 13:03:47.700,MO2508-C-7500,0.4,0.2,0.6
2025-08-14,2025-08-14 13:03:48.700,MO2508-C-7500,0.4,0.2,0.6
2025-08-14,2025-08-14 13:03:49.200,MO2508-C-7500,0.4,0.2,0.6
2025-08-14,2025-08-14 13:03:50.200,MO2508-C-7500,0.4,0.2,0.6
2025-08-14,2025-08-14 13:03:51.700,MO2508-C-7500,0.4,0.2,0.6
2025-08-14,2025-08-14 13:03:52.700,MO2508-C-7500,0.4,0.2,0.6
2025-08-14,2025-08-14 13:03:54.200,MO2508-C-7500,0.4,0.2,0.6
2025-08-14,2025-08-14 13:03:54.700,MO2508-C-7500,0.4,0.2,0.6
2025-08-14,2025-08-14 13:03:55.200,MO2508-C-7500,0.4,0.2,0.6
2025-08-14,2025-08-14 13:03:56.200,MO2508-C-7500,0.4,0.2,0.6
2025-08-14,2025-08-14 13:03:56.700,MO2508-C-7500,0.4,0.2,0.6
2025-08-14,2025-08-14 13:03:57.200,MO2508-C-7500,0.4,0.2,0.6
2025-08-14,2025-08-14 13:03:58.200,MO2508-C-7500,0.4,0.2,0.6
2025-08-14,2025-08-14 13:04:01.700,MO2508-C-7500,0.4,0.2,0.6
2025-08-14,2025-08-14 13:04:02.200,MO2508-C-7500,0.4,0.2,0.6
2025-08-14,2025-08-14 13:04:03.700,MO2508-C-7500,0.4,0.2,0.6
2025-08-14,2025-08-14 13:04:04.700,MO2508-C-7500,0.4,0.2,0.6
2025-08-14,2025-08-14 13:04:05.200,MO2508-C-7500,0.4,0.2,0.4
2025-08-14,2025-08-14 13:04:05.700,MO2508-C-7500,0.4,0.2,0.4
2025-08-14,2025-08-14 13:04:06.200,MO2508-C-7500,0.4,0.2,0.4
2025-08-14,2025-08-14 13:04:06.700,MO2508-C-7500,0.4,0.2,0.4
2025-08-14,2025-08-14 13:04:10.700,MO2508-C-7500,0.4,0.2,0.4
2025-08-14,2025-08-14 13:04:16.200,MO2508-C-7500,0.4,0.2,0.4
2025-08-14,2025-08-14 13:04:16.700,MO2508-C-7500,0.4,0.2,0.4
2025-08-14,2025-08-14 13:04:26.200,MO2508-C-7500,0.4,0.2,0.4
2025-08-14,2025-08-14 13:04:26.700,MO2508-C-7500,0.4,0.2,0.4
2025-08-14,2025-08-14 13:04:32.200,MO2508-C-7500,0.4,0.2,0.4
2025-08-14,2025-08-14 13:04:32.700,MO2508-C-7500,0.4,0.2,0.4
2025-08-14,2025-08-14 13:04:36.200,MO2508-C-7500,0.4,0.2,0.4
2025-08-14,2025-08-14 13:04:36.700,MO2508-C-7500,0.4,0.2,0.4
2025-08-14,2025-08-14 13:04:38.200,MO2508-C-7500,0.4,0.2,0.4
2025-08-14,2025-08-14 13:04:42.200,MO2508-C-7500,0.4,0.2,0.4
2025-08-14,2025-08-14 13:04:46.200,MO2508-C-7500,0.4,0.2,0.4
2025-08-14,2025-08-14 13:04:46.700,MO2508-C-7500,0.4,0.2,0.4
2025-08-14,2025-08-14 13:04:47.200,MO2508-C-7500,0.4,0.2,0.4
2025-08-14,2025-08-14 13:04:47.700,MO2508-C-7500,0.4,0.2,0.6
2025-08-14,2025-08-14 13:04:48.200,MO2508-C-7500,0.4,0.2,0.6
2025-08-14,2025-08-14 13:04:48.700,MO2508-C-7500,0.4,0.2,0.6
2025-08-14,2025-08-14 13:04:49.200,MO2508-C-7500,0.4,0.2,0.6
2025-08-14,2025-08-14 13:04:49.700,MO2508-C-7500,0.4,0.2,0.6
2025-08-14,2025-08-14 13:04:50.200,MO2508-C-7500,0.4,0.2,0.6
2025-08-14,2025-08-14 13:04:50.700,MO2508-C-7500,0.4,0.2,0.6
2025-08-14,2025-08-14 13:04:52.200,MO2508-C-7500,0.4,0.2,0.6
2025-08-14,2025-08-14 13:04:54.700,MO2508-C-7500,0.4,0.2,0.6
2025-08-14,2025-08-14 13:04:55.200,MO2508-C-7500,0.4,0.2,0.6
2025-08-14,2025-08-14 13:04:55.700,MO2508-C-7500,0.4,0.2,0.6
2025-08-14,2025-08-14 13:04:56.200,MO2508-C-7500,0.4,0.2,0.6
2025-08-14,2025-08-14 13:04:56.700,MO2508-C-7500,0.4,0.2,0.6
2025-08-14,2025-08-14 13:04:57.200,MO2508-C-7500,0.4,0.2,0.6
2025-08-14,2025-08-14 13:04:57.700,MO2508-C-7500,0.4,0.2,0.6
2025-08-14,2025-08-14 13:04:58.200,MO2508-C-7500,0.4,0.2,0.6
2025-08-14,2025-08-14 13:04:59.200,MO2508-C-7500,0.4,0.2,0.6
2025-08-14,2025-08-14 13:05:00.200,MO2508-C-7500,0.4,0.2,0.6
2025-08-14,2025-08-14 13:05:03.700,MO2508-C-7500,0.4,0.2,0.6
2025-08-14,2025-08-14 13:05:04.200,MO2508-C-7500,0.4,0.2,0.6
2025-08-14,2025-08-14 13:05:04.700,MO2508-C-7500,0.4,0.2,0.6
2025-08-14,2025-08-14 13:05:05.200,MO2508-C-7500,0.4,0.2,0.6
2025-08-14,2025-08-14 13:05:06.200,MO2508-C-7500,0.4,0.2,0.6
2025-08-14,2025-08-14 13:05:06.700,MO2508-C-7500,0.4,0.2,0.6
2025-08-14,2025-08-14 13:05:07.200,MO2508-C-7500,0.4,0.2,0.6
2025-08-14,2025-08-14 13:05:07.700,MO2508-C-7500,0.4,0.2,0.6
2025-08-14,2025-08-14 13:05:08.200,MO2508-C-7500,0.4,0.2,0.6
2025-08-14,2025-08-14 13:05:09.200,MO2508-C-7500,0.4,0.2,0.6
2025-08-14,2025-08-14 13:05:10.700,MO2508-C-7500,0.4,0.2,0.6
2025-08-14,2025-08-14 13:05:11.200,MO2508-C-7500,0.4,0.2,0.6
2025-08-14,2025-08-14 13:05:11.700,MO2508-C-7500,0.4,0.2,0.6
2025-08-14,2025-08-14 13:05:12.700,MO2508-C-7500,0.4,0.2,0.6
2025-08-14,2025-08-14 13:05:13.200,MO2508-C-7500,0.4,0.2,0.6
2025-08-14,2025-08-14 13:05:14.700,MO2508-C-7500,0.4,0.2,0.6
2025-08-14,2025-08-14 13:05:15.200,MO2508-C-7500,0.4,0.2,0.6
2025-08-14,2025-08-14 13:05:15.700,MO2508-C-7500,0.4,0.2,0.6
2025-08-14,2025-08-14 13:05:16.200,MO2508-C-7500,0.4,0.2,0.6
2025-08-14,2025-08-14 13:05:16.700,MO2508-C-7500,0.4,0.2,0.6
2025-08-14,2025-08-14 13:05:20.200,MO2508-C-7500,0.4,0.2,0.6
2025-08-14,2025-08-14 13:05:20.700,MO2508-C-7500,0.4,0.2,0.6
2025-08-14,2025-08-14 13:05:21.700,MO2508-C-7500,0.4,0.2,0.6
2025-08-14,2025-08-14 13:05:23.200,MO2508-C-7500,0.4,0.2,0.6
2025-08-14,2025-08-14 13:05:25.200,MO2508-C-7500,0.4,0.2,0.6
2025-08-14,2025-08-14 13:05:25.700,MO2508-C-7500,0.4,0.2,0.6
2025-08-14,2025-08-14 13:05:26.200,MO2508-C-7500,0.4,0.2,0.6
2025-08-14,2025-08-14 13:05:26.700,MO2508-C-7500,0.4,0.2,0.6
2025-08-14,2025-08-14 13:05:28.200,MO2508-C-7500,0.4,0.2,0.6
2025-08-14,2025-08-14 13:05:28.700,MO2508-C-7500,0.4,0.2,0.6
2025-08-14,2025-08-14 13:05:29.700,MO2508-C-7500,0.4,0.2,0.6
2025-08-14,2025-08-14 13:05:30.200,MO2508-C-7500,0.4,0.2,0.6
2025-08-14,2025-08-14 13:05:31.200,MO2508-C-7500,0.4,0.2,0.6
2025-08-14,2025-08-14 13:05:31.700,MO2508-C-7500,0.4,0.2,0.6
2025-08-14,2025-08-14 13:05:33.200,MO2508-C-7500,0.4,0.2,0.6
2025-08-14,2025-08-14 13:05:34.200,MO2508-C-7500,0.4,0.2,0.6
2025-08-14,2025-08-14 13:05:34.700,MO2508-C-7500,0.4,0.2,0.6
2025-08-14,2025-08-14 13:05:35.200,MO2508-C-7500,0.4,0.2,0.6
2025-08-14,2025-08-14 13:05:36.200,MO2508-C-7500,0.4,0.2,0.6
2025-08-14,2025-08-14 13:05:36.700,MO2508-C-7500,0.4,0.2,0.6
2025-08-14,2025-08-14 13:05:37.200,MO2508-C-7500,0.4,0.2,0.6
2025-08-14,2025-08-14 13:05:37.700,MO2508-C-7500,0.4,0.2,0.6
2025-08-14,2025-08-14 13:05:38.200,MO2508-C-7500,0.4,0.2,0.6
2025-08-14,2025-08-14 13:05:38.700,MO2508-C-7500,0.4,0.2,0.6
2025-08-14,2025-08-14 13:05:39.700,MO2508-C-7500,0.4,0.2,0.6
2025-08-14,2025-08-14 13:05:40.200,MO2508-C-7500,0.4,0.2,0.6
2025-08-14,2025-08-14 13:05:40.700,MO2508-C-7500,0.4,0.2,0.6
2025-08-14,2025-08-14 13:05:41.700,MO2508-C-7500,0.4,0.2,0.6
2025-08-14,2025-08-14 13:05:42.700,MO2508-C-7500,0.4,0.2,0.6
2025-08-14,2025-08-14 13:05:44.200,MO2508-C-7500,0.4,0.2,0.6
2025-08-14,2025-08-14 13:05:44.700,MO2508-C-7500,0.4,0.2,0.6
2025-08-14,2025-08-14 13:05:45.700,MO2508-C-7500,0.4,0.2,0.6
2025-08-14,2025-08-14 13:05:46.200,MO2508-C-7500,0.4,0.2,0.6
2025-08-14,2025-08-14 13:05:46.700,MO2508-C-7500,0.4,0.2,0.6
2025-08-14,2025-08-14 13:05:50.200,MO2508-C-7500,0.4,0.2,0.6
2025-08-14,2025-08-14 13:05:51.700,MO2508-C-7500,0.4,0.2,0.6
2025-08-14,2025-08-14 13:05:52.700,MO2508-C-7500,0.4,0.2,0.6
2025-08-14,2025-08-14 13:05:55.200,MO2508-C-7500,0.4,0.2,0.6
2025-08-14,2025-08-14 13:05:56.200,MO2508-C-7500,0.4,0.2,0.6
2025-08-14,2025-08-14 13:05:56.700,MO2508-C-7500,0.4,0.2,0.6
2025-08-14,2025-08-14 13:05:57.200,MO2508-C-7500,0.4,0.2,0.6
2025-08-14,2025-08-14 13:05:57.700,MO2508-C-7500,0.4,0.2,0.6
2025-08-14,2025-08-14 13:05:58.700,MO2508-C-7500,0.4,0.2,0.6
2025-08-14,2025-08-14 13:05:59.700,MO2508-C-7500,0.4,0.2,0.6
2025-08-14,2025-08-14 13:06:00.200,MO2508-C-7500,0.4,0.2,0.6
2025-08-14,2025-08-14 13:06:00.700,MO2508-C-7500,0.4,0.2,0.6
2025-08-14,2025-08-14 13:06:01.200,MO2508-C-7500,0.4,0.2,0.6
2025-08-14,2025-08-14 13:06:01.700,MO2508-C-7500,0.4,0.2,0.6
2025-08-14,2025-08-14 13:06:02.700,MO2508-C-7500,0.4,0.2,0.6
2025-08-14,2025-08-14 13:06:03.200,MO2508-C-7500,0.4,0.2,0.6
2025-08-14,2025-08-14 13:06:05.700,MO2508-C-7500,0.4,0.2,0.6
2025-08-14,2025-08-14 13:06:06.200,MO2508-C-7500,0.4,0.2,0.6
2025-08-14,2025-08-14 13:06:06.700,MO2508-C-7500,0.4,0.2,0.6
2025-08-14,2025-08-14 13:06:07.200,MO2508-C-7500,0.4,0.2,0.6
2025-08-14,2025-08-14 13:06:07.700,MO2508-C-7500,0.4,0.2,0.6
2025-08-14,2025-08-14 13:06:08.200,MO2508-C-7500,0.4,0.2,0.6
2025-08-14,2025-08-14 13:06:09.700,MO2508-C-7500,0.4,0.2,0.6
2025-08-14,2025-08-14 13:06:10.200,MO2508-C-7500,0.4,0.2,0.6
2025-08-14,2025-08-14 13:06:10.700,MO2508-C-7500,0.4,0.2,0.6
2025-08-14,2025-08-14 13:06:11.200,MO2508-C-7500,0.4,0.2,0.6
2025-08-14,2025-08-14 13:06:11.700,MO2508-C-7500,0.4,0.2,0.6
2025-08-14,2025-08-14 13:06:12.200,MO2508-C-7500,0.4,0.2,0.6
2025-08-14,2025-08-14 13:06:12.700,MO2508-C-7500,0.4,0.2,0.6
2025-08-14,2025-08-14 13:06:13.200,MO2508-C-7500,0.4,0.2,0.6
2025-08-14,2025-08-14 13:06:13.700,MO2508-C-7500,0.4,0.2,0.6
2025-08-14,2025-08-14 13:06:16.200,MO2508-C-7500,0.4,0.2,0.6
2025-08-14,2025-08-14 13:06:16.700,MO2508-C-7500,0.4,0.2,0.6
2025-08-14,2025-08-14 13:06:18.200,MO2508-C-7500,0.4,0.2,0.6
2025-08-14,2025-08-14 13:06:18.700,MO2508-C-7500,0.4,0.2,0.6
2025-08-14,2025-08-14 13:06:19.700,MO2508-C-7500,0.4,0.2,0.6
2025-08-14,2025-08-14 13:06:20.200,MO2508-C-7500,0.4,0.2,0.6
2025-08-14,2025-08-14 13:06:22.200,MO2508-C-7500,0.4,0.2,0.6
2025-08-14,2025-08-14 13:06:22.700,MO2508-C-7500,0.4,0.2,0.6
2025-08-14,2025-08-14 13:06:23.200,MO2508-C-7500,0.4,0.2,0.6
2025-08-14,2025-08-14 13:06:24.200,MO2508-C-7500,0.4,0.2,0.6
2025-08-14,2025-08-14 13:06:25.200,MO2508-C-7500,0.4,0.2,0.6
2025-08-14,2025-08-14 13:06:26.200,MO2508-C-7500,0.4,0.2,0.6
2025-08-14,2025-08-14 13:06:26.700,MO2508-C-7500,0.4,0.2,0.6
2025-08-14,2025-08-14 13:06:27.200,MO2508-C-7500,0.4,0.2,0.6
2025-08-14,2025-08-14 13:06:28.200,MO2508-C-7500,0.4,0.2,0.6
2025-08-14,2025-08-14 13:06:29.700,MO2508-C-7500,0.4,0.2,0.6
2025-08-14,2025-08-14 13:06:31.200,MO2508-C-7500,0.4,0.2,0.6
2025-08-14,2025-08-14 13:06:31.700,MO2508-C-7500,0.4,0.2,0.6
2025-08-14,2025-08-14 13:06:32.700,MO2508-C-7500,0.4,0.2,0.6
2025-08-14,2025-08-14 13:06:35.200,MO2508-C-7500,0.4,0.2,0.6
2025-08-14,2025-08-14 13:06:35.700,MO2508-C-7500,0.4,0.2,0.6
2025-08-14,2025-08-14 13:06:36.200,MO2508-C-7500,0.4,0.2,0.6
2025-08-14,2025-08-14 13:06:36.700,MO2508-C-7500,0.4,0.2,0.6
2025-08-14,2025-08-14 13:06:37.200,MO2508-C-7500,0.4,0.2,0.6
2025-08-14,2025-08-14 13:06:38.200,MO2508-C-7500,0.4,0.2,0.6
2025-08-14,2025-08-14 13:06:39.200,MO2508-C-7500,0.4,0.2,0.6
2025-08-14,2025-08-14 13:06:39.700,MO2508-C-7500,0.4,0.2,0.6
2025-08-14,2025-08-14 13:06:40.200,MO2508-C-7500,0.4,0.2,0.6
2025-08-14,2025-08-14 13:06:41.200,MO2508-C-7500,0.4,0.2,0.6
2025-08-14,2025-08-14 13:06:42.200,MO2508-C-7500,0.4,0.2,0.6
2025-08-14,2025-08-14 13:06:42.700,MO2508-C-7500,0.4,0.2,0.6
2025-08-14,2025-08-14 13:06:43.200,MO2508-C-7500,0.4,0.2,0.6
2025-08-14,2025-08-14 13:06:44.200,MO2508-C-7500,0.4,0.2,0.6
2025-08-14,2025-08-14 13:06:44.700,MO2508-C-7500,0.4,0.2,0.6
2025-08-14,2025-08-14 13:06:45.200,MO2508-C-7500,0.4,0.2,0.6
2025-08-14,2025-08-14 13:06:45.700,MO2508-C-7500,0.4,0.2,0.6
2025-08-14,2025-08-14 13:06:46.200,MO2508-C-7500,0.4,0.2,0.6
2025-08-14,2025-08-14 13:06:46.700,MO2508-C-7500,0.4,0.2,0.6
2025-08-14,2025-08-14 13:06:47.700,MO2508-C-7500,0.4,0.2,0.6
2025-08-14,2025-08-14 13:06:48.200,MO2508-C-7500,0.4,0.2,0.6
2025-08-14,2025-08-14 13:06:49.200,MO2508-C-7500,0.4,0.2,0.6
2025-08-14,2025-08-14 13:06:50.700,MO2508-C-7500,0.4,0.2,0.6
2025-08-14,2025-08-14 13:06:52.200,MO2508-C-7500,0.4,0.2,0.6
2025-08-14,2025-08-14 13:06:53.700,MO2508-C-7500,0.4,0.2,0.6
2025-08-14,2025-08-14 13:06:54.200,MO2508-C-7500,0.4,0.2,0.6
2025-08-14,2025-08-14 13:06:54.700,MO2508-C-7500,0.4,0.2,0.6
2025-08-14,2025-08-14 13:06:55.200,MO2508-C-7500,0.4,0.2,0.6
2025-08-14,2025-08-14 13:06:56.200,MO2508-C-7500,0.4,0.2,0.6
2025-08-14,2025-08-14 13:06:56.700,MO2508-C-7500,0.4,0.2,0.6
2025-08-14,2025-08-14 13:06:57.200,MO2508-C-7500,0.4,0.2,0.6
2025-08-14,2025-08-14 13:06:58.200,MO2508-C-7500,0.4,0.2,0.6
2025-08-14,2025-08-14 13:06:58.700,MO2508-C-7500,0.4,0.2,0.6
2025-08-14,2025-08-14 13:06:59.700,MO2508-C-7500,0.4,0.2,0.6
2025-08-14,2025-08-14 13:07:00.200,MO2508-C-7500,0.4,0.2,0.6
2025-08-14,2025-08-14 13:07:00.700,MO2508-C-7500,0.4,0.2,0.6
2025-08-14,2025-08-14 13:07:02.200,MO2508-C-7500,0.4,0.2,0.6
2025-08-14,2025-08-14 13:07:02.700,MO2508-C-7500,0.4,0.2,0.6
2025-08-14,2025-08-14 13:07:03.200,MO2508-C-7500,0.4,0.2,0.6
2025-08-14,2025-08-14 13:07:03.700,MO2508-C-7500,0.4,0.2,0.6
2025-08-14,2025-08-14 13:07:04.200,MO2508-C-7500,0.4,0.2,0.6
2025-08-14,2025-08-14 13:07:04.700,MO2508-C-7500,0.4,0.2,0.6
2025-08-14,2025-08-14 13:07:05.200,MO2508-C-7500,0.4,0.2,0.6
2025-08-14,2025-08-14 13:07:05.700,MO2508-C-7500,0.4,0.2,0.6
2025-08-14,2025-08-14 13:07:06.200,MO2508-C-7500,0.4,0.2,0.6
2025-08-14,2025-08-14 13:07:06.700,MO2508-C-7500,0.4,0.2,0.6
2025-08-14,2025-08-14 13:07:07.200,MO2508-C-7500,0.4,0.2,0.6
2025-08-14,2025-08-14 13:07:08.700,MO2508-C-7500,0.4,0.2,0.6
2025-08-14,2025-08-14 13:07:09.200,MO2508-C-7500,0.4,0.2,0.6
2025-08-14,2025-08-14 13:07:10.700,MO2508-C-7500,0.4,0.2,0.6
2025-08-14,2025-08-14 13:07:11.200,MO2508-C-7500,0.4,0.2,0.6
2025-08-14,2025-08-14 13:07:11.700,MO2508-C-7500,0.4,0.2,0.6
2025-08-14,2025-08-14 13:07:12.200,MO2508-C-7500,0.4,0.2,0.6
2025-08-14,2025-08-14 13:07:12.700,MO2508-C-7500,0.4,0.2,0.6
2025-08-14,2025-08-14 13:07:14.700,MO2508-C-7500,0.4,0.2,0.6
2025-08-14,2025-08-14 13:07:15.200,MO2508-C-7500,0.4,0.2,0.6
2025-08-14,2025-08-14 13:07:16.200,MO2508-C-7500,0.4,0.2,0.6
2025-08-14,2025-08-14 13:07:16.700,MO2508-C-7500,0.4,0.2,0.6
2025-08-14,2025-08-14 13:07:17.200,MO2508-C-7500,0.4,0.2,0.6
2025-08-14,2025-08-14 13:07:17.700,MO2508-C-7500,0.4,0.2,0.6
2025-08-14,2025-08-14 13:07:18.200,MO2508-C-7500,0.4,0.2,0.6
2025-08-14,2025-08-14 13:07:19.200,MO2508-C-7500,0.4,0.2,0.6
2025-08-14,2025-08-14 13:07:20.700,MO2508-C-7500,0.4,0.2,0.6
2025-08-14,2025-08-14 13:07:21.700,MO2508-C-7500,0.4,0.2,0.6
2025-08-14,2025-08-14 13:07:22.700,MO2508-C-7500,0.4,0.2,0.6
2025-08-14,2025-08-14 13:07:24.700,MO2508-C-7500,0.4,0.2,0.6
2025-08-14,2025-08-14 13:07:26.200,MO2508-C-7500,0.4,0.2,0.6
2025-08-14,2025-08-14 13:07:26.700,MO2508-C-7500,0.4,0.2,0.6
2025-08-14,2025-08-14 13:07:28.200,MO2508-C-7500,0.4,0.2,0.6
2025-08-14,2025-08-14 13:07:29.200,MO2508-C-7500,0.4,0.2,0.6
2025-08-14,2025-08-14 13:07:30.200,MO2508-C-7500,0.4,0.2,0.6
2025-08-14,2025-08-14 13:07:31.700,MO2508-C-7500,0.4,0.2,0.6
2025-08-14,2025-08-14 13:07:32.200,MO2508-C-7500,0.4,0.2,0.6
2025-08-14,2025-08-14 13:07:32.700,MO2508-C-7500,0.4,0.2,0.6
2025-08-14,2025-08-14 13:07:34.200,MO2508-C-7500,0.4,0.2,0.6
2025-08-14,2025-08-14 13:07:34.700,MO2508-C-7500,0.4,0.2,0.6
2025-08-14,2025-08-14 13:07:35.200,MO2508-C-7500,0.4,0.2,0.6
2025-08-14,2025-08-14 13:07:36.200,MO2508-C-7500,0.4,0.2,0.6
2025-08-14,2025-08-14 13:07:36.700,MO2508-C-7500,0.4,0.2,0.6
2025-08-14,2025-08-14 13:07:38.200,MO2508-C-7500,0.4,0.2,0.6
2025-08-14,2025-08-14 13:07:39.200,MO2508-C-7500,0.4,0.2,0.6
2025-08-14,2025-08-14 13:07:39.700,MO2508-C-7500,0.4,0.2,0.6
2025-08-14,2025-08-14 13:07:40.200,MO2508-C-7500,0.4,0.2,0.6
2025-08-14,2025-08-14 13:07:41.200,MO2508-C-7500,0.4,0.2,0.6
2025-08-14,2025-08-14 13:07:44.200,MO2508-C-7500,0.4,0.2,0.6
2025-08-14,2025-08-14 13:07:44.700,MO2508-C-7500,0.4,0.2,0.6
2025-08-14,2025-08-14 13:07:45.700,MO2508-C-7500,0.4,0.2,0.6
2025-08-14,2025-08-14 13:07:46.200,MO2508-C-7500,0.4,0.2,0.4
2025-08-14,2025-08-14 13:07:46.700,MO2508-C-7500,0.4,0.2,0.4
2025-08-14,2025-08-14 13:07:48.200,MO2508-C-7500,0.4,0.2,0.4
2025-08-14,2025-08-14 13:07:48.700,MO2508-C-7500,0.4,0.2,0.4
2025-08-14,2025-08-14 13:07:49.200,MO2508-C-7500,0.4,0.2,0.4
2025-08-14,2025-08-14 13:07:49.700,MO2508-C-7500,0.4,0.2,0.4
2025-08-14,2025-08-14 13:07:56.200,MO2508-C-7500,0.4,0.2,0.4
2025-08-14,2025-08-14 13:07:56.700,MO2508-C-7500,0.4,0.2,0.4
2025-08-14,2025-08-14 13:08:06.200,MO2508-C-7500,0.4,0.2,0.4
2025-08-14,2025-08-14 13:08:06.700,MO2508-C-7500,0.4,0.2,0.4
2025-08-14,2025-08-14 13:08:07.200,MO2508-C-7500,0.4,0.2,0.4
2025-08-14,2025-08-14 13:08:13.700,MO2508-C-7500,0.4,0.2,0.4
2025-08-14,2025-08-14 13:08:14.200,MO2508-C-7500,0.4,0.2,0.4
2025-08-14,2025-08-14 13:08:16.200,MO2508-C-7500,0.4,0.2,0.4
2025-08-14,2025-08-14 13:08:16.700,MO2508-C-7500,0.4,0.2,0.4
2025-08-14,2025-08-14 13:08:18.200,MO2508-C-7500,0.4,0.2,0.4
2025-08-14,2025-08-14 13:08:18.700,MO2508-C-7500,0.2,0.2,0.4
2025-08-14,2025-08-14 13:08:21.200,MO2508-C-7500,0.2,0.2,0.4
2025-08-14,2025-08-14 13:08:21.700,MO2508-C-7500,0.2,0.2,0.4
2025-08-14,2025-08-14 13:08:26.200,MO2508-C-7500,0.2,0.2,0.4
2025-08-14,2025-08-14 13:08:26.700,MO2508-C-7500,0.2,0.2,0.4
2025-08-14,2025-08-14 13:08:30.200,MO2508-C-7500,0.2,0.2,0.4
2025-08-14,2025-08-14 13:08:30.700,MO2508-C-7500,0.2,0.2,0.4
2025-08-14,2025-08-14 13:08:31.200,MO2508-C-7500,0.2,0.2,0.4
2025-08-14,2025-08-14 13:08:31.700,MO2508-C-7500,0.2,0.2,0.4
2025-08-14,2025-08-14 13:08:32.200,MO2508-C-7500,0.2,0.2,0.4
2025-08-14,2025-08-14 13:08:32.700,MO2508-C-7500,0.2,0.2,0.4
2025-08-14,2025-08-14 13:08:36.200,MO2508-C-7500,0.2,0.2,0.4
2025-08-14,2025-08-14 13:08:36.700,MO2508-C-7500,0.2,0.2,0.4
2025-08-14,2025-08-14 13:08:40.200,MO2508-C-7500,0.2,0.2,0.4
2025-08-14,2025-08-14 13:08:40.700,MO2508-C-7500,0.2,0.2,0.4
2025-08-14,2025-08-14 13:08:45.200,MO2508-C-7500,0.2,0.2,0.4
2025-08-14,2025-08-14 13:08:45.700,MO2508-C-7500,0.2,0.2,0.4
2025-08-14,2025-08-14 13:08:46.200,MO2508-C-7500,0.2,0.2,0.4
2025-08-14,2025-08-14 13:08:46.700,MO2508-C-7500,0.2,0.2,0.4
2025-08-14,2025-08-14 13:08:51.700,MO2508-C-7500,0.2,0.2,0.4
2025-08-14,2025-08-14 13:08:52.200,MO2508-C-7500,0.2,0.2,0.4
2025-08-14,2025-08-14 13:08:55.200,MO2508-C-7500,0.2,0.2,0.4
2025-08-14,2025-08-14 13:08:55.700,MO2508-C-7500,0.2,0.2,0.4
2025-08-14,2025-08-14 13:08:56.200,MO2508-C-7500,0.2,0.2,0.4
2025-08-14,2025-08-14 13:08:56.700,MO2508-C-7500,0.2,0.2,0.4
2025-08-14,2025-08-14 13:08:59.700,MO2508-C-7500,0.2,0.2,0.4
2025-08-14,2025-08-14 13:09:00.200,MO2508-C-7500,0.2,0.2,0.4
2025-08-14,2025-08-14 13:09:01.200,MO2508-C-7500,0.2,0.2,0.4
2025-08-14,2025-08-14 13:09:02.200,MO2508-C-7500,0.2,0.2,0.4
2025-08-14,2025-08-14 13:09:06.200,MO2508-C-7500,0.2,0.2,0.4
2025-08-14,2025-08-14 13:09:06.700,MO2508-C-7500,0.2,0.2,0.4
2025-08-14,2025-08-14 13:09:09.200,MO2508-C-7500,0.2,0.2,0.4
2025-08-14,2025-08-14 13:09:10.700,MO2508-C-7500,0.2,0.2,0.4
2025-08-14,2025-08-14 13:09:13.200,MO2508-C-7500,0.2,0.2,0.4
2025-08-14,2025-08-14 13:09:13.700,MO2508-C-7500,0.2,0.2,0.4
2025-08-14,2025-08-14 13:09:15.200,MO2508-C-7500,0.2,0.2,0.4
2025-08-14,2025-08-14 13:09:16.200,MO2508-C-7500,0.2,0.2,0.4
2025-08-14,2025-08-14 13:09:16.700,MO2508-C-7500,0.2,0.2,0.4
2025-08-14,2025-08-14 13:09:17.200,MO2508-C-7500,0.2,0.2,0.4
2025-08-14,2025-08-14 13:09:17.700,MO2508-C-7500,0.2,0.2,0.4
2025-08-14,2025-08-14 13:09:18.200,MO2508-C-7500,0.2,0.2,0.4
2025-08-14,2025-08-14 13:09:21.200,MO2508-C-7500,0.2,0.2,0.4
2025-08-14,2025-08-14 13:09:26.200,MO2508-C-7500,0.2,0.2,0.4
2025-08-14,2025-08-14 13:09:26.700,MO2508-C-7500,0.2,0.2,0.4
2025-08-14,2025-08-14 13:09:27.200,MO2508-C-7500,0.2,0.2,0.4
2025-08-14,2025-08-14 13:09:28.700,MO2508-C-7500,0.2,0.2,0.4
2025-08-14,2025-08-14 13:09:33.200,MO2508-C-7500,0.2,0.2,0.4
2025-08-14,2025-08-14 13:09:34.200,MO2508-C-7500,0.2,0.2,0.4
2025-08-14,2025-08-14 13:09:36.200,MO2508-C-7500,0.2,0.2,0.4
2025-08-14,2025-08-14 13:09:36.700,MO2508-C-7500,0.2,0.2,0.4
2025-08-14,2025-08-14 13:09:38.700,MO2508-C-7500,0.2,0.2,0.4
2025-08-14,2025-08-14 13:09:39.200,MO2508-C-7500,0.2,0.2,0.4
2025-08-14,2025-08-14 13:09:40.700,MO2508-C-7500,0.2,0.2,0.4
2025-08-14,2025-08-14 13:09:41.200,MO2508-C-7500,0.2,0.2,0.4
2025-08-14,2025-08-14 13:09:41.700,MO2508-C-7500,0.2,0.2,0.4
2025-08-14,2025-08-14 13:09:42.700,MO2508-C-7500,0.2,0.2,0.4
2025-08-14,2025-08-14 13:09:49.700,MO2508-C-7500,0.2,0.2,0.4
2025-08-14,2025-08-14 13:09:50.200,MO2508-C-7500,0.2,0.2,0.4
2025-08-14,2025-08-14 13:09:53.700,MO2508-C-7500,0.2,0.2,0.4
2025-08-14,2025-08-14 13:09:54.200,MO2508-C-7500,0.2,0.2,0.4
2025-08-14,2025-08-14 13:10:01.700,MO2508-C-7500,0.2,0.2,0.4
2025-08-14,2025-08-14 13:10:02.200,MO2508-C-7500,0.2,0.2,0.4
2025-08-14,2025-08-14 13:10:02.700,MO2508-C-7500,0.2,0.2,0.4
2025-08-14,2025-08-14 13:10:03.200,MO2508-C-7500,0.2,0.2,0.4
2025-08-14,2025-08-14 13:10:05.700,MO2508-C-7500,0.2,0.2,0.4
2025-08-14,2025-08-14 13:10:06.200,MO2508-C-7500,0.2,0.2,0.4
2025-08-14,2025-08-14 13:10:25.200,MO2508-C-7500,0.2,0.2,0.4
2025-08-14,2025-08-14 13:10:25.700,MO2508-C-7500,0.2,0.2,0.4
2025-08-14,2025-08-14 13:10:29.200,MO2508-C-7500,0.2,0.2,0.4
2025-08-14,2025-08-14 13:10:29.700,MO2508-C-7500,0.2,0.2,0.4
2025-08-14,2025-08-14 13:10:32.700,MO2508-C-7500,0.2,0.2,0.4
2025-08-14,2025-08-14 13:10:33.200,MO2508-C-7500,0.2,0.2,0.4
2025-08-14,2025-08-14 13:10:42.200,MO2508-C-7500,0.2,0.2,0.4
2025-08-14,2025-08-14 13:10:43.200,MO2508-C-7500,0.2,0.2,0.4
2025-08-14,2025-08-14 13:10:43.700,MO2508-C-7500,0.2,0.2,0.4
2025-08-14,2025-08-14 13:10:45.200,MO2508-C-7500,0.2,0.2,0.4
2025-08-14,2025-08-14 13:11:34.200,MO2508-C-7500,0.2,0.2,0.4
2025-08-14,2025-08-14 13:11:40.200,MO2508-C-7500,0.2,0.2,0.4
2025-08-14,2025-08-14 13:12:01.200,MO2508-C-7500,0.2,0.2,0.4
2025-08-14,2025-08-14 13:12:01.700,MO2508-C-7500,0.2,0.2,0.4
2025-08-14,2025-08-14 13:12:02.700,MO2508-C-7500,0.2,0.2,0.4
2025-08-14,2025-08-14 13:12:08.700,MO2508-C-7500,0.2,0.2,0.4
2025-08-14,2025-08-14 13:12:15.200,MO2508-C-7500,0.2,0.2,0.4
2025-08-14,2025-08-14 13:12:17.200,MO2508-C-7500,0.2,0.2,0.4
2025-08-14,2025-08-14 13:12:19.700,MO2508-C-7500,0.2,0.2,0.4
2025-08-14,2025-08-14 13:12:43.700,MO2508-C-7500,0.2,0.2,0.4
2025-08-14,2025-08-14 13:12:46.700,MO2508-C-7500,0.2,0.2,0.4
2025-08-14,2025-08-14 13:12:47.200,MO2508-C-7500,0.2,0.2,0.4
2025-08-14,2025-08-14 13:12:50.200,MO2508-C-7500,0.2,0.2,0.4
2025-08-14,2025-08-14 13:12:52.200,MO2508-C-7500,0.2,0.2,0.4
2025-08-14,2025-08-14 13:13:55.200,MO2508-C-7500,0.2,0.2,0.4
2025-08-14,2025-08-14 13:13:58.200,MO2508-C-7500,0.2,0.2,0.4
2025-08-14,2025-08-14 13:14:02.200,MO2508-C-7500,0.2,0.2,0.4
2025-08-14,2025-08-14 13:14:03.200,MO2508-C-7500,0.2,0.2,0.4
2025-08-14,2025-08-14 13:14:04.700,MO2508-C-7500,0.2,0.2,0.4
2025-08-14,2025-08-14 13:14:36.200,MO2508-C-7500,0.2,0.2,0.4
2025-08-14,2025-08-14 13:14:36.700,MO2508-C-7500,0.2,0.2,0.4
2025-08-14,2025-08-14 13:14:37.200,MO2508-C-7500,0.2,0.2,0.4
2025-08-14,2025-08-14 13:14:38.700,MO2508-C-7500,0.2,0.2,0.4
2025-08-14,2025-08-14 13:14:39.200,MO2508-C-7500,0.2,0.2,0.4
2025-08-14,2025-08-14 13:15:01.200,MO2508-C-7500,0.2,0.2,0.4
2025-08-14,2025-08-14 13:15:01.700,MO2508-C-7500,0.2,0.2,0.4
2025-08-14,2025-08-14 13:15:03.200,MO2508-C-7500,0.2,0.2,0.4
2025-08-14,2025-08-14 13:15:06.200,MO2508-C-7500,0.2,0.2,0.4
2025-08-14,2025-08-14 13:15:27.700,MO2508-C-7500,0.2,0.2,0.4
2025-08-14,2025-08-14 13:15:31.700,MO2508-C-7500,0.2,0.2,0.4
2025-08-14,2025-08-14 13:15:32.200,MO2508-C-7500,0.2,0.2,0.4
2025-08-14,2025-08-14 13:15:35.700,MO2508-C-7500,0.2,0.2,0.4
2025-08-14,2025-08-14 13:15:43.700,MO2508-C-7500,0.2,0.2,0.4
2025-08-14,2025-08-14 13:15:48.700,MO2508-C-7500,0.2,0.2,0.4
2025-08-14,2025-08-14 13:15:49.700,MO2508-C-7500,0.2,0.2,0.4
2025-08-14,2025-08-14 13:16:07.200,MO2508-C-7500,0.2,0.2,0.4
2025-08-14,2025-08-14 13:16:08.200,MO2508-C-7500,0.2,0.2,0.4
2025-08-14,2025-08-14 13:16:08.700,MO2508-C-7500,0.2,0.2,0.4
2025-08-14,2025-08-14 13:16:12.200,MO2508-C-7500,0.2,0.2,0.4
2025-08-14,2025-08-14 13:16:12.700,MO2508-C-7500,0.2,0.2,0.4
2025-08-14,2025-08-14 13:16:16.700,MO2508-C-7500,0.2,0.2,0.4
2025-08-14,2025-08-14 13:16:21.700,MO2508-C-7500,0.2,0.2,0.4
2025-08-14,2025-08-14 13:16:22.200,MO2508-C-7500,0.2,0.2,0.4
2025-08-14,2025-08-14 13:16:29.200,MO2508-C-7500,0.2,0.2,0.4
2025-08-14,2025-08-14 13:16:30.200,MO2508-C-7500,0.2,0.2,0.4
2025-08-14,2025-08-14 13:16:54.700,MO2508-C-7500,0.2,0.2,0.4
2025-08-14,2025-08-14 13:16:55.200,MO2508-C-7500,0.2,0.2,0.4
2025-08-14,2025-08-14 13:17:06.700,MO2508-C-7500,0.2,0.2,0.4
2025-08-14,2025-08-14 13:17:12.700,MO2508-C-7500,0.2,0.2,0.4
2025-08-14,2025-08-14 13:17:13.200,MO2508-C-7500,0.2,0.2,0.4
2025-08-14,2025-08-14 13:17:13.700,MO2508-C-7500,0.2,0.2,0.4
2025-08-14,2025-08-14 13:17:17.700,MO2508-C-7500,0.2,0.2,0.4
2025-08-14,2025-08-14 13:17:25.700,MO2508-C-7500,0.2,0.2,0.4
2025-08-14,2025-08-14 13:17:34.200,MO2508-C-7500,0.2,0.2,0.4
2025-08-14,2025-08-14 13:18:07.200,MO2508-C-7500,0.2,0.2,0.4
2025-08-14,2025-08-14 13:18:07.700,MO2508-C-7500,0.2,0.2,0.4
2025-08-14,2025-08-14 13:18:26.700,MO2508-C-7500,0.4,0.2,0.4
2025-08-14,2025-08-14 13:18:30.700,MO2508-C-7500,0.4,0.2,0.4
2025-08-14,2025-08-14 13:18:32.200,MO2508-C-7500,0.4,0.2,0.4
2025-08-14,2025-08-14 13:18:48.700,MO2508-C-7500,0.4,0.2,0.4
2025-08-14,2025-08-14 13:18:49.200,MO2508-C-7500,0.4,0.2,0.4
2025-08-14,2025-08-14 13:19:14.200,MO2508-C-7500,0.4,0.2,0.4
2025-08-14,2025-08-14 13:20:05.700,MO2508-C-7500,0.4,0.2,0.4
2025-08-14,2025-08-14 13:20:06.200,MO2508-C-7500,0.4,0.2,0.4
2025-08-14,2025-08-14 13:20:08.200,MO2508-C-7500,0.4,0.2,0.4
2025-08-14,2025-08-14 13:20:08.700,MO2508-C-7500,0.4,0.2,0.4
2025-08-14,2025-08-14 13:20:19.700,MO2508-C-7500,0.2,0.2,0.4
2025-08-14,2025-08-14 13:20:26.200,MO2508-C-7500,0.2,0.2,0.4
2025-08-14,2025-08-14 13:20:47.200,MO2508-C-7500,0.2,0.2,0.4
2025-08-14,2025-08-14 13:20:55.200,MO2508-C-7500,0.2,0.2,0.4
2025-08-14,2025-08-14 13:20:55.700,MO2508-C-7500,0.2,0.2,0.4
2025-08-14,2025-08-14 13:21:13.700,MO2508-C-7500,0.2,0.2,0.4
2025-08-14,2025-08-14 13:21:14.200,MO2508-C-7500,0.2,0.2,0.4
2025-08-14,2025-08-14 13:21:25.200,MO2508-C-7500,0.2,0.2,0.4
2025-08-14,2025-08-14 13:21:51.200,MO2508-C-7500,0.2,0.2,0.4
2025-08-14,2025-08-14 13:21:51.700,MO2508-C-7500,0.2,0.2,0.4
2025-08-14,2025-08-14 13:22:29.700,MO2508-C-7500,0.2,0.2,0.4
2025-08-14,2025-08-14 13:22:30.200,MO2508-C-7500,0.2,0.2,0.4
2025-08-14,2025-08-14 13:23:01.700,MO2508-C-7500,0.2,0.2,0.4
2025-08-14,2025-08-14 13:23:02.200,MO2508-C-7500,0.2,0.2,0.4
2025-08-14,2025-08-14 13:23:02.700,MO2508-C-7500,0.2,0.2,0.4
2025-08-14,2025-08-14 13:23:03.200,MO2508-C-7500,0.2,0.2,0.4
2025-08-14,2025-08-14 13:23:04.700,MO2508-C-7500,0.2,0.2,0.4
2025-08-14,2025-08-14 13:23:44.200,MO2508-C-7500,0.2,0.2,0.4
2025-08-14,2025-08-14 13:23:44.700,MO2508-C-7500,0.2,0.2,0.4
2025-08-14,2025-08-14 13:23:45.200,MO2508-C-7500,0.2,0.2,0.4
2025-08-14,2025-08-14 13:23:45.700,MO2508-C-7500,0.2,0.2,0.4
2025-08-14,2025-08-14 13:23:46.200,MO2508-C-7500,0.2,0.2,0.4
2025-08-14,2025-08-14 13:23:47.700,MO2508-C-7500,0.2,0.2,0.4
2025-08-14,2025-08-14 13:23:51.700,MO2508-C-7500,0.2,0.2,0.4
2025-08-14,2025-08-14 13:24:04.200,MO2508-C-7500,0.2,0.2,0.4
2025-08-14,2025-08-14 13:24:21.700,MO2508-C-7500,0.2,0.2,0.4
2025-08-14,2025-08-14 13:24:22.200,MO2508-C-7500,0.2,0.2,0.4
2025-08-14,2025-08-14 13:24:24.200,MO2508-C-7500,0.2,0.2,0.4
2025-08-14,2025-08-14 13:24:24.700,MO2508-C-7500,0.2,0.2,0.4
2025-08-14,2025-08-14 13:24:48.700,MO2508-C-7500,0.2,0.2,0.4
2025-08-14,2025-08-14 13:24:59.200,MO2508-C-7500,0.2,0.2,0.4
2025-08-14,2025-08-14 13:24:59.700,MO2508-C-7500,0.2,0.2,0.4
2025-08-14,2025-08-14 13:25:00.700,MO2508-C-7500,0.2,0.2,0.4
2025-08-14,2025-08-14 13:25:01.200,MO2508-C-7500,0.2,0.2,0.4
2025-08-14,2025-08-14 13:25:20.700,MO2508-C-7500,0.2,0.2,0.4
2025-08-14,2025-08-14 13:25:22.200,MO2508-C-7500,0.2,0.2,0.4
2025-08-14,2025-08-14 13:25:37.700,MO2508-C-7500,0.2,0.2,0.4
2025-08-14,2025-08-14 13:25:38.200,MO2508-C-7500,0.2,0.2,0.4
2025-08-14,2025-08-14 13:25:38.700,MO2508-C-7500,0.2,0.2,0.4
2025-08-14,2025-08-14 13:25:42.200,MO2508-C-7500,0.2,0.2,0.4
2025-08-14,2025-08-14 13:25:42.700,MO2508-C-7500,0.2,0.2,0.4
2025-08-14,2025-08-14 13:25:49.700,MO2508-C-7500,0.2,0.2,0.4
2025-08-14,2025-08-14 13:25:50.200,MO2508-C-7500,0.2,0.2,0.4
2025-08-14,2025-08-14 13:25:50.700,MO2508-C-7500,0.2,0.2,0.4
2025-08-14,2025-08-14 13:25:51.200,MO2508-C-7500,0.2,0.2,0.4
2025-08-14,2025-08-14 13:25:56.700,MO2508-C-7500,0.2,0.2,0.4
2025-08-14,2025-08-14 13:25:57.200,MO2508-C-7500,0.2,0.2,0.4
2025-08-14,2025-08-14 13:25:57.700,MO2508-C-7500,0.2,0.2,0.4
2025-08-14,2025-08-14 13:25:58.200,MO2508-C-7500,0.2,0.2,0.4
2025-08-14,2025-08-14 13:26:03.700,MO2508-C-7500,0.2,0.2,0.4
2025-08-14,2025-08-14 13:26:04.200,MO2508-C-7500,0.2,0.2,0.4
2025-08-14,2025-08-14 13:26:09.700,MO2508-C-7500,0.2,0.2,0.4
2025-08-14,2025-08-14 13:26:10.200,MO2508-C-7500,0.2,0.2,0.4
2025-08-14,2025-08-14 13:26:11.700,MO2508-C-7500,0.2,0.2,0.4
2025-08-14,2025-08-14 13:26:12.200,MO2508-C-7500,0.2,0.2,0.4
2025-08-14,2025-08-14 13:26:13.700,MO2508-C-7500,0.2,0.2,0.4
2025-08-14,2025-08-14 13:26:14.200,MO2508-C-7500,0.2,0.2,0.4
2025-08-14,2025-08-14 13:26:18.700,MO2508-C-7500,0.2,0.2,0.4
2025-08-14,2025-08-14 13:26:19.200,MO2508-C-7500,0.2,0.2,0.4
2025-08-14,2025-08-14 13:26:19.700,MO2508-C-7500,0.2,0.2,0.4
2025-08-14,2025-08-14 13:26:20.200,MO2508-C-7500,0.2,0.2,0.4
2025-08-14,2025-08-14 13:26:22.200,MO2508-C-7500,0.2,0.2,0.4
2025-08-14,2025-08-14 13:26:26.200,MO2508-C-7500,0.2,0.2,0.4
2025-08-14,2025-08-14 13:26:27.700,MO2508-C-7500,0.2,0.2,0.4
2025-08-14,2025-08-14 13:26:28.200,MO2508-C-7500,0.2,0.2,0.4
2025-08-14,2025-08-14 13:26:33.700,MO2508-C-7500,0.2,0.2,0.4
2025-08-14,2025-08-14 13:26:34.200,MO2508-C-7500,0.2,0.2,0.4
2025-08-14,2025-08-14 13:26:34.700,MO2508-C-7500,0.2,0.2,0.4
2025-08-14,2025-08-14 13:26:37.200,MO2508-C-7500,0.2,0.2,0.4
2025-08-14,2025-08-14 13:26:37.700,MO2508-C-7500,0.2,0.2,0.4
2025-08-14,2025-08-14 13:26:38.200,MO2508-C-7500,0.2,0.2,0.4
2025-08-14,2025-08-14 13:26:39.700,MO2508-C-7500,0.2,0.2,0.4
2025-08-14,2025-08-14 13:26:42.700,MO2508-C-7500,0.2,0.2,0.4
2025-08-14,2025-08-14 13:26:43.700,MO2508-C-7500,0.2,0.2,0.4
2025-08-14,2025-08-14 13:26:49.200,MO2508-C-7500,0.2,0.2,0.4
2025-08-14,2025-08-14 13:26:50.200,MO2508-C-7500,0.2,0.2,0.4
2025-08-14,2025-08-14 13:26:50.700,MO2508-C-7500,0.2,0.2,0.4
2025-08-14,2025-08-14 13:26:51.200,MO2508-C-7500,0.2,0.2,0.4
2025-08-14,2025-08-14 13:26:53.200,MO2508-C-7500,0.2,0.2,0.4
2025-08-14,2025-08-14 13:26:57.700,MO2508-C-7500,0.2,0.2,0.4
2025-08-14,2025-08-14 13:27:00.700,MO2508-C-7500,0.2,0.2,0.4
2025-08-14,2025-08-14 13:27:01.200,MO2508-C-7500,0.2,0.2,0.4
2025-08-14,2025-08-14 13:27:01.700,MO2508-C-7500,0.2,0.2,0.4
2025-08-14,2025-08-14 13:27:03.200,MO2508-C-7500,0.2,0.2,0.4
2025-08-14,2025-08-14 13:27:03.700,MO2508-C-7500,0.2,0.2,0.4
2025-08-14,2025-08-14 13:27:11.200,MO2508-C-7500,0.2,0.2,0.4
2025-08-14,2025-08-14 13:27:11.700,MO2508-C-7500,0.2,0.2,0.4
2025-08-14,2025-08-14 13:27:20.200,MO2508-C-7500,0.2,0.2,0.4
2025-08-14,2025-08-14 13:27:20.700,MO2508-C-7500,0.2,0.2,0.4
2025-08-14,2025-08-14 13:27:30.700,MO2508-C-7500,0.2,0.2,0.4
2025-08-14,2025-08-14 13:27:41.700,MO2508-C-7500,0.2,0.2,0.4
2025-08-14,2025-08-14 13:27:42.200,MO2508-C-7500,0.2,0.2,0.4
2025-08-14,2025-08-14 13:27:51.700,MO2508-C-7500,0.2,0.2,0.4
2025-08-14,2025-08-14 13:27:52.200,MO2508-C-7500,0.2,0.2,0.4
2025-08-14,2025-08-14 13:28:08.200,MO2508-C-7500,0.2,0.2,0.4
2025-08-14,2025-08-14 13:28:08.700,MO2508-C-7500,0.2,0.2,0.4
2025-08-14,2025-08-14 13:28:11.200,MO2508-C-7500,0.2,0.2,0.4
2025-08-14,2025-08-14 13:28:11.700,MO2508-C-7500,0.2,0.2,0.4
2025-08-14,2025-08-14 13:28:45.200,MO2508-C-7500,0.2,0.2,0.4
2025-08-14,2025-08-14 13:28:45.700,MO2508-C-7500,0.2,0.2,0.4
2025-08-14,2025-08-14 13:28:56.200,MO2508-C-7500,0.2,0.2,0.4
2025-08-14,2025-08-14 13:28:56.700,MO2508-C-7500,0.2,0.2,0.4
2025-08-14,2025-08-14 13:29:14.200,MO2508-C-7500,0.2,0.2,0.4
2025-08-14,2025-08-14 13:29:21.700,MO2508-C-7500,0.2,0.2,0.4
2025-08-14,2025-08-14 13:29:23.200,MO2508-C-7500,0.2,0.2,0.4
2025-08-14,2025-08-14 13:29:23.700,MO2508-C-7500,0.2,0.2,0.4
2025-08-14,2025-08-14 13:29:28.200,MO2508-C-7500,0.2,0.2,0.4
2025-08-14,2025-08-14 13:29:30.200,MO2508-C-7500,0.2,0.2,0.4
2025-08-14,2025-08-14 13:29:31.200,MO2508-C-7500,0.2,0.2,0.4
2025-08-14,2025-08-14 13:29:33.700,MO2508-C-7500,0.4,0.2,0.4
2025-08-14,2025-08-14 13:29:34.200,MO2508-C-7500,0.2,0.2,0.4
2025-08-14,2025-08-14 13:29:34.700,MO2508-C-7500,0.2,0.2,0.4
2025-08-14,2025-08-14 13:29:38.700,MO2508-C-7500,0.2,0.2,0.4
2025-08-14,2025-08-14 13:29:45.700,MO2508-C-7500,0.2,0.2,0.4
2025-08-14,2025-08-14 13:29:48.700,MO2508-C-7500,0.2,0.2,0.4
2025-08-14,2025-08-14 13:29:49.200,MO2508-C-7500,0.2,0.2,0.4
2025-08-14,2025-08-14 13:30:00.200,MO2508-C-7500,0.2,0.2,0.4
2025-08-14,2025-08-14 13:30:03.200,MO2508-C-7500,0.2,0.2,0.4
2025-08-14,2025-08-14 13:30:04.700,MO2508-C-7500,0.2,0.2,0.4
2025-08-14,2025-08-14 13:30:05.700,MO2508-C-7500,0.2,0.2,0.4
2025-08-14,2025-08-14 13:30:07.700,MO2508-C-7500,0.2,0.2,0.4
2025-08-14,2025-08-14 13:30:09.200,MO2508-C-7500,0.2,0.2,0.4
2025-08-14,2025-08-14 13:30:13.700,MO2508-C-7500,0.2,0.2,0.4
2025-08-14,2025-08-14 13:30:17.700,MO2508-C-7500,0.2,0.2,0.4
2025-08-14,2025-08-14 13:30:22.700,MO2508-C-7500,0.2,0.2,0.4
2025-08-14,2025-08-14 13:30:41.700,MO2508-C-7500,0.2,0.2,0.4
2025-08-14,2025-08-14 13:30:42.200,MO2508-C-7500,0.2,0.2,0.4
2025-08-14,2025-08-14 13:30:47.200,MO2508-C-7500,0.2,0.2,0.4
2025-08-14,2025-08-14 13:30:50.200,MO2508-C-7500,0.2,0.2,0.4
2025-08-14,2025-08-14 13:30:50.700,MO2508-C-7500,0.2,0.2,0.4
2025-08-14,2025-08-14 13:30:56.700,MO2508-C-7500,0.4,0.2,0.4
2025-08-14,2025-08-14 13:30:59.700,MO2508-C-7500,0.4,0.2,0.4
2025-08-14,2025-08-14 13:31:00.200,MO2508-C-7500,0.4,0.2,0.4
2025-08-14,2025-08-14 13:31:12.200,MO2508-C-7500,0.4,0.2,0.4
2025-08-14,2025-08-14 13:31:12.700,MO2508-C-7500,0.4,0.2,0.4
2025-08-14,2025-08-14 13:31:13.200,MO2508-C-7500,0.4,0.2,0.4
2025-08-14,2025-08-14 13:31:14.200,MO2508-C-7500,0.4,0.2,0.4
2025-08-14,2025-08-14 13:31:55.700,MO2508-C-7500,0.4,0.2,0.4
2025-08-14,2025-08-14 13:31:56.200,MO2508-C-7500,0.4,0.2,0.4
2025-08-14,2025-08-14 13:31:58.700,MO2508-C-7500,0.4,0.2,0.4
2025-08-14,2025-08-14 13:32:04.700,MO2508-C-7500,0.4,0.2,0.4
2025-08-14,2025-08-14 13:32:15.700,MO2508-C-7500,0.4,0.2,0.4
2025-08-14,2025-08-14 13:32:18.700,MO2508-C-7500,0.4,0.2,0.4
2025-08-14,2025-08-14 13:32:22.200,MO2508-C-7500,0.4,0.2,0.4
2025-08-14,2025-08-14 13:32:23.200,MO2508-C-7500,0.4,0.2,0.4
2025-08-14,2025-08-14 13:32:24.700,MO2508-C-7500,0.4,0.2,0.4
2025-08-14,2025-08-14 13:32:25.200,MO2508-C-7500,0.4,0.2,0.4
2025-08-14,2025-08-14 13:32:27.200,MO2508-C-7500,0.4,0.2,0.4
2025-08-14,2025-08-14 13:32:33.700,MO2508-C-7500,0.4,0.2,0.4
2025-08-14,2025-08-14 13:32:37.200,MO2508-C-7500,0.4,0.2,0.4
2025-08-14,2025-08-14 13:32:37.700,MO2508-C-7500,0.4,0.2,0.4
2025-08-14,2025-08-14 13:32:41.700,MO2508-C-7500,0.4,0.2,0.4
2025-08-14,2025-08-14 13:32:44.700,MO2508-C-7500,0.4,0.2,0.4
2025-08-14,2025-08-14 13:32:55.200,MO2508-C-7500,0.4,0.2,0.4
2025-08-14,2025-08-14 13:33:30.700,MO2508-C-7500,0.4,0.2,0.4
2025-08-14,2025-08-14 13:33:35.700,MO2508-C-7500,0.4,0.2,0.4
2025-08-14,2025-08-14 13:33:36.200,MO2508-C-7500,0.4,0.2,0.4
2025-08-14,2025-08-14 13:33:43.200,MO2508-C-7500,0.4,0.2,0.4
2025-08-14,2025-08-14 13:33:48.200,MO2508-C-7500,0.4,0.2,0.4
2025-08-14,2025-08-14 13:33:48.700,MO2508-C-7500,0.4,0.2,0.4
2025-08-14,2025-08-14 13:33:51.700,MO2508-C-7500,0.4,0.2,0.4
2025-08-14,2025-08-14 13:34:08.700,MO2508-C-7500,0.4,0.2,0.4
2025-08-14,2025-08-14 13:34:09.700,MO2508-C-7500,0.4,0.2,0.4
2025-08-14,2025-08-14 13:34:22.200,MO2508-C-7500,0.4,0.2,0.4
2025-08-14,2025-08-14 13:34:24.200,MO2508-C-7500,0.4,0.2,0.4
2025-08-14,2025-08-14 13:34:25.200,MO2508-C-7500,0.4,0.2,0.4
2025-08-14,2025-08-14 13:34:27.200,MO2508-C-7500,0.4,0.2,0.4
2025-08-14,2025-08-14 13:34:48.700,MO2508-C-7500,0.4,0.2,0.4
2025-08-14,2025-08-14 13:34:55.200,MO2508-C-7500,0.4,0.2,0.4
2025-08-14,2025-08-14 13:35:00.700,MO2508-C-7500,0.4,0.2,0.4
2025-08-14,2025-08-14 13:35:01.200,MO2508-C-7500,0.4,0.2,0.4
2025-08-14,2025-08-14 13:35:01.700,MO2508-C-7500,0.4,0.2,0.4
2025-08-14,2025-08-14 13:35:02.700,MO2508-C-7500,0.4,0.2,0.4
2025-08-14,2025-08-14 13:35:03.200,MO2508-C-7500,0.4,0.2,0.4
2025-08-14,2025-08-14 13:35:14.200,MO2508-C-7500,0.4,0.2,0.4
2025-08-14,2025-08-14 13:35:14.700,MO2508-C-7500,0.4,0.2,0.4
2025-08-14,2025-08-14 13:35:17.700,MO2508-C-7500,0.4,0.2,0.4
2025-08-14,2025-08-14 13:35:19.200,MO2508-C-7500,0.4,0.2,0.4
2025-08-14,2025-08-14 13:35:37.200,MO2508-C-7500,0.4,0.2,0.4
2025-08-14,2025-08-14 13:35:37.700,MO2508-C-7500,0.4,0.2,0.4
2025-08-14,2025-08-14 13:35:57.700,MO2508-C-7500,0.4,0.2,0.4
2025-08-14,2025-08-14 13:36:08.200,MO2508-C-7500,0.4,0.2,0.4
2025-08-14,2025-08-14 13:36:20.200,MO2508-C-7500,0.4,0.2,0.4
2025-08-14,2025-08-14 13:36:21.700,MO2508-C-7500,0.4,0.2,0.4
2025-08-14,2025-08-14 13:36:22.700,MO2508-C-7500,0.4,0.2,0.4
2025-08-14,2025-08-14 13:36:23.200,MO2508-C-7500,0.4,0.2,0.4
2025-08-14,2025-08-14 13:36:26.200,MO2508-C-7500,0.4,0.2,0.4
2025-08-14,2025-08-14 13:36:28.700,MO2508-C-7500,0.4,0.2,0.4
2025-08-14,2025-08-14 13:36:29.200,MO2508-C-7500,0.4,0.2,0.4
2025-08-14,2025-08-14 13:36:30.700,MO2508-C-7500,0.4,0.2,0.4
2025-08-14,2025-08-14 13:36:35.700,MO2508-C-7500,0.4,0.2,0.4
2025-08-14,2025-08-14 13:36:36.200,MO2508-C-7500,0.4,0.2,0.4
2025-08-14,2025-08-14 13:36:37.700,MO2508-C-7500,0.4,0.2,0.4
2025-08-14,2025-08-14 13:36:47.200,MO2508-C-7500,0.4,0.2,0.4
2025-08-14,2025-08-14 13:36:49.200,MO2508-C-7500,0.4,0.2,0.4
2025-08-14,2025-08-14 13:36:59.700,MO2508-C-7500,0.4,0.2,0.4
2025-08-14,2025-08-14 13:37:00.200,MO2508-C-7500,0.4,0.2,0.4
2025-08-14,2025-08-14 13:37:00.700,MO2508-C-7500,0.4,0.2,0.4
2025-08-14,2025-08-14 13:37:01.200,MO2508-C-7500,0.4,0.2,0.4
2025-08-14,2025-08-14 13:37:37.700,MO2508-C-7500,0.4,0.2,0.4
2025-08-14,2025-08-14 13:37:47.700,MO2508-C-7500,0.4,0.2,0.4
2025-08-14,2025-08-14 13:37:52.700,MO2508-C-7500,0.4,0.2,0.4
2025-08-14,2025-08-14 13:37:53.200,MO2508-C-7500,0.4,0.2,0.4
2025-08-14,2025-08-14 13:38:16.700,MO2508-C-7500,0.4,0.2,0.4
2025-08-14,2025-08-14 13:38:17.200,MO2508-C-7500,0.4,0.2,0.4
2025-08-14,2025-08-14 13:38:18.700,MO2508-C-7500,0.4,0.2,0.4
2025-08-14,2025-08-14 13:38:19.200,MO2508-C-7500,0.4,0.2,0.4
2025-08-14,2025-08-14 13:38:43.700,MO2508-C-7500,0.4,0.2,0.4
2025-08-14,2025-08-14 13:38:44.200,MO2508-C-7500,0.4,0.2,0.4
2025-08-14,2025-08-14 13:38:54.700,MO2508-C-7500,0.4,0.2,0.4
2025-08-14,2025-08-14 13:38:55.200,MO2508-C-7500,0.4,0.2,0.4
2025-08-14,2025-08-14 13:39:18.200,MO2508-C-7500,0.4,0.2,0.4
2025-08-14,2025-08-14 13:39:18.700,MO2508-C-7500,0.4,0.2,0.4
2025-08-14,2025-08-14 13:40:07.200,MO2508-C-7500,0.4,0.2,0.4
2025-08-14,2025-08-14 13:40:11.700,MO2508-C-7500,0.4,0.2,0.4
2025-08-14,2025-08-14 13:40:14.700,MO2508-C-7500,0.4,0.2,0.4
2025-08-14,2025-08-14 13:40:18.700,MO2508-C-7500,0.4,0.2,0.4
2025-08-14,2025-08-14 13:40:21.700,MO2508-C-7500,0.4,0.2,0.4
2025-08-14,2025-08-14 13:40:29.700,MO2508-C-7500,0.4,0.2,0.4
2025-08-14,2025-08-14 13:40:35.200,MO2508-C-7500,0.4,0.2,0.4
2025-08-14,2025-08-14 13:40:40.700,MO2508-C-7500,0.4,0.2,0.4
2025-08-14,2025-08-14 13:41:35.200,MO2508-C-7500,0.4,0.2,0.4
2025-08-14,2025-08-14 13:41:37.200,MO2508-C-7500,0.4,0.2,0.4
2025-08-14,2025-08-14 13:41:50.200,MO2508-C-7500,0.4,0.2,0.4
2025-08-14,2025-08-14 13:41:57.200,MO2508-C-7500,0.4,0.2,0.4
2025-08-14,2025-08-14 13:41:58.200,MO2508-C-7500,0.4,0.2,0.4
2025-08-14,2025-08-14 13:42:04.200,MO2508-C-7500,0.4,0.2,0.4
2025-08-14,2025-08-14 13:42:38.700,MO2508-C-7500,0.2,0.2,0.4
2025-08-14,2025-08-14 13:42:39.200,MO2508-C-7500,0.2,0.2,0.4
2025-08-14,2025-08-14 13:42:40.200,MO2508-C-7500,0.2,0.2,0.4
2025-08-14,2025-08-14 13:42:40.700,MO2508-C-7500,0.2,0.2,0.4
2025-08-14,2025-08-14 13:42:44.200,MO2508-C-7500,0.2,0.2,0.4
2025-08-14,2025-08-14 13:42:46.200,MO2508-C-7500,0.2,0.2,0.4
2025-08-14,2025-08-14 13:44:41.200,MO2508-C-7500,0.2,0.2,0.4
2025-08-14,2025-08-14 13:44:41.700,MO2508-C-7500,0.2,0.2,0.4
2025-08-14,2025-08-14 13:45:38.200,MO2508-C-7500,0.2,0.2,0.4
2025-08-14,2025-08-14 13:45:38.700,MO2508-C-7500,0.2,0.2,0.4
2025-08-14,2025-08-14 13:46:03.700,MO2508-C-7500,0.2,0.2,0.4
2025-08-14,2025-08-14 13:49:53.700,MO2508-C-7500,0.2,0.2,0.4
2025-08-14,2025-08-14 13:50:24.200,MO2508-C-7500,0.2,0.2,0.4
2025-08-14,2025-08-14 13:50:36.700,MO2508-C-7500,0.2,0.2,0.4
2025-08-14,2025-08-14 13:50:37.200,MO2508-C-7500,0.2,0.2,0.4
2025-08-14,2025-08-14 13:50:39.700,MO2508-C-7500,0.2,0.2,0.4
2025-08-14,2025-08-14 13:50:44.700,MO2508-C-7500,0.2,0.2,0.4
2025-08-14,2025-08-14 13:50:51.200,MO2508-C-7500,0.2,0.2,0.4
2025-08-14,2025-08-14 13:51:07.700,MO2508-C-7500,0.2,0.2,0.4
2025-08-14,2025-08-14 13:51:08.200,MO2508-C-7500,0.2,0.2,0.4
2025-08-14,2025-08-14 13:51:30.200,MO2508-C-7500,0.2,0.2,0.4
2025-08-14,2025-08-14 13:51:34.200,MO2508-C-7500,0.2,0.2,0.4
2025-08-14,2025-08-14 13:51:50.200,MO2508-C-7500,0.2,0.2,0.4
2025-08-14,2025-08-14 13:51:50.700,MO2508-C-7500,0.2,0.2,0.4
2025-08-14,2025-08-14 13:51:54.200,MO2508-C-7500,0.4,0.2,0.4
2025-08-14,2025-08-14 13:51:54.700,MO2508-C-7500,0.4,0.2,0.4
2025-08-14,2025-08-14 13:51:55.200,MO2508-C-7500,0.4,0.2,0.4
2025-08-14,2025-08-14 13:51:55.700,MO2508-C-7500,0.4,0.2,0.6
2025-08-14,2025-08-14 13:51:56.200,MO2508-C-7500,0.4,0.4,0.6
2025-08-14,2025-08-14 13:51:56.700,MO2508-C-7500,0.4,0.4,0.6
2025-08-14,2025-08-14 13:51:58.700,MO2508-C-7500,0.4,0.4,0.6
2025-08-14,2025-08-14 13:51:59.200,MO2508-C-7500,0.4,0.4,0.6
2025-08-14,2025-08-14 13:51:59.700,MO2508-C-7500,0.4,0.4,0.6
2025-08-14,2025-08-14 13:52:00.700,MO2508-C-7500,0.4,0.4,0.6
2025-08-14,2025-08-14 13:52:03.700,MO2508-C-7500,0.4,0.4,0.6
2025-08-14,2025-08-14 13:52:04.200,MO2508-C-7500,0.4,0.4,0.6
2025-08-14,2025-08-14 13:52:12.200,MO2508-C-7500,0.4,0.4,0.6
2025-08-14,2025-08-14 13:52:43.700,MO2508-C-7500,0.4,0.4,0.6
2025-08-14,2025-08-14 13:52:44.200,MO2508-C-7500,0.4,0.2,0.6
2025-08-14,2025-08-14 13:52:49.200,MO2508-C-7500,0.4,0.2,0.4
2025-08-14,2025-08-14 13:52:50.700,MO2508-C-7500,0.4,0.2,0.4
2025-08-14,2025-08-14 13:52:54.700,MO2508-C-7500,0.4,0.2,0.4
2025-08-14,2025-08-14 13:53:02.200,MO2508-C-7500,0.4,0.2,0.4
2025-08-14,2025-08-14 13:53:14.200,MO2508-C-7500,0.4,0.2,0.4
2025-08-14,2025-08-14 13:53:14.700,MO2508-C-7500,0.4,0.2,0.6
2025-08-14,2025-08-14 13:53:22.700,MO2508-C-7500,0.4,0.2,0.6
2025-08-14,2025-08-14 13:53:23.200,MO2508-C-7500,0.4,0.2,0.6
2025-08-14,2025-08-14 13:53:52.700,MO2508-C-7500,0.4,0.2,0.6
2025-08-14,2025-08-14 13:53:53.200,MO2508-C-7500,0.4,0.2,0.6
2025-08-14,2025-08-14 13:53:53.700,MO2508-C-7500,0.4,0.2,0.6
2025-08-14,2025-08-14 13:53:57.700,MO2508-C-7500,0.4,0.2,0.6
2025-08-14,2025-08-14 13:53:58.200,MO2508-C-7500,0.4,0.2,0.6
2025-08-14,2025-08-14 13:54:09.200,MO2508-C-7500,0.4,0.2,0.6
2025-08-14,2025-08-14 13:54:17.700,MO2508-C-7500,0.4,0.2,0.6
2025-08-14,2025-08-14 13:54:19.200,MO2508-C-7500,0.4,0.2,0.6
2025-08-14,2025-08-14 13:54:34.700,MO2508-C-7500,0.4,0.2,0.6
2025-08-14,2025-08-14 13:54:42.700,MO2508-C-7500,0.4,0.2,0.6
2025-08-14,2025-08-14 13:54:45.200,MO2508-C-7500,0.4,0.2,0.6
2025-08-14,2025-08-14 13:54:45.700,MO2508-C-7500,0.4,0.2,0.6
2025-08-14,2025-08-14 13:54:53.200,MO2508-C-7500,0.4,0.2,0.6
2025-08-14,2025-08-14 13:55:03.700,MO2508-C-7500,0.4,0.2,0.6
2025-08-14,2025-08-14 13:55:04.200,MO2508-C-7500,0.4,0.2,0.6
2025-08-14,2025-08-14 13:55:13.700,MO2508-C-7500,0.4,0.2,0.6
2025-08-14,2025-08-14 13:55:18.700,MO2508-C-7500,0.4,0.2,0.6
2025-08-14,2025-08-14 13:55:27.200,MO2508-C-7500,0.4,0.2,0.6
2025-08-14,2025-08-14 13:55:27.700,MO2508-C-7500,0.4,0.2,0.6
2025-08-14,2025-08-14 13:55:28.700,MO2508-C-7500,0.4,0.2,0.6
2025-08-14,2025-08-14 13:55:29.200,MO2508-C-7500,0.4,0.2,0.6
2025-08-14,2025-08-14 13:55:33.700,MO2508-C-7500,0.4,0.2,0.6
2025-08-14,2025-08-14 13:55:37.200,MO2508-C-7500,0.4,0.2,0.6
2025-08-14,2025-08-14 13:55:38.700,MO2508-C-7500,0.4,0.2,0.6
2025-08-14,2025-08-14 13:55:42.700,MO2508-C-7500,0.4,0.2,0.6
2025-08-14,2025-08-14 13:56:14.700,MO2508-C-7500,0.4,0.2,0.6
2025-08-14,2025-08-14 13:56:15.700,MO2508-C-7500,0.4,0.2,0.6
2025-08-14,2025-08-14 13:56:32.200,MO2508-C-7500,0.4,0.2,0.6
2025-08-14,2025-08-14 13:56:55.200,MO2508-C-7500,0.4,0.2,0.6
2025-08-14,2025-08-14 13:56:55.700,MO2508-C-7500,0.4,0.2,0.6
2025-08-14,2025-08-14 13:56:56.200,MO2508-C-7500,0.4,0.2,0.6
2025-08-14,2025-08-14 13:57:15.200,MO2508-C-7500,0.4,0.2,0.6
2025-08-14,2025-08-14 13:57:15.700,MO2508-C-7500,0.4,0.2,0.6
2025-08-14,2025-08-14 13:57:29.700,MO2508-C-7500,0.4,0.2,0.6
2025-08-14,2025-08-14 13:57:39.700,MO2508-C-7500,0.4,0.2,0.6
2025-08-14,2025-08-14 13:57:43.700,MO2508-C-7500,0.4,0.2,0.6
2025-08-14,2025-08-14 13:57:48.200,MO2508-C-7500,0.2,0.2,0.6
2025-08-14,2025-08-14 13:57:48.700,MO2508-C-7500,0.2,0.2,0.6
2025-08-14,2025-08-14 13:57:49.200,MO2508-C-7500,0.2,0.2,0.6
2025-08-14,2025-08-14 13:57:53.200,MO2508-C-7500,0.2,0.2,0.6
2025-08-14,2025-08-14 13:57:54.700,MO2508-C-7500,0.2,0.2,0.6
2025-08-14,2025-08-14 13:57:56.200,MO2508-C-7500,0.2,0.2,0.6
2025-08-14,2025-08-14 13:58:06.700,MO2508-C-7500,0.2,0.2,0.6
2025-08-14,2025-08-14 13:58:15.700,MO2508-C-7500,0.2,0.2,0.6
2025-08-14,2025-08-14 13:58:16.700,MO2508-C-7500,0.2,0.2,0.6
2025-08-14,2025-08-14 13:58:17.700,MO2508-C-7500,0.2,0.2,0.6
2025-08-14,2025-08-14 13:58:18.200,MO2508-C-7500,0.2,0.2,0.4
2025-08-14,2025-08-14 13:58:18.700,MO2508-C-7500,0.2,0.2,0.4
2025-08-14,2025-08-14 13:58:19.200,MO2508-C-7500,0.2,0.2,0.4
2025-08-14,2025-08-14 13:58:19.700,MO2508-C-7500,0.2,0.2,0.4
2025-08-14,2025-08-14 13:58:23.700,MO2508-C-7500,0.2,0.2,0.4
2025-08-14,2025-08-14 13:59:43.200,MO2508-C-7500,0.2,0.2,0.4
2025-08-14,2025-08-14 13:59:43.700,MO2508-C-7500,0.2,0.2,0.4
2025-08-14,2025-08-14 14:00:07.700,MO2508-C-7500,0.2,0.2,0.4
2025-08-14,2025-08-14 14:00:08.200,MO2508-C-7500,0.2,0.2,0.4
2025-08-14,2025-08-14 14:01:10.200,MO2508-C-7500,0.2,0.2,0.4
2025-08-14,2025-08-14 14:01:10.700,MO2508-C-7500,0.2,0.2,0.4
2025-08-14,2025-08-14 14:01:47.200,MO2508-C-7500,0.2,0.2,0.4
2025-08-14,2025-08-14 14:01:47.700,MO2508-C-7500,0.2,0.2,0.4
2025-08-14,2025-08-14 14:02:20.200,MO2508-C-7500,0.2,0.2,0.4
2025-08-14,2025-08-14 14:02:20.700,MO2508-C-7500,0.2,0.2,0.4
2025-08-14,2025-08-14 14:02:21.200,MO2508-C-7500,0.2,0.2,0.4
2025-08-14,2025-08-14 14:02:21.700,MO2508-C-7500,0.2,0.2,0.4
2025-08-14,2025-08-14 14:02:25.200,MO2508-C-7500,0.2,0.2,0.4
2025-08-14,2025-08-14 14:02:45.200,MO2508-C-7500,0.2,0.2,0.4
2025-08-14,2025-08-14 14:02:45.700,MO2508-C-7500,0.2,0.2,0.4
2025-08-14,2025-08-14 14:03:51.200,MO2508-C-7500,0.2,0.2,0.4
2025-08-14,2025-08-14 14:03:51.700,MO2508-C-7500,0.2,0.2,0.4
2025-08-14,2025-08-14 14:03:56.200,MO2508-C-7500,0.2,0.2,0.4
2025-08-14,2025-08-14 14:04:38.700,MO2508-C-7500,0.2,0.2,0.4
2025-08-14,2025-08-14 14:05:17.200,MO2508-C-7500,0.2,0.2,0.4
2025-08-14,2025-08-14 14:05:17.700,MO2508-C-7500,0.2,0.2,0.4
2025-08-14,2025-08-14 14:05:18.200,MO2508-C-7500,0.2,0.2,0.4
2025-08-14,2025-08-14 14:05:18.700,MO2508-C-7500,0.2,0.2,0.4
2025-08-14,2025-08-14 14:05:21.700,MO2508-C-7500,0.2,0.2,0.4
2025-08-14,2025-08-14 14:05:50.700,MO2508-C-7500,0.2,0.2,0.4
2025-08-14,2025-08-14 14:05:51.700,MO2508-C-7500,0.2,0.2,0.4
2025-08-14,2025-08-14 14:06:10.200,MO2508-C-7500,0.2,0.2,0.4
2025-08-14,2025-08-14 14:06:10.700,MO2508-C-7500,0.2,0.2,0.4
2025-08-14,2025-08-14 14:06:37.200,MO2508-C-7500,0.2,0.2,0.4
2025-08-14,2025-08-14 14:06:37.700,MO2508-C-7500,0.2,0.2,0.4
2025-08-14,2025-08-14 14:07:12.200,MO2508-C-7500,0.2,0.2,0.4
2025-08-14,2025-08-14 14:07:15.700,MO2508-C-7500,0.2,0.2,0.4
2025-08-14,2025-08-14 14:07:16.200,MO2508-C-7500,0.2,0.2,0.4
2025-08-14,2025-08-14 14:08:15.200,MO2508-C-7500,0.2,0.2,0.4
2025-08-14,2025-08-14 14:08:15.700,MO2508-C-7500,0.2,0.2,0.4
2025-08-14,2025-08-14 14:08:20.700,MO2508-C-7500,0.2,0.2,0.4
2025-08-14,2025-08-14 14:08:43.700,MO2508-C-7500,0.2,0.2,0.4
2025-08-14,2025-08-14 14:08:44.200,MO2508-C-7500,0.2,0.2,0.4
2025-08-14,2025-08-14 14:09:19.200,MO2508-C-7500,0.2,0.2,0.4
2025-08-14,2025-08-14 14:10:58.200,MO2508-C-7500,0.2,0.2,0.4
2025-08-14,2025-08-14 14:11:00.700,MO2508-C-7500,0.2,0.2,0.4
2025-08-14,2025-08-14 14:11:01.200,MO2508-C-7500,0.2,0.2,0.4
2025-08-14,2025-08-14 14:11:02.200,MO2508-C-7500,0.2,0.2,0.4
2025-08-14,2025-08-14 14:11:02.700,MO2508-C-7500,0.2,0.2,0.4
2025-08-14,2025-08-14 14:11:03.700,MO2508-C-7500,0.2,0.2,0.4
2025-08-14,2025-08-14 14:11:11.700,MO2508-C-7500,0.2,0.2,0.4
2025-08-14,2025-08-14 14:11:12.200,MO2508-C-7500,0.2,0.2,0.4
2025-08-14,2025-08-14 14:11:12.700,MO2508-C-7500,0.2,0.2,0.4
2025-08-14,2025-08-14 14:11:13.200,MO2508-C-7500,0.2,0.2,0.4
2025-08-14,2025-08-14 14:11:17.700,MO2508-C-7500,0.2,0.2,0.4
2025-08-14,2025-08-14 14:11:18.200,MO2508-C-7500,0.2,0.2,0.4
2025-08-14,2025-08-14 14:11:19.200,MO2508-C-7500,0.2,0.2,0.4
2025-08-14,2025-08-14 14:11:19.700,MO2508-C-7500,0.2,0.2,0.4
2025-08-14,2025-08-14 14:11:25.700,MO2508-C-7500,0.2,0.2,0.4
2025-08-14,2025-08-14 14:11:26.200,MO2508-C-7500,0.2,0.2,0.4
2025-08-14,2025-08-14 14:11:56.700,MO2508-C-7500,0.2,0.2,0.4
2025-08-14,2025-08-14 14:11:57.200,MO2508-C-7500,0.2,0.2,0.4
2025-08-14,2025-08-14 14:12:03.200,MO2508-C-7500,0.2,0.2,0.4
2025-08-14,2025-08-14 14:12:05.200,MO2508-C-7500,0.2,0.2,0.4
2025-08-14,2025-08-14 14:12:05.700,MO2508-C-7500,0.2,0.2,0.4
2025-08-14,2025-08-14 14:12:12.200,MO2508-C-7500,0.2,0.2,0.4
2025-08-14,2025-08-14 14:12:12.700,MO2508-C-7500,0.2,0.2,0.4
2025-08-14,2025-08-14 14:12:43.700,MO2508-C-7500,0.2,0.2,0.4
2025-08-14,2025-08-14 14:12:44.200,MO2508-C-7500,0.2,0.0,0.4
2025-08-14,2025-08-14 14:12:44.700,MO2508-C-7500,0.2,0.0,0.4
2025-08-14,2025-08-14 14:12:45.700,MO2508-C-7500,0.2,0.0,0.4
2025-08-14,2025-08-14 14:13:19.700,MO2508-C-7500,0.2,0.0,0.2
2025-08-14,2025-08-14 14:13:21.200,MO2508-C-7500,0.2,0.0,0.2
2025-08-14,2025-08-14 14:13:31.200,MO2508-C-7500,0.2,0.0,0.2
2025-08-14,2025-08-14 14:13:38.200,MO2508-C-7500,0.2,0.0,0.2
2025-08-14,2025-08-14 14:13:47.700,MO2508-C-7500,0.2,0.0,0.2
2025-08-14,2025-08-14 14:14:18.700,MO2508-C-7500,0.2,0.0,0.2
2025-08-14,2025-08-14 14:14:19.200,MO2508-C-7500,0.2,0.0,0.2
2025-08-14,2025-08-14 14:14:23.700,MO2508-C-7500,0.2,0.0,0.2
2025-08-14,2025-08-14 14:14:24.200,MO2508-C-7500,0.2,0.0,0.2
2025-08-14,2025-08-14 14:14:27.200,MO2508-C-7500,0.2,0.0,0.2
2025-08-14,2025-08-14 14:15:47.700,MO2508-C-7500,0.2,0.0,0.2
2025-08-14,2025-08-14 14:15:48.200,MO2508-C-7500,0.2,0.0,0.2
2025-08-14,2025-08-14 14:15:52.700,MO2508-C-7500,0.2,0.0,0.2
2025-08-14,2025-08-14 14:17:23.200,MO2508-C-7500,0.2,0.0,0.2
2025-08-14,2025-08-14 14:17:27.700,MO2508-C-7500,0.2,0.0,0.2
2025-08-14,2025-08-14 14:17:53.700,MO2508-C-7500,0.2,0.0,0.2
2025-08-14,2025-08-14 14:17:54.200,MO2508-C-7500,0.2,0.0,0.2
2025-08-14,2025-08-14 14:17:55.700,MO2508-C-7500,0.2,0.0,0.2
2025-08-14,2025-08-14 14:19:06.700,MO2508-C-7500,0.2,0.0,0.2
2025-08-14,2025-08-14 14:21:11.700,MO2508-C-7500,0.2,0.0,0.2
2025-08-14,2025-08-14 14:21:12.200,MO2508-C-7500,0.2,0.0,0.2
2025-08-14,2025-08-14 14:21:19.200,MO2508-C-7500,0.2,0.0,0.2
2025-08-14,2025-08-14 14:21:19.700,MO2508-C-7500,0.2,0.0,0.2
2025-08-14,2025-08-14 14:21:21.200,MO2508-C-7500,0.2,0.0,0.2
2025-08-14,2025-08-14 14:23:23.700,MO2508-C-7500,0.2,0.0,0.4
2025-08-14,2025-08-14 14:23:24.200,MO2508-C-7500,0.2,0.0,0.2
2025-08-14,2025-08-14 14:23:28.700,MO2508-C-7500,0.2,0.0,0.2
2025-08-14,2025-08-14 14:23:29.200,MO2508-C-7500,0.2,0.0,0.2
2025-08-14,2025-08-14 14:24:22.700,MO2508-C-7500,0.2,0.0,0.2
2025-08-14,2025-08-14 14:24:23.200,MO2508-C-7500,0.2,0.0,0.2
2025-08-14,2025-08-14 14:24:23.700,MO2508-C-7500,0.2,0.0,0.4
2025-08-14,2025-08-14 14:25:01.700,MO2508-C-7500,0.2,0.0,0.4
2025-08-14,2025-08-14 14:25:02.200,MO2508-C-7500,0.2,0.0,0.2
2025-08-14,2025-08-14 14:25:03.700,MO2508-C-7500,0.2,0.0,0.2
2025-08-14,2025-08-14 14:25:58.200,MO2508-C-7500,0.2,0.0,0.2
2025-08-14,2025-08-14 14:25:58.700,MO2508-C-7500,0.2,0.0,0.4
2025-08-14,2025-08-14 14:25:59.200,MO2508-C-7500,0.2,0.0,0.2
2025-08-14,2025-08-14 14:25:59.700,MO2508-C-7500,0.2,0.0,0.4
2025-08-14,2025-08-14 14:26:00.200,MO2508-C-7500,0.2,0.0,0.4
2025-08-14,2025-08-14 14:26:19.200,MO2508-C-7500,0.2,0.0,0.4
2025-08-14,2025-08-14 14:26:19.700,MO2508-C-7500,0.2,0.2,0.4
2025-08-14,2025-08-14 14:26:20.200,MO2508-C-7500,0.2,0.2,0.4
2025-08-14,2025-08-14 14:26:20.700,MO2508-C-7500,0.2,0.2,0.4
2025-08-14,2025-08-14 14:26:38.200,MO2508-C-7500,0.2,0.2,0.4
2025-08-14,2025-08-14 14:26:38.700,MO2508-C-7500,0.2,0.2,0.4
2025-08-14,2025-08-14 14:26:39.200,MO2508-C-7500,0.2,0.2,0.4
2025-08-14,2025-08-14 14:26:39.700,MO2508-C-7500,0.2,0.2,0.4
2025-08-14,2025-08-14 14:26:42.200,MO2508-C-7500,0.2,0.2,0.4
2025-08-14,2025-08-14 14:26:44.700,MO2508-C-7500,0.2,0.2,0.4
2025-08-14,2025-08-14 14:26:46.700,MO2508-C-7500,0.2,0.2,0.4
2025-08-14,2025-08-14 14:26:49.700,MO2508-C-7500,0.2,0.2,0.4
2025-08-14,2025-08-14 14:26:50.200,MO2508-C-7500,0.2,0.2,0.4
2025-08-14,2025-08-14 14:26:51.200,MO2508-C-7500,0.2,0.2,0.4
2025-08-14,2025-08-14 14:26:53.200,MO2508-C-7500,0.2,0.2,0.4
2025-08-14,2025-08-14 14:26:53.700,MO2508-C-7500,0.2,0.2,0.4
2025-08-14,2025-08-14 14:27:32.200,MO2508-C-7500,0.2,0.2,0.4
2025-08-14,2025-08-14 14:28:45.200,MO2508-C-7500,0.2,0.2,0.4
2025-08-14,2025-08-14 14:29:38.700,MO2508-C-7500,0.2,0.2,0.4
2025-08-14,2025-08-14 14:29:53.700,MO2508-C-7500,0.2,0.2,0.4
2025-08-14,2025-08-14 14:30:04.700,MO2508-C-7500,0.2,0.2,0.4
2025-08-14,2025-08-14 14:31:27.700,MO2508-C-7500,0.2,0.2,0.4
2025-08-14,2025-08-14 14:32:17.700,MO2508-C-7500,0.2,0.2,0.4
2025-08-14,2025-08-14 14:32:33.700,MO2508-C-7500,0.2,0.2,0.4
2025-08-14,2025-08-14 14:32:34.200,MO2508-C-7500,0.2,0.2,0.4
2025-08-14,2025-08-14 14:32:34.700,MO2508-C-7500,0.2,0.2,0.4
2025-08-14,2025-08-14 14:32:35.200,MO2508-C-7500,0.2,0.2,0.4
2025-08-14,2025-08-14 14:33:17.700,MO2508-C-7500,0.2,0.0,0.4
2025-08-14,2025-08-14 14:33:18.200,MO2508-C-7500,0.2,0.0,0.4
2025-08-14,2025-08-14 14:41:08.700,MO2508-C-7500,0.2,0.0,0.4
2025-08-14,2025-08-14 14:41:17.700,MO2508-C-7500,0.2,0.0,0.4
2025-08-14,2025-08-14 14:41:18.200,MO2508-C-7500,0.2,0.0,0.2
2025-08-14,2025-08-14 14:41:18.700,MO2508-C-7500,0.2,0.0,0.2
2025-08-14,2025-08-14 14:41:25.200,MO2508-C-7500,0.2,0.0,0.2
2025-08-14,2025-08-14 14:42:00.700,MO2508-C-7500,0.2,0.0,0.2
2025-08-14,2025-08-14 14:44:06.700,MO2508-C-7500,0.2,0.2,0.4
2025-08-14,2025-08-14 14:44:07.200,MO2508-C-7500,0.2,0.2,0.4
2025-08-14,2025-08-14 14:44:07.700,MO2508-C-7500,0.2,0.2,0.4
2025-08-14,2025-08-14 14:44:11.700,MO2508-C-7500,0.2,0.2,0.4
2025-08-14,2025-08-14 14:44:17.700,MO2508-C-7500,0.2,0.2,0.4
2025-08-14,2025-08-14 14:45:52.200,MO2508-C-7500,0.4,0.2,0.4
2025-08-14,2025-08-14 14:47:11.200,MO2508-C-7500,0.4,0.2,0.4
2025-08-14,2025-08-14 14:47:11.700,MO2508-C-7500,0.4,0.2,0.4
2025-08-14,2025-08-14 14:47:12.700,MO2508-C-7500,0.4,0.2,0.4
2025-08-14,2025-08-14 14:47:26.200,MO2508-C-7500,0.4,0.2,0.4
2025-08-14,2025-08-14 14:47:44.700,MO2508-C-7500,0.4,0.2,0.4
2025-08-14,2025-08-14 14:47:45.200,MO2508-C-7500,0.4,0.2,0.4
2025-08-14,2025-08-14 14:47:45.700,MO2508-C-7500,0.4,0.2,0.4
2025-08-14,2025-08-14 14:49:21.700,MO2508-C-7500,0.4,0.2,0.4
2025-08-14,2025-08-14 14:49:22.200,MO2508-C-7500,0.4,0.2,0.4
2025-08-14,2025-08-14 14:50:04.200,MO2508-C-7500,0.4,0.2,0.4
2025-08-14,2025-08-14 14:50:04.700,MO2508-C-7500,0.4,0.2,0.4
2025-08-14,2025-08-14 14:50:33.200,MO2508-C-7500,0.4,0.2,0.4
2025-08-14,2025-08-14 14:50:33.700,MO2508-C-7500,0.4,0.2,0.4
2025-08-14,2025-08-14 14:51:19.700,MO2508-C-7500,0.4,0.2,0.4
2025-08-14,2025-08-14 14:51:26.700,MO2508-C-7500,0.2,0.2,0.4
2025-08-14,2025-08-14 14:51:30.200,MO2508-C-7500,0.2,0.2,0.4
2025-08-14,2025-08-14 14:52:33.700,MO2508-C-7500,0.2,0.2,0.4
2025-08-14,2025-08-14 14:52:46.700,MO2508-C-7500,0.2,0.2,0.4
2025-08-14,2025-08-14 14:52:47.200,MO2508-C-7500,0.2,0.2,0.4
2025-08-14,2025-08-14 14:54:02.700,MO2508-C-7500,0.2,0.2,0.4
2025-08-14,2025-08-14 14:54:06.700,MO2508-C-7500,0.2,0.2,0.4
2025-08-14,2025-08-14 14:54:07.200,MO2508-C-7500,0.2,0.2,0.4
2025-08-14,2025-08-14 14:55:44.200,MO2508-C-7500,0.2,0.2,0.4
2025-08-14,2025-08-14 14:56:07.200,MO2508-C-7500,0.2,0.2,0.4
2025-08-14,2025-08-14 14:56:10.200,MO2508-C-7500,0.2,0.2,0.4
2025-08-14,2025-08-14 14:56:10.700,MO2508-C-7500,0.2,0.2,0.4
2025-08-14,2025-08-14 14:56:30.200,MO2508-C-7500,0.2,0.2,0.4
2025-08-14,2025-08-14 14:56:31.200,MO2508-C-7500,0.2,0.2,0.4
2025-08-14,2025-08-14 14:56:33.700,MO2508-C-7500,0.2,0.2,0.4
2025-08-14,2025-08-14 14:56:36.200,MO2508-C-7500,0.2,0.2,0.4
2025-08-14,2025-08-14 14:56:44.700,MO2508-C-7500,0.2,0.2,0.4
2025-08-14,2025-08-14 14:56:45.200,MO2508-C-7500,0.2,0.2,0.4
2025-08-14,2025-08-14 15:00:00.200,MO2508-C-7500,0.2,0.2,0.4
2025-08-14,2025-08-14 15:25:02.200,MO2508-C-7500,0.2,0.2,0.4
2025-08-14,2025-08-14 15:31:20.200,MO2508-C-7500,0.2,0.2,0.4
2025-08-15,2025-08-15 09:29:00.000,MO2508-C-7500,0.2,0.0,0.2
2025-08-15,2025-08-15 09:30:00.500,MO2508-C-7500,0.2,0.0,0.2
2025-08-15,2025-08-15 09:30:01.000,MO2508-C-7500,0.2,0.0,0.4
2025-08-15,2025-08-15 09:30:01.500,MO2508-C-7500,0.2,0.2,0.4
2025-08-15,2025-08-15 09:30:02.000,MO2508-C-7500,0.2,0.2,0.4
2025-08-15,2025-08-15 09:30:02.500,MO2508-C-7500,0.2,0.2,0.4
2025-08-15,2025-08-15 09:30:08.500,MO2508-C-7500,0.2,0.2,0.4
2025-08-15,2025-08-15 09:30:12.000,MO2508-C-7500,0.2,0.2,0.4
2025-08-15,2025-08-15 09:30:12.500,MO2508-C-7500,0.2,0.2,0.4
2025-08-15,2025-08-15 09:30:13.000,MO2508-C-7500,0.2,0.2,0.4
2025-08-15,2025-08-15 09:30:16.000,MO2508-C-7500,0.2,0.2,0.4
2025-08-15,2025-08-15 09:30:17.000,MO2508-C-7500,0.2,0.2,0.4
2025-08-15,2025-08-15 09:30:17.500,MO2508-C-7500,0.2,0.2,0.4
2025-08-15,2025-08-15 09:30:18.500,MO2508-C-7500,0.2,0.2,0.4
2025-08-15,2025-08-15 09:30:26.000,MO2508-C-7500,0.2,0.2,0.4
2025-08-15,2025-08-15 09:30:31.500,MO2508-C-7500,0.2,0.0,0.4
2025-08-15,2025-08-15 09:30:32.000,MO2508-C-7500,0.2,0.0,0.4
2025-08-15,2025-08-15 09:30:33.500,MO2508-C-7500,0.2,0.0,0.4
2025-08-15,2025-08-15 09:30:48.000,MO2508-C-7500,0.2,0.0,0.4
2025-08-15,2025-08-15 09:31:19.000,MO2508-C-7500,0.2,0.0,0.4
2025-08-15,2025-08-15 09:31:19.500,MO2508-C-7500,0.2,0.0,0.2
2025-08-15,2025-08-15 09:31:20.500,MO2508-C-7500,0.2,0.0,0.2
2025-08-15,2025-08-15 09:31:29.500,MO2508-C-7500,0.2,0.0,0.2
2025-08-15,2025-08-15 09:31:32.500,MO2508-C-7500,0.2,0.0,0.2
2025-08-15,2025-08-15 09:31:39.000,MO2508-C-7500,0.2,0.0,0.2
2025-08-15,2025-08-15 09:31:45.000,MO2508-C-7500,0.2,0.0,0.2
2025-08-15,2025-08-15 09:32:04.000,MO2508-C-7500,0.2,0.0,0.2
2025-08-15,2025-08-15 09:32:06.000,MO2508-C-7500,0.2,0.0,0.2
2025-08-15,2025-08-15 09:32:58.000,MO2508-C-7500,0.2,0.0,0.4
2025-08-15,2025-08-15 09:32:58.500,MO2508-C-7500,0.2,0.0,0.4
2025-08-15,2025-08-15 09:32:59.000,MO2508-C-7500,0.2,0.0,0.4
2025-08-15,2025-08-15 09:33:38.500,MO2508-C-7500,0.2,0.0,0.4
2025-08-15,2025-08-15 09:33:53.500,MO2508-C-7500,0.2,0.0,0.4
2025-08-15,2025-08-15 09:34:14.500,MO2508-C-7500,0.2,0.0,0.4
2025-08-15,2025-08-15 09:34:53.500,MO2508-C-7500,0.2,0.0,0.4
2025-08-15,2025-08-15 09:34:54.000,MO2508-C-7500,0.2,0.0,0.4
2025-08-15,2025-08-15 09:34:56.500,MO2508-C-7500,0.2,0.0,0.4
2025-08-15,2025-08-15 09:34:59.000,MO2508-C-7500,0.2,0.0,0.4
2025-08-15,2025-08-15 09:35:21.500,MO2508-C-7500,0.2,0.2,0.4
2025-08-15,2025-08-15 09:35:22.000,MO2508-C-7500,0.2,0.2,0.4
2025-08-15,2025-08-15 09:35:37.500,MO2508-C-7500,0.2,0.2,0.4
2025-08-15,2025-08-15 09:35:38.500,MO2508-C-7500,0.2,0.0,0.4
2025-08-15,2025-08-15 09:35:41.500,MO2508-C-7500,0.2,0.0,0.4
2025-08-15,2025-08-15 09:37:16.500,MO2508-C-7500,0.2,0.0,0.4
2025-08-15,2025-08-15 09:37:28.500,MO2508-C-7500,0.2,0.0,0.4
2025-08-15,2025-08-15 09:37:29.000,MO2508-C-7500,0.2,0.0,0.4
2025-08-15,2025-08-15 09:37:41.000,MO2508-C-7500,0.2,0.0,0.4
2025-08-15,2025-08-15 09:37:41.500,MO2508-C-7500,0.2,0.0,0.4
2025-08-15,2025-08-15 09:37:51.500,MO2508-C-7500,0.2,0.0,0.4
2025-08-15,2025-08-15 09:37:55.500,MO2508-C-7500,0.2,0.0,0.4
2025-08-15,2025-08-15 09:37:56.000,MO2508-C-7500,0.2,0.0,0.4
2025-08-15,2025-08-15 09:38:21.500,MO2508-C-7500,0.2,0.0,0.4
2025-08-15,2025-08-15 09:38:22.000,MO2508-C-7500,0.2,0.0,0.4
2025-08-15,2025-08-15 09:38:28.500,MO2508-C-7500,0.2,0.0,0.4
2025-08-15,2025-08-15 09:38:29.000,MO2508-C-7500,0.2,0.0,0.4
2025-08-15,2025-08-15 09:38:46.500,MO2508-C-7500,0.2,0.0,0.4
2025-08-15,2025-08-15 09:38:47.500,MO2508-C-7500,0.2,0.0,0.4
2025-08-15,2025-08-15 09:38:52.000,MO2508-C-7500,0.2,0.0,0.4
2025-08-15,2025-08-15 09:38:52.500,MO2508-C-7500,0.2,0.0,0.4
2025-08-15,2025-08-15 09:39:19.000,MO2508-C-7500,0.2,0.0,0.4
2025-08-15,2025-08-15 09:39:19.500,MO2508-C-7500,0.2,0.0,0.4
2025-08-15,2025-08-15 09:39:38.000,MO2508-C-7500,0.2,0.0,0.4
2025-08-15,2025-08-15 09:39:38.500,MO2508-C-7500,0.2,0.0,0.4
2025-08-15,2025-08-15 09:39:40.500,MO2508-C-7500,0.2,0.0,0.4
2025-08-15,2025-08-15 09:39:41.000,MO2508-C-7500,0.2,0.0,0.4
2025-08-15,2025-08-15 09:39:44.000,MO2508-C-7500,0.2,0.0,0.4
2025-08-15,2025-08-15 09:39:45.000,MO2508-C-7500,0.2,0.0,0.4
2025-08-15,2025-08-15 09:39:45.500,MO2508-C-7500,0.2,0.0,0.4
2025-08-15,2025-08-15 09:39:46.000,MO2508-C-7500,0.2,0.0,0.4
2025-08-15,2025-08-15 09:39:46.500,MO2508-C-7500,0.2,0.0,0.4
2025-08-15,2025-08-15 09:39:47.500,MO2508-C-7500,0.2,0.0,0.4
2025-08-15,2025-08-15 09:39:49.500,MO2508-C-7500,0.2,0.0,0.4
2025-08-15,2025-08-15 09:39:50.000,MO2508-C-7500,0.2,0.0,0.4
2025-08-15,2025-08-15 09:39:59.000,MO2508-C-7500,0.2,0.0,0.4
2025-08-15,2025-08-15 09:40:00.000,MO2508-C-7500,0.2,0.0,0.4
2025-08-15,2025-08-15 09:40:01.000,MO2508-C-7500,0.2,0.0,0.4
2025-08-15,2025-08-15 09:40:02.000,MO2508-C-7500,0.2,0.0,0.4
2025-08-15,2025-08-15 09:40:03.000,MO2508-C-7500,0.2,0.0,0.4
2025-08-15,2025-08-15 09:40:04.500,MO2508-C-7500,0.2,0.0,0.4
2025-08-15,2025-08-15 09:40:05.000,MO2508-C-7500,0.2,0.0,0.4
2025-08-15,2025-08-15 09:40:06.500,MO2508-C-7500,0.2,0.0,0.4
2025-08-15,2025-08-15 09:40:07.500,MO2508-C-7500,0.2,0.0,0.4
2025-08-15,2025-08-15 09:40:13.000,MO2508-C-7500,0.2,0.0,0.4
2025-08-15,2025-08-15 09:40:13.500,MO2508-C-7500,0.2,0.0,0.4
2025-08-15,2025-08-15 09:40:16.000,MO2508-C-7500,0.2,0.0,0.4
2025-08-15,2025-08-15 09:40:16.500,MO2508-C-7500,0.2,0.0,0.4
2025-08-15,2025-08-15 09:40:17.000,MO2508-C-7500,0.2,0.0,0.4
2025-08-15,2025-08-15 09:40:24.000,MO2508-C-7500,0.2,0.0,0.4
2025-08-15,2025-08-15 09:40:25.000,MO2508-C-7500,0.2,0.0,0.4
2025-08-15,2025-08-15 09:40:26.000,MO2508-C-7500,0.2,0.0,0.4
2025-08-15,2025-08-15 09:40:26.500,MO2508-C-7500,0.2,0.0,0.4
2025-08-15,2025-08-15 09:40:42.000,MO2508-C-7500,0.2,0.0,0.4
2025-08-15,2025-08-15 09:40:42.500,MO2508-C-7500,0.2,0.0,0.4
2025-08-15,2025-08-15 09:40:43.500,MO2508-C-7500,0.2,0.0,0.4
2025-08-15,2025-08-15 09:40:44.000,MO2508-C-7500,0.2,0.0,0.4
2025-08-15,2025-08-15 09:40:45.500,MO2508-C-7500,0.2,0.0,0.4
2025-08-15,2025-08-15 09:40:46.000,MO2508-C-7500,0.2,0.0,0.4
2025-08-15,2025-08-15 09:40:49.000,MO2508-C-7500,0.2,0.0,0.4
2025-08-15,2025-08-15 09:40:49.500,MO2508-C-7500,0.2,0.0,0.4
2025-08-15,2025-08-15 09:41:28.000,MO2508-C-7500,0.2,0.0,0.4
2025-08-15,2025-08-15 09:41:29.000,MO2508-C-7500,0.2,0.0,0.4
2025-08-15,2025-08-15 09:41:30.500,MO2508-C-7500,0.2,0.0,0.4
2025-08-15,2025-08-15 09:41:31.000,MO2508-C-7500,0.2,0.0,0.4
2025-08-15,2025-08-15 09:41:31.500,MO2508-C-7500,0.2,0.0,0.4
2025-08-15,2025-08-15 09:41:32.000,MO2508-C-7500,0.2,0.0,0.4
2025-08-15,2025-08-15 09:41:33.000,MO2508-C-7500,0.2,0.0,0.4
2025-08-15,2025-08-15 09:41:33.500,MO2508-C-7500,0.2,0.0,0.4
2025-08-15,2025-08-15 09:41:34.000,MO2508-C-7500,0.2,0.0,0.4
2025-08-15,2025-08-15 09:41:34.500,MO2508-C-7500,0.2,0.0,0.4
2025-08-15,2025-08-15 09:41:42.000,MO2508-C-7500,0.2,0.0,0.4
2025-08-15,2025-08-15 09:41:44.000,MO2508-C-7500,0.2,0.0,0.4
2025-08-15,2025-08-15 09:41:53.000,MO2508-C-7500,0.2,0.0,0.4
2025-08-15,2025-08-15 09:41:53.500,MO2508-C-7500,0.2,0.0,0.4
2025-08-15,2025-08-15 09:41:54.000,MO2508-C-7500,0.2,0.0,0.4
2025-08-15,2025-08-15 09:41:54.500,MO2508-C-7500,0.2,0.0,0.4
2025-08-15,2025-08-15 09:41:57.000,MO2508-C-7500,0.2,0.0,0.4
2025-08-15,2025-08-15 09:41:57.500,MO2508-C-7500,0.2,0.0,0.4
2025-08-15,2025-08-15 09:41:59.500,MO2508-C-7500,0.2,0.0,0.4
2025-08-15,2025-08-15 09:42:04.000,MO2508-C-7500,0.2,0.0,0.4
2025-08-15,2025-08-15 09:42:13.000,MO2508-C-7500,0.2,0.0,0.4
2025-08-15,2025-08-15 09:42:14.000,MO2508-C-7500,0.2,0.0,0.4
2025-08-15,2025-08-15 09:42:19.500,MO2508-C-7500,0.2,0.0,0.4
2025-08-15,2025-08-15 09:42:20.000,MO2508-C-7500,0.2,0.0,0.4
2025-08-15,2025-08-15 09:42:40.000,MO2508-C-7500,0.2,0.0,0.4
2025-08-15,2025-08-15 09:42:41.500,MO2508-C-7500,0.2,0.0,0.4
2025-08-15,2025-08-15 09:43:04.000,MO2508-C-7500,0.2,0.0,0.4
2025-08-15,2025-08-15 09:43:04.500,MO2508-C-7500,0.2,0.0,0.4
2025-08-15,2025-08-15 09:43:41.500,MO2508-C-7500,0.2,0.0,0.4
2025-08-15,2025-08-15 09:43:42.000,MO2508-C-7500,0.2,0.0,0.4
2025-08-15,2025-08-15 09:44:02.500,MO2508-C-7500,0.2,0.0,0.4
2025-08-15,2025-08-15 09:44:03.000,MO2508-C-7500,0.2,0.0,0.4
2025-08-15,2025-08-15 09:44:13.000,MO2508-C-7500,0.2,0.0,0.4
2025-08-15,2025-08-15 09:44:14.000,MO2508-C-7500,0.2,0.0,0.4
2025-08-15,2025-08-15 09:44:15.500,MO2508-C-7500,0.2,0.0,0.4
2025-08-15,2025-08-15 09:44:16.000,MO2508-C-7500,0.2,0.0,0.4
2025-08-15,2025-08-15 09:44:16.500,MO2508-C-7500,0.2,0.0,0.4
2025-08-15,2025-08-15 09:44:17.500,MO2508-C-7500,0.2,0.0,0.4
2025-08-15,2025-08-15 09:44:24.500,MO2508-C-7500,0.2,0.0,0.4
2025-08-15,2025-08-15 09:44:26.000,MO2508-C-7500,0.2,0.0,0.4
2025-08-15,2025-08-15 09:44:26.500,MO2508-C-7500,0.2,0.0,0.4
2025-08-15,2025-08-15 09:44:28.000,MO2508-C-7500,0.2,0.0,0.4
2025-08-15,2025-08-15 09:44:29.500,MO2508-C-7500,0.2,0.0,0.4
2025-08-15,2025-08-15 09:44:30.500,MO2508-C-7500,0.2,0.0,0.4
2025-08-15,2025-08-15 09:44:36.500,MO2508-C-7500,0.2,0.0,0.4
2025-08-15,2025-08-15 09:44:37.500,MO2508-C-7500,0.2,0.0,0.4
2025-08-15,2025-08-15 09:44:38.500,MO2508-C-7500,0.2,0.0,0.4
2025-08-15,2025-08-15 09:44:39.000,MO2508-C-7500,0.2,0.0,0.4
2025-08-15,2025-08-15 09:44:57.000,MO2508-C-7500,0.2,0.0,0.4
2025-08-15,2025-08-15 09:45:00.000,MO2508-C-7500,0.2,0.0,0.4
2025-08-15,2025-08-15 09:45:01.500,MO2508-C-7500,0.2,0.0,0.4
2025-08-15,2025-08-15 09:45:02.000,MO2508-C-7500,0.2,0.0,0.4
2025-08-15,2025-08-15 09:45:05.000,MO2508-C-7500,0.2,0.0,0.4
2025-08-15,2025-08-15 09:45:05.500,MO2508-C-7500,0.2,0.0,0.4
2025-08-15,2025-08-15 09:45:13.000,MO2508-C-7500,0.2,0.0,0.4
2025-08-15,2025-08-15 09:45:16.500,MO2508-C-7500,0.2,0.0,0.4
2025-08-15,2025-08-15 09:45:17.000,MO2508-C-7500,0.2,0.0,0.4
2025-08-15,2025-08-15 09:45:20.500,MO2508-C-7500,0.2,0.0,0.4
2025-08-15,2025-08-15 09:45:21.500,MO2508-C-7500,0.2,0.0,0.4
2025-08-15,2025-08-15 09:45:22.500,MO2508-C-7500,0.2,0.0,0.4
2025-08-15,2025-08-15 09:45:24.500,MO2508-C-7500,0.2,0.0,0.4
2025-08-15,2025-08-15 09:45:25.500,MO2508-C-7500,0.2,0.0,0.4
2025-08-15,2025-08-15 09:45:26.000,MO2508-C-7500,0.2,0.0,0.4
2025-08-15,2025-08-15 09:45:27.000,MO2508-C-7500,0.2,0.0,0.4
2025-08-15,2025-08-15 09:45:28.000,MO2508-C-7500,0.2,0.0,0.4
2025-08-15,2025-08-15 09:45:29.000,MO2508-C-7500,0.2,0.0,0.4
2025-08-15,2025-08-15 09:45:30.000,MO2508-C-7500,0.2,0.0,0.4
2025-08-15,2025-08-15 09:45:33.000,MO2508-C-7500,0.2,0.0,0.4
2025-08-15,2025-08-15 09:45:35.000,MO2508-C-7500,0.2,0.0,0.4
2025-08-15,2025-08-15 09:45:36.500,MO2508-C-7500,0.2,0.0,0.4
2025-08-15,2025-08-15 09:45:38.000,MO2508-C-7500,0.2,0.0,0.4
2025-08-15,2025-08-15 09:45:39.500,MO2508-C-7500,0.2,0.0,0.4
2025-08-15,2025-08-15 09:45:40.500,MO2508-C-7500,0.2,0.0,0.4
2025-08-15,2025-08-15 09:45:41.000,MO2508-C-7500,0.2,0.0,0.4
2025-08-15,2025-08-15 09:45:42.500,MO2508-C-7500,0.2,0.0,0.4
2025-08-15,2025-08-15 09:45:43.000,MO2508-C-7500,0.2,0.0,0.4
2025-08-15,2025-08-15 09:45:43.500,MO2508-C-7500,0.2,0.0,0.4
2025-08-15,2025-08-15 09:45:44.000,MO2508-C-7500,0.2,0.0,0.4
2025-08-15,2025-08-15 09:45:45.000,MO2508-C-7500,0.2,0.0,0.4
2025-08-15,2025-08-15 09:45:45.500,MO2508-C-7500,0.2,0.0,0.4
2025-08-15,2025-08-15 09:45:51.500,MO2508-C-7500,0.2,0.0,0.4
2025-08-15,2025-08-15 09:45:52.000,MO2508-C-7500,0.2,0.0,0.4
2025-08-15,2025-08-15 09:46:05.000,MO2508-C-7500,0.2,0.0,0.4
2025-08-15,2025-08-15 09:46:05.500,MO2508-C-7500,0.2,0.0,0.4
2025-08-15,2025-08-15 09:46:06.000,MO2508-C-7500,0.2,0.0,0.4
2025-08-15,2025-08-15 09:46:07.000,MO2508-C-7500,0.2,0.0,0.4
2025-08-15,2025-08-15 09:46:40.500,MO2508-C-7500,0.2,0.0,0.4
2025-08-15,2025-08-15 09:46:41.000,MO2508-C-7500,0.2,0.0,0.4
2025-08-15,2025-08-15 09:47:08.500,MO2508-C-7500,0.2,0.0,0.4
2025-08-15,2025-08-15 09:47:09.000,MO2508-C-7500,0.2,0.0,0.4
2025-08-15,2025-08-15 09:47:44.000,MO2508-C-7500,0.2,0.2,0.4
2025-08-15,2025-08-15 09:47:46.000,MO2508-C-7500,0.2,0.2,0.4
2025-08-15,2025-08-15 09:47:49.000,MO2508-C-7500,0.2,0.2,0.4
2025-08-15,2025-08-15 09:47:49.500,MO2508-C-7500,0.2,0.2,0.4
2025-08-15,2025-08-15 09:48:04.500,MO2508-C-7500,0.2,0.2,0.4
2025-08-15,2025-08-15 09:48:05.000,MO2508-C-7500,0.2,0.2,0.4
2025-08-15,2025-08-15 09:48:05.500,MO2508-C-7500,0.2,0.2,0.4
2025-08-15,2025-08-15 09:48:07.500,MO2508-C-7500,0.2,0.2,0.4
2025-08-15,2025-08-15 09:48:08.000,MO2508-C-7500,0.2,0.2,0.4
2025-08-15,2025-08-15 09:48:09.500,MO2508-C-7500,0.2,0.2,0.4
2025-08-15,2025-08-15 09:48:11.000,MO2508-C-7500,0.2,0.2,0.4
2025-08-15,2025-08-15 09:48:11.500,MO2508-C-7500,0.2,0.2,0.4
2025-08-15,2025-08-15 09:48:17.000,MO2508-C-7500,0.2,0.2,0.4
2025-08-15,2025-08-15 09:48:17.500,MO2508-C-7500,0.2,0.2,0.4
2025-08-15,2025-08-15 09:48:18.000,MO2508-C-7500,0.2,0.2,0.4
2025-08-15,2025-08-15 09:48:20.000,MO2508-C-7500,0.2,0.2,0.4
2025-08-15,2025-08-15 09:48:20.500,MO2508-C-7500,0.2,0.2,0.4
2025-08-15,2025-08-15 09:48:21.000,MO2508-C-7500,0.2,0.2,0.4
2025-08-15,2025-08-15 09:48:25.500,MO2508-C-7500,0.2,0.2,0.4
2025-08-15,2025-08-15 09:48:54.000,MO2508-C-7500,0.4,0.2,0.4
2025-08-15,2025-08-15 09:48:54.500,MO2508-C-7500,0.4,0.2,0.4
2025-08-15,2025-08-15 09:48:55.000,MO2508-C-7500,0.4,0.2,0.4
2025-08-15,2025-08-15 09:49:03.500,MO2508-C-7500,0.4,0.2,0.6
2025-08-15,2025-08-15 09:49:04.000,MO2508-C-7500,0.4,0.2,0.6
2025-08-15,2025-08-15 09:49:04.500,MO2508-C-7500,0.4,0.2,0.6
2025-08-15,2025-08-15 09:49:05.000,MO2508-C-7500,0.4,0.2,0.6
2025-08-15,2025-08-15 09:49:05.500,MO2508-C-7500,0.4,0.2,0.6
2025-08-15,2025-08-15 09:49:07.500,MO2508-C-7500,0.6,0.2,0.6
2025-08-15,2025-08-15 09:49:08.000,MO2508-C-7500,0.6,0.2,0.6
2025-08-15,2025-08-15 09:49:08.500,MO2508-C-7500,0.6,0.2,0.6
2025-08-15,2025-08-15 09:49:11.000,MO2508-C-7500,0.6,0.2,0.6
2025-08-15,2025-08-15 09:49:14.000,MO2508-C-7500,0.6,0.2,0.6
2025-08-15,2025-08-15 09:49:14.500,MO2508-C-7500,0.6,0.2,0.6
2025-08-15,2025-08-15 09:49:15.500,MO2508-C-7500,0.6,0.2,0.6
2025-08-15,2025-08-15 09:49:16.000,MO2508-C-7500,0.6,0.2,0.6
2025-08-15,2025-08-15 09:49:22.000,MO2508-C-7500,0.6,0.2,0.6
2025-08-15,2025-08-15 09:49:22.500,MO2508-C-7500,0.6,0.2,0.6
2025-08-15,2025-08-15 09:49:30.000,MO2508-C-7500,0.6,0.2,0.6
2025-08-15,2025-08-15 09:49:30.500,MO2508-C-7500,0.6,0.2,0.6
2025-08-15,2025-08-15 09:49:31.000,MO2508-C-7500,0.6,0.2,0.6
2025-08-15,2025-08-15 09:49:31.500,MO2508-C-7500,0.6,0.2,0.6
2025-08-15,2025-08-15 09:49:42.500,MO2508-C-7500,0.6,0.2,0.6
2025-08-15,2025-08-15 09:49:49.500,MO2508-C-7500,0.2,0.2,0.6
2025-08-15,2025-08-15 09:49:50.000,MO2508-C-7500,0.2,0.2,0.6
2025-08-15,2025-08-15 09:49:56.500,MO2508-C-7500,0.2,0.2,0.6
2025-08-15,2025-08-15 09:50:01.500,MO2508-C-7500,0.2,0.2,0.6
2025-08-15,2025-08-15 09:50:02.000,MO2508-C-7500,0.2,0.2,0.6
2025-08-15,2025-08-15 09:50:16.000,MO2508-C-7500,0.2,0.2,0.4
2025-08-15,2025-08-15 09:50:16.500,MO2508-C-7500,0.2,0.2,0.4
2025-08-15,2025-08-15 09:50:30.500,MO2508-C-7500,0.2,0.2,0.4
2025-08-15,2025-08-15 09:50:34.500,MO2508-C-7500,0.2,0.2,0.4
2025-08-15,2025-08-15 09:50:36.500,MO2508-C-7500,0.2,0.2,0.4
2025-08-15,2025-08-15 09:50:37.000,MO2508-C-7500,0.2,0.2,0.4
2025-08-15,2025-08-15 09:50:44.500,MO2508-C-7500,0.2,0.2,0.4
2025-08-15,2025-08-15 09:50:45.000,MO2508-C-7500,0.2,0.2,0.4
2025-08-15,2025-08-15 09:50:53.500,MO2508-C-7500,0.2,0.0,0.2
2025-08-15,2025-08-15 09:50:54.000,MO2508-C-7500,0.2,0.0,0.2
2025-08-15,2025-08-15 09:50:54.500,MO2508-C-7500,0.2,0.0,0.2
2025-08-15,2025-08-15 09:50:55.000,MO2508-C-7500,0.2,0.0,0.2
2025-08-15,2025-08-15 09:50:58.000,MO2508-C-7500,0.2,0.0,0.2
2025-08-15,2025-08-15 09:50:58.500,MO2508-C-7500,0.2,0.0,0.2
2025-08-15,2025-08-15 09:51:00.000,MO2508-C-7500,0.2,0.0,0.2
2025-08-15,2025-08-15 09:51:01.000,MO2508-C-7500,0.2,0.0,0.2
2025-08-15,2025-08-15 09:51:02.500,MO2508-C-7500,0.2,0.0,0.2
2025-08-15,2025-08-15 09:51:05.000,MO2508-C-7500,0.2,0.0,0.2
2025-08-15,2025-08-15 09:51:47.000,MO2508-C-7500,0.2,0.0,0.2
2025-08-15,2025-08-15 09:51:47.500,MO2508-C-7500,0.2,0.0,0.2
2025-08-15,2025-08-15 09:52:15.500,MO2508-C-7500,0.2,0.0,0.2
2025-08-15,2025-08-15 09:52:16.000,MO2508-C-7500,0.2,0.0,0.2
2025-08-15,2025-08-15 09:53:49.500,MO2508-C-7500,0.2,0.0,0.2
2025-08-15,2025-08-15 09:55:34.000,MO2508-C-7500,0.2,0.0,0.2
2025-08-15,2025-08-15 09:55:34.500,MO2508-C-7500,0.2,0.0,0.2
2025-08-15,2025-08-15 09:56:01.000,MO2508-C-7500,0.2,0.0,0.2
2025-08-15,2025-08-15 09:56:01.500,MO2508-C-7500,0.2,0.0,0.2
2025-08-15,2025-08-15 09:56:26.000,MO2508-C-7500,0.2,0.0,0.2
2025-08-15,2025-08-15 09:56:26.500,MO2508-C-7500,0.2,0.0,0.2
2025-08-15,2025-08-15 09:59:01.500,MO2508-C-7500,0.2,0.0,0.2
2025-08-15,2025-08-15 09:59:03.500,MO2508-C-7500,0.2,0.0,0.2
2025-08-15,2025-08-15 10:03:52.500,MO2508-C-7500,0.2,0.0,0.2
2025-08-15,2025-08-15 10:03:57.500,MO2508-C-7500,0.2,0.0,0.2
2025-08-15,2025-08-15 10:04:37.000,MO2508-C-7500,0.2,0.0,0.2
2025-08-15,2025-08-15 10:04:37.500,MO2508-C-7500,0.2,0.0,0.2
2025-08-15,2025-08-15 10:07:59.000,MO2508-C-7500,0.2,0.0,0.2
2025-08-15,2025-08-15 10:07:59.500,MO2508-C-7500,0.2,0.0,0.2
2025-08-15,2025-08-15 10:08:26.000,MO2508-C-7500,0.2,0.0,0.2
2025-08-15,2025-08-15 10:08:28.000,MO2508-C-7500,0.2,0.0,0.2
2025-08-15,2025-08-15 10:08:51.000,MO2508-C-7500,0.2,0.0,0.2
2025-08-15,2025-08-15 10:10:43.000,MO2508-C-7500,0.2,0.0,0.2
2025-08-15,2025-08-15 10:10:55.500,MO2508-C-7500,0.2,0.0,0.2
2025-08-15,2025-08-15 10:10:56.000,MO2508-C-7500,0.2,0.0,0.2
2025-08-15,2025-08-15 10:11:10.000,MO2508-C-7500,0.2,0.0,0.2
2025-08-15,2025-08-15 10:11:10.500,MO2508-C-7500,0.2,0.0,0.2
2025-08-15,2025-08-15 10:11:11.500,MO2508-C-7500,0.2,0.0,0.2
2025-08-15,2025-08-15 10:11:12.000,MO2508-C-7500,0.2,0.0,0.2
2025-08-15,2025-08-15 10:11:17.000,MO2508-C-7500,0.2,0.0,0.2
2025-08-15,2025-08-15 10:11:19.000,MO2508-C-7500,0.2,0.0,0.2
2025-08-15,2025-08-15 10:11:19.500,MO2508-C-7500,0.2,0.0,0.2
2025-08-15,2025-08-15 10:11:20.000,MO2508-C-7500,0.2,0.0,0.2
2025-08-15,2025-08-15 10:11:24.000,MO2508-C-7500,0.2,0.0,0.2
2025-08-15,2025-08-15 10:11:26.500,MO2508-C-7500,0.2,0.0,0.2
2025-08-15,2025-08-15 10:11:27.500,MO2508-C-7500,0.2,0.0,0.2
2025-08-15,2025-08-15 10:12:21.500,MO2508-C-7500,0.2,0.0,0.2
2025-08-15,2025-08-15 10:12:22.000,MO2508-C-7500,0.2,0.0,0.2
2025-08-15,2025-08-15 10:12:23.000,MO2508-C-7500,0.2,0.0,0.2
2025-08-15,2025-08-15 10:12:23.500,MO2508-C-7500,0.2,0.0,0.2
2025-08-15,2025-08-15 10:12:36.000,MO2508-C-7500,0.2,0.0,0.2
2025-08-15,2025-08-15 10:12:36.500,MO2508-C-7500,0.2,0.0,0.2
2025-08-15,2025-08-15 10:12:38.500,MO2508-C-7500,0.2,0.0,0.2
2025-08-15,2025-08-15 10:12:39.000,MO2508-C-7500,0.2,0.0,0.2
2025-08-15,2025-08-15 10:12:43.500,MO2508-C-7500,0.2,0.0,0.2
2025-08-15,2025-08-15 10:12:44.000,MO2508-C-7500,0.2,0.0,0.2
2025-08-15,2025-08-15 10:12:47.000,MO2508-C-7500,0.2,0.0,0.2
2025-08-15,2025-08-15 10:13:04.500,MO2508-C-7500,0.2,0.0,0.2
2025-08-15,2025-08-15 10:13:05.000,MO2508-C-7500,0.2,0.0,0.2
2025-08-15,2025-08-15 10:13:12.500,MO2508-C-7500,0.2,0.0,0.2
2025-08-15,2025-08-15 10:13:13.000,MO2508-C-7500,0.2,0.0,0.2
2025-08-15,2025-08-15 10:13:48.000,MO2508-C-7500,0.2,0.0,0.2
2025-08-15,2025-08-15 10:13:53.000,MO2508-C-7500,0.2,0.0,0.2
2025-08-15,2025-08-15 10:13:53.500,MO2508-C-7500,0.2,0.0,0.2
2025-08-15,2025-08-15 10:13:54.500,MO2508-C-7500,0.2,0.0,0.2
2025-08-15,2025-08-15 10:13:55.000,MO2508-C-7500,0.2,0.0,0.2
2025-08-15,2025-08-15 10:13:57.000,MO2508-C-7500,0.2,0.0,0.2
2025-08-15,2025-08-15 10:13:57.500,MO2508-C-7500,0.2,0.0,0.2
2025-08-15,2025-08-15 10:14:02.500,MO2508-C-7500,0.2,0.0,0.2
2025-08-15,2025-08-15 10:14:03.000,MO2508-C-7500,0.2,0.0,0.2
2025-08-15,2025-08-15 10:14:04.500,MO2508-C-7500,0.2,0.0,0.2
2025-08-15,2025-08-15 10:14:16.000,MO2508-C-7500,0.2,0.0,0.2
2025-08-15,2025-08-15 10:15:12.000,MO2508-C-7500,0.2,0.0,0.2
2025-08-15,2025-08-15 10:15:49.000,MO2508-C-7500,0.2,0.0,0.2
2025-08-15,2025-08-15 10:15:51.500,MO2508-C-7500,0.2,0.0,0.2
2025-08-15,2025-08-15 10:15:52.000,MO2508-C-7500,0.2,0.0,0.2
2025-08-15,2025-08-15 10:18:05.500,MO2508-C-7500,0.2,0.0,0.2
2025-08-15,2025-08-15 10:18:06.000,MO2508-C-7500,0.2,0.0,0.2
2025-08-15,2025-08-15 10:18:07.000,MO2508-C-7500,0.2,0.0,0.2
2025-08-15,2025-08-15 10:19:13.000,MO2508-C-7500,0.2,0.0,0.2
2025-08-15,2025-08-15 10:22:19.000,MO2508-C-7500,0.2,0.0,0.2
2025-08-15,2025-08-15 10:23:32.000,MO2508-C-7500,0.2,0.0,0.2
2025-08-15,2025-08-15 10:23:32.500,MO2508-C-7500,0.2,0.0,0.2
2025-08-15,2025-08-15 10:26:04.000,MO2508-C-7500,0.2,0.0,0.2
2025-08-15,2025-08-15 10:26:04.500,MO2508-C-7500,0.2,0.0,0.2
2025-08-15,2025-08-15 10:28:09.500,MO2508-C-7500,0.2,0.0,0.2
2025-08-15,2025-08-15 10:28:10.000,MO2508-C-7500,0.2,0.0,0.2
2025-08-15,2025-08-15 10:28:16.500,MO2508-C-7500,0.2,0.0,0.2
2025-08-15,2025-08-15 10:28:17.000,MO2508-C-7500,0.2,0.0,0.2
2025-08-15,2025-08-15 10:28:21.500,MO2508-C-7500,0.2,0.0,0.2
2025-08-15,2025-08-15 10:28:22.500,MO2508-C-7500,0.2,0.0,0.2
2025-08-15,2025-08-15 10:28:24.000,MO2508-C-7500,0.2,0.0,0.2
2025-08-15,2025-08-15 10:28:25.000,MO2508-C-7500,0.2,0.0,0.2
2025-08-15,2025-08-15 10:28:25.500,MO2508-C-7500,0.2,0.0,0.2
2025-08-15,2025-08-15 10:28:27.500,MO2508-C-7500,0.2,0.0,0.2
2025-08-15,2025-08-15 10:28:28.000,MO2508-C-7500,0.2,0.0,0.2
2025-08-15,2025-08-15 10:28:28.500,MO2508-C-7500,0.2,0.0,0.2
2025-08-15,2025-08-15 10:32:56.000,MO2508-C-7500,0.2,0.0,0.2
2025-08-15,2025-08-15 10:33:14.000,MO2508-C-7500,0.2,0.0,0.2
2025-08-15,2025-08-15 10:33:14.500,MO2508-C-7500,0.2,0.0,0.2
2025-08-15,2025-08-15 10:33:55.500,MO2508-C-7500,0.2,0.0,0.2
2025-08-15,2025-08-15 10:33:56.000,MO2508-C-7500,0.2,0.0,0.2
2025-08-15,2025-08-15 10:33:58.000,MO2508-C-7500,0.2,0.0,0.2
2025-08-15,2025-08-15 10:33:58.500,MO2508-C-7500,0.2,0.0,0.2
2025-08-15,2025-08-15 10:34:37.500,MO2508-C-7500,0.2,0.0,0.2
2025-08-15,2025-08-15 10:34:38.000,MO2508-C-7500,0.2,0.0,0.2
2025-08-15,2025-08-15 10:34:39.500,MO2508-C-7500,0.2,0.0,0.2
2025-08-15,2025-08-15 10:34:40.000,MO2508-C-7500,0.2,0.0,0.2
2025-08-15,2025-08-15 10:35:26.500,MO2508-C-7500,0.2,0.0,0.2
2025-08-15,2025-08-15 10:35:27.000,MO2508-C-7500,0.2,0.0,0.2
2025-08-15,2025-08-15 10:35:44.500,MO2508-C-7500,0.2,0.0,0.2
2025-08-15,2025-08-15 10:35:45.000,MO2508-C-7500,0.2,0.0,0.2
2025-08-15,2025-08-15 10:35:57.000,MO2508-C-7500,0.2,0.0,0.2
2025-08-15,2025-08-15 10:35:57.500,MO2508-C-7500,0.2,0.0,0.2
2025-08-15,2025-08-15 10:36:05.000,MO2508-C-7500,0.2,0.0,0.2
2025-08-15,2025-08-15 10:36:05.500,MO2508-C-7500,0.2,0.0,0.2
2025-08-15,2025-08-15 10:36:12.500,MO2508-C-7500,0.2,0.0,0.2
2025-08-15,2025-08-15 10:36:13.000,MO2508-C-7500,0.2,0.0,0.2
2025-08-15,2025-08-15 10:38:30.500,MO2508-C-7500,0.2,0.0,0.2
2025-08-15,2025-08-15 10:38:31.000,MO2508-C-7500,0.2,0.0,0.2
2025-08-15,2025-08-15 10:38:46.000,MO2508-C-7500,0.2,0.0,0.2
2025-08-15,2025-08-15 10:38:46.500,MO2508-C-7500,0.2,0.0,0.2
2025-08-15,2025-08-15 10:39:01.500,MO2508-C-7500,0.2,0.0,0.2
2025-08-15,2025-08-15 10:39:02.000,MO2508-C-7500,0.2,0.0,0.2
2025-08-15,2025-08-15 10:39:13.500,MO2508-C-7500,0.2,0.0,0.2
2025-08-15,2025-08-15 10:39:14.000,MO2508-C-7500,0.2,0.0,0.2
2025-08-15,2025-08-15 10:39:29.000,MO2508-C-7500,0.2,0.0,0.2
2025-08-15,2025-08-15 10:39:29.500,MO2508-C-7500,0.2,0.0,0.2
2025-08-15,2025-08-15 10:39:32.500,MO2508-C-7500,0.2,0.0,0.2
2025-08-15,2025-08-15 10:39:33.000,MO2508-C-7500,0.2,0.0,0.2
2025-08-15,2025-08-15 10:39:47.000,MO2508-C-7500,0.2,0.0,0.2
2025-08-15,2025-08-15 10:39:47.500,MO2508-C-7500,0.2,0.0,0.2
2025-08-15,2025-08-15 10:39:51.000,MO2508-C-7500,0.2,0.0,0.2
2025-08-15,2025-08-15 10:39:53.000,MO2508-C-7500,0.2,0.0,0.2
2025-08-15,2025-08-15 10:39:53.500,MO2508-C-7500,0.2,0.0,0.2
2025-08-15,2025-08-15 10:39:54.000,MO2508-C-7500,0.2,0.0,0.2
2025-08-15,2025-08-15 10:39:54.500,MO2508-C-7500,0.2,0.0,0.2
2025-08-15,2025-08-15 10:39:55.500,MO2508-C-7500,0.2,0.0,0.2
2025-08-15,2025-08-15 10:39:58.000,MO2508-C-7500,0.2,0.0,0.2
2025-08-15,2025-08-15 10:40:02.000,MO2508-C-7500,0.2,0.0,0.2
2025-08-15,2025-08-15 10:40:04.000,MO2508-C-7500,0.2,0.0,0.2
2025-08-15,2025-08-15 10:40:16.000,MO2508-C-7500,0.2,0.0,0.2
2025-08-15,2025-08-15 10:40:16.500,MO2508-C-7500,0.2,0.0,0.2
2025-08-15,2025-08-15 10:40:32.000,MO2508-C-7500,0.2,0.0,0.2
2025-08-15,2025-08-15 10:40:32.500,MO2508-C-7500,0.2,0.0,0.2
2025-08-15,2025-08-15 10:40:49.500,MO2508-C-7500,0.2,0.0,0.2
2025-08-15,2025-08-15 10:40:50.000,MO2508-C-7500,0.2,0.0,0.2
2025-08-15,2025-08-15 10:40:54.000,MO2508-C-7500,0.2,0.0,0.2
2025-08-15,2025-08-15 10:40:54.500,MO2508-C-7500,0.2,0.0,0.2
2025-08-15,2025-08-15 10:41:21.500,MO2508-C-7500,0.2,0.0,0.2
2025-08-15,2025-08-15 10:41:23.000,MO2508-C-7500,0.2,0.0,0.2
2025-08-15,2025-08-15 10:41:23.500,MO2508-C-7500,0.2,0.0,0.2
2025-08-15,2025-08-15 10:41:29.500,MO2508-C-7500,0.2,0.0,0.2
2025-08-15,2025-08-15 10:41:30.000,MO2508-C-7500,0.2,0.0,0.2
2025-08-15,2025-08-15 10:41:40.500,MO2508-C-7500,0.2,0.0,0.2
2025-08-15,2025-08-15 10:41:41.000,MO2508-C-7500,0.2,0.0,0.2
2025-08-15,2025-08-15 10:41:43.500,MO2508-C-7500,0.2,0.0,0.2
2025-08-15,2025-08-15 10:41:45.500,MO2508-C-7500,0.2,0.0,0.2
2025-08-15,2025-08-15 10:41:47.000,MO2508-C-7500,0.2,0.0,0.2
2025-08-15,2025-08-15 10:41:48.000,MO2508-C-7500,0.2,0.0,0.2
2025-08-15,2025-08-15 10:41:48.500,MO2508-C-7500,0.2,0.0,0.2
2025-08-15,2025-08-15 10:41:49.000,MO2508-C-7500,0.2,0.0,0.2
2025-08-15,2025-08-15 10:42:12.000,MO2508-C-7500,0.2,0.0,0.2
2025-08-15,2025-08-15 10:42:12.500,MO2508-C-7500,0.2,0.0,0.2
2025-08-15,2025-08-15 10:42:31.000,MO2508-C-7500,0.2,0.0,0.2
2025-08-15,2025-08-15 10:42:33.000,MO2508-C-7500,0.2,0.0,0.2
2025-08-15,2025-08-15 10:42:36.500,MO2508-C-7500,0.2,0.0,0.2
2025-08-15,2025-08-15 10:42:37.000,MO2508-C-7500,0.2,0.0,0.2
2025-08-15,2025-08-15 10:42:40.000,MO2508-C-7500,0.2,0.0,0.2
2025-08-15,2025-08-15 10:42:42.000,MO2508-C-7500,0.2,0.0,0.2
2025-08-15,2025-08-15 10:42:51.500,MO2508-C-7500,0.2,0.0,0.2
2025-08-15,2025-08-15 10:42:52.000,MO2508-C-7500,0.2,0.0,0.2
2025-08-15,2025-08-15 10:43:00.500,MO2508-C-7500,0.2,0.0,0.2
2025-08-15,2025-08-15 10:43:01.000,MO2508-C-7500,0.2,0.0,0.2
2025-08-15,2025-08-15 10:43:23.500,MO2508-C-7500,0.2,0.0,0.2
2025-08-15,2025-08-15 10:43:24.000,MO2508-C-7500,0.2,0.0,0.2
2025-08-15,2025-08-15 10:44:20.500,MO2508-C-7500,0.2,0.0,0.2
2025-08-15,2025-08-15 10:44:21.000,MO2508-C-7500,0.2,0.0,0.2
2025-08-15,2025-08-15 10:44:23.500,MO2508-C-7500,0.2,0.0,0.2
2025-08-15,2025-08-15 10:44:24.000,MO2508-C-7500,0.2,0.0,0.2
2025-08-15,2025-08-15 10:44:40.000,MO2508-C-7500,0.2,0.0,0.2
2025-08-15,2025-08-15 10:44:40.500,MO2508-C-7500,0.2,0.0,0.2
2025-08-15,2025-08-15 10:44:45.000,MO2508-C-7500,0.2,0.0,0.2
2025-08-15,2025-08-15 10:44:46.000,MO2508-C-7500,0.2,0.0,0.2
2025-08-15,2025-08-15 10:44:48.500,MO2508-C-7500,0.2,0.0,0.2
2025-08-15,2025-08-15 10:44:52.000,MO2508-C-7500,0.2,0.0,0.2
2025-08-15,2025-08-15 10:44:53.000,MO2508-C-7500,0.2,0.0,0.2
2025-08-15,2025-08-15 10:44:55.500,MO2508-C-7500,0.2,0.0,0.2
2025-08-15,2025-08-15 10:44:56.500,MO2508-C-7500,0.2,0.0,0.2
2025-08-15,2025-08-15 10:44:59.000,MO2508-C-7500,0.2,0.0,0.2
2025-08-15,2025-08-15 10:44:59.500,MO2508-C-7500,0.2,0.0,0.2
2025-08-15,2025-08-15 10:45:10.500,MO2508-C-7500,0.2,0.0,0.2
2025-08-15,2025-08-15 10:45:11.000,MO2508-C-7500,0.2,0.0,0.2
2025-08-15,2025-08-15 10:45:11.500,MO2508-C-7500,0.2,0.0,0.2
2025-08-15,2025-08-15 10:45:12.000,MO2508-C-7500,0.2,0.0,0.2
2025-08-15,2025-08-15 10:45:16.000,MO2508-C-7500,0.2,0.0,0.2
2025-08-15,2025-08-15 10:45:16.500,MO2508-C-7500,0.2,0.0,0.2
2025-08-15,2025-08-15 10:46:10.000,MO2508-C-7500,0.2,0.0,0.2
2025-08-15,2025-08-15 10:46:10.500,MO2508-C-7500,0.2,0.0,0.2
2025-08-15,2025-08-15 10:46:24.500,MO2508-C-7500,0.2,0.0,0.2
2025-08-15,2025-08-15 10:46:25.000,MO2508-C-7500,0.2,0.0,0.2
2025-08-15,2025-08-15 10:46:36.500,MO2508-C-7500,0.2,0.0,0.2
2025-08-15,2025-08-15 10:46:43.500,MO2508-C-7500,0.2,0.0,0.2
2025-08-15,2025-08-15 10:46:44.500,MO2508-C-7500,0.2,0.0,0.2
2025-08-15,2025-08-15 10:46:45.500,MO2508-C-7500,0.2,0.0,0.2
2025-08-15,2025-08-15 10:46:47.000,MO2508-C-7500,0.2,0.0,0.2
2025-08-15,2025-08-15 10:46:47.500,MO2508-C-7500,0.2,0.0,0.2
2025-08-15,2025-08-15 10:46:49.500,MO2508-C-7500,0.2,0.0,0.2
2025-08-15,2025-08-15 10:46:50.000,MO2508-C-7500,0.2,0.0,0.2
2025-08-15,2025-08-15 10:46:52.000,MO2508-C-7500,0.2,0.0,0.2
2025-08-15,2025-08-15 10:46:57.500,MO2508-C-7500,0.2,0.0,0.2
2025-08-15,2025-08-15 10:46:59.500,MO2508-C-7500,0.2,0.0,0.2
2025-08-15,2025-08-15 10:47:01.500,MO2508-C-7500,0.2,0.0,0.2
2025-08-15,2025-08-15 10:47:02.000,MO2508-C-7500,0.2,0.0,0.2
2025-08-15,2025-08-15 10:47:06.000,MO2508-C-7500,0.2,0.0,0.2
2025-08-15,2025-08-15 10:47:06.500,MO2508-C-7500,0.2,0.0,0.2
2025-08-15,2025-08-15 10:47:07.000,MO2508-C-7500,0.2,0.0,0.2
2025-08-15,2025-08-15 10:47:12.500,MO2508-C-7500,0.2,0.0,0.2
2025-08-15,2025-08-15 10:47:13.000,MO2508-C-7500,0.2,0.0,0.2
2025-08-15,2025-08-15 10:47:21.000,MO2508-C-7500,0.2,0.0,0.2
2025-08-15,2025-08-15 10:47:21.500,MO2508-C-7500,0.2,0.0,0.2
2025-08-15,2025-08-15 10:47:35.000,MO2508-C-7500,0.2,0.0,0.2
2025-08-15,2025-08-15 10:47:35.500,MO2508-C-7500,0.2,0.0,0.2
2025-08-15,2025-08-15 10:47:40.500,MO2508-C-7500,0.2,0.0,0.2
2025-08-15,2025-08-15 10:47:41.000,MO2508-C-7500,0.2,0.0,0.2
2025-08-15,2025-08-15 10:47:43.500,MO2508-C-7500,0.2,0.0,0.2
2025-08-15,2025-08-15 10:47:44.000,MO2508-C-7500,0.2,0.0,0.2
2025-08-15,2025-08-15 10:47:48.500,MO2508-C-7500,0.2,0.0,0.2
2025-08-15,2025-08-15 10:48:00.000,MO2508-C-7500,0.2,0.0,0.2
2025-08-15,2025-08-15 10:48:00.500,MO2508-C-7500,0.2,0.0,0.2
2025-08-15,2025-08-15 10:48:03.500,MO2508-C-7500,0.2,0.0,0.2
2025-08-15,2025-08-15 10:48:04.500,MO2508-C-7500,0.2,0.0,0.2
2025-08-15,2025-08-15 10:48:29.000,MO2508-C-7500,0.2,0.0,0.2
2025-08-15,2025-08-15 10:48:39.500,MO2508-C-7500,0.2,0.0,0.2
2025-08-15,2025-08-15 10:48:41.000,MO2508-C-7500,0.2,0.0,0.2
2025-08-15,2025-08-15 10:48:54.000,MO2508-C-7500,0.2,0.0,0.2
2025-08-15,2025-08-15 10:48:54.500,MO2508-C-7500,0.2,0.0,0.2
2025-08-15,2025-08-15 10:48:58.500,MO2508-C-7500,0.2,0.0,0.2
2025-08-15,2025-08-15 10:48:59.000,MO2508-C-7500,0.2,0.0,0.2
2025-08-15,2025-08-15 10:49:01.500,MO2508-C-7500,0.2,0.0,0.2
2025-08-15,2025-08-15 10:49:02.000,MO2508-C-7500,0.2,0.0,0.2
2025-08-15,2025-08-15 10:49:05.500,MO2508-C-7500,0.2,0.0,0.2
2025-08-15,2025-08-15 10:49:06.000,MO2508-C-7500,0.2,0.0,0.2
2025-08-15,2025-08-15 10:49:09.500,MO2508-C-7500,0.2,0.0,0.2
2025-08-15,2025-08-15 10:49:10.000,MO2508-C-7500,0.2,0.0,0.2
2025-08-15,2025-08-15 10:49:43.000,MO2508-C-7500,0.2,0.0,0.2
2025-08-15,2025-08-15 10:49:43.500,MO2508-C-7500,0.2,0.0,0.2
2025-08-15,2025-08-15 10:50:18.500,MO2508-C-7500,0.2,0.0,0.2
2025-08-15,2025-08-15 10:50:20.000,MO2508-C-7500,0.2,0.0,0.2
2025-08-15,2025-08-15 10:50:22.500,MO2508-C-7500,0.2,0.0,0.2
2025-08-15,2025-08-15 10:50:24.000,MO2508-C-7500,0.2,0.0,0.2
2025-08-15,2025-08-15 10:50:36.000,MO2508-C-7500,0.2,0.0,0.2
2025-08-15,2025-08-15 10:50:36.500,MO2508-C-7500,0.2,0.0,0.2
2025-08-15,2025-08-15 10:50:43.000,MO2508-C-7500,0.2,0.0,0.2
2025-08-15,2025-08-15 10:50:44.000,MO2508-C-7500,0.2,0.0,0.2
2025-08-15,2025-08-15 10:50:45.000,MO2508-C-7500,0.2,0.0,0.2
2025-08-15,2025-08-15 10:50:46.000,MO2508-C-7500,0.2,0.0,0.2
2025-08-15,2025-08-15 10:51:28.000,MO2508-C-7500,0.2,0.0,0.2
2025-08-15,2025-08-15 10:51:32.000,MO2508-C-7500,0.2,0.0,0.2
2025-08-15,2025-08-15 10:52:13.500,MO2508-C-7500,0.2,0.0,0.2
2025-08-15,2025-08-15 10:52:16.000,MO2508-C-7500,0.2,0.0,0.2
2025-08-15,2025-08-15 10:53:46.000,MO2508-C-7500,0.2,0.0,0.2
2025-08-15,2025-08-15 10:53:46.500,MO2508-C-7500,0.2,0.0,0.2
2025-08-15,2025-08-15 10:53:50.500,MO2508-C-7500,0.2,0.0,0.2
2025-08-15,2025-08-15 10:53:51.000,MO2508-C-7500,0.2,0.0,0.2
2025-08-15,2025-08-15 10:54:03.000,MO2508-C-7500,0.2,0.0,0.2
2025-08-15,2025-08-15 10:54:05.000,MO2508-C-7500,0.2,0.0,0.2
2025-08-15,2025-08-15 10:54:26.500,MO2508-C-7500,0.2,0.0,0.2
2025-08-15,2025-08-15 10:54:27.000,MO2508-C-7500,0.2,0.0,0.2
2025-08-15,2025-08-15 10:54:27.500,MO2508-C-7500,0.2,0.0,0.2
2025-08-15,2025-08-15 10:54:28.000,MO2508-C-7500,0.2,0.0,0.2
2025-08-15,2025-08-15 10:54:28.500,MO2508-C-7500,0.2,0.0,0.2
2025-08-15,2025-08-15 10:54:29.000,MO2508-C-7500,0.2,0.0,0.2
2025-08-15,2025-08-15 10:54:31.500,MO2508-C-7500,0.2,0.0,0.2
2025-08-15,2025-08-15 10:54:32.000,MO2508-C-7500,0.2,0.0,0.2
2025-08-15,2025-08-15 10:54:33.500,MO2508-C-7500,0.2,0.0,0.2
2025-08-15,2025-08-15 10:54:34.500,MO2508-C-7500,0.2,0.0,0.2
2025-08-15,2025-08-15 10:54:35.500,MO2508-C-7500,0.2,0.0,0.2
2025-08-15,2025-08-15 10:54:36.000,MO2508-C-7500,0.2,0.0,0.2
2025-08-15,2025-08-15 10:54:47.500,MO2508-C-7500,0.2,0.0,0.2
2025-08-15,2025-08-15 10:54:48.000,MO2508-C-7500,0.2,0.0,0.2
2025-08-15,2025-08-15 10:55:03.000,MO2508-C-7500,0.2,0.0,0.2
2025-08-15,2025-08-15 10:55:03.500,MO2508-C-7500,0.2,0.0,0.2
2025-08-15,2025-08-15 10:55:13.000,MO2508-C-7500,0.2,0.0,0.2
2025-08-15,2025-08-15 10:55:13.500,MO2508-C-7500,0.2,0.0,0.2
2025-08-15,2025-08-15 10:55:43.000,MO2508-C-7500,0.2,0.0,0.2
2025-08-15,2025-08-15 10:55:44.500,MO2508-C-7500,0.2,0.0,0.2
2025-08-15,2025-08-15 10:55:51.000,MO2508-C-7500,0.2,0.0,0.2
2025-08-15,2025-08-15 10:55:51.500,MO2508-C-7500,0.2,0.0,0.2
2025-08-15,2025-08-15 10:56:00.500,MO2508-C-7500,0.2,0.0,0.2
2025-08-15,2025-08-15 10:56:01.000,MO2508-C-7500,0.2,0.0,0.2
2025-08-15,2025-08-15 10:56:03.000,MO2508-C-7500,0.2,0.0,0.2
2025-08-15,2025-08-15 10:56:03.500,MO2508-C-7500,0.2,0.0,0.2
2025-08-15,2025-08-15 10:56:07.000,MO2508-C-7500,0.2,0.0,0.2
2025-08-15,2025-08-15 10:56:07.500,MO2508-C-7500,0.2,0.0,0.2
2025-08-15,2025-08-15 10:56:08.000,MO2508-C-7500,0.2,0.0,0.2
2025-08-15,2025-08-15 10:56:10.500,MO2508-C-7500,0.2,0.0,0.2
2025-08-15,2025-08-15 10:56:11.000,MO2508-C-7500,0.2,0.0,0.2
2025-08-15,2025-08-15 10:56:13.500,MO2508-C-7500,0.2,0.0,0.2
2025-08-15,2025-08-15 10:56:16.500,MO2508-C-7500,0.2,0.0,0.2
2025-08-15,2025-08-15 10:56:17.000,MO2508-C-7500,0.2,0.0,0.2
2025-08-15,2025-08-15 10:56:20.000,MO2508-C-7500,0.2,0.0,0.2
2025-08-15,2025-08-15 10:56:20.500,MO2508-C-7500,0.2,0.0,0.2
2025-08-15,2025-08-15 10:56:27.500,MO2508-C-7500,0.2,0.0,0.2
2025-08-15,2025-08-15 10:56:29.000,MO2508-C-7500,0.2,0.0,0.2
2025-08-15,2025-08-15 10:56:31.000,MO2508-C-7500,0.2,0.0,0.2
2025-08-15,2025-08-15 10:56:32.000,MO2508-C-7500,0.2,0.0,0.2
2025-08-15,2025-08-15 10:59:10.000,MO2508-C-7500,0.2,0.0,0.2
2025-08-15,2025-08-15 10:59:11.000,MO2508-C-7500,0.2,0.0,0.2
2025-08-15,2025-08-15 10:59:19.000,MO2508-C-7500,0.2,0.0,0.2
2025-08-15,2025-08-15 10:59:22.000,MO2508-C-7500,0.2,0.0,0.2
2025-08-15,2025-08-15 10:59:50.000,MO2508-C-7500,0.2,0.0,0.2
2025-08-15,2025-08-15 10:59:50.500,MO2508-C-7500,0.2,0.0,0.2
2025-08-15,2025-08-15 11:07:31.500,MO2508-C-7500,0.2,0.0,0.2
2025-08-15,2025-08-15 11:08:54.500,MO2508-C-7500,0.2,0.0,0.2
2025-08-15,2025-08-15 11:10:28.500,MO2508-C-7500,0.2,0.0,0.2
2025-08-15,2025-08-15 11:11:40.500,MO2508-C-7500,0.2,0.0,0.2
2025-08-15,2025-08-15 11:18:16.000,MO2508-C-7500,0.2,0.0,0.2
2025-08-15,2025-08-15 11:18:16.500,MO2508-C-7500,0.2,0.0,0.2
2025-08-15,2025-08-15 11:18:49.500,MO2508-C-7500,0.2,0.0,0.2
2025-08-15,2025-08-15 11:18:50.000,MO2508-C-7500,0.2,0.0,0.2
2025-08-15,2025-08-15 11:20:27.000,MO2508-C-7500,0.2,0.0,0.2
2025-08-15,2025-08-15 11:20:27.500,MO2508-C-7500,0.2,0.0,0.2
2025-08-15,2025-08-15 11:20:33.500,MO2508-C-7500,0.2,0.0,0.2
2025-08-15,2025-08-15 11:20:34.000,MO2508-C-7500,0.2,0.0,0.2
2025-08-15,2025-08-15 11:20:35.500,MO2508-C-7500,0.2,0.0,0.2
2025-08-15,2025-08-15 11:20:36.000,MO2508-C-7500,0.2,0.0,0.2
2025-08-15,2025-08-15 11:22:33.000,MO2508-C-7500,0.2,0.0,0.2
2025-08-15,2025-08-15 11:22:33.500,MO2508-C-7500,0.2,0.0,0.2
2025-08-15,2025-08-15 11:23:17.500,MO2508-C-7500,0.2,0.0,0.2
2025-08-15,2025-08-15 11:23:18.000,MO2508-C-7500,0.2,0.0,0.2
2025-08-15,2025-08-15 11:23:53.500,MO2508-C-7500,0.2,0.0,0.2
2025-08-15,2025-08-15 11:23:54.000,MO2508-C-7500,0.2,0.0,0.2
2025-08-15,2025-08-15 11:24:04.500,MO2508-C-7500,0.2,0.0,0.2
2025-08-15,2025-08-15 11:24:05.500,MO2508-C-7500,0.2,0.0,0.2
2025-08-15,2025-08-15 11:24:12.000,MO2508-C-7500,0.2,0.0,0.2
2025-08-15,2025-08-15 11:24:12.500,MO2508-C-7500,0.2,0.0,0.2
2025-08-15,2025-08-15 11:24:29.500,MO2508-C-7500,0.2,0.0,0.2
2025-08-15,2025-08-15 11:24:31.000,MO2508-C-7500,0.2,0.0,0.2
2025-08-15,2025-08-15 11:24:42.500,MO2508-C-7500,0.2,0.0,0.2
2025-08-15,2025-08-15 11:25:06.000,MO2508-C-7500,0.2,0.0,0.2
2025-08-15,2025-08-15 11:25:47.500,MO2508-C-7500,0.2,0.0,0.2
2025-08-15,2025-08-15 11:26:31.000,MO2508-C-7500,0.2,0.0,0.2
2025-08-15,2025-08-15 11:26:32.500,MO2508-C-7500,0.2,0.0,0.2
2025-08-15,2025-08-15 11:27:06.500,MO2508-C-7500,0.2,0.0,0.2
2025-08-15,2025-08-15 11:27:07.000,MO2508-C-7500,0.2,0.0,0.2
2025-08-15,2025-08-15 11:27:59.000,MO2508-C-7500,0.2,0.0,0.2
2025-08-15,2025-08-15 11:28:00.000,MO2508-C-7500,0.2,0.0,0.2
2025-08-15,2025-08-15 11:28:32.000,MO2508-C-7500,0.2,0.0,0.2
2025-08-15,2025-08-15 11:28:33.000,MO2508-C-7500,0.2,0.0,0.2
2025-08-15,2025-08-15 11:29:20.500,MO2508-C-7500,0.2,0.0,0.2
2025-08-15,2025-08-15 11:29:30.500,MO2508-C-7500,0.2,0.0,0.2
2025-08-15,2025-08-15 11:29:31.500,MO2508-C-7500,0.2,0.0,0.2
2025-08-15,2025-08-15 11:29:34.000,MO2508-C-7500,0.2,0.0,0.2
2025-08-15,2025-08-15 11:29:35.000,MO2508-C-7500,0.2,0.0,0.2
2025-08-15,2025-08-15 11:29:35.500,MO2508-C-7500,0.2,0.0,0.2
2025-08-15,2025-08-15 11:29:36.000,MO2508-C-7500,0.2,0.0,0.2
2025-08-15,2025-08-15 11:29:41.500,MO2508-C-7500,0.2,0.0,0.2
2025-08-15,2025-08-15 11:29:43.000,MO2508-C-7500,0.2,0.0,0.2
2025-08-15,2025-08-15 11:29:45.000,MO2508-C-7500,0.2,0.0,0.2
2025-08-15,2025-08-15 11:29:45.500,MO2508-C-7500,0.2,0.0,0.2
2025-08-15,2025-08-15 11:29:46.500,MO2508-C-7500,0.2,0.0,0.2
2025-08-15,2025-08-15 11:29:47.500,MO2508-C-7500,0.2,0.0,0.2
2025-08-15,2025-08-15 11:29:48.500,MO2508-C-7500,0.2,0.0,0.2
2025-08-15,2025-08-15 11:29:49.500,MO2508-C-7500,0.2,0.0,0.2
2025-08-15,2025-08-15 11:29:50.000,MO2508-C-7500,0.2,0.0,0.2
2025-08-15,2025-08-15 11:29:50.500,MO2508-C-7500,0.2,0.0,0.2
2025-08-15,2025-08-15 11:29:51.000,MO2508-C-7500,0.2,0.0,0.2
2025-08-15,2025-08-15 11:29:53.000,MO2508-C-7500,0.2,0.0,0.2
2025-08-15,2025-08-15 11:30:00.000,MO2508-C-7500,0.2,0.0,0.2
2025-08-15,2025-08-15 13:00:00.500,MO2508-C-7500,0.2,0.0,0.2
2025-08-15,2025-08-15 13:00:01.000,MO2508-C-7500,0.2,0.0,0.2
2025-08-15,2025-08-15 13:00:01.500,MO2508-C-7500,0.2,0.0,0.2
2025-08-15,2025-08-15 13:00:10.000,MO2508-C-7500,0.2,0.0,0.2
2025-08-15,2025-08-15 13:00:10.500,MO2508-C-7500,0.2,0.0,0.2
2025-08-15,2025-08-15 13:00:11.000,MO2508-C-7500,0.2,0.0,0.2
2025-08-15,2025-08-15 13:00:12.000,MO2508-C-7500,0.2,0.0,0.2
2025-08-15,2025-08-15 13:00:12.500,MO2508-C-7500,0.2,0.0,0.2
2025-08-15,2025-08-15 13:00:15.500,MO2508-C-7500,0.2,0.0,0.2
2025-08-15,2025-08-15 13:00:18.500,MO2508-C-7500,0.2,0.0,0.2
2025-08-15,2025-08-15 13:00:19.000,MO2508-C-7500,0.2,0.0,0.2
2025-08-15,2025-08-15 13:00:39.500,MO2508-C-7500,0.2,0.0,0.2
2025-08-15,2025-08-15 13:00:40.000,MO2508-C-7500,0.2,0.0,0.2
2025-08-15,2025-08-15 13:01:00.000,MO2508-C-7500,0.2,0.0,0.2
2025-08-15,2025-08-15 13:01:00.500,MO2508-C-7500,0.2,0.0,0.2
2025-08-15,2025-08-15 13:01:03.500,MO2508-C-7500,0.2,0.0,0.2
2025-08-15,2025-08-15 13:01:32.000,MO2508-C-7500,0.2,0.0,0.2
2025-08-15,2025-08-15 13:01:38.500,MO2508-C-7500,0.2,0.0,0.2
2025-08-15,2025-08-15 13:01:39.000,MO2508-C-7500,0.2,0.0,0.2
2025-08-15,2025-08-15 13:01:54.500,MO2508-C-7500,0.2,0.0,0.2
2025-08-15,2025-08-15 13:02:01.500,MO2508-C-7500,0.2,0.0,0.2
2025-08-15,2025-08-15 13:02:02.000,MO2508-C-7500,0.2,0.0,0.2
2025-08-15,2025-08-15 13:02:15.000,MO2508-C-7500,0.2,0.0,0.2
2025-08-15,2025-08-15 13:02:26.500,MO2508-C-7500,0.2,0.0,0.2
2025-08-15,2025-08-15 13:02:27.000,MO2508-C-7500,0.2,0.0,0.2
2025-08-15,2025-08-15 13:02:37.000,MO2508-C-7500,0.2,0.0,0.2
2025-08-15,2025-08-15 13:02:38.500,MO2508-C-7500,0.2,0.0,0.2
2025-08-15,2025-08-15 13:02:39.500,MO2508-C-7500,0.2,0.0,0.2
2025-08-15,2025-08-15 13:02:42.000,MO2508-C-7500,0.2,0.0,0.2
2025-08-15,2025-08-15 13:02:43.500,MO2508-C-7500,0.2,0.0,0.2
2025-08-15,2025-08-15 13:02:46.500,MO2508-C-7500,0.2,0.0,0.2
2025-08-15,2025-08-15 13:02:58.500,MO2508-C-7500,0.2,0.0,0.2
2025-08-15,2025-08-15 13:03:06.000,MO2508-C-7500,0.2,0.0,0.2
2025-08-15,2025-08-15 13:03:06.500,MO2508-C-7500,0.2,0.0,0.2
2025-08-15,2025-08-15 13:03:10.000,MO2508-C-7500,0.2,0.0,0.2
2025-08-15,2025-08-15 13:03:10.500,MO2508-C-7500,0.2,0.0,0.2
2025-08-15,2025-08-15 13:03:18.000,MO2508-C-7500,0.2,0.0,0.2
2025-08-15,2025-08-15 13:03:22.000,MO2508-C-7500,0.2,0.0,0.2
2025-08-15,2025-08-15 13:03:27.500,MO2508-C-7500,0.2,0.0,0.2
2025-08-15,2025-08-15 13:03:31.500,MO2508-C-7500,0.2,0.0,0.2
2025-08-15,2025-08-15 13:03:35.000,MO2508-C-7500,0.2,0.0,0.2
2025-08-15,2025-08-15 13:03:35.500,MO2508-C-7500,0.2,0.0,0.2
2025-08-15,2025-08-15 13:03:41.500,MO2508-C-7500,0.2,0.0,0.2
2025-08-15,2025-08-15 13:04:02.000,MO2508-C-7500,0.2,0.0,0.2
2025-08-15,2025-08-15 13:04:02.500,MO2508-C-7500,0.2,0.0,0.2
2025-08-15,2025-08-15 13:04:13.000,MO2508-C-7500,0.2,0.0,0.2
2025-08-15,2025-08-15 13:04:18.500,MO2508-C-7500,0.2,0.0,0.2
2025-08-15,2025-08-15 13:04:23.500,MO2508-C-7500,0.2,0.0,0.2
2025-08-15,2025-08-15 13:04:28.000,MO2508-C-7500,0.2,0.0,0.2
2025-08-15,2025-08-15 13:05:23.000,MO2508-C-7500,0.2,0.0,0.2
2025-08-15,2025-08-15 13:05:23.500,MO2508-C-7500,0.2,0.0,0.2
2025-08-15,2025-08-15 13:05:27.000,MO2508-C-7500,0.2,0.0,0.2
2025-08-15,2025-08-15 13:05:27.500,MO2508-C-7500,0.2,0.0,0.2
2025-08-15,2025-08-15 13:05:32.000,MO2508-C-7500,0.2,0.0,0.2
2025-08-15,2025-08-15 13:05:32.500,MO2508-C-7500,0.2,0.0,0.2
2025-08-15,2025-08-15 13:05:42.500,MO2508-C-7500,0.2,0.0,0.2
2025-08-15,2025-08-15 13:05:43.000,MO2508-C-7500,0.2,0.0,0.2
2025-08-15,2025-08-15 13:05:47.500,MO2508-C-7500,0.2,0.0,0.2
2025-08-15,2025-08-15 13:05:48.500,MO2508-C-7500,0.2,0.0,0.2
2025-08-15,2025-08-15 13:06:21.000,MO2508-C-7500,0.2,0.0,0.2
2025-08-15,2025-08-15 13:06:25.500,MO2508-C-7500,0.2,0.0,0.2
2025-08-15,2025-08-15 13:06:32.500,MO2508-C-7500,0.2,0.0,0.2
2025-08-15,2025-08-15 13:06:40.500,MO2508-C-7500,0.2,0.0,0.2
2025-08-15,2025-08-15 13:06:41.000,MO2508-C-7500,0.2,0.0,0.2
2025-08-15,2025-08-15 13:06:41.500,MO2508-C-7500,0.2,0.0,0.2
2025-08-15,2025-08-15 13:06:56.500,MO2508-C-7500,0.2,0.0,0.2
2025-08-15,2025-08-15 13:06:57.000,MO2508-C-7500,0.2,0.0,0.2
2025-08-15,2025-08-15 13:06:57.500,MO2508-C-7500,0.2,0.0,0.2
2025-08-15,2025-08-15 13:06:58.000,MO2508-C-7500,0.2,0.0,0.2
2025-08-15,2025-08-15 13:07:21.000,MO2508-C-7500,0.2,0.0,0.2
2025-08-15,2025-08-15 13:07:45.000,MO2508-C-7500,0.2,0.0,0.2
2025-08-15,2025-08-15 13:07:45.500,MO2508-C-7500,0.2,0.0,0.2
2025-08-15,2025-08-15 13:07:50.000,MO2508-C-7500,0.2,0.0,0.2
2025-08-15,2025-08-15 13:07:53.000,MO2508-C-7500,0.2,0.0,0.2
2025-08-15,2025-08-15 13:08:25.000,MO2508-C-7500,0.2,0.0,0.2
2025-08-15,2025-08-15 13:08:25.500,MO2508-C-7500,0.2,0.0,0.2
2025-08-15,2025-08-15 13:10:33.500,MO2508-C-7500,0.2,0.0,0.2
2025-08-15,2025-08-15 13:10:34.500,MO2508-C-7500,0.2,0.0,0.2
2025-08-15,2025-08-15 13:10:48.500,MO2508-C-7500,0.2,0.0,0.2
2025-08-15,2025-08-15 13:10:49.500,MO2508-C-7500,0.2,0.0,0.2
2025-08-15,2025-08-15 13:10:50.000,MO2508-C-7500,0.2,0.0,0.2
2025-08-15,2025-08-15 13:10:50.500,MO2508-C-7500,0.2,0.0,0.2
2025-08-15,2025-08-15 13:11:43.000,MO2508-C-7500,0.2,0.0,0.2
2025-08-15,2025-08-15 13:11:45.000,MO2508-C-7500,0.2,0.0,0.2
2025-08-15,2025-08-15 13:12:20.500,MO2508-C-7500,0.2,0.0,0.2
2025-08-15,2025-08-15 13:12:21.000,MO2508-C-7500,0.2,0.0,0.2
2025-08-15,2025-08-15 13:12:26.000,MO2508-C-7500,0.2,0.0,0.2
2025-08-15,2025-08-15 13:12:29.000,MO2508-C-7500,0.2,0.0,0.2
2025-08-15,2025-08-15 13:12:46.000,MO2508-C-7500,0.2,0.0,0.2
2025-08-15,2025-08-15 13:12:47.000,MO2508-C-7500,0.2,0.0,0.2
2025-08-15,2025-08-15 13:13:00.000,MO2508-C-7500,0.2,0.0,0.2
2025-08-15,2025-08-15 13:13:00.500,MO2508-C-7500,0.2,0.0,0.2
2025-08-15,2025-08-15 13:14:42.000,MO2508-C-7500,0.2,0.0,0.2
2025-08-15,2025-08-15 13:14:43.500,MO2508-C-7500,0.2,0.0,0.2
2025-08-15,2025-08-15 13:14:44.000,MO2508-C-7500,0.2,0.0,0.2
2025-08-15,2025-08-15 13:14:44.500,MO2508-C-7500,0.2,0.0,0.2
2025-08-15,2025-08-15 13:14:49.500,MO2508-C-7500,0.2,0.0,0.2
2025-08-15,2025-08-15 13:14:52.000,MO2508-C-7500,0.2,0.0,0.2
2025-08-15,2025-08-15 13:14:56.500,MO2508-C-7500,0.2,0.0,0.2
2025-08-15,2025-08-15 13:14:57.000,MO2508-C-7500,0.2,0.0,0.2
2025-08-15,2025-08-15 13:15:18.500,MO2508-C-7500,0.2,0.0,0.2
2025-08-15,2025-08-15 13:15:21.000,MO2508-C-7500,0.2,0.0,0.2
2025-08-15,2025-08-15 13:16:00.500,MO2508-C-7500,0.2,0.0,0.2
2025-08-15,2025-08-15 13:16:01.000,MO2508-C-7500,0.2,0.0,0.2
2025-08-15,2025-08-15 13:18:05.000,MO2508-C-7500,0.2,0.0,0.2
2025-08-15,2025-08-15 13:18:06.500,MO2508-C-7500,0.2,0.0,0.2
2025-08-15,2025-08-15 13:18:08.000,MO2508-C-7500,0.2,0.0,0.2
2025-08-15,2025-08-15 13:18:10.000,MO2508-C-7500,0.2,0.0,0.2
2025-08-15,2025-08-15 13:18:30.000,MO2508-C-7500,0.2,0.0,0.2
2025-08-15,2025-08-15 13:18:31.500,MO2508-C-7500,0.2,0.0,0.2
2025-08-15,2025-08-15 13:19:00.500,MO2508-C-7500,0.2,0.0,0.2
2025-08-15,2025-08-15 13:19:01.500,MO2508-C-7500,0.2,0.0,0.2
2025-08-15,2025-08-15 13:21:11.000,MO2508-C-7500,0.2,0.0,0.2
2025-08-15,2025-08-15 13:21:37.500,MO2508-C-7500,0.2,0.0,0.2
2025-08-15,2025-08-15 13:21:50.500,MO2508-C-7500,0.2,0.0,0.2
2025-08-15,2025-08-15 13:21:52.500,MO2508-C-7500,0.2,0.0,0.2
2025-08-15,2025-08-15 13:22:27.500,MO2508-C-7500,0.2,0.0,0.2
2025-08-15,2025-08-15 13:22:29.500,MO2508-C-7500,0.2,0.0,0.2
2025-08-15,2025-08-15 13:23:15.500,MO2508-C-7500,0.2,0.0,0.2
2025-08-15,2025-08-15 13:23:24.000,MO2508-C-7500,0.2,0.0,0.2
2025-08-15,2025-08-15 13:23:26.000,MO2508-C-7500,0.2,0.0,0.2
2025-08-15,2025-08-15 13:23:42.000,MO2508-C-7500,0.2,0.0,0.2
2025-08-15,2025-08-15 13:23:44.500,MO2508-C-7500,0.2,0.0,0.2
2025-08-15,2025-08-15 13:23:50.000,MO2508-C-7500,0.2,0.0,0.2
2025-08-15,2025-08-15 13:23:51.500,MO2508-C-7500,0.2,0.0,0.2
2025-08-15,2025-08-15 13:23:57.500,MO2508-C-7500,0.2,0.0,0.2
2025-08-15,2025-08-15 13:23:58.000,MO2508-C-7500,0.2,0.0,0.2
2025-08-15,2025-08-15 13:25:50.000,MO2508-C-7500,0.2,0.0,0.2
2025-08-15,2025-08-15 13:25:54.000,MO2508-C-7500,0.2,0.0,0.2
2025-08-15,2025-08-15 13:26:32.000,MO2508-C-7500,0.2,0.0,0.2
2025-08-15,2025-08-15 13:26:33.000,MO2508-C-7500,0.2,0.0,0.2
2025-08-15,2025-08-15 13:26:45.500,MO2508-C-7500,0.2,0.0,0.2
2025-08-15,2025-08-15 13:26:47.500,MO2508-C-7500,0.2,0.0,0.2
2025-08-15,2025-08-15 13:26:49.500,MO2508-C-7500,0.2,0.0,0.2
2025-08-15,2025-08-15 13:26:50.000,MO2508-C-7500,0.2,0.0,0.2
2025-08-15,2025-08-15 13:27:11.000,MO2508-C-7500,0.2,0.0,0.2
2025-08-15,2025-08-15 13:27:12.000,MO2508-C-7500,0.2,0.0,0.2
2025-08-15,2025-08-15 13:27:30.000,MO2508-C-7500,0.2,0.0,0.2
2025-08-15,2025-08-15 13:27:31.000,MO2508-C-7500,0.2,0.0,0.2
2025-08-15,2025-08-15 13:27:31.500,MO2508-C-7500,0.2,0.0,0.2
2025-08-15,2025-08-15 13:27:33.000,MO2508-C-7500,0.2,0.0,0.2
2025-08-15,2025-08-15 13:27:43.500,MO2508-C-7500,0.2,0.0,0.2
2025-08-15,2025-08-15 13:27:45.000,MO2508-C-7500,0.2,0.0,0.2
2025-08-15,2025-08-15 13:27:52.000,MO2508-C-7500,0.2,0.0,0.2
2025-08-15,2025-08-15 13:27:53.000,MO2508-C-7500,0.2,0.0,0.2
2025-08-15,2025-08-15 13:28:02.000,MO2508-C-7500,0.2,0.0,0.2
2025-08-15,2025-08-15 13:28:03.000,MO2508-C-7500,0.2,0.0,0.2
2025-08-15,2025-08-15 13:28:12.000,MO2508-C-7500,0.2,0.0,0.2
2025-08-15,2025-08-15 13:28:13.000,MO2508-C-7500,0.2,0.0,0.2
2025-08-15,2025-08-15 13:28:47.000,MO2508-C-7500,0.2,0.0,0.2
2025-08-15,2025-08-15 13:28:48.000,MO2508-C-7500,0.2,0.0,0.2
2025-08-15,2025-08-15 13:30:52.500,MO2508-C-7500,0.2,0.0,0.2
2025-08-15,2025-08-15 13:30:54.000,MO2508-C-7500,0.2,0.0,0.2
2025-08-15,2025-08-15 13:30:57.000,MO2508-C-7500,0.2,0.0,0.2
2025-08-15,2025-08-15 13:31:06.500,MO2508-C-7500,0.2,0.0,0.2
2025-08-15,2025-08-15 13:31:07.000,MO2508-C-7500,0.2,0.0,0.2
2025-08-15,2025-08-15 13:31:25.000,MO2508-C-7500,0.2,0.0,0.2
2025-08-15,2025-08-15 13:31:27.000,MO2508-C-7500,0.2,0.0,0.2
2025-08-15,2025-08-15 13:31:49.000,MO2508-C-7500,0.2,0.0,0.2
2025-08-15,2025-08-15 13:31:50.000,MO2508-C-7500,0.2,0.0,0.2
2025-08-15,2025-08-15 13:31:55.000,MO2508-C-7500,0.2,0.0,0.2
2025-08-15,2025-08-15 13:31:56.000,MO2508-C-7500,0.2,0.0,0.2
2025-08-15,2025-08-15 13:32:51.000,MO2508-C-7500,0.2,0.0,0.2
2025-08-15,2025-08-15 13:32:52.500,MO2508-C-7500,0.2,0.0,0.2
2025-08-15,2025-08-15 13:33:17.500,MO2508-C-7500,0.2,0.0,0.2
2025-08-15,2025-08-15 13:33:19.500,MO2508-C-7500,0.2,0.0,0.2
2025-08-15,2025-08-15 13:33:25.500,MO2508-C-7500,0.2,0.0,0.2
2025-08-15,2025-08-15 13:33:26.500,MO2508-C-7500,0.2,0.0,0.2
2025-08-15,2025-08-15 13:33:54.000,MO2508-C-7500,0.2,0.0,0.2
2025-08-15,2025-08-15 13:33:54.500,MO2508-C-7500,0.2,0.0,0.2
2025-08-15,2025-08-15 13:34:32.500,MO2508-C-7500,0.2,0.0,0.2
2025-08-15,2025-08-15 13:34:38.000,MO2508-C-7500,0.2,0.0,0.2
2025-08-15,2025-08-15 13:34:38.500,MO2508-C-7500,0.2,0.0,0.2
2025-08-15,2025-08-15 13:34:46.000,MO2508-C-7500,0.2,0.0,0.2
2025-08-15,2025-08-15 13:35:16.000,MO2508-C-7500,0.2,0.0,0.2
2025-08-15,2025-08-15 13:35:22.500,MO2508-C-7500,0.2,0.0,0.2
2025-08-15,2025-08-15 13:35:23.000,MO2508-C-7500,0.2,0.0,0.2
2025-08-15,2025-08-15 13:35:43.500,MO2508-C-7500,0.2,0.0,0.2
2025-08-15,2025-08-15 13:36:12.500,MO2508-C-7500,0.2,0.0,0.2
2025-08-15,2025-08-15 13:36:13.000,MO2508-C-7500,0.2,0.0,0.2
2025-08-15,2025-08-15 13:37:43.000,MO2508-C-7500,0.2,0.0,0.2
2025-08-15,2025-08-15 13:37:44.500,MO2508-C-7500,0.2,0.0,0.2
2025-08-15,2025-08-15 13:38:52.000,MO2508-C-7500,0.2,0.0,0.2
2025-08-15,2025-08-15 13:39:28.000,MO2508-C-7500,0.2,0.0,0.2
2025-08-15,2025-08-15 13:39:30.000,MO2508-C-7500,0.2,0.0,0.2
2025-08-15,2025-08-15 13:39:36.000,MO2508-C-7500,0.2,0.0,0.2
2025-08-15,2025-08-15 13:39:37.000,MO2508-C-7500,0.2,0.0,0.2
2025-08-15,2025-08-15 13:39:52.000,MO2508-C-7500,0.2,0.0,0.2
2025-08-15,2025-08-15 13:39:53.000,MO2508-C-7500,0.2,0.0,0.2
2025-08-15,2025-08-15 13:40:18.000,MO2508-C-7500,0.2,0.0,0.2
2025-08-15,2025-08-15 13:40:20.000,MO2508-C-7500,0.2,0.0,0.2
2025-08-15,2025-08-15 13:40:30.000,MO2508-C-7500,0.2,0.0,0.2
2025-08-15,2025-08-15 13:40:32.000,MO2508-C-7500,0.2,0.0,0.2
2025-08-15,2025-08-15 13:40:54.000,MO2508-C-7500,0.2,0.0,0.2
2025-08-15,2025-08-15 13:40:55.000,MO2508-C-7500,0.2,0.0,0.2
2025-08-15,2025-08-15 13:41:03.000,MO2508-C-7500,0.2,0.0,0.2
2025-08-15,2025-08-15 13:41:06.000,MO2508-C-7500,0.2,0.0,0.2
2025-08-15,2025-08-15 13:42:20.000,MO2508-C-7500,0.2,0.0,0.2
2025-08-15,2025-08-15 13:42:25.000,MO2508-C-7500,0.2,0.0,0.2
2025-08-15,2025-08-15 13:43:27.500,MO2508-C-7500,0.2,0.0,0.2
2025-08-15,2025-08-15 13:43:28.000,MO2508-C-7500,0.2,0.0,0.2
2025-08-15,2025-08-15 13:43:35.500,MO2508-C-7500,0.2,0.0,0.2
2025-08-15,2025-08-15 13:43:38.000,MO2508-C-7500,0.2,0.0,0.2
2025-08-15,2025-08-15 13:43:51.000,MO2508-C-7500,0.2,0.0,0.2
2025-08-15,2025-08-15 13:43:56.000,MO2508-C-7500,0.2,0.0,0.2
2025-08-15,2025-08-15 13:44:05.000,MO2508-C-7500,0.2,0.0,0.2
2025-08-15,2025-08-15 13:44:06.000,MO2508-C-7500,0.2,0.0,0.2
2025-08-15,2025-08-15 13:44:23.000,MO2508-C-7500,0.2,0.0,0.2
2025-08-15,2025-08-15 13:44:24.000,MO2508-C-7500,0.2,0.0,0.2
2025-08-15,2025-08-15 13:45:23.000,MO2508-C-7500,0.2,0.0,0.2
2025-08-15,2025-08-15 13:45:24.000,MO2508-C-7500,0.2,0.0,0.2
2025-08-15,2025-08-15 13:45:51.000,MO2508-C-7500,0.2,0.0,0.2
2025-08-15,2025-08-15 13:45:56.000,MO2508-C-7500,0.2,0.0,0.2
2025-08-15,2025-08-15 13:46:01.000,MO2508-C-7500,0.2,0.0,0.2
2025-08-15,2025-08-15 13:46:04.000,MO2508-C-7500,0.2,0.0,0.2
2025-08-15,2025-08-15 13:47:33.000,MO2508-C-7500,0.2,0.0,0.2
2025-08-15,2025-08-15 13:47:34.000,MO2508-C-7500,0.2,0.0,0.2
2025-08-15,2025-08-15 13:47:58.500,MO2508-C-7500,0.2,0.0,0.2
2025-08-15,2025-08-15 13:47:59.500,MO2508-C-7500,0.2,0.0,0.2
2025-08-15,2025-08-15 13:48:35.000,MO2508-C-7500,0.2,0.0,0.2
2025-08-15,2025-08-15 13:48:40.000,MO2508-C-7500,0.2,0.0,0.2
2025-08-15,2025-08-15 13:51:35.500,MO2508-C-7500,0.2,0.0,0.2
2025-08-15,2025-08-15 13:52:09.500,MO2508-C-7500,0.2,0.0,0.2
2025-08-15,2025-08-15 13:52:12.000,MO2508-C-7500,0.2,0.0,0.2
2025-08-15,2025-08-15 13:52:33.000,MO2508-C-7500,0.2,0.0,0.2
2025-08-15,2025-08-15 13:52:34.500,MO2508-C-7500,0.2,0.0,0.2
2025-08-15,2025-08-15 13:53:58.000,MO2508-C-7500,0.2,0.0,0.2
2025-08-15,2025-08-15 13:56:45.000,MO2508-C-7500,0.2,0.0,0.2
2025-08-15,2025-08-15 13:56:45.500,MO2508-C-7500,0.2,0.0,0.2
2025-08-15,2025-08-15 13:57:00.500,MO2508-C-7500,0.2,0.0,0.2
2025-08-15,2025-08-15 13:57:12.500,MO2508-C-7500,0.2,0.0,0.2
2025-08-15,2025-08-15 13:57:16.000,MO2508-C-7500,0.2,0.0,0.2
2025-08-15,2025-08-15 13:57:20.000,MO2508-C-7500,0.2,0.0,0.2
2025-08-15,2025-08-15 13:59:16.500,MO2508-C-7500,0.2,0.0,0.2
2025-08-15,2025-08-15 13:59:20.500,MO2508-C-7500,0.2,0.0,0.2
2025-08-15,2025-08-15 13:59:21.000,MO2508-C-7500,0.2,0.0,0.2
2025-08-15,2025-08-15 13:59:32.500,MO2508-C-7500,0.2,0.0,0.2
2025-08-15,2025-08-15 13:59:56.500,MO2508-C-7500,0.2,0.0,0.2
2025-08-15,2025-08-15 13:59:57.000,MO2508-C-7500,0.2,0.0,0.2
2025-08-15,2025-08-15 14:00:27.000,MO2508-C-7500,0.2,0.0,0.2
2025-08-15,2025-08-15 14:00:27.500,MO2508-C-7500,0.2,0.0,0.2
2025-08-15,2025-08-15 14:00:28.500,MO2508-C-7500,0.2,0.0,0.2
2025-08-15,2025-08-15 14:01:47.000,MO2508-C-7500,0.2,0.0,0.2
2025-08-15,2025-08-15 14:01:50.000,MO2508-C-7500,0.2,0.0,0.2
2025-08-15,2025-08-15 14:06:27.000,MO2508-C-7500,0.2,0.0,0.2
2025-08-15,2025-08-15 14:06:29.000,MO2508-C-7500,0.2,0.0,0.2
2025-08-15,2025-08-15 14:06:32.000,MO2508-C-7500,0.2,0.0,0.2
2025-08-15,2025-08-15 14:06:35.000,MO2508-C-7500,0.2,0.0,0.2
2025-08-15,2025-08-15 14:06:35.500,MO2508-C-7500,0.2,0.0,0.2
2025-08-15,2025-08-15 14:06:48.500,MO2508-C-7500,0.2,0.0,0.2
2025-08-15,2025-08-15 14:06:54.500,MO2508-C-7500,0.2,0.0,0.2
2025-08-15,2025-08-15 14:06:55.500,MO2508-C-7500,0.2,0.0,0.2
2025-08-15,2025-08-15 14:07:52.500,MO2508-C-7500,0.2,0.0,0.2
2025-08-15,2025-08-15 14:08:00.000,MO2508-C-7500,0.2,0.0,0.2
2025-08-15,2025-08-15 14:08:04.000,MO2508-C-7500,0.2,0.0,0.2
2025-08-15,2025-08-15 14:08:29.500,MO2508-C-7500,0.2,0.0,0.2
2025-08-15,2025-08-15 14:08:30.500,MO2508-C-7500,0.2,0.0,0.2
2025-08-15,2025-08-15 14:10:27.000,MO2508-C-7500,0.2,0.0,0.2
2025-08-15,2025-08-15 14:10:34.000,MO2508-C-7500,0.2,0.0,0.2
2025-08-15,2025-08-15 14:11:14.000,MO2508-C-7500,0.2,0.0,0.2
2025-08-15,2025-08-15 14:11:15.000,MO2508-C-7500,0.2,0.0,0.2
2025-08-15,2025-08-15 14:11:47.500,MO2508-C-7500,0.2,0.0,0.2
2025-08-15,2025-08-15 14:11:48.500,MO2508-C-7500,0.2,0.0,0.2
2025-08-15,2025-08-15 14:12:15.500,MO2508-C-7500,0.2,0.0,0.2
2025-08-15,2025-08-15 14:12:36.000,MO2508-C-7500,0.2,0.0,0.2
2025-08-15,2025-08-15 14:13:57.000,MO2508-C-7500,0.2,0.0,0.2
2025-08-15,2025-08-15 14:14:00.000,MO2508-C-7500,0.2,0.0,0.2
2025-08-15,2025-08-15 14:14:24.500,MO2508-C-7500,0.2,0.0,0.2
2025-08-15,2025-08-15 14:15:18.000,MO2508-C-7500,0.2,0.0,0.2
2025-08-15,2025-08-15 14:15:18.500,MO2508-C-7500,0.2,0.0,0.2
2025-08-15,2025-08-15 14:15:26.500,MO2508-C-7500,0.2,0.0,0.2
2025-08-15,2025-08-15 14:15:27.500,MO2508-C-7500,0.2,0.0,0.2
2025-08-15,2025-08-15 14:15:28.000,MO2508-C-7500,0.2,0.0,0.2
2025-08-15,2025-08-15 14:15:28.500,MO2508-C-7500,0.2,0.0,0.2
2025-08-15,2025-08-15 14:15:51.500,MO2508-C-7500,0.2,0.0,0.2
2025-08-15,2025-08-15 14:16:27.000,MO2508-C-7500,0.2,0.0,0.2
2025-08-15,2025-08-15 14:16:27.500,MO2508-C-7500,0.2,0.0,0.2
2025-08-15,2025-08-15 14:17:05.000,MO2508-C-7500,0.2,0.0,0.2
2025-08-15,2025-08-15 14:17:27.500,MO2508-C-7500,0.2,0.0,0.2
2025-08-15,2025-08-15 14:17:52.500,MO2508-C-7500,0.2,0.0,0.2
2025-08-15,2025-08-15 14:18:00.000,MO2508-C-7500,0.2,0.0,0.2
2025-08-15,2025-08-15 14:18:01.000,MO2508-C-7500,0.2,0.0,0.2
2025-08-15,2025-08-15 14:19:55.500,MO2508-C-7500,0.2,0.0,0.2
2025-08-15,2025-08-15 14:20:56.500,MO2508-C-7500,0.2,0.0,0.2
2025-08-15,2025-08-15 14:20:57.500,MO2508-C-7500,0.2,0.0,0.2
2025-08-15,2025-08-15 14:22:56.500,MO2508-C-7500,0.2,0.0,0.2
2025-08-15,2025-08-15 14:25:07.500,MO2508-C-7500,0.2,0.0,0.2
2025-08-15,2025-08-15 14:25:18.000,MO2508-C-7500,0.2,0.0,0.2
2025-08-15,2025-08-15 14:25:33.000,MO2508-C-7500,0.2,0.0,0.2
2025-08-15,2025-08-15 14:26:31.000,MO2508-C-7500,0.2,0.0,0.2
2025-08-15,2025-08-15 14:26:37.000,MO2508-C-7500,0.2,0.0,0.2
2025-08-15,2025-08-15 14:26:41.500,MO2508-C-7500,0.2,0.0,0.2
2025-08-15,2025-08-15 14:26:49.500,MO2508-C-7500,0.2,0.0,0.2
2025-08-15,2025-08-15 14:26:53.000,MO2508-C-7500,0.2,0.0,0.2
2025-08-15,2025-08-15 14:26:53.500,MO2508-C-7500,0.2,0.0,0.2
2025-08-15,2025-08-15 14:26:55.000,MO2508-C-7500,0.2,0.0,0.2
2025-08-15,2025-08-15 14:26:55.500,MO2508-C-7500,0.2,0.0,0.2
2025-08-15,2025-08-15 14:26:56.000,MO2508-C-7500,0.2,0.0,0.2
2025-08-15,2025-08-15 14:26:56.500,MO2508-C-7500,0.2,0.0,0.2
2025-08-15,2025-08-15 14:26:57.000,MO2508-C-7500,0.2,0.0,0.2
2025-08-15,2025-08-15 14:26:57.500,MO2508-C-7500,0.2,0.0,0.2
2025-08-15,2025-08-15 14:26:58.000,MO2508-C-7500,0.2,0.0,0.2
2025-08-15,2025-08-15 14:26:58.500,MO2508-C-7500,0.2,0.0,0.2
2025-08-15,2025-08-15 14:26:59.500,MO2508-C-7500,0.2,0.0,0.2
2025-08-15,2025-08-15 14:27:00.000,MO2508-C-7500,0.2,0.0,0.2
2025-08-15,2025-08-15 14:27:01.000,MO2508-C-7500,0.2,0.0,0.2
2025-08-15,2025-08-15 14:27:01.500,MO2508-C-7500,0.2,0.0,0.2
2025-08-15,2025-08-15 14:27:04.000,MO2508-C-7500,0.2,0.0,0.2
2025-08-15,2025-08-15 14:27:04.500,MO2508-C-7500,0.2,0.0,0.2
2025-08-15,2025-08-15 14:27:05.000,MO2508-C-7500,0.2,0.0,0.2
2025-08-15,2025-08-15 14:27:05.500,MO2508-C-7500,0.2,0.0,0.2
2025-08-15,2025-08-15 14:27:07.500,MO2508-C-7500,0.2,0.0,0.2
2025-08-15,2025-08-15 14:27:08.000,MO2508-C-7500,0.2,0.0,0.2
2025-08-15,2025-08-15 14:27:10.500,MO2508-C-7500,0.2,0.0,0.2
2025-08-15,2025-08-15 14:27:11.000,MO2508-C-7500,0.2,0.0,0.2
2025-08-15,2025-08-15 14:27:12.500,MO2508-C-7500,0.2,0.0,0.2
2025-08-15,2025-08-15 14:27:13.500,MO2508-C-7500,0.2,0.0,0.2
2025-08-15,2025-08-15 14:27:14.000,MO2508-C-7500,0.2,0.0,0.2
2025-08-15,2025-08-15 14:27:14.500,MO2508-C-7500,0.2,0.0,0.2
2025-08-15,2025-08-15 14:27:15.000,MO2508-C-7500,0.2,0.0,0.2
2025-08-15,2025-08-15 14:27:15.500,MO2508-C-7500,0.2,0.0,0.2
2025-08-15,2025-08-15 14:27:16.000,MO2508-C-7500,0.2,0.0,0.2
2025-08-15,2025-08-15 14:27:17.000,MO2508-C-7500,0.2,0.0,0.2
2025-08-15,2025-08-15 14:27:17.500,MO2508-C-7500,0.2,0.0,0.2
2025-08-15,2025-08-15 14:27:18.000,MO2508-C-7500,0.2,0.0,0.2
2025-08-15,2025-08-15 14:27:19.500,MO2508-C-7500,0.2,0.0,0.2
2025-08-15,2025-08-15 14:27:20.000,MO2508-C-7500,0.2,0.0,0.2
2025-08-15,2025-08-15 14:27:21.000,MO2508-C-7500,0.2,0.0,0.2
2025-08-15,2025-08-15 14:27:21.500,MO2508-C-7500,0.2,0.0,0.2
2025-08-15,2025-08-15 14:27:22.000,MO2508-C-7500,0.2,0.0,0.2
2025-08-15,2025-08-15 14:27:22.500,MO2508-C-7500,0.2,0.0,0.2
2025-08-15,2025-08-15 14:27:23.500,MO2508-C-7500,0.2,0.0,0.2
2025-08-15,2025-08-15 14:27:24.000,MO2508-C-7500,0.2,0.0,0.2
2025-08-15,2025-08-15 14:27:24.500,MO2508-C-7500,0.2,0.0,0.2
2025-08-15,2025-08-15 14:27:25.000,MO2508-C-7500,0.2,0.0,0.2
2025-08-15,2025-08-15 14:27:25.500,MO2508-C-7500,0.2,0.0,0.2
2025-08-15,2025-08-15 14:27:26.000,MO2508-C-7500,0.2,0.0,0.2
2025-08-15,2025-08-15 14:27:26.500,MO2508-C-7500,0.2,0.0,0.2
2025-08-15,2025-08-15 14:27:27.500,MO2508-C-7500,0.2,0.0,0.2
2025-08-15,2025-08-15 14:27:28.500,MO2508-C-7500,0.2,0.0,0.2
2025-08-15,2025-08-15 14:27:29.000,MO2508-C-7500,0.2,0.0,0.2
2025-08-15,2025-08-15 14:27:30.000,MO2508-C-7500,0.2,0.0,0.2
2025-08-15,2025-08-15 14:27:31.500,MO2508-C-7500,0.2,0.0,0.2
2025-08-15,2025-08-15 14:27:32.500,MO2508-C-7500,0.2,0.0,0.2
2025-08-15,2025-08-15 14:27:34.500,MO2508-C-7500,0.2,0.0,0.2
2025-08-15,2025-08-15 14:27:35.500,MO2508-C-7500,0.2,0.0,0.2
2025-08-15,2025-08-15 14:27:36.500,MO2508-C-7500,0.2,0.0,0.2
2025-08-15,2025-08-15 14:27:37.000,MO2508-C-7500,0.2,0.0,0.2
2025-08-15,2025-08-15 14:27:37.500,MO2508-C-7500,0.2,0.0,0.2
2025-08-15,2025-08-15 14:27:38.000,MO2508-C-7500,0.2,0.0,0.2
2025-08-15,2025-08-15 14:27:38.500,MO2508-C-7500,0.2,0.0,0.2
2025-08-15,2025-08-15 14:27:39.000,MO2508-C-7500,0.2,0.0,0.2
2025-08-15,2025-08-15 14:27:40.000,MO2508-C-7500,0.2,0.0,0.2
2025-08-15,2025-08-15 14:27:40.500,MO2508-C-7500,0.2,0.0,0.2
2025-08-15,2025-08-15 14:27:41.000,MO2508-C-7500,0.2,0.0,0.2
2025-08-15,2025-08-15 14:27:41.500,MO2508-C-7500,0.2,0.0,0.2
2025-08-15,2025-08-15 14:27:42.500,MO2508-C-7500,0.2,0.0,0.2
2025-08-15,2025-08-15 14:27:43.000,MO2508-C-7500,0.2,0.0,0.2
2025-08-15,2025-08-15 14:27:45.000,MO2508-C-7500,0.2,0.0,0.2
2025-08-15,2025-08-15 14:27:45.500,MO2508-C-7500,0.2,0.0,0.2
2025-08-15,2025-08-15 14:27:46.500,MO2508-C-7500,0.2,0.0,0.2
2025-08-15,2025-08-15 14:27:47.500,MO2508-C-7500,0.2,0.0,0.2
2025-08-15,2025-08-15 14:27:50.500,MO2508-C-7500,0.2,0.0,0.2
2025-08-15,2025-08-15 14:27:51.000,MO2508-C-7500,0.2,0.0,0.2
2025-08-15,2025-08-15 14:27:52.000,MO2508-C-7500,0.2,0.0,0.2
2025-08-15,2025-08-15 14:27:53.500,MO2508-C-7500,0.2,0.0,0.2
2025-08-15,2025-08-15 14:27:55.500,MO2508-C-7500,0.2,0.0,0.2
2025-08-15,2025-08-15 14:27:56.000,MO2508-C-7500,0.2,0.0,0.2
2025-08-15,2025-08-15 14:27:56.500,MO2508-C-7500,0.2,0.0,0.2
2025-08-15,2025-08-15 14:28:00.500,MO2508-C-7500,0.2,0.0,0.2
2025-08-15,2025-08-15 14:28:02.000,MO2508-C-7500,0.2,0.0,0.2
2025-08-15,2025-08-15 14:28:05.500,MO2508-C-7500,0.2,0.0,0.2
2025-08-15,2025-08-15 14:28:06.000,MO2508-C-7500,0.2,0.0,0.2
2025-08-15,2025-08-15 14:28:07.000,MO2508-C-7500,0.2,0.0,0.2
2025-08-15,2025-08-15 14:28:10.000,MO2508-C-7500,0.2,0.0,0.2
2025-08-15,2025-08-15 14:28:12.000,MO2508-C-7500,0.2,0.0,0.2
2025-08-15,2025-08-15 14:28:13.000,MO2508-C-7500,0.2,0.0,0.2
2025-08-15,2025-08-15 14:28:13.500,MO2508-C-7500,0.2,0.0,0.2
2025-08-15,2025-08-15 14:28:14.500,MO2508-C-7500,0.2,0.0,0.2
2025-08-15,2025-08-15 14:28:16.500,MO2508-C-7500,0.2,0.0,0.2
2025-08-15,2025-08-15 14:28:17.000,MO2508-C-7500,0.2,0.0,0.2
2025-08-15,2025-08-15 14:28:17.500,MO2508-C-7500,0.2,0.0,0.2
2025-08-15,2025-08-15 14:28:19.000,MO2508-C-7500,0.2,0.0,0.2
2025-08-15,2025-08-15 14:28:20.000,MO2508-C-7500,0.2,0.0,0.2
2025-08-15,2025-08-15 14:28:24.500,MO2508-C-7500,0.2,0.0,0.2
2025-08-15,2025-08-15 14:28:25.000,MO2508-C-7500,0.2,0.0,0.2
2025-08-15,2025-08-15 14:28:27.500,MO2508-C-7500,0.2,0.0,0.2
2025-08-15,2025-08-15 14:28:31.000,MO2508-C-7500,0.2,0.0,0.2
2025-08-15,2025-08-15 14:28:31.500,MO2508-C-7500,0.2,0.0,0.2
2025-08-15,2025-08-15 14:28:33.500,MO2508-C-7500,0.2,0.0,0.2
2025-08-15,2025-08-15 14:28:36.500,MO2508-C-7500,0.2,0.0,0.2
2025-08-15,2025-08-15 14:28:41.000,MO2508-C-7500,0.2,0.0,0.2
2025-08-15,2025-08-15 14:28:41.500,MO2508-C-7500,0.2,0.0,0.2
2025-08-15,2025-08-15 14:28:44.000,MO2508-C-7500,0.2,0.0,0.2
2025-08-15,2025-08-15 14:28:46.000,MO2508-C-7500,0.2,0.0,0.2
2025-08-15,2025-08-15 14:29:01.000,MO2508-C-7500,0.2,0.0,0.2
2025-08-15,2025-08-15 14:29:01.500,MO2508-C-7500,0.2,0.0,0.2
2025-08-15,2025-08-15 14:29:06.500,MO2508-C-7500,0.2,0.0,0.2
2025-08-15,2025-08-15 14:29:08.000,MO2508-C-7500,0.2,0.0,0.2
2025-08-15,2025-08-15 14:29:11.500,MO2508-C-7500,0.2,0.0,0.2
2025-08-15,2025-08-15 14:29:13.000,MO2508-C-7500,0.2,0.0,0.2
2025-08-15,2025-08-15 14:29:19.500,MO2508-C-7500,0.2,0.0,0.2
2025-08-15,2025-08-15 14:29:22.000,MO2508-C-7500,0.2,0.0,0.2
2025-08-15,2025-08-15 14:29:24.000,MO2508-C-7500,0.2,0.0,0.2
2025-08-15,2025-08-15 14:29:26.500,MO2508-C-7500,0.2,0.0,0.2
2025-08-15,2025-08-15 14:29:27.500,MO2508-C-7500,0.2,0.0,0.2
2025-08-15,2025-08-15 14:29:28.000,MO2508-C-7500,0.2,0.0,0.2
2025-08-15,2025-08-15 14:29:28.500,MO2508-C-7500,0.2,0.0,0.2
2025-08-15,2025-08-15 14:29:29.000,MO2508-C-7500,0.2,0.0,0.2
2025-08-15,2025-08-15 14:29:33.000,MO2508-C-7500,0.2,0.0,0.2
2025-08-15,2025-08-15 14:29:35.500,MO2508-C-7500,0.2,0.0,0.2
2025-08-15,2025-08-15 14:29:36.000,MO2508-C-7500,0.2,0.0,0.2
2025-08-15,2025-08-15 14:29:36.500,MO2508-C-7500,0.2,0.0,0.2
2025-08-15,2025-08-15 14:29:38.000,MO2508-C-7500,0.2,0.0,0.2
2025-08-15,2025-08-15 14:29:38.500,MO2508-C-7500,0.2,0.0,0.2
2025-08-15,2025-08-15 14:29:39.000,MO2508-C-7500,0.2,0.0,0.2
2025-08-15,2025-08-15 14:29:39.500,MO2508-C-7500,0.2,0.0,0.2
2025-08-15,2025-08-15 14:29:40.000,MO2508-C-7500,0.2,0.0,0.2
2025-08-15,2025-08-15 14:29:40.500,MO2508-C-7500,0.2,0.0,0.2
2025-08-15,2025-08-15 14:29:41.000,MO2508-C-7500,0.2,0.0,0.2
2025-08-15,2025-08-15 14:29:41.500,MO2508-C-7500,0.2,0.0,0.2
2025-08-15,2025-08-15 14:29:42.000,MO2508-C-7500,0.2,0.0,0.2
2025-08-15,2025-08-15 14:29:42.500,MO2508-C-7500,0.2,0.0,0.2
2025-08-15,2025-08-15 14:29:43.000,MO2508-C-7500,0.2,0.0,0.2
2025-08-15,2025-08-15 14:29:54.000,MO2508-C-7500,0.2,0.0,0.2
2025-08-15,2025-08-15 14:29:54.500,MO2508-C-7500,0.2,0.0,0.2
2025-08-15,2025-08-15 14:29:58.500,MO2508-C-7500,0.2,0.0,0.2
2025-08-15,2025-08-15 14:29:59.000,MO2508-C-7500,0.2,0.0,0.2
2025-08-15,2025-08-15 14:29:59.500,MO2508-C-7500,0.2,0.0,0.2
2025-08-15,2025-08-15 14:30:00.000,MO2508-C-7500,0.2,0.0,0.2
2025-08-15,2025-08-15 14:30:00.500,MO2508-C-7500,0.2,0.0,0.2
2025-08-15,2025-08-15 14:30:10.000,MO2508-C-7500,0.2,0.0,0.2
2025-08-15,2025-08-15 14:30:34.000,MO2508-C-7500,0.2,0.0,0.2
2025-08-15,2025-08-15 14:30:46.000,MO2508-C-7500,0.2,0.0,0.2
2025-08-15,2025-08-15 14:31:05.000,MO2508-C-7500,0.2,0.0,0.2
2025-08-15,2025-08-15 14:31:07.000,MO2508-C-7500,0.2,0.0,0.2
2025-08-15,2025-08-15 14:31:25.000,MO2508-C-7500,0.2,0.0,0.2
2025-08-15,2025-08-15 14:31:26.000,MO2508-C-7500,0.2,0.0,0.2
2025-08-15,2025-08-15 14:31:39.500,MO2508-C-7500,0.2,0.0,0.2
2025-08-15,2025-08-15 14:31:49.500,MO2508-C-7500,0.2,0.0,0.2
2025-08-15,2025-08-15 14:31:51.000,MO2508-C-7500,0.2,0.0,0.2
2025-08-15,2025-08-15 14:32:13.000,MO2508-C-7500,0.2,0.0,0.2
2025-08-15,2025-08-15 14:32:14.000,MO2508-C-7500,0.2,0.0,0.2
2025-08-15,2025-08-15 14:32:44.000,MO2508-C-7500,0.2,0.0,0.2
2025-08-15,2025-08-15 14:32:46.000,MO2508-C-7500,0.2,0.0,0.2
2025-08-15,2025-08-15 14:33:35.000,MO2508-C-7500,0.2,0.0,0.2
2025-08-15,2025-08-15 14:33:42.000,MO2508-C-7500,0.2,0.0,0.2
2025-08-15,2025-08-15 14:33:54.000,MO2508-C-7500,0.2,0.0,0.2
2025-08-15,2025-08-15 14:33:58.000,MO2508-C-7500,0.2,0.0,0.2
2025-08-15,2025-08-15 14:34:01.000,MO2508-C-7500,0.2,0.0,0.2
2025-08-15,2025-08-15 14:34:08.000,MO2508-C-7500,0.2,0.0,0.2
2025-08-15,2025-08-15 14:34:15.500,MO2508-C-7500,0.2,0.0,0.2
2025-08-15,2025-08-15 14:34:16.500,MO2508-C-7500,0.2,0.0,0.2
2025-08-15,2025-08-15 14:34:22.500,MO2508-C-7500,0.2,0.0,0.2
2025-08-15,2025-08-15 14:34:23.500,MO2508-C-7500,0.2,0.0,0.2
2025-08-15,2025-08-15 14:34:24.000,MO2508-C-7500,0.2,0.0,0.2
2025-08-15,2025-08-15 14:34:26.500,MO2508-C-7500,0.2,0.0,0.2
2025-08-15,2025-08-15 14:34:28.000,MO2508-C-7500,0.2,0.0,0.2
2025-08-15,2025-08-15 14:34:30.000,MO2508-C-7500,0.2,0.0,0.2
2025-08-15,2025-08-15 14:34:32.500,MO2508-C-7500,0.2,0.0,0.2
2025-08-15,2025-08-15 14:34:37.000,MO2508-C-7500,0.2,0.0,0.2
2025-08-15,2025-08-15 14:34:38.000,MO2508-C-7500,0.2,0.0,0.2
2025-08-15,2025-08-15 14:34:44.000,MO2508-C-7500,0.2,0.0,0.2
2025-08-15,2025-08-15 14:34:50.000,MO2508-C-7500,0.2,0.0,0.2
2025-08-15,2025-08-15 14:34:55.000,MO2508-C-7500,0.2,0.0,0.2
2025-08-15,2025-08-15 14:34:56.500,MO2508-C-7500,0.2,0.0,0.2
2025-08-15,2025-08-15 14:35:01.500,MO2508-C-7500,0.2,0.0,0.2
2025-08-15,2025-08-15 14:35:02.000,MO2508-C-7500,0.2,0.0,0.2
2025-08-15,2025-08-15 14:35:12.000,MO2508-C-7500,0.2,0.0,0.2
2025-08-15,2025-08-15 14:35:14.000,MO2508-C-7500,0.2,0.0,0.2
2025-08-15,2025-08-15 14:35:17.500,MO2508-C-7500,0.2,0.0,0.2
2025-08-15,2025-08-15 14:35:34.000,MO2508-C-7500,0.2,0.0,0.2
2025-08-15,2025-08-15 14:35:41.000,MO2508-C-7500,0.2,0.0,0.2
2025-08-15,2025-08-15 14:35:55.000,MO2508-C-7500,0.2,0.0,0.2
2025-08-15,2025-08-15 14:36:23.000,MO2508-C-7500,0.2,0.0,0.2
2025-08-15,2025-08-15 14:36:29.000,MO2508-C-7500,0.2,0.0,0.2
2025-08-15,2025-08-15 14:36:34.500,MO2508-C-7500,0.2,0.0,0.2
2025-08-15,2025-08-15 14:36:54.500,MO2508-C-7500,0.2,0.0,0.2
2025-08-15,2025-08-15 14:37:06.500,MO2508-C-7500,0.2,0.0,0.2
2025-08-15,2025-08-15 14:37:10.500,MO2508-C-7500,0.2,0.0,0.2
2025-08-15,2025-08-15 14:37:26.500,MO2508-C-7500,0.2,0.0,0.2
2025-08-15,2025-08-15 14:37:36.500,MO2508-C-7500,0.2,0.0,0.2
2025-08-15,2025-08-15 14:38:00.000,MO2508-C-7500,0.2,0.0,0.2
2025-08-15,2025-08-15 14:38:03.000,MO2508-C-7500,0.2,0.0,0.2
2025-08-15,2025-08-15 14:38:41.000,MO2508-C-7500,0.2,0.0,0.2
2025-08-15,2025-08-15 14:38:48.000,MO2508-C-7500,0.2,0.0,0.2
2025-08-15,2025-08-15 14:39:32.000,MO2508-C-7500,0.2,0.0,0.2
2025-08-15,2025-08-15 14:39:36.000,MO2508-C-7500,0.2,0.0,0.2
2025-08-15,2025-08-15 14:40:22.000,MO2508-C-7500,0.2,0.0,0.2
2025-08-15,2025-08-15 14:40:28.000,MO2508-C-7500,0.2,0.0,0.2
2025-08-15,2025-08-15 14:40:40.500,MO2508-C-7500,0.2,0.0,0.2
2025-08-15,2025-08-15 14:40:57.000,MO2508-C-7500,0.2,0.0,0.2
2025-08-15,2025-08-15 14:41:00.500,MO2508-C-7500,0.2,0.0,0.2
2025-08-15,2025-08-15 14:41:02.500,MO2508-C-7500,0.2,0.0,0.2
2025-08-15,2025-08-15 14:41:03.000,MO2508-C-7500,0.2,0.0,0.2
2025-08-15,2025-08-15 14:41:11.000,MO2508-C-7500,0.2,0.0,0.2
2025-08-15,2025-08-15 14:41:11.500,MO2508-C-7500,0.2,0.0,0.2
2025-08-15,2025-08-15 14:41:18.000,MO2508-C-7500,0.2,0.0,0.2
2025-08-15,2025-08-15 14:41:21.000,MO2508-C-7500,0.2,0.0,0.2
2025-08-15,2025-08-15 14:41:22.500,MO2508-C-7500,0.2,0.0,0.2
2025-08-15,2025-08-15 14:41:34.000,MO2508-C-7500,0.2,0.0,0.2
2025-08-15,2025-08-15 14:41:39.500,MO2508-C-7500,0.2,0.0,0.2
2025-08-15,2025-08-15 14:41:44.000,MO2508-C-7500,0.2,0.0,0.2
2025-08-15,2025-08-15 14:41:47.500,MO2508-C-7500,0.2,0.0,0.2
2025-08-15,2025-08-15 14:41:49.000,MO2508-C-7500,0.2,0.0,0.2
2025-08-15,2025-08-15 14:41:51.000,MO2508-C-7500,0.2,0.0,0.2
2025-08-15,2025-08-15 14:42:10.000,MO2508-C-7500,0.2,0.0,0.2
2025-08-15,2025-08-15 14:42:18.000,MO2508-C-7500,0.2,0.0,0.2
2025-08-15,2025-08-15 14:42:23.000,MO2508-C-7500,0.2,0.0,0.2
2025-08-15,2025-08-15 14:42:24.000,MO2508-C-7500,0.2,0.0,0.2
2025-08-15,2025-08-15 14:42:36.000,MO2508-C-7500,0.2,0.0,0.2
2025-08-15,2025-08-15 14:42:47.000,MO2508-C-7500,0.2,0.0,0.2
2025-08-15,2025-08-15 14:42:54.000,MO2508-C-7500,0.2,0.0,0.2
2025-08-15,2025-08-15 14:43:01.000,MO2508-C-7500,0.2,0.0,0.2
2025-08-15,2025-08-15 14:43:06.000,MO2508-C-7500,0.2,0.0,0.2
2025-08-15,2025-08-15 14:43:12.000,MO2508-C-7500,0.2,0.0,0.2
2025-08-15,2025-08-15 14:43:14.000,MO2508-C-7500,0.2,0.0,0.2
2025-08-15,2025-08-15 14:43:15.000,MO2508-C-7500,0.2,0.0,0.2
2025-08-15,2025-08-15 14:43:20.000,MO2508-C-7500,0.2,0.0,0.2
2025-08-15,2025-08-15 14:43:44.000,MO2508-C-7500,0.2,0.0,0.2
2025-08-15,2025-08-15 14:43:47.000,MO2508-C-7500,0.2,0.0,0.2
2025-08-15,2025-08-15 14:43:56.000,MO2508-C-7500,0.2,0.0,0.2
2025-08-15,2025-08-15 14:43:59.000,MO2508-C-7500,0.2,0.0,0.2
2025-08-15,2025-08-15 14:44:20.000,MO2508-C-7500,0.2,0.0,0.2
2025-08-15,2025-08-15 14:44:29.000,MO2508-C-7500,0.2,0.0,0.2
2025-08-15,2025-08-15 14:44:48.500,MO2508-C-7500,0.2,0.0,0.2
2025-08-15,2025-08-15 14:44:55.000,MO2508-C-7500,0.2,0.0,0.2
2025-08-15,2025-08-15 14:44:58.000,MO2508-C-7500,0.2,0.0,0.2
2025-08-15,2025-08-15 14:45:13.000,MO2508-C-7500,0.2,0.0,0.2
2025-08-15,2025-08-15 14:45:14.000,MO2508-C-7500,0.2,0.0,0.2
2025-08-15,2025-08-15 14:45:34.000,MO2508-C-7500,0.2,0.0,0.2
2025-08-15,2025-08-15 14:45:35.000,MO2508-C-7500,0.2,0.0,0.2
2025-08-15,2025-08-15 14:45:40.000,MO2508-C-7500,0.2,0.0,0.2
2025-08-15,2025-08-15 14:45:43.000,MO2508-C-7500,0.2,0.0,0.2
2025-08-15,2025-08-15 14:45:48.000,MO2508-C-7500,0.2,0.0,0.2
2025-08-15,2025-08-15 14:45:50.000,MO2508-C-7500,0.2,0.0,0.2
2025-08-15,2025-08-15 14:46:13.000,MO2508-C-7500,0.2,0.0,0.2
2025-08-15,2025-08-15 14:46:17.000,MO2508-C-7500,0.2,0.0,0.2
2025-08-15,2025-08-15 14:46:36.000,MO2508-C-7500,0.2,0.0,0.2
2025-08-15,2025-08-15 14:46:38.000,MO2508-C-7500,0.2,0.0,0.2
2025-08-15,2025-08-15 14:47:08.000,MO2508-C-7500,0.2,0.0,0.2
2025-08-15,2025-08-15 14:47:11.000,MO2508-C-7500,0.2,0.0,0.2
2025-08-15,2025-08-15 14:47:23.000,MO2508-C-7500,0.2,0.0,0.2
2025-08-15,2025-08-15 14:47:25.000,MO2508-C-7500,0.2,0.0,0.2
2025-08-15,2025-08-15 14:48:43.000,MO2508-C-7500,0.2,0.0,0.2
2025-08-15,2025-08-15 14:48:48.000,MO2508-C-7500,0.2,0.0,0.2
2025-08-15,2025-08-15 14:50:56.000,MO2508-C-7500,0.2,0.0,0.2
2025-08-15,2025-08-15 14:51:02.000,MO2508-C-7500,0.2,0.0,0.2
2025-08-15,2025-08-15 14:52:38.000,MO2508-C-7500,0.2,0.0,0.2
2025-08-15,2025-08-15 14:52:41.000,MO2508-C-7500,0.2,0.0,0.2
2025-08-15,2025-08-15 14:54:51.000,MO2508-C-7500,0.2,0.0,0.2
2025-08-15,2025-08-15 14:55:03.000,MO2508-C-7500,0.2,0.0,0.2
2025-08-15,2025-08-15 14:55:03.500,MO2508-C-7500,0.2,0.0,0.2
2025-08-15,2025-08-15 14:55:17.000,MO2508-C-7500,0.2,0.0,0.2
2025-08-15,2025-08-15 14:55:31.000,MO2508-C-7500,0.2,0.0,0.2
2025-08-15,2025-08-15 14:55:32.000,MO2508-C-7500,0.2,0.0,0.2
2025-08-15,2025-08-15 14:56:30.000,MO2508-C-7500,0.2,0.0,0.2
2025-08-15,2025-08-15 14:56:59.000,MO2508-C-7500,0.2,0.0,0.2
2025-08-15,2025-08-15 15:00:00.000,MO2508-C-7500,0.2,0.0,0.2
2025-08-15,2025-08-15 15:30:19.500,MO2508-C-7500,0.2,0.0,0.2
2025-08-15,2025-08-15 15:42:30.500,MO2508-C-7500,0.2,0.0,0.2
